{
"metadata": {
    "version": {
        "essentia": "2.1-beta6-dev",
        "essentia_git_sha": "v2.1_beta5-1177-g1d1cc983",
        "extractor": "music 2.0"
    },
    "audio_properties": {
        "analysis": {
            "equal_loudness": 0,
            "length": 207,
            "sample_rate": 44100,
            "start_time": 0,
            "downmix": "mix"
        },
        "bit_rate": 1411200,
        "length": 207,
        "lossless": 1,
        "number_channels": 2,
        "replay_gain": -14.6745567322,
        "sample_rate": 44100,
        "codec": "pcm_s16le",
        "md5_encoded": "a041f93fc6fc8688a0ec86629fd9708b"
    },
    "tags": {
        "file_name": "07 - All Get Out - Now You Got It.wav",
        "album": ["Nobody Likes A Quitter"],
        "albumartist": ["All Get Out"],
        "artist": ["All Get Out"],
        "composer": ["Nathan Hussey"],
        "copyright": ["2016 Bad Timing Records and Many Hats Distribution 2016 Bad Timing Records and Many Hats Distribution"],
        "date": ["2016"],
        "discnumber": ["1"],
        "disctotal": ["1"],
        "genre": ["Alternative & Indie"],
        "isrc": ["QM87M1604207"],
        "title": ["Now You Got It"],
        "tracknumber": ["7"],
        "tracktotal": ["10"]
    }
},
"lowlevel": {
    "average_loudness": 0.923286020756,
    "barkbands_crest": {
        "mean": 13.4127187729
    },
    "barkbands_flatness_db": {
        "mean": 0.182872131467
    },
    "barkbands_kurtosis": {
        "mean": 11.903799057
    },
    "barkbands_skewness": {
        "mean": 2.55099225044
    },
    "barkbands_spread": {
        "mean": 15.2674789429
    },
    "dissonance": {
        "mean": 0.456607758999
    },
    "dynamic_complexity": 3.39146351814,
    "erbbands_crest": {
        "mean": 8.96978092194
    },
    "erbbands_flatness_db": {
        "mean": 0.151026949286
    },
    "erbbands_kurtosis": {
        "mean": 0.574393510818
    },
    "erbbands_skewness": {
        "mean": 0.500894963741
    },
    "erbbands_spread": {
        "mean": 42.8311920166
    },
    "hfc": {
        "mean": 16.5842819214
    },
    "loudness_ebu128": {
        "integrated": -7.28927230835,
        "loudness_range": 2.21633625031,
        "momentary": {
            "mean": -8.91596412659
        },
        "short_term": {
            "mean": -8.15375709534
        }
    },
    "melbands_crest": {
        "mean": 15.9320936203
    },
    "melbands_flatness_db": {
        "mean": 0.278737425804
    },
    "melbands_kurtosis": {
        "mean": 33.7888832092
    },
    "melbands_skewness": {
        "mean": 3.9068672657
    },
    "melbands_spread": {
        "mean": 12.1103105545
    },
    "pitch_salience": {
        "mean": 0.482898771763
    },
    "silence_rate_20dB": {
        "mean": 1
    },
    "silence_rate_30dB": {
        "mean": 0.957043528557
    },
    "silence_rate_60dB": {
        "mean": 0.0289367437363
    },
    "spectral_centroid": {
        "mean": 871.868652344
    },
    "spectral_complexity": {
        "mean": 15.3835802078
    },
    "spectral_decrease": {
        "mean": -1.16662191019e-08
    },
    "spectral_energy": {
        "mean": 0.0455353371799
    },
    "spectral_energyband_high": {
        "mean": 0.000526394753251
    },
    "spectral_energyband_low": {
        "mean": 0.0273350160569
    },
    "spectral_energyband_middle_high": {
        "mean": 0.00398646760732
    },
    "spectral_energyband_middle_low": {
        "mean": 0.0157252252102
    },
    "spectral_entropy": {
        "mean": 7.28371334076
    },
    "spectral_flux": {
        "mean": 0.0886577889323
    },
    "spectral_kurtosis": {
        "mean": 6.69418621063
    },
    "spectral_rms": {
        "mean": 0.00628577405587
    },
    "spectral_rolloff": {
        "mean": 935.909057617
    },
    "spectral_skewness": {
        "mean": 1.9371111393
    },
    "spectral_spread": {
        "mean": 4686897
    },
    "spectral_strongpeak": {
        "mean": 0.638300597668
    },
    "zerocrossingrate": {
        "mean": 0.036983910948
    },
    "barkbands": {
        "mean": [0.000643164443318, 0.020880240947, 0.00388934696093, 0.00376396719366, 0.00565317412838, 0.00255200848915, 0.00165424158331, 0.00105475785676, 0.000821630237624, 0.000860526866745, 0.00106187339406, 0.000252849567914, 0.000203439383768, 0.000361428421456, 0.000337158329785, 0.000231406433159, 0.000182943040272, 0.000333435047651, 0.000199062895263, 0.000117702169518, 8.61065054778e-05, 0.000124501573737, 0.000102939113276, 9.70628316281e-05, 5.31825098733e-05, 1.51204048962e-05, 2.12181589632e-06]
    },
    "erbbands": {
        "mean": [0.444733649492, 5.10924577713, 6.45222663879, 9.06403923035, 17.0370597839, 18.2043800354, 19.1791763306, 19.98087883, 27.2007236481, 22.4762649536, 17.1615619659, 19.6544113159, 23.6877937317, 43.9467353821, 22.8393859863, 10.4017620087, 10.0155706406, 16.2361965179, 17.9670639038, 15.9691743851, 11.2166538239, 10.8275117874, 17.7621593475, 13.2322587967, 9.43284988403, 5.31541728973, 3.55560994148, 3.64124107361, 4.73288965225, 3.09341025352, 3.06225705147, 2.1791267395, 1.54872763157, 0.74532020092, 0.296108931303, 0.0876322686672, 0.0245276335627, 0.00459864223376, 0.000368945737137, 6.52000817354e-05]
    },
    "gfcc": {
        "mean": [-21.4428901672, 117.307479858, -88.4744415283, 35.0982933044, -44.7481231689, 19.4680156708, -34.9748306274, 10.8507566452, -22.1026077271, -4.50145292282, -7.96439695358, 0.671146631241, -1.82701909542],
        "cov": [[20523.0429688, -199.442398071, -1681.1541748, 714.395324707, -1474.30761719, 250.419967651, -823.915527344, 649.362487793, -510.417724609, 150.424438477, -190.818115234, 35.5960388184, -383.231536865], [-199.442398071, 1374.80688477, -314.740692139, -270.321716309, 335.082977295, -53.495639801, 130.019195557, 10.4912166595, 118.247940063, -74.5540313721, 148.560195923, -106.26599884, 137.448287964], [-1681.1541748, -314.740692139, 827.475463867, 153.800506592, 2.87293839455, 183.108932495, 40.5834770203, -194.044692993, 71.4093704224, 74.7168655396, -46.1621246338, 102.52520752, 48.0005989075], [714.395324707, -270.321716309, 153.800506592, 412.70111084, -9.75971031189, 22.940372467, -46.0890693665, -28.7530460358, -19.0831203461, 37.9292602539, -5.86782646179, 14.3518342972, -7.28635406494], [-1474.30761719, 335.082977295, 2.87293839455, -9.75971031189, 414.949890137, -15.4903392792, 95.6889572144, 7.79538440704, 83.8475189209, -25.0701828003, 84.4581375122, -37.8303833008, 55.8240814209], [250.419967651, -53.495639801, 183.108932495, 22.940372467, -15.4903392792, 229.599212646, 27.3832492828, -80.7377624512, 7.0657787323, 26.1233825684, -26.9322757721, 38.7078781128, 16.3943939209], [-823.915527344, 130.019195557, 40.5834770203, -46.0890693665, 95.6889572144, 27.3832492828, 211.522125244, 28.6958751678, 33.9038124084, -3.16345858574, 35.9907836914, -5.78202438354, 18.5538139343], [649.362487793, 10.4912166595, -194.044692993, -28.7530460358, 7.79538440704, -80.7377624512, 28.6958751678, 237.369552612, 17.2364444733, -5.29133987427, 48.6583480835, -13.2520542145, -34.2821350098], [-510.417724609, 118.247940063, 71.4093704224, -19.0831203461, 83.8475189209, 7.0657787323, 33.9038124084, 17.2364444733, 131.324142456, 40.7666893005, 17.1218471527, 0.949269115925, 21.4131183624], [150.424438477, -74.5540313721, 74.7168655396, 37.9292602539, -25.0701828003, 26.1233825684, -3.16345858574, -5.29133987427, 40.7666893005, 98.4990921021, 13.4610462189, 7.60122156143, -16.6757240295], [-190.818115234, 148.560195923, -46.1621246338, -5.86782646179, 84.4581375122, -26.9322757721, 35.9907836914, 48.6583480835, 17.1218471527, 13.4610462189, 103.47102356, -1.17429673672, 8.55457687378], [35.5960388184, -106.26599884, 102.52520752, 14.3518342972, -37.8303833008, 38.7078781128, -5.78202438354, -13.2520542145, 0.949269115925, 7.60122156143, -1.17429673672, 107.245826721, 14.014746666], [-383.231536865, 137.448287964, 48.0005989075, -7.28635406494, 55.8240814209, 16.3943939209, 18.5538139343, -34.2821350098, 21.4131183624, -16.6757240295, 8.55457687378, 14.014746666, 86.717590332]],
        "icov": [[0.000342669867678, -0.000734383764211, 0.000617824902292, -0.00101285870187, 0.000912428135052, -0.00117188482545, 0.000927252229303, -0.00130486453418, 0.000990910339169, -0.00103113043588, 0.00104746455327, -0.000683236750774, 0.000735333946068], [-0.000734383764211, 0.00339826242998, -0.000604425906204, 0.00285055465065, -0.00214845105074, 0.00219975085929, -0.00222538528033, 0.00369906518608, -0.00372983259149, 0.00338186509907, -0.00447453837842, 0.00280644837767, -0.00359281105921], [0.000617824902292, -0.000604425906204, 0.0036629778333, -0.00226185913198, 0.00157001451589, -0.00291582453065, 0.000915893295314, -0.000549432705157, 1.21720522657e-05, -0.00211813207716, 0.0016268810723, -0.00229963404126, 0.000399001408368], [-0.00101285870187, 0.00285055465065, -0.00226185913198, 0.00615066243336, -0.00321416580118, 0.00344895990565, -0.00206352677196, 0.00377557543106, -0.00218767346814, 0.00216878345236, -0.00380087061785, 0.00268961186521, -0.00297678774223], [0.000912428135052, -0.00214845105074, 0.00157001451589, -0.00321416580118, 0.00676566595212, -0.00317001692019, 0.00156057160348, -0.00276190484874, -0.0001224699663, -0.000173251261003, -0.0003676803899, -0.000377803371521, 0.00121093506459], [-0.00117188482545, 0.00219975085929, -0.00291582453065, 0.00344895990565, -0.00317001692019, 0.0100196162239, -0.00420671282336, 0.00546740740538, -0.00251156790182, 0.00184969010297, -0.00194490875583, 0.000807488977443, -0.00251660938375], [0.000927252229303, -0.00222538528033, 0.000915893295314, -0.00206352677196, 0.00156057160348, -0.00420671282336, 0.00860875286162, -0.00488967541605, 0.00267799641006, -0.00242216768675, 0.00183725520037, -0.00125790713355, 0.00185545557179], [-0.00130486453418, 0.00369906518608, -0.000549432705157, 0.00377557543106, -0.00276190484874, 0.00546740740538, -0.00488967541605, 0.0123360771686, -0.00706178415567, 0.00572361238301, -0.007632791996, 0.00214727385901, -0.00109060877003], [0.000990910339169, -0.00372983259149, 1.21720522657e-05, -0.00218767346814, -0.0001224699663, -0.00251156790182, 0.00267799641006, -0.00706178415567, 0.0173150412738, -0.0109947342426, 0.00737669318914, -0.00298721599393, 0.000654555566143], [-0.00103113043588, 0.00338186509907, -0.00211813207716, 0.00216878345236, -0.000173251261003, 0.00184969010297, -0.00242216768675, 0.00572361238301, -0.0109947342426, 0.0205143559724, -0.00969581119716, 0.00368211301975, 0.0010015150765], [0.00104746455327, -0.00447453837842, 0.0016268810723, -0.00380087061785, -0.0003676803899, -0.00194490875583, 0.00183725520037, -0.007632791996, 0.00737669318914, -0.00969581119716, 0.0210169292986, -0.00561940763146, 0.00284404610284], [-0.000683236750774, 0.00280644837767, -0.00229963404126, 0.00268961186521, -0.000377803371521, 0.000807488977443, -0.00125790713355, 0.00214727385901, -0.00298721599393, 0.00368211301975, -0.00561940763146, 0.01431008894, -0.00507286796346], [0.000735333946068, -0.00359281105921, 0.000399001408368, -0.00297678774223, 0.00121093506459, -0.00251660938375, 0.00185545557179, -0.00109060877003, 0.000654555566143, 0.0010015150765, 0.00284404610284, -0.00507286796346, 0.0194433648139]]
    },
    "melbands": {
        "mean": [0.00518045108765, 0.00466297985986, 0.00177569082007, 0.00132352416404, 0.000680845347233, 0.000483346288092, 0.000375179864932, 0.000245884613832, 0.000135753449285, 0.00012319747475, 0.000116476076073, 0.000173817112227, 9.92259665509e-05, 3.21326770063e-05, 2.31467165577e-05, 2.15992622543e-05, 3.26648005284e-05, 2.87667280645e-05, 2.78141596937e-05, 1.86595279956e-05, 1.12028692456e-05, 1.0487921827e-05, 1.37617498694e-05, 1.64829034475e-05, 1.00941051642e-05, 7.39855340726e-06, 5.61607112104e-06, 2.98816803479e-06, 2.1901744276e-06, 2.0008546926e-06, 2.14716806113e-06, 2.73429350273e-06, 2.31866715694e-06, 1.53159021465e-06, 1.80137965344e-06, 1.54464089519e-06, 1.27900852931e-06, 1.12444843126e-06, 8.84944483914e-07, 5.48306957171e-07]
    },
    "melbands128": {
        "mean": [0.000587265240029, 0.0024379119277, 0.00795687362552, 0.00889851339161, 0.00440298113972, 0.0016880055191, 0.00180520559661, 0.00182634254452, 0.00173975911457, 0.00150136067532, 0.000910878472496, 0.000682040932588, 0.000648989342153, 0.000658626027871, 0.000412890629377, 0.000363137689419, 0.00061326182913, 0.000322312058415, 0.000187498837477, 0.000241780318902, 0.000327818328515, 0.000105965191324, 0.000132418877911, 0.000125334496261, 0.000118924835988, 0.000144666060805, 6.96098140907e-05, 0.000119365817227, 0.000157481903443, 9.77241579676e-05, 0.000256177474512, 0.000187199344509, 5.70761731069e-05, 7.0791458711e-05, 3.03609558614e-05, 2.41238831222e-05, 2.48590476986e-05, 2.78921816061e-05, 1.60383024195e-05, 2.28096796491e-05, 2.4671860956e-05, 1.58421098604e-05, 3.18971724482e-05, 4.16084658355e-05, 3.71892710973e-05, 2.13653947867e-05, 2.45825067395e-05, 3.9270700654e-05, 2.328622395e-05, 1.27863868329e-05, 2.29192974075e-05, 1.93952764675e-05, 9.64882656262e-06, 9.55735504249e-06, 9.22388426261e-06, 1.09423299364e-05, 1.05612007246e-05, 1.20531094581e-05, 1.3622518054e-05, 2.0196675905e-05, 1.65655783348e-05, 1.46934789882e-05, 1.25271417346e-05, 7.90652848082e-06, 7.60315015214e-06, 7.86139662523e-06, 6.79092909195e-06, 6.7936321102e-06, 5.40103519597e-06, 3.98284055336e-06, 2.88680007543e-06, 2.71648855232e-06, 2.05538572118e-06, 2.21965956371e-06, 2.13554699258e-06, 1.94924427888e-06, 1.9905969566e-06, 1.9595829599e-06, 2.07550806408e-06, 2.43298632085e-06, 2.60281626652e-06, 2.97547444461e-06, 2.84793964056e-06, 2.50747052633e-06, 1.63615311521e-06, 1.26280133372e-06, 1.62793185154e-06, 1.73409830495e-06, 1.78620132374e-06, 1.87034788723e-06, 1.83956115052e-06, 1.34856770728e-06, 1.23974837152e-06, 1.34084996262e-06, 1.26831378111e-06, 1.14188094358e-06, 1.12722773338e-06, 1.04303080661e-06, 9.86485815702e-07, 7.51017637413e-07, 5.71389193738e-07, 5.13282770953e-07, 5.23552444065e-07, 4.51504320154e-07, 3.25648045418e-07, 2.33603174138e-07, 2.02119835535e-07, 1.39033403457e-07, 1.46237567833e-07, 1.3993710013e-07, 1.07350878409e-07, 8.99294363421e-08, 6.55025260698e-08, 6.08048082995e-08, 5.5529952192e-08, 4.35883897865e-08, 3.19891100276e-08, 1.8404803015e-08, 1.44239216127e-08, 9.41400024601e-09, 6.82783607431e-09, 4.52313919652e-09, 3.25297877524e-09, 2.35183472697e-09, 1.54537949104e-09, 1.10092479577e-09, 9.06989816585e-10, 2.29869970281e-10]
    },
    "mfcc": {
        "mean": [-666.358703613, 144.164749146, 20.1931266785, 24.0249862671, 18.5714759827, 6.82103252411, 8.25215625763, 9.8012304306, -0.478510916233, 1.94236731529, -4.05283021927, -5.06374549866, -0.953853607178],
        "cov": [[12283.3505859, 42.9472808838, -70.0424575806, 358.3465271, -178.557312012, -509.735992432, -29.052022934, 80.4114456177, -216.399276733, 58.3265991211, 39.5633544922, -147.256835938, -122.033958435], [42.9472808838, 1628.82263184, -290.703887939, -89.3202209473, 197.837371826, -12.7525081635, 122.800254822, 58.7321891785, 50.6729507446, 80.2352752686, -12.3909044266, -1.98931884766, 30.2970275879], [-70.0424575806, -290.703887939, 711.473693848, 14.179101944, -57.4054908752, 298.292358398, -92.3450393677, -49.4573936462, 48.3750152588, -106.882926941, -51.3242874146, 69.2901077271, 29.6472415924], [358.3465271, -89.3202209473, 14.179101944, 317.310333252, 85.8770675659, -12.8965902328, 20.4030418396, -7.87417984009, -6.33740949631, 1.38377392292, 10.6611366272, 19.0843982697, 19.8250675201], [-178.557312012, 197.837371826, -57.4054908752, 85.8770675659, 255.149276733, 46.3465499878, 6.21355056763, 8.08592128754, 2.02968120575, 20.1236343384, 1.91881966591, 4.5298538208, 13.7895650864], [-509.735992432, -12.7525081635, 298.292358398, -12.8965902328, 46.3465499878, 388.589874268, -12.4412355423, -37.7317008972, 36.7636947632, -58.9758148193, -15.1016559601, 8.65232086182, 3.34684634209], [-29.052022934, 122.800254822, -92.3450393677, 20.4030418396, 6.21355056763, -12.4412355423, 165.546966553, 55.9587783813, -14.9972763062, 38.7981834412, 28.7352714539, -7.77682256699, -14.1199541092], [80.4114456177, 58.7321891785, -49.4573936462, -7.87417984009, 8.08592128754, -37.7317008972, 55.9587783813, 126.254768372, 23.417798996, 4.50075101852, 20.0540447235, -0.236617699265, -2.69874954224], [-216.399276733, 50.6729507446, 48.3750152588, -6.33740949631, 2.02968120575, 36.7636947632, -14.9972763062, 23.417798996, 98.5372467041, 19.2589454651, -4.80274963379, 17.3130588531, 19.1689472198], [58.3265991211, 80.2352752686, -106.882926941, 1.38377392292, 20.1236343384, -58.9758148193, 38.7981834412, 4.50075101852, 19.2589454651, 135.701263428, 43.3113441467, -11.5305767059, 3.12082862854], [39.5633544922, -12.3909044266, -51.3242874146, 10.6611366272, 1.91881966591, -15.1016559601, 28.7352714539, 20.0540447235, -4.80274963379, 43.3113441467, 114.743301392, 28.8387699127, 1.51002383232], [-147.256835938, -1.98931884766, 69.2901077271, 19.0843982697, 4.5298538208, 8.65232086182, -7.77682256699, -0.236617699265, 17.3130588531, -11.5305767059, 28.8387699127, 98.7872314453, 40.9230918884], [-122.033958435, 30.2970275879, 29.6472415924, 19.8250675201, 13.7895650864, 3.34684634209, -14.1199541092, -2.69874954224, 19.1689472198, 3.12082862854, 1.51002383232, 40.9230918884, 71.8532562256]],
        "icov": [[0.000104142760392, -5.92199066887e-05, -0.000106376093754, -0.000184031712706, 0.000129926542286, 0.000135045411298, 0.000166041892953, -0.000167811056599, 0.000274527294096, -0.000102584628621, -6.1814149376e-05, 0.000162562719197, 0.00013154419139], [-5.92199066887e-05, 0.000890478142537, 0.000384736980777, 0.00057356787147, -0.000768169993535, -0.000146887279698, -0.000765711884014, 0.000200788970687, -0.00067549769301, 1.85418593901e-06, 0.00043414963875, -0.000285139627522, -0.000448312028311], [-0.000106376093754, 0.000384736980777, 0.00317498971708, -0.000225367562962, 0.000868918432388, -0.00247448193841, 0.00087749940576, -0.000230038014706, -0.000462761032395, 0.000262965506408, 0.00148374005221, -0.00239668413997, -3.25843284372e-05], [-0.000184031712706, 0.00057356787147, -0.000225367562962, 0.00437985965982, -0.00220731785521, 0.00066582672298, -0.00180294504389, 0.00136689282954, -0.00103272777051, 0.000888748792931, -0.000374634983018, -0.000129944790388, -0.00126143137459], [0.000129926542286, -0.000768169993535, 0.000868918432388, -0.00220731785521, 0.00599867012352, -0.00179414532613, 0.00195276294835, -0.00172674085479, 0.00185539037921, -0.00165895430837, 0.000833940575831, -0.000748813850805, 3.23215026583e-05], [0.000135045411298, -0.000146887279698, -0.00247448193841, 0.00066582672298, -0.00179414532613, 0.00547907920554, -0.00191617861856, 0.00231079268269, -0.00222539971583, 0.00236349087209, -0.00201875763014, 0.00250271125697, 3.60016529157e-05], [0.000166041892953, -0.000765711884014, 0.00087749940576, -0.00180294504389, 0.00195276294835, -0.00191617861856, 0.0102760056034, -0.00546194193885, 0.00432360731065, -0.00368018285371, 0.000384295417462, -0.00128965254407, 0.00200177193619], [-0.000167811056599, 0.000200788970687, -0.000230038014706, 0.00136689282954, -0.00172674085479, 0.00231079268269, -0.00546194193885, 0.0125782843679, -0.00606226315722, 0.00409831432626, -0.00287374015898, 0.00171829329338, -0.000508003286086], [0.000274527294096, -0.00067549769301, -0.000462761032395, -0.00103272777051, 0.00185539037921, -0.00222539971583, 0.00432360731065, -0.00606226315722, 0.0160595588386, -0.00573103595525, 0.00285751349293, -0.00252207973972, -0.00106258958112], [-0.000102584628621, 1.85418593901e-06, 0.000262965506408, 0.000888748792931, -0.00165895430837, 0.00236349087209, -0.00368018285371, 0.00409831432626, -0.00573103595525, 0.0127291930839, -0.00541135855019, 0.00401426013559, -0.0020862063393], [-6.1814149376e-05, 0.00043414963875, 0.00148374005221, -0.000374634983018, 0.000833940575831, -0.00201875763014, 0.000384295417462, -0.00287374015898, 0.00285751349293, -0.00541135855019, 0.0134673211724, -0.0068673780188, 0.00220560329035], [0.000162562719197, -0.000285139627522, -0.00239668413997, -0.000129944790388, -0.000748813850805, 0.00250271125697, -0.00128965254407, 0.00171829329338, -0.00252207973972, 0.00401426013559, -0.0068673780188, 0.0182060189545, -0.00846688915044], [0.00013154419139, -0.000448312028311, -3.25843284372e-05, -0.00126143137459, 3.23215026583e-05, 3.60016529157e-05, 0.00200177193619, -0.000508003286086, -0.00106258958112, -0.0020862063393, 0.00220560329035, -0.00846688915044, 0.0202075373381]]
    },
    "spectral_contrast_coeffs": {
        "mean": [-0.721989035606, -0.735371947289, -0.746947228909, -0.79966121912, -0.785472452641, -0.813239097595]
    },
    "spectral_contrast_valleys": {
        "mean": [-6.14013719559, -7.03343772888, -7.6388630867, -7.98293113708, -8.20941829681, -10.3832759857]
    }
},
"rhythm": {
    "beats_count": 501,
    "beats_loudness": {
        "mean": 0.0585916265845
    },
    "bpm": 144.973815918,
    "bpm_histogram_first_peak_bpm": 144,
    "bpm_histogram_first_peak_weight": 0.354037284851,
    "bpm_histogram_second_peak_bpm": 172,
    "bpm_histogram_second_peak_spread": 0,
    "bpm_histogram_second_peak_weight": 0.01600000076,
    "danceability": 1.0293058157,
    "onset_rate": 4.0527973175,
    "beats_loudness_band_ratio": {
        "mean": [0.654532551765, 0.175679951906, 0.0963790491223, 0.0622468329966, 0.0361636914313, 0.0280956048518]
    },
    "beats_position": [0.359909296036, 0.731428563595, 1.13777780533, 1.53251695633, 1.95047616959, 2.36843538284, 2.77478456497, 3.1811337471, 3.59909296036, 4.01705217361, 4.43501138687, 4.85297060013, 5.25931978226, 5.66566896439, 6.08362817764, 6.5015873909, 6.91954612732, 7.33750534058, 7.75546455383, 8.16181373596, 8.57977294922, 8.98612213135, 9.4040813446, 9.81043052673, 10.2167797089, 10.6347389221, 11.0526981354, 11.4706573486, 11.8770065308, 12.2833557129, 12.7013149261, 13.1192741394, 13.5372333527, 13.9551925659, 14.3731517792, 14.7795009613, 15.1858501434, 15.6038093567, 16.0217685699, 16.4397277832, 16.8576869965, 17.2640361786, 17.6703853607, 18.088344574, 18.5063037872, 18.9126529694, 19.3190021515, 19.7369613647, 20.154920578, 20.5728797913, 20.9908390045, 21.4087982178, 21.8151473999, 22.221496582, 22.6394557953, 23.0574150085, 23.4753742218, 23.8933334351, 24.2996826172, 24.7060317993, 25.1239910126, 25.5303401947, 25.9366893768, 26.3546485901, 26.7726078033, 27.1905670166, 27.6085262299, 28.0264854431, 28.4444446564, 28.8391838074, 29.2571430206, 29.6751022339, 30.0930614471, 30.5110206604, 30.9173698425, 31.3237190247, 31.7416782379, 32.1596374512, 32.5775947571, 32.9839439392, 33.3902931213, 33.8082542419, 34.2262115479, 34.6441726685, 35.0505218506, 35.4568710327, 35.8748283386, 36.2927894592, 36.7107467651, 37.1287078857, 37.5466651917, 37.9530143738, 38.3593635559, 38.7773246765, 39.1952819824, 39.613243103, 40.0195922852, 40.4259414673, 40.8438987732, 41.2618598938, 41.6682090759, 42.0861663818, 42.492515564, 42.9104766846, 43.3284339905, 43.7463951111, 44.1527442932, 44.5590934753, 44.9770507812, 45.3950119019, 45.8129692078, 46.2309303284, 46.6488876343, 47.0552368164, 47.4615859985, 47.8795471191, 48.297504425, 48.7038536072, 49.1102027893, 49.5281639099, 49.9461212158, 50.3640823364, 50.7820396423, 51.2000007629, 51.6063499451, 52.0126991272, 52.4306564331, 52.8486175537, 53.2665748596, 53.6845359802, 54.0908851624, 54.4972343445, 54.9151916504, 55.333152771, 55.7511100769, 56.157459259, 56.5638084412, 56.9817695618, 57.3997268677, 57.8176841736, 58.2240333557, 58.6303825378, 59.0483436584, 59.4663009644, 59.884262085, 60.3022193909, 60.708568573, 61.1149177551, 61.5328788757, 61.9508361816, 62.3687973022, 62.7751464844, 63.1931037903, 63.5994529724, 64.0174102783, 64.4353713989, 64.8417205811, 65.2480697632, 65.6660308838, 66.0839920044, 66.5019454956, 66.9199066162, 67.3378677368, 67.7558288574, 68.1621780396, 68.5685272217, 68.9864807129, 69.4044418335, 69.8107910156, 70.2171401978, 70.6351013184, 71.053062439, 71.4710159302, 71.8889770508, 72.2953262329, 72.701675415, 73.1196365356, 73.5375976562, 73.9439468384, 74.3619003296, 74.7798614502, 75.1862106323, 75.6041717529, 76.0221328735, 76.4400863647, 76.8580474854, 77.2643966675, 77.6707458496, 78.0887069702, 78.5066680908, 78.924621582, 79.3309707642, 79.7373199463, 80.1552810669, 80.561630249, 80.9679794312, 81.3859405518, 81.8039016724, 82.2218551636, 82.6398162842, 83.0577774048, 83.4757385254, 83.8820877075, 84.2884368896, 84.7063903809, 85.1243515015, 85.5423126221, 85.9602737427, 86.3666229248, 86.7729721069, 87.1909255981, 87.6088867188, 88.0268478394, 88.4331970215, 88.8395462036, 89.2575073242, 89.6754608154, 90.093421936, 90.4997711182, 90.9061203003, 91.3240814209, 91.7420425415, 92.1599960327, 92.5779571533, 92.9843063354, 93.4022674561, 93.8086166382, 94.2265777588, 94.64453125, 95.0508804321, 95.4572296143, 95.8751907349, 96.2931518555, 96.7111129761, 97.1290664673, 97.5354156494, 97.9417648315, 98.3597259521, 98.7776870728, 99.1956481934, 99.6136016846, 100.019950867, 100.426300049, 100.844261169, 101.250610352, 101.656959534, 102.074920654, 102.492874146, 102.910835266, 103.328796387, 103.746757507, 104.164710999, 104.571060181, 104.977409363, 105.395370483, 105.813331604, 106.231292725, 106.649246216, 107.055595398, 107.46194458, 107.879905701, 108.297866821, 108.704216003, 109.110565186, 109.528526306, 109.946479797, 110.364440918, 110.782402039, 111.188751221, 111.595100403, 112.013061523, 112.431015015, 112.848976135, 113.266937256, 113.673286438, 114.07963562, 114.497596741, 114.915550232, 115.333511353, 115.751472473, 116.169433594, 116.575782776, 116.982131958, 117.400085449, 117.806434631, 118.212783813, 118.630744934, 119.048706055, 119.466667175, 119.884620667, 120.302581787, 120.708930969, 121.115280151, 121.533241272, 121.951202393, 122.369155884, 122.787117004, 123.193466187, 123.599815369, 124.017776489, 124.43573761, 124.853691101, 125.260040283, 125.666389465, 126.084350586, 126.502311707, 126.920272827, 127.338226318, 127.7445755, 128.150924683, 128.568893433, 128.986846924, 129.404800415, 129.822769165, 130.229110718, 130.635467529, 131.053421021, 131.471374512, 131.889343262, 132.295684814, 132.702041626, 133.119995117, 133.526351929, 133.94430542, 134.350662231, 134.768615723, 135.186569214, 135.604537964, 136.022491455, 136.440444946, 136.846801758, 137.253143311, 137.671112061, 138.089065552, 138.507034302, 138.924987793, 139.331329346, 139.737686157, 140.155639648, 140.573608398, 140.99156189, 141.397918701, 141.804260254, 142.222213745, 142.640182495, 143.058135986, 143.464492798, 143.870834351, 144.288803101, 144.706756592, 145.124710083, 145.542678833, 145.937408447, 146.355377197, 146.773330688, 147.19128418, 147.60925293, 148.015594482, 148.421951294, 148.839904785, 149.257858276, 149.675827026, 150.093780518, 150.500137329, 150.906478882, 151.324447632, 151.742401123, 152.160354614, 152.566711426, 152.973052979, 153.391021729, 153.80897522, 154.226928711, 154.644897461, 155.062850952, 155.469207764, 155.875549316, 156.293518066, 156.711471558, 157.129425049, 157.53578186, 157.942123413, 158.360092163, 158.778045654, 159.195999146, 159.613967896, 160.020309448, 160.42666626, 160.844619751, 161.262588501, 161.680541992, 162.098495483, 162.516464233, 162.922805786, 163.340774536, 163.747116089, 164.1534729, 164.559814453, 164.977767944, 165.395736694, 165.813690186, 166.231658936, 166.649612427, 167.055953979, 167.473922729, 167.880264282, 168.298233032, 168.716186523, 169.122543335, 169.528884888, 169.946838379, 170.364807129, 170.78276062, 171.189117432, 171.595458984, 172.013427734, 172.431381226, 172.849334717, 173.267303467, 173.685256958, 174.09161377, 174.497955322, 174.915908813, 175.333877563, 175.751831055, 176.158187866, 176.564529419, 176.982498169, 177.40045166, 177.818405151, 178.224761963, 178.631103516, 179.049072266, 179.467025757, 179.884979248, 180.302947998, 180.709289551, 181.115646362, 181.533599854, 181.951568604, 182.369522095, 182.787475586, 183.193832397, 183.60017395, 184.0181427, 184.436096191, 184.854049683, 185.272018433, 185.678359985, 186.084716797, 186.502670288, 186.920639038, 187.326980591, 187.733337402, 188.151290894, 188.569244385, 188.987213135, 189.405166626, 189.811508179, 190.21786499, 190.635818481, 191.053787231, 191.471740723, 191.889694214, 192.296051025, 192.702392578, 193.120361328, 193.538314819, 193.956283569, 194.362625122, 194.768981934, 195.186935425, 195.604888916, 196.022857666, 196.429199219, 196.83555603, 197.253509521, 197.671463013, 198.089431763, 198.507385254, 198.925354004, 199.354919434, 199.784484863, 200.202438354, 200.620407104, 201.026748657, 201.433105469, 201.85105896, 202.222579956, 202.594100952, 202.965621948, 203.337142944, 203.685440063, 204.033737183, 204.382034302, 204.730331421, 205.07862854, 205.426940918, 205.775238037, 206.135147095, 206.483444214],
    "bpm_histogram": [0, 0, 0, 0, 0, 0, 0, 0, 0, 0, 0, 0, 0, 0, 0, 0, 0, 0, 0, 0, 0, 0, 0, 0, 0, 0, 0, 0, 0, 0, 0, 0, 0, 0, 0, 0, 0, 0, 0, 0, 0, 0, 0, 0, 0, 0, 0, 0, 0, 0, 0, 0, 0, 0, 0, 0, 0, 0, 0, 0, 0, 0, 0, 0, 0, 0, 0, 0, 0, 0, 0, 0, 0, 0, 0, 0, 0, 0, 0, 0, 0, 0, 0, 0, 0, 0, 0, 0, 0, 0, 0, 0, 0, 0, 0, 0, 0, 0, 0, 0, 0, 0, 0, 0, 0, 0, 0, 0, 0, 0, 0, 0, 0, 0, 0, 0, 0, 0, 0, 0, 0, 0, 0, 0, 0, 0, 0, 0, 0, 0, 0, 0, 0, 0, 0, 0, 0, 0, 0, 0, 0.00400000018999, 0, 0, 0, 0.624000012875, 0, 0, 0, 0.337999999523, 0, 0, 0, 0.00600000005215, 0, 0, 0, 0, 0, 0, 0, 0, 0.00999999977648, 0, 0, 0, 0, 0, 0.00200000009499, 0, 0, 0, 0, 0.01600000076, 0, 0, 0, 0, 0, 0, 0, 0, 0, 0, 0, 0, 0, 0, 0, 0, 0, 0, 0, 0, 0, 0, 0, 0, 0, 0, 0, 0, 0, 0, 0, 0, 0, 0, 0, 0, 0, 0, 0, 0, 0, 0, 0, 0, 0, 0, 0, 0, 0, 0, 0, 0, 0, 0, 0, 0, 0, 0, 0, 0, 0, 0, 0, 0, 0, 0, 0, 0, 0, 0, 0, 0, 0, 0, 0, 0, 0]
},
"tonal": {
    "chords_changes_rate": 0.0574119761586,
    "chords_number_rate": 0.00224265526049,
    "chords_strength": {
        "mean": 0.511902213097
    },
    "hpcp_crest": {
        "mean": 13.8020505905
    },
    "hpcp_entropy": {
        "mean": 1.968791008
    },
    "key_edma": {
        "strength": 0.759494900703,
        "key": "C#",
        "scale": "major"
    },
    "key_krumhansl": {
        "strength": 0.754287719727,
        "key": "C#",
        "scale": "major"
    },
    "key_temperley": {
        "strength": 0.755914330482,
        "key": "Ab",
        "scale": "major"
    },
    "tuning_diatonic_strength": 0.672262251377,
    "tuning_equal_tempered_deviation": 0.0869309008121,
    "tuning_frequency": 437.718536377,
    "tuning_nontempered_energy_ratio": 0.7312464118,
    "hpcp": {
        "mean": [0.0375749506056, 0.0294559672475, 0.058149009943, 0.133149713278, 0.12465763092, 0.0541462115943, 0.0318566672504, 0.0284659378231, 0.053423833102, 0.101442955434, 0.0944629013538, 0.141598835588, 0.258802175522, 0.167927861214, 0.0366296470165, 0.0370387546718, 0.0588259808719, 0.217011898756, 0.389203548431, 0.248164072633, 0.059968251735, 0.0413076654077, 0.0423045903444, 0.0787268802524, 0.124815933406, 0.0942543670535, 0.0497936792672, 0.0417869128287, 0.0331264324486, 0.0522254034877, 0.0741527304053, 0.0636663660407, 0.126048699021, 0.289092689753, 0.244030579925, 0.0783643722534]
    },
    "chords_histogram": [35.0751304626, 4.75442934036, 20.2287502289, 0.134559318423, 1.41287279129, 0.0224265530705, 0.358824849129, 0, 0, 0, 0, 0, 0, 0, 0, 1.00919485092, 0, 3.3864095211, 0, 2.96030497551, 0.717649698257, 13.3662252426, 11.8636465073, 4.70957612991],
    "thpcp": [1, 0.637620270252, 0.154079407454, 0.106133833528, 0.108695283532, 0.202276885509, 0.320695787668, 0.242172420025, 0.127937376499, 0.107365190983, 0.0851133838296, 0.13418532908, 0.190524294972, 0.16358114779, 0.323863178492, 0.742780208588, 0.626999855042, 0.201345473528, 0.0965431854129, 0.0756826773286, 0.149405136704, 0.342108160257, 0.320289045572, 0.139120548964, 0.0818509161472, 0.0731389448047, 0.137264505029, 0.260642409325, 0.242708221078, 0.363816916943, 0.664953291416, 0.431465387344, 0.0941143706441, 0.0951655134559, 0.151144519448, 0.55757945776],
    "chords_key": "Ab",
    "chords_scale": "major"
}
}