{
"metadata": {
    "version": {
        "essentia": "2.1-beta6-dev",
        "essentia_git_sha": "v2.1_beta5-1177-g1d1cc983",
        "extractor": "music 2.0"
    },
    "audio_properties": {
        "analysis": {
            "equal_loudness": 0,
            "length": 211.732452393,
            "sample_rate": 44100,
            "start_time": 0,
            "downmix": "mix"
        },
        "bit_rate": 1411200,
        "length": 211.732452393,
        "lossless": 1,
        "number_channels": 2,
        "replay_gain": -15.539888382,
        "sample_rate": 44100,
        "codec": "pcm_s16le",
        "md5_encoded": "598464e62d6f555145bf33c6b8a40f8d"
    },
    "tags": {
        "file_name": "05 - All Get Out - All My Friends Are Dead.wav",
        "album": ["Movement"],
        "albumartist": ["All Get Out"],
        "artist": ["All Get Out"],
        "composer": ["Nathan Hussey"],
        "copyright": ["2015 Bad Timing Records and Many Hats Distribution 2015 Bad Timing Records and Many Hats Distribution"],
        "date": ["2015"],
        "discnumber": ["1"],
        "disctotal": ["1"],
        "genre": ["Alternative & Indie"],
        "isrc": ["QM87M1502105"],
        "title": ["All My Friends Are Dead"],
        "tracknumber": ["5"],
        "tracktotal": ["5"]
    }
},
"lowlevel": {
    "average_loudness": 0.958839118481,
    "barkbands_crest": {
        "mean": 8.5016040802
    },
    "barkbands_flatness_db": {
        "mean": 0.111973360181
    },
    "barkbands_kurtosis": {
        "mean": 1.52393269539
    },
    "barkbands_skewness": {
        "mean": 1.11768305302
    },
    "barkbands_spread": {
        "mean": 27.7107086182
    },
    "dissonance": {
        "mean": 0.476844757795
    },
    "dynamic_complexity": 2.36929726601,
    "erbbands_crest": {
        "mean": 6.88426351547
    },
    "erbbands_flatness_db": {
        "mean": 0.152695134282
    },
    "erbbands_kurtosis": {
        "mean": -0.0695242881775
    },
    "erbbands_skewness": {
        "mean": -0.152597814798
    },
    "erbbands_spread": {
        "mean": 36.7155036926
    },
    "hfc": {
        "mean": 26.4332695007
    },
    "loudness_ebu128": {
        "integrated": -6.95055341721,
        "loudness_range": 4.76783657074,
        "momentary": {
            "mean": -7.88656806946
        },
        "short_term": {
            "mean": -7.67689037323
        }
    },
    "melbands_crest": {
        "mean": 13.5335950851
    },
    "melbands_flatness_db": {
        "mean": 0.172023326159
    },
    "melbands_kurtosis": {
        "mean": 7.83515787125
    },
    "melbands_skewness": {
        "mean": 2.23873901367
    },
    "melbands_spread": {
        "mean": 31.4599533081
    },
    "pitch_salience": {
        "mean": 0.583352267742
    },
    "silence_rate_20dB": {
        "mean": 1
    },
    "silence_rate_30dB": {
        "mean": 1
    },
    "silence_rate_60dB": {
        "mean": 0.0517543852329
    },
    "spectral_centroid": {
        "mean": 1663.00695801
    },
    "spectral_complexity": {
        "mean": 29.1391448975
    },
    "spectral_decrease": {
        "mean": -7.20861814685e-09
    },
    "spectral_energy": {
        "mean": 0.0296044964343
    },
    "spectral_energyband_high": {
        "mean": 0.00107145111542
    },
    "spectral_energyband_low": {
        "mean": 0.0118299620226
    },
    "spectral_energyband_middle_high": {
        "mean": 0.00780367245898
    },
    "spectral_energyband_middle_low": {
        "mean": 0.010173952207
    },
    "spectral_entropy": {
        "mean": 7.74213790894
    },
    "spectral_flux": {
        "mean": 0.0880872756243
    },
    "spectral_kurtosis": {
        "mean": 4.96544837952
    },
    "spectral_rms": {
        "mean": 0.00508274696767
    },
    "spectral_rolloff": {
        "mean": 1895.68579102
    },
    "spectral_skewness": {
        "mean": 1.43878602982
    },
    "spectral_spread": {
        "mean": 3938381.75
    },
    "spectral_strongpeak": {
        "mean": 0.76820731163
    },
    "zerocrossingrate": {
        "mean": 0.0663315653801
    },
    "barkbands": {
        "mean": [0.000726837664843, 0.00645504938439, 0.0034853219986, 0.00207458832301, 0.00276197330095, 0.00107452063821, 0.00120433443226, 0.00143789371941, 0.00140734529123, 0.000979218515567, 0.000749698316213, 0.000754092994612, 0.000657659955323, 0.000670730834827, 0.000847820017952, 0.000809871940874, 0.000748310412746, 0.000817124906462, 0.000681944715325, 0.000312780990498, 0.000291407079203, 0.000211031030631, 0.000181740964763, 0.000156220732606, 7.29838575353e-05, 2.8749127523e-05, 5.19377135788e-06]
    },
    "erbbands": {
        "mean": [0.277580142021, 1.10686075687, 3.42229700089, 6.37400436401, 8.81649398804, 7.9005947113, 7.54548358917, 10.5488491058, 15.9565992355, 22.1732463837, 31.0869445801, 28.7271156311, 35.2862930298, 32.6930656433, 27.9025382996, 27.6680374146, 29.1516418457, 32.3874740601, 39.186668396, 46.4216651917, 45.6606292725, 45.1565475464, 46.2598571777, 35.075756073, 32.0193252563, 14.5627565384, 11.2420282364, 10.9341831207, 7.30557584763, 6.71192646027, 5.12466907501, 3.81133532524, 2.17198824883, 1.02784395218, 0.418245345354, 0.170927494764, 0.0404147692025, 0.00818958040327, 0.000900434388313, 8.1498081272e-05]
    },
    "gfcc": {
        "mean": [21.2268409729, 93.2536849976, -132.209182739, 33.548576355, -48.3329582214, 6.5600938797, -36.3436775208, 8.69220924377, -20.9071369171, -2.827460289, -20.2036247253, -5.58338260651, -13.3961734772],
        "cov": [[6173.17773438, -2412.25488281, 496.48147583, 858.186645508, -444.837158203, 1042.00817871, -39.5000953674, 392.43371582, -64.2478103638, 136.348449707, 9.91111278534, 251.803329468, -127.313453674], [-2412.25488281, 1688.82995605, -344.94241333, -284.501373291, 299.040863037, -469.838867188, 143.954360962, -130.104721069, 74.244430542, -67.0389328003, 84.7022476196, -125.867088318, 117.694320679], [496.48147583, -344.94241333, 636.568786621, 160.839202881, 48.2540626526, 241.636856079, -5.81957387924, 77.5257492065, 36.4067001343, 111.89465332, -36.814163208, 84.6901092529, -1.45914542675], [858.186645508, -284.501373291, 160.839202881, 383.281677246, -17.2386665344, 198.877471924, 30.0855350494, 59.0501480103, 48.9253158569, 50.2649765015, 23.9730739594, 52.369846344, 17.2151851654], [-444.837158203, 299.040863037, 48.2540626526, -17.2386665344, 285.6171875, -24.9769229889, 65.2392501831, 19.6280097961, 18.0389728546, 29.7483444214, 8.56287574768, 20.5416908264, 34.2426795959], [1042.00817871, -469.838867188, 241.636856079, 198.877471924, -24.9769229889, 368.360534668, 65.2164764404, 97.5866699219, 13.1790370941, 61.3123703003, 12.7994852066, 74.9016647339, -2.28981256485], [-39.5000953674, 143.954360962, -5.81957387924, 30.0855350494, 65.2392501831, 65.2164764404, 160.209884644, 46.7738113403, 21.4236698151, 26.5053977966, 16.5908641815, 20.9708557129, 25.3401145935], [392.43371582, -130.104721069, 77.5257492065, 59.0501480103, 19.6280097961, 97.5866699219, 46.7738113403, 141.74911499, 42.6066169739, 38.0308265686, 27.2770862579, 29.1382522583, -2.25616359711], [-64.2478103638, 74.244430542, 36.4067001343, 48.9253158569, 18.0389728546, 13.1790370941, 21.4236698151, 42.6066169739, 119.876152039, 47.4617767334, 23.7278385162, 2.19385623932, 22.4414863586], [136.348449707, -67.0389328003, 111.89465332, 50.2649765015, 29.7483444214, 61.3123703003, 26.5053977966, 38.0308265686, 47.4617767334, 113.060012817, 2.50338840485, 40.5439071655, 3.15005278587], [9.91111278534, 84.7022476196, -36.814163208, 23.9730739594, 8.56287574768, 12.7994852066, 16.5908641815, 27.2770862579, 23.7278385162, 2.50338840485, 101.367500305, 8.67135429382, 18.1340198517], [251.803329468, -125.867088318, 84.6901092529, 52.369846344, 20.5416908264, 74.9016647339, 20.9708557129, 29.1382522583, 2.19385623932, 40.5439071655, 8.67135429382, 84.8822021484, 18.9800796509], [-127.313453674, 117.694320679, -1.45914542675, 17.2151851654, 34.2426795959, -2.28981256485, 25.3401145935, -2.25616359711, 22.4414863586, 3.15005278587, 18.1340198517, 18.9800796509, 64.4491271973]],
        "icov": [[0.000681504898239, 0.000350975198671, 0.000385094986996, -0.000797727145255, 0.000413066823967, -0.00100117130205, 0.000493162020575, -0.00107718911022, 0.00067319982918, -0.00010688049224, 9.4642266049e-05, -0.000405902857892, 0.000304188404698], [0.000350975198671, 0.00275556463748, -0.000167419173522, 0.000134245463414, -0.00137920607813, 0.00217779586092, -0.00278980238363, 0.0012391442433, -0.000840178341605, 0.000343324762071, -0.00207420089282, 0.0023822770454, -0.00227017141879], [0.000385094986996, -0.000167419173522, 0.00304835964926, -0.000722480355762, -0.000260122615146, -0.00251565477811, 0.00214695790783, -0.00124308792874, 0.000314778037136, -0.00162841007113, 0.00171610037796, -0.00129281415138, 0.00035747961374], [-0.000797727145255, 0.000134245463414, -0.000722480355762, 0.00498312246054, -0.00059346674243, -0.000189914528164, -0.000969840388279, 0.00188840390183, -0.00236265663989, 0.000278134655673, -0.000982276629657, 0.000470761326142, -0.00146556750406], [0.000413066823967, -0.00137920607813, -0.000260122615146, -0.00059346674243, 0.00571557227522, -0.00101167836692, 0.000277342332993, -0.00220000115223, 0.00157409475651, -0.000994903501123, 0.00118402659427, -0.00214091013186, 2.63575493591e-05], [-0.00100117130205, 0.00217779586092, -0.00251565477811, -0.000189914528164, -0.00101167836692, 0.0104359807447, -0.0061025088653, 0.00153006520122, -0.000831468089018, 0.000593923439737, -0.00282218935899, 0.0013021605555, -0.00192861701362], [0.000493162020575, -0.00278980238363, 0.00214695790783, -0.000969840388279, 0.000277342332993, -0.0061025088653, 0.0130388811231, -0.00491060409695, 0.00202587875538, -0.00203917245381, 0.003026466351, -0.00276467972435, 7.0659458288e-05], [-0.00107718911022, 0.0012391442433, -0.00124308792874, 0.00188840390183, -0.00220000115223, 0.00153006520122, -0.00491060409695, 0.0140602011234, -0.00554405106232, 0.000789226207417, -0.00385724427179, 0.000489460828248, 0.00155593873933], [0.00067319982918, -0.000840178341605, 0.000314778037136, -0.00236265663989, 0.00157409475651, -0.000831468089018, 0.00202587875538, -0.00554405106232, 0.0149066140875, -0.00646867696196, -0.00044165723375, 0.00331837870181, -0.0040814965032], [-0.00010688049224, 0.000343324762071, -0.00162841007113, 0.000278134655673, -0.000994903501123, 0.000593923439737, -0.00203917245381, 0.000789226207417, -0.00646867696196, 0.0155234262347, 0.00018474033277, -0.00584070663899, 0.0035916203633], [9.4642266049e-05, -0.00207420089282, 0.00171610037796, -0.000982276629657, 0.00118402659427, -0.00282218935899, 0.003026466351, -0.00385724427179, -0.00044165723375, 0.00018474033277, 0.0137084443122, -0.00302559719421, -0.000599678081926], [-0.000405902857892, 0.0023822770454, -0.00129281415138, 0.000470761326142, -0.00214091013186, 0.0013021605555, -0.00276467972435, 0.000489460828248, 0.00331837870181, -0.00584070663899, -0.00302559719421, 0.0225806087255, -0.00968795921654], [0.000304188404698, -0.00227017141879, 0.00035747961374, -0.00146556750406, 2.63575493591e-05, -0.00192861701362, 7.0659458288e-05, 0.00155593873933, -0.0040814965032, 0.0035916203633, -0.000599678081926, -0.00968795921654, 0.0248738862574]]
    },
    "melbands": {
        "mean": [0.00206468440592, 0.00165216927417, 0.0011618809076, 0.000617278274149, 0.000278186111245, 0.000233416620176, 0.000244135415414, 0.000275679223705, 0.000236071326071, 0.000192511812202, 0.00017932523042, 0.000135926587973, 9.42220212892e-05, 8.78835126059e-05, 6.19179118075e-05, 7.06566424924e-05, 5.76246347919e-05, 6.06383291597e-05, 7.03741679899e-05, 5.49903961655e-05, 5.19882996741e-05, 4.65371995233e-05, 4.24541540269e-05, 3.83347905881e-05, 2.71525896096e-05, 2.53414473264e-05, 1.76756311703e-05, 7.89624027675e-06, 6.06018193139e-06, 8.12833877717e-06, 5.6810335991e-06, 4.16064176534e-06, 3.86248893847e-06, 3.55221823156e-06, 3.00890474136e-06, 2.56823932432e-06, 2.26327756536e-06, 1.5629942709e-06, 1.2179012856e-06, 7.63637160617e-07]
    },
    "melbands128": {
        "mean": [0.000682309910189, 0.0025845344644, 0.00238808314316, 0.00158498215023, 0.00160710734781, 0.00174937467091, 0.00135257421061, 0.000939017743804, 0.00094391714083, 0.000657481024973, 0.000372316630092, 0.000347188935848, 0.000269617536105, 0.000157838818268, 0.000224640549277, 0.000272225035587, 0.000280002976069, 0.000218442844925, 0.000236937587033, 0.000199210073333, 0.000345095235389, 0.000386623869417, 0.000174134343979, 0.00016744210734, 0.000143670127727, 0.000236382576986, 0.000221679714741, 0.000130383807118, 0.000215178457438, 0.000113047070045, 0.000130684536998, 0.000132339468109, 7.23494667909e-05, 7.77395543992e-05, 0.000118083182315, 8.02064823802e-05, 5.53039935767e-05, 7.63931748224e-05, 5.07155345986e-05, 5.83008586545e-05, 8.25937459012e-05, 7.59721879149e-05, 5.13600352861e-05, 4.29805222666e-05, 7.95488522272e-05, 5.69958683627e-05, 4.69923397759e-05, 8.93320466275e-05, 6.84862243361e-05, 5.39980392205e-05, 5.78797771595e-05, 4.55642402812e-05, 6.62577658659e-05, 4.52567182947e-05, 4.19676289312e-05, 5.24059869349e-05, 4.58136055386e-05, 3.61034217349e-05, 4.56614106952e-05, 4.58459435322e-05, 4.05262653658e-05, 3.09472197841e-05, 2.52910849667e-05, 2.68027015409e-05, 2.92384502245e-05, 2.23628303502e-05, 2.59243206528e-05, 2.52124737017e-05, 1.45785706991e-05, 9.333079106e-06, 8.09608718555e-06, 7.2901684689e-06, 5.37015239388e-06, 5.22077334608e-06, 7.28170061848e-06, 9.55187442742e-06, 7.63496882428e-06, 6.81545043335e-06, 5.17891703566e-06, 5.0446719797e-06, 4.39304085376e-06, 3.73300645151e-06, 3.6315102534e-06, 3.64266566066e-06, 4.42540203949e-06, 3.90038940168e-06, 3.1647191463e-06, 2.98661302622e-06, 3.16214709528e-06, 2.90419029625e-06, 2.59514536083e-06, 2.55048712461e-06, 2.36927576225e-06, 2.33398031924e-06, 2.20578795052e-06, 1.76722437573e-06, 1.32011837195e-06, 1.39575990943e-06, 1.47325761191e-06, 9.57780912358e-07, 7.50622689338e-07, 8.09831419701e-07, 6.77726632148e-07, 5.51059088139e-07, 4.42429694658e-07, 3.51617927663e-07, 3.7864478486e-07, 3.80536135935e-07, 3.42529887121e-07, 1.9805692375e-07, 1.46443895233e-07, 1.39855032444e-07, 1.15525843114e-07, 1.04540646362e-07, 9.58019228392e-08, 7.38929131217e-08, 5.43997131786e-08, 4.35204050575e-08, 2.79780678625e-08, 2.18283506825e-08, 2.32559287383e-08, 2.44215190293e-08, 1.69817955253e-08, 9.10912945074e-09, 5.1095105924e-09, 2.74975042736e-09, 2.13589190778e-09, 1.766697455e-09]
    },
    "mfcc": {
        "mean": [-616.119506836, 122.977264404, -20.2031478882, 27.217590332, 6.07500696182, 2.45012283325, -3.00225734711, 5.27203321457, 2.01706886292, 2.85172820091, -0.76051902771, -2.08313584328, -4.59013605118],
        "cov": [[6345.48974609, -2709.34082031, 800.730651855, -146.880615234, 53.9104499817, 368.962158203, 200.747421265, 414.812530518, -22.9776535034, 158.300842285, 103.806365967, -25.8583240509, 137.56211853], [-2709.34082031, 1825.8494873, -583.988769531, 146.231811523, -42.3806419373, -195.321762085, -18.6358699799, -156.191955566, 14.9669837952, -40.9260444641, -23.453578949, -0.244576409459, -46.0345573425], [800.730651855, -583.988769531, 627.941894531, -18.7253513336, 96.1073532104, 161.794845581, 20.6558055878, 68.7433166504, 56.9084320068, 45.082988739, 38.6054916382, 46.6346702576, 49.6137809753], [-146.880615234, 146.231811523, -18.7253513336, 229.392730713, 42.4788284302, 37.8707237244, -4.91352510452, -2.16043758392, 33.9958992004, 11.6951065063, 7.63534164429, 15.3428058624, 23.9420986176], [53.9104499817, -42.3806419373, 96.1073532104, 42.4788284302, 188.216491699, 42.6717414856, 22.4654922485, 24.7258548737, 20.5483207703, 19.8983421326, 22.8466739655, 17.9699821472, 13.3726387024], [368.962158203, -195.321762085, 161.794845581, 37.8707237244, 42.6717414856, 216.906448364, 59.7648391724, 48.2581520081, 60.3865470886, 9.10767555237, 27.1811275482, 21.9415016174, 23.6197052002], [200.747421265, -18.6358699799, 20.6558055878, -4.91352510452, 22.4654922485, 59.7648391724, 149.40914917, 72.9370422363, 13.7900075912, 12.2994375229, 23.5475406647, 1.84075975418, 12.0814743042], [414.812530518, -156.191955566, 68.7433166504, -2.16043758392, 24.7258548737, 48.2581520081, 72.9370422363, 122.709945679, 30.2275123596, 27.4478416443, 21.6401939392, 8.17294979095, 21.5825424194], [-22.9776535034, 14.9669837952, 56.9084320068, 33.9958992004, 20.5483207703, 60.3865470886, 13.7900075912, 30.2275123596, 116.44467926, 30.6570663452, 26.4030399323, 30.3957538605, 18.3877906799], [158.300842285, -40.9260444641, 45.082988739, 11.6951065063, 19.8983421326, 9.10767555237, 12.2994375229, 27.4478416443, 30.6570663452, 81.6344299316, 35.7348861694, 15.9549703598, 16.4759120941], [103.806365967, -23.453578949, 38.6054916382, 7.63534164429, 22.8466739655, 27.1811275482, 23.5475406647, 21.6401939392, 26.4030399323, 35.7348861694, 75.0998840332, 32.9229240417, 17.2994403839], [-25.8583240509, -0.244576409459, 46.6346702576, 15.3428058624, 17.9699821472, 21.9415016174, 1.84075975418, 8.17294979095, 30.3957538605, 15.9549703598, 32.9229240417, 73.4104614258, 31.7256202698], [137.56211853, -46.0345573425, 49.6137809753, 23.9420986176, 13.3726387024, 23.6197052002, 12.0814743042, 21.5825424194, 18.3877906799, 16.4759120941, 17.2994403839, 31.7256202698, 63.9665603638]],
        "icov": [[0.000572927528992, 0.000786719552707, 0.000132419489091, -0.00013508462871, 0.000176267480128, -0.000216549466131, -0.000188597477973, -0.000713548855856, 0.000428794854088, -0.00053324457258, -0.000334070879035, 0.000597697566263, -0.000590590469074], [0.000786719552707, 0.00209791678935, 0.000922011095099, -0.000745515862945, 9.10406379262e-05, 0.000382358353818, -0.00107991078403, 0.000287269969704, -0.000280525971903, -0.000553222198505, -0.000417658389779, 0.000358063261956, -0.000512839236762], [0.000132419489091, 0.000922011095099, 0.00295546697453, 0.000356016476871, -0.000940345053095, -0.00130186299793, 0.000346349988831, -2.53898883784e-06, -0.000360888050636, -0.00080513569992, 0.000207481221878, -0.000700523203705, -0.000831619021483], [-0.00013508462871, -0.000745515862945, 0.000356016476871, 0.00555926607922, -0.00120680429973, -0.00143018027302, 0.00112526398152, 5.5315100326e-05, -0.000668588036206, -0.000463169970317, 0.000526082527358, 0.000262677465798, -0.00201480928808], [0.000176267480128, 9.10406379262e-05, -0.000940345053095, -0.00120680429973, 0.00637561129406, -0.000262542744167, -0.000514617946465, -0.000717649934813, 0.000478586909594, -0.000604695873335, -0.000925189233385, -0.000296120822895, 0.000386169122066], [-0.000216549466131, 0.000382358353818, -0.00130186299793, -0.00143018027302, -0.000262542744167, 0.00820495560765, -0.00299430335872, 0.000981302000582, -0.00361257861368, 0.0025518364273, -0.000952916685492, -0.000105030427221, 0.000236561420024], [-0.000188597477973, -0.00107991078403, 0.000346349988831, 0.00112526398152, -0.000514617946465, -0.00299430335872, 0.0114591503516, -0.00660885777324, 0.00167745852377, 0.000576282269321, -0.00213652080856, 0.00128733855672, -0.000473933469038], [-0.000713548855856, 0.000287269969704, -2.53898883784e-06, 5.5315100326e-05, -0.000717649934813, 0.000981302000582, -0.00660885777324, 0.0159454569221, -0.00348745123483, -0.00146833714098, 0.000617151265033, 0.000136533170007, -0.0014755516313], [0.000428794854088, -0.000280525971903, -0.000360888050636, -0.000668588036206, 0.000478586909594, -0.00361257861368, 0.00167745852377, -0.00348745123483, 0.0133732622489, -0.00374817103148, -0.00054697698215, -0.00269503821619, 0.000105625797005], [-0.00053324457258, -0.000553222198505, -0.00080513569992, -0.000463169970317, -0.000604695873335, 0.0025518364273, 0.000576282269321, -0.00146833714098, -0.00374817103148, 0.018320703879, -0.00714008882642, 0.00124940788373, -0.00121290795505], [-0.000334070879035, -0.000417658389779, 0.000207481221878, 0.000526082527358, -0.000925189233385, -0.000952916685492, -0.00213652080856, 0.000617151265033, -0.00054697698215, -0.00714008882642, 0.0215508006513, -0.00819867104292, 0.00103491719346], [0.000597697566263, 0.000358063261956, -0.000700523203705, 0.000262677465798, -0.000296120822895, -0.000105030427221, 0.00128733855672, 0.000136533170007, -0.00269503821619, 0.00124940788373, -0.00819867104292, 0.0228863786906, -0.00945198815316], [-0.000590590469074, -0.000512839236762, -0.000831619021483, -0.00201480928808, 0.000386169122066, 0.000236561420024, -0.000473933469038, -0.0014755516313, 0.000105625797005, -0.00121290795505, 0.00103491719346, -0.00945198815316, 0.0230426900089]]
    },
    "spectral_contrast_coeffs": {
        "mean": [-0.702493131161, -0.77208006382, -0.772982954979, -0.794831395149, -0.779898703098, -0.747340559959]
    },
    "spectral_contrast_valleys": {
        "mean": [-6.58371686935, -6.43930149078, -6.98118162155, -6.97233724594, -7.09232568741, -10.1688098907]
    }
},
"rhythm": {
    "beats_count": 488,
    "beats_loudness": {
        "mean": 0.0395694114268
    },
    "bpm": 139.936050415,
    "bpm_histogram_first_peak_bpm": 140,
    "bpm_histogram_first_peak_weight": 0.261640787125,
    "bpm_histogram_second_peak_bpm": 126,
    "bpm_histogram_second_peak_spread": 0.611111104488,
    "bpm_histogram_second_peak_weight": 0.0143737168983,
    "danceability": 1.10637116432,
    "onset_rate": 2.56429171562,
    "beats_loudness_band_ratio": {
        "mean": [0.518485665321, 0.121842473745, 0.135274842381, 0.0971566811204, 0.114923641086, 0.055348161608]
    },
    "beats_position": [0.429569154978, 0.870748281479, 1.31192743778, 1.75310659409, 2.20589566231, 2.6470746994, 3.08825397491, 3.52943301201, 3.97061228752, 4.38857126236, 4.81814050674, 5.24770975113, 5.6888885498, 6.10684776306, 6.52480697632, 6.96598625183, 7.39555549622, 7.8251247406, 8.25469398499, 8.68426322937, 9.11383247375, 9.54340076447, 9.97297000885, 10.4025392532, 10.8204984665, 11.261677742, 11.6912469864, 12.1208162308, 12.538775444, 12.9683446884, 13.3979139328, 13.8158731461, 14.2570514679, 14.6866207123, 15.1161899567, 15.5341491699, 15.9637184143, 16.3932876587, 16.8228569031, 17.2524261475, 17.6819953918, 18.1115646362, 18.5411338806, 18.970703125, 19.4002723694, 19.8298416138, 20.2594108582, 20.6889801025, 21.1069393158, 21.5365066528, 21.9660758972, 22.3956451416, 22.825214386, 23.2431735992, 23.6727428436, 24.102312088, 24.5434913635, 24.9614505768, 25.3910198212, 25.8205890656, 26.2501583099, 26.6797275543, 27.1092967987, 27.5388660431, 27.9684352875, 28.3980045319, 28.8275737762, 29.2571430206, 29.6751022339, 30.1046714783, 30.5342407227, 30.9638080597, 31.3933773041, 31.8229465485, 32.2525177002, 32.6820869446, 33.111656189, 33.5412254333, 33.9707946777, 34.4003639221, 34.8299331665, 35.2478904724, 35.6774597168, 36.1070289612, 36.5482063293, 36.96616745, 37.3957366943, 37.8253059387, 38.2548751831, 38.6844444275, 39.1024017334, 39.5319709778, 39.9615402222, 40.3911094666, 40.8206787109, 41.2502479553, 41.6798171997, 42.1093864441, 42.5389556885, 42.9685249329, 43.3980941772, 43.8160552979, 44.257232666, 44.6751937866, 45.1163711548, 45.5343284607, 45.9638977051, 46.3934669495, 46.8230361938, 47.2526054382, 47.6821746826, 48.111743927, 48.5413131714, 48.9708824158, 49.3888435364, 49.8184127808, 50.2479820251, 50.6775512695, 51.1071205139, 51.5366897583, 51.9662590027, 52.3958282471, 52.8253974915, 53.2433547974, 53.6729240417, 54.1024932861, 54.5204544067, 54.9384117126, 55.3912010193, 55.8207702637, 56.2619476318, 56.6915168762, 57.1210861206, 57.5390472412, 57.9686164856, 58.39818573, 58.8161430359, 59.2457122803, 59.6752815247, 60.104850769, 60.5344200134, 60.9756011963, 61.3935585022, 61.8231277466, 62.252696991, 62.6822662354, 63.1118354797, 63.5297966003, 63.9709739685, 64.3889312744, 64.8301086426, 65.2480697632, 65.6776428223, 66.107208252, 66.536781311, 66.9663467407, 67.3843078613, 67.8254852295, 68.2550582886, 68.6846237183, 69.1141967773, 69.543762207, 69.9733352661, 70.4029006958, 70.8324737549, 71.2620391846, 71.6800003052, 72.0979614258, 72.5275268555, 72.9570999146, 73.3982772827, 73.8278427124, 74.2574157715, 74.6753692627, 75.1165542603, 75.5345077515, 75.9640808105, 76.3936462402, 76.8232192993, 77.2411804199, 77.6707458496, 78.1003189087, 78.5298843384, 78.9594573975, 79.3890228271, 79.8185958862, 80.2365493774, 80.6661224365, 81.0956878662, 81.5252609253, 81.954826355, 82.3960113525, 82.8255767822, 83.2551422119, 83.684715271, 84.1258926392, 84.5554656982, 84.9850311279, 85.4029922485, 85.8209533691, 86.2505187988, 86.6800918579, 87.1096572876, 87.5392303467, 87.9687957764, 88.3983688354, 88.8279342651, 89.2575073242, 89.6754608154, 90.1050338745, 90.5345993042, 90.9641723633, 91.393737793, 91.8233108521, 92.2528762817, 92.6824493408, 93.1120147705, 93.5415878296, 93.9711532593, 94.4007263184, 94.830291748, 95.2482528687, 95.6778182983, 96.1073913574, 96.5369567871, 96.9665298462, 97.3844909668, 97.825668335, 98.2552337646, 98.6848068237, 99.1143722534, 99.5439453125, 99.9619064331, 100.391471863, 100.821044922, 101.250610352, 101.680175781, 102.10974884, 102.53931427, 102.968887329, 103.398452759, 103.816413879, 104.257591248, 104.687164307, 105.116729736, 105.534690857, 105.964263916, 106.393829346, 106.823402405, 107.252967834, 107.694145203, 108.112106323, 108.541679382, 108.971244812, 109.400817871, 109.830383301, 110.248344421, 110.677909851, 111.10748291, 111.525436401, 111.966621399, 112.38457489, 112.802536011, 113.243713379, 113.673286438, 114.102851868, 114.532424927, 114.961990356, 115.391563416, 115.821128845, 116.250701904, 116.680267334, 117.109840393, 117.539405823, 117.968978882, 118.398544312, 118.816505432, 119.246078491, 119.675643921, 120.10521698, 120.53478241, 120.975959778, 121.405532837, 121.823486328, 122.253059387, 122.682624817, 123.112197876, 123.541763306, 123.971336365, 124.412513733, 124.86530304, 125.318092346, 125.770881653, 126.223670959, 126.64163208, 127.047981262, 127.465942383, 127.895507812, 128.325073242, 128.754638672, 129.18421936, 129.660217285, 130.136230469, 130.612243652, 131.099868774, 131.587478638, 132.063491821, 132.504669189, 132.934234619, 133.375411987, 133.804992676, 134.246170044, 134.687347412, 135.116912842, 135.546478271, 135.97605896, 136.40562439, 136.835189819, 137.253143311, 137.671112061, 138.10067749, 138.53024292, 138.959823608, 139.389389038, 139.818954468, 140.248519897, 140.678085327, 141.107666016, 141.537231445, 141.966796875, 142.396362305, 142.825942993, 143.255508423, 143.685073853, 144.114639282, 144.544219971, 144.9737854, 145.40335083, 145.83291626, 146.262496948, 146.692062378, 147.121627808, 147.539596558, 147.957550049, 148.387115479, 148.816680908, 149.246261597, 149.675827026, 150.105392456, 150.534957886, 150.964538574, 151.394104004, 151.835281372, 152.253234863, 152.682815552, 153.112380981, 153.541946411, 153.971511841, 154.389480591, 154.819046021, 155.24861145, 155.6665802, 156.107757568, 156.548934937, 156.966888428, 157.396453857, 157.826034546, 158.243988037, 158.661941528, 159.103118896, 159.544311523, 159.962265015, 160.391830444, 160.821395874, 161.250976562, 161.680541992, 162.110107422, 162.539672852, 162.96925354, 163.39881897, 163.816772461, 164.246353149, 164.675918579, 165.105484009, 165.535049438, 165.964630127, 166.394195557, 166.823760986, 167.253326416, 167.671295166, 168.100860596, 168.530426025, 168.959991455, 169.389572144, 169.819137573, 170.248703003, 170.678268433, 171.107849121, 171.537414551, 171.96697998, 172.39654541, 172.826126099, 173.24407959, 173.685256958, 174.114822388, 174.544403076, 174.973968506, 175.403533936, 175.833099365, 176.262680054, 176.692245483, 177.121810913, 177.551376343, 177.969345093, 178.398910522, 178.828475952, 179.258041382, 179.68762207, 180.1171875, 180.535140991, 180.964706421, 181.394287109, 181.823852539, 182.253417969, 182.671386719, 183.112564087, 183.542129517, 183.971694946, 184.389663696, 184.819229126, 185.248794556, 185.678359985, 186.107940674, 186.537506104, 186.967071533, 187.396636963, 187.826202393, 188.255783081, 188.685348511, 189.103302002, 189.53288269, 189.96244812, 190.39201355, 190.821578979, 191.251159668, 191.680725098, 192.110290527, 192.539855957, 192.957824707, 193.387390137, 193.816955566, 194.258132935, 194.687713623, 195.117279053, 195.535232544, 195.964797974, 196.394378662, 196.823944092, 197.253509521, 197.683074951, 198.11265564, 198.530609131, 198.960174561, 199.401351929, 199.842529297, 200.295318604, 200.817779541, 201.34022522, 201.862670898, 202.373504639, 202.884353638, 203.395187378, 203.906021118, 204.416870117, 204.927703857, 205.426940918, 205.914550781, 206.402175903, 206.889785767, 207.36579895, 207.853424072, 208.329421997, 208.805435181, 209.269836426, 209.734237671, 210.198638916, 210.663040161, 211.127426147],
    "bpm_histogram": [0, 0, 0, 0, 0, 0, 0, 0, 0, 0, 0, 0, 0, 0, 0, 0, 0, 0, 0, 0, 0, 0, 0, 0, 0, 0, 0, 0, 0, 0, 0, 0, 0, 0, 0, 0, 0, 0, 0, 0, 0, 0, 0, 0, 0, 0, 0, 0, 0, 0, 0, 0, 0, 0, 0, 0, 0, 0, 0, 0, 0, 0, 0, 0, 0, 0, 0, 0, 0, 0, 0, 0, 0, 0, 0, 0, 0, 0, 0, 0, 0, 0, 0, 0, 0, 0, 0, 0, 0, 0, 0, 0, 0, 0, 0, 0, 0, 0, 0, 0, 0, 0, 0, 0, 0, 0, 0, 0, 0, 0, 0, 0, 0, 0, 0, 0.00616016425192, 0, 0.0123203285038, 0, 0, 0.00205338816158, 0, 0, 0.0123203285038, 0, 0, 0.0143737168983, 0, 0, 0.0102669401094, 0, 0, 0, 0.0143737168983, 0, 0, 0.0924024656415, 0, 0, 0, 0.683778226376, 0, 0, 0, 0.14989733696, 0, 0, 0, 0.00205338816158, 0, 0, 0, 0, 0, 0, 0, 0, 0, 0, 0, 0, 0, 0, 0, 0, 0, 0, 0, 0, 0, 0, 0, 0, 0, 0, 0, 0, 0, 0, 0, 0, 0, 0, 0, 0, 0, 0, 0, 0, 0, 0, 0, 0, 0, 0, 0, 0, 0, 0, 0, 0, 0, 0, 0, 0, 0, 0, 0, 0, 0, 0, 0, 0, 0, 0, 0, 0, 0, 0, 0, 0, 0, 0, 0, 0, 0, 0, 0, 0, 0, 0, 0, 0, 0, 0, 0, 0, 0, 0, 0, 0, 0, 0, 0, 0, 0, 0, 0, 0, 0]
},
"tonal": {
    "chords_changes_rate": 0.061828546226,
    "chords_number_rate": 0.00197325157933,
    "chords_strength": {
        "mean": 0.514450073242
    },
    "hpcp_crest": {
        "mean": 13.3517227173
    },
    "hpcp_entropy": {
        "mean": 2.0952835083
    },
    "key_edma": {
        "strength": 0.866345584393,
        "key": "F#",
        "scale": "major"
    },
    "key_krumhansl": {
        "strength": 0.867698073387,
        "key": "F#",
        "scale": "major"
    },
    "key_temperley": {
        "strength": 0.867975771427,
        "key": "F#",
        "scale": "major"
    },
    "tuning_diatonic_strength": 0.712889969349,
    "tuning_equal_tempered_deviation": 0.253119170666,
    "tuning_frequency": 434.193115234,
    "tuning_nontempered_energy_ratio": 0.968590199947,
    "hpcp": {
        "mean": [0.0968810841441, 0.0804111808538, 0.0788074433804, 0.159662559628, 0.199971020222, 0.129455089569, 0.129344195127, 0.141219183803, 0.0973003432155, 0.0955091416836, 0.0966051146388, 0.0980891436338, 0.288293600082, 0.374138176441, 0.179784089327, 0.0761576443911, 0.0759427696466, 0.0826027840376, 0.143510937691, 0.169051021338, 0.108635261655, 0.0730179324746, 0.063173301518, 0.0698787197471, 0.127369865775, 0.15165656805, 0.132713675499, 0.286596775055, 0.333239108324, 0.155985847116, 0.0874834284186, 0.0824349299073, 0.0947432592511, 0.228624373674, 0.282651633024, 0.161958813667]
    },
    "chords_histogram": [36.1762771606, 5.89782953262, 28.919095993, 0.833150625229, 1.77592635155, 0.0219250172377, 1.99517655373, 0, 0.372725278139, 0, 0, 0, 0, 0, 0, 0.306950241327, 0, 6.27055454254, 0, 0.197325155139, 0, 2.98180222511, 6.55558013916, 7.69568061829],
    "thpcp": [1, 0.480528593063, 0.203554853797, 0.202980548143, 0.220781490207, 0.383577376604, 0.451841145754, 0.290361344814, 0.195163011551, 0.168850183487, 0.186772495508, 0.340435355902, 0.405349075794, 0.354718357325, 0.766018509865, 0.890684604645, 0.416920423508, 0.233826518059, 0.220332846045, 0.253230661154, 0.611069381237, 0.755473911762, 0.432885020971, 0.258944660425, 0.214923754334, 0.210637271404, 0.426747560501, 0.534484386444, 0.346008777618, 0.34571236372, 0.377451956272, 0.260065257549, 0.255277723074, 0.258207052946, 0.262173563242, 0.770553827286],
    "chords_key": "F#",
    "chords_scale": "major"
}
}