{
"metadata": {
    "version": {
        "essentia": "2.1-beta6-dev",
        "essentia_git_sha": "v2.1_beta5-1177-g1d1cc983",
        "extractor": "music 2.0"
    },
    "audio_properties": {
        "analysis": {
            "equal_loudness": 0,
            "length": 249.5,
            "sample_rate": 44100,
            "start_time": 0,
            "downmix": "mix"
        },
        "bit_rate": 1411200,
        "length": 249.5,
        "lossless": 1,
        "number_channels": 2,
        "replay_gain": -14.7408123016,
        "sample_rate": 44100,
        "codec": "pcm_s16le",
        "md5_encoded": "2051a9e9a6f5ec0df07776e9cbacd1c3"
    },
    "tags": {
        "file_name": "08 - All Get Out - Sideways.wav",
        "album": ["Nobody Likes A Quitter"],
        "albumartist": ["All Get Out"],
        "artist": ["All Get Out"],
        "composer": ["Nathan Hussey"],
        "copyright": ["2016 Bad Timing Records and Many Hats Distribution 2016 Bad Timing Records and Many Hats Distribution"],
        "date": ["2016"],
        "discnumber": ["1"],
        "disctotal": ["1"],
        "genre": ["Alternative & Indie"],
        "isrc": ["QM87M1604208"],
        "title": ["Sideways"],
        "tracknumber": ["8"],
        "tracktotal": ["10"]
    }
},
"lowlevel": {
    "average_loudness": 0.944895267487,
    "barkbands_crest": {
        "mean": 10.4101037979
    },
    "barkbands_flatness_db": {
        "mean": 0.120576426387
    },
    "barkbands_kurtosis": {
        "mean": 3.37534427643
    },
    "barkbands_skewness": {
        "mean": 1.56822013855
    },
    "barkbands_spread": {
        "mean": 28.3807601929
    },
    "dissonance": {
        "mean": 0.476961106062
    },
    "dynamic_complexity": 3.38343596458,
    "erbbands_crest": {
        "mean": 7.24852848053
    },
    "erbbands_flatness_db": {
        "mean": 0.135274454951
    },
    "erbbands_kurtosis": {
        "mean": -0.0458390153944
    },
    "erbbands_skewness": {
        "mean": -0.223917111754
    },
    "erbbands_spread": {
        "mean": 44.0317993164
    },
    "hfc": {
        "mean": 23.0211696625
    },
    "loudness_ebu128": {
        "integrated": -7.81546783447,
        "loudness_range": 2.84231424332,
        "momentary": {
            "mean": -9.66854286194
        },
        "short_term": {
            "mean": -9.04406452179
        }
    },
    "melbands_crest": {
        "mean": 14.9844713211
    },
    "melbands_flatness_db": {
        "mean": 0.195926085114
    },
    "melbands_kurtosis": {
        "mean": 18.8957099915
    },
    "melbands_skewness": {
        "mean": 3.17758345604
    },
    "melbands_spread": {
        "mean": 25.6202869415
    },
    "pitch_salience": {
        "mean": 0.526636004448
    },
    "silence_rate_20dB": {
        "mean": 1
    },
    "silence_rate_30dB": {
        "mean": 0.992183864117
    },
    "silence_rate_60dB": {
        "mean": 0.0509909726679
    },
    "spectral_centroid": {
        "mean": 1602.06872559
    },
    "spectral_complexity": {
        "mean": 25.8954124451
    },
    "spectral_decrease": {
        "mean": -8.3184943378e-09
    },
    "spectral_energy": {
        "mean": 0.0334838554263
    },
    "spectral_energyband_high": {
        "mean": 0.000900571933016
    },
    "spectral_energyband_low": {
        "mean": 0.0177373513579
    },
    "spectral_energyband_middle_high": {
        "mean": 0.00634407065809
    },
    "spectral_energyband_middle_low": {
        "mean": 0.0106269819662
    },
    "spectral_entropy": {
        "mean": 7.68627500534
    },
    "spectral_flux": {
        "mean": 0.0883461236954
    },
    "spectral_kurtosis": {
        "mean": 4.45238733292
    },
    "spectral_rms": {
        "mean": 0.00534148560837
    },
    "spectral_rolloff": {
        "mean": 1789.1463623
    },
    "spectral_skewness": {
        "mean": 1.41640985012
    },
    "spectral_spread": {
        "mean": 4342192
    },
    "spectral_strongpeak": {
        "mean": 0.511802792549
    },
    "zerocrossingrate": {
        "mean": 0.0605491921306
    },
    "barkbands": {
        "mean": [0.000231704412727, 0.00977660156786, 0.00581662263721, 0.00346369901672, 0.00293305399828, 0.00135780917481, 0.000926601409446, 0.000754703185521, 0.000807109405287, 0.000813480466604, 0.000717997259926, 0.000520266592503, 0.000341109960573, 0.000556229380891, 0.000534263148438, 0.000668869644869, 0.000809862394817, 0.000682849262375, 0.00064747442957, 0.000363673083484, 0.000224628442083, 0.000178927090019, 0.000137716138852, 0.000134430534672, 6.34257739875e-05, 1.62430897035e-05, 4.49763820143e-06]
    },
    "erbbands": {
        "mean": [0.202694833279, 2.47850203514, 6.91313695908, 9.59718322754, 10.5225419998, 10.685628891, 8.23956680298, 10.8410463333, 12.4329957962, 15.3885660172, 18.1440658569, 18.9475059509, 25.8138065338, 29.116985321, 19.8309822083, 22.0647888184, 16.9466056824, 28.7402648926, 25.8061008453, 28.4180431366, 42.3143043518, 43.7724266052, 40.0650749207, 34.1801948547, 31.10247612, 16.0933818817, 10.4862194061, 7.98424482346, 6.93266582489, 4.31021738052, 4.05590963364, 3.06438827515, 2.06238293648, 0.979676663876, 0.305749922991, 0.0857645496726, 0.0261500608176, 0.0079562664032, 0.000727377191652, 6.46074695396e-05]
    },
    "gfcc": {
        "mean": [7.44851016998, 90.8152618408, -112.808013916, 42.9770240784, -42.0766296387, 11.6621656418, -30.959487915, 13.4692287445, -22.7945518494, -5.33765649796, -13.2758893967, -4.48189926147, -10.1547470093],
        "cov": [[19964.7617188, -152.912078857, -2080.14916992, 485.012695312, -691.33807373, 461.805053711, -446.322479248, 513.496398926, -270.428466797, 129.56111145, -216.336334229, -11.2743902206, -303.587768555], [-152.912078857, 1007.19384766, -223.294692993, -90.3797836304, 190.330459595, -95.8991012573, 97.7432327271, 52.6361503601, 46.7703208923, -25.0360870361, 107.903839111, -47.5567741394, 63.1864776611], [-2080.14916992, -223.294692993, 723.145141602, 85.8133163452, -4.99988889694, 41.963306427, 28.218837738, -69.4076690674, 49.6629142761, 40.9913864136, 2.19869208336, 25.3898715973, 12.4119615555], [485.012695312, -90.3797836304, 85.8133163452, 208.179718018, 12.5264501572, 26.4208316803, -23.5164909363, -1.26042020321, 15.2728967667, 12.6244850159, -1.68008518219, 17.0610809326, -2.82817578316], [-691.33807373, 190.330459595, -4.99988889694, 12.5264501572, 295.489562988, 5.95406484604, 80.8851013184, 33.4014091492, 49.7731018066, 0.602279484272, 44.7572631836, 7.19092130661, 39.3027496338], [461.805053711, -95.8991012573, 41.963306427, 26.4208316803, 5.95406484604, 164.738815308, 53.3490180969, -5.91149616241, 4.82997989655, 23.9907779694, -23.4187145233, 16.1377944946, -10.7532711029], [-446.322479248, 97.7432327271, 28.218837738, -23.5164909363, 80.8851013184, 53.3490180969, 152.912704468, 37.3931999207, 34.0272903442, 5.04262304306, 16.9004039764, 3.8280274868, 4.30122709274], [513.496398926, 52.6361503601, -69.4076690674, -1.26042020321, 33.4014091492, -5.91149616241, 37.3931999207, 142.093811035, 39.3748703003, 14.1516132355, 23.7888641357, -4.58530902863, -6.998711586], [-270.428466797, 46.7703208923, 49.6629142761, 15.2728967667, 49.7731018066, 4.82997989655, 34.0272903442, 39.3748703003, 96.9664154053, 34.7325935364, 11.1436357498, 6.43482446671, 10.3773918152], [129.56111145, -25.0360870361, 40.9913864136, 12.6244850159, 0.602279484272, 23.9907779694, 5.04262304306, 14.1516132355, 34.7325935364, 71.7510375977, 21.4225406647, 3.52621793747, -5.33371543884], [-216.336334229, 107.903839111, 2.19869208336, -1.68008518219, 44.7572631836, -23.4187145233, 16.9004039764, 23.7888641357, 11.1436357498, 21.4225406647, 83.0291595459, 13.3543729782, 7.6543211937], [-11.2743902206, -47.5567741394, 25.3898715973, 17.0610809326, 7.19092130661, 16.1377944946, 3.8280274868, -4.58530902863, 6.43482446671, 3.52621793747, 13.3543729782, 66.5143127441, 21.6063251495], [-303.587768555, 63.1864776611, 12.4119615555, -2.82817578316, 39.3027496338, -10.7532711029, 4.30122709274, -6.998711586, 10.3773918152, -5.33371543884, 7.6543211937, 21.6063251495, 62.2678604126]],
        "icov": [[0.000243388989475, -0.000277345941868, 0.000620716426056, -0.00071861007018, 0.000389086751966, -0.000881156884134, 0.000784287054557, -0.00107095751446, 0.000801194342785, -0.000870358664542, 0.000800781883299, -0.000551871780772, 0.000624390784651], [-0.000277345941868, 0.00215979362838, -0.000136562404805, 0.00103652372491, -0.000718115770724, 0.00141266686842, -0.00180014409125, 0.00170444732066, -0.00195326283574, 0.00209147902206, -0.00333801400848, 0.0028045612853, -0.00251456419937], [0.000620716426056, -0.000136562404805, 0.00347885419615, -0.00243991799653, 0.00120794039685, -0.0021108861547, 0.001085533062, -0.00131985021289, 0.000753774773329, -0.00245116045699, 0.00116469827481, -0.000919577316381, 0.000850646116305], [-0.00071861007018, 0.00103652372491, -0.00243991799653, 0.00781929772347, -0.00190689717419, 0.00142297695857, -0.000327929505147, 0.00269414088689, -0.0032438817434, 0.00294805434532, -0.00260274927132, 0.000629921501968, -0.00104458245914], [0.000389086751966, -0.000718115770724, 0.00120794039685, -0.00190689717419, 0.0056935697794, -0.00178875308484, -0.000649770663586, -0.00156532565597, -0.000607650785241, 4.6584107622e-05, -0.000915980199352, 6.94700429449e-05, -0.00154160754755], [-0.000881156884134, 0.00141266686842, -0.0021108861547, 0.00142297695857, -0.00178875308484, 0.0128059433773, -0.00742662232369, 0.00459974398836, -0.000664805993438, -0.00175276794471, 0.00145925302058, -0.000730939325877, -0.00083874957636], [0.000784287054557, -0.00180014409125, 0.001085533062, -0.000327929505147, -0.000649770663586, -0.00742662232369, 0.0137573918328, -0.00565672013909, 0.000420069001848, -0.000243937931373, 0.00147129036486, -0.00224346085452, 0.00346741406247], [-0.00107095751446, 0.00170444732066, -0.00131985021289, 0.00269414088689, -0.00156532565597, 0.00459974398836, -0.00565672013909, 0.0145097551867, -0.0077157933265, 0.00412421766669, -0.00622991519049, 0.00352018862031, -0.00157813669648], [0.000801194342785, -0.00195326283574, 0.000753774773329, -0.0032438817434, -0.000607650785241, -0.000664805993438, 0.000420069001848, -0.0077157933265, 0.0206317920238, -0.012302284129, 0.00780727993697, -0.00428052758798, 0.000996574759483], [-0.000870358664542, 0.00209147902206, -0.00245116045699, 0.00294805434532, 4.6584107622e-05, -0.00175276794471, -0.000243937931373, 0.00412421766669, -0.012302284129, 0.026170456782, -0.0122786955908, 0.00501177273691, -0.00153268594295], [0.000800781883299, -0.00333801400848, 0.00116469827481, -0.00260274927132, -0.000915980199352, 0.00145925302058, 0.00147129036486, -0.00622991519049, 0.00780727993697, -0.0122786955908, 0.0239400099963, -0.00929984077811, 0.00490061566234], [-0.000551871780772, 0.0028045612853, -0.000919577316381, 0.000629921501968, 6.94700429449e-05, -0.000730939325877, -0.00224346085452, 0.00352018862031, -0.00428052758798, 0.00501177273691, -0.00929984077811, 0.0231675226241, -0.0106971636415], [0.000624390784651, -0.00251456419937, 0.000850646116305, -0.00104458245914, -0.00154160754755, -0.00083874957636, 0.00346741406247, -0.00157813669648, 0.000996574759483, -0.00153268594295, 0.00490061566234, -0.0106971636415, 0.0246618594974]]
    },
    "melbands": {
        "mean": [0.0023294177372, 0.00350773567334, 0.00169163080864, 0.000764992786571, 0.00030551297823, 0.000253412872553, 0.000196152075659, 0.000164139652043, 0.000150087158545, 0.000119074895338, 0.000126691404148, 0.000113812246127, 7.53379645175e-05, 5.55441984034e-05, 4.53391439805e-05, 3.78943441319e-05, 5.74505866098e-05, 3.87435975426e-05, 4.32498345617e-05, 4.19846146542e-05, 4.89669473609e-05, 4.45535988547e-05, 4.18024901592e-05, 3.12497286359e-05, 2.71152857749e-05, 2.49270124186e-05, 1.79549570021e-05, 8.84164728632e-06, 6.83588814354e-06, 5.20327239428e-06, 4.41643942395e-06, 4.02615887651e-06, 3.16280329571e-06, 2.1587768515e-06, 2.43770818997e-06, 2.03806689569e-06, 1.82956830486e-06, 1.52770019213e-06, 1.14791350825e-06, 7.11566315204e-07]
    },
    "melbands128": {
        "mean": [0.000216956424993, 0.00119179033209, 0.00328761176206, 0.00437655160204, 0.00393448537216, 0.00259983842261, 0.00198826217093, 0.00161892303731, 0.000937801902182, 0.000821729539894, 0.000611099938396, 0.00025669587194, 0.000273603131063, 0.000284406734863, 0.00022546882974, 0.000263858557446, 0.000234575200011, 0.000134074784, 0.000239696528297, 0.000157432892593, 0.000147774582729, 0.000109768297989, 0.000194923020899, 0.000134568908834, 9.27461587708e-05, 0.000147132610437, 8.04631126812e-05, 0.000174931701622, 0.000102791127574, 7.99948684289e-05, 0.00014804379316, 0.00012820304255, 4.88068253617e-05, 6.42189115752e-05, 3.90251479985e-05, 6.24637905275e-05, 6.63434839225e-05, 5.47332747374e-05, 2.02580467885e-05, 3.35771219397e-05, 5.24293536728e-05, 2.3672464522e-05, 6.0428516008e-05, 8.07667966001e-05, 3.49217953044e-05, 3.10397590511e-05, 4.01343786507e-05, 5.51172488485e-05, 3.7668425648e-05, 2.54265742115e-05, 4.17229093728e-05, 6.094382843e-05, 5.11926918989e-05, 4.63201286038e-05, 4.12797671743e-05, 3.96840332542e-05, 5.28101372765e-05, 4.46613012173e-05, 3.58259785571e-05, 4.19175885327e-05, 2.69297324849e-05, 2.7586831493e-05, 2.97744445561e-05, 2.63333895418e-05, 2.47643092735e-05, 2.61490986304e-05, 2.45359242399e-05, 2.10776106542e-05, 1.75897712325e-05, 1.11231320261e-05, 8.89851435204e-06, 7.65121876611e-06, 7.19889976608e-06, 6.82381823935e-06, 6.11592759014e-06, 5.30612260263e-06, 4.91734908792e-06, 4.51335563412e-06, 4.50989955425e-06, 4.1102657633e-06, 3.8771090658e-06, 4.11257087762e-06, 4.00695944336e-06, 3.27790917254e-06, 2.32510728893e-06, 1.82430380846e-06, 2.10481925933e-06, 2.70100281341e-06, 2.50752850661e-06, 2.26137035497e-06, 2.14845522351e-06, 1.9866281491e-06, 1.82768633294e-06, 1.81581594916e-06, 1.89854824839e-06, 1.63345191595e-06, 1.45450417222e-06, 1.35377513288e-06, 1.17756792406e-06, 1.04652440314e-06, 8.97964469004e-07, 6.19970023763e-07, 5.40478822586e-07, 4.58492309008e-07, 3.28279639916e-07, 2.25139174859e-07, 1.89004197182e-07, 1.55031543159e-07, 1.41763095485e-07, 1.24182463423e-07, 9.78860725809e-08, 8.77955059764e-08, 7.57920872729e-08, 6.65320243343e-08, 7.34248644108e-08, 8.29636519484e-08, 6.15836768247e-08, 4.71124650403e-08, 3.44029302823e-08, 2.22765415003e-08, 1.26531958244e-08, 6.91259360863e-09, 5.29031263241e-09, 4.30227320436e-09, 3.41721584363e-09, 2.76586886727e-09, 2.18730966672e-09, 6.69593047675e-10]
    },
    "mfcc": {
        "mean": [-629.58795166, 116.286605835, -3.95785045624, 33.0554542542, 13.7490234375, 1.79849684238, 8.46736335754, 9.82675647736, 2.21153259277, 3.67779898643, -2.45552444458, -1.44389855862, -1.63376426697],
        "cov": [[12889.4013672, 99.4017181396, -701.468078613, 223.487854004, 86.081817627, 35.9948272705, 45.4276657104, 167.342926025, 15.7703609467, 123.036026001, -43.3842811584, 13.225479126, 14.9800653458], [99.4017181396, 1112.83789062, -249.549438477, 84.4371337891, 75.1505966187, -74.9649047852, 112.232711792, 39.0342025757, 23.2605190277, 54.9742698669, 16.4119262695, 12.0050888062, 41.8637161255], [-701.468078613, -249.549438477, 597.792358398, 21.2074832916, -36.6266822815, 76.7790908813, -55.8860206604, -48.0674591064, -4.58094263077, -39.3643836975, 22.5196037292, 14.3445291519, -26.3343372345], [223.487854004, 84.4371337891, 21.2074832916, 187.550415039, 79.8347473145, -15.9611005783, 2.62792110443, 11.2749481201, 6.22789001465, 3.56631469727, 1.90231454372, 22.8704071045, 16.7978382111], [86.081817627, 75.1505966187, -36.6266822815, 79.8347473145, 157.848983765, 8.18565654755, 13.0234460831, 4.87331056595, 15.6300468445, 11.3525867462, -3.37274694443, 16.9180736542, 15.8063278198], [35.9948272705, -74.9649047852, 76.7790908813, -15.9611005783, 8.18565654755, 192.731414795, 18.553276062, 10.6196899414, 25.9099369049, -11.6296405792, -11.1877193451, 14.5667819977, 3.4951646328], [45.4276657104, 112.232711792, -55.8860206604, 2.62792110443, 13.0234460831, 18.553276062, 113.509178162, 39.9094619751, 2.70821690559, 17.1924781799, 19.6608085632, 9.90395355225, 2.76754426956], [167.342926025, 39.0342025757, -48.0674591064, 11.2749481201, 4.87331056595, 10.6196899414, 39.9094619751, 100.613754272, 36.6489181519, 12.9528341293, 10.0715007782, 17.0754394531, 13.084113121], [15.7703609467, 23.2605190277, -4.58094263077, 6.22789001465, 15.6300468445, 25.9099369049, 2.70821690559, 36.6489181519, 87.9789352417, 33.6294937134, 1.92619037628, 11.3311014175, 11.0183029175], [123.036026001, 54.9742698669, -39.3643836975, 3.56631469727, 11.3525867462, -11.6296405792, 17.1924781799, 12.9528341293, 33.6294937134, 92.1541900635, 37.8731040955, 11.3146152496, 10.8648757935], [-43.3842811584, 16.4119262695, 22.5196037292, 1.90231454372, -3.37274694443, -11.1877193451, 19.6608085632, 10.0715007782, 1.92619037628, 37.8731040955, 78.7109222412, 27.3143119812, -0.33705458045], [13.225479126, 12.0050888062, 14.3445291519, 22.8704071045, 16.9180736542, 14.5667819977, 9.90395355225, 17.0754394531, 11.3311014175, 11.3146152496, 27.3143119812, 70.03099823, 28.3965339661], [14.9800653458, 41.8637161255, -26.3343372345, 16.7978382111, 15.8063278198, 3.4951646328, 2.76754426956, 13.084113121, 11.0183029175, 10.8648757935, -0.33705458045, 28.3965339661, 60.6412506104]],
        "icov": [[9.01885650819e-05, 2.00503836822e-05, 0.000120587174024, -0.000157713380759, 4.7333411203e-05, -9.3992719485e-05, 7.69872567616e-05, -0.000148725419422, 0.000134469155455, -0.000185157725355, 0.000101813755464, -3.52812458004e-05, 0.000107417239633], [2.00503836822e-05, 0.00118444254622, 0.000356864562491, -0.000483845709823, -0.000106305604277, 0.000402102741646, -0.00113284797408, 0.000336213677656, -0.000370372552425, -0.000146354199387, -3.3932581573e-05, 0.000222579037654, -0.000560840184335], [0.000120587174024, 0.000356864562491, 0.00248604360968, -0.00108000263572, 0.000764101569075, -0.00105642736889, 0.000735201290809, 0.000923144922126, -0.000534547725692, 0.000967058411334, -0.0014283771161, -0.000382139347494, 0.000826471834444], [-0.000157713380759, -0.000483845709823, -0.00108000263572, 0.00783896725625, -0.00379884499125, 0.00121504848357, 0.000395659706555, -0.000948776025325, 0.000373444607249, 0.000321952713421, 0.00050204800209, -0.00144861685112, -0.000605044013355], [4.7333411203e-05, -0.000106305604277, 0.000764101569075, -0.00379884499125, 0.00883079133928, -0.000783403229434, -0.000745840952732, 0.00133322516922, -0.00119868922047, -0.000509875651915, 0.000838899519295, -0.00104071770329, -0.000263279565843], [-9.3992719485e-05, 0.000402102741646, -0.00105642736889, 0.00121504848357, -0.000783403229434, 0.00673115346581, -0.00234931707382, 0.000497625092976, -0.00245087477379, 0.00114776403643, 0.00162823009305, -0.00155053369235, -0.000258836254943], [7.69872567616e-05, -0.00113284797408, 0.000735201290809, 0.000395659706555, -0.000745840952732, -0.00234931707382, 0.0130809973925, -0.00528252311051, 0.00336043140851, -0.00151217216626, -0.00223562470637, -3.22767809848e-05, 0.00150835025124], [-0.000148725419422, 0.000336213677656, 0.000923144922126, -0.000948776025325, 0.00133322516922, 0.000497625092976, -0.00528252311051, 0.0154695054516, -0.00728316232562, 0.00282030040398, -0.00163616589271, -0.00136769295204, -0.00155513151549], [0.000134469155455, -0.000370372552425, -0.000534547725692, 0.000373444607249, -0.00119868922047, -0.00245087477379, 0.00336043140851, -0.00728316232562, 0.018397519365, -0.00819451455027, 0.00391872413456, -0.00125591829419, 0.000493969826493], [-0.000185157725355, -0.000146354199387, 0.000967058411334, 0.000321952713421, -0.000509875651915, 0.00114776403643, -0.00151217216626, 0.00282030040398, -0.00819451455027, 0.0188219733536, -0.00997928157449, 0.00262775435112, -0.00316452234983], [0.000101813755464, -3.3932581573e-05, -0.0014283771161, 0.00050204800209, 0.000838899519295, 0.00162823009305, -0.00223562470637, -0.00163616589271, 0.00391872413456, -0.00997928157449, 0.0221925713122, -0.00941098481417, 0.00498763145879], [-3.52812458004e-05, 0.000222579037654, -0.000382139347494, -0.00144861685112, -0.00104071770329, -0.00155053369235, -3.22767809848e-05, -0.00136769295204, -0.00125591829419, 0.00262775435112, -0.00941098481417, 0.0234247390181, -0.0105164572597], [0.000107417239633, -0.000560840184335, 0.000826471834444, -0.000605044013355, -0.000263279565843, -0.000258836254943, 0.00150835025124, -0.00155513151549, 0.000493969826493, -0.00316452234983, 0.00498763145879, -0.0105164572597, 0.0231573134661]]
    },
    "spectral_contrast_coeffs": {
        "mean": [-0.715150535107, -0.76362234354, -0.771786212921, -0.786468684673, -0.77682608366, -0.781403839588]
    },
    "spectral_contrast_valleys": {
        "mean": [-6.45631170273, -6.87380933762, -7.33050727844, -7.56871891022, -7.30944776535, -10.0815200806]
    }
},
"rhythm": {
    "beats_count": 587,
    "beats_loudness": {
        "mean": 0.0400909632444
    },
    "bpm": 142.981460571,
    "bpm_histogram_first_peak_bpm": 144,
    "bpm_histogram_first_peak_weight": 0.259999990463,
    "bpm_histogram_second_peak_bpm": 136,
    "bpm_histogram_second_peak_spread": 0,
    "bpm_histogram_second_peak_weight": 0.0290102381259,
    "danceability": 1.13726305962,
    "onset_rate": 2.98972058296,
    "beats_loudness_band_ratio": {
        "mean": [0.58313280344, 0.154861092567, 0.0946149975061, 0.0741022825241, 0.0921392291784, 0.0583094358444]
    },
    "beats_position": [0.452789098024, 0.882358253002, 1.3235373497, 1.764716506, 2.18267560005, 2.60063481331, 3.01859402657, 3.43655323982, 3.85451245308, 4.27247142792, 4.7020406723, 5.13160991669, 5.54956912994, 5.97913837433, 6.40870714188, 6.83827638626, 7.25623559952, 7.67419481277, 8.09215450287, 8.52172279358, 8.93968200684, 9.35764122009, 9.77560043335, 10.2051696777, 10.623128891, 11.0410881042, 11.4706573486, 11.900226593, 12.3181858063, 12.7477550507, 13.1657142639, 13.5836734772, 14.0016326904, 14.4312019348, 14.8491611481, 15.2787294388, 15.696688652, 16.114648819, 16.5326080322, 16.9621772766, 17.3801364899, 17.7980957031, 18.2276649475, 18.6688423157, 19.0868015289, 19.5047607422, 19.9227199554, 20.3522891998, 20.7818584442, 21.1998176575, 21.6177768707, 22.035736084, 22.4653053284, 22.8948745728, 23.312833786, 23.7307929993, 24.1487522125, 24.5667114258, 24.984670639, 25.4026298523, 25.8205890656, 26.2501583099, 26.6797275543, 27.0976867676, 27.527256012, 27.9568252563, 28.3747844696, 28.7927436829, 29.2107028961, 29.6286621094, 30.0582313538, 30.476190567, 30.9057598114, 31.3237190247, 31.7416782379, 32.171245575, 32.6008148193, 33.0187759399, 33.4367332458, 33.8546943665, 34.2726516724, 34.7022209167, 35.1317901611, 35.5497512817, 35.9677085876, 36.397277832, 36.8268470764, 37.244808197, 37.6743774414, 38.0923347473, 38.5219039917, 38.9398651123, 39.3578224182, 39.7757797241, 40.1937408447, 40.6233100891, 41.041267395, 41.4708366394, 41.9004058838, 42.3299751282, 42.7479362488, 43.1658935547, 43.5838546753, 44.0018119812, 44.4197731018, 44.8377304077, 45.2556915283, 45.6736488342, 46.1032180786, 46.532787323, 46.9623565674, 47.3919258118, 47.8098869324, 48.2278442383, 48.6458053589, 49.0637626648, 49.4933319092, 49.9229011536, 50.3408622742, 50.7588195801, 51.1767807007, 51.6063499451, 52.0359191895, 52.4538764954, 52.871837616, 53.2897949219, 53.7193641663, 54.1373214722, 54.5668907166, 54.9964599609, 55.4260292053, 55.8439903259, 56.2619476318, 56.6799087524, 57.0978660583, 57.515827179, 57.9337844849, 58.3633537292, 58.7929229736, 59.2108840942, 59.6288414001, 60.0584106445, 60.4879798889, 60.9059410095, 61.3238983154, 61.741859436, 62.1598167419, 62.5777778625, 62.9957351685, 63.4136962891, 63.831653595, 64.2496109009, 64.6675720215, 65.0855331421, 65.5034942627, 65.9214477539, 66.3394088745, 66.7573699951, 67.1753311157, 67.5932846069, 68.0112457275, 68.4292068481, 68.8471679688, 69.26512146, 69.6830825806, 70.1010437012, 70.5189971924, 70.936958313, 71.3549194336, 71.7728805542, 72.1908340454, 72.5971832275, 73.0035324097, 73.4214935303, 73.8394546509, 74.2574157715, 74.6753692627, 75.0933303833, 75.5112915039, 75.9292526245, 76.3472061157, 76.7535552979, 77.15990448, 77.5778656006, 77.9958267212, 78.4137878418, 78.831741333, 79.2497024536, 79.6676635742, 80.0856246948, 80.503578186, 80.9215393066, 81.3395004272, 81.7574615479, 82.1754150391, 82.5933761597, 83.0113372803, 83.4292984009, 83.8472518921, 84.2652130127, 84.6831741333, 85.1011352539, 85.5190887451, 85.9254379272, 86.3433990479, 86.74974823, 87.1677093506, 87.5856704712, 88.0036239624, 88.421585083, 88.8395462036, 89.2575073242, 89.6754608154, 90.1050338745, 90.5345993042, 90.9525604248, 91.3705215454, 91.7768707275, 92.2064361572, 92.6243972778, 93.0423583984, 93.4835357666, 93.9014968872, 94.3310623169, 94.760635376, 95.1785888672, 95.5965499878, 96.0145111084, 96.432472229, 96.8736495972, 97.2916107178, 97.709564209, 98.1391372681, 98.5687026978, 98.9866638184, 99.404624939, 99.8225860596, 100.240539551, 100.67011261, 101.09967804, 101.51763916, 101.935600281, 102.36516571, 102.783126831, 103.21269989, 103.630653381, 104.048614502, 104.466575623, 104.896141052, 105.314102173, 105.743675232, 106.161628723, 106.579589844, 106.997550964, 107.427116394, 107.845077515, 108.274642944, 108.704216003, 109.133781433, 109.551742554, 109.969703674, 110.399269104, 110.828842163, 111.246803284, 111.664756775, 112.082717896, 112.500679016, 112.918640137, 113.348205566, 113.766166687, 114.195732117, 114.625305176, 115.054870605, 115.472831726, 115.890792847, 116.308753967, 116.726707458, 117.144668579, 117.5626297, 117.968978882, 118.386940002, 118.793289185, 119.211242676, 119.629203796, 120.047164917, 120.465126038, 120.883079529, 121.301040649, 121.71900177, 122.136962891, 122.554916382, 122.972877502, 123.390838623, 123.808792114, 124.226753235, 124.644714355, 125.062675476, 125.480628967, 125.886978149, 126.293327332, 126.711288452, 127.129249573, 127.547210693, 127.965164185, 128.383132935, 128.801086426, 129.219039917, 129.637008667, 130.054962158, 130.472915649, 130.890884399, 131.297225952, 131.703582764, 132.121536255, 132.539505005, 132.957458496, 133.375411987, 133.793380737, 134.211334229, 134.62928772, 135.04725647, 135.465209961, 135.883178711, 136.301132202, 136.719085693, 137.137054443, 137.555007935, 137.972961426, 138.390930176, 138.797271729, 139.20362854, 139.621582031, 140.039550781, 140.457504272, 140.875457764, 141.293426514, 141.711380005, 142.117736816, 142.535690308, 142.94203186, 143.36000061, 143.777954102, 144.195922852, 144.625488281, 145.055053711, 145.484619141, 145.890975952, 146.297317505, 146.715286255, 147.121627808, 147.539596558, 147.957550049, 148.37550354, 148.79347229, 149.211425781, 149.629379272, 150.047348022, 150.465301514, 150.883255005, 151.301223755, 151.719177246, 152.137145996, 152.555099487, 152.973052979, 153.391021729, 153.80897522, 154.215332031, 154.633285522, 155.039627075, 155.457595825, 155.875549316, 156.293518066, 156.711471558, 157.129425049, 157.547393799, 157.96534729, 158.383300781, 158.801269531, 159.219223022, 159.637191772, 160.043533325, 160.449890137, 160.867843628, 161.285797119, 161.703765869, 162.12171936, 162.539672852, 162.96925354, 163.39881897, 163.816772461, 164.234741211, 164.652694702, 165.082260132, 165.51184082, 165.929794312, 166.347747803, 166.765716553, 167.183670044, 167.613235474, 168.042816162, 168.460769653, 168.878723145, 169.308303833, 169.726257324, 170.155822754, 170.573776245, 171.003356934, 171.432922363, 171.850875854, 172.268844604, 172.686798096, 173.104751587, 173.545944214, 173.963897705, 174.381851196, 174.799819946, 175.217773438, 175.647338867, 176.076919556, 176.494873047, 176.912826538, 177.342407227, 177.771972656, 178.189926147, 178.607894897, 179.025848389, 179.44380188, 179.86177063, 180.302947998, 180.720901489, 181.138870239, 181.568435669, 181.998001099, 182.41595459, 182.83392334, 183.251876831, 183.669830322, 184.087799072, 184.505752563, 184.923721313, 185.341674805, 185.759628296, 186.177597046, 186.595550537, 187.013504028, 187.431472778, 187.84942627, 188.26739502, 188.685348511, 189.091690063, 189.498046875, 189.916000366, 190.333969116, 190.751922607, 191.169876099, 191.587844849, 192.00579834, 192.412155151, 192.818496704, 193.236465454, 193.654418945, 194.072372437, 194.490341187, 194.908294678, 195.326248169, 195.744216919, 196.16217041, 196.58013916, 196.998092651, 197.416046143, 197.834014893, 198.251968384, 198.669921875, 199.087890625, 199.505844116, 199.923812866, 200.341766357, 200.759719849, 201.16607666, 201.572418213, 201.990386963, 202.408340454, 202.826293945, 203.244262695, 203.662216187, 204.080184937, 204.498138428, 204.916091919, 205.334060669, 205.75201416, 206.169967651, 206.587936401, 207.005889893, 207.423858643, 207.841812134, 208.259765625, 208.677734375, 209.095687866, 209.513641357, 209.931610107, 210.349563599, 210.76751709, 211.18548584, 211.61505127, 212.044616699, 212.462585449, 212.892150879, 213.321716309, 213.739685059, 214.15763855, 214.575592041, 214.993560791, 215.411514282, 215.829467773, 216.259048462, 216.688613892, 217.106567383, 217.524536133, 217.942489624, 218.372055054, 218.801635742, 219.219589233, 219.660766602, 220.078720093, 220.496688843, 220.914642334, 221.332611084, 221.750564575, 222.168518066, 222.598098755, 223.027664185, 223.457229614, 223.886795044, 224.304763794, 224.722717285, 225.140670776, 225.558639526, 225.976593018, 226.394546509, 226.824127197, 227.253692627, 227.671646118, 228.089614868, 228.507568359, 228.925521851, 229.355102539, 229.784667969, 230.225845337, 230.643798828, 231.061767578, 231.479721069, 231.897689819, 232.315643311, 232.733596802, 233.151565552, 233.581130981, 234.010696411, 234.428665161, 234.846618652, 235.264572144, 235.705749512, 236.14692688, 236.588119507, 237.029296875, 237.470474243, 237.911651611, 238.352828979, 238.794006348, 239.28163147, 239.757644653, 240.233642578, 240.7212677, 241.220489502, 241.719726562, 242.230560303, 242.729797363, 243.240631104, 243.739852905, 244.239089966, 244.738311768, 245.330429077, 245.922531128, 246.514648438, 247.106750488, 247.687255859, 248.267745972, 248.848251343],
    "bpm_histogram": [0, 0, 0, 0, 0, 0, 0, 0, 0, 0, 0, 0, 0, 0, 0, 0, 0, 0, 0, 0, 0, 0, 0, 0, 0, 0, 0, 0, 0, 0, 0, 0, 0, 0, 0, 0, 0, 0, 0, 0, 0, 0, 0, 0, 0, 0, 0, 0, 0, 0, 0, 0, 0, 0, 0, 0, 0, 0, 0, 0, 0, 0, 0, 0, 0, 0, 0, 0, 0, 0, 0, 0, 0, 0, 0, 0, 0, 0, 0, 0, 0, 0, 0, 0, 0, 0, 0, 0, 0, 0, 0, 0, 0, 0, 0, 0, 0, 0, 0, 0, 0, 0.00682593835518, 0, 0.00511945411563, 0, 0, 0, 0, 0, 0, 0, 0, 0, 0, 0, 0, 0, 0.00341296917759, 0, 0, 0.0102389082313, 0, 0, 0.00341296917759, 0, 0, 0.00341296917759, 0, 0, 0, 0, 0, 0, 0, 0, 0, 0.0290102381259, 0, 0, 0, 0.192832767963, 0, 0, 0, 0.694539248943, 0, 0, 0, 0.051194537431, 0, 0, 0, 0, 0, 0, 0, 0, 0, 0, 0, 0, 0, 0, 0, 0, 0, 0, 0, 0, 0, 0, 0, 0, 0, 0, 0, 0, 0, 0, 0, 0, 0, 0, 0, 0, 0, 0, 0, 0, 0, 0, 0, 0, 0, 0, 0, 0, 0, 0, 0, 0, 0, 0, 0, 0, 0, 0, 0, 0, 0, 0, 0, 0, 0, 0, 0, 0, 0, 0, 0, 0, 0, 0, 0, 0, 0, 0, 0, 0, 0, 0, 0, 0, 0, 0, 0, 0, 0, 0, 0, 0, 0, 0, 0, 0, 0, 0, 0, 0, 0]
},
"tonal": {
    "chords_changes_rate": 0.0459620393813,
    "chords_number_rate": 0.00167473021429,
    "chords_strength": {
        "mean": 0.526202023029
    },
    "hpcp_crest": {
        "mean": 12.4963846207
    },
    "hpcp_entropy": {
        "mean": 2.24090456963
    },
    "key_edma": {
        "strength": 0.820863187313,
        "key": "Eb",
        "scale": "major"
    },
    "key_krumhansl": {
        "strength": 0.824324846268,
        "key": "Eb",
        "scale": "major"
    },
    "key_temperley": {
        "strength": 0.823318302631,
        "key": "Eb",
        "scale": "major"
    },
    "tuning_diatonic_strength": 0.706967115402,
    "tuning_equal_tempered_deviation": 0.143165484071,
    "tuning_frequency": 436.960693359,
    "tuning_nontempered_energy_ratio": 0.821870088577,
    "hpcp": {
        "mean": [0.0706044733524, 0.0671954005957, 0.121982850134, 0.381265282631, 0.355925142765, 0.0996505990624, 0.0528105720878, 0.0349635183811, 0.0448952578008, 0.0774221345782, 0.0724089667201, 0.0504447855055, 0.0432382598519, 0.0314992293715, 0.0401292927563, 0.0756176039577, 0.089691311121, 0.216376572847, 0.414421439171, 0.301908195019, 0.107558064163, 0.0743503123522, 0.0583771280944, 0.0781198814511, 0.145822495222, 0.130841255188, 0.0623142011464, 0.0458589978516, 0.0395948514342, 0.0598276332021, 0.123525805771, 0.127635926008, 0.111963815987, 0.211290672421, 0.189674854279, 0.080669850111]
    },
    "chords_histogram": [45.217716217, 5.43356895447, 19.3710460663, 0.279121696949, 0.0186081137508, 0, 0, 0.0930405631661, 0, 0, 0, 0, 0, 0.130256786942, 0, 2.7353925705, 0.0558243393898, 1.2653516531, 0, 1.06066250801, 0, 1.69333827496, 18.6267204285, 4.01935243607],
    "thpcp": [1, 0.728505253792, 0.259537875652, 0.17940749228, 0.140864163637, 0.188503473997, 0.351870059967, 0.315720289946, 0.15036432445, 0.11065787822, 0.0955424755812, 0.144364237785, 0.298068076372, 0.307985812426, 0.270168989897, 0.509844958782, 0.457685917616, 0.194656550884, 0.170368775725, 0.162142679095, 0.294344931841, 0.919994115829, 0.858848273754, 0.24045714736, 0.127432048321, 0.0843670591712, 0.108332373202, 0.186819806695, 0.174723029137, 0.121723398566, 0.104334034026, 0.0760077238083, 0.0968320891261, 0.182465478778, 0.216425359249, 0.522117257118],
    "chords_key": "Eb",
    "chords_scale": "major"
}
}