{
"metadata": {
    "version": {
        "essentia": "2.1-beta6-dev",
        "essentia_git_sha": "v2.1_beta5-1177-g1d1cc983",
        "extractor": "music 2.0"
    },
    "audio_properties": {
        "analysis": {
            "equal_loudness": 0,
            "length": 173.114654541,
            "sample_rate": 44100,
            "start_time": 0,
            "downmix": "mix"
        },
        "bit_rate": 1411200,
        "length": 173.114654541,
        "lossless": 1,
        "number_channels": 2,
        "replay_gain": -11.7081737518,
        "sample_rate": 44100,
        "codec": "pcm_s16le",
        "md5_encoded": "5ea59fc31a6ef2191a8a799de0035945"
    },
    "tags": {
        "file_name": "09 - All Get Out - However Long.wav",
        "album": ["No Bouquet"],
        "albumartist": ["All Get Out"],
        "artist": ["All Get Out"],
        "composer": ["Nathan Michael Hussey"],
        "copyright": ["(C) 2018 Equal Vision Records, Inc. (P) 2018 Equal Vision Records, Inc."],
        "date": ["2018"],
        "discnumber": ["1"],
        "disctotal": ["1"],
        "genre": ["Alternative & Indie"],
        "isrc": ["US3X51838807"],
        "title": ["However Long"],
        "tracknumber": ["9"],
        "tracktotal": ["10"]
    }
},
"lowlevel": {
    "average_loudness": 0.919383168221,
    "barkbands_crest": {
        "mean": 8.96253967285
    },
    "barkbands_flatness_db": {
        "mean": 0.129299968481
    },
    "barkbands_kurtosis": {
        "mean": 5.00774049759
    },
    "barkbands_skewness": {
        "mean": 1.5347007513
    },
    "barkbands_spread": {
        "mean": 29.6386470795
    },
    "dissonance": {
        "mean": 0.471147477627
    },
    "dynamic_complexity": 4.44680500031,
    "erbbands_crest": {
        "mean": 7.62219619751
    },
    "erbbands_flatness_db": {
        "mean": 0.142837196589
    },
    "erbbands_kurtosis": {
        "mean": 0.579446554184
    },
    "erbbands_skewness": {
        "mean": 0.0652560815215
    },
    "erbbands_spread": {
        "mean": 42.5913276672
    },
    "hfc": {
        "mean": 23.1029682159
    },
    "loudness_ebu128": {
        "integrated": -11.1143550873,
        "loudness_range": 10.2809448242,
        "momentary": {
            "mean": -13.831902504
        },
        "short_term": {
            "mean": -12.5451726913
        }
    },
    "melbands_crest": {
        "mean": 15.3367099762
    },
    "melbands_flatness_db": {
        "mean": 0.193825468421
    },
    "melbands_kurtosis": {
        "mean": 16.5258903503
    },
    "melbands_skewness": {
        "mean": 2.90522098541
    },
    "melbands_spread": {
        "mean": 29.4623527527
    },
    "pitch_salience": {
        "mean": 0.52885890007
    },
    "silence_rate_20dB": {
        "mean": 1
    },
    "silence_rate_30dB": {
        "mean": 0.998793065548
    },
    "silence_rate_60dB": {
        "mean": 0.114120960236
    },
    "spectral_centroid": {
        "mean": 1676.2923584
    },
    "spectral_complexity": {
        "mean": 23.1696395874
    },
    "spectral_decrease": {
        "mean": -5.81126258226e-09
    },
    "spectral_energy": {
        "mean": 0.024028558284
    },
    "spectral_energyband_high": {
        "mean": 0.00126431160606
    },
    "spectral_energyband_low": {
        "mean": 0.0104463510215
    },
    "spectral_energyband_middle_high": {
        "mean": 0.00592481344938
    },
    "spectral_energyband_middle_low": {
        "mean": 0.00743382750079
    },
    "spectral_entropy": {
        "mean": 7.68526268005
    },
    "spectral_flux": {
        "mean": 0.0706062614918
    },
    "spectral_kurtosis": {
        "mean": 4.49557209015
    },
    "spectral_rms": {
        "mean": 0.00445880554616
    },
    "spectral_rolloff": {
        "mean": 1923.56616211
    },
    "spectral_skewness": {
        "mean": 1.42690122128
    },
    "spectral_spread": {
        "mean": 4714963
    },
    "spectral_strongpeak": {
        "mean": 0.555101931095
    },
    "zerocrossingrate": {
        "mean": 0.070645660162
    },
    "barkbands": {
        "mean": [6.02257532591e-05, 0.00554265826941, 0.00387069373392, 0.00160348648205, 0.00250693270937, 0.00137189473026, 0.000532974256203, 0.000639632402454, 0.000674237089697, 0.000673560833093, 0.000673342146911, 0.000626919907518, 0.000481796771055, 0.000322988111293, 0.000531707482878, 0.000769322097767, 0.000518880551681, 0.000364922831068, 0.000616121396888, 0.000578229199164, 0.000305852096062, 0.000224234492634, 0.000222455011681, 0.000190466089407, 9.07719586394e-05, 2.96696580335e-05, 4.45367231805e-06]
    },
    "erbbands": {
        "mean": [0.0851946473122, 1.48022401333, 4.78131818771, 5.09068489075, 6.27565765381, 7.92275285721, 12.1943836212, 10.9673557281, 7.65427064896, 9.8168592453, 14.1277093887, 15.6539936066, 17.3240394592, 27.6773891449, 25.475944519, 21.8176307678, 22.2181816101, 15.7707920074, 23.7175159454, 33.313117981, 40.5165901184, 30.4269523621, 21.9159946442, 21.0463066101, 38.5508232117, 26.0081386566, 14.4174442291, 10.7782611847, 8.09879112244, 6.54381275177, 6.50675010681, 4.51502943039, 2.88589119911, 1.32867944241, 0.485065370798, 0.188270330429, 0.0394154079258, 0.00742223160341, 0.000728891754989, 6.60645600874e-05]
    },
    "gfcc": {
        "mean": [-17.2479438782, 81.6445388794, -112.074966431, 42.9600868225, -50.0385017395, 13.9314985275, -34.2669258118, 8.35195159912, -25.8975696564, -0.67948281765, -15.3938474655, -4.38975715637, -6.78545570374],
        "cov": [[22993.2226562, -1439.56982422, -1456.74963379, 975.715881348, -954.478820801, 1463.2232666, -341.705749512, 649.074462891, -257.233001709, 4.05889034271, -296.110168457, 158.135559082, -395.760437012], [-1439.56982422, 2230.08105469, 108.377975464, -128.74710083, 420.936828613, -415.180114746, 155.716445923, -92.8114776611, 93.6173095703, -18.4653701782, 178.983047485, -161.834274292, 142.954299927], [-1456.74963379, 108.377975464, 1497.12719727, 298.620025635, 82.0999984741, 90.8518447876, -45.4029541016, 67.0372695923, 58.9314613342, 119.229255676, 92.976234436, -4.0460858345, 7.57947349548], [975.715881348, -128.74710083, 298.620025635, 398.507080078, 27.3320827484, 144.813751221, 1.4509396553, 71.0587844849, 24.1071548462, 22.0317420959, 21.9560165405, 28.6649284363, -15.1282119751], [-954.478820801, 420.936828613, 82.0999984741, 27.3320827484, 315.874053955, -39.0741729736, 93.4013748169, 19.092792511, 49.3997612, 2.95188736916, 51.8802719116, -13.6021347046, 38.6243972778], [1463.2232666, -415.180114746, 90.8518447876, 144.813751221, -39.0741729736, 391.18737793, 37.3066291809, 125.774398804, 3.25553894043, 21.7001037598, -28.8802680969, 35.8150291443, -64.0529098511], [-341.705749512, 155.716445923, -45.4029541016, 1.4509396553, 93.4013748169, 37.3066291809, 189.151992798, 27.4721679688, 50.180480957, 6.60171079636, 20.4560070038, 1.55078268051, -1.82347857952], [649.074462891, -92.8114776611, 67.0372695923, 71.0587844849, 19.092792511, 125.774398804, 27.4721679688, 168.685592651, 28.783246994, 10.4461479187, 1.41388511658, 0.824432969093, -30.9206600189], [-257.233001709, 93.6173095703, 58.9314613342, 24.1071548462, 49.3997612, 3.25553894043, 50.180480957, 28.783246994, 98.8013839722, 33.9147758484, 12.9174385071, -9.54516601562, 3.02691602707], [4.05889034271, -18.4653701782, 119.229255676, 22.0317420959, 2.95188736916, 21.7001037598, 6.60171079636, 10.4461479187, 33.9147758484, 79.7589950562, 24.215763092, 2.63272643089, -2.78016448021], [-296.110168457, 178.983047485, 92.976234436, 21.9560165405, 51.8802719116, -28.8802680969, 20.4560070038, 1.41388511658, 12.9174385071, 24.215763092, 95.0906600952, 15.1481847763, 21.6902828217], [158.135559082, -161.834274292, -4.0460858345, 28.6649284363, -13.6021347046, 35.8150291443, 1.55078268051, 0.824432969093, -9.54516601562, 2.63272643089, 15.1481847763, 90.0673522949, 22.3358154297], [-395.760437012, 142.954299927, 7.57947349548, -15.1282119751, 38.6243972778, -64.0529098511, -1.82347857952, -30.9206600189, 3.02691602707, -2.78016448021, 21.6902828217, 22.3358154297, 81.9663848877]],
        "icov": [[0.000134182191687, -0.000226418706006, 0.000249719741987, -0.00038227866753, 0.000393409049138, -0.000409013475291, 0.000329023809172, -0.000343788735336, 0.000313805881888, -0.000425567530328, 0.000339059333783, -0.000377956166631, 0.000308984628646], [-0.000226418706006, 0.00150761636905, -0.000466054509161, 0.000735150766559, -0.00139682705048, 0.00122302351519, -0.00106394174509, 0.000718472991139, -0.000797846936621, 0.00141786900349, -0.00220213271677, 0.00285692489706, -0.00180071848445], [0.000249719741987, -0.000466054509161, 0.00140886451118, -0.00130981218535, 0.000574164441787, -0.000867499038577, 0.00108601222746, -0.000716364243999, 0.000549607153516, -0.0018979703309, 0.000152606909978, -0.00039595074486, 0.000434823363321], [-0.00038227866753, 0.000735150766559, -0.00130981218535, 0.00462807714939, -0.00145969039295, 0.000132862012833, -0.000508445955347, 0.000641378632281, -0.00166082882788, 0.00200602854602, -0.00161859579384, 0.000396304705646, -0.000680604134686], [0.000393409049138, -0.00139682705048, 0.000574164441787, -0.00145969039295, 0.00623317202553, -0.00121499237139, -0.00064206647221, -0.00162838795222, 0.000121091565234, -0.000580793130212, 0.000418201816501, -0.00122513237875, -0.00030307500856], [-0.000409013475291, 0.00122302351519, -0.000867499038577, 0.000132862012833, -0.00121499237139, 0.00625042105094, -0.00244063371792, -0.00149582850281, 0.000233623097301, 0.000210969374166, 7.67149831518e-05, 2.69588181254e-05, 0.000806112773716], [0.000329023809172, -0.00106394174509, 0.00108601222746, -0.000508445955347, -0.00064206647221, -0.00244063371792, 0.00865197647363, -0.000683934194967, -0.00261717033572, -0.000468601821922, 0.000181322509889, -0.00240448280238, 0.00226772762835], [-0.000343788735336, 0.000718472991139, -0.000716364243999, 0.000641378632281, -0.00162838795222, -0.00149582850281, -0.000683934194967, 0.00964186433703, -0.00330152944662, 0.00232732039876, -0.00201797089539, 0.0016600585077, 0.000774588203058], [0.000313805881888, -0.000797846936621, 0.000549607153516, -0.00166082882788, 0.000121091565234, 0.000233623097301, -0.00261717033572, -0.00330152944662, 0.0163231641054, -0.00776866171509, 0.00274074240588, 0.000128783882246, -0.000255533348536], [-0.000425567530328, 0.00141786900349, -0.0018979703309, 0.00200602854602, -0.000580793130212, 0.000210969374166, -0.000468601821922, 0.00232732039876, -0.00776866171509, 0.0200238991529, -0.00640962040052, 0.00220829574391, -0.00061536236899], [0.000339059333783, -0.00220213271677, 0.000152606909978, -0.00161859579384, 0.000418201816501, 7.67149831518e-05, 0.000181322509889, -0.00201797089539, 0.00274074240588, -0.00640962040052, 0.0178194157779, -0.00676943315193, 0.00108116259798], [-0.000377956166631, 0.00285692489706, -0.00039595074486, 0.000396304705646, -0.00122513237875, 2.69588181254e-05, -0.00240448280238, 0.0016600585077, 0.000128783882246, 0.00220829574391, -0.00676943315193, 0.0199296548963, -0.00909599103034], [0.000308984628646, -0.00180071848445, 0.000434823363321, -0.000680604134686, -0.00030307500856, 0.000806112773716, 0.00226772762835, 0.000774588203058, -0.000255533348536, -0.00061536236899, 0.00108116259798, -0.00909599103034, 0.0199632626027]]
    },
    "melbands": {
        "mean": [0.00113831518684, 0.00233918055892, 0.000904450309463, 0.000521287845913, 0.000414050737163, 0.000243570510065, 0.000113155940198, 0.000121757861052, 0.000110689135909, 9.98625400825e-05, 8.85888657649e-05, 0.00011412416643, 7.97592801973e-05, 7.71313134464e-05, 5.02476977999e-05, 4.84134106955e-05, 2.62399917119e-05, 3.55708580173e-05, 4.50286461273e-05, 5.13036866323e-05, 4.5349537686e-05, 3.26735935232e-05, 2.27879827435e-05, 1.61589196068e-05, 1.57168542501e-05, 2.7684322049e-05, 2.77924355032e-05, 1.44579953485e-05, 8.93599917617e-06, 7.36420315661e-06, 6.04811702942e-06, 4.68597409053e-06, 3.92034462493e-06, 3.51676681021e-06, 3.82899179385e-06, 3.28463147525e-06, 2.57923079516e-06, 2.07264270102e-06, 1.65782444128e-06, 9.44235864608e-07]
    },
    "melbands128": {
        "mean": [5.91507705394e-05, 0.000472711573821, 0.0012918781722, 0.00294050574303, 0.00285225803964, 0.00167133682407, 0.00105816719588, 0.000702261633705, 0.000608530885074, 0.000589972652961, 0.000385273771826, 0.000423723424319, 0.000460613373434, 0.00034066993976, 0.000290193769615, 0.000151849599206, 0.000124030324514, 0.000104559396277, 0.000108248816105, 8.35838873172e-05, 0.000156614521984, 0.000160300172865, 8.53380697663e-05, 9.56871081144e-05, 8.8406195573e-05, 0.000130573534989, 5.40484361409e-05, 6.43518505967e-05, 0.000145567668369, 9.76387382252e-05, 0.000129223291879, 0.000100354249298, 3.89300148527e-05, 9.95426453301e-05, 0.00011092513887, 5.8953261032e-05, 3.39239086316e-05, 6.99322044966e-05, 4.14621681557e-05, 4.56162742921e-05, 6.31013390375e-05, 2.76970495179e-05, 2.14823157876e-05, 2.20018027903e-05, 4.35363654105e-05, 3.43814572261e-05, 3.08793350996e-05, 5.75270496483e-05, 4.45628647867e-05, 2.92517925118e-05, 6.76218551234e-05, 5.42091947864e-05, 4.74983353342e-05, 4.58642207377e-05, 2.7920188586e-05, 3.8221867726e-05, 2.81018928945e-05, 2.19376161112e-05, 2.25220665016e-05, 2.12051309063e-05, 1.54647841555e-05, 1.15595003081e-05, 1.61197822308e-05, 1.3640893485e-05, 2.11277911148e-05, 2.99128296319e-05, 3.13382952299e-05, 2.6898298529e-05, 3.16190271406e-05, 2.24167051783e-05, 1.23446634461e-05, 1.29357877086e-05, 8.1235439211e-06, 8.46400416776e-06, 9.37824188441e-06, 7.57417274144e-06, 6.74457487548e-06, 5.53381005375e-06, 6.32483443042e-06, 6.20209675617e-06, 4.59688726551e-06, 4.13964244217e-06, 4.45732439402e-06, 3.76588832296e-06, 3.72992144548e-06, 3.39647340297e-06, 3.45266289514e-06, 3.71196324522e-06, 3.76351931664e-06, 4.29231295129e-06, 3.19867035614e-06, 3.28592045662e-06, 2.79126766145e-06, 2.59007856585e-06, 2.37547715187e-06, 2.2725839699e-06, 1.87033060683e-06, 2.06385539059e-06, 1.80468532562e-06, 1.43754277815e-06, 1.0375212014e-06, 8.57265433751e-07, 8.34857701193e-07, 6.88959573836e-07, 5.20057710673e-07, 3.92884373923e-07, 3.38368266739e-07, 3.63076225085e-07, 4.2895152319e-07, 2.36214020788e-07, 1.62666054848e-07, 1.30039182977e-07, 1.06355905416e-07, 9.56956967002e-08, 7.92169245756e-08, 6.42016644292e-08, 5.12934441588e-08, 3.98978592386e-08, 2.90049246843e-08, 2.18541504893e-08, 1.54724268953e-08, 1.03228829929e-08, 7.7143234023e-09, 7.78740716356e-09, 8.19165180133e-09, 5.3384585641e-09, 2.56648480246e-09, 1.68334512995e-09]
    },
    "mfcc": {
        "mean": [-655.29473877, 107.903045654, 1.50382244587, 30.1221942902, 9.02226161957, 6.89395904541, 6.82939529419, 2.84334826469, 2.31074643135, 3.08457732201, -8.40110206604, -1.97298455238, 2.96596574783],
        "cov": [[18911.9335938, -2375.88745117, -528.410095215, -551.010620117, -148.997207642, 407.692108154, 139.829330444, 726.989624023, 16.1601924896, 365.550689697, -68.1041259766, 89.856918335, 42.1251335144], [-2375.88745117, 2103.20214844, -63.6219291687, 300.242645264, 149.01322937, -140.167068481, 77.0757446289, -178.51864624, 36.1288146973, -18.1898765564, 35.6762580872, 15.8781862259, 51.1674499512], [-528.410095215, -63.6219291687, 1208.88208008, 214.601531982, 220.981048584, 87.0208816528, 48.6223182678, 3.24674916267, 1.35206007957, 65.9000244141, 77.7799911499, 85.9039840698, 9.49763202667], [-551.010620117, 300.242645264, 214.601531982, 348.909973145, 120.972671509, 5.20694303513, 25.9178886414, -24.7000427246, 18.7653560638, -10.2765693665, 10.3931303024, 38.1249465942, 41.7308998108], [-148.997207642, 149.01322937, 220.981048584, 120.972671509, 241.785629272, 26.8443717957, 53.4560508728, 29.8705329895, 20.553812027, 38.4821815491, 9.91098880768, 42.9704589844, 28.7107582092], [407.692108154, -140.167068481, 87.0208816528, 5.20694303513, 26.8443717957, 185.380310059, 51.3034439087, 61.4860725403, 33.52501297, 27.3968372345, 21.2001876831, 25.2650146484, 20.0651016235], [139.829330444, 77.0757446289, 48.6223182678, 25.9178886414, 53.4560508728, 51.3034439087, 131.297988892, 73.5780715942, 20.3324108124, 34.0202102661, 24.8531455994, 32.0702972412, 19.8413791656], [726.989624023, -178.51864624, 3.24674916267, -24.7000427246, 29.8705329895, 61.4860725403, 73.5780715942, 179.409851074, 47.6627655029, 49.324180603, 17.4272727966, 33.2310066223, 19.0728359222], [16.1601924896, 36.1288146973, 1.35206007957, 18.7653560638, 20.553812027, 33.52501297, 20.3324108124, 47.6627655029, 99.9742889404, 40.6503639221, 16.9812736511, 12.94810009, 16.2440433502], [365.550689697, -18.1898765564, 65.9000244141, -10.2765693665, 38.4821815491, 27.3968372345, 34.0202102661, 49.324180603, 40.6503639221, 117.832641602, 47.7475242615, 21.9404087067, 7.60532045364], [-68.1041259766, 35.6762580872, 77.7799911499, 10.3931303024, 9.91098880768, 21.2001876831, 24.8531455994, 17.4272727966, 16.9812736511, 47.7475242615, 96.4711608887, 29.9704532623, -6.23201847076], [89.856918335, 15.8781862259, 85.9039840698, 38.1249465942, 42.9704589844, 25.2650146484, 32.0702972412, 33.2310066223, 12.94810009, 21.9404087067, 29.9704532623, 75.003112793, 34.1591186523], [42.1251335144, 51.1674499512, 9.49763202667, 41.7308998108, 28.7107582092, 20.0651016235, 19.8413791656, 19.0728359222, 16.2440433502, 7.60532045364, -6.23201847076, 34.1591186523, 77.608505249]],
        "icov": [[7.81089183874e-05, 4.81528768432e-05, 4.42970376753e-05, 4.62699426862e-06, 4.09314416174e-05, -0.000101497869764, 5.86158348597e-05, -0.000237685861066, 0.000191767700016, -0.000292507233098, 0.000189806727576, -9.81021439657e-05, 1.94204640138e-05], [4.81528768432e-05, 0.000801109010354, 0.00021694516181, -0.000430574466009, -0.000335380958859, 0.000556186656468, -0.000981223653071, 0.000993731198832, -0.000503232004121, -1.46036290971e-05, -0.000368381675798, 0.000119352567708, -0.000337770354236], [4.42970376753e-05, 0.00021694516181, 0.00124654825777, -0.000574263976887, -0.000826286093798, -0.000416706432588, 3.10404830088e-05, 0.000358316960046, 0.000424186640885, -0.000505245756358, -0.000419038493419, -0.000822327390779, 0.000595603138208], [4.62699426862e-06, -0.000430574466009, -0.000574263976887, 0.00443381257355, -0.0013900451595, 4.47736456408e-05, 5.41226654605e-06, 0.000480493530631, -0.000883532920852, 0.001487213769, -0.000349008856574, -0.000426916027209, -0.00145019916818], [4.09314416174e-05, -0.000335380958859, -0.000826286093798, -0.0013900451595, 0.00665754359215, -0.000130453612655, -0.00104903941974, -0.000729678722564, 0.000282256951323, -0.00206388998777, 0.00223442609422, -0.00172948499676, 0.00014962318528], [-0.000101497869764, 0.000556186656468, -0.000416706432588, 4.47736456408e-05, -0.000130453612655, 0.00743356533349, -0.00245977239683, -1.77795427589e-05, -0.00212832307443, 0.00092231691815, -0.00119507522322, 0.000300732615869, -0.00139832135756], [5.86158348597e-05, -0.000981223653071, 3.10404830088e-05, 5.41226654605e-06, -0.00104903941974, -0.00245977239683, 0.013005675748, -0.00546805281192, 0.00210707215592, -0.00105502514634, -0.00080933154095, -0.00124957179651, -0.000201410832233], [-0.000237685861066, 0.000993731198832, 0.000358316960046, 0.000480493530631, -0.000729678722564, -1.77795427589e-05, -0.00546805281192, 0.0115984315053, -0.00419866386801, -0.000516169355251, 0.000143252254929, -0.0020676611457, -0.000155298534082], [0.000191767700016, -0.000503232004121, 0.000424186640885, -0.000883532920852, 0.000282256951323, -0.00212832307443, 0.00210707215592, -0.00419866386801, 0.0144829945639, -0.0045269029215, 0.0001077518682, 0.000733001332264, -0.00131189066451], [-0.000292507233098, -1.46036290971e-05, -0.000505245756358, 0.001487213769, -0.00206388998777, 0.00092231691815, -0.00105502514634, -0.000516169355251, -0.0045269029215, 0.0148685649037, -0.00667042983696, 0.00142693589441, -0.00132106232923], [0.000189806727576, -0.000368381675798, -0.000419038493419, -0.000349008856574, 0.00223442609422, -0.00119507522322, -0.00080933154095, 0.000143252254929, 0.0001077518682, -0.00667042983696, 0.017161725089, -0.00743183260784, 0.00531318830326], [-9.81021439657e-05, 0.000119352567708, -0.000822327390779, -0.000426916027209, -0.00172948499676, 0.000300732615869, -0.00124957179651, -0.0020676611457, 0.000733001332264, 0.00142693589441, -0.00743183260784, 0.0237426366657, -0.00964585971087], [1.94204640138e-05, -0.000337770354236, 0.000595603138208, -0.00145019916818, 0.00014962318528, -0.00139832135756, -0.000201410832233, -0.000155298534082, -0.00131189066451, -0.00132106232923, 0.00531318830326, -0.00964585971087, 0.0192763600498]]
    },
    "spectral_contrast_coeffs": {
        "mean": [-0.704084098339, -0.761667430401, -0.781365096569, -0.794885993004, -0.798527777195, -0.778080999851]
    },
    "spectral_contrast_valleys": {
        "mean": [-6.87039518356, -7.2144818306, -7.6007642746, -7.69659900665, -7.50436401367, -10.1402025223]
    }
},
"rhythm": {
    "beats_count": 387,
    "beats_loudness": {
        "mean": 0.0295293591917
    },
    "bpm": 135.773712158,
    "bpm_histogram_first_peak_bpm": 136,
    "bpm_histogram_first_peak_weight": 0.249275386333,
    "bpm_histogram_second_peak_bpm": 129,
    "bpm_histogram_second_peak_spread": 0.214285731316,
    "bpm_histogram_second_peak_weight": 0.0284974090755,
    "danceability": 0.92878562212,
    "onset_rate": 2.61078548431,
    "beats_loudness_band_ratio": {
        "mean": [0.465597689152, 0.197684139013, 0.086139306426, 0.0936243236065, 0.103733375669, 0.0890069007874]
    },
    "beats_position": [0.46439909935, 0.917188167572, 1.369977355, 1.82276642323, 2.29877543449, 2.7863945961, 3.26240348816, 3.75002264977, 4.2492518425, 4.69043064117, 5.13160991669, 5.5727891922, 6.01396799088, 6.46675729752, 6.91954612732, 7.36072540283, 7.79029464722, 8.23147392273, 8.66104316711, 9.10222244263, 9.54340076447, 9.99619007111, 10.4373693466, 10.8785486221, 11.3081178665, 11.749297142, 12.1904764175, 12.6316547394, 13.0728340149, 13.5140132904, 13.9551925659, 14.3963718414, 14.8375511169, 15.2787294388, 15.7315187454, 16.1843090057, 16.6254863739, 17.0666656494, 17.5078449249, 17.9606342316, 18.4018135071, 18.8429927826, 19.272562027, 19.7137413025, 20.154920578, 20.5960998535, 21.037279129, 21.4784584045, 21.9196376801, 22.3608150482, 22.8019943237, 23.2431735992, 23.6727428436, 24.1139221191, 24.5434913635, 24.984670639, 25.4258499146, 25.8670291901, 26.3082084656, 26.7493877411, 27.1905670166, 27.6317462921, 28.0729255676, 28.5141029358, 28.9552822113, 29.3848514557, 29.8260307312, 30.2555999756, 30.6967792511, 31.1495685577, 31.6023578644, 32.0435371399, 32.4847145081, 32.9258956909, 33.3670730591, 33.8082542419, 34.2494316101, 34.690612793, 35.1317901611, 35.572971344, 36.0141487122, 36.455329895, 36.8965072632, 37.3376846313, 37.7788658142, 38.2200431824, 38.672832489, 39.1256217957, 39.5668029785, 39.9963722229, 40.4259414673, 40.8671188354, 41.3083000183, 41.7494773865, 42.1906585693, 42.6318359375, 43.0730133057, 43.5258026123, 43.9669837952, 44.4197731018, 44.9886627197, 45.5575485229, 46.0916099548, 46.6140594482, 47.1481170654, 47.6705665588, 48.1814041138, 48.6922454834, 49.2030830383, 49.7139205933, 50.2247619629, 50.7355995178, 51.234828949, 51.7340583801, 52.2216758728, 52.720905304, 53.2201347351, 53.661315918, 54.1024932861, 54.5436706543, 54.9848518372, 55.4260292053, 55.8672103882, 56.3083877563, 56.7495689392, 57.1907463074, 57.6319274902, 58.0731048584, 58.5142860413, 58.9554634094, 59.3966445923, 59.8378219604, 60.2789993286, 60.7317886353, 61.1845779419, 61.6257591248, 62.0785484314, 62.5081176758, 62.9492950439, 63.3904762268, 63.831653595, 64.2728347778, 64.714012146, 65.1551895142, 65.5847625732, 66.0143280029, 66.4555053711, 66.8966903687, 67.3378677368, 67.779045105, 68.2202224731, 68.6614074707, 69.1025848389, 69.543762207, 69.9849395752, 70.4261245728, 70.8673019409, 71.3084793091, 71.7496566772, 72.1908340454, 72.632019043, 73.0731964111, 73.5143737793, 73.9555511475, 74.396736145, 74.8379135132, 75.2790908813, 75.7202682495, 76.1614532471, 76.6026306152, 77.0438079834, 77.49659729, 77.9493865967, 78.3905639648, 78.831741333, 79.2729263306, 79.7141036987, 80.1552810669, 80.5964584351, 81.0376434326, 81.4672088623, 81.8967819214, 82.3379592896, 82.7791366577, 83.2203140259, 83.661491394, 84.1026763916, 84.5438537598, 84.9850311279, 85.4262084961, 85.8789978027, 86.3317871094, 86.7729721069, 87.2141494751, 87.6553268433, 88.0965042114, 88.537689209, 88.9788665771, 89.4200439453, 89.8612213135, 90.3023986816, 90.7435836792, 91.1847610474, 91.6259384155, 92.0555114746, 92.4850769043, 92.9262542725, 93.36743927, 93.8086166382, 94.2497940063, 94.702583313, 95.1553726196, 95.5965499878, 96.037727356, 96.4789123535, 96.9084777832, 97.3380508423, 97.7792282104, 98.2204055786, 98.6615829468, 99.1027679443, 99.5439453125, 99.9851226807, 100.426300049, 100.867477417, 101.308662415, 101.749839783, 102.191017151, 102.632194519, 103.073379517, 103.526168823, 103.97895813, 104.40852356, 104.838096619, 105.279273987, 105.720451355, 106.161628723, 106.602806091, 107.043991089, 107.485168457, 107.926345825, 108.367523193, 108.808708191, 109.249885559, 109.691062927, 110.132240295, 110.573425293, 111.014602661, 111.479003906, 111.931785583, 112.38457489, 112.848976135, 113.243713379, 113.626846313, 114.009971619, 114.474372864, 114.938774109, 115.391563416, 115.844352722, 116.297142029, 116.749931335, 117.202720642, 117.655509949, 118.119903564, 118.58430481, 119.048706055, 119.524711609, 119.989112854, 120.441902161, 120.894691467, 121.347480774, 121.800270081, 122.183395386, 122.56652832, 122.949661255, 123.33278656, 123.773963928, 124.215148926, 124.667930603, 125.12071991, 125.573509216, 126.014694214, 126.455871582, 126.89704895, 127.338226318, 127.779411316, 128.220581055, 128.661773682, 129.10295105, 129.544128418, 129.985305786, 130.426483154, 130.867660522, 131.308837891, 131.750015259, 132.191192627, 132.632385254, 133.073562622, 133.51473999, 133.955917358, 134.408706665, 134.849884033, 135.279449463, 135.720626831, 136.161804199, 136.602996826, 137.044174194, 137.485351562, 137.926528931, 138.367706299, 138.808883667, 139.250061035, 139.691238403, 140.13243103, 140.573608398, 141.026397705, 141.467575073, 141.908752441, 142.361541748, 142.802719116, 143.243896484, 143.685073853, 144.126251221, 144.567428589, 145.008621216, 145.449798584, 145.890975952, 146.33215332, 146.773330688, 147.214508057, 147.655685425, 148.096862793, 148.538040161, 148.979232788, 149.420410156, 149.861587524, 150.314376831, 150.767166138, 151.208343506, 151.637908936, 152.067474365, 152.508651733, 152.94984436, 153.391021729, 153.843811035, 154.273376465, 154.702941895, 155.132507324, 155.573699951, 156.014877319, 156.456054688, 156.897232056, 157.350021362, 157.79119873, 158.243988037, 158.685165405, 159.126342773, 159.567520142, 160.00869751, 160.449890137, 160.891067505, 161.332244873, 161.773422241, 162.226211548, 162.679000854, 163.120178223, 163.561355591, 164.002532959, 164.443710327, 164.884887695, 165.326080322, 165.76725769, 166.19682312, 166.62638855, 167.067565918, 167.508743286, 167.938323975, 168.379501343, 168.820678711, 169.250244141, 169.703033447, 170.155822754, 170.608612061, 171.061401367, 171.525802612, 171.990203857, 172.454605103],
    "bpm_histogram": [0, 0, 0, 0, 0, 0, 0, 0, 0, 0, 0, 0, 0, 0, 0, 0, 0, 0, 0, 0, 0, 0, 0, 0, 0, 0, 0, 0, 0, 0, 0, 0, 0, 0, 0, 0, 0, 0, 0, 0, 0, 0, 0, 0, 0, 0, 0, 0, 0, 0, 0, 0, 0, 0, 0, 0, 0, 0, 0, 0, 0, 0, 0, 0, 0, 0, 0, 0, 0, 0, 0, 0, 0, 0, 0, 0, 0, 0, 0, 0, 0, 0, 0, 0, 0, 0, 0, 0, 0, 0, 0, 0, 0, 0, 0, 0, 0, 0, 0, 0, 0, 0, 0, 0, 0, 0.00518134701997, 0, 0, 0, 0, 0, 0, 0.00518134701997, 0, 0, 0.00518134701997, 0, 0.0155440410599, 0, 0, 0.0129533680156, 0, 0, 0.00777202052996, 0, 0, 0.00777202052996, 0, 0, 0.0284974090755, 0, 0, 0, 0.142487049103, 0, 0, 0.670984447002, 0, 0, 0, 0.0803108811378, 0, 0, 0, 0, 0, 0, 0, 0, 0, 0, 0, 0.00259067350999, 0, 0, 0, 0, 0.0155440410599, 0, 0, 0, 0, 0, 0, 0, 0, 0, 0, 0, 0, 0, 0, 0, 0, 0, 0, 0, 0, 0, 0, 0, 0, 0, 0, 0, 0, 0, 0, 0, 0, 0, 0, 0, 0, 0, 0, 0, 0, 0, 0, 0, 0, 0, 0, 0, 0, 0, 0, 0, 0, 0, 0, 0, 0, 0, 0, 0, 0, 0, 0, 0, 0, 0, 0, 0, 0, 0, 0, 0, 0, 0, 0, 0, 0, 0, 0, 0, 0, 0, 0, 0, 0, 0, 0, 0, 0, 0, 0, 0, 0]
},
"tonal": {
    "chords_changes_rate": 0.0630195736885,
    "chords_number_rate": 0.00187717890367,
    "chords_strength": {
        "mean": 0.500562369823
    },
    "hpcp_crest": {
        "mean": 13.6411762238
    },
    "hpcp_entropy": {
        "mean": 1.99085748196
    },
    "key_edma": {
        "strength": 0.829963326454,
        "key": "F#",
        "scale": "major"
    },
    "key_krumhansl": {
        "strength": 0.827618896961,
        "key": "F#",
        "scale": "major"
    },
    "key_temperley": {
        "strength": 0.823750793934,
        "key": "F#",
        "scale": "major"
    },
    "tuning_diatonic_strength": 0.631426751614,
    "tuning_equal_tempered_deviation": 0.0524155721068,
    "tuning_frequency": 441.272583008,
    "tuning_nontempered_energy_ratio": 0.684169769287,
    "hpcp": {
        "mean": [0.073727414012, 0.0756037533283, 0.113369360566, 0.142256364226, 0.089450545609, 0.0386179983616, 0.0339780971408, 0.0350075550377, 0.092066578567, 0.133767336607, 0.104189313948, 0.204622611403, 0.318155556917, 0.191445872188, 0.066856533289, 0.0566993243992, 0.0591051355004, 0.115919157863, 0.150731012225, 0.0944493412971, 0.0553150586784, 0.0522840470076, 0.0586382374167, 0.181677758694, 0.231845155358, 0.167359784245, 0.294417768717, 0.343314856291, 0.165103361011, 0.0698565840721, 0.0639002472162, 0.0596216320992, 0.147353664041, 0.210793942213, 0.130674675107, 0.0755789205432]
    },
    "chords_histogram": [27.2727279663, 16.143737793, 24.6983108521, 10.0563154221, 12.9525337219, 0.482703149319, 0.0804505199194, 0, 0.697237849236, 0.10726736486, 1.34084200859, 0.241351574659, 0.187717884779, 0, 0, 0, 0, 4.04934310913, 0, 0.29498526454, 0, 0, 0.643604159355, 0.750871539116],
    "thpcp": [1, 0.480909466743, 0.203476727009, 0.186127245426, 0.173664584756, 0.429208517075, 0.613995969296, 0.380626320839, 0.220144629478, 0.214751601219, 0.220216959715, 0.330219805241, 0.41436123848, 0.260549604893, 0.112485662103, 0.0989706590772, 0.101969242096, 0.268169522285, 0.38963457942, 0.303480356932, 0.596020281315, 0.926716566086, 0.557639360428, 0.194738253951, 0.165152549744, 0.172160148621, 0.337646782398, 0.439045995474, 0.27510997653, 0.16112048924, 0.152291834354, 0.170800179243, 0.52918702364, 0.675313472748, 0.487481921911, 0.857573628426],
    "chords_key": "F#",
    "chords_scale": "major"
}
}