{
"metadata": {
    "version": {
        "essentia": "2.1-beta6-dev",
        "essentia_git_sha": "v2.1_beta5-1177-g1d1cc983",
        "extractor": "music 2.0"
    },
    "audio_properties": {
        "analysis": {
            "equal_loudness": 0,
            "length": 197.983703613,
            "sample_rate": 44100,
            "start_time": 0,
            "downmix": "mix"
        },
        "bit_rate": 1411200,
        "length": 197.983703613,
        "lossless": 1,
        "number_channels": 2,
        "replay_gain": -15.3346920013,
        "sample_rate": 44100,
        "codec": "pcm_s16le",
        "md5_encoded": "8141db1d88108df29d772b77d3581f40"
    },
    "tags": {
        "file_name": "03 - All Get Out - Balance.wav",
        "album": ["Movement"],
        "albumartist": ["All Get Out"],
        "artist": ["All Get Out"],
        "composer": ["Nathan Hussey"],
        "copyright": ["2015 Bad Timing Records and Many Hats Distribution 2015 Bad Timing Records and Many Hats Distribution"],
        "date": ["2015"],
        "discnumber": ["1"],
        "disctotal": ["1"],
        "genre": ["Alternative & Indie"],
        "isrc": ["QM87M1502103"],
        "title": ["Balance"],
        "tracknumber": ["3"],
        "tracktotal": ["5"]
    }
},
"lowlevel": {
    "average_loudness": 0.949744641781,
    "barkbands_crest": {
        "mean": 9.0439863205
    },
    "barkbands_flatness_db": {
        "mean": 0.104766495526
    },
    "barkbands_kurtosis": {
        "mean": 4.35989332199
    },
    "barkbands_skewness": {
        "mean": 1.08349347115
    },
    "barkbands_spread": {
        "mean": 29.4251537323
    },
    "dissonance": {
        "mean": 0.47780624032
    },
    "dynamic_complexity": 2.68466830254,
    "erbbands_crest": {
        "mean": 7.78276348114
    },
    "erbbands_flatness_db": {
        "mean": 0.147403582931
    },
    "erbbands_kurtosis": {
        "mean": 0.499430060387
    },
    "erbbands_skewness": {
        "mean": -0.137164905667
    },
    "erbbands_spread": {
        "mean": 36.0566215515
    },
    "hfc": {
        "mean": 27.0038547516
    },
    "loudness_ebu128": {
        "integrated": -7.0592622757,
        "loudness_range": 5.44530963898,
        "momentary": {
            "mean": -7.9399728775
        },
        "short_term": {
            "mean": -7.52161169052
        }
    },
    "melbands_crest": {
        "mean": 14.6162433624
    },
    "melbands_flatness_db": {
        "mean": 0.166000753641
    },
    "melbands_kurtosis": {
        "mean": 12.2797632217
    },
    "melbands_skewness": {
        "mean": 2.26260280609
    },
    "melbands_spread": {
        "mean": 33.1535835266
    },
    "pitch_salience": {
        "mean": 0.566528379917
    },
    "silence_rate_20dB": {
        "mean": 1
    },
    "silence_rate_30dB": {
        "mean": 1
    },
    "silence_rate_60dB": {
        "mean": 0.0248592868447
    },
    "spectral_centroid": {
        "mean": 1829.77490234
    },
    "spectral_complexity": {
        "mean": 31.3920021057
    },
    "spectral_decrease": {
        "mean": -7.4019874674e-09
    },
    "spectral_energy": {
        "mean": 0.0303860604763
    },
    "spectral_energyband_high": {
        "mean": 0.000970784225501
    },
    "spectral_energyband_low": {
        "mean": 0.0117327626795
    },
    "spectral_energyband_middle_high": {
        "mean": 0.00805833470076
    },
    "spectral_energyband_middle_low": {
        "mean": 0.0108756246045
    },
    "spectral_entropy": {
        "mean": 7.78443241119
    },
    "spectral_flux": {
        "mean": 0.089249625802
    },
    "spectral_kurtosis": {
        "mean": 4.57870531082
    },
    "spectral_rms": {
        "mean": 0.0051923529245
    },
    "spectral_rolloff": {
        "mean": 2005.74182129
    },
    "spectral_skewness": {
        "mean": 1.36458909512
    },
    "spectral_spread": {
        "mean": 3918526.5
    },
    "spectral_strongpeak": {
        "mean": 0.937527418137
    },
    "zerocrossingrate": {
        "mean": 0.0686132460833
    },
    "barkbands": {
        "mean": [0.000731896201614, 0.00630937004462, 0.00363172939979, 0.00201248540543, 0.00200607976876, 0.00105321046431, 0.000877599639352, 0.0012358922977, 0.00332535826601, 0.00149452860933, 0.000705473590642, 0.000628066482022, 0.000620050414, 0.000546626921277, 0.000719752802979, 0.000783150666393, 0.00075222045416, 0.000971065543126, 0.000775236694608, 0.000377028249204, 0.000306675414322, 0.000190587714314, 0.000148093429743, 0.00010870526603, 4.4621687266e-05, 2.31127141888e-05, 7.19726131138e-06]
    },
    "erbbands": {
        "mean": [0.265290081501, 1.10472285748, 3.68641519547, 6.02918434143, 7.03086996078, 5.99577474594, 6.74150705338, 10.2662582397, 11.0224943161, 19.42527771, 30.5242042542, 81.7585144043, 57.452835083, 36.2542381287, 29.3994598389, 24.2058925629, 28.4398498535, 25.9134979248, 36.8631248474, 37.9399299622, 43.8557853699, 43.9702682495, 56.4889564514, 39.2399635315, 37.4471092224, 17.1123809814, 12.5142211914, 10.9309339523, 6.60145664215, 5.67491769791, 4.20847415924, 2.81178307533, 1.43670880795, 0.621269345284, 0.256612598896, 0.128496989608, 0.0340089388192, 0.00850157719105, 0.00122083083261, 9.87214225461e-05]
    },
    "gfcc": {
        "mean": [26.2681522369, 82.6002655029, -129.102966309, 38.5415229797, -45.8270225525, 8.79585647583, -29.514175415, 13.398859024, -19.6259880066, -3.58576989174, -18.9505615234, -4.01805973053, -15.0936899185],
        "cov": [[8554.88476562, -311.96194458, -413.980041504, 325.445800781, -373.943634033, 310.093811035, 7.9795217514, 189.93371582, -31.6000270844, 82.9802703857, -21.095331192, 127.885726929, 50.8502731323], [-311.96194458, 944.44744873, -277.954437256, -102.210655212, 74.6514587402, -112.466400146, 34.7962226868, 11.0650596619, 65.2732925415, -48.7014770508, 62.5849876404, -72.701171875, 33.9254493713], [-413.980041504, -277.954437256, 839.887329102, 154.273895264, 152.017532349, 128.935638428, 6.52155971527, -1.98103702068, -42.5438766479, 101.647865295, -30.7655982971, 69.6601867676, 12.2589435577], [325.445800781, -102.210655212, 154.273895264, 328.784820557, 72.3758926392, 75.840675354, -6.87968683243, -40.5217857361, 5.50881528854, 43.0667114258, 17.3234214783, 57.0827636719, 23.9185638428], [-373.943634033, 74.6514587402, 152.017532349, 72.3758926392, 225.876678467, 19.884765625, 21.9321136475, -6.00201845169, -6.899913311, 27.4246520996, 10.6460475922, 22.789018631, 6.35100793839], [310.093811035, -112.466400146, 128.935638428, 75.840675354, 19.884765625, 172.476028442, 75.9562301636, 38.3703804016, 4.33097171783, 29.6878738403, 11.5501556396, 34.0955810547, 23.2273311615], [7.9795217514, 34.7962226868, 6.52155971527, -6.87968683243, 21.9321136475, 75.9562301636, 140.74760437, 70.1905288696, 23.4019546509, 17.1929702759, 2.2946035862, 13.9578752518, 21.1454238892], [189.93371582, 11.0650596619, -1.98103702068, -40.5217857361, -6.00201845169, 38.3703804016, 70.1905288696, 134.638977051, 55.7250480652, 20.9436473846, 8.28188514709, 4.81949520111, 18.5868873596], [-31.6000270844, 65.2732925415, -42.5438766479, 5.50881528854, -6.899913311, 4.33097171783, 23.4019546509, 55.7250480652, 97.032371521, 35.1185760498, 22.4704303741, -2.44631028175, 13.8194217682], [82.9802703857, -48.7014770508, 101.647865295, 43.0667114258, 27.4246520996, 29.6878738403, 17.1929702759, 20.9436473846, 35.1185760498, 89.5543670654, 20.5155658722, 27.987077713, 7.92774868011], [-21.095331192, 62.5849876404, -30.7655982971, 17.3234214783, 10.6460475922, 11.5501556396, 2.2946035862, 8.28188514709, 22.4704303741, 20.5155658722, 81.2530593872, 28.0843467712, 21.0187492371], [127.885726929, -72.701171875, 69.6601867676, 57.0827636719, 22.789018631, 34.0955810547, 13.9578752518, 4.81949520111, -2.44631028175, 27.987077713, 28.0843467712, 72.6548309326, 32.1866645813], [50.8502731323, 33.9254493713, 12.2589435577, 23.9185638428, 6.35100793839, 23.2273311615, 21.1454238892, 18.5868873596, 13.8194217682, 7.92774868011, 21.0187492371, 32.1866645813, 59.7635917664]],
        "icov": [[0.000202664683457, -0.000141216616612, 0.000271653058007, -0.000301170104649, 0.000378408178221, -0.000539944565389, 0.000549154006876, -0.000705044658389, 0.00066940340912, -0.000545373826753, 0.000485076452605, -0.000476399873151, 0.000170675659319], [-0.000141216616612, 0.00204568868503, 1.90039531844e-06, 0.000387824315112, -0.00133836595342, 0.00166395038832, -0.00161747925449, 0.0011919059325, -0.0014132639626, 0.00121128105093, -0.00227527786046, 0.00323241413571, -0.00227411999367], [0.000271653058007, 1.90039531844e-06, 0.00245862524025, -0.000535760482308, -0.000636798271444, -0.00194106611889, 0.0018044852186, -0.00144642358646, 0.00220406590961, -0.00294913817197, 0.00212514074519, -0.00108962680679, -0.000167675141711], [-0.000301170104649, 0.000387824315112, -0.000535760482308, 0.00515233306214, -0.00168798095547, -0.00129459844902, 0.000128825515276, 0.00354061555117, -0.00310721760616, 0.000549916236196, -0.000141438344144, -0.00164709961973, -0.000797908403911], [0.000378408178221, -0.00133836595342, -0.000636798271444, -0.00168798095547, 0.00690458342433, -0.000352014030796, -0.0002029195457, -0.00132838496938, 0.00231025461107, -0.00169792433735, 0.000635574862827, -0.00226073223166, 0.00181700056419], [-0.000539944565389, 0.00166395038832, -0.00194106611889, -0.00129459844902, -0.000352014030796, 0.0127864433452, -0.00770716927946, 0.00103342928924, -0.00070631847484, 0.00187746959273, -0.0042399042286, 0.00290676578879, -0.00225546304137], [0.000549154006876, -0.00161747925449, 0.0018044852186, 0.000128825515276, -0.0002029195457, -0.00770716927946, 0.0154233444482, -0.00723374355584, 0.00275736884214, -0.00315915769897, 0.00481190625578, -0.00374499661848, -5.50422810193e-05], [-0.000705044658389, 0.0011919059325, -0.00144642358646, 0.00354061555117, -0.00132838496938, 0.00103342928924, -0.00723374355584, 0.0169752258807, -0.0102918548509, 0.0028932671994, -0.0016808595974, 0.00148051441647, -0.00238766078837], [0.00066940340912, -0.0014132639626, 0.00220406590961, -0.00310721760616, 0.00231025461107, -0.00070631847484, 0.00275736884214, -0.0102918548509, 0.0224310308695, -0.0105474675074, -0.000671276997309, 0.00353832519613, -0.00217884313315], [-0.000545373826753, 0.00121128105093, -0.00294913817197, 0.000549916236196, -0.00169792433735, 0.00187746959273, -0.00315915769897, 0.0028932671994, -0.0105474675074, 0.0212362185121, -0.00457231607288, -0.00341942417435, 0.00290156295523], [0.000485076452605, -0.00227527786046, 0.00212514074519, -0.000141438344144, 0.000635574862827, -0.0042399042286, 0.00481190625578, -0.0016808595974, -0.000671276997309, -0.00457231607288, 0.0204600784928, -0.0102415438741, -1.81961422641e-05], [-0.000476399873151, 0.00323241413571, -0.00108962680679, -0.00164709961973, -0.00226073223166, 0.00290676578879, -0.00374499661848, 0.00148051441647, 0.00353832519613, -0.00341942417435, -0.0102415438741, 0.0319880470634, -0.0145620852709], [0.000170675659319, -0.00227411999367, -0.000167675141711, -0.000797908403911, 0.00181700056419, -0.00225546304137, -5.50422810193e-05, -0.00238766078837, -0.00217884313315, 0.00290156295523, -1.81961422641e-05, -0.0145620852709, 0.0276455711573]]
    },
    "melbands": {
        "mean": [0.00198722933419, 0.00173009582795, 0.00108238274697, 0.000459447357571, 0.000243912494625, 0.000219825000386, 0.000173048683791, 0.000234951803577, 0.000257031962974, 0.000542439462151, 0.000281768938294, 0.000157136862981, 9.16311473702e-05, 7.92949067545e-05, 5.38485837751e-05, 6.75181727274e-05, 4.51155283372e-05, 5.83123946853e-05, 5.59177642572e-05, 5.25885479874e-05, 5.0239097618e-05, 4.42478522018e-05, 5.05526550114e-05, 4.49204599136e-05, 3.00880928989e-05, 2.90799926006e-05, 2.1386287699e-05, 9.09099981072e-06, 6.9747334237e-06, 8.38267806103e-06, 5.7106449276e-06, 3.75967420041e-06, 3.44687850884e-06, 2.92643858302e-06, 2.53288817476e-06, 2.01763373298e-06, 1.59082048867e-06, 1.04066202766e-06, 7.81958647167e-07, 4.37524391828e-07]
    },
    "melbands128": {
        "mean": [0.000689006294124, 0.0024843190331, 0.00222127488814, 0.00164435140323, 0.00181131728459, 0.00175951537676, 0.00125442666467, 0.00095051334938, 0.000715737405699, 0.000430239597335, 0.000304338260321, 0.000268501084065, 0.000226461314014, 0.000198310226551, 0.000274243677268, 0.000191602361156, 0.000161599949934, 0.000160239142133, 0.00021264400857, 0.000180089264177, 0.000298453087453, 0.000254530837992, 0.000218024724745, 0.000291830161586, 0.000540532870218, 0.00076416315278, 0.000258682470303, 0.000213281164179, 0.000328108959366, 0.000167377627804, 0.000111951980216, 9.45499778027e-05, 6.87319043209e-05, 0.000118820702482, 9.0743007604e-05, 6.86268977006e-05, 5.15396459377e-05, 6.04653832852e-05, 4.46694575658e-05, 6.67356653139e-05, 8.71492447914e-05, 4.20685282734e-05, 3.82480466214e-05, 4.4131953473e-05, 6.74152761349e-05, 5.7384459069e-05, 5.39098946319e-05, 6.68877983117e-05, 5.17451881024e-05, 3.67412430933e-05, 6.32518131169e-05, 5.4915821238e-05, 5.02995826537e-05, 5.06334799866e-05, 4.33758505096e-05, 4.6165256208e-05, 4.04557358706e-05, 4.39490795543e-05, 5.43009373359e-05, 6.52750022709e-05, 4.35346228187e-05, 3.17419253406e-05, 3.20224680763e-05, 2.83292756649e-05, 2.95346999337e-05, 2.84352972812e-05, 2.88111568807e-05, 3.0524784961e-05, 1.88116300706e-05, 1.07207570181e-05, 9.15240525501e-06, 8.48786294227e-06, 6.22183461019e-06, 6.19090542386e-06, 7.99212921265e-06, 1.03062939161e-05, 7.51521156417e-06, 6.13464180788e-06, 5.75849344386e-06, 5.12876113135e-06, 3.88380112781e-06, 3.17912372338e-06, 3.14211388286e-06, 3.45953208125e-06, 3.88281478081e-06, 3.08053881781e-06, 2.51193182521e-06, 2.69843940259e-06, 2.72055126516e-06, 2.29724560086e-06, 1.98399834517e-06, 2.04306684282e-06, 1.88381216049e-06, 1.58491548063e-06, 1.48202184391e-06, 1.14036799914e-06, 9.15021530545e-07, 9.02199531083e-07, 9.04898911358e-07, 6.7423911787e-07, 4.44130847654e-07, 4.15908772311e-07, 3.97386230588e-07, 3.32792666313e-07, 2.56151196254e-07, 2.33773405967e-07, 2.49225905691e-07, 2.82457847334e-07, 2.65353889972e-07, 1.67783923644e-07, 1.13144444924e-07, 1.2055186005e-07, 1.03101257309e-07, 8.5908766323e-08, 8.12270926076e-08, 7.00959716937e-08, 6.0772627819e-08, 5.54223831273e-08, 5.98240674776e-08, 3.82971272472e-08, 2.6864610092e-08, 2.4064354065e-08, 2.0356807795e-08, 1.55567736471e-08, 9.92363347052e-09, 8.39541947073e-09, 5.78571768273e-09, 3.55009177611e-09]
    },
    "mfcc": {
        "mean": [-610.763793945, 111.643341064, -18.7421913147, 31.3538646698, 5.46827363968, 3.23883128166, 1.21386420727, 11.6483898163, 2.77648067474, 5.85855817795, 0.535156369209, -1.26423728466, -3.89284968376],
        "cov": [[7137.19433594, -586.895385742, -191.425369263, -26.8401737213, -211.598617554, 25.0447998047, 36.1195297241, 123.355506897, 65.3162612915, 68.8331756592, 31.8940944672, 28.2780990601, 22.6663532257], [-586.895385742, 863.961914062, -225.144989014, -22.0172176361, 11.1197595596, -109.119018555, 3.23697590828, 3.02713298798, -4.97282600403, 46.4025878906, -2.99505114555, 0.0898447930813, -5.32986879349], [-191.425369263, -225.144989014, 559.956970215, 88.4275283813, 114.762802124, 123.678329468, 67.8608474731, -6.88916301727, 40.0567550659, -8.83260059357, 11.1981954575, 0.512982666492, 26.4435787201], [-26.8401737213, -22.0172176361, 88.4275283813, 239.478805542, 106.360725403, 99.4163894653, 3.76319432259, -13.8387050629, 2.13977408409, -22.7496242523, -0.317865014076, 5.53456735611, 41.622959137], [-211.598617554, 11.1197595596, 114.762802124, 106.360725403, 185.569976807, 65.8304138184, 22.3837547302, -14.9311847687, -8.8188495636, -12.3392410278, 5.44229745865, 4.31341791153, 19.9044036865], [25.0447998047, -109.119018555, 123.678329468, 99.4163894653, 65.8304138184, 174.341903687, 57.9289894104, 9.76251029968, 7.36923027039, -16.047952652, -2.89382386208, 6.58476829529, 28.1628932953], [36.1195297241, 3.23697590828, 67.8608474731, 3.76319432259, 22.3837547302, 57.9289894104, 121.214012146, 48.8479881287, 28.9901618958, 5.14225912094, 9.11738777161, 0.230632022023, 4.94546794891], [123.355506897, 3.02713298798, -6.88916301727, -13.8387050629, -14.9311847687, 9.76251029968, 48.8479881287, 92.355140686, 42.0144882202, 21.8056564331, 7.32174015045, 5.31937932968, 1.24720275402], [65.3162612915, -4.97282600403, 40.0567550659, 2.13977408409, -8.8188495636, 7.36923027039, 28.9901618958, 42.0144882202, 97.0316085815, 43.3404197693, 24.9615001678, 6.61551380157, 8.25622653961], [68.8331756592, 46.4025878906, -8.83260059357, -22.7496242523, -12.3392410278, -16.047952652, 5.14225912094, 21.8056564331, 43.3404197693, 73.5705413818, 29.1582241058, 15.1766757965, 4.33693599701], [31.8940944672, -2.99505114555, 11.1981954575, -0.317865014076, 5.44229745865, -2.89382386208, 9.11738777161, 7.32174015045, 24.9615001678, 29.1582241058, 61.8430290222, 27.1359081268, 5.44857931137], [28.2780990601, 0.0898447930813, 0.512982666492, 5.53456735611, 4.31341791153, 6.58476829529, 0.230632022023, 5.31937932968, 6.61551380157, 15.1766757965, 27.1359081268, 59.8427276611, 27.2641563416], [22.6663532257, -5.32986879349, 26.4435787201, 41.622959137, 19.9044036865, 28.1628932953, 4.94546794891, 1.24720275402, 8.25622653961, 4.33693599701, 5.44857931137, 27.2641563416, 64.8262786865]],
        "icov": [[0.000163814169355, 0.000147731800098, 9.80067125056e-05, -0.000103279060568, 0.00016415178834, 2.24165105465e-05, -9.50403700699e-05, -0.00013264111476, 6.23218729743e-05, -0.000224080722546, 3.9669985199e-06, 6.82284326103e-06, -6.52838352835e-05], [0.000147731800098, 0.00168204435613, 0.000719802686945, -0.000473209860502, -0.000465161196189, 0.0012247475097, -0.00115496257786, 0.00031524951919, 0.000279085186776, -0.0015213660663, 0.000752026971895, -6.32387309452e-05, -0.000180724644451], [9.80067125056e-05, 0.000719802686945, 0.00277054333128, 4.37494418293e-06, -0.00122439023107, -0.000640632060822, -0.00121147523168, 0.00118701008614, -0.00136140710674, -9.99343392323e-05, 0.000109739812615, 0.000259332213318, -0.000322421779856], [-0.000103279060568, -0.000473209860502, 4.37494418293e-06, 0.00774316582829, -0.00312325078994, -0.00365528231487, 0.00261067622341, -1.37183733386e-05, -0.00160154420882, 0.00257052108645, -0.00111257412937, 0.00138754933141, -0.00308622349985], [0.00016415178834, -0.000465161196189, -0.00122439023107, -0.00312325078994, 0.00869732070714, -0.00076218979666, -0.00109031947795, 0.000663974729832, 0.00180985732004, -0.000410887179896, -0.00118497537915, 6.10101960774e-05, 1.11555591502e-05], [2.24165105465e-05, 0.0012247475097, -0.000640632060822, -0.00365528231487, -0.00076218979666, 0.0112776579335, -0.0052505498752, 0.000506263226271, 0.00062801031163, -0.000280284701148, 0.00196214788593, -0.00117249344476, -0.00130649039056], [-9.50403700699e-05, -0.00115496257786, -0.00121147523168, 0.00261067622341, -0.00109031947795, -0.0052505498752, 0.0148127283901, -0.00693127838895, -0.00124311458785, 0.00265350821428, -0.00284041208215, 0.00187086325604, -0.000191962171812], [-0.00013264111476, 0.00031524951919, 0.00118701008614, -1.37183733386e-05, 0.000663974729832, 0.000506263226271, -0.00693127838895, 0.0177718568593, -0.00585222989321, -0.00177328998689, 0.00283954013139, -0.00221118028276, 0.000915228680242], [6.23218729743e-05, 0.000279085186776, -0.00136140710674, -0.00160154420882, 0.00180985732004, 0.00062801031163, -0.00124311458785, -0.00585222989321, 0.0186752080917, -0.0087122246623, -0.00365978316404, 0.003091043327, -0.00182432367001], [-0.000224080722546, -0.0015213660663, -9.99343392323e-05, 0.00257052108645, -0.000410887179896, -0.000280284701148, 0.00265350821428, -0.00177328998689, -0.0087122246623, 0.0240955110639, -0.00724678486586, -0.00137643690687, -0.00089126318926], [3.9669985199e-06, 0.000752026971895, 0.000109739812615, -0.00111257412937, -0.00118497537915, 0.00196214788593, -0.00284041208215, 0.00283954013139, -0.00365978316404, -0.00724678486586, 0.0261484850198, -0.0117560690269, 0.0041009481065], [6.82284326103e-06, -6.32387309452e-05, 0.000259332213318, 0.00138754933141, 6.10101960774e-05, -0.00117249344476, 0.00187086325604, -0.00221118028276, 0.003091043327, -0.00137643690687, -0.0117560690269, 0.027456888929, -0.0114749334753], [-6.52838352835e-05, -0.000180724644451, -0.000322421779856, -0.00308622349985, 1.11555591502e-05, -0.00130649039056, -0.000191962171812, 0.000915228680242, -0.00182432367001, -0.00089126318926, 0.0041009481065, -0.0114749334753, 0.0228814315051]]
    },
    "spectral_contrast_coeffs": {
        "mean": [-0.723184883595, -0.772906601429, -0.772446632385, -0.801326870918, -0.780445635319, -0.745160281658]
    },
    "spectral_contrast_valleys": {
        "mean": [-6.57181501389, -6.53887891769, -7.01182556152, -7.00670003891, -6.91143369675, -10.0230541229]
    }
},
"rhythm": {
    "beats_count": 454,
    "beats_loudness": {
        "mean": 0.0394672565162
    },
    "bpm": 138.129379272,
    "bpm_histogram_first_peak_bpm": 140,
    "bpm_histogram_first_peak_weight": 0.483490526676,
    "bpm_histogram_second_peak_bpm": 148,
    "bpm_histogram_second_peak_spread": 0,
    "bpm_histogram_second_peak_weight": 0.0242825616151,
    "danceability": 1.18331313133,
    "onset_rate": 2.72226953506,
    "beats_loudness_band_ratio": {
        "mean": [0.532860517502, 0.0841189399362, 0.14768743515, 0.0938990935683, 0.11889873445, 0.0576257668436]
    },
    "beats_position": [0.417959183455, 0.835918366909, 1.25387752056, 1.68344664574, 2.11301589012, 2.55419492722, 2.9837641716, 3.41333317757, 3.85451245308, 4.28408145905, 4.71365070343, 5.15482997894, 5.59600877762, 6.025578022, 6.45514726639, 6.8963265419, 7.33750534058, 7.76707458496, 8.19664382935, 8.63782310486, 9.07900238037, 9.50857162476, 9.93814086914, 10.379319191, 10.8204984665, 11.2500677109, 11.6796369553, 12.1208162308, 12.5619955063, 12.9915647507, 13.4211339951, 13.8507022858, 14.2802715302, 14.7214508057, 15.1626300812, 15.6038093567, 16.0333786011, 16.4629478455, 16.904127121, 17.3336963654, 17.7632656097, 18.2044448853, 18.6456241608, 19.0751914978, 19.5047607422, 19.9343299866, 20.363899231, 20.8050785065, 21.246257782, 21.6874370575, 22.1170063019, 22.5465755463, 22.9877548218, 23.4173240662, 23.8468933105, 24.2880725861, 24.7292518616, 25.158821106, 25.5883903503, 26.0295696259, 26.470746994, 26.9003162384, 27.3298854828, 27.7710647583, 28.2122440338, 28.6418132782, 29.0713825226, 29.500951767, 29.9305210114, 30.3717002869, 30.8128795624, 31.2424488068, 31.6720180511, 32.1131973267, 32.5543746948, 32.9839439392, 33.4135131836, 33.8546943665, 34.2842636108, 34.7138328552, 35.1550102234, 35.5961914062, 36.0257606506, 36.455329895, 36.8965072632, 37.3260765076, 37.755645752, 38.1968231201, 38.638004303, 39.0675735474, 39.5087509155, 39.9383201599, 40.3795013428, 40.8206787109, 41.2502479553, 41.6798171997, 42.1209983826, 42.550567627, 42.9801368713, 43.4213142395, 43.8624954224, 44.3036727905, 44.7332420349, 45.1628112793, 45.5923805237, 46.0219497681, 46.4631271362, 46.8926963806, 47.322265625, 47.7634468079, 48.204624176, 48.6341934204, 49.0637626648, 49.5049438477, 49.934513092, 50.3756904602, 50.8052597046, 51.2464370728, 51.6876182556, 52.1171875, 52.5467567444, 52.9763259888, 53.4058952332, 53.8470726013, 54.2882537842, 54.7294311523, 55.1473922729, 55.5885696411, 56.029750824, 56.4593200684, 56.8888893127, 57.3300666809, 57.7596359253, 58.1892051697, 58.6303825378, 59.0715637207, 59.5127410889, 59.9539222717, 60.3834915161, 60.8130607605, 61.2542381287, 61.683807373, 62.1133766174, 62.5545578003, 62.9841270447, 63.4136962891, 63.8548736572, 64.2844467163, 64.7256240845, 65.1551895142, 65.5963668823, 66.0375518799, 66.4555053711, 66.8966903687, 67.3378677368, 67.7674331665, 68.1970062256, 68.6381835938, 69.0677566528, 69.4973220825, 69.9384994507, 70.3796844482, 70.7976379395, 71.238822937, 71.6800003052, 72.1095657349, 72.5391387939, 72.9803161621, 73.4214935303, 73.8510665894, 74.280632019, 74.7218093872, 75.1629943848, 75.6041717529, 76.0337371826, 76.4633102417, 76.9044876099, 77.345664978, 77.7752380371, 78.2048034668, 78.6459884644, 79.075553894, 79.5051269531, 79.9346923828, 80.3642578125, 80.8054428101, 81.2466201782, 81.6877975464, 82.1173706055, 82.5469360352, 82.9881134033, 83.4176864624, 83.8472518921, 84.2884368896, 84.7296142578, 85.1591796875, 85.5887527466, 86.0299301147, 86.4711074829, 86.9122848511, 87.3418579102, 87.7830352783, 88.2126083374, 88.6421737671, 89.0717468262, 89.5129241943, 89.942489624, 90.3720626831, 90.8132400513, 91.2428131104, 91.67237854, 92.1135559082, 92.5547409058, 92.9843063354, 93.4138793945, 93.8550567627, 94.2846221924, 94.7141952515, 95.1553726196, 95.5965499878, 96.0261230469, 96.4556884766, 96.8968658447, 97.3264389038, 97.7560043335, 98.1971893311, 98.6383666992, 99.0679321289, 99.497505188, 99.9386825562, 100.379859924, 100.809432983, 101.238998413, 101.680175781, 102.10974884, 102.53931427, 102.980499268, 103.421676636, 103.851242065, 104.280815125, 104.721992493, 105.163169861, 105.604354858, 106.033920288, 106.463493347, 106.893058777, 107.322631836, 107.763809204, 108.193374634, 108.634559631, 109.064125061, 109.505302429, 109.946479797, 110.376052856, 110.805618286, 111.246803284, 111.676368713, 112.105941772, 112.547119141, 112.988296509, 113.429473877, 113.859046936, 114.288612366, 114.718185425, 115.147750854, 115.588935852, 116.03011322, 116.471290588, 116.900856018, 117.330429077, 117.771606445, 118.212783813, 118.642356873, 119.071922302, 119.489883423, 119.931060791, 120.372245789, 120.801811218, 121.231384277, 121.672561646, 122.113739014, 122.554916382, 122.99609375, 123.414054871, 123.855232239, 124.296417236, 124.725982666, 125.155555725, 125.596733093, 126.026298523, 126.455871582, 126.89704895, 127.338226318, 127.767799377, 128.197372437, 128.638549805, 129.068115234, 129.497680664, 129.938858032, 130.3800354, 130.809616089, 131.239181519, 131.680358887, 132.109924316, 132.539505005, 132.980682373, 133.410247803, 133.851425171, 134.292602539, 134.722167969, 135.163360596, 135.592926025, 136.022491455, 136.463668823, 136.893234253, 137.322814941, 137.76399231, 138.205169678, 138.646347046, 139.087524414, 139.528701782, 139.96987915, 140.3878479, 140.81741333, 141.258590698, 141.688156128, 142.117736816, 142.547302246, 142.976867676, 143.418045044, 143.859222412, 144.288803101, 144.729980469, 145.159545898, 145.600723267, 146.030288696, 146.471466064, 146.901046753, 147.330612183, 147.771789551, 148.20135498, 148.63092041, 149.072113037, 149.513290405, 149.942855835, 150.384033203, 150.813598633, 151.243179321, 151.672744751, 152.113922119, 152.555099487, 152.996276855, 153.425842285, 153.855422974, 154.296600342, 154.726165771, 155.155731201, 155.596908569, 156.026489258, 156.456054688, 156.897232056, 157.326797485, 157.767974854, 158.197555542, 158.63873291, 159.06829834, 159.49786377, 159.939041138, 160.380218506, 160.809799194, 161.239364624, 161.680541992, 162.12171936, 162.55128479, 162.980865479, 163.422042847, 163.863220215, 164.292785645, 164.722351074, 165.163528442, 165.604721069, 166.045898438, 166.475463867, 166.905029297, 167.334594727, 167.775772095, 168.205352783, 168.646530151, 169.076095581, 169.505661011, 169.946838379, 170.376419067, 170.805984497, 171.247161865, 171.688339233, 172.117904663, 172.55909729, 173.000274658, 173.441452026, 173.871017456, 174.312194824, 174.741760254, 175.182937622, 175.612518311, 176.04208374, 176.47164917, 176.912826538, 177.342407227, 177.771972656, 178.213150024, 178.654327393, 179.083892822, 179.513473511, 179.966262817, 180.419036865, 180.871826172, 181.313018799, 181.754196167, 182.206985474, 182.65977478, 183.124176025, 183.576965332, 184.041351318, 184.517364502, 184.981765747, 185.446166992, 185.910568237, 186.374969482, 186.839355469, 187.303756714, 187.768157959, 188.244171143, 188.720184326, 189.149749756, 189.567703247, 189.985671997, 190.39201355, 190.798370361, 191.204711914, 191.611068726, 192.017410278, 192.42376709, 192.830108643, 193.236465454, 193.642807007, 194.049163818, 194.455505371, 194.873458862, 195.303039551, 195.720993042, 196.138946533, 196.568527222, 196.998092651, 197.427658081],
    "bpm_histogram": [0, 0, 0, 0, 0, 0, 0, 0, 0, 0, 0, 0, 0, 0, 0, 0, 0, 0, 0, 0, 0, 0, 0, 0, 0, 0, 0, 0, 0, 0, 0, 0, 0, 0, 0, 0, 0, 0, 0, 0, 0, 0, 0, 0, 0, 0, 0, 0, 0, 0, 0, 0, 0, 0, 0, 0, 0, 0, 0, 0, 0, 0, 0, 0, 0, 0, 0, 0, 0, 0, 0, 0, 0, 0, 0, 0, 0, 0, 0, 0, 0, 0, 0, 0, 0, 0, 0, 0, 0, 0, 0, 0, 0, 0, 0, 0, 0, 0, 0, 0, 0, 0, 0, 0, 0, 0, 0, 0, 0, 0, 0, 0, 0, 0, 0, 0, 0, 0, 0, 0, 0, 0, 0, 0, 0, 0, 0.00662251655012, 0, 0, 0.0198675505817, 0, 0, 0, 0.0132450331002, 0, 0, 0.423841059208, 0, 0, 0, 0.483443707228, 0, 0, 0, 0.0286975726485, 0, 0, 0, 0.0242825616151, 0, 0, 0, 0, 0, 0, 0, 0, 0, 0, 0, 0, 0, 0, 0, 0, 0, 0, 0, 0, 0, 0, 0, 0, 0, 0, 0, 0, 0, 0, 0, 0, 0, 0, 0, 0, 0, 0, 0, 0, 0, 0, 0, 0, 0, 0, 0, 0, 0, 0, 0, 0, 0, 0, 0, 0, 0, 0, 0, 0, 0, 0, 0, 0, 0, 0, 0, 0, 0, 0, 0, 0, 0, 0, 0, 0, 0, 0, 0, 0, 0, 0, 0, 0, 0, 0, 0, 0, 0, 0, 0, 0, 0, 0, 0, 0, 0, 0, 0, 0, 0]
},
"tonal": {
    "chords_changes_rate": 0.0607268474996,
    "chords_number_rate": 0.00187573267613,
    "chords_strength": {
        "mean": 0.516597211361
    },
    "hpcp_crest": {
        "mean": 12.9476413727
    },
    "hpcp_entropy": {
        "mean": 2.13782453537
    },
    "key_edma": {
        "strength": 0.769146740437,
        "key": "F#",
        "scale": "major"
    },
    "key_krumhansl": {
        "strength": 0.752006351948,
        "key": "F#",
        "scale": "major"
    },
    "key_temperley": {
        "strength": 0.727595865726,
        "key": "F#",
        "scale": "major"
    },
    "tuning_diatonic_strength": 0.572592735291,
    "tuning_equal_tempered_deviation": 0.290387243032,
    "tuning_frequency": 434.193115234,
    "tuning_nontempered_energy_ratio": 0.968654215336,
    "hpcp": {
        "mean": [0.105049610138, 0.0875808596611, 0.0770368725061, 0.170769631863, 0.249190449715, 0.158935427666, 0.0684415921569, 0.0519692562521, 0.0568309873343, 0.101773552597, 0.123983122408, 0.103974334896, 0.237212061882, 0.318323522806, 0.167898982763, 0.0798464268446, 0.0723038613796, 0.0723402351141, 0.113043121994, 0.129950761795, 0.0979098677635, 0.0815015137196, 0.0828317850828, 0.102206781507, 0.238746792078, 0.300851196051, 0.201384350657, 0.206567257643, 0.241501525044, 0.163069754839, 0.100244134665, 0.0933295935392, 0.0933147072792, 0.176694497466, 0.220334589481, 0.147573664784]
    },
    "chords_histogram": [15.4513483047, 29.8944892883, 24.03282547, 12.1688156128, 0.56271982193, 0, 0.890973031521, 0.0703399777412, 4.03282546997, 0, 3.09495902061, 0, 0, 0, 0, 0.0703399777412, 0.0468933172524, 4.78311824799, 0, 0.117233291268, 0, 0.257913261652, 0, 4.52520513535],
    "thpcp": [1, 0.527447640896, 0.250834196806, 0.227139547467, 0.227253809571, 0.355120241642, 0.408234864473, 0.307579755783, 0.256033599377, 0.260212570429, 0.321078330278, 0.750013053417, 0.945111393929, 0.632640480995, 0.648922383785, 0.758666932583, 0.512276768684, 0.314912736416, 0.29319101572, 0.293144226074, 0.555078327656, 0.692171871662, 0.463596493006, 0.33000895381, 0.275131613016, 0.24200810492, 0.536465644836, 0.78282135725, 0.499288976192, 0.215006396174, 0.163259238005, 0.178532168269, 0.319717347622, 0.38948777318, 0.326631009579, 0.745191752911],
    "chords_key": "Bb",
    "chords_scale": "minor"
}
}