{
"metadata": {
    "version": {
        "essentia": "2.1-beta6-dev",
        "essentia_git_sha": "v2.1_beta5-1177-g1d1cc983",
        "extractor": "music 2.0"
    },
    "audio_properties": {
        "analysis": {
            "equal_loudness": 0,
            "length": 377.867034912,
            "sample_rate": 44100,
            "start_time": 0,
            "downmix": "mix"
        },
        "bit_rate": 1411200,
        "length": 377.867034912,
        "lossless": 1,
        "number_channels": 2,
        "replay_gain": -12.9832305908,
        "sample_rate": 44100,
        "codec": "pcm_s16le",
        "md5_encoded": "824acd0d23dadf751b68b61504b9adc4"
    },
    "tags": {
        "file_name": "09 - All Get Out - Let Me Go.wav",
        "album": ["The Season"],
        "albumartist": ["All Get Out"],
        "artist": ["All Get Out"],
        "copyright": ["2011 All Get Out and Many Hats Distribution 2011 All Get Out and Many Hats Distribution"],
        "date": ["2011"],
        "discnumber": ["1"],
        "disctotal": ["1"],
        "genre": ["Alternative & Indie"],
        "isrc": ["US3DF1112376"],
        "title": ["Let Me Go"],
        "tracknumber": ["9"],
        "tracktotal": ["10"]
    }
},
"lowlevel": {
    "average_loudness": 0.15663202107,
    "barkbands_crest": {
        "mean": 11.7886552811
    },
    "barkbands_flatness_db": {
        "mean": 0.248681873083
    },
    "barkbands_kurtosis": {
        "mean": 6.34225130081
    },
    "barkbands_skewness": {
        "mean": 1.54322755337
    },
    "barkbands_spread": {
        "mean": 13.0731163025
    },
    "dissonance": {
        "mean": 0.39698266983
    },
    "dynamic_complexity": 7.95724439621,
    "erbbands_crest": {
        "mean": 13.4251050949
    },
    "erbbands_flatness_db": {
        "mean": 0.242105469108
    },
    "erbbands_kurtosis": {
        "mean": 2.6857483387
    },
    "erbbands_skewness": {
        "mean": 0.693417370319
    },
    "erbbands_spread": {
        "mean": 24.5747127533
    },
    "hfc": {
        "mean": 11.400636673
    },
    "loudness_ebu128": {
        "integrated": -10.2836761475,
        "loudness_range": 16.3027687073,
        "momentary": {
            "mean": -15.777217865
        },
        "short_term": {
            "mean": -14.9223356247
        }
    },
    "melbands_crest": {
        "mean": 15.5570049286
    },
    "melbands_flatness_db": {
        "mean": 0.325919121504
    },
    "melbands_kurtosis": {
        "mean": 12.1505813599
    },
    "melbands_skewness": {
        "mean": 2.14601612091
    },
    "melbands_spread": {
        "mean": 16.3221321106
    },
    "pitch_salience": {
        "mean": 0.489209264517
    },
    "silence_rate_20dB": {
        "mean": 1
    },
    "silence_rate_30dB": {
        "mean": 0.994101405144
    },
    "silence_rate_60dB": {
        "mean": 0.335975408554
    },
    "spectral_centroid": {
        "mean": 925.20904541
    },
    "spectral_complexity": {
        "mean": 12.1257143021
    },
    "spectral_decrease": {
        "mean": -4.0900705045e-09
    },
    "spectral_energy": {
        "mean": 0.016470964998
    },
    "spectral_energyband_high": {
        "mean": 0.000299504899886
    },
    "spectral_energyband_low": {
        "mean": 0.00508030317724
    },
    "spectral_energyband_middle_high": {
        "mean": 0.00359032233246
    },
    "spectral_energyband_middle_low": {
        "mean": 0.00881421659142
    },
    "spectral_entropy": {
        "mean": 6.52115154266
    },
    "spectral_flux": {
        "mean": 0.0434109196067
    },
    "spectral_kurtosis": {
        "mean": 31.6729393005
    },
    "spectral_rms": {
        "mean": 0.00317969406024
    },
    "spectral_rolloff": {
        "mean": 1067.11914062
    },
    "spectral_skewness": {
        "mean": 3.52826571465
    },
    "spectral_spread": {
        "mean": 3279784.5
    },
    "spectral_strongpeak": {
        "mean": 0.966844320297
    },
    "zerocrossingrate": {
        "mean": 0.0410938411951
    },
    "barkbands": {
        "mean": [3.51224007318e-05, 0.00304939923808, 0.00143551151268, 0.00118437677156, 0.0017334909644, 0.00121729425155, 0.00072186376201, 0.00103463605046, 0.0012440480059, 0.00200669351034, 0.000670512905344, 0.000270112650469, 0.000263618654571, 0.000201947332243, 0.000188209436601, 0.000176369328983, 0.000235937448451, 0.000200448150281, 0.000207372315344, 0.000139940661029, 5.14796593052e-05, 5.3393188864e-05, 6.78302312735e-05, 4.44235010946e-05, 2.73679670499e-05, 8.44768874231e-06, 9.57850716077e-07]
    },
    "erbbands": {
        "mean": [0.0546820759773, 0.786385595798, 1.81682872772, 2.89999365807, 4.59352350235, 5.82976436615, 8.22013568878, 9.99006938934, 11.1465549469, 13.5657720566, 26.1563358307, 34.6055831909, 75.9518814087, 21.7563743591, 24.9319477081, 13.6254234314, 12.9294290543, 11.4328966141, 9.74912071228, 9.87448692322, 10.0210447311, 12.2887220383, 11.9240264893, 9.46207714081, 10.8709459305, 6.62004709244, 2.63184404373, 1.92832159996, 1.94670474529, 2.10443758965, 1.64798283577, 1.06412672997, 0.703708350658, 0.36076810956, 0.167955636978, 0.0548339523375, 0.0115839587525, 0.00187057198491, 0.000182330230018, 2.70495838777e-05]
    },
    "gfcc": {
        "mean": [-153.513793945, 132.258209229, -94.1643447876, 7.65904855728, -57.5932693481, -5.7319393158, -38.9373855591, 11.2312221527, -24.1268482208, -9.56555461884, -12.9052295685, -9.76916217804, -9.56449508667],
        "cov": [[31628.3378906, -7258.80322266, -5915.58984375, 2422.95068359, -1104.55163574, 1567.63574219, -1093.47595215, 1118.44274902, -1021.73712158, 583.224609375, -77.3280334473, 321.182128906, -367.154541016], [-7258.80322266, 3715.93237305, 1683.74719238, -880.1328125, 800.284606934, -285.796112061, 665.43548584, -472.724945068, 427.278320312, -204.458190918, 146.311126709, -111.212158203, 124.732467651], [-5915.58984375, 1683.74719238, 2759.63842773, 109.562965393, 430.92199707, 100.920814514, 516.545593262, -320.120666504, 399.395782471, 54.6442489624, -2.86875009537, 96.5470809937, 20.4404525757], [2422.95068359, -880.1328125, 109.562965393, 1040.28625488, 106.600227356, 192.844970703, -54.795791626, 123.996795654, 30.859588623, 84.6365661621, -89.189781189, 45.7832107544, -30.238111496], [-1104.55163574, 800.284606934, 430.92199707, 106.600227356, 645.832092285, 47.451259613, 142.453613281, -46.8886260986, 141.138137817, 38.0381660461, 62.6520957947, -34.0182991028, 21.3037948608], [1567.63574219, -285.796112061, 100.920814514, 192.844970703, 47.451259613, 497.61517334, 188.581207275, 12.5601940155, 56.5392684937, 133.303848267, 24.5207748413, 70.685585022, -35.8150520325], [-1093.47595215, 665.43548584, 516.545593262, -54.795791626, 142.453613281, 188.581207275, 450.323120117, -76.3014831543, 126.875869751, -5.10801553726, 22.0137042999, 30.1397666931, 1.36247944832], [1118.44274902, -472.724945068, -320.120666504, 123.996795654, -46.8886260986, 12.5601940155, -76.3014831543, 253.221679688, -29.470205307, 29.3622722626, 5.50956010818, -24.4898605347, -21.4795742035], [-1021.73712158, 427.278320312, 399.395782471, 30.859588623, 141.138137817, 56.5392684937, 126.875869751, -29.470205307, 249.723648071, 55.5177345276, -16.1887226105, 1.0318031311, 9.01471138], [583.224609375, -204.458190918, 54.6442489624, 84.6365661621, 38.0381660461, 133.303848267, -5.10801553726, 29.3622722626, 55.5177345276, 232.832931519, 63.9335899353, 48.4293861389, -15.0660657883], [-77.3280334473, 146.311126709, -2.86875009537, -89.189781189, 62.6520957947, 24.5207748413, 22.0137042999, 5.50956010818, -16.1887226105, 63.9335899353, 232.814117432, 65.7890853882, 10.7978363037], [321.182128906, -111.212158203, 96.5470809937, 45.7832107544, -34.0182991028, 70.685585022, 30.1397666931, -24.4898605347, 1.0318031311, 48.4293861389, 65.7890853882, 168.706634521, 25.37458992], [-367.154541016, 124.732467651, 20.4404525757, -30.238111496, 21.3037948608, -35.8150520325, 1.36247944832, -21.4795742035, 9.01471138, -15.0660657883, 10.7978363037, 25.37458992, 99.8353652954]],
        "icov": [[0.000157517977641, -0.000154667141032, 0.000340826984029, -0.000368868582882, 0.000155785426614, -0.000521952810232, 0.000226267293328, -0.000197819506866, 0.000347900437191, -0.00020440777007, 0.00018095622363, -0.000380954879802, 0.000339877093211], [-0.000154667141032, 0.00218611815944, -0.000750770035665, 0.00155869172886, -0.00170843943488, 0.00175526272506, -0.00191784021445, 0.00176797853783, -0.00196644058451, 0.00135675119236, -0.00132351426873, 0.00157286587637, -0.00114780059084], [0.000340826984029, -0.000750770035665, 0.00148604554124, -0.00120227015577, 0.000502208946273, -0.00108599895611, 0.000284547131741, -0.000117903815408, 0.000441767042503, -0.000797027605586, 0.000688441912644, -0.00138976925518, 0.00111561804079], [-0.000368868582882, 0.00155869172886, -0.00120227015577, 0.0029286837671, -0.00168834964279, 0.0013826165814, -0.000983907608315, 0.000594291952439, -0.001626099227, 0.00108931679279, -0.000227597935009, 0.00091211637482, -0.00106918497477], [0.000155785426614, -0.00170843943488, 0.000502208946273, -0.00168834964279, 0.00352230877616, -0.00143340334762, 0.00118569796905, -0.00108097668272, 0.000809013203252, -0.00114237901289, -3.78703443857e-05, -2.38257325691e-05, 0.000343327730661], [-0.000521952810232, 0.00175526272506, -0.00108599895611, 0.0013826165814, -0.00143340334762, 0.0060237380676, -0.00368583854288, 0.00175218016375, -0.00199670623988, -0.000437555019744, -0.00100853783078, 0.00112431461457, -0.000639710051473], [0.000226267293328, -0.00191784021445, 0.000284547131741, -0.000983907608315, 0.00118569796905, -0.00368583854288, 0.00590167287737, -0.00157788884826, 0.000809873046819, 0.000284768640995, 0.000856031547301, -0.0016893359134, 0.00118329864927], [-0.000197819506866, 0.00176797853783, -0.000117903815408, 0.000594291952439, -0.00108097668272, 0.00175218016375, -0.00157788884826, 0.00682744197547, -0.00214589759707, 0.000620907638222, -0.00182918831706, 0.00239337002859, -0.000505541276652], [0.000347900437191, -0.00196644058451, 0.000441767042503, -0.001626099227, 0.000809013203252, -0.00199670623988, 0.000809873046819, -0.00214589759707, 0.00847358815372, -0.00318756094202, 0.00254596490413, -0.00145238079131, 0.000639254867565], [-0.00020440777007, 0.00135675119236, -0.000797027605586, 0.00108931679279, -0.00114237901289, -0.000437555019744, 0.000284768640995, 0.000620907638222, -0.00318756094202, 0.00755110196769, -0.00257904222235, 0.00031036339351, -0.000109798806079], [0.00018095622363, -0.00132351426873, 0.000688441912644, -0.000227597935009, -3.78703443857e-05, -0.00100853783078, 0.000856031547301, -0.00182918831706, 0.00254596490413, -0.00257904222235, 0.00708344671875, -0.00372744374909, 0.000912388437428], [-0.000380954879802, 0.00157286587637, -0.00138976925518, 0.00091211637482, -2.38257325691e-05, 0.00112431461457, -0.0016893359134, 0.00239337002859, -0.00145238079131, 0.00031036339351, -0.00372744374909, 0.0103727718815, -0.00391415506601], [0.000339877093211, -0.00114780059084, 0.00111561804079, -0.00106918497477, 0.000343327730661, -0.000639710051473, 0.00118329864927, -0.000505541276652, 0.000639254867565, -0.000109798806079, 0.000912388437428, -0.00391415506601, 0.0125424135476]]
    },
    "melbands": {
        "mean": [0.000687383697368, 0.00100700114854, 0.000562658417039, 0.00035778543679, 0.000299725623336, 0.000228980105021, 0.000165361634572, 0.000155496949446, 0.000226804433623, 0.00020744727226, 0.0003699400404, 7.46470323065e-05, 9.84465805232e-05, 3.44330583175e-05, 3.09199276671e-05, 2.45651190198e-05, 2.09607751458e-05, 1.50311507241e-05, 1.25803662741e-05, 1.37670986078e-05, 1.15962502605e-05, 1.27484991026e-05, 1.25295109683e-05, 9.59876706474e-06, 7.1545400715e-06, 8.38123014546e-06, 6.93033553034e-06, 3.68585097021e-06, 1.71129840965e-06, 1.22789674606e-06, 1.05529136363e-06, 1.11055862817e-06, 9.9194824088e-07, 1.34003073526e-06, 9.63626689554e-07, 8.98737823718e-07, 5.36867730716e-07, 5.20297362527e-07, 3.62084563221e-07, 2.93570082022e-07]
    },
    "melbands128": {
        "mean": [3.13771488436e-05, 0.000282660708763, 0.000963021884672, 0.00145836535376, 0.00107996037696, 0.000656718271784, 0.000565360474866, 0.000608549686149, 0.000464254728286, 0.000296545622405, 0.00031551279244, 0.00036658832687, 0.000267168419668, 0.000264900358161, 0.000224144241656, 0.000225516821956, 0.000199464484467, 0.000157756134286, 0.000109874483314, 0.000165139077581, 0.000147826620378, 0.000199335117941, 0.000242613183218, 0.000230496880249, 0.000276657374343, 9.41957987379e-05, 0.000296387413982, 0.000674216717016, 0.000112988942419, 7.20532116247e-05, 4.39763825852e-05, 9.81337652775e-05, 0.00015542768233, 5.46229057363e-05, 1.98129619093e-05, 3.86710198654e-05, 4.29553438153e-05, 1.66487552633e-05, 4.07823245041e-05, 2.82268701994e-05, 1.78837090061e-05, 2.28029075515e-05, 2.209095328e-05, 2.19583198486e-05, 1.11592917165e-05, 1.42276658153e-05, 1.99169007828e-05, 9.64234459389e-06, 1.02644735307e-05, 1.61194711836e-05, 1.50684354594e-05, 1.08122103484e-05, 9.77387844614e-06, 1.19173209896e-05, 1.57576687343e-05, 1.13699798021e-05, 1.0798463336e-05, 1.62616397574e-05, 1.13806963782e-05, 9.57179327088e-06, 1.14156982818e-05, 7.2949060268e-06, 7.40649875297e-06, 6.85303257342e-06, 7.30367264623e-06, 8.93975902727e-06, 8.84712062543e-06, 7.29833482183e-06, 6.59229135636e-06, 6.5550425461e-06, 3.4146521557e-06, 2.64540153694e-06, 1.93681080418e-06, 1.63703452927e-06, 1.28237741137e-06, 1.15581030968e-06, 1.32339835091e-06, 1.09655081815e-06, 9.29919394821e-07, 1.10537496312e-06, 1.10174380552e-06, 1.10922758267e-06, 1.16196417821e-06, 9.1982963113e-07, 9.26459847506e-07, 1.00692511751e-06, 1.81549637546e-06, 1.4315428416e-06, 7.37880384349e-07, 6.96391623478e-07, 1.04206367268e-06, 9.48703132053e-07, 7.05593890871e-07, 4.72431707976e-07, 4.90205479764e-07, 4.54026064745e-07, 6.21139520263e-07, 4.8583200396e-07, 3.49344929873e-07, 3.00902996742e-07, 2.85319657678e-07, 2.70799461077e-07, 3.46432415199e-07, 2.3291588036e-07, 1.82186255415e-07, 1.2924232351e-07, 1.33380538614e-07, 1.26191125105e-07, 9.53454204478e-08, 6.14519279907e-08, 5.07254114268e-08, 4.76301167396e-08, 2.87892856221e-08, 2.54648302445e-08, 1.91322584442e-08, 1.90083238039e-08, 1.10008899767e-08, 8.63571791854e-09, 6.21680262824e-09, 5.47531708861e-09, 3.92245569358e-09, 2.82851342348e-09, 2.04413086458e-09, 1.44042333616e-09, 9.09732345011e-10, 5.94600146897e-10, 3.63028079819e-10, 1.30891228411e-10]
    },
    "mfcc": {
        "mean": [-802.18737793, 163.125030518, 18.6385784149, 16.8236579895, 4.90066719055, -17.3690376282, -1.91168105602, 2.18369793892, -5.23226261139, 3.28612279892, -4.79048204422, -6.79690742493, -1.17981803417],
        "cov": [[32275.6582031, -6212.54589844, -5417.20361328, -288.819549561, 19.2163257599, -171.016799927, 298.678466797, 243.01625061, -656.493835449, 525.436096191, 25.1342029572, -36.5484962463, -91.9874649048], [-6212.54589844, 3279.43530273, 824.731628418, -190.332946777, 46.1060218811, 189.743652344, 88.9696655273, 7.01069355011, 142.568984985, -115.043212891, -3.95654439926, 14.7604522705, 96.4435501099], [-5417.20361328, 824.731628418, 2316.30004883, 431.903686523, -50.6667747498, 639.191833496, 4.97952365875, 108.623558044, 333.46270752, -127.011253357, 130.403076172, 185.492340088, 104.877876282], [-288.819549561, -190.332946777, 431.903686523, 720.867492676, 249.089126587, 150.133453369, 10.1174468994, 54.818271637, 120.934692383, -9.24714946747, 26.1378688812, 68.310043335, 36.1787071228], [19.2163257599, 46.1060218811, -50.6667747498, 249.089126587, 450.323364258, 48.7128639221, 21.6296806335, -18.4929561615, 21.1232566833, 67.5496368408, 13.250041008, 21.6074695587, 78.3943405151], [-171.016799927, 189.743652344, 639.191833496, 150.133453369, 48.7128639221, 721.584777832, 111.721153259, 106.510437012, 184.384719849, 24.9477176666, 133.550598145, 117.53338623, 62.4473304749], [298.678466797, 88.9696655273, 4.97952365875, 10.1174468994, 21.6296806335, 111.721153259, 272.051086426, 81.7743988037, -17.6631793976, 23.2487564087, 33.9852790833, 50.4938926697, 42.7624588013], [243.01625061, 7.01069355011, 108.623558044, 54.818271637, -18.4929561615, 106.510437012, 81.7743988037, 216.124588013, 60.5126876831, 5.10586738586, 22.7692317963, 14.9243841171, 6.81242179871], [-656.493835449, 142.568984985, 333.46270752, 120.934692383, 21.1232566833, 184.384719849, -17.6631793976, 60.5126876831, 265.720428467, 47.4407958984, 29.8676528931, 25.8974018097, -18.4256038666], [525.436096191, -115.043212891, -127.011253357, -9.24714946747, 67.5496368408, 24.9477176666, 23.2487564087, 5.10586738586, 47.4407958984, 188.541625977, 50.344291687, 12.9990386963, 21.6689014435], [25.1342029572, -3.95654439926, 130.403076172, 26.1378688812, 13.250041008, 133.550598145, 33.9852790833, 22.7692317963, 29.8676528931, 50.344291687, 145.675491333, 62.2583007812, 20.2399921417], [-36.5484962463, 14.7604522705, 185.492340088, 68.310043335, 21.6074695587, 117.53338623, 50.4938926697, 14.9243841171, 25.8974018097, 12.9990386963, 62.2583007812, 163.504882812, 79.1307144165], [-91.9874649048, 96.4435501099, 104.877876282, 36.1787071228, 78.3943405151, 62.4473304749, 42.7624588013, 6.81242179871, -18.4256038666, 21.6689014435, 20.2399921417, 79.1307144165, 192.992263794]],
        "icov": [[0.000103557074908, 0.000135791007779, 0.000275171449175, -5.43173264305e-05, 7.80283880886e-05, -0.000220458678086, -5.78924300498e-06, -0.000132791421493, 4.51506675745e-05, -1.79647904588e-05, 1.30047892526e-05, -9.39122692216e-05, -6.87741630827e-05], [0.000135791007779, 0.000581412517931, 0.000180572344107, 0.000255380698945, -0.00014581051073, -0.000214344298001, -0.000240138499066, -8.13695805846e-05, -0.000237283486058, 0.000304387416691, 1.96904966288e-05, 5.76632155571e-05, -0.000269699521596], [0.000275171449175, 0.000180572344107, 0.00163036340382, -0.000635631673504, 0.000661067722831, -0.00103902898263, 0.000231691767112, -0.000283898058115, -0.000488074671011, 0.000599117483944, -0.000321025407175, -0.000493612897117, -0.000577361439355], [-5.43173264305e-05, 0.000255380698945, -0.000635631673504, 0.00248391856439, -0.00162679352798, 0.000314737000735, -9.34309864533e-05, -0.000331396353431, -0.000691982335411, 0.000694937538356, 0.000125359132653, -0.000467836332973, 0.000352224014932], [7.80283880886e-05, -0.00014581051073, 0.000661067722831, -0.00162679352798, 0.0036543298047, -0.000488279445563, -2.04078060051e-05, 0.000543360947631, 0.000160688301548, -0.00113218859769, 5.85979505558e-05, 0.000478286267025, -0.00134508498013], [-0.000220458678086, -0.000214344298001, -0.00103902898263, 0.000314737000735, -0.000488279445563, 0.00299591850489, -0.000773445586674, -2.50579996646e-05, -0.00125944311731, 0.000390186527511, -0.00144577317405, -7.67070305301e-05, -7.21021351637e-05], [-5.78924300498e-06, -0.000240138499066, 0.000231691767112, -9.34309864533e-05, -2.04078060051e-05, -0.000773445586674, 0.0050231590867, -0.00190214195754, 0.00139789807145, -0.000730713480152, 0.000127689811052, -0.0011919158278, -8.76368576428e-05], [-0.000132791421493, -8.13695805846e-05, -0.000283898058115, -0.000331396353431, 0.000543360947631, -2.50579996646e-05, -0.00190214195754, 0.00617974950001, -0.00148535554763, 0.000449004088296, -0.000415674148826, 0.000933467119467, -0.000346876855474], [4.51506675745e-05, -0.000237283486058, -0.000488074671011, -0.000691982335411, 0.000160688301548, -0.00125944311731, 0.00139789807145, -0.00148535554763, 0.00677990820259, -0.00284682423808, 0.00124497327488, -0.000703770259861, 0.00174492574297], [-1.79647904588e-05, 0.000304387416691, 0.000599117483944, 0.000694937538356, -0.00113218859769, 0.000390186527511, -0.000730713480152, 0.000449004088296, -0.00284682423808, 0.00805501546711, -0.00310935033485, 0.000654237403069, -0.00125518161803], [1.30047892526e-05, 1.96904966288e-05, -0.000321025407175, 0.000125359132653, 5.85979505558e-05, -0.00144577317405, 0.000127689811052, -0.000415674148826, 0.00124497327488, -0.00310935033485, 0.0105017824098, -0.00321726407856, 0.00126345339231], [-9.39122692216e-05, 5.76632155571e-05, -0.000493612897117, -0.000467836332973, 0.000478286267025, -7.67070305301e-05, -0.0011919158278, 0.000933467119467, -0.000703770259861, 0.000654237403069, -0.00321726407856, 0.0101587101817, -0.00362445879728], [-6.87741630827e-05, -0.000269699521596, -0.000577361439355, 0.000352224014932, -0.00134508498013, -7.21021351637e-05, -8.76368576428e-05, -0.000346876855474, 0.00174492574297, -0.00125518161803, 0.00126345339231, -0.00362445879728, 0.00779377156869]]
    },
    "spectral_contrast_coeffs": {
        "mean": [-0.665612339973, -0.718211472034, -0.721814036369, -0.789985954762, -0.785876452923, -0.821431219578]
    },
    "spectral_contrast_valleys": {
        "mean": [-7.87937545776, -7.81550788879, -9.15578842163, -9.6082906723, -9.67056274414, -12.1795902252]
    }
},
"rhythm": {
    "beats_count": 772,
    "beats_loudness": {
        "mean": 0.0210611540824
    },
    "bpm": 129.496017456,
    "bpm_histogram_first_peak_bpm": 129,
    "bpm_histogram_first_peak_weight": 0.4025157094,
    "bpm_histogram_second_peak_bpm": 115,
    "bpm_histogram_second_peak_spread": 0.480314970016,
    "bpm_histogram_second_peak_weight": 0.0856031104922,
    "danceability": 0.9328302145,
    "onset_rate": 2.16999220848,
    "beats_loudness_band_ratio": {
        "mean": [0.392328888178, 0.23279581964, 0.253097087145, 0.0878046303988, 0.058325894177, 0.048486661166]
    },
    "beats_position": [0.359909296036, 0.743038535118, 1.1261677742, 1.50929701328, 1.88081634045, 2.2523355484, 2.62385487556, 3.03020405769, 3.44816327095, 3.85451245308, 4.27247142792, 4.76009082794, 5.25931978226, 5.74693870544, 6.23455762863, 6.73378658295, 7.22140598297, 7.70902490616, 8.19664382935, 8.6958732605, 9.19510173798, 9.69433116913, 10.1935596466, 10.7508392334, 11.3081178665, 11.8653964996, 12.3994560242, 12.933514595, 13.4675731659, 13.9900226593, 14.512471199, 15.0349206924, 15.5689792633, 16.114648819, 16.6835365295, 17.2524261475, 17.8329238892, 18.4018135071, 18.970703125, 19.5279808044, 20.0852603912, 20.642539978, 21.1649875641, 21.6874370575, 22.2098865509, 22.7091159821, 23.2083435059, 23.707572937, 24.1255321503, 24.5434913635, 24.984670639, 25.37940979, 25.7857589722, 26.1921081543, 26.5868473053, 26.9815864563, 27.3763256073, 27.7710647583, 28.1541938782, 28.537322998, 28.9204521179, 29.3035831451, 29.6983222961, 30.1046714783, 30.5110206604, 30.9173698425, 31.3237190247, 31.7416782379, 32.1596374512, 32.5775947571, 32.9839439392, 33.3902931213, 33.7966423035, 34.2029914856, 34.6209526062, 35.0389099121, 35.4568710327, 35.8632202148, 36.269569397, 36.6875267029, 37.093875885, 37.4886169434, 37.8949661255, 38.3013153076, 38.6960525513, 39.1024017334, 39.5087509155, 39.9151000977, 40.2982292175, 40.6697502136, 41.0296592712, 41.4011802673, 41.7726974487, 42.1442184448, 42.5157356262, 42.8988647461, 43.281993866, 43.6651229858, 44.0598640442, 44.4429931641, 44.9073905945, 45.3717918396, 45.83618927, 46.3354187012, 46.8346481323, 47.3338775635, 47.8331069946, 48.3207244873, 48.8199539185, 49.3075714111, 49.7951927185, 50.2828102112, 50.7588195801, 51.234828949, 51.7108383179, 52.1868476868, 52.6512451172, 53.1156463623, 53.5684356689, 54.0328330994, 54.4972343445, 54.9848518372, 55.4724693298, 55.971698761, 56.4941482544, 57.0049858093, 57.515827179, 58.0034446716, 58.5026741028, 59.0019035339, 59.5127410889, 60.01197052, 60.5344200134, 61.0452613831, 61.556098938, 62.0669364929, 62.5893859863, 63.1118354797, 63.6342849731, 64.1451263428, 64.655960083, 65.1668014526, 65.6892471313, 66.2117004395, 66.7341461182, 67.2565994263, 67.779045105, 68.3014984131, 68.7542877197, 69.2186813354, 69.6830825806, 70.1590881348, 70.6234893799, 71.0995025635, 71.5638961792, 72.0282974243, 72.481086731, 72.9454879761, 73.4098815918, 73.8975067139, 74.489616394, 75.0817184448, 75.6622238159, 76.2543258667, 76.8348312378, 77.426940918, 78.0190429688, 78.6227645874, 79.2032623291, 79.7837600708, 80.375869751, 80.9679794312, 81.5600891113, 82.140586853, 82.7326965332, 83.2319259644, 83.719543457, 84.2071609497, 84.6831741333, 85.170791626, 85.6584091187, 86.1460266113, 86.6452560425, 87.1444854736, 87.6204986572, 88.1893844604, 88.7582778931, 89.3271636963, 89.8960494995, 90.4649429321, 91.0338287354, 91.602722168, 92.1599960327, 92.7172775269, 93.2629470825, 93.8318328857, 94.4007263184, 94.9580001831, 95.6429901123, 96.3279800415, 97.0129699707, 97.6863479614, 98.3597259521, 99.0214920044, 99.6948699951, 100.368255615, 101.041633606, 101.610519409, 102.179405212, 102.748298645, 103.317184448, 103.886077881, 104.373695374, 104.861312866, 105.348930359, 105.824943542, 106.312561035, 106.800178528, 107.276191711, 107.763809204, 108.22820282, 108.692604065, 109.15700531, 109.621406555, 110.085800171, 110.538589478, 111.002990723, 111.467391968, 111.920181274, 112.38457489, 112.848976135, 113.31337738, 113.777778625, 114.230567932, 114.683357239, 115.147750854, 115.6121521, 116.076553345, 116.54094696, 117.005348206, 117.469749451, 117.922538757, 118.375328064, 118.839729309, 119.304122925, 119.76852417, 120.232925415, 120.697319031, 121.161720276, 121.626121521, 122.090522766, 122.554916382, 123.007705688, 123.460494995, 123.92489624, 124.389297485, 124.853691101, 125.318092346, 125.782493591, 126.246894836, 126.699676514, 127.15246582, 127.616867065, 128.081268311, 128.545669556, 129.010070801, 129.474472046, 129.938858032, 130.403259277, 130.856048584, 131.308837891, 131.773239136, 132.237640381, 132.702041626, 133.154830933, 133.607620239, 134.072021484, 134.536407471, 135.000808716, 135.465209961, 135.929611206, 136.394012451, 136.858413696, 137.311203003, 137.775604248, 138.228393555, 138.704391479, 139.168792725, 139.621582031, 140.085983276, 140.550384521, 141.014785767, 141.479187012, 141.943572998, 142.396362305, 142.849151611, 143.313552856, 143.777954102, 144.242355347, 144.706756592, 145.159545898, 145.623947144, 146.099945068, 146.564346313, 147.01713562, 147.469924927, 147.934326172, 148.398727417, 148.851516724, 149.30430603, 149.768707275, 150.233108521, 150.697509766, 151.161895752, 151.626296997, 152.090698242, 152.543487549, 152.996276855, 153.460678101, 153.925079346, 154.389480591, 154.853881836, 155.318267822, 155.782669067, 156.247070312, 156.699859619, 157.152648926, 157.617050171, 158.081451416, 158.545852661, 159.010253906, 159.474639893, 159.927429199, 160.391830444, 160.856231689, 161.309020996, 161.773422241, 162.237823486, 162.702224731, 163.166610718, 163.631011963, 164.095413208, 164.559814453, 165.01260376, 165.465393066, 165.929794312, 166.394195557, 166.846984863, 167.311386108, 167.764175415, 168.228561401, 168.692962646, 169.157363892, 169.621765137, 170.086166382, 170.550567627, 171.014968872, 171.479354858, 171.943756104, 172.39654541, 172.860946655, 173.313735962, 173.778137207, 174.242538452, 174.706939697, 175.171340942, 175.624130249, 176.088516235, 176.541305542, 177.005706787, 177.470108032, 177.934509277, 178.398910522, 178.863311768, 179.327713013, 179.780502319, 180.244888306, 180.697677612, 181.162078857, 181.626480103, 182.090881348, 182.543670654, 183.008071899, 183.460861206, 183.925262451, 184.389663696, 184.854049683, 185.318450928, 185.782852173, 186.247253418, 186.711654663, 187.16444397, 187.617233276, 188.081634521, 188.546035767, 189.010421753, 189.474822998, 189.939224243, 190.403625488, 190.868026733, 191.32081604, 191.773605347, 192.238006592, 192.702392578, 193.166793823, 193.631195068, 194.095596313, 194.559997559, 195.012786865, 195.465576172, 195.929977417, 196.394378662, 196.858764648, 197.323165894, 197.787567139, 198.240356445, 198.693145752, 199.157546997, 199.621948242, 200.086349487, 200.550750732, 201.026748657, 201.491149902, 201.967163086, 202.373504639, 202.791473389, 203.20942688, 203.685440063, 204.161453247, 204.637451172, 205.113464355, 205.589477539, 206.065490723, 206.541488647, 207.005889893, 207.470291138, 207.946304321, 208.422302246, 208.886703491, 209.351104736, 209.815505981, 210.291519165, 210.76751709, 211.208709717, 211.649887085, 212.102676392, 212.555465698, 213.008255005, 213.461044312, 213.913833618, 214.366622925, 214.807800293, 215.248977661, 215.736587524, 216.212600708, 216.70022583, 217.176239014, 217.663848877, 218.151473999, 218.639083862, 219.126708984, 219.602722168, 220.032287598, 220.461853027, 220.903030396, 221.332611084, 221.762176514, 222.191741943, 222.621307373, 223.050872803, 223.468841553, 223.886795044, 224.304763794, 224.745941162, 225.18711853, 225.628295898, 226.115921021, 226.603530884, 227.091156006, 227.613601685, 228.124435425, 228.646896362, 229.157730103, 229.668563843, 230.179412842, 230.678634644, 231.177871704, 231.677093506, 232.153106689, 232.640716553, 233.128341675, 233.627563477, 234.138412476, 234.637634277, 235.183303833, 235.728973389, 236.39074707, 237.052505493, 237.725891113, 238.410873413, 239.095870972, 239.769241333, 240.442626953, 241.197280884, 241.963531494, 242.648529053, 243.333511353, 244.018493652, 244.715103149, 245.400085449, 246.073471069, 246.746841431, 247.420227051, 248.093597412, 248.801803589, 249.521621704, 250.218231201, 250.926437378, 251.657867432, 252.389297485, 253.120727539, 253.840545654, 254.39781189, 254.943481445, 255.489151001, 255.941940308, 256.394744873, 256.859130859, 257.335144043, 257.811157227, 258.275543213, 258.739959717, 259.204345703, 259.668762207, 260.144744873, 260.620758057, 261.09677124, 261.584381104, 262.060394287, 262.536407471, 263.012420654, 263.465209961, 263.929595947, 264.394012451, 264.870025635, 265.346038818, 265.822021484, 266.367706299, 266.913360596, 267.45904541, 268.004699707, 268.550384521, 269.096038818, 269.641723633, 270.199005127, 270.779510498, 271.359985352, 271.940490723, 272.439727783, 272.938964844, 273.426574707, 273.925811768, 274.413421631, 274.901031494, 275.353820801, 275.806610107, 276.259399414, 276.723815918, 277.164978027, 277.606170654, 278.047332764, 278.488525391, 278.91809082, 279.359283447, 279.812072754, 280.264862061, 280.717651367, 281.1355896, 281.55355835, 281.983123779, 282.412689209, 282.842254639, 283.271820068, 283.701385498, 284.130981445, 284.572143555, 285.001708984, 285.419677734, 285.837646484, 286.267211914, 286.708374023, 287.14956665, 287.59072876, 288.00869751, 288.438262939, 288.867828369, 289.297424316, 289.715362549, 290.179779053, 290.644165039, 291.108551025, 291.572967529, 292.037353516, 292.50177002, 292.966156006, 293.418945312, 293.871734619, 294.312927246, 294.754089355, 295.195281982, 295.636444092, 296.066040039, 296.507202148, 296.959991455, 297.354736328, 297.749481201, 298.144226074, 298.53894043, 298.922088623, 299.305206299, 299.688323975, 300.187561035, 300.663574219, 301.139587402, 301.615600586, 302.103210449, 302.579223633, 303.055236816, 303.53125, 304.018859863, 304.506469727, 305.017303467, 305.528167725, 306.027374268, 306.549835205, 307.060668945, 307.571502686, 308.024291992, 308.477081299, 308.929870605, 309.371063232, 309.835449219, 310.288238525, 310.752655029, 311.217041016, 311.68145752, 312.27355957, 312.865661621, 313.457763672, 314.0730896, 314.688415527, 315.303771973, 315.907470703, 316.511199951, 317.114929199, 317.70703125, 318.299133301, 318.891235352, 319.4949646, 320.052246094, 320.597900391, 321.155181885, 321.712463379, 322.258148193, 322.757354736, 323.244995117, 323.74420166, 324.220214844, 324.696228027, 325.172241211, 325.659851074, 326.159088135, 326.658325195, 327.203979492, 327.761260986, 328.31854248, 328.864196777, 329.398284912, 329.920715332, 330.44317627, 330.965606689, 331.488067627, 332.010528564, 332.544586182, 332.997375488, 333.450164795, 333.914550781, 334.390563965, 334.854949951, 335.330963135, 335.853424072, 336.375854492, 336.88671875, 337.420776367, 337.966430664, 338.512115479, 339.034545898, 339.557006836, 340.079437256, 340.613494873, 341.14755249, 341.681640625, 342.215698242, 342.726531982, 343.237365723, 343.75982666, 344.28225708, 344.769866943, 345.280731201, 345.791564941, 346.313995361, 346.836456299, 347.358917236, 347.881347656, 348.403808594, 348.926239014, 349.448699951, 349.971160889, 350.481994629, 350.992828369, 351.503662109, 352.01449585, 352.525360107, 353.047790527, 353.570251465, 354.081085205, 354.603546143, 355.114379883, 355.636810303, 356.15927124, 356.68170166, 357.192565918, 357.703399658, 358.214233398, 358.736694336, 359.259124756, 359.769958496, 360.280822754, 360.791656494, 361.314086914, 361.836547852, 362.347381592, 362.869842529, 363.392272949, 363.903137207, 364.425567627, 364.948028564, 365.458862305, 365.969696045, 366.492156982, 367.014587402, 367.53704834, 368.04788208, 368.55871582, 369.069549561, 369.592010498, 370.102844238, 370.625305176, 371.147735596, 371.658599854, 372.181030273, 372.703491211, 373.214324951, 373.725158691, 374.247619629, 374.758453369, 375.280914307, 375.791748047, 376.314178467, 376.836639404, 377.347473145, 377.835083008],
    "bpm_histogram": [0, 0, 0, 0, 0, 0, 0, 0, 0, 0, 0, 0, 0, 0, 0, 0, 0, 0, 0, 0, 0, 0, 0, 0, 0, 0, 0, 0, 0, 0, 0, 0, 0, 0, 0, 0, 0, 0, 0, 0, 0, 0, 0, 0, 0, 0, 0, 0, 0, 0, 0, 0, 0, 0, 0, 0, 0, 0, 0, 0, 0, 0, 0, 0, 0, 0, 0, 0, 0, 0, 0, 0, 0, 0, 0, 0, 0, 0, 0.00129701686092, 0, 0.00129701686092, 0, 0.00389105058275, 0.00259403372183, 0, 0.00259403372183, 0.00259403372183, 0, 0.0116731515154, 0.015564202331, 0, 0.00389105058275, 0, 0, 0, 0, 0, 0, 0.00389105058275, 0.00648508453742, 0, 0.0194552522153, 0, 0.0116731515154, 0, 0.0233463030308, 0, 0, 0.0207522697747, 0, 0.0246433205903, 0, 0.0142671857029, 0, 0, 0.0856031104922, 0, 0.0648508444428, 0, 0, 0.0453955903649, 0, 0, 0.0609597936273, 0, 0, 0.0661478564143, 0, 0, 0.246433198452, 0, 0, 0, 0.0998703017831, 0, 0, 0.031128404662, 0, 0, 0, 0.0259403381497, 0, 0, 0, 0.0285343714058, 0, 0, 0, 0.0272373538464, 0, 0, 0, 0.0168612189591, 0, 0, 0, 0, 0.0194552522153, 0, 0, 0, 0.0103761348873, 0, 0, 0, 0, 0, 0.00129701686092, 0, 0, 0, 0, 0, 0, 0, 0, 0, 0, 0, 0, 0, 0, 0, 0, 0, 0, 0, 0, 0, 0, 0, 0, 0, 0, 0, 0, 0, 0, 0, 0, 0, 0, 0, 0, 0, 0, 0, 0, 0, 0, 0, 0, 0, 0, 0, 0, 0, 0, 0, 0, 0, 0, 0, 0, 0, 0, 0, 0, 0, 0, 0, 0, 0, 0, 0, 0, 0, 0, 0, 0, 0, 0, 0, 0, 0, 0, 0, 0, 0, 0]
},
"tonal": {
    "chords_changes_rate": 0.0422708280385,
    "chords_number_rate": 0.00122880318668,
    "chords_strength": {
        "mean": 0.531800270081
    },
    "hpcp_crest": {
        "mean": 15.9122982025
    },
    "hpcp_entropy": {
        "mean": 1.63303780556
    },
    "key_edma": {
        "strength": 0.866079866886,
        "key": "C",
        "scale": "major"
    },
    "key_krumhansl": {
        "strength": 0.868631184101,
        "key": "C",
        "scale": "major"
    },
    "key_temperley": {
        "strength": 0.867154479027,
        "key": "C",
        "scale": "major"
    },
    "tuning_diatonic_strength": 0.658035874367,
    "tuning_equal_tempered_deviation": 0.0340229123831,
    "tuning_frequency": 440.254241943,
    "tuning_nontempered_energy_ratio": 0.655999839306,
    "hpcp": {
        "mean": [0.156115114689, 0.0890418738127, 0.0219717845321, 0.0167636331171, 0.0281113181263, 0.0734027177095, 0.117416523397, 0.0938694700599, 0.204975441098, 0.26762714982, 0.110232025385, 0.0314954817295, 0.0268235579133, 0.0317626744509, 0.112950772047, 0.216775149107, 0.147327587008, 0.0387403257191, 0.0272728055716, 0.0343049168587, 0.160498157144, 0.270256400108, 0.161898389459, 0.129636272788, 0.152319192886, 0.0692020505667, 0.0340246446431, 0.0371287278831, 0.040682207793, 0.264028459787, 0.399042844772, 0.175337538123, 0.0339459292591, 0.0276738088578, 0.026961537078, 0.0955228060484]
    },
    "chords_histogram": [35.1191940308, 4.25165891647, 22.5976905823, 0.65126568079, 0.798722028732, 0.135168343782, 1.36397147179, 0.0737281888723, 1.63430821896, 0, 0.172032445669, 0, 0.65126568079, 0, 0, 2.48218226433, 0, 0.503809273243, 0, 1.56058001518, 0.0245760623366, 6.52494478226, 5.22241353989, 16.2324886322],
    "thpcp": [1, 0.439395278692, 0.0850683823228, 0.0693504735827, 0.067565523088, 0.239379823208, 0.391223937273, 0.22313863039, 0.0550612173975, 0.0420096069574, 0.0704468637705, 0.183946952224, 0.294245392084, 0.235236570239, 0.51366776228, 0.67067271471, 0.276241064072, 0.0789275690913, 0.0672197416425, 0.0795971527696, 0.283054232597, 0.543237805367, 0.369202435017, 0.0970831215382, 0.068345554173, 0.085968002677, 0.402207821608, 0.677261590958, 0.40571680665, 0.324868053198, 0.381711363792, 0.173420101404, 0.0852656438947, 0.0930444672704, 0.101949475706, 0.661654412746],
    "chords_key": "C",
    "chords_scale": "major"
}
}