{
"metadata": {
    "version": {
        "essentia": "2.1-beta6-dev",
        "essentia_git_sha": "v2.1_beta5-1177-g1d1cc983",
        "extractor": "music 2.0"
    },
    "audio_properties": {
        "analysis": {
            "equal_loudness": 0,
            "length": 197.735198975,
            "sample_rate": 44100,
            "start_time": 0,
            "downmix": "mix"
        },
        "bit_rate": 1411200,
        "length": 197.735198975,
        "lossless": 1,
        "number_channels": 2,
        "replay_gain": -11.7581367493,
        "sample_rate": 44100,
        "codec": "pcm_s16le",
        "md5_encoded": "28dc29c7f1b9056aa603dd5a3eb53eb4"
    },
    "tags": {
        "file_name": "04 - All Get Out - God Damn.wav",
        "album": ["No Bouquet"],
        "albumartist": ["All Get Out"],
        "artist": ["All Get Out"],
        "composer": ["Nathan Michael Hussey"],
        "copyright": ["(C) 2018 Equal Vision Records, Inc. (P) 2018 Equal Vision Records, Inc."],
        "date": ["2018"],
        "discnumber": ["1"],
        "disctotal": ["1"],
        "genre": ["Alternative & Indie"],
        "isrc": ["US3X51838804"],
        "title": ["God Damn"],
        "tracknumber": ["4"],
        "tracktotal": ["10"]
    }
},
"lowlevel": {
    "average_loudness": 0.933572411537,
    "barkbands_crest": {
        "mean": 8.89999389648
    },
    "barkbands_flatness_db": {
        "mean": 0.111010879278
    },
    "barkbands_kurtosis": {
        "mean": 0.893051803112
    },
    "barkbands_skewness": {
        "mean": 0.983583509922
    },
    "barkbands_spread": {
        "mean": 34.6314277649
    },
    "dissonance": {
        "mean": 0.480492979288
    },
    "dynamic_complexity": 3.02232336998,
    "erbbands_crest": {
        "mean": 7.78825235367
    },
    "erbbands_flatness_db": {
        "mean": 0.152827113867
    },
    "erbbands_kurtosis": {
        "mean": 0.677408397198
    },
    "erbbands_skewness": {
        "mean": -0.434698283672
    },
    "erbbands_spread": {
        "mean": 36.3758926392
    },
    "hfc": {
        "mean": 26.5616264343
    },
    "loudness_ebu128": {
        "integrated": -10.7383460999,
        "loudness_range": 9.93008613586,
        "momentary": {
            "mean": -12.3981494904
        },
        "short_term": {
            "mean": -12.1151723862
        }
    },
    "melbands_crest": {
        "mean": 14.7049026489
    },
    "melbands_flatness_db": {
        "mean": 0.161558493972
    },
    "melbands_kurtosis": {
        "mean": 7.74422454834
    },
    "melbands_skewness": {
        "mean": 2.34070777893
    },
    "melbands_spread": {
        "mean": 36.7907600403
    },
    "pitch_salience": {
        "mean": 0.541727900505
    },
    "silence_rate_20dB": {
        "mean": 1
    },
    "silence_rate_30dB": {
        "mean": 0.999647736549
    },
    "silence_rate_60dB": {
        "mean": 0.134084776044
    },
    "spectral_centroid": {
        "mean": 1967.61682129
    },
    "spectral_complexity": {
        "mean": 29.2105197906
    },
    "spectral_decrease": {
        "mean": -6.46434328289e-09
    },
    "spectral_energy": {
        "mean": 0.0268070939928
    },
    "spectral_energyband_high": {
        "mean": 0.00140273722354
    },
    "spectral_energyband_low": {
        "mean": 0.0122096808627
    },
    "spectral_energyband_middle_high": {
        "mean": 0.00701103173196
    },
    "spectral_energyband_middle_low": {
        "mean": 0.00740207638592
    },
    "spectral_entropy": {
        "mean": 7.83665132523
    },
    "spectral_flux": {
        "mean": 0.0848620459437
    },
    "spectral_kurtosis": {
        "mean": 3.61856269836
    },
    "spectral_rms": {
        "mean": 0.00472295377403
    },
    "spectral_rolloff": {
        "mean": 2145.82128906
    },
    "spectral_skewness": {
        "mean": 1.18633818626
    },
    "spectral_spread": {
        "mean": 4009855.75
    },
    "spectral_strongpeak": {
        "mean": 0.665228366852
    },
    "zerocrossingrate": {
        "mean": 0.0742839947343
    },
    "barkbands": {
        "mean": [4.81806528114e-05, 0.00601905351505, 0.00501813320443, 0.00180268182885, 0.00195133814123, 0.000932300114073, 0.000631648232229, 0.000778548535891, 0.00115447933786, 0.000642695289571, 0.000295093370369, 0.000504467112478, 0.000520794012118, 0.00061274820473, 0.000735659792554, 0.00134934892412, 0.000877352489624, 0.000671874440741, 0.000569318654016, 0.000526397954673, 0.000458880764199, 0.000274066551356, 0.000192933686776, 0.000147468643263, 6.4209321863e-05, 2.49628501479e-05, 2.37910830947e-06]
    },
    "erbbands": {
        "mean": [0.0981049761176, 1.62742936611, 5.61935520172, 6.40924167633, 5.48443603516, 7.58815383911, 6.34541845322, 7.90395784378, 8.22749137878, 12.0395317078, 18.8024272919, 24.9013328552, 23.8960704803, 14.1904258728, 14.6230297089, 20.2193126678, 25.608921051, 25.8579082489, 37.9873352051, 47.9622650146, 77.5138015747, 50.1445808411, 40.2112541199, 31.2915229797, 26.7681694031, 25.235534668, 21.0459632874, 15.3727064133, 10.2691926956, 6.17034959793, 5.70960998535, 3.7974011898, 2.10617899895, 0.932494282722, 0.352849572897, 0.165261059999, 0.0306101087481, 0.00498182931915, 0.000405373517424, 5.01243557665e-05]
    },
    "gfcc": {
        "mean": [11.7697191238, 80.9960403442, -135.25352478, 52.3626899719, -48.5830001831, 12.1458463669, -35.7696609497, 8.47905254364, -18.6934814453, 1.02459275723, -20.6124153137, -6.63012695312, -12.1420259476],
        "cov": [[8475.66894531, -2326.52661133, 1019.48486328, 1004.06707764, 364.987030029, 1522.17858887, -80.9933700562, 913.15045166, 110.17339325, 268.537780762, -231.333633423, 160.512191772, -192.098175049], [-2326.52661133, 1280.56616211, -408.870605469, -290.711914062, -21.3728084564, -474.245269775, 143.617980957, -253.445541382, 41.9292945862, -91.9657058716, 114.087409973, -93.9214401245, 102.937736511], [1019.48486328, -408.870605469, 553.001220703, 215.113555908, 57.173866272, 219.552703857, -46.3001174927, 121.885223389, -5.40312337875, 78.1448440552, -38.0395622253, 49.0972480774, -44.0115776062], [1004.06707764, -290.711914062, 215.113555908, 428.409088135, 147.808441162, 239.26852417, 2.35836482048, 136.13444519, 78.2013778687, 53.1569747925, -10.2509260178, 13.1272478104, -6.98874664307], [364.987030029, -21.3728084564, 57.173866272, 147.808441162, 250.26725769, 121.404655457, 46.565612793, 67.2772827148, 40.542098999, 29.0683135986, -2.71587014198, 9.05010509491, 5.11497879028], [1522.17858887, -474.245269775, 219.552703857, 239.26852417, 121.404655457, 483.144775391, 59.6737213135, 220.129486084, 49.0780792236, 41.5958328247, -37.8936843872, 31.2721595764, -41.6803359985], [-80.9933700562, 143.617980957, -46.3001174927, 2.35836482048, 46.565612793, 59.6737213135, 164.893569946, 46.638835907, 28.6703052521, -11.6820659637, 4.92289829254, -18.3147315979, 8.19482421875], [913.15045166, -253.445541382, 121.885223389, 136.13444519, 67.2772827148, 220.129486084, 46.638835907, 210.060638428, 65.9451980591, 34.453338623, -27.5310287476, 7.78556537628, -26.1069469452], [110.17339325, 41.9292945862, -5.40312337875, 78.2013778687, 40.542098999, 49.0780792236, 28.6703052521, 65.9451980591, 116.658409119, 35.3331565857, 15.0328969955, -15.6523933411, 1.24388694763], [268.537780762, -91.9657058716, 78.1448440552, 53.1569747925, 29.0683135986, 41.5958328247, -11.6820659637, 34.453338623, 35.3331565857, 84.4413833618, 18.7728767395, 13.7708024979, -14.8594942093], [-231.333633423, 114.087409973, -38.0395622253, -10.2509260178, -2.71587014198, -37.8936843872, 4.92289829254, -27.5310287476, 15.0328969955, 18.7728767395, 75.7879943848, 19.2621517181, 13.3332910538], [160.512191772, -93.9214401245, 49.0972480774, 13.1272478104, 9.05010509491, 31.2721595764, -18.3147315979, 7.78556537628, -15.6523933411, 13.7708024979, 19.2621517181, 66.6273422241, 15.6401519775], [-192.098175049, 102.937736511, -44.0115776062, -6.98874664307, 5.11497879028, -41.6803359985, 8.19482421875, -26.1069469452, 1.24388694763, -14.8594942093, 13.3332910538, 15.6401519775, 61.4205436707]],
        "icov": [[0.000466863508336, 9.90900880424e-05, 9.85709993984e-05, -0.000322469335515, 6.52521266602e-05, -0.000804968760349, 0.000539885368198, -0.00105334201362, 0.000648914836347, -0.000754026754294, 0.000577156024519, -0.00020970805781, -1.087536657e-05], [9.90900880424e-05, 0.00351134105586, -0.000457500253106, 0.00112618098501, -0.00130308058579, 0.00188583810814, -0.00266556511633, 0.0017392989248, -0.00248313625343, 0.002466307953, -0.00397894904017, 0.00388995045796, -0.00277122389525], [9.85709993984e-05, -0.000457500253106, 0.00335535011254, -0.00148023839574, 0.000524956965819, -0.000793522282038, 0.000897451303899, -0.00109018967487, 0.00202955654822, -0.00292380875908, 0.00229001836851, -0.00231888098642, 0.00149048678577], [-0.000322469335515, 0.00112618098501, -0.00148023839574, 0.00530511094257, -0.00216280273162, -0.000194558611838, -4.71247076348e-05, 0.00108051567804, -0.0032628281042, 0.00168846629094, -0.00253724376671, 0.00287128333002, -0.00254514883272], [6.52521266602e-05, -0.00130308058579, 0.000524956965819, -0.00216280273162, 0.00608792621642, -0.00136957818177, -0.000358302699169, -0.000660742691252, 0.000952049624175, -0.0024775643833, 0.00237895641476, -0.00217497907579, 0.000267339433776], [-0.000804968760349, 0.00188583810814, -0.000793522282038, -0.000194558611838, -0.00136957818177, 0.00783870648593, -0.00387564883567, -0.000719382776879, -0.0019595909398, 0.00330440909602, -0.00245145941153, 0.000144961566548, 0.000710218097083], [0.000539885368198, -0.00266556511633, 0.000897451303899, -4.71247076348e-05, -0.000358302699169, -0.00387564883567, 0.0112140858546, -0.00473254360259, 0.00242393626831, -0.00129904551432, 0.00150420772843, 0.000209710924537, -5.76750571781e-05], [-0.00105334201362, 0.0017392989248, -0.00109018967487, 0.00108051567804, -0.000660742691252, -0.000719382776879, -0.00473254360259, 0.0157205983996, -0.00843788962811, 0.00267876288854, 0.000256754457951, 8.20027053123e-05, 0.000755050044972], [0.000648914836347, -0.00248313625343, 0.00202955654822, -0.0032628281042, 0.000952049624175, -0.0019595909398, 0.00242393626831, -0.00843788962811, 0.0189071502537, -0.00883821304888, 1.58108196047e-05, 0.00310979620554, -0.00136128661688], [-0.000754026754294, 0.002466307953, -0.00292380875908, 0.00168846629094, -0.0024775643833, 0.00330440909602, -0.00129904551432, 0.00267876288854, -0.00883821304888, 0.0226905513555, -0.0091175865382, 0.000417858245783, 0.00290737859905], [0.000577156024519, -0.00397894904017, 0.00229001836851, -0.00253724376671, 0.00237895641476, -0.00245145941153, 0.00150420772843, 0.000256754457951, 1.58108196047e-05, -0.0091175865382, 0.0256331562996, -0.0133184976876, 0.0034934040159], [-0.00020970805781, 0.00388995045796, -0.00231888098642, 0.00287128333002, -0.00217497907579, 0.000144961566548, 0.000209710924537, 8.20027053123e-05, 0.00310979620554, 0.000417858245783, -0.0133184976876, 0.0299433432519, -0.0129192434251], [-1.087536657e-05, -0.00277122389525, 0.00149048678577, -0.00254514883272, 0.000267339433776, 0.000710218097083, -5.76750571781e-05, 0.000755050044972, -0.00136128661688, 0.00290737859905, 0.0034934040159, -0.0129192434251, 0.025720724836]]
    },
    "melbands": {
        "mean": [0.00129684444983, 0.00268351729028, 0.00107200373895, 0.000476343295304, 0.000238013351918, 0.00017639908765, 0.000129554842715, 0.000145985613926, 0.000154590423335, 0.000164457858773, 0.000121784207295, 6.25191096333e-05, 4.14872993133e-05, 4.66420824523e-05, 6.45584950689e-05, 5.33572383574e-05, 4.79280279251e-05, 6.13337906543e-05, 5.85912785027e-05, 7.71219201852e-05, 9.31735412451e-05, 5.28198979737e-05, 3.97517469537e-05, 3.02825847029e-05, 2.49046970566e-05, 2.11462829611e-05, 1.8890343199e-05, 1.56012556545e-05, 1.33611592901e-05, 1.04467681012e-05, 8.78476021171e-06, 6.27594090474e-06, 4.14091209677e-06, 3.05841467707e-06, 3.34098103849e-06, 2.89250192509e-06, 2.11129713534e-06, 1.50594985371e-06, 1.16527087357e-06, 6.64303740905e-07]
    },
    "melbands128": {
        "mean": [4.67852623842e-05, 0.000481161288917, 0.00171826453879, 0.00303378608078, 0.00310916197486, 0.00231545278803, 0.00136612635106, 0.000771669787355, 0.000458228314528, 0.000549330608919, 0.000445257377578, 0.000222198243137, 0.000211956779822, 0.000203241579584, 0.000191715036635, 0.000154411129188, 0.000125952836243, 0.000116576680739, 0.000155160101713, 0.000100900419056, 0.000178921691258, 0.000180479022674, 0.000139858559123, 0.000152249631356, 0.000130972577608, 0.000216678192373, 0.00013081288489, 8.9824454335e-05, 0.000148254723172, 7.14050256647e-05, 3.75357922167e-05, 2.83025092358e-05, 3.10001742037e-05, 6.61817757646e-05, 4.67248937639e-05, 3.35959084623e-05, 4.97453402204e-05, 9.57595257205e-05, 4.40670846729e-05, 5.49551768927e-05, 6.46487969789e-05, 3.27334637404e-05, 3.94730341213e-05, 5.41939261893e-05, 7.87783283158e-05, 5.75490448682e-05, 4.94619343954e-05, 6.52771050227e-05, 5.92733595113e-05, 5.10264035256e-05, 9.27823202801e-05, 7.72675266489e-05, 0.000115870039735, 9.48230590438e-05, 5.56764280191e-05, 5.19455425092e-05, 4.64179211122e-05, 3.57994867954e-05, 4.03195808758e-05, 4.30949039583e-05, 2.66204315267e-05, 2.41848392761e-05, 2.47486550506e-05, 2.47040115937e-05, 2.62915618805e-05, 2.27533364523e-05, 1.61145417223e-05, 1.78119626071e-05, 1.9152979803e-05, 2.11695842154e-05, 1.5835999875e-05, 1.37435026772e-05, 1.11540957732e-05, 1.46703805513e-05, 1.39877547554e-05, 1.08857893792e-05, 9.1002566478e-06, 7.5357370406e-06, 9.6928270068e-06, 8.87013629836e-06, 6.72436635796e-06, 5.18746173839e-06, 4.84546762891e-06, 3.8903431232e-06, 3.92738320443e-06, 3.00581496049e-06, 2.72014608527e-06, 3.12953352477e-06, 3.35369531967e-06, 3.71162695956e-06, 2.99319322039e-06, 2.77336835097e-06, 2.45756268669e-06, 2.16267767428e-06, 1.86388388101e-06, 1.58730267685e-06, 1.37870688377e-06, 1.47225250657e-06, 1.30075557081e-06, 9.60566012509e-07, 7.19190325071e-07, 6.17174691797e-07, 6.02492093549e-07, 4.69791871183e-07, 3.63858731589e-07, 2.98234112961e-07, 2.87507816665e-07, 3.11701597866e-07, 4.12098046354e-07, 2.09909970295e-07, 1.22524824064e-07, 1.00131011038e-07, 8.05087907452e-08, 7.05676228563e-08, 5.49610135181e-08, 4.33240998632e-08, 3.26909912474e-08, 2.41381119537e-08, 1.64020192983e-08, 1.10494839944e-08, 6.98382462971e-09, 4.40511183086e-09, 2.98594726722e-09, 2.78582179547e-09, 2.84784795745e-09, 1.82062509513e-09, 8.13656808596e-10, 4.93842911009e-10]
    },
    "mfcc": {
        "mean": [-620.604431152, 100.622306824, -17.6421108246, 37.5912628174, 9.01887989044, 9.52665042877, -2.16189002991, 3.48737740517, 5.70588588715, 4.57552099228, -1.78718340397, 3.78880739212, -3.74767208099],
        "cov": [[8085.54980469, -2317.50415039, 818.985229492, -45.8555030823, 860.913757324, 572.785522461, 374.070007324, 676.995605469, 467.675994873, 535.422973633, 159.083358765, 179.678100586, 137.073852539], [-2317.50415039, 1238.17224121, -400.953674316, 18.0236320496, -316.389007568, -199.554199219, -84.256980896, -205.202392578, -110.649703979, -154.464614868, -37.0302505493, -30.4197750092, -40.2154998779], [818.985229492, -400.953674316, 486.656036377, 24.4912223816, 134.348419189, 87.1825790405, 38.9040222168, 69.204864502, 34.599067688, 70.2582778931, 25.6087970734, 23.4500427246, 31.1568965912], [-45.8555030823, 18.0236320496, 24.4912223816, 244.739440918, 84.7161331177, 24.0892734528, -4.96958875656, -19.3600177765, 27.5124530792, 9.02792930603, 15.2524137497, 25.3329486847, 10.4305353165], [860.913757324, -316.389007568, 134.348419189, 84.7161331177, 285.650115967, 124.030982971, 50.0805015564, 89.2699661255, 75.0598907471, 79.5749664307, 31.5852775574, 37.8344726562, 34.9413490295], [572.785522461, -199.554199219, 87.1825790405, 24.0892734528, 124.030982971, 175.177780151, 77.0289840698, 87.3493423462, 61.494720459, 56.8739547729, 31.3145503998, 24.530172348, 15.8086395264], [374.070007324, -84.256980896, 38.9040222168, -4.96958875656, 50.0805015564, 77.0289840698, 138.822814941, 91.3255615234, 52.8889427185, 36.5608139038, 12.4799060822, 13.3724155426, 4.73325967789], [676.995605469, -205.202392578, 69.204864502, -19.3600177765, 89.2699661255, 87.3493423462, 91.3255615234, 180.453140259, 95.4460678101, 77.082244873, 28.86536026, 25.4099559784, 12.6140117645], [467.675994873, -110.649703979, 34.599067688, 27.5124530792, 75.0598907471, 61.494720459, 52.8889427185, 95.4460678101, 128.156356812, 83.6621932983, 29.8811798096, 25.8821315765, 3.89613938332], [535.422973633, -154.464614868, 70.2582778931, 9.02792930603, 79.5749664307, 56.8739547729, 36.5608139038, 77.082244873, 83.6621932983, 125.938735962, 51.6441726685, 30.5161762238, 13.5246944427], [159.083358765, -37.0302505493, 25.6087970734, 15.2524137497, 31.5852775574, 31.3145503998, 12.4799060822, 28.86536026, 29.8811798096, 51.6441726685, 69.9804611206, 39.9607810974, 11.4779577255], [179.678100586, -30.4197750092, 23.4500427246, 25.3329486847, 37.8344726562, 24.530172348, 13.3724155426, 25.4099559784, 25.8821315765, 30.5161762238, 39.9607810974, 74.4415664673, 31.5684776306], [137.073852539, -40.2154998779, 31.1568965912, 10.4305353165, 34.9413490295, 15.8086395264, 4.73325967789, 12.6140117645, 3.89613938332, 13.5246944427, 11.4779577255, 31.5684776306, 60.5889282227]],
        "icov": [[0.000375099945813, 0.000470343104098, -1.71092633536e-05, 0.000187746525626, -0.000315988494549, -4.5487042371e-05, -0.000197752495296, -0.000243824571953, -0.000203088566195, -0.000503765535541, 0.000330425944412, -0.000355817523086, -5.13332088303e-05], [0.000470343104098, 0.00219080597162, 0.000797863351181, -0.000246110983426, 0.000716052833013, 0.000449649029179, -0.000807084492408, 0.000678148819134, -0.000723095843568, 0.000175819252036, -0.000251541467151, -0.00059879256878, -0.000219379173359], [-1.71092633536e-05, 0.000797863351181, 0.00295037752949, -0.000320521765389, -0.000140275413287, -0.00026006140979, -0.000245287665166, 8.33575468278e-05, 0.000823317619506, -0.000825378752779, -3.09662755171e-05, 5.81607164349e-05, -0.000636302749626], [0.000187746525626, -0.000246110983426, -0.000320521765389, 0.00554666761309, -0.00241615180857, -5.87321337662e-05, 8.85382723936e-06, 0.00199387315661, -0.0023861869704, 0.00105264643207, -0.000441726791905, -0.00125468533952, 0.000270633434411], [-0.000315988494549, 0.000716052833013, -0.000140275413287, -0.00241615180857, 0.00780893536285, -0.00289797387086, 0.000674208218697, -0.000410934124375, -0.000264054775471, -0.000983056263067, 0.000752162828576, -0.000203269315534, -0.00183629186358], [-4.5487042371e-05, 0.000449649029179, -0.00026006140979, -5.87321337662e-05, -0.00289797387086, 0.0110699161887, -0.0038401032798, -0.000749383703806, -0.00091379287187, 0.000934712646995, -0.00289017171599, 0.000738181639463, -0.000202849681955], [-0.000197752495296, -0.000807084492408, -0.000245287665166, 8.85382723936e-06, 0.000674208218697, -0.0038401032798, 0.0124516254291, -0.00505761662498, -0.000455422705272, 0.000585722445976, 0.00127248803619, -0.000378552387701, 0.000584364228416], [-0.000243824571953, 0.000678148819134, 8.33575468278e-05, 0.00199387315661, -0.000410934124375, -0.000749383703806, -0.00505761662498, 0.014298482798, -0.0065710186027, -0.000152335866005, -0.000859577558003, -0.000204477459192, -0.000807639560662], [-0.000203088566195, -0.000723095843568, 0.000823317619506, -0.0023861869704, -0.000264054775471, -0.00091379287187, -0.000455422705272, -0.0065710186027, 0.0200723502785, -0.0100345509127, 0.00339512852952, -0.00264043989591, 0.00344296474941], [-0.000503765535541, 0.000175819252036, -0.000825378752779, 0.00105264643207, -0.000983056263067, 0.000934712646995, 0.000585722445976, -0.000152335866005, -0.0100345509127, 0.0218359325081, -0.0119823785499, 0.00303129060194, -0.00172978825867], [0.000330425944412, -0.000251541467151, -3.09662755171e-05, -0.000441726791905, 0.000752162828576, -0.00289017171599, 0.00127248803619, -0.000859577558003, 0.00339512852952, -0.0119823785499, 0.0291217025369, -0.0135157946497, 0.00355901545845], [-0.000355817523086, -0.00059879256878, 5.81607164349e-05, -0.00125468533952, -0.000203269315534, 0.000738181639463, -0.000378552387701, -0.000204477459192, -0.00264043989591, 0.00303129060194, -0.0135157946497, 0.0260106883943, -0.0109083047137], [-5.13332088303e-05, -0.000219379173359, -0.000636302749626, 0.000270633434411, -0.00183629186358, -0.000202849681955, 0.000584364228416, -0.000807639560662, 0.00344296474941, -0.00172978825867, 0.00355901545845, -0.0109083047137, 0.0231642350554]]
    },
    "spectral_contrast_coeffs": {
        "mean": [-0.701480388641, -0.771355688572, -0.771368145943, -0.783779144287, -0.800647199154, -0.734026193619]
    },
    "spectral_contrast_valleys": {
        "mean": [-6.79532003403, -6.84178161621, -7.4616727829, -7.08635234833, -6.87850618362, -10.0389719009]
    }
},
"rhythm": {
    "beats_count": 510,
    "beats_loudness": {
        "mean": 0.0309217907488
    },
    "bpm": 155.626480103,
    "bpm_histogram_first_peak_bpm": 157,
    "bpm_histogram_first_peak_weight": 0.0736842155457,
    "bpm_histogram_second_peak_bpm": 152,
    "bpm_histogram_second_peak_spread": 0.136363625526,
    "bpm_histogram_second_peak_weight": 0.18664047122,
    "danceability": 1.02254831791,
    "onset_rate": 2.7256257534,
    "beats_loudness_band_ratio": {
        "mean": [0.44048973918, 0.168922677636, 0.112065851688, 0.0796267017722, 0.145724952221, 0.0860547721386]
    },
    "beats_position": [0.406349211931, 0.812698423862, 1.20743763447, 1.59056687355, 1.97369611263, 2.35682535172, 2.73995471001, 3.13469386101, 3.51782298088, 3.90095233917, 4.29569149017, 4.66721057892, 5.05034017563, 5.4334692955, 5.8282084465, 6.21133756638, 6.59446716309, 6.97759628296, 7.36072540283, 7.74385452271, 8.12698364258, 8.51011276245, 8.893242836, 9.27637195587, 9.65950107574, 10.0426301956, 10.4257593155, 10.8204984665, 11.2036275864, 11.5867567062, 11.9698867798, 12.3530158997, 12.7361450195, 13.1192741394, 13.5140132904, 13.8971424103, 14.2802715302, 14.66340065, 15.0465307236, 15.4296598434, 15.8127889633, 16.2075271606, 16.5906581879, 16.9737873077, 17.3569164276, 17.7400455475, 18.1231746674, 18.5063037872, 18.9010429382, 19.2957820892, 19.667301178, 20.0504302979, 20.4335594177, 20.8166885376, 21.1998176575, 21.5829467773, 21.9660758972, 22.3492050171, 22.7323360443, 23.1154651642, 23.4985942841, 23.8933334351, 24.2764625549, 24.6595916748, 25.0427207947, 25.4258499146, 25.8089790344, 26.2037181854, 26.5868473053, 26.9699764252, 27.353105545, 27.747844696, 28.1309738159, 28.5141029358, 28.897233963, 29.2803630829, 29.6634922028, 30.0466213226, 30.4181404114, 30.8012695312, 31.1843986511, 31.5791378021, 31.9738769531, 32.357006073, 32.7401351929, 33.1232643127, 33.5063934326, 33.8895225525, 34.2726516724, 34.6673927307, 35.0621299744, 35.4452590942, 35.8283882141, 36.1999092102, 36.5830383301, 36.96616745, 37.3376846313, 37.7324256897, 38.1155548096, 38.4986839294, 38.8934249878, 39.2765541077, 39.6596832275, 40.0428123474, 40.4259414673, 40.8090705872, 41.192199707, 41.5753288269, 41.9584579468, 42.3415870667, 42.7247161865, 43.1078453064, 43.4909744263, 43.8741035461, 44.257232666, 44.6403617859, 45.0234909058, 45.4066200256, 45.7897491455, 46.1728782654, 46.5560073853, 46.9507484436, 47.3454856873, 47.7286148071, 48.111743927, 48.5064849854, 48.8780021667, 49.2727432251, 49.655872345, 50.0390014648, 50.4221305847, 50.8052597046, 51.1883888245, 51.5715179443, 51.9546470642, 52.3493881226, 52.7441253662, 53.1272544861, 53.510383606, 53.8935127258, 54.2766418457, 54.6597709656, 55.0429000854, 55.4260292053, 55.8091583252, 56.1922874451, 56.5754165649, 56.9585494995, 57.3532867432, 57.7480278015, 58.1311569214, 58.5142860413, 58.8974151611, 59.280544281, 59.6636734009, 60.0468025208, 60.4299316406, 60.8130607605, 61.2077980042, 61.590927124, 61.9740562439, 62.3571853638, 62.7403144836, 63.1234474182, 63.5065765381, 63.889705658, 64.2728347778, 64.6675720215, 65.0507049561, 65.4338302612, 65.8169631958, 66.200088501, 66.5832214355, 66.9663467407, 67.3610839844, 67.7442169189, 68.1273422241, 68.5104751587, 68.8936004639, 69.2767333984, 69.659866333, 70.0429916382, 70.4261245728, 70.8092498779, 71.1923828125, 71.5871200562, 71.9702453613, 72.3533782959, 72.724899292, 73.1196365356, 73.5027618408, 73.8858947754, 74.2574157715, 74.6521530151, 75.0468902588, 75.4300231934, 75.8131484985, 76.1962814331, 76.5794067383, 76.9741516113, 77.3572769165, 77.7404098511, 78.1235351562, 78.5066680908, 78.889793396, 79.2729263306, 79.6560516357, 80.0391845703, 80.410697937, 80.8054428101, 81.2001800537, 81.5949172974, 81.9780502319, 82.3611755371, 82.7559204102, 83.1390457153, 83.5221786499, 83.8936920166, 84.2768249512, 84.6599502563, 85.0430831909, 85.4262084961, 85.8093414307, 86.1808624268, 86.5639877319, 86.9587249756, 87.3534698486, 87.7482070923, 88.1313400269, 88.514465332, 88.8975982666, 89.2807235718, 89.6638565063, 90.0469818115, 90.4417190552, 90.8132400513, 91.1963729858, 91.579498291, 91.9742355347, 92.3689804077, 92.7521057129, 93.1352386475, 93.5183639526, 93.9014968872, 94.2846221924, 94.667755127, 95.0508804321, 95.4340133667, 95.8171386719, 96.2002716064, 96.5833969116, 96.9665298462, 97.3612670898, 97.7444000244, 98.1275253296, 98.5106582642, 98.8937835693, 99.2769165039, 99.6600418091, 100.043174744, 100.426300049, 100.797821045, 101.180953979, 101.564079285, 101.958816528, 102.353561401, 102.736686707, 103.119819641, 103.502944946, 103.886077881, 104.269203186, 104.652336121, 105.035461426, 105.41859436, 105.801719666, 106.1848526, 106.567977905, 106.95111084, 107.345848083, 107.740585327, 108.1353302, 108.518455505, 108.90158844, 109.273101807, 109.656234741, 110.039360046, 110.434104919, 110.817230225, 111.200363159, 111.583488464, 111.966621399, 112.349746704, 112.732879639, 113.104400635, 113.475914001, 113.859046936, 114.242172241, 114.636917114, 115.031654358, 115.414779663, 115.797912598, 116.192649841, 116.575782776, 116.958908081, 117.330429077, 117.713554382, 118.096687317, 118.491424561, 118.886169434, 119.269294739, 119.652427673, 120.035552979, 120.418685913, 120.801811218, 121.184944153, 121.568069458, 121.951202393, 122.345939636, 122.74067688, 123.123809814, 123.50693512, 123.890068054, 124.273193359, 124.644714355, 125.02784729, 125.410972595, 125.782493591, 126.177230835, 126.571968079, 126.955101013, 127.338226318, 127.721359253, 128.104492188, 128.499221802, 128.893966675, 129.277099609, 129.660217285, 130.04335022, 130.426483154, 130.809616089, 131.192733765, 131.575866699, 131.958999634, 132.342132568, 132.725265503, 133.119995117, 133.503128052, 133.886260986, 134.269378662, 134.652511597, 135.04725647, 135.430389404, 135.81350708, 136.208251953, 136.591384888, 136.962905884, 137.34602356, 137.729156494, 138.112289429, 138.507034302, 138.901763916, 139.273284912, 139.644805908, 140.027938843, 140.411056519, 140.805801392, 141.200546265, 141.58366394, 141.978408813, 142.361541748, 142.756271362, 143.151016235, 143.53414917, 143.917282104, 144.30039978, 144.683532715, 145.066665649, 145.449798584, 145.83291626, 146.216049194, 146.58757019, 146.970703125, 147.35383606, 147.736953735, 148.12008667, 148.491607666, 148.886352539, 149.281082153, 149.675827026, 150.070556641, 150.442077637, 150.813598633, 151.196731567, 151.579864502, 151.962997437, 152.346115112, 152.717636108, 153.112380981, 153.495513916, 153.878631592, 154.261764526, 154.644897461, 155.039627075, 155.42276001, 155.805892944, 156.200637817, 156.583755493, 156.966888428, 157.350021362, 157.733154297, 158.116271973, 158.499404907, 158.89414978, 159.288879395, 159.695236206, 160.101577759, 160.554367065, 161.007156372, 161.459945679, 161.924346924, 162.330703735, 162.737045288, 163.131790161, 163.549743652, 163.979324341, 164.397277832, 164.803619385, 165.209976196, 165.616317749, 166.022674561, 166.429016113, 166.858596802, 167.288162231, 167.717727661, 168.170516968, 168.623306274, 169.076095581, 169.470840454, 169.877182007, 170.295150757, 170.713104248, 171.119445801, 171.525802612, 171.932144165, 172.338500977, 172.73324585, 173.127975464, 173.522720337, 173.905853271, 174.288970947, 174.672103882, 175.055236816, 175.449981689, 175.833099365, 176.2162323, 176.587753296, 176.959274292, 177.354003906, 177.748748779, 178.131881714, 178.515014648, 178.898132324, 179.281265259, 179.664398193, 180.047531128, 180.430648804, 180.813781738, 181.185302734, 181.580047607, 181.963165283, 182.346298218, 182.729431152, 183.124176025, 183.507293701, 183.890426636, 184.27355957, 184.668289185, 185.051422119, 185.434555054, 185.817687988, 186.200805664, 186.583938599, 186.967071533, 187.350204468, 187.733337402, 188.116455078, 188.499588013, 188.871109009, 189.254241943, 189.637359619, 190.032104492, 190.426849365, 190.809967041, 191.193099976, 191.587844849, 191.970977783, 192.354095459, 192.737228394, 193.120361328, 193.503494263, 193.886611938, 194.269744873, 194.652877808, 195.036010742, 195.419128418, 195.802261353, 196.185394287, 196.568527222, 196.940048218, 197.323165894],
    "bpm_histogram": [0, 0, 0, 0, 0, 0, 0, 0, 0, 0, 0, 0, 0, 0, 0, 0, 0, 0, 0, 0, 0, 0, 0, 0, 0, 0, 0, 0, 0, 0, 0, 0, 0, 0, 0, 0, 0, 0, 0, 0, 0, 0, 0, 0, 0, 0, 0, 0, 0, 0, 0, 0, 0, 0, 0, 0, 0, 0, 0, 0, 0, 0, 0, 0, 0, 0, 0, 0, 0, 0, 0, 0, 0, 0, 0, 0, 0, 0, 0, 0, 0, 0, 0, 0, 0, 0, 0, 0, 0, 0, 0, 0, 0, 0, 0, 0, 0, 0, 0, 0, 0, 0, 0, 0, 0, 0, 0, 0, 0, 0, 0, 0, 0, 0, 0, 0, 0, 0, 0, 0, 0, 0, 0, 0, 0, 0, 0, 0, 0, 0.00196463661268, 0, 0, 0, 0.0117878196761, 0, 0, 0, 0, 0, 0, 0.00785854645073, 0, 0, 0, 0.00785854645073, 0, 0, 0, 0.0294695477933, 0, 0, 0, 0.18664047122, 0, 0, 0, 0, 0.691552042961, 0, 0, 0, 0.0550098232925, 0.00785854645073, 0, 0, 0, 0, 0, 0, 0, 0, 0, 0, 0, 0, 0, 0, 0, 0, 0, 0, 0, 0, 0, 0, 0, 0, 0, 0, 0, 0, 0, 0, 0, 0, 0, 0, 0, 0, 0, 0, 0, 0, 0, 0, 0, 0, 0, 0, 0, 0, 0, 0, 0, 0, 0, 0, 0, 0, 0, 0, 0, 0, 0, 0, 0, 0, 0, 0, 0, 0, 0, 0, 0, 0, 0, 0, 0, 0, 0, 0, 0, 0, 0, 0, 0, 0, 0, 0, 0]
},
"tonal": {
    "chords_changes_rate": 0.0608123987913,
    "chords_number_rate": 0.00258276588283,
    "chords_strength": {
        "mean": 0.504841446877
    },
    "hpcp_crest": {
        "mean": 12.6817598343
    },
    "hpcp_entropy": {
        "mean": 2.17381358147
    },
    "key_edma": {
        "strength": 0.634811997414,
        "key": "Eb",
        "scale": "minor"
    },
    "key_krumhansl": {
        "strength": 0.640081584454,
        "key": "Bb",
        "scale": "minor"
    },
    "key_temperley": {
        "strength": 0.65920484066,
        "key": "Bb",
        "scale": "minor"
    },
    "tuning_diatonic_strength": 0.537721455097,
    "tuning_equal_tempered_deviation": 0.048819065094,
    "tuning_frequency": 442.548919678,
    "tuning_nontempered_energy_ratio": 0.729882001877,
    "hpcp": {
        "mean": [0.0987209305167, 0.106775909662, 0.196417614818, 0.27827116847, 0.176974922419, 0.0676964446902, 0.0550442673266, 0.0620976537466, 0.112048447132, 0.132065623999, 0.0964440405369, 0.152072444558, 0.203702718019, 0.134571507573, 0.0889922603965, 0.0892993882298, 0.107397720218, 0.232363343239, 0.283527433872, 0.160472333431, 0.0809820964932, 0.0656734630466, 0.0777563452721, 0.224988058209, 0.290848702192, 0.163224503398, 0.116645202041, 0.133720189333, 0.0989790931344, 0.0789488479495, 0.0788494572043, 0.0700343549252, 0.129319950938, 0.169060304761, 0.117020882666, 0.0883369520307]
    },
    "chords_histogram": [32.0262985229, 20.9673633575, 9.95538902283, 6.36299610138, 0.328715652227, 4.64897871017, 0.493073493242, 1.31486260891, 1.73749709129, 2.91148161888, 0.82178914547, 0.375675052404, 0, 0.21131721139, 0, 0.0234796907753, 2.06621265411, 0, 0, 0, 0.21131721139, 0.82178914547, 11.7633247375, 2.95844101906],
    "thpcp": [1, 0.561200737953, 0.401051133871, 0.459758579731, 0.340311288834, 0.271443009377, 0.271101295948, 0.240793079138, 0.444629639387, 0.581265449524, 0.402342796326, 0.303721308708, 0.339423656464, 0.367118388414, 0.675325751305, 0.956755757332, 0.608477592468, 0.232754841447, 0.189253956079, 0.213504999876, 0.385246515274, 0.454069852829, 0.331595212221, 0.522857546806, 0.700373470783, 0.462685614824, 0.305974423885, 0.307030379772, 0.369256317616, 0.798914849758, 0.974827885628, 0.551738202572, 0.278433769941, 0.225799396634, 0.267342925072, 0.773557007313],
    "chords_key": "Bb",
    "chords_scale": "minor"
}
}