{
"metadata": {
    "version": {
        "essentia": "2.1-beta6-dev",
        "essentia_git_sha": "v2.1_beta5-1177-g1d1cc983",
        "extractor": "music 2.0"
    },
    "audio_properties": {
        "analysis": {
            "equal_loudness": 0,
            "length": 227.759994507,
            "sample_rate": 44100,
            "start_time": 0,
            "downmix": "mix"
        },
        "bit_rate": 1411200,
        "length": 227.759994507,
        "lossless": 1,
        "number_channels": 2,
        "replay_gain": -16.1578063965,
        "sample_rate": 44100,
        "codec": "pcm_s16le",
        "md5_encoded": "8a3426f0533125bd61aac3f668b597b6"
    },
    "tags": {
        "file_name": "All Get Out - All Get Out - 02 Come My Way.wav"
    }
},
"lowlevel": {
    "average_loudness": 0.773807644844,
    "barkbands_crest": {
        "mean": 8.68296146393
    },
    "barkbands_flatness_db": {
        "mean": 0.118493914604
    },
    "barkbands_kurtosis": {
        "mean": 4.52458095551
    },
    "barkbands_skewness": {
        "mean": 1.01987612247
    },
    "barkbands_spread": {
        "mean": 24.2950248718
    },
    "dissonance": {
        "mean": 0.458598613739
    },
    "dynamic_complexity": 7.02634716034,
    "erbbands_crest": {
        "mean": 8.89490604401
    },
    "erbbands_flatness_db": {
        "mean": 0.155854433775
    },
    "erbbands_kurtosis": {
        "mean": 0.982736468315
    },
    "erbbands_skewness": {
        "mean": 0.36103862524
    },
    "erbbands_spread": {
        "mean": 32.8161811829
    },
    "hfc": {
        "mean": 22.0177574158
    },
    "loudness_ebu128": {
        "integrated": -6.46582698822,
        "loudness_range": 13.274312973,
        "momentary": {
            "mean": -12.4199981689
        },
        "short_term": {
            "mean": -10.8182573318
        }
    },
    "melbands_crest": {
        "mean": 11.997710228
    },
    "melbands_flatness_db": {
        "mean": 0.177169233561
    },
    "melbands_kurtosis": {
        "mean": 7.43031740189
    },
    "melbands_skewness": {
        "mean": 1.83144831657
    },
    "melbands_spread": {
        "mean": 30.1671981812
    },
    "pitch_salience": {
        "mean": 0.588771522045
    },
    "silence_rate_20dB": {
        "mean": 1
    },
    "silence_rate_30dB": {
        "mean": 1
    },
    "silence_rate_60dB": {
        "mean": 0.246687054634
    },
    "spectral_centroid": {
        "mean": 1550.24206543
    },
    "spectral_complexity": {
        "mean": 21.457901001
    },
    "spectral_decrease": {
        "mean": -5.64643487522e-09
    },
    "spectral_energy": {
        "mean": 0.0233080033213
    },
    "spectral_energyband_high": {
        "mean": 0.000926293665543
    },
    "spectral_energyband_low": {
        "mean": 0.00693541532382
    },
    "spectral_energyband_middle_high": {
        "mean": 0.00699659017846
    },
    "spectral_energyband_middle_low": {
        "mean": 0.00956272706389
    },
    "spectral_entropy": {
        "mean": 7.60850048065
    },
    "spectral_flux": {
        "mean": 0.063282199204
    },
    "spectral_kurtosis": {
        "mean": 7.72933769226
    },
    "spectral_rms": {
        "mean": 0.00410263799131
    },
    "spectral_rolloff": {
        "mean": 2000.94128418
    },
    "spectral_skewness": {
        "mean": 1.84849011898
    },
    "spectral_spread": {
        "mean": 4700590
    },
    "spectral_strongpeak": {
        "mean": 1.22632598877
    },
    "zerocrossingrate": {
        "mean": 0.077568128705
    },
    "barkbands": {
        "mean": [0.000938873330597, 0.00328933028504, 0.00177871598862, 0.00200800667517, 0.00155712943524, 0.00147765129805, 0.0007613733178, 0.000672833877616, 0.00259231217206, 0.00228024623357, 0.00048203652841, 0.000520397268701, 0.000960744626354, 0.000756525201723, 0.000581794010941, 0.000387722539017, 0.000335330230882, 0.000438124407083, 0.000399740529247, 0.000350884132786, 0.000168379512616, 0.000141518190503, 0.000158838825882, 0.000129577558255, 0.000101241159427, 3.39061407431e-05, 4.68957205157e-06]
    },
    "erbbands": {
        "mean": [0.125992447138, 0.617149353027, 1.90101861954, 4.96140813828, 6.25883483887, 4.24524879456, 7.4761300087, 12.9709835052, 12.295747757, 10.5683517456, 16.8664226532, 38.8848228455, 78.4799041748, 69.4252548218, 23.834821701, 21.2160434723, 35.7280921936, 57.0364112854, 21.6004314423, 33.2761650085, 18.7980270386, 17.5663757324, 20.6676330566, 19.6099224091, 23.5985450745, 17.6343822479, 9.01222610474, 5.9410815239, 4.9402680397, 4.49193429947, 4.80816602707, 3.15701270103, 1.94901132584, 1.31339013577, 0.59129846096, 0.211926952004, 0.0490918494761, 0.00877896137536, 0.000791687576566, 6.38022975181e-05]
    },
    "gfcc": {
        "mean": [-49.6204986572, 81.8321304321, -115.615402222, 17.1215209961, -58.3015785217, 12.1428451538, -36.7625236511, 12.7800340652, -28.6124610901, -1.73408889771, -18.1702003479, -4.23778820038, -9.24305820465],
        "cov": [[43113.9726562, 561.668457031, -4164.26904297, 2856.91430664, -921.250366211, 1498.94750977, 73.1239089966, 843.303527832, -222.167984009, 133.322906494, -250.746871948, -194.730758667, -324.238372803], [561.668457031, 2135.6394043, -117.67880249, -343.579376221, 14.8593273163, -247.094863892, -17.1067466736, -30.599943161, -21.1128196716, -46.17137146, 68.7023468018, -133.250534058, 116.834312439], [-4164.26904297, -117.67880249, 1091.88439941, -61.02967453, 130.016738892, -116.434692383, 44.3296012878, -68.3055419922, 99.55519104, 46.2553901672, 1.51184654236, 96.6565704346, 28.7105693817], [2856.91430664, -343.579376221, -61.02967453, 807.993103027, 71.1447296143, 243.142211914, 137.467025757, 94.2632064819, 144.078292847, 46.5632286072, 6.23163080215, 92.6486358643, -55.0846405029], [-921.250366211, 14.8593273163, 130.016738892, 71.1447296143, 270.852508545, 53.2141418457, 83.9932861328, 33.5522270203, 53.3715705872, 17.7904415131, 20.9565296173, 18.6918621063, 10.3805465698], [1498.94750977, -247.094863892, -116.434692383, 243.142211914, 53.2141418457, 290.663848877, 123.28553772, 69.2369995117, 42.8061065674, 17.464756012, 2.97045040131, 6.45224428177, -31.320022583], [73.1239089966, -17.1067466736, 44.3296012878, 137.467025757, 83.9932861328, 123.28553772, 182.628585815, 50.8511314392, 69.8800811768, 7.23373126984, 16.729883194, 11.9065952301, -10.0570421219], [843.303527832, -30.599943161, -68.3055419922, 94.2632064819, 33.5522270203, 69.2369995117, 50.8511314392, 142.750488281, 40.8091964722, 17.5028553009, -0.996709108353, 1.99787390232, 14.7543439865], [-222.167984009, -21.1128196716, 99.55519104, 144.078292847, 53.3715705872, 42.8061065674, 69.8800811768, 40.8091964722, 142.523513794, 41.6382064819, 26.6240005493, 46.9829444885, -3.72117567062], [133.322906494, -46.17137146, 46.2553901672, 46.5632286072, 17.7904415131, 17.464756012, 7.23373126984, 17.5028553009, 41.6382064819, 75.5561676025, 29.2014160156, 19.8016796112, -0.459143459797], [-250.746871948, 68.7023468018, 1.51184654236, 6.23163080215, 20.9565296173, 2.97045040131, 16.729883194, -0.996709108353, 26.6240005493, 29.2014160156, 94.5782928467, 22.756105423, 8.98788928986], [-194.730758667, -133.250534058, 96.6565704346, 92.6486358643, 18.6918621063, 6.45224428177, 11.9065952301, 1.99787390232, 46.9829444885, 19.8016796112, 22.756105423, 89.7458648682, 10.8840341568], [-324.238372803, 116.834312439, 28.7105693817, -55.0846405029, 10.3805465698, -31.320022583, -10.0570421219, 14.7543439865, -3.72117567062, -0.459143459797, 8.98788928986, 10.8840341568, 71.9826126099]],
        "icov": [[0.000106307707028, -0.000168084836332, 0.000254225858953, -0.000346425949829, 0.000316393357934, -0.000341646024026, 0.000160519659403, -0.000387494044844, 0.000505363685079, -0.000505236035679, 0.000381672143703, -0.000276509148534, 0.000309796363581], [-0.000168084836332, 0.00100766867399, -0.000277252023807, 0.000519618042745, -0.000573091034312, 0.00125156494323, -0.000619448372163, 0.00086184166139, -0.00134534132667, 0.00118443265092, -0.00129794725217, 0.00196637120098, -0.00171768083237], [0.000254225858953, -0.000277252023807, 0.00198718160391, -0.0005776064354, 0.000208378973184, -3.87003055948e-05, -0.000385015533539, -1.78139162017e-05, 0.000498593261, -0.00198375317268, 0.00175588845741, -0.00169975869358, 0.000314388773404], [-0.000346425949829, 0.000519618042745, -0.0005776064354, 0.00340524595231, -0.00110995804425, -0.000151964748511, -0.000668269814923, 0.000810286670458, -0.00283198198304, 0.00146165653132, -0.000507463584654, -0.00131963333115, 0.000392726477003], [0.000316393357934, -0.000573091034312, 0.000208378973184, -0.00110995804425, 0.00562663329765, -0.0013662861893, -0.00100725854281, -0.00162933429237, 0.00122425740119, -0.00161571882199, 0.000555120233912, -0.000606516492553, 0.000285556976451], [-0.000341646024026, 0.00125156494323, -3.87003055948e-05, -0.000151964748511, -0.0013662861893, 0.00844757352024, -0.00462196394801, 0.000412835128373, -0.000714229536243, 0.000524897186551, -0.00138845259789, 0.00229620793834, -0.000736333895475], [0.000160519659403, -0.000619448372163, -0.000385015533539, -0.000668269814923, -0.00100725854281, -0.00462196394801, 0.0111570181325, -0.00199420657009, -0.00271892314777, 0.00240087602288, -0.000953298120294, 0.000608096132055, 0.00137425016146], [-0.000387494044844, 0.00086184166139, -1.78139162017e-05, 0.000810286670458, -0.00162933429237, 0.000412835128373, -0.00199420657009, 0.0115487203002, -0.00421236734837, 3.81540921808e-05, 0.000140393851325, 0.00275475578383, -0.00539985531941], [0.000505363685079, -0.00134534132667, 0.000498593261, -0.00283198198304, 0.00122425740119, -0.000714229536243, -0.00271892314777, -0.00421236734837, 0.0163067728281, -0.00708059314638, 0.00138518784661, -0.00602906337008, 0.00362663879059], [-0.000505236035679, 0.00118443265092, -0.00198375317268, 0.00146165653132, -0.00161571882199, 0.000524897186551, 0.00240087602288, 3.81540921808e-05, -0.00708059314638, 0.0213344097137, -0.00738013163209, 0.00227992236614, -0.00115264905617], [0.000381672143703, -0.00129794725217, 0.00175588845741, -0.000507463584654, 0.000555120233912, -0.00138845259789, -0.000953298120294, 0.000140393851325, 0.00138518784661, -0.00738013163209, 0.0157735683024, -0.00555025227368, 0.000785300100688], [-0.000276509148534, 0.00196637120098, -0.00169975869358, -0.00131963333115, -0.000606516492553, 0.00229620793834, 0.000608096132055, 0.00275475578383, -0.00602906337008, 0.00227992236614, -0.00555025227368, 0.0213838256896, -0.0069995559752], [0.000309796363581, -0.00171768083237, 0.000314388773404, 0.000392726477003, 0.000285556976451, -0.000736333895475, 0.00137425016146, -0.00539985531941, 0.00362663879059, -0.00115264905617, 0.000785300100688, -0.0069995559752, 0.0203284677118]]
    },
    "melbands": {
        "mean": [0.00104655348696, 0.000960584438872, 0.000893756223377, 0.000367713568266, 0.000238941574935, 0.000288174167508, 0.000184457516298, 0.000118233059766, 0.000128749976284, 0.000322452106047, 0.000402873236453, 0.000295428559184, 7.68365571275e-05, 6.34147218079e-05, 4.57148016721e-05, 0.000118107571325, 9.6135030617e-05, 2.74053672911e-05, 4.49623912573e-05, 3.77395590476e-05, 1.92536826944e-05, 1.85277021956e-05, 1.41472637551e-05, 2.61487093667e-05, 1.34988540594e-05, 1.79873368324e-05, 1.39201047205e-05, 1.14842214316e-05, 5.98932638241e-06, 3.63824165106e-06, 3.39066764354e-06, 2.76938658317e-06, 2.68233020506e-06, 2.30869818552e-06, 2.95388781524e-06, 2.49803110819e-06, 1.67060647982e-06, 1.35798666179e-06, 1.34177025757e-06, 1.0053877304e-06]
    },
    "melbands128": {
        "mean": [0.000759226386435, 0.0011939543765, 0.00101861776784, 0.00104298873339, 0.000948536035139, 0.000888223177753, 0.00104979972821, 0.000943801889662, 0.000626078224741, 0.000344123051036, 0.000188418038306, 0.000191445520613, 0.00026012485614, 0.000284737354377, 0.000291936448775, 0.000322130712448, 0.000203846895602, 0.000179468770511, 0.000121366443636, 0.000116808674647, 9.73951246124e-05, 0.000172926360392, 0.000132454457344, 8.35090249893e-05, 0.000111015564471, 0.000419026124291, 0.000842638604809, 0.000241064728471, 0.000167380072526, 0.000547493167687, 0.000212733342778, 7.71423874539e-05, 9.51186084421e-05, 4.50773877674e-05, 7.74432483013e-05, 6.55200201436e-05, 5.41976587556e-05, 2.46686959144e-05, 5.82596039749e-05, 6.82743047946e-05, 8.70570438565e-05, 0.00028516096063, 7.99480258138e-05, 2.95231002383e-05, 1.76483517862e-05, 2.60280776274e-05, 3.8855454477e-05, 4.51855776191e-05, 4.49382023362e-05, 5.63149005757e-05, 3.64600018656e-05, 1.97201625269e-05, 1.98209618247e-05, 1.68393107742e-05, 2.33897917497e-05, 1.58010152518e-05, 1.75296463567e-05, 1.97607587324e-05, 1.02074136521e-05, 8.72789405548e-06, 3.6882905988e-05, 3.06573710986e-05, 1.29243708216e-05, 9.30646729103e-06, 1.11309700515e-05, 2.15261043195e-05, 1.86013130588e-05, 1.87611422007e-05, 1.06589404822e-05, 1.03655538624e-05, 1.65635046869e-05, 7.6117912613e-06, 7.25174368199e-06, 5.66628750676e-06, 5.10147310706e-06, 3.40823999068e-06, 2.93730636258e-06, 3.76525304091e-06, 3.35104527949e-06, 3.2793441278e-06, 2.97710471386e-06, 2.31212675317e-06, 2.84353882307e-06, 2.78623406302e-06, 2.46793933911e-06, 2.61017203229e-06, 2.0003303689e-06, 2.0352856609e-06, 4.35671745436e-06, 2.01870329875e-06, 2.51216283687e-06, 3.19113655678e-06, 1.66161441939e-06, 1.65330754953e-06, 1.57725412464e-06, 1.40774352531e-06, 1.34193419399e-06, 1.15906607334e-06, 1.37120480304e-06, 1.47573177856e-06, 1.21278003462e-06, 9.03057355117e-07, 7.82540041655e-07, 7.06117077698e-07, 7.47869648876e-07, 5.68901214137e-07, 4.74659600513e-07, 4.38438519268e-07, 4.07517518397e-07, 2.47394439157e-07, 1.99958179792e-07, 1.75162966798e-07, 1.44364079802e-07, 1.14921171246e-07, 9.52643830487e-08, 8.10799463125e-08, 5.82246073577e-08, 4.31167599402e-08, 3.10219512301e-08, 2.10810870982e-08, 1.67413674035e-08, 1.36118050165e-08, 9.2742196145e-09, 7.01658953162e-09, 4.82251305556e-09, 3.36955641167e-09, 2.16114925955e-09, 1.15854981164e-09]
    },
    "mfcc": {
        "mean": [-682.894470215, 116.725334167, -3.28546118736, 10.7921066284, 0.458449691534, -3.816873312, 3.31339120865, 3.24706721306, -0.226916834712, 4.89773321152, -6.17324447632, -6.06154489517, -3.0194003582],
        "cov": [[29371.1171875, -410.514251709, -1335.35461426, 773.073608398, 105.577445984, 801.458312988, 519.076416016, 1047.85375977, 184.705322266, 847.553710938, 173.944213867, 69.4873275757, -99.852394104], [-410.514251709, 2106.1171875, -90.2380371094, -219.133850098, 7.4496088028, -289.03213501, 37.8089981079, -216.17010498, -22.9624633789, -48.4427871704, -84.2663650513, -56.2611122131, -11.0041913986], [-1335.35461426, -90.2380371094, 655.165893555, 164.725738525, 6.42200374603, 65.0096054077, -62.5736122131, -13.4048051834, 55.5886764526, -74.3206710815, 42.0324211121, 65.0576171875, 21.4656600952], [773.073608398, -219.133850098, 164.725738525, 417.445495605, 96.4879837036, 145.252166748, -14.4928588867, 119.94745636, 74.0590667725, 29.9553985596, 47.7124938965, 97.7040634155, 26.373380661], [105.577445984, 7.4496088028, 6.42200374603, 96.4879837036, 145.769485474, 40.125, 26.8150196075, 23.938577652, 38.2361946106, 4.95897102356, 18.0351886749, 28.1647872925, 19.2597503662], [801.458312988, -289.03213501, 65.0096054077, 145.252166748, 40.125, 258.653869629, 44.9048271179, 128.915618896, 39.9630889893, 62.0910377502, 45.6734428406, 62.3896179199, 22.5056247711], [519.076416016, 37.8089981079, -62.5736122131, -14.4928588867, 26.8150196075, 44.9048271179, 149.074310303, 47.1214294434, 29.0165500641, 44.2521743774, 18.4083518982, -1.58486616611, -9.57465457916], [1047.85375977, -216.17010498, -13.4048051834, 119.94745636, 23.938577652, 128.915618896, 47.1214294434, 193.585403442, 59.4238395691, 86.3953933716, 35.7151451111, 39.2018890381, 8.95148277283], [184.705322266, -22.9624633789, 55.5886764526, 74.0590667725, 38.2361946106, 39.9630889893, 29.0165500641, 59.4238395691, 126.226867676, 30.4442882538, 26.1870555878, 22.1468238831, -9.92800235748], [847.553710938, -48.4427871704, -74.3206710815, 29.9553985596, 4.95897102356, 62.0910377502, 44.2521743774, 86.3953933716, 30.4442882538, 148.739807129, 42.5163612366, 10.4679031372, 1.99735677242], [173.944213867, -84.2663650513, 42.0324211121, 47.7124938965, 18.0351886749, 45.6734428406, 18.4083518982, 35.7151451111, 26.1870555878, 42.5163612366, 87.2498703003, 38.3440437317, 1.68262290955], [69.4873275757, -56.2611122131, 65.0576171875, 97.7040634155, 28.1647872925, 62.3896179199, -1.58486616611, 39.2018890381, 22.1468238831, 10.4679031372, 38.3440437317, 99.5906982422, 35.2253456116], [-99.852394104, -11.0041913986, 21.4656600952, 26.373380661, 19.2597503662, 22.5056247711, -9.57465457916, 8.95148277283, -9.92800235748, 1.99735677242, 1.68262290955, 35.2253456116, 85.0916748047]],
        "icov": [[5.31631012564e-05, -2.32099446293e-05, 0.000107551859401, -0.00011779119086, 6.1714417825e-05, -7.35591165721e-05, -5.6092198065e-05, -0.00016145267, 5.46808296349e-05, -0.000109182677988, -4.55998633697e-06, 6.35273099761e-05, 6.7654713348e-05], [-2.32099446293e-05, 0.000644813699182, -9.82093260973e-05, 0.000150882129674, -0.000239083994529, 0.000632969895378, -0.00039892346831, 0.000646424712613, -0.000202320428798, -0.00034643302206, 0.000587407615967, -0.000422194571001, -4.43390090368e-05], [0.000107551859401, -9.82093260973e-05, 0.00243923743255, -0.000996809685603, 0.000987012521364, -0.000839531305246, 0.000488579913508, 0.000403429934522, -0.00108488637488, 0.00130901637021, -0.001313579618, 8.18646294647e-05, -0.000346914428519], [-0.00011779119086, 0.000150882129674, -0.000996809685603, 0.004985276144, -0.0025449662935, -0.000597850361373, 0.0015786937438, -0.00145617185626, -0.000607236754149, 7.41599069443e-05, 0.000561929540709, -0.00271362881176, 0.000692243746016], [6.1714417825e-05, -0.000239083994529, 0.000987012521364, -0.0025449662935, 0.00969099346548, -0.000678919954225, -0.00178883445915, 0.00107960938476, -0.00219878670759, 0.00125493295491, -0.00130235671531, 0.000554953003302, -0.00223743892275], [-7.35591165721e-05, 0.000632969895378, -0.000839531305246, -0.000597850361373, -0.000678919954225, 0.00764167122543, -0.0016263583675, -0.00265747774392, 0.000863245280925, -0.000879236264154, 0.000131532404339, -0.00203363643959, -0.000417653529439], [-5.6092198065e-05, -0.00039892346831, 0.000488579913508, 0.0015786937438, -0.00178883445915, -0.0016263583675, 0.00921852234751, -0.00134395074565, -0.00120941665955, -0.000576206250116, -0.00118506373838, 0.00060316210147, 0.000929897069], [-0.00016145267, 0.000646424712613, 0.000403429934522, -0.00145617185626, 0.00107960938476, -0.00265747774392, -0.00134395074565, 0.0122582372278, -0.00315895560198, -0.00362220895477, 0.00113381363917, -0.000970162509475, -0.000642913568299], [5.46808296349e-05, -0.000202320428798, -0.00108488637488, -0.000607236754149, -0.00219878670759, 0.000863245280925, -0.00120941665955, -0.00315895560198, 0.0115035725757, -0.00106575817335, -0.0005759660271, -0.000698498275597, 0.00263321050443], [-0.000109182677988, -0.00034643302206, 0.00130901637021, 7.41599069443e-05, 0.00125493295491, -0.000879236264154, -0.000576206250116, -0.00362220895477, -0.00106575817335, 0.0121281649917, -0.00549279665574, 0.00215668650344, -0.00145462795626], [-4.55998633697e-06, 0.000587407615967, -0.001313579618, 0.000561929540709, -0.00130235671531, 0.000131532404339, -0.00118506373838, 0.00113381363917, -0.0005759660271, -0.00549279665574, 0.0181267429143, -0.00678241020069, 0.00274618645199], [6.35273099761e-05, -0.000422194571001, 8.18646294647e-05, -0.00271362881176, 0.000554953003302, -0.00203363643959, 0.00060316210147, -0.000970162509475, -0.000698498275597, 0.00215668650344, -0.00678241020069, 0.0186411198229, -0.00629230588675], [6.7654713348e-05, -4.43390090368e-05, -0.000346914428519, 0.000692243746016, -0.00223743892275, -0.000417653529439, 0.000929897069, -0.000642913568299, 0.00263321050443, -0.00145462795626, 0.00274618645199, -0.00629230588675, 0.0153796933591]]
    },
    "spectral_contrast_coeffs": {
        "mean": [-0.719522058964, -0.776388585567, -0.741071164608, -0.79397803545, -0.796891748905, -0.787979602814]
    },
    "spectral_contrast_valleys": {
        "mean": [-7.37253665924, -7.18503761292, -7.70436096191, -8.06648349762, -8.08600997925, -10.6616125107]
    }
},
"rhythm": {
    "beats_count": 474,
    "beats_loudness": {
        "mean": 0.034157898277
    },
    "bpm": 124.980262756,
    "bpm_histogram_first_peak_bpm": 126,
    "bpm_histogram_first_peak_weight": 0.381188094616,
    "bpm_histogram_second_peak_bpm": 148,
    "bpm_histogram_second_peak_spread": 0.535714268684,
    "bpm_histogram_second_peak_weight": 0.0274841431528,
    "danceability": 0.875247657299,
    "onset_rate": 1.84830594063,
    "beats_loudness_band_ratio": {
        "mean": [0.445168375969, 0.15665435791, 0.166805103421, 0.136562392116, 0.0631190985441, 0.0651624128222]
    },
    "beats_position": [0.476009070873, 0.952018141747, 1.42802715302, 1.90403628349, 2.39165520668, 2.86766433716, 3.34367346764, 3.83129239082, 4.31891155243, 4.79492044449, 5.27092981339, 5.74693870544, 6.2229475975, 6.71056699753, 7.18657588959, 7.66258478165, 8.15020370483, 8.62621307373, 9.10222244263, 9.58984088898, 10.0658502579, 10.5418596268, 11.0294780731, 11.505487442, 11.9814968109, 12.4691152573, 12.9451246262, 13.4211339951, 13.9087524414, 14.3963718414, 14.8839902878, 15.3599996567, 15.8360090256, 16.3120174408, 16.7880268097, 17.2756462097, 17.7516555786, 18.2276649475, 18.7152824402, 19.1912918091, 19.667301178, 20.154920578, 20.6309299469, 21.1069393158, 21.5945568085, 22.0705661774, 22.5465755463, 23.0341949463, 23.5102043152, 23.9862117767, 24.4738311768, 24.9498405457, 25.4258499146, 25.9134693146, 26.4010887146, 26.8770961761, 27.353105545, 27.8291149139, 28.3051242828, 28.7811336517, 29.2571430206, 29.7447605133, 30.2323799133, 30.7199993134, 31.1960086823, 31.6720180511, 32.1480255127, 32.6240348816, 33.111656189, 33.5876655579, 34.0636711121, 34.5512924194, 35.0273017883, 35.5033111572, 35.9793205261, 36.455329895, 36.9429473877, 37.4305648804, 37.9181861877, 38.3941955566, 38.8702049255, 39.3578224182, 39.8338317871, 40.309841156, 40.7858505249, 41.2734680176, 41.7494773865, 42.2370948792, 42.713104248, 43.1891136169, 43.6651229858, 44.1411323547, 44.6287536621, 45.1163711548, 45.6039886475, 46.0799980164, 46.5560073853, 47.0320167542, 47.508026123, 47.9956436157, 48.4832649231, 48.9708824158, 49.4468917847, 49.9229011536, 50.3989105225, 50.8865280151, 51.362537384, 51.8385467529, 52.3145561218, 52.8021774292, 53.2781867981, 53.7541923523, 54.2302017212, 54.7062110901, 55.1938323975, 55.6698417664, 56.157459259, 56.6334686279, 57.1210861206, 57.608707428, 58.0847167969, 58.5607261658, 59.03673172, 59.5127410889, 60.0003623962, 60.4763717651, 60.952381134, 61.4399986267, 61.9276161194, 62.4268455505, 62.9260749817, 63.4253044128, 64.0174102783, 64.6095199585, 65.2016296387, 65.7937393188, 66.385848999, 66.9431304932, 67.5004043579, 68.0576858521, 68.6381835938, 69.2186813354, 69.7991790771, 70.3796844482, 70.9601821899, 71.4594116211, 71.9586410522, 72.4578704834, 72.9454879761, 73.4331054688, 73.9091110229, 74.396736145, 74.8727416992, 75.3603591919, 75.8479766846, 76.3239898682, 76.7999954224, 77.276008606, 77.7520141602, 78.2280273438, 78.7156448364, 79.2032623291, 79.6792755127, 80.1552810669, 80.6312942505, 81.1072998047, 81.5949172974, 82.08253479, 82.5585479736, 83.0345535278, 83.5105667114, 83.9981842041, 84.4858016968, 84.9618148804, 85.4378204346, 85.9138336182, 86.3898391724, 86.865852356, 87.3534698486, 87.8410873413, 88.3170928955, 88.7931060791, 89.2807235718, 89.7567367554, 90.2327423096, 90.7203598022, 91.1963729858, 91.67237854, 92.1483917236, 92.6243972778, 93.1120147705, 93.5996322632, 94.0756454468, 94.551651001, 95.039276123, 95.5268936157, 96.0028991699, 96.4789123535, 96.9549179077, 97.4309310913, 97.918548584, 98.3945541382, 98.8705673218, 99.3581848145, 99.8458023071, 100.310203552, 100.797821045, 101.273826599, 101.749839783, 102.237457275, 102.713470459, 103.189476013, 103.677093506, 104.153106689, 104.629112244, 105.116729736, 105.59274292, 106.068748474, 106.556373596, 107.043991089, 107.519996643, 107.996009827, 108.483627319, 108.959632874, 109.435646057, 109.911651611, 110.387664795, 110.863670349, 111.339683533, 111.804077148, 112.30330658, 112.790924072, 113.266937256, 113.74294281, 114.218955994, 114.683357239, 115.18258667, 115.670204163, 116.157821655, 116.633827209, 117.109840393, 117.585845947, 118.07346344, 118.561088562, 119.048706055, 119.5131073, 120.000724792, 120.476730347, 120.964347839, 121.440361023, 121.904762268, 122.392379761, 122.879997253, 123.356010437, 123.832015991, 124.319633484, 124.795646667, 125.271652222, 125.759269714, 126.235282898, 126.711288452, 127.187301636, 127.66330719, 128.150924683, 128.638549805, 129.114562988, 129.590560913, 130.066574097, 130.54258728, 131.030197144, 131.517822266, 131.993835449, 132.469833374, 132.945846558, 133.43347168, 133.909469604, 134.397094727, 134.884719849, 135.360717773, 135.836730957, 136.312744141, 136.800354004, 137.276367188, 137.76399231, 138.239990234, 138.716003418, 139.192016602, 139.668029785, 140.155639648, 140.643264771, 141.119277954, 141.595275879, 142.071289062, 142.558914185, 143.034912109, 143.522537231, 143.998550415, 144.47454834, 144.950561523, 145.438186646, 145.914199829, 146.401809692, 146.877822876, 147.35383606, 147.841445923, 148.329071045, 148.816680908, 149.315917969, 149.826751709, 150.360809326, 150.883255005, 151.417327881, 151.951385498, 152.473831177, 152.996276855, 153.507110596, 154.006347656, 154.517181396, 155.016418457, 155.50402832, 155.991653442, 156.479278564, 156.955276489, 157.431289673, 157.918914795, 158.39491272, 158.870925903, 159.358551025, 159.83454895, 160.310562134, 160.798187256, 161.274185181, 161.750198364, 162.237823486, 162.72543335, 163.201446533, 163.677459717, 164.1534729, 164.629470825, 165.117095947, 165.604721069, 166.080718994, 166.556732178, 167.0443573, 167.520355225, 167.996368408, 168.48399353, 168.959991455, 169.436004639, 169.912017822, 170.388031006, 170.875640869, 171.363265991, 171.839263916, 172.3152771, 172.802902222, 173.290512085, 173.766525269, 174.242538452, 174.718551636, 175.194549561, 175.670562744, 176.146575928, 176.634185791, 177.121810913, 177.597824097, 178.073822021, 178.561447144, 179.037460327, 179.513473511, 180.001083374, 180.488708496, 180.964706421, 181.440719604, 181.916732788, 182.392745972, 182.880355835, 183.356369019, 183.832382202, 184.319992065, 184.796005249, 185.272018433, 185.759628296, 186.235641479, 186.711654663, 187.199264526, 187.67527771, 188.151290894, 188.638900757, 189.11491394, 189.590927124, 190.078552246, 190.554550171, 191.030563354, 191.518188477, 192.00579834, 192.481811523, 192.957824707, 193.433822632, 193.909835815, 194.397460938, 194.873458862, 195.349472046, 195.837097168, 196.324707031, 196.800720215, 197.276733398, 197.764343262, 198.240356445, 198.716369629, 199.192382812, 199.668380737, 200.156005859, 200.632019043, 201.108016968, 201.59564209, 202.071655273, 202.547653198, 203.03527832, 203.511291504, 203.987304688, 204.463302612, 204.939315796, 205.426940918, 205.914550781, 206.402175903, 206.878189087, 207.354187012, 207.841812134, 208.329421997, 208.805435181, 209.281448364, 209.757461548, 210.233459473, 210.721084595, 211.208709717, 211.69631958, 212.183944702, 212.62512207, 213.066299438, 213.507476807, 213.960266113, 214.378234863, 214.784576416, 215.190933228, 215.620498657, 216.061676025, 216.502853394, 216.944030762, 217.338775635, 217.733505249, 218.128250122, 218.522994995, 218.917724609, 219.312469482, 219.718811035, 220.125167847, 220.531509399, 220.926254272, 221.332611084, 221.738952637, 222.145309448, 222.551651001, 222.958007812, 223.352737427, 223.759094238, 224.165435791, 224.583404541, 224.989746094, 225.407699585, 225.825668335, 226.243621826, 226.661590576, 227.079544067],
    "bpm_histogram": [0, 0, 0, 0, 0, 0, 0, 0, 0, 0, 0, 0, 0, 0, 0, 0, 0, 0, 0, 0, 0, 0, 0, 0, 0, 0, 0, 0, 0, 0, 0, 0, 0, 0, 0, 0, 0, 0, 0, 0, 0, 0, 0, 0, 0, 0, 0, 0, 0, 0, 0, 0, 0, 0, 0, 0, 0, 0, 0, 0, 0, 0, 0, 0, 0, 0, 0, 0, 0, 0, 0, 0, 0, 0, 0, 0, 0, 0, 0, 0, 0, 0, 0, 0, 0, 0, 0, 0, 0, 0, 0, 0, 0, 0, 0, 0, 0, 0, 0, 0, 0, 0.0105708241463, 0, 0.0105708241463, 0, 0, 0, 0, 0.00634249486029, 0, 0, 0, 0.00634249486029, 0, 0, 0.00634249486029, 0, 0.00634249486029, 0, 0, 0.0232558138669, 0, 0, 0.31501057744, 0, 0, 0.528541207314, 0, 0, 0.0105708241463, 0, 0, 0, 0.00211416487582, 0, 0, 0.0126849897206, 0, 0, 0, 0.00211416487582, 0, 0, 0, 0.0147991543636, 0, 0, 0, 0.0274841431528, 0, 0, 0, 0.0169133190066, 0, 0, 0, 0, 0, 0, 0, 0, 0, 0, 0, 0, 0, 0, 0, 0, 0, 0, 0, 0, 0, 0, 0, 0, 0, 0, 0, 0, 0, 0, 0, 0, 0, 0, 0, 0, 0, 0, 0, 0, 0, 0, 0, 0, 0, 0, 0, 0, 0, 0, 0, 0, 0, 0, 0, 0, 0, 0, 0, 0, 0, 0, 0, 0, 0, 0, 0, 0, 0, 0, 0, 0, 0, 0, 0, 0, 0, 0, 0, 0, 0, 0, 0, 0, 0, 0, 0, 0, 0, 0, 0, 0, 0, 0, 0, 0, 0]
},
"tonal": {
    "chords_changes_rate": 0.0430085621774,
    "chords_number_rate": 0.00244598439895,
    "chords_strength": {
        "mean": 0.521424233913
    },
    "hpcp_crest": {
        "mean": 13.6478910446
    },
    "hpcp_entropy": {
        "mean": 1.96985697746
    },
    "key_edma": {
        "strength": 0.700108587742,
        "key": "D",
        "scale": "major"
    },
    "key_krumhansl": {
        "strength": 0.699630618095,
        "key": "D",
        "scale": "major"
    },
    "key_temperley": {
        "strength": 0.694647431374,
        "key": "D",
        "scale": "major"
    },
    "tuning_diatonic_strength": 0.555186867714,
    "tuning_equal_tempered_deviation": 0.198565721512,
    "tuning_frequency": 434.193115234,
    "tuning_nontempered_energy_ratio": 0.962743222713,
    "hpcp": {
        "mean": [0.260009229183, 0.289347559214, 0.103228084743, 0.0526121258736, 0.0468514785171, 0.0498048737645, 0.154451981187, 0.1770696491, 0.0848406329751, 0.0579075217247, 0.0469810850918, 0.0566610172391, 0.128614485264, 0.153914526105, 0.103629410267, 0.207761988044, 0.249294400215, 0.104311659932, 0.0414937362075, 0.0403940007091, 0.0667548552155, 0.239566072822, 0.292518675327, 0.153695821762, 0.101114474237, 0.0731366351247, 0.0806648358703, 0.340715289116, 0.40139734745, 0.170444518328, 0.190185472369, 0.179079160094, 0.06685090065, 0.0626901462674, 0.0665630549192, 0.076330780983]
    },
    "chords_histogram": [33.856502533, 6.27802705765, 8.74439430237, 1.81410515308, 2.01793718338, 0, 1.977170825, 0.611496150494, 0.958010613918, 0.428047299385, 2.58866691589, 0, 0, 0, 0, 1.16184258461, 0, 0.366897672415, 0.0611496120691, 1.65103960037, 0, 21.54504776, 7.52140235901, 8.41826343536],
    "thpcp": [1, 0.424627900124, 0.47380849719, 0.446139365435, 0.166545450687, 0.156179770827, 0.165828332305, 0.19016264379, 0.647760212421, 0.7208507061, 0.257171809673, 0.131072431803, 0.116720944643, 0.124078728259, 0.384785741568, 0.441133081913, 0.211363211274, 0.144264832139, 0.117043837905, 0.141159415245, 0.320416867733, 0.383446782827, 0.258171647787, 0.517596840858, 0.621066391468, 0.259871333838, 0.103373222053, 0.100633449852, 0.166306167841, 0.596830248833, 0.728750884533, 0.382901936769, 0.251906186342, 0.182205080986, 0.200960054994, 0.848822951317],
    "chords_key": "D",
    "chords_scale": "major"
}
}