{
"metadata": {
    "version": {
        "essentia": "2.1-beta6-dev",
        "essentia_git_sha": "v2.1_beta5-1177-g1d1cc983",
        "extractor": "music 2.0"
    },
    "audio_properties": {
        "analysis": {
            "equal_loudness": 0,
            "length": 212.133331299,
            "sample_rate": 44100,
            "start_time": 0,
            "downmix": "mix"
        },
        "bit_rate": 1411200,
        "length": 212.133331299,
        "lossless": 1,
        "number_channels": 2,
        "replay_gain": -15.9965419769,
        "sample_rate": 44100,
        "codec": "pcm_s16le",
        "md5_encoded": "8d7bc8ca82ae13320feea532b5951b37"
    },
    "tags": {
        "file_name": "All Get Out - All Get Out - 03 Water And God.wav"
    }
},
"lowlevel": {
    "average_loudness": 0.872460246086,
    "barkbands_crest": {
        "mean": 9.66642951965
    },
    "barkbands_flatness_db": {
        "mean": 0.122359611094
    },
    "barkbands_kurtosis": {
        "mean": 4.50444459915
    },
    "barkbands_skewness": {
        "mean": 1.37426507473
    },
    "barkbands_spread": {
        "mean": 26.6035671234
    },
    "dissonance": {
        "mean": 0.465066760778
    },
    "dynamic_complexity": 4.45130634308,
    "erbbands_crest": {
        "mean": 8.81645584106
    },
    "erbbands_flatness_db": {
        "mean": 0.153820544481
    },
    "erbbands_kurtosis": {
        "mean": 0.94289624691
    },
    "erbbands_skewness": {
        "mean": 0.289056181908
    },
    "erbbands_spread": {
        "mean": 38.8518638611
    },
    "hfc": {
        "mean": 25.5233211517
    },
    "loudness_ebu128": {
        "integrated": -6.29206514359,
        "loudness_range": 7.83178472519,
        "momentary": {
            "mean": -8.5809879303
        },
        "short_term": {
            "mean": -7.8295507431
        }
    },
    "melbands_crest": {
        "mean": 14.6047496796
    },
    "melbands_flatness_db": {
        "mean": 0.180937096477
    },
    "melbands_kurtosis": {
        "mean": 13.1709012985
    },
    "melbands_skewness": {
        "mean": 2.45107460022
    },
    "melbands_spread": {
        "mean": 29.9328956604
    },
    "pitch_salience": {
        "mean": 0.552960455418
    },
    "silence_rate_20dB": {
        "mean": 1
    },
    "silence_rate_30dB": {
        "mean": 1
    },
    "silence_rate_60dB": {
        "mean": 0.145124226809
    },
    "spectral_centroid": {
        "mean": 1573.69763184
    },
    "spectral_complexity": {
        "mean": 24.1466560364
    },
    "spectral_decrease": {
        "mean": -6.62761756587e-09
    },
    "spectral_energy": {
        "mean": 0.0273292195052
    },
    "spectral_energyband_high": {
        "mean": 0.00115336454473
    },
    "spectral_energyband_low": {
        "mean": 0.00911713484675
    },
    "spectral_energyband_middle_high": {
        "mean": 0.0071681831032
    },
    "spectral_energyband_middle_low": {
        "mean": 0.0117570608854
    },
    "spectral_entropy": {
        "mean": 7.65147972107
    },
    "spectral_flux": {
        "mean": 0.082131318748
    },
    "spectral_kurtosis": {
        "mean": 5.17708349228
    },
    "spectral_rms": {
        "mean": 0.00467739440501
    },
    "spectral_rolloff": {
        "mean": 1859.93518066
    },
    "spectral_skewness": {
        "mean": 1.54552590847
    },
    "spectral_spread": {
        "mean": 4759083.5
    },
    "spectral_strongpeak": {
        "mean": 1.03228700161
    },
    "zerocrossingrate": {
        "mean": 0.0718893557787
    },
    "barkbands": {
        "mean": [0.00123060529586, 0.00408081524074, 0.00212120241486, 0.00360752409324, 0.00190786924213, 0.00139937165659, 0.00100682338234, 0.000966718187556, 0.00247502350248, 0.00147024472244, 0.000467000645585, 0.00071597850183, 0.000787404191215, 0.000503607618157, 0.00093447038671, 0.0007334050606, 0.000554043566808, 0.000462767784484, 0.000495579733979, 0.000475708802696, 0.000226055417443, 0.000197808767552, 0.000191736908164, 0.000163175427588, 0.000104366357846, 4.12104527641e-05, 8.44491569296e-06]
    },
    "erbbands": {
        "mean": [0.165791228414, 0.732744753361, 2.21990013123, 8.11208248138, 8.5730047226, 6.05952882767, 9.64746856689, 11.5790691376, 12.6357183456, 15.4518547058, 30.2078399658, 56.893535614, 46.19140625, 41.7990341187, 21.8747177124, 32.8212394714, 37.545917511, 31.1089725494, 30.8831748962, 60.4392356873, 35.2061004639, 27.646194458, 25.6412277222, 23.7256526947, 27.4760684967, 22.9730758667, 11.4375867844, 8.56624603271, 7.15990209579, 5.58419942856, 5.70146179199, 4.13882446289, 2.27792000771, 1.44247889519, 0.588135302067, 0.228699356318, 0.0646436065435, 0.0126106794924, 0.0014306337107, 0.000103400110675]
    },
    "gfcc": {
        "mean": [-8.62677288055, 73.1622161865, -120.355232239, 28.0569572449, -57.399181366, 9.36297702789, -38.2260742188, 8.25423717499, -29.369436264, -6.09290647507, -22.0528507233, -5.95968389511, -11.5865831375],
        "cov": [[20317.7128906, -1739.46325684, -1135.39550781, 1190.26843262, 37.5230255127, 1834.44226074, 387.1121521, 1208.62341309, 636.158203125, 802.667663574, 107.156082153, 70.7271499634, -409.120849609], [-1739.46325684, 1510.20043945, -147.703674316, -114.942153931, 242.134994507, -230.835571289, 154.449813843, -75.0141983032, 79.7793197632, -83.4001693726, 62.979434967, -41.0125808716, 110.122779846], [-1135.39550781, -147.703674316, 1237.0723877, 53.2670974731, 129.138031006, -59.9897460938, -41.0692520142, -76.2856445312, -36.8060951233, -11.3502779007, -78.8326187134, 102.967353821, 10.5133361816], [1190.26843262, -114.942153931, 53.2670974731, 611.104125977, 137.271011353, 192.439987183, 74.8286056519, 71.3058700562, 197.854110718, 125.679771423, 17.6862239838, 58.4961204529, -6.817091465], [37.5230255127, 242.134994507, 129.138031006, 137.271011353, 333.538604736, 93.2511520386, 131.502868652, 70.457359314, 100.402374268, 63.00756073, 26.13007164, 34.4452972412, 19.4490871429], [1834.44226074, -230.835571289, -59.9897460938, 192.439987183, 93.2511520386, 489.491668701, 179.924194336, 202.176803589, 147.98274231, 139.626052856, 53.0702018738, 21.2907085419, -47.558380127], [387.1121521, 154.449813843, -41.0692520142, 74.8286056519, 131.502868652, 179.924194336, 253.202575684, 97.1822891235, 113.785499573, 55.9580879211, 28.7308654785, 25.3732967377, -4.91886425018], [1208.62341309, -75.0141983032, -76.2856445312, 71.3058700562, 70.457359314, 202.176803589, 97.1822891235, 243.387939453, 106.540290833, 90.4409713745, 53.6894073486, 3.95524477959, -2.07299089432], [636.158203125, 79.7793197632, -36.8060951233, 197.854110718, 100.402374268, 147.98274231, 113.785499573, 106.540290833, 235.808746338, 130.030792236, 41.8818664551, 38.2336463928, -10.1351833344], [802.667663574, -83.4001693726, -11.3502779007, 125.679771423, 63.00756073, 139.626052856, 55.9580879211, 90.4409713745, 130.030792236, 148.597137451, 55.4419517517, 36.606048584, -18.3251647949], [107.156082153, 62.979434967, -78.8326187134, 17.6862239838, 26.13007164, 53.0702018738, 28.7308654785, 53.6894073486, 41.8818664551, 55.4419517517, 117.034561157, 40.3437347412, 15.6253013611], [70.7271499634, -41.0125808716, 102.967353821, 58.4961204529, 34.4452972412, 21.2907085419, 25.3732967377, 3.95524477959, 38.2336463928, 36.606048584, 40.3437347412, 106.64289093, 27.9134140015], [-409.120849609, 110.122779846, 10.5133361816, -6.817091465, 19.4490871429, -47.558380127, -4.91886425018, -2.07299089432, -10.1351833344, -18.3251647949, 15.6253013611, 27.9134140015, 99.0810165405]],
        "icov": [[0.000127824809169, -6.97174837114e-05, 0.000134988411446, -0.00016690006305, 0.000129521387862, -0.000272557022981, 0.000182940028026, -0.000537684187293, 0.000370394234778, -0.000480224640341, 0.000523044029251, -0.000434539135313, 0.000410075474065], [-6.97174837114e-05, 0.00157557567582, -1.39038002089e-05, 0.000468438898679, -0.00115601334255, 0.000992063316517, -0.00109451764729, 0.00118559855036, -0.00195947661996, 0.00192360195797, -0.00203595217317, 0.00198296015151, -0.00141399400309], [0.000134988411446, -1.39038002089e-05, 0.00124874606263, -0.000125856531668, -0.000527522584889, -0.000266289425781, 0.000540395325515, -0.000494090199936, 0.000694395566825, -0.000649796100333, 0.00172708847094, -0.00196955446154, 0.000657255877741], [-0.00016690006305, 0.000468438898679, -0.000125856531668, 0.00291513861157, -0.00109161715955, -0.000325439992594, 0.000404883554438, 0.00150742684491, -0.00286286883056, 0.000837257597595, -0.000332123076078, 0.000213402105146, -0.00103190529626], [0.000129521387862, -0.00115601334255, -0.000527522584889, -0.00109161715955, 0.00546951871365, -0.000372863956727, -0.00138653384056, -0.00154360034503, 0.00142503227107, -0.00242839171551, 0.0012424539309, -0.000929577567149, 0.000209363293834], [-0.000272557022981, 0.000992063316517, -0.000266289425781, -0.000325439992594, -0.000372863956727, 0.00565142603591, -0.00327337579802, -0.000822987116408, -0.000552612473257, -0.000359783036401, -0.00199316442013, 0.00186180300079, 5.06788310304e-05], [0.000182940028026, -0.00109451764729, 0.000540395325515, 0.000404883554438, -0.00138653384056, -0.00327337579802, 0.00851565785706, -0.00160984753165, -0.00146208982915, 0.00102445378434, 0.00208721426316, -0.00319862645119, 0.00164432288148], [-0.000537684187293, 0.00118559855036, -0.000494090199936, 0.00150742684491, -0.00154360034503, -0.000822987116408, -0.00160984753165, 0.0104694468901, -0.00403542164713, 0.00153188221157, -0.00483467010781, 0.00494188349694, -0.00409393943846], [0.000370394234778, -0.00195947661996, 0.000694395566825, -0.00286286883056, 0.00142503227107, -0.000552612473257, -0.00146208982915, -0.00403542164713, 0.0146664502099, -0.0110370032489, 0.00473593967035, -0.00387767446227, 0.0025391234085], [-0.000480224640341, 0.00192360195797, -0.000649796100333, 0.000837257597595, -0.00242839171551, -0.000359783036401, 0.00102445378434, 0.00153188221157, -0.0110370032489, 0.0222640708089, -0.008470851928, 0.00120221474208, 0.000378511787858], [0.000523044029251, -0.00203595217317, 0.00172708847094, -0.000332123076078, 0.0012424539309, -0.00199316442013, 0.00208721426316, -0.00483467010781, 0.00473593967035, -0.008470851928, 0.0178810916841, -0.0089169209823, 0.00162830087356], [-0.000434539135313, 0.00198296015151, -0.00196955446154, 0.000213402105146, -0.000929577567149, 0.00186180300079, -0.00319862645119, 0.00494188349694, -0.00387767446227, 0.00120221474208, -0.0089169209823, 0.0188586916775, -0.00683484273031], [0.000410075474065, -0.00141399400309, 0.000657255877741, -0.00103190529626, 0.000209363293834, 5.06788310304e-05, 0.00164432288148, -0.00409393943846, 0.0025391234085, 0.000378511787858, 0.00162830087356, -0.00683484273031, 0.015194539912]]
    },
    "melbands": {
        "mean": [0.00134315388277, 0.00115079444367, 0.00142573309131, 0.000475604232633, 0.000327035406372, 0.000255959108472, 0.00019827063079, 0.000163998120115, 0.000282712688204, 0.000351056223735, 0.000227234922932, 0.000176448607817, 7.22151598893e-05, 7.79230176704e-05, 8.69248106028e-05, 7.28630984668e-05, 5.46613628103e-05, 4.29383435403e-05, 6.51883747196e-05, 7.65435033827e-05, 3.48944704456e-05, 2.87836119242e-05, 2.47481802944e-05, 2.52508252743e-05, 1.76270041266e-05, 2.04916195798e-05, 1.86102497537e-05, 1.45306312334e-05, 7.57754196457e-06, 4.95093627251e-06, 5.01300110045e-06, 4.11530891142e-06, 3.55444194611e-06, 2.83566032522e-06, 3.37882966051e-06, 3.20252570418e-06, 2.24898462875e-06, 1.59169815106e-06, 1.47731998368e-06, 1.11453550744e-06]
    },
    "melbands128": {
        "mean": [0.000998392002657, 0.00158688530792, 0.00132066558581, 0.00119438651018, 0.00103396840859, 0.00109843874816, 0.001715454855, 0.00173846981488, 0.000749993720092, 0.000348412431777, 0.000320142513374, 0.000304166402202, 0.000331345596351, 0.000352282688254, 0.000293272634735, 0.000188265214092, 0.000147432714584, 0.000245391012868, 0.000178911621333, 0.000198328561964, 9.50398971327e-05, 0.000228858567425, 0.000255686929449, 0.000379152828828, 0.000481846102048, 0.000236899402807, 0.000350649352185, 0.000190152510186, 0.000144686971908, 0.000287139089778, 0.000131472901558, 7.39902097848e-05, 9.44042112678e-05, 3.9364607801e-05, 6.61532758386e-05, 9.48007436818e-05, 9.9329801742e-05, 5.44160575373e-05, 0.00012085421622, 8.33751619211e-05, 4.14882924815e-05, 9.1794267064e-05, 5.66894195799e-05, 3.86333122151e-05, 2.84838533844e-05, 4.60621158709e-05, 6.22130537522e-05, 3.43970204995e-05, 7.98477922217e-05, 0.000119214571896, 7.6054224337e-05, 3.13196542265e-05, 4.28388557339e-05, 2.92039039778e-05, 3.674627078e-05, 2.47811476584e-05, 2.24970099225e-05, 3.90417189919e-05, 1.82039784704e-05, 1.43913266584e-05, 3.32688396156e-05, 2.66882379947e-05, 1.4026619283e-05, 1.76374433067e-05, 1.80494025699e-05, 2.19705361815e-05, 1.94263320736e-05, 2.20620913751e-05, 1.65173369169e-05, 1.74751530722e-05, 1.75065051735e-05, 1.08345593617e-05, 9.13882195164e-06, 6.80747507431e-06, 6.35534343019e-06, 4.80264588987e-06, 4.12127064919e-06, 5.38557969776e-06, 5.05840080223e-06, 4.90420825372e-06, 4.36667824033e-06, 3.51626340489e-06, 4.13396946897e-06, 3.58960642188e-06, 3.03107094624e-06, 3.19962987305e-06, 2.37354834098e-06, 2.72394163403e-06, 4.54910832559e-06, 2.35078164224e-06, 3.54773669642e-06, 3.78462459594e-06, 2.35434254137e-06, 2.31236413128e-06, 1.95601251107e-06, 1.88080332464e-06, 1.37689460189e-06, 1.39525275245e-06, 1.52125483055e-06, 1.56819987751e-06, 1.30691114464e-06, 1.04382945665e-06, 8.53032020132e-07, 7.19353124623e-07, 7.29746375328e-07, 5.36367565473e-07, 3.99886516789e-07, 4.51947840929e-07, 4.66329225901e-07, 2.91453716272e-07, 2.57931560554e-07, 2.32364826047e-07, 2.05027930633e-07, 1.55111095523e-07, 1.30551384814e-07, 1.09372365387e-07, 8.11235096876e-08, 7.70305703668e-08, 6.04470713483e-08, 4.15769534357e-08, 3.20264312847e-08, 2.68599631426e-08, 2.20943157103e-08, 1.68686362656e-08, 1.0598009581e-08, 7.04075464597e-09, 4.50460202472e-09, 2.36048380842e-09]
    },
    "mfcc": {
        "mean": [-648.243286133, 104.477249146, -5.55937337875, 19.05534935, 2.60804843903, -1.10657179356, 0.641021668911, 4.18572378159, -1.730884552, 2.51322960854, -9.5896320343, -6.78390169144, -4.65062236786],
        "cov": [[17516.8925781, -1299.22875977, -1003.95574951, 18.2035121918, 173.817001343, 924.563171387, 436.703979492, 850.448181152, 550.329162598, 1175.87719727, 823.68548584, 732.819213867, 441.205596924], [-1299.22875977, 1360.52954102, -105.927101135, -13.1794433594, 20.8127326965, -146.828308105, 42.4607124329, -21.3709526062, 21.8748455048, -68.8977661133, -71.8221588135, -56.522983551, 23.6144294739], [-1003.95574951, -105.927101135, 821.263000488, 121.945602417, 87.8468933105, 68.6045837402, -50.5324707031, -14.8144874573, 16.7205429077, -116.15625, -13.1207485199, -43.6659469604, -38.1729164124], [18.2035121918, -13.1794433594, 121.945602417, 411.992126465, 115.05418396, 118.286994934, -68.8518066406, 29.0613231659, 62.3758773804, 1.70534706116, 16.39793396, 52.1011505127, 40.677482605], [173.817001343, 20.8127326965, 87.8468933105, 115.05418396, 214.235214233, 64.0492172241, 34.8798141479, 31.9302959442, 47.1002311707, 45.5422439575, 25.8520584106, 35.6022949219, 41.3773994446], [924.563171387, -146.828308105, 68.6045837402, 118.286994934, 64.0492172241, 352.707305908, 42.0278930664, 135.916030884, 111.001548767, 129.283737183, 124.952865601, 107.149246216, 62.3941421509], [436.703979492, 42.4607124329, -50.5324707031, -68.8518066406, 34.8798141479, 42.0278930664, 199.676452637, 91.6543273926, 44.9429969788, 53.1934089661, 42.8856544495, 21.9784069061, 26.7966842651], [850.448181152, -21.3709526062, -14.8144874573, 29.0613231659, 31.9302959442, 135.916030884, 91.6543273926, 187.624282837, 103.168785095, 114.519737244, 89.1137084961, 86.0737762451, 62.1365356445], [550.329162598, 21.8748455048, 16.7205429077, 62.3758773804, 47.1002311707, 111.001548767, 44.9429969788, 103.168785095, 173.415481567, 105.560340881, 72.8330764771, 53.4722175598, 49.6028785706], [1175.87719727, -68.8977661133, -116.15625, 1.70534706116, 45.5422439575, 129.283737183, 53.1934089661, 114.519737244, 105.560340881, 238.841781616, 130.595214844, 104.819107056, 64.4097900391], [823.68548584, -71.8221588135, -13.1207485199, 16.39793396, 25.8520584106, 124.952865601, 42.8856544495, 89.1137084961, 72.8330764771, 130.595214844, 153.855117798, 101.627212524, 52.1441497803], [732.819213867, -56.522983551, -43.6659469604, 52.1011505127, 35.6022949219, 107.149246216, 21.9784069061, 86.0737762451, 53.4722175598, 104.819107056, 101.627212524, 146.124481201, 81.8591766357], [441.205596924, 23.6144294739, -38.1729164124, 40.677482605, 41.3773994446, 62.3941421509, 26.7966842651, 62.1365356445, 49.6028785706, 64.4097900391, 52.1441497803, 81.8591766357, 114.178504944]],
        "icov": [[0.000104739170638, 8.20626955829e-05, 9.89050167846e-05, 7.34014065529e-06, -1.75345157913e-05, -3.45434709743e-05, -2.54829701589e-05, -0.000186223318451, 9.71492772806e-06, -0.000223940282012, -0.000138043047627, -4.87494689878e-05, -3.85947969335e-05], [8.20626955829e-05, 0.000905996537767, 0.000217352819163, -3.60897938663e-05, -0.000155455767526, 0.000346125947544, -0.000191461745999, -0.000186340272194, -0.000425781414378, 0.000154548877617, -4.15507711296e-05, 0.000292305863695, -0.000498225504998], [9.89050167846e-05, 0.000217352819163, 0.00177992577665, -9.36803735385e-06, -0.00094983848976, -0.000413390458561, 0.000552354729734, -0.000584098044783, -0.000500512775034, 0.00147761160042, -0.00116244878154, 0.000630843802355, 0.000392124813516], [7.34014065529e-06, -3.60897938663e-05, -9.36803735385e-06, 0.00395518448204, -0.00196750508621, -0.00103187083732, 0.0020403561648, -0.000456757290522, -0.00120006245561, 0.00135246210266, 0.000611621711869, -0.00119268998969, -5.23431626789e-05], [-1.75345157913e-05, -0.000155455767526, -0.00094983848976, -0.00196750508621, 0.00694094412029, -9.42025872064e-05, -0.00225535174832, 0.0016303564189, -8.23557056719e-05, -0.00206498173065, 0.00125728745479, -0.000336944824085, -0.00147046009079], [-3.45434709743e-05, 0.000346125947544, -0.000413390458561, -0.00103187083732, -9.42025872064e-05, 0.00539707159624, -2.13396160689e-05, -0.00184267386794, -0.00068267819006, -0.000404646620154, -0.00192929734476, -0.000492781109642, 0.000143183075124], [-2.54829701589e-05, -0.000191461745999, 0.000552354729734, 0.0020403561648, -0.00225535174832, -2.13396160689e-05, 0.00830500479788, -0.00457627046853, -7.99794797786e-05, 0.00125766708516, -0.00157036678866, 0.00193391286302, -0.000377916643629], [-0.000186223318451, -0.000186340272194, -0.000584098044783, -0.000456757290522, 0.0016303564189, -0.00184267386794, -0.00457627046853, 0.0137737318873, -0.00362569256686, -0.00152437447105, 0.000975113187451, -0.00340193300508, -0.000851320219226], [9.71492772806e-06, -0.000425781414378, -0.000500512775034, -0.00120006245561, -8.23557056719e-05, -0.00068267819006, -7.99794797786e-05, -0.00362569256686, 0.0110148210078, -0.00324272736907, -0.00123990129214, 0.00286454474553, -0.0017378696939], [-0.000223940282012, 0.000154548877617, 0.00147761160042, 0.00135246210266, -0.00206498173065, -0.000404646620154, 0.00125766708516, -0.00152437447105, -0.00324272736907, 0.0119613120332, -0.00557717774063, -0.00102969177533, 0.000295880658086], [-0.000138043047627, -4.15507711296e-05, -0.00116244878154, 0.000611621711869, 0.00125728745479, -0.00192929734476, -0.00157036678866, 0.000975113187451, -0.00123990129214, -0.00557717774063, 0.0187440998852, -0.00865363888443, 0.00170075276401], [-4.87494689878e-05, 0.000292305863695, 0.000630843802355, -0.00119268998969, -0.000336944824085, -0.000492781109642, 0.00193391286302, -0.00340193300508, 0.00286454474553, -0.00102969177533, -0.00865363888443, 0.0207362640649, -0.00902561470866], [-3.85947969335e-05, -0.000498225504998, 0.000392124813516, -5.23431626789e-05, -0.00147046009079, 0.000143183075124, -0.000377916643629, -0.000851320219226, -0.0017378696939, 0.000295880658086, 0.00170075276401, -0.00902561470866, 0.0164489559829]]
    },
    "spectral_contrast_coeffs": {
        "mean": [-0.675791621208, -0.746057450771, -0.761671364307, -0.784786581993, -0.795536696911, -0.772169709206]
    },
    "spectral_contrast_valleys": {
        "mean": [-7.20283937454, -7.09975385666, -7.47652482986, -7.66024494171, -7.47223949432, -10.1649274826]
    }
},
"rhythm": {
    "beats_count": 458,
    "beats_loudness": {
        "mean": 0.0433040224016
    },
    "bpm": 129.961776733,
    "bpm_histogram_first_peak_bpm": 129,
    "bpm_histogram_first_peak_weight": 0.274376392365,
    "bpm_histogram_second_peak_bpm": 120,
    "bpm_histogram_second_peak_spread": 0.222222208977,
    "bpm_histogram_second_peak_weight": 0.0153172863647,
    "danceability": 1.04860365391,
    "onset_rate": 2.84234046936,
    "beats_loudness_band_ratio": {
        "mean": [0.491496294737, 0.124058559537, 0.153801485896, 0.103042431176, 0.0888918489218, 0.0627774968743]
    },
    "beats_position": [0.406349211931, 0.824308395386, 1.25387752056, 1.69505667686, 2.14784574509, 2.60063481331, 3.06503391266, 3.52943301201, 3.99383211136, 4.45823097229, 4.92263031006, 5.38702917099, 5.83981847763, 6.29260778427, 6.7570066452, 7.22140598297, 7.6858048439, 8.15020370483, 8.6146030426, 9.07900238037, 9.53179073334, 9.98458003998, 10.4489793777, 10.9133787155, 11.3777770996, 11.8421764374, 12.3065757751, 12.7709751129, 13.2237634659, 13.6765527725, 14.1409521103, 14.6053514481, 15.0697498322, 15.5341491699, 15.9985485077, 16.4513378143, 16.9157371521, 17.3685264587, 17.8329238892, 18.2973232269, 18.7617225647, 19.2261219025, 19.6905212402, 20.154920578, 20.6193199158, 21.0721092224, 21.5365066528, 21.9892959595, 22.4536952972, 22.918094635, 23.3824939728, 23.8468933105, 24.3112926483, 24.764081955, 25.2168693542, 25.681268692, 26.1456680298, 26.6100673676, 27.0744667053, 27.527256012, 27.9800453186, 28.4444446564, 28.9088420868, 29.3732414246, 29.8376407623, 30.3020401001, 30.7664394379, 31.2308387756, 31.6720180511, 32.1364173889, 32.6008148193, 33.0652160645, 33.5296134949, 33.99401474, 34.4584121704, 34.9228096008, 35.3755989075, 35.8283882141, 36.2927894592, 36.7571868896, 37.2215881348, 37.6859855652, 38.1503829956, 38.6031723022, 39.0559616089, 39.520362854, 39.9847602844, 40.4491615295, 40.91355896, 41.3779602051, 41.8423576355, 42.3067550659, 42.7595443726, 43.2123336792, 43.6767349243, 44.1411323547, 44.6055335999, 45.0699310303, 45.5343284607, 45.9987297058, 46.4515190125, 46.9043083191, 47.3687057495, 47.8331069946, 48.297504425, 48.7619056702, 49.2263031006, 49.690700531, 50.1551017761, 50.6078910828, 51.0606803894, 51.5250778198, 51.9894790649, 52.4538764954, 52.9182739258, 53.3826751709, 53.8354644775, 54.299861908, 54.7526512146, 55.2170524597, 55.6814498901, 56.1458511353, 56.6102485657, 57.0746459961, 57.5390472412, 57.9918365479, 58.4446258545, 58.9090232849, 59.37342453, 59.8378219604, 60.3022193909, 60.766620636, 61.2310180664, 61.6954193115, 62.1482086182, 62.6009979248, 63.0653953552, 63.5297966003, 63.9941940308, 64.4585952759, 64.9229888916, 65.3873901367, 65.8517913818, 66.316192627, 66.7805862427, 67.2333755493, 67.686164856, 68.1389541626, 68.6033554077, 69.0677566528, 69.5321502686, 70.0081634521, 70.4725646973, 70.9253463745, 71.3781356812, 71.8425369263, 72.3185501099, 72.7829437256, 73.2473449707, 73.7001342773, 74.1645355225, 74.6173248291, 75.0817184448, 75.5345077515, 75.9989089966, 76.4516983032, 76.9044876099, 77.345664978, 77.8332901001, 78.2976837158, 78.7620849609, 79.2264862061, 79.6908798218, 80.1552810669, 80.6080703735, 81.0608596802, 81.5136489868, 81.9896621704, 82.4540557861, 82.9184570312, 83.3828582764, 83.835647583, 84.3000411987, 84.7644424438, 85.2172317505, 85.6816329956, 86.1460266113, 86.6104278564, 87.0748291016, 87.5392303467, 88.0036239624, 88.456413269, 88.9092025757, 89.3736038208, 89.8380050659, 90.2907943726, 90.7435836792, 91.2079772949, 91.67237854, 92.1367797852, 92.6011810303, 93.065574646, 93.5299758911, 93.9943771362, 94.458770752, 94.9231719971, 95.3759613037, 95.8403625488, 96.2931518555, 96.7575454712, 97.2219467163, 97.6863479614, 98.1507492065, 98.6151428223, 99.0795440674, 99.532333374, 99.9851226807, 100.449523926, 100.913917542, 101.378318787, 101.842720032, 102.307121277, 102.771514893, 103.235916138, 103.688705444, 104.141494751, 104.605895996, 105.070289612, 105.534690857, 105.999092102, 106.463493347, 106.927886963, 107.38067627, 107.833465576, 108.297866821, 108.762268066, 109.226661682, 109.691062927, 110.155464172, 110.608253479, 111.061042786, 111.525436401, 111.989837646, 112.454238892, 112.918640137, 113.371429443, 113.835823059, 114.288612366, 114.753013611, 115.217414856, 115.681808472, 116.146209717, 116.610610962, 117.075012207, 117.539405823, 117.992195129, 118.444984436, 118.909385681, 119.373786926, 119.838180542, 120.302581787, 120.766983032, 121.231384277, 121.695777893, 122.160179138, 122.612968445, 123.065757751, 123.530158997, 123.994552612, 124.458953857, 124.923355103, 125.387756348, 125.840545654, 126.293327332, 126.746116638, 127.198905945, 127.674919128, 128.150924683, 128.615325928, 129.079727173, 129.532516479, 129.985305786, 130.449707031, 130.914108276, 131.378494263, 131.842895508, 132.307296753, 132.771697998, 133.224487305, 133.677276611, 134.141677856, 134.606079102, 135.070480347, 135.534866333, 135.999267578, 136.452056885, 136.904846191, 137.369247437, 137.833648682, 138.298049927, 138.762451172, 139.226852417, 139.691238403, 140.14402771, 140.596817017, 141.061218262, 141.525619507, 141.990020752, 142.454421997, 142.918823242, 143.383224487, 143.847610474, 144.312011719, 144.764801025, 145.217590332, 145.681991577, 146.146392822, 146.610794067, 147.075195312, 147.539596558, 147.992385864, 148.445159912, 148.909561157, 149.373962402, 149.838363647, 150.302764893, 150.767166138, 151.231567383, 151.684356689, 152.137145996, 152.601531982, 153.065933228, 153.530334473, 153.994735718, 154.459136963, 154.91192627, 155.376327515, 155.829116821, 156.293518066, 156.757904053, 157.222305298, 157.686706543, 158.151107788, 158.615509033, 159.06829834, 159.521087646, 159.985488892, 160.449890137, 160.914276123, 161.378677368, 161.843078613, 162.307479858, 162.771881104, 163.22467041, 163.689071655, 164.141860962, 164.606262207, 165.070648193, 165.535049438, 165.999450684, 166.463851929, 166.916641235, 167.38104248, 167.845443726, 168.309844971, 168.774230957, 169.238632202, 169.691421509, 170.144210815, 170.608612061, 171.073013306, 171.537414551, 172.001815796, 172.454605103, 172.919006348, 173.371795654, 173.836181641, 174.300582886, 174.764984131, 175.229385376, 175.693786621, 176.146575928, 176.610977173, 177.075378418, 177.539764404, 178.004165649, 178.468566895, 178.93296814, 179.397369385, 179.86177063, 180.326171875, 180.778961182, 181.231735229, 181.696136475, 182.16053772, 182.613327026, 183.066116333, 183.530517578, 183.994918823, 184.459320068, 184.923721313, 185.37651062, 185.829299927, 186.293685913, 186.758087158, 187.222488403, 187.686889648, 188.151290894, 188.627304077, 189.091690063, 189.54447937, 189.985671997, 190.450057983, 190.914459229, 191.378860474, 191.843261719, 192.307662964, 192.772064209, 193.213241577, 193.677642822, 194.142044067, 194.606430054, 195.070831299, 195.535232544, 195.999633789, 196.452423096, 196.905212402, 197.369613647, 197.834014893, 198.298416138, 198.762802124, 199.227203369, 199.691604614, 200.156005859, 200.620407104, 201.073196411, 201.525985718, 201.990386963, 202.454788208, 202.919174194, 203.383575439, 203.847976685, 204.31237793, 204.788391113, 205.264389038, 205.740402222, 206.216415405, 206.669204712, 207.121994019, 207.574783325, 208.062393188, 208.561630249, 209.060852051, 209.560089111, 210.059310913, 210.558547974, 211.057769775, 211.557006836],
    "bpm_histogram": [0, 0, 0, 0, 0, 0, 0, 0, 0, 0, 0, 0, 0, 0, 0, 0, 0, 0, 0, 0, 0, 0, 0, 0, 0, 0, 0, 0, 0, 0, 0, 0, 0, 0, 0, 0, 0, 0, 0, 0, 0, 0, 0, 0, 0, 0, 0, 0, 0, 0, 0, 0, 0, 0, 0, 0, 0, 0, 0, 0, 0, 0, 0, 0, 0, 0, 0, 0, 0, 0, 0, 0, 0, 0, 0, 0, 0, 0, 0, 0, 0, 0, 0, 0, 0, 0, 0, 0, 0, 0, 0, 0, 0, 0, 0, 0, 0, 0, 0, 0, 0, 0, 0, 0, 0, 0, 0, 0, 0, 0, 0, 0, 0, 0, 0, 0, 0, 0, 0, 0, 0.0153172863647, 0, 0, 0.00437636766583, 0, 0, 0.0218818373978, 0, 0, 0.70021879673, 0, 0, 0, 0.242888405919, 0, 0, 0.0109409186989, 0, 0, 0, 0.00218818383291, 0, 0, 0, 0.00218818383291, 0, 0, 0, 0, 0, 0, 0, 0, 0, 0, 0, 0, 0, 0, 0, 0, 0, 0, 0, 0, 0, 0, 0, 0, 0, 0, 0, 0, 0, 0, 0, 0, 0, 0, 0, 0, 0, 0, 0, 0, 0, 0, 0, 0, 0, 0, 0, 0, 0, 0, 0, 0, 0, 0, 0, 0, 0, 0, 0, 0, 0, 0, 0, 0, 0, 0, 0, 0, 0, 0, 0, 0, 0, 0, 0, 0, 0, 0, 0, 0, 0, 0, 0, 0, 0, 0, 0, 0, 0, 0, 0, 0, 0, 0, 0, 0, 0, 0, 0, 0, 0, 0, 0, 0, 0]
},
"tonal": {
    "chords_changes_rate": 0.0860144421458,
    "chords_number_rate": 0.00240752892569,
    "chords_strength": {
        "mean": 0.468893408775
    },
    "hpcp_crest": {
        "mean": 14.3113565445
    },
    "hpcp_entropy": {
        "mean": 1.97025620937
    },
    "key_edma": {
        "strength": 0.635211110115,
        "key": "D",
        "scale": "major"
    },
    "key_krumhansl": {
        "strength": 0.642124533653,
        "key": "D",
        "scale": "major"
    },
    "key_temperley": {
        "strength": 0.652967333794,
        "key": "D",
        "scale": "major"
    },
    "tuning_diatonic_strength": 0.523751020432,
    "tuning_equal_tempered_deviation": 0.196119055152,
    "tuning_frequency": 434.193115234,
    "tuning_nontempered_energy_ratio": 0.952466070652,
    "hpcp": {
        "mean": [0.156367450953, 0.180770978332, 0.0804164335132, 0.0396068356931, 0.0443144179881, 0.0635586678982, 0.158075734973, 0.173440948129, 0.0945704951882, 0.0763269141316, 0.0606159642339, 0.0544257313013, 0.0970128178596, 0.119784399867, 0.107041627169, 0.264135986567, 0.320777386427, 0.147245243192, 0.0714303031564, 0.0608661659062, 0.0930606126785, 0.294502615929, 0.345709711313, 0.208627790213, 0.155896514654, 0.0922743827105, 0.0684939473867, 0.199008062482, 0.218455225229, 0.105320066214, 0.151196047664, 0.142782762647, 0.0637524202466, 0.0596842616796, 0.0544070936739, 0.059233084321]
    },
    "chords_histogram": [21.0111618042, 1.33508431911, 15.1455459595, 2.01356959343, 6.58787488937, 0, 0.0875465124846, 0, 0.196979641914, 0, 0, 0.0875465124846, 0, 0, 0, 0.0437732562423, 0.0437732562423, 8.64521789551, 0.196979641914, 2.51696205139, 1.59772384167, 11.0308599472, 11.0527467728, 18.4066543579],
    "thpcp": [1, 0.603476822376, 0.450946301222, 0.266912907362, 0.198125615716, 0.575650751591, 0.631903648376, 0.304648846388, 0.437349736691, 0.413013458252, 0.184410274029, 0.172642707825, 0.157377973199, 0.171337634325, 0.452308535576, 0.522898197174, 0.232612594962, 0.114566743374, 0.12818390131, 0.183849826455, 0.457249909639, 0.501695334911, 0.273554652929, 0.220783248544, 0.175337746739, 0.1574318856, 0.280619293451, 0.346488386393, 0.309628635645, 0.764039814472, 0.927880764008, 0.425921618938, 0.206619307399, 0.176061481237, 0.269187152386, 0.851878345013],
    "chords_key": "D",
    "chords_scale": "major"
}
}