{
"metadata": {
    "version": {
        "essentia": "2.1-beta6-dev",
        "essentia_git_sha": "v2.1_beta5-1177-g1d1cc983",
        "extractor": "music 2.0"
    },
    "audio_properties": {
        "analysis": {
            "equal_loudness": 0,
            "length": 194.386672974,
            "sample_rate": 44100,
            "start_time": 0,
            "downmix": "mix"
        },
        "bit_rate": 1411200,
        "length": 194.386672974,
        "lossless": 1,
        "number_channels": 2,
        "replay_gain": -15.6062850952,
        "sample_rate": 44100,
        "codec": "pcm_s16le",
        "md5_encoded": "3c6ab1a375d30a8ff92818fdfeb4c931"
    },
    "tags": {
        "file_name": "All Get Out - All Get Out - 01 Coach Connor.wav"
    }
},
"lowlevel": {
    "average_loudness": 0.902304053307,
    "barkbands_crest": {
        "mean": 7.01229000092
    },
    "barkbands_flatness_db": {
        "mean": 0.0835201963782
    },
    "barkbands_kurtosis": {
        "mean": 0.6174518466
    },
    "barkbands_skewness": {
        "mean": 0.710123419762
    },
    "barkbands_spread": {
        "mean": 31.3921413422
    },
    "dissonance": {
        "mean": 0.47915160656
    },
    "dynamic_complexity": 3.62721681595,
    "erbbands_crest": {
        "mean": 6.86195755005
    },
    "erbbands_flatness_db": {
        "mean": 0.142224103212
    },
    "erbbands_kurtosis": {
        "mean": 0.0712118074298
    },
    "erbbands_skewness": {
        "mean": -0.114023037255
    },
    "erbbands_spread": {
        "mean": 34.7894020081
    },
    "hfc": {
        "mean": 27.2258892059
    },
    "loudness_ebu128": {
        "integrated": -7.03639316559,
        "loudness_range": 5.86023950577,
        "momentary": {
            "mean": -8.75855064392
        },
        "short_term": {
            "mean": -8.05161476135
        }
    },
    "melbands_crest": {
        "mean": 11.58040905
    },
    "melbands_flatness_db": {
        "mean": 0.13589823246
    },
    "melbands_kurtosis": {
        "mean": 4.67262411118
    },
    "melbands_skewness": {
        "mean": 1.74819076061
    },
    "melbands_spread": {
        "mean": 38.9178504944
    },
    "pitch_salience": {
        "mean": 0.61285084486
    },
    "silence_rate_20dB": {
        "mean": 1
    },
    "silence_rate_30dB": {
        "mean": 1
    },
    "silence_rate_60dB": {
        "mean": 0.0671205073595
    },
    "spectral_centroid": {
        "mean": 1880.4654541
    },
    "spectral_complexity": {
        "mean": 29.9882965088
    },
    "spectral_decrease": {
        "mean": -6.16447559665e-09
    },
    "spectral_energy": {
        "mean": 0.0257356259972
    },
    "spectral_energyband_high": {
        "mean": 0.00109900138341
    },
    "spectral_energyband_low": {
        "mean": 0.0076509360224
    },
    "spectral_energyband_middle_high": {
        "mean": 0.00859567523003
    },
    "spectral_energyband_middle_low": {
        "mean": 0.0100299362093
    },
    "spectral_entropy": {
        "mean": 7.8802690506
    },
    "spectral_flux": {
        "mean": 0.0820582956076
    },
    "spectral_kurtosis": {
        "mean": 4.23395776749
    },
    "spectral_rms": {
        "mean": 0.00466710422188
    },
    "spectral_rolloff": {
        "mean": 2342.1315918
    },
    "spectral_skewness": {
        "mean": 1.41248846054
    },
    "spectral_spread": {
        "mean": 4287857
    },
    "spectral_strongpeak": {
        "mean": 0.86260831356
    },
    "zerocrossingrate": {
        "mean": 0.0830268263817
    },
    "barkbands": {
        "mean": [0.000860252475832, 0.0030152099207, 0.00251745036803, 0.00260916631669, 0.00188058975618, 0.00100875040516, 0.000696777366102, 0.00108942086808, 0.0019741114229, 0.00145789445378, 0.000981933320872, 0.000741795345675, 0.000932232884225, 0.000793888757471, 0.000733604072593, 0.000896926096175, 0.000936730008107, 0.000574285571929, 0.000725707621314, 0.000360069883754, 0.000279619503999, 0.000222284754273, 0.000208649784327, 0.000121048651636, 7.43104683352e-05, 3.52681636286e-05, 7.42437214285e-06]
    },
    "erbbands": {
        "mean": [0.122948892415, 0.560236752033, 2.4265024662, 6.61180353165, 7.60689258575, 5.51605701447, 6.7365436554, 8.34052371979, 10.1372966766, 15.4718265533, 28.4642658234, 51.5774383545, 46.9986686707, 30.8780994415, 46.5287284851, 34.5378913879, 46.0116157532, 41.5417633057, 35.1657066345, 43.4634399414, 54.1991424561, 47.9095726013, 31.1295127869, 37.5395126343, 31.8448619843, 17.9923019409, 13.1519479752, 9.58513355255, 7.95942783356, 6.79181718826, 5.75034809113, 3.49860644341, 1.57272541523, 0.790522158146, 0.567097485065, 0.212472304702, 0.0505861900747, 0.0103505505249, 0.0012468068162, 9.79068281595e-05]
    },
    "gfcc": {
        "mean": [21.0751247406, 73.6570129395, -133.315109253, 32.220664978, -50.6292572021, 14.8900661469, -35.4518928528, 10.1770296097, -23.6950569153, -3.00625324249, -18.9216461182, -3.34058976173, -15.6881713867],
        "cov": [[13943.3974609, -32.8271636963, 5.83252239227, 907.88104248, -517.280151367, 488.961639404, -96.5374908447, 249.570098877, -72.1948471069, 109.071922302, -136.590133667, 79.7592391968, -91.9355926514], [-32.8271636963, 1166.71569824, -366.767913818, 68.7918624878, 209.430999756, 13.0522470474, 152.678771973, 67.7277145386, 111.276931763, -39.5435562134, 109.526611328, -45.8780212402, 75.5160446167], [5.83252239227, -366.767913818, 704.683105469, 30.5242977142, 91.9072418213, -14.9701910019, -88.4120635986, -2.22111010551, -19.7750663757, 61.3921394348, -46.2298545837, 63.4567756653, -33.2156600952], [907.88104248, 68.7918624878, 30.5242977142, 355.892608643, 2.87880253792, 101.653419495, 16.7224311829, 10.1191539764, 47.340587616, 15.8053722382, 15.0522098541, 22.0246925354, 12.5649604797], [-517.280151367, 209.430999756, 91.9072418213, 2.87880253792, 261.77911377, 12.5691585541, 39.9916229248, 20.6559200287, 24.1898975372, 5.5845489502, 21.4916820526, 10.5864295959, 14.1109008789], [488.961639404, 13.0522470474, -14.9701910019, 101.653419495, 12.5691585541, 176.642181396, 90.3331298828, 47.6203422546, 31.7679843903, 4.50942468643, 1.49286472797, 8.80439281464, 7.1883597374], [-96.5374908447, 152.678771973, -88.4120635986, 16.7224311829, 39.9916229248, 90.3331298828, 161.576385498, 63.9720878601, 45.7290840149, -8.50290489197, 16.9472446442, -16.1041717529, 12.2386827469], [249.570098877, 67.7277145386, -2.22111010551, 10.1191539764, 20.6559200287, 47.6203422546, 63.9720878601, 109.181922913, 41.463809967, 15.8395042419, 9.27574539185, -7.97123575211, 5.91030216217], [-72.1948471069, 111.276931763, -19.7750663757, 47.340587616, 24.1898975372, 31.7679843903, 45.7290840149, 41.463809967, 88.12940979, 23.7403411865, 17.5525779724, -3.50950026512, 9.88210868835], [109.071922302, -39.5435562134, 61.3921394348, 15.8053722382, 5.5845489502, 4.50942468643, -8.50290489197, 15.8395042419, 23.7403411865, 61.64112854, 25.0015258789, 12.1661405563, -0.252378880978], [-136.590133667, 109.526611328, -46.2298545837, 15.0522098541, 21.4916820526, 1.49286472797, 16.9472446442, 9.27574539185, 17.5525779724, 25.0015258789, 80.5256729126, 20.4728393555, 19.458360672], [79.7592391968, -45.8780212402, 63.4567756653, 22.0246925354, 10.5864295959, 8.80439281464, -16.1041717529, -7.97123575211, -3.50950026512, 12.1661405563, 20.4728393555, 58.8238563538, 19.8158130646], [-91.9355926514, 75.5160446167, -33.2156600952, 12.5649604797, 14.1109008789, 7.1883597374, 12.2386827469, 5.91030216217, 9.88210868835, -0.252378880978, 19.458360672, 19.8158130646, 52.4741630554]],
        "icov": [[0.000152086737216, -0.000228152566706, 6.61798549118e-05, -0.000325063156197, 0.000369157351088, -0.000353886222001, 0.000319047045195, -0.000571611744817, 0.000697363575455, -0.000631613482255, 0.000639905745629, -0.000553289835807, 0.000490982958581], [-0.000228152566706, 0.00232971296646, 0.000528983247932, 1.03727152236e-05, -0.00203254609369, 0.00130705989432, -0.000851939141285, 0.000521451293025, -0.00253843935207, 0.00290392595343, -0.00308836437762, 0.00264880526811, -0.00227562338114], [6.61798549118e-05, 0.000528983247932, 0.00274548120797, -0.00054719124455, -0.00145693530794, 0.000390631845221, 0.000666220439598, -0.00103145418689, 0.000580621010158, -0.00252968003042, 0.00246822298504, -0.00303912628442, 0.00163353094831], [-0.000325063156197, 1.03727152236e-05, -0.00054719124455, 0.00468040443957, -0.000244437775109, -0.00222797784954, 0.000846263719723, 0.00213548331521, -0.00342899048701, 0.00156976422295, -0.00171041302383, 0.000608607428148, -0.00106076477095], [0.000369157351088, -0.00203254609369, -0.00145693530794, -0.000244437775109, 0.00663944426924, -0.00116642320063, -0.000274838850601, -0.000965650193393, 0.00180594006088, -0.00157843285706, 0.00135798705742, -0.00208930671215, 0.00119308545254], [-0.000353886222001, 0.00130705989432, 0.000390631845221, -0.00222797784954, -0.00116642320063, 0.0119851976633, -0.00710969092324, -0.000471158855362, -0.000999356037937, 0.000521261768881, 0.000585505622439, -0.00182638666593, -0.000673859496601], [0.000319047045195, -0.000851939141285, 0.000666220439598, 0.000846263719723, -0.000274838850601, -0.00710969092324, 0.0144939934835, -0.00504257017747, -0.0019183086697, 0.00276267807931, -0.00136349885724, 0.00192172685638, 0.000393880472984], [-0.000571611744817, 0.000521451293025, -0.00103145418689, 0.00213548331521, -0.000965650193393, -0.000471158855362, -0.00504257017747, 0.0162733402103, -0.00607266975567, -0.000561508932151, -0.00204326328821, 0.00399140501395, -0.00285741197877], [0.000697363575455, -0.00253843935207, 0.000580621010158, -0.00342899048701, 0.00180594006088, -0.000999356037937, -0.0019183086697, -0.00607266975567, 0.0226847771555, -0.0117319412529, 0.00517948856577, -0.0023089798633, 0.00146893400233], [-0.000631613482255, 0.00290392595343, -0.00252968003042, 0.00156976422295, -0.00157843285706, 0.000521261768881, 0.00276267807931, -0.000561508932151, -0.0117319412529, 0.0316425301135, -0.014984741807, 0.00455508753657, -0.00129279959947], [0.000639905745629, -0.00308836437762, 0.00246822298504, -0.00171041302383, 0.00135798705742, 0.000585505622439, -0.00136349885724, -0.00204326328821, 0.00517948856577, -0.014984741807, 0.0258673820645, -0.0124485567212, 0.00170167395845], [-0.000553289835807, 0.00264880526811, -0.00303912628442, 0.000608607428148, -0.00208930671215, -0.00182638666593, 0.00192172685638, 0.00399140501395, -0.0023089798633, 0.00455508753657, -0.0124485567212, 0.0326120369136, -0.0141788916662], [0.000490982958581, -0.00227562338114, 0.00163353094831, -0.00106076477095, 0.00119308545254, -0.000673859496601, 0.000393880472984, -0.00285741197877, 0.00146893400233, -0.00129279959947, 0.00170167395845, -0.0141788916662, 0.028922047466]]
    },
    "melbands": {
        "mean": [0.000986446859315, 0.00111323571764, 0.00117573561147, 0.000454497087048, 0.000240481109358, 0.000191301936866, 0.000150333595229, 0.000179146110895, 0.000270443531917, 0.000301115156617, 0.000226509160711, 0.000120399119623, 0.00014227849897, 0.000101996833109, 9.66618827078e-05, 8.31459983601e-05, 8.03567527328e-05, 5.57970633963e-05, 5.1572555094e-05, 6.54548712191e-05, 6.34946118225e-05, 5.45977418369e-05, 3.07170776068e-05, 2.99533548969e-05, 3.01922118524e-05, 2.69953343377e-05, 1.67290236277e-05, 1.0469893823e-05, 8.05818217486e-06, 6.77280331729e-06, 5.28883128936e-06, 4.47182037533e-06, 4.14296528106e-06, 3.61847196473e-06, 3.35487516168e-06, 3.09160145662e-06, 1.76193213974e-06, 1.19073331462e-06, 7.75384592089e-07, 6.11207212842e-07]
    },
    "melbands128": {
        "mean": [0.000695752270985, 0.00117246096488, 0.000979029689915, 0.000876818434335, 0.00108460278716, 0.0012919959845, 0.00140067643952, 0.0012363975402, 0.000729811028577, 0.000410333421314, 0.000259694526903, 0.00026871348382, 0.000216523796553, 0.000236571533605, 0.000189227037481, 0.000172403772012, 0.000172592073795, 0.000152233507833, 0.000107233398012, 0.000187449375517, 0.000201466551516, 0.00018322050164, 0.000237704618485, 0.000387408508686, 0.000463095464511, 0.000171205741935, 0.000184044547495, 0.000332106341375, 0.000137978116982, 0.000157575312187, 9.27404835238e-05, 8.38251580717e-05, 0.000141471595271, 0.00022543007799, 7.85589509178e-05, 8.5051447968e-05, 9.52076588874e-05, 5.60747794225e-05, 0.000149679675815, 0.000109813736344, 6.05445238762e-05, 5.17882217537e-05, 8.00149573479e-05, 0.000104331658804, 5.68751565879e-05, 4.55135595985e-05, 5.65848131373e-05, 4.67377067253e-05, 4.79705922771e-05, 6.71877496643e-05, 6.41013102722e-05, 7.28562881704e-05, 5.83324472245e-05, 5.9991110902e-05, 7.39842653275e-05, 5.21805304743e-05, 3.90672066715e-05, 4.32512097177e-05, 2.19016892515e-05, 2.02558239835e-05, 3.07654663629e-05, 3.63790968549e-05, 3.36461380357e-05, 2.68556341325e-05, 2.6395324312e-05, 3.17253325193e-05, 2.26619031309e-05, 2.22700928134e-05, 1.14613912956e-05, 1.63352542586e-05, 1.1433864529e-05, 6.63262926537e-06, 7.95621963334e-06, 7.65043751016e-06, 9.99328040052e-06, 6.30834711046e-06, 6.15427416051e-06, 5.0300386647e-06, 5.50468985239e-06, 5.009774668e-06, 4.66726578452e-06, 3.9378587644e-06, 4.75687738799e-06, 4.09976428273e-06, 3.81204336009e-06, 3.87378577216e-06, 3.30164220941e-06, 3.29158365275e-06, 3.96507948608e-06, 2.61021546066e-06, 3.49263291355e-06, 3.55059637513e-06, 1.97690428649e-06, 1.7002430468e-06, 1.55172722316e-06, 1.52177938162e-06, 1.01810269371e-06, 8.76802914718e-07, 8.13777432995e-07, 7.21639594303e-07, 6.18822241449e-07, 5.96903021233e-07, 5.7608070847e-07, 6.48284242288e-07, 8.52268726703e-07, 4.71745124742e-07, 6.34516254649e-07, 5.08600749072e-07, 3.2354566315e-07, 2.3879613309e-07, 2.07874450098e-07, 1.79020076985e-07, 1.53849043727e-07, 1.17628388807e-07, 1.01924896967e-07, 9.17815867751e-08, 7.36593435136e-08, 5.89305173548e-08, 4.76291894813e-08, 3.54401450409e-08, 2.98826279277e-08, 2.88013897176e-08, 2.09405985885e-08, 1.6840527195e-08, 1.0256302474e-08, 6.2287441871e-09, 4.167441503e-09, 3.38287309276e-09]
    },
    "mfcc": {
        "mean": [-613.436584473, 103.71925354, -19.605091095, 20.2325191498, 4.75621175766, 5.88922643661, -0.621262431145, 9.54854393005, -1.8977599144, 4.23861837387, -2.18678998947, -0.736072778702, -2.44887828827],
        "cov": [[10425.8535156, 128.488128662, 115.659156799, 384.831054688, -21.6543273926, 241.536270142, 58.4333610535, 270.735626221, 59.4690551758, 183.854110718, 16.2341766357, 56.3892478943, 5.45656061172], [128.488128662, 932.206848145, -251.121887207, 43.8362045288, 101.301605225, -37.9787139893, 71.746925354, 50.237991333, 53.5901069641, 26.6145420074, 35.3022193909, 26.2854690552, 45.4681854248], [115.659156799, -251.121887207, 426.5340271, 77.7884521484, 65.4697952271, 33.7093925476, -28.8850803375, -23.2822799683, 5.04036045074, -19.5043125153, 16.2841529846, 0.837821364403, 2.59255242348], [384.831054688, 43.8362045288, 77.7884521484, 217.395874023, 91.2015609741, 53.1549186707, -10.8919963837, 9.97816467285, 6.63764762878, 6.75462627411, 5.72971534729, 25.3124313354, 17.995010376], [-21.6543273926, 101.301605225, 65.4697952271, 91.2015609741, 183.840087891, 31.8046798706, 10.7934532166, -5.428150177, 11.164150238, -13.1700954437, 6.24836158752, 14.3604545593, 28.2542095184], [241.536270142, -37.9787139893, 33.7093925476, 53.1549186707, 31.8046798706, 145.205535889, 31.4335327148, 50.7724113464, 27.6278362274, 12.8745565414, 5.56528043747, 24.8264217377, 1.07290685177], [58.4333610535, 71.746925354, -28.8850803375, -10.8919963837, 10.7934532166, 31.4335327148, 108.938041687, 53.7265281677, 27.2607955933, 24.4936923981, 17.9875831604, 9.90092849731, 12.9159679413], [270.735626221, 50.237991333, -23.2822799683, 9.97816467285, -5.428150177, 50.7724113464, 53.7265281677, 117.752281189, 55.5687904358, 39.9200706482, 16.2619876862, 20.0685806274, 3.00768089294], [59.4690551758, 53.5901069641, 5.04036045074, 6.63764762878, 11.164150238, 27.6278362274, 27.2607955933, 55.5687904358, 89.3030548096, 45.2754325867, 18.132818222, 11.903090477, -1.62191092968], [183.854110718, 26.6145420074, -19.5043125153, 6.75462627411, -13.1700954437, 12.8745565414, 24.4936923981, 39.9200706482, 45.2754325867, 88.1175842285, 37.1315803528, 17.5069351196, 3.87659025192], [16.2341766357, 35.3022193909, 16.2841529846, 5.72971534729, 6.24836158752, 5.56528043747, 17.9875831604, 16.2619876862, 18.132818222, 37.1315803528, 59.8656616211, 25.5374774933, 8.19261837006], [56.3892478943, 26.2854690552, 0.837821364403, 25.3124313354, 14.3604545593, 24.8264217377, 9.90092849731, 20.0685806274, 11.903090477, 17.5069351196, 25.5374774933, 54.9785270691, 22.9286403656], [5.45656061172, 45.4681854248, 2.59255242348, 17.995010376, 28.2542095184, 1.07290685177, 12.9159679413, 3.00768089294, -1.62191092968, 3.87659025192, 8.19261837006, 22.9286403656, 53.7758178711]],
        "icov": [[0.000116974537377, -4.61548188468e-05, -6.89814551151e-05, -0.00019307724142, 0.000115652328532, -9.69793691183e-05, 4.91491518915e-05, -0.000268864561804, 0.000247895950451, -0.000303732667817, 0.00017872810713, 4.57020651083e-05, 2.215069253e-05], [-4.61548188468e-05, 0.00179027358536, 0.00131329603028, -0.000496173568536, -0.00106697133742, 0.000994925503619, -0.000581513973884, -0.000155953588546, -0.00127079896629, 0.00102540745866, -0.00139283039607, 0.000296633254038, -0.000743691518437], [-6.89814551151e-05, 0.00131329603028, 0.00380571070127, -0.00103157944977, -0.00119674799498, -1.6498088371e-05, 0.000371563888621, 0.000583631976042, -0.00185686431359, 0.00213775900193, -0.00307911494747, 0.00136783975177, -0.000758690468501], [-0.00019307724142, -0.000496173568536, -0.00103157944977, 0.00738849118352, -0.00295020383783, -0.00172638567165, 0.00183605635539, -0.000298209517496, 0.00128775427584, -0.00166500452906, 0.00142531795427, -0.00202550715767, -1.80246806849e-05], [0.000115652328532, -0.00106697133742, -0.00119674799498, -0.00295020383783, 0.00899204425514, -0.00145153619815, -0.00100184523035, 0.00183423550334, -0.00182379840408, 0.0021738037467, -0.000517457374372, 0.000824187474791, -0.00310645415448], [-9.69793691183e-05, 0.000994925503619, -1.6498088371e-05, -0.00172638567165, -0.00145153619815, 0.0105876652524, -0.00232055271044, -0.002967083361, -0.00110079254955, 0.000919154670555, 0.00153224787209, -0.0043000811711, 0.00252237520181], [4.91491518915e-05, -0.000581513973884, 0.000371563888621, 0.00183605635539, -0.00100184523035, -0.00232055271044, 0.0138550139964, -0.00537951523438, 0.000634901749436, -0.000781029753853, -0.00285356189124, 0.00299559696577, -0.00336685264483], [-0.000268864561804, -0.000155953588546, 0.000583631976042, -0.000298209517496, 0.00183423550334, -0.002967083361, -0.00537951523438, 0.0173282530159, -0.00756015535444, -0.00088810903253, 0.000978964264505, -0.00276730768383, 0.000515933847055], [0.000247895950451, -0.00127079896629, -0.00185686431359, 0.00128775427584, -0.00182379840408, -0.00110079254955, 0.000634901749436, -0.00756015535444, 0.02136243321, -0.00955270603299, 0.00252810050733, -0.000683571735863, 0.00319771654904], [-0.000303732667817, 0.00102540745866, 0.00213775900193, -0.00166500452906, 0.0021738037467, 0.000919154670555, -0.000781029753853, -0.00088810903253, -0.00955270603299, 0.0230813380331, -0.0125284902751, 0.00138353451621, -0.0019385087071], [0.00017872810713, -0.00139283039607, -0.00307911494747, 0.00142531795427, -0.000517457374372, 0.00153224787209, -0.00285356189124, 0.000978964264505, 0.00252810050733, -0.0125284902751, 0.0306594576687, -0.0127669405192, 0.00345494342037], [4.57020651083e-05, 0.000296633254038, 0.00136783975177, -0.00202550715767, 0.000824187474791, -0.0043000811711, 0.00299559696577, -0.00276730768383, -0.000683571735863, 0.00138353451621, -0.0127669405192, 0.0318876989186, -0.0123269893229], [2.215069253e-05, -0.000743691518437, -0.000758690468501, -1.80246806849e-05, -0.00310645415448, 0.00252237520181, -0.00336685264483, 0.000515933847055, 0.00319771654904, -0.0019385087071, 0.00345494342037, -0.0123269893229, 0.0265922602266]]
    },
    "spectral_contrast_coeffs": {
        "mean": [-0.719604849815, -0.777996003628, -0.773703098297, -0.791514337063, -0.782566487789, -0.757573783398]
    },
    "spectral_contrast_valleys": {
        "mean": [-6.80681657791, -6.62040233612, -7.05752182007, -7.03891277313, -7.04550886154, -9.93347930908]
    }
},
"rhythm": {
    "beats_count": 418,
    "beats_loudness": {
        "mean": 0.0391025058925
    },
    "bpm": 129.939620972,
    "bpm_histogram_first_peak_bpm": 129,
    "bpm_histogram_first_peak_weight": 0.272727251053,
    "bpm_histogram_second_peak_bpm": 120,
    "bpm_histogram_second_peak_spread": 0.5,
    "bpm_histogram_second_peak_weight": 0.0143884895369,
    "danceability": 1.07522654533,
    "onset_rate": 2.28384399414,
    "beats_loudness_band_ratio": {
        "mean": [0.508752644062, 0.092640042305, 0.14130474627, 0.119246795774, 0.113533511758, 0.060769226402]
    },
    "beats_position": [0.441179126501, 0.882358253002, 1.34675729275, 1.8111563921, 2.27555561066, 2.73995471001, 3.20435357094, 3.66875267029, 4.12154197693, 4.57433080673, 5.0387301445, 5.50312900543, 5.9675283432, 6.43192720413, 6.8963265419, 7.36072540283, 7.8251247406, 8.27791404724, 8.73070240021, 9.19510173798, 9.65950107574, 10.1239004135, 10.5882987976, 11.0526981354, 11.5170974731, 11.9814968109, 12.4342851639, 12.8986845016, 13.3746938705, 13.8390922546, 14.3034915924, 14.756280899, 15.2090702057, 15.6734695435, 16.1262588501, 16.5906581879, 17.0434455872, 17.5078449249, 17.9722442627, 18.4366436005, 18.9010429382, 19.365442276, 19.8182315826, 20.2710208893, 20.7354183197, 21.1998176575, 21.6642169952, 22.128616333, 22.5930156708, 23.0574150085, 23.5218143463, 23.974603653, 24.4273910522, 24.89179039, 25.3561897278, 25.8205890656, 26.2849884033, 26.7493877411, 27.2137870789, 27.6781845093, 28.1309738159, 28.5837631226, 29.0481624603, 29.5125617981, 29.9769611359, 30.4413604736, 30.9057598114, 31.358549118, 31.8113365173, 32.2757377625, 32.7401351929, 33.204536438, 33.6689338684, 34.1333312988, 34.5861206055, 35.0389099121, 35.5033111572, 35.9677085876, 36.4437179565, 36.908115387, 37.3609046936, 37.8253059387, 38.2897033691, 38.7541046143, 39.2068939209, 39.6596832275, 40.124080658, 40.5884780884, 41.0528793335, 41.5172767639, 41.9700660706, 42.4228553772, 42.8872566223, 43.3516540527, 43.8160552979, 44.2804527283, 44.7448501587, 45.2092514038, 45.6736488342, 46.1380500793, 46.6024475098, 47.0552368164, 47.5196380615, 47.9840354919, 48.4368247986, 48.901222229, 49.3656234741, 49.8300209045, 50.2828102112, 50.7355995178, 51.2000007629, 51.6643981934, 52.1287956238, 52.5931968689, 53.0575942993, 53.5219955444, 53.9863929749, 54.4391822815, 54.8919715881, 55.3563690186, 55.8207702637, 56.2851676941, 56.7495689392, 57.2139663696, 57.6783676147, 58.1311569214, 58.583946228, 59.0483436584, 59.5127410889, 59.977142334, 60.4415397644, 60.9059410095, 61.3587303162, 61.8115196228, 62.2759170532, 62.7403144836, 63.2047157288, 63.6691131592, 64.1335144043, 64.5979156494, 65.0507049561, 65.5150985718, 65.9794998169, 66.4322891235, 66.8966903687, 67.3610839844, 67.8254852295, 68.2898864746, 68.7542877197, 69.2186813354, 69.6830825806, 70.1358718872, 70.5886611938, 71.053062439, 71.5174560547, 71.9818572998, 72.4462585449, 72.8990478516, 73.3634490967, 73.8278427124, 74.280632019, 74.7450332642, 75.2094345093, 75.673828125, 76.1382293701, 76.5910186768, 77.0438079834, 77.5082092285, 77.9726028442, 78.4370040894, 78.9014053345, 79.3658065796, 79.8302001953, 80.2946014404, 80.7590026855, 81.2117919922, 81.6645812988, 82.1289749146, 82.5933761597, 83.0577774048, 83.5221786499, 83.9749679565, 84.4277572632, 84.8921508789, 85.3681640625, 85.8325576782, 86.3085708618, 86.7729721069, 87.2373657227, 87.7017669678, 88.1661682129, 88.6305618286, 89.0949630737, 89.5593643188, 90.023765564, 90.4765548706, 90.9293441772, 91.3821334839, 91.8349151611, 92.2761001587, 92.7404937744, 93.2048950195, 93.6692962646, 94.1336975098, 94.5980911255, 95.0508804321, 95.5036697388, 95.9680709839, 96.432472229, 96.8968658447, 97.3612670898, 97.825668335, 98.2784576416, 98.7428588867, 99.1956481934, 99.6600418091, 100.124443054, 100.588844299, 101.053237915, 101.51763916, 101.982040405, 102.44644165, 102.910835266, 103.363624573, 103.816413879, 104.280815125, 104.74521637, 105.209609985, 105.67401123, 106.138412476, 106.602806091, 107.067207336, 107.519996643, 107.97278595, 108.437187195, 108.90158844, 109.365982056, 109.830383301, 110.283172607, 110.735961914, 111.200363159, 111.664756775, 112.12915802, 112.593559265, 113.05796051, 113.522354126, 113.986755371, 114.451156616, 114.915550232, 115.368339539, 115.832740784, 116.297142029, 116.761543274, 117.22593689, 117.678726196, 118.119903564, 118.58430481, 119.048706055, 119.5131073, 119.977500916, 120.441902161, 120.894691467, 121.347480774, 121.811882019, 122.276275635, 122.74067688, 123.205078125, 123.66947937, 124.133872986, 124.598274231, 125.051063538, 125.503852844, 125.968254089, 126.432647705, 126.89704895, 127.361450195, 127.82585144, 128.290252686, 128.754638672, 129.207427979, 129.660217285, 130.12461853, 130.589019775, 131.053421021, 131.517822266, 131.982223511, 132.446624756, 132.899414062, 133.363800049, 133.816589355, 134.280990601, 134.745391846, 135.209793091, 135.674194336, 136.138595581, 136.602996826, 137.055786133, 137.520172119, 137.984573364, 138.448974609, 138.901763916, 139.366165161, 139.830566406, 140.283355713, 140.73614502, 141.200546265, 141.66494751, 142.129333496, 142.593734741, 143.058135986, 143.522537231, 143.986938477, 144.451339722, 144.904129028, 145.368530273, 145.82131958, 146.285705566, 146.750106812, 147.214508057, 147.667297363, 148.131698608, 148.584487915, 149.04888916, 149.513290405, 149.97769165, 150.442077637, 150.906478882, 151.359268188, 151.812057495, 152.27645874, 152.740859985, 153.20526123, 153.669662476, 154.134063721, 154.598449707, 155.062850952, 155.515640259, 155.968429565, 156.432830811, 156.897232056, 157.361633301, 157.814422607, 158.278823853, 158.743209839, 159.207611084, 159.683624268, 160.148025513, 160.612426758, 161.065216064, 161.518005371, 161.982406616, 162.458404541, 162.922805786, 163.375595093, 163.828384399, 164.281173706, 164.745574951, 165.209976196, 165.674377441, 166.127166748, 166.591567993, 167.055953979, 167.520355225, 167.98475647, 168.449157715, 168.91355896, 169.377960205, 169.830749512, 170.295150757, 170.747940063, 171.21232605, 171.665115356, 172.129516602, 172.593917847, 173.058319092, 173.522720337, 173.987121582, 174.439910889, 174.904312134, 175.35710144, 175.821487427, 176.285888672, 176.750289917, 177.214691162, 177.667480469, 178.131881714, 178.596282959, 179.049072266, 179.513473511, 179.977859497, 180.430648804, 180.88343811, 181.347839355, 181.812240601, 182.276641846, 182.741043091, 183.228652954, 183.704666138, 184.180679321, 184.656692505, 185.13269043, 185.620315552, 186.14276123, 186.665206909, 187.187667847, 187.721725464, 188.255783081, 188.766616821, 189.277450562, 189.799911499, 190.287521362, 190.786758423, 191.285980225, 191.785217285, 192.284439087, 192.783676147, 193.271286011, 193.770523071],
    "bpm_histogram": [0, 0, 0, 0, 0, 0, 0, 0, 0, 0, 0, 0, 0, 0, 0, 0, 0, 0, 0, 0, 0, 0, 0, 0, 0, 0, 0, 0, 0, 0, 0, 0, 0, 0, 0, 0, 0, 0, 0, 0, 0, 0, 0, 0, 0, 0, 0, 0, 0, 0, 0, 0, 0, 0, 0, 0, 0, 0, 0, 0, 0, 0, 0, 0, 0, 0, 0, 0, 0, 0, 0, 0, 0, 0, 0, 0, 0, 0, 0, 0, 0, 0, 0, 0, 0, 0, 0, 0, 0, 0, 0, 0, 0, 0, 0, 0, 0, 0, 0, 0, 0, 0, 0, 0, 0, 0, 0, 0, 0, 0, 0, 0, 0.00479616317898, 0, 0, 0.00959232635796, 0, 0.00479616317898, 0, 0, 0.0143884895369, 0, 0, 0.00959232635796, 0, 0, 0.0239808149636, 0, 0, 0.690647482872, 0, 0, 0, 0.235011994839, 0, 0, 0.00719424476847, 0, 0, 0, 0, 0, 0, 0, 0, 0, 0, 0, 0, 0, 0, 0, 0, 0, 0, 0, 0, 0, 0, 0, 0, 0, 0, 0, 0, 0, 0, 0, 0, 0, 0, 0, 0, 0, 0, 0, 0, 0, 0, 0, 0, 0, 0, 0, 0, 0, 0, 0, 0, 0, 0, 0, 0, 0, 0, 0, 0, 0, 0, 0, 0, 0, 0, 0, 0, 0, 0, 0, 0, 0, 0, 0, 0, 0, 0, 0, 0, 0, 0, 0, 0, 0, 0, 0, 0, 0, 0, 0, 0, 0, 0, 0, 0, 0, 0, 0, 0, 0, 0, 0, 0, 0, 0, 0, 0, 0, 0, 0, 0, 0]
},
"tonal": {
    "chords_changes_rate": 0.0379746817052,
    "chords_number_rate": 0.00191067589913,
    "chords_strength": {
        "mean": 0.588355660439
    },
    "hpcp_crest": {
        "mean": 12.4139871597
    },
    "hpcp_entropy": {
        "mean": 2.1928255558
    },
    "key_edma": {
        "strength": 0.801333606243,
        "key": "C",
        "scale": "major"
    },
    "key_krumhansl": {
        "strength": 0.805486619473,
        "key": "C",
        "scale": "major"
    },
    "key_temperley": {
        "strength": 0.802712678909,
        "key": "C",
        "scale": "major"
    },
    "tuning_diatonic_strength": 0.629010140896,
    "tuning_equal_tempered_deviation": 0.237292081118,
    "tuning_frequency": 434.193115234,
    "tuning_nontempered_energy_ratio": 0.963560760021,
    "hpcp": {
        "mean": [0.218843057752, 0.208592787385, 0.0977473258972, 0.0668673664331, 0.0537685267627, 0.0477728806436, 0.109966360033, 0.140993788838, 0.1238944754, 0.351441770792, 0.414803355932, 0.17956136167, 0.0922676548362, 0.0817575156689, 0.0821171030402, 0.171850427985, 0.219263359904, 0.137906089425, 0.0990750193596, 0.114857599139, 0.138640776277, 0.291789650917, 0.319717258215, 0.18002435565, 0.186251848936, 0.156537398696, 0.073892660439, 0.0807983651757, 0.0975055620074, 0.105307780206, 0.321080327034, 0.386815667152, 0.166034296155, 0.102799654007, 0.102695651352, 0.111888207495]
    },
    "chords_histogram": [45.5696220398, 0.812037229538, 10.6281347275, 0.262717932463, 0.83592069149, 0, 1.71960830688, 0.716503441334, 0.214951038361, 0.0238834489137, 0, 0, 0, 0, 0, 0.931454479694, 4.63338899612, 2.03009319305, 0, 0.0716503486037, 0, 3.9646525383, 10.5087175369, 17.0766658783],
    "thpcp": [1, 0.43288308382, 0.222437098622, 0.197099462152, 0.197966337204, 0.414293736219, 0.528595924377, 0.332461357117, 0.238848164678, 0.276896506548, 0.334232538939, 0.703440904617, 0.770768225193, 0.433999270201, 0.44901239872, 0.377377361059, 0.178139016032, 0.194787159562, 0.235064551234, 0.253873974085, 0.774054288864, 0.932527840137, 0.40027230978, 0.2478274405, 0.247576713562, 0.269737958908, 0.527582645416, 0.502871513367, 0.235647380352, 0.161202564836, 0.129624143243, 0.11516994983, 0.265104800463, 0.339905142784, 0.298682421446, 0.847249090672],
    "chords_key": "C",
    "chords_scale": "major"
}
}