{
"metadata": {
    "version": {
        "essentia": "2.1-beta6-dev",
        "essentia_git_sha": "v2.1_beta5-1177-g1d1cc983",
        "extractor": "music 2.0"
    },
    "audio_properties": {
        "analysis": {
            "equal_loudness": 0,
            "length": 173.5,
            "sample_rate": 44100,
            "start_time": 0,
            "downmix": "mix"
        },
        "bit_rate": 1411200,
        "length": 173.5,
        "lossless": 1,
        "number_channels": 2,
        "replay_gain": -15.2579402924,
        "sample_rate": 44100,
        "codec": "pcm_s16le",
        "md5_encoded": "10b0b4bf11ef20b4a7ec10e125d7a052"
    },
    "tags": {
        "file_name": "03 - All Get Out - Chasing Skirt.wav",
        "album": ["Nobody Likes A Quitter"],
        "albumartist": ["All Get Out"],
        "artist": ["All Get Out"],
        "composer": ["Nathan Hussey"],
        "copyright": ["2016 Bad Timing Records and Many Hats Distribution 2016 Bad Timing Records and Many Hats Distribution"],
        "date": ["2016"],
        "discnumber": ["1"],
        "disctotal": ["1"],
        "genre": ["Alternative & Indie"],
        "isrc": ["QM87M1604203"],
        "title": ["Chasing Skirt"],
        "tracknumber": ["3"],
        "tracktotal": ["10"]
    }
},
"lowlevel": {
    "average_loudness": 0.965721428394,
    "barkbands_crest": {
        "mean": 8.26104545593
    },
    "barkbands_flatness_db": {
        "mean": 0.134206324816
    },
    "barkbands_kurtosis": {
        "mean": 3.62685704231
    },
    "barkbands_skewness": {
        "mean": 1.50185239315
    },
    "barkbands_spread": {
        "mean": 21.2451133728
    },
    "dissonance": {
        "mean": 0.461804717779
    },
    "dynamic_complexity": 3.2435092926,
    "erbbands_crest": {
        "mean": 7.75088596344
    },
    "erbbands_flatness_db": {
        "mean": 0.15193875134
    },
    "erbbands_kurtosis": {
        "mean": 0.151134029031
    },
    "erbbands_skewness": {
        "mean": 0.158924460411
    },
    "erbbands_spread": {
        "mean": 38.950466156
    },
    "hfc": {
        "mean": 20.6011562347
    },
    "loudness_ebu128": {
        "integrated": -7.58407020569,
        "loudness_range": 3.70630645752,
        "momentary": {
            "mean": -9.14023590088
        },
        "short_term": {
            "mean": -8.23232650757
        }
    },
    "melbands_crest": {
        "mean": 13.2011442184
    },
    "melbands_flatness_db": {
        "mean": 0.215426072478
    },
    "melbands_kurtosis": {
        "mean": 17.0781860352
    },
    "melbands_skewness": {
        "mean": 2.74087047577
    },
    "melbands_spread": {
        "mean": 21.2505397797
    },
    "pitch_salience": {
        "mean": 0.580670893192
    },
    "silence_rate_20dB": {
        "mean": 1
    },
    "silence_rate_30dB": {
        "mean": 0.99973243475
    },
    "silence_rate_60dB": {
        "mean": 0.0278298091143
    },
    "spectral_centroid": {
        "mean": 1195.13098145
    },
    "spectral_complexity": {
        "mean": 24.4223976135
    },
    "spectral_decrease": {
        "mean": -8.08258349139e-09
    },
    "spectral_energy": {
        "mean": 0.0323740616441
    },
    "spectral_energyband_high": {
        "mean": 0.000450331484899
    },
    "spectral_energyband_low": {
        "mean": 0.0122205149382
    },
    "spectral_energyband_middle_high": {
        "mean": 0.00695120170712
    },
    "spectral_energyband_middle_low": {
        "mean": 0.0147890085354
    },
    "spectral_entropy": {
        "mean": 7.45430326462
    },
    "spectral_flux": {
        "mean": 0.0888815149665
    },
    "spectral_kurtosis": {
        "mean": 9.11711502075
    },
    "spectral_rms": {
        "mean": 0.00534937856719
    },
    "spectral_rolloff": {
        "mean": 1496.67541504
    },
    "spectral_skewness": {
        "mean": 1.90716183186
    },
    "spectral_spread": {
        "mean": 4091757.25
    },
    "spectral_strongpeak": {
        "mean": 0.667370319366
    },
    "zerocrossingrate": {
        "mean": 0.0520689822733
    },
    "barkbands": {
        "mean": [0.000216124521103, 0.00515887141228, 0.00515173655003, 0.00361651647836, 0.0047858087346, 0.00195649382658, 0.00126081763301, 0.000956263509579, 0.00149748660624, 0.00141076103318, 0.00118575675879, 0.000568351824768, 0.000671871297527, 0.000592234486248, 0.000471611536341, 0.000611624680459, 0.00079818838276, 0.000483490963234, 0.000367842672858, 0.00025041383924, 0.000113736437925, 7.51839834265e-05, 6.06247594988e-05, 5.6388664234e-05, 3.53838113369e-05, 1.5787582015e-05, 4.63597962153e-06]
    },
    "erbbands": {
        "mean": [0.108568288386, 1.3370205164, 5.79845094681, 8.99558448792, 15.1485052109, 16.6700325012, 16.8008289337, 12.3014822006, 15.3452711105, 20.962392807, 22.6384716034, 36.7953186035, 48.1280784607, 49.5049934387, 29.3091983795, 25.4264202118, 30.5348415375, 34.5447463989, 23.452299118, 24.7373256683, 39.9445953369, 45.2991905212, 31.3065643311, 19.1088104248, 18.8754806519, 10.5279769897, 5.63691949844, 3.95980644226, 2.92338013649, 1.94086182117, 1.68696415424, 1.2937374115, 0.874429583549, 0.508965909481, 0.188715815544, 0.0748477950692, 0.0268052686006, 0.00700620468706, 0.000767919118516, 6.86798157403e-05]
    },
    "gfcc": {
        "mean": [-0.38646826148, 107.935470581, -109.360588074, 26.7263469696, -42.9386749268, 7.86450529099, -34.6283531189, 10.507276535, -26.4986152649, -7.59791040421, -16.7204113007, -3.75431394577, -8.80632686615],
        "cov": [[22695.953125, -278.024932861, -3656.53979492, 59.8323249817, -1035.31555176, 175.045059204, -544.026733398, 629.293457031, -476.546020508, 88.544960022, -454.035064697, 57.5785369873, -340.918518066], [-278.024932861, 1338.43847656, -40.7381973267, -117.030784607, 148.523925781, -110.31867218, 10.4481735229, -10.7699146271, 55.5930519104, -94.638961792, 145.866928101, -115.79901886, 94.6189041138], [-3656.53979492, -40.7381973267, 1304.73632812, 67.7331542969, 110.681388855, 90.4387741089, 79.2105865479, -216.537979126, 75.0298919678, 43.4351921082, -0.422774881124, 57.4688224792, 21.4677352905], [59.8323249817, -117.030784607, 67.7331542969, 234.402862549, -23.1805171967, 1.64305973053, -22.8108215332, -8.41150379181, 0.415296792984, -12.8570356369, 2.90016937256, 20.4647903442, 9.19699192047], [-1035.31555176, 148.523925781, 110.681388855, -23.1805171967, 269.592773438, -46.3572158813, 54.0785217285, 24.3405246735, 33.6558494568, -9.12386035919, 43.9739265442, 4.13306093216, 21.4161663055], [175.045059204, -110.31867218, 90.4387741089, 1.64305973053, -46.3572158813, 185.338638306, 32.553401947, -24.5513534546, 2.52845001221, 27.0000801086, -16.7096042633, 11.2939443588, -6.11878538132], [-544.026733398, 10.4481735229, 79.2105865479, -22.8108215332, 54.0785217285, 32.553401947, 144.532165527, 5.52624702454, 17.8133392334, 12.5385608673, -0.173493370414, 12.2846746445, 8.82489490509], [629.293457031, -10.7699146271, -216.537979126, -8.41150379181, 24.3405246735, -24.5513534546, 5.52624702454, 144.356750488, 4.60271501541, -5.21253442764, 22.5339889526, -5.72875213623, -3.01246857643], [-476.546020508, 55.5930519104, 75.0298919678, 0.415296792984, 33.6558494568, 2.52845001221, 17.8133392334, 4.60271501541, 76.2369689941, 20.4564628601, 10.8774166107, -1.68943810463, 10.4829769135], [88.544960022, -94.638961792, 43.4351921082, -12.8570356369, -9.12386035919, 27.0000801086, 12.5385608673, -5.21253442764, 20.4564628601, 76.5809173584, -8.47110366821, 15.2524375916, -13.9161424637], [-454.035064697, 145.866928101, -0.422774881124, 2.90016937256, 43.9739265442, -16.7096042633, -0.173493370414, 22.5339889526, 10.8774166107, -8.47110366821, 98.1950531006, -12.2754831314, 15.2487897873], [57.5785369873, -115.79901886, 57.4688224792, 20.4647903442, 4.13306093216, 11.2939443588, 12.2846746445, -5.72875213623, -1.68943810463, 15.2524375916, -12.2754831314, 83.4362945557, 8.14020729065], [-340.918518066, 94.6189041138, 21.4677352905, 9.19699192047, 21.4161663055, -6.11878538132, 8.82489490509, -3.01246857643, 10.4829769135, -13.9161424637, 15.2487897873, 8.14020729065, 63.2237586975]],
        "icov": [[0.000276252860203, -0.000521396519616, 0.000594309472945, -0.000459433911601, 0.000411932560382, -0.000626500637736, 0.000662813137751, -0.000896766898222, 0.00114333175588, -0.00101146427915, 0.00146504503209, -0.000995483133011, 0.00116216624156], [-0.000521396519616, 0.00236279028468, -0.00101716024801, 0.00153682834934, -0.00101279641967, 0.00157597858924, -0.00135311030317, 0.00242800288834, -0.00308660161681, 0.0031152991578, -0.00422577699646, 0.0032658840064, -0.00362941226922], [0.000594309472945, -0.00101716024801, 0.00259433500469, -0.00129216175992, 0.000280796433799, -0.00171298859641, 0.00105165364221, 0.000162002004799, 0.00137378938962, -0.00222292519175, 0.00278219813481, -0.00262614991516, 0.00258402572945], [-0.000459433911601, 0.00153682834934, -0.00129216175992, 0.00577905029058, -0.000206028998946, 0.00119936512783, -0.00034473586129, 0.0014951309422, -0.00271336711012, 0.00344558642246, -0.00344467628747, 0.00102161499672, -0.00296646240167], [0.000411932560382, -0.00101279641967, 0.000280796433799, -0.000206028998946, 0.00583771802485, 0.000477202353068, -0.00066862226231, -0.00257257046178, 0.000608743459452, -0.000835270620883, 0.000835047278088, -0.00212303246371, 0.0014982385328], [-0.000626500637736, 0.00157597858924, -0.00171298859641, 0.00119936512783, 0.000477202353068, 0.00808580126613, -0.00325148180127, 0.00247812201269, -0.00254867225885, 0.000988218234852, -0.00354189961217, 0.00257280049846, -0.00297370017506], [0.000662813137751, -0.00135311030317, 0.00105165364221, -0.00034473586129, -0.00066862226231, -0.00325148180127, 0.0101345386356, -0.00320876855403, 0.00216656248085, -0.00300967227668, 0.00438945228234, -0.0031661123503, 0.00196373299696], [-0.000896766898222, 0.00242800288834, 0.000162002004799, 0.0014951309422, -0.00257257046178, 0.00247812201269, -0.00320876855403, 0.0138955870643, -0.00610050326213, 0.00409661233425, -0.00750989606604, 0.00306279351935, -0.00319037749432], [0.00114333175588, -0.00308660161681, 0.00137378938962, -0.00271336711012, 0.000608743459452, -0.00254867225885, 0.00216656248085, -0.00610050326213, 0.0223222225904, -0.0104286009446, 0.00656897760928, -0.0026889895089, 0.00243196892552], [-0.00101146427915, 0.0031152991578, -0.00222292519175, 0.00344558642246, -0.000835270620883, 0.000988218234852, -0.00300967227668, 0.00409661233425, -0.0104286009446, 0.0218904875219, -0.00647404789925, 0.00126435828861, -0.000922782986891], [0.00146504503209, -0.00422577699646, 0.00278219813481, -0.00344467628747, 0.000835047278088, -0.00354189961217, 0.00438945228234, -0.00750989606604, 0.00656897760928, -0.00647404789925, 0.0214371159673, -0.00469873799011, 0.00510471919551], [-0.000995483133011, 0.0032658840064, -0.00262614991516, 0.00102161499672, -0.00212303246371, 0.00257280049846, -0.0031661123503, 0.00306279351935, -0.0026889895089, 0.00126435828861, -0.00469873799011, 0.0190539099276, -0.00855222158134], [0.00116216624156, -0.00362941226922, 0.00258402572945, -0.00296646240167, 0.0014982385328, -0.00297370017506, 0.00196373299696, -0.00319037749432, 0.00243196892552, -0.000922782986891, 0.00510471919551, -0.00855222158134, 0.0251114759594]]
    },
    "melbands": {
        "mean": [0.00119956117123, 0.00256804330274, 0.00177362072282, 0.00117476622108, 0.000585798930842, 0.000304643850541, 0.000247252755798, 0.00022313494992, 0.000184635995538, 0.00024146240321, 0.000233277707594, 0.000192158084246, 0.000118704840133, 6.57687560306e-05, 5.70561896893e-05, 7.53791100578e-05, 6.40190992272e-05, 3.55926422344e-05, 3.78902441298e-05, 3.50876543962e-05, 4.79898772028e-05, 4.85955788463e-05, 3.66667190974e-05, 1.95781067305e-05, 1.47849550558e-05, 1.50064843183e-05, 1.16505361802e-05, 5.83221572015e-06, 3.58636089004e-06, 2.87203647531e-06, 2.10581401916e-06, 1.74858303126e-06, 1.21196899272e-06, 1.05141850781e-06, 9.9732255876e-07, 8.86610735051e-07, 7.53649317176e-07, 6.10337053786e-07, 5.63480512028e-07, 3.84102520457e-07]
    },
    "melbands128": {
        "mean": [0.000205288975849, 0.000740782881621, 0.00142834556755, 0.0024159969762, 0.00315261632204, 0.00226370431483, 0.00173437339254, 0.00186817580834, 0.00147493206896, 0.00128300557844, 0.000915907148737, 0.000497456872836, 0.000619050930254, 0.000545272661839, 0.000227680779062, 0.000218509128899, 0.000240703404415, 0.000215833468246, 0.000335444114171, 0.00021319546795, 0.000197326095076, 0.000146566453623, 0.000222107264563, 0.000167778227478, 0.000211925944313, 0.000314943201374, 0.000182461139048, 0.000316047720844, 0.000165386270965, 0.000125966020278, 0.000261714798398, 0.000216658547288, 7.50995604903e-05, 9.03513209778e-05, 4.83491785417e-05, 6.97171781212e-05, 7.38577291486e-05, 5.71674099774e-05, 4.20960350311e-05, 6.98484582244e-05, 0.000103784550447, 4.24690661021e-05, 6.86014827807e-05, 7.76654633228e-05, 3.71025489585e-05, 2.58679447143e-05, 3.33876669174e-05, 5.04439776705e-05, 3.30458860844e-05, 2.15190957533e-05, 3.63115250366e-05, 4.68926155008e-05, 4.93962143082e-05, 5.17355874763e-05, 3.94560520363e-05, 5.45625844097e-05, 4.94167361467e-05, 3.51767375832e-05, 3.51359813067e-05, 3.51142480213e-05, 1.24179614431e-05, 1.4400058717e-05, 1.65519122675e-05, 1.40987622217e-05, 1.36885055326e-05, 1.78955178853e-05, 1.20972190416e-05, 1.47275904965e-05, 1.15281964099e-05, 7.69431153458e-06, 5.53591962671e-06, 5.61366323382e-06, 3.88872831536e-06, 3.08571497953e-06, 3.15638726534e-06, 3.46562205777e-06, 2.32105844589e-06, 2.3112368126e-06, 2.08510641642e-06, 1.91886465473e-06, 1.83540555554e-06, 1.66602831086e-06, 1.55361362886e-06, 1.11603685582e-06, 1.00053534879e-06, 9.65214894677e-07, 1.12228167382e-06, 1.12672967134e-06, 1.00204749742e-06, 8.89906175416e-07, 8.85762290181e-07, 9.39069650485e-07, 7.98293683602e-07, 7.30817873773e-07, 7.84737721915e-07, 5.96908932948e-07, 5.59869477001e-07, 6.23330208782e-07, 5.8716204876e-07, 5.4217611023e-07, 4.50561600474e-07, 3.64711667089e-07, 2.85459151428e-07, 2.48087872023e-07, 2.19644959998e-07, 1.62347760124e-07, 1.36491635772e-07, 1.24647712596e-07, 1.20321061559e-07, 1.26724870597e-07, 1.42580262263e-07, 8.85622455371e-08, 7.2543784313e-08, 6.73726319178e-08, 7.13945880193e-08, 6.14934805299e-08, 5.29977874919e-08, 4.53522481791e-08, 3.31585958691e-08, 2.44206184163e-08, 1.5394624242e-08, 1.1733686911e-08, 8.9050873342e-09, 6.30020746684e-09, 4.52489024028e-09, 3.53672158226e-09, 2.69714139911e-09, 6.73043898392e-10]
    },
    "mfcc": {
        "mean": [-639.680603027, 139.942855835, -4.82861328125, 23.8925056458, 11.9117240906, -1.55123806, 5.95225906372, 7.0053191185, 1.77920019627, -0.487136602402, -6.96810102463, -2.34693431854, -3.15412521362],
        "cov": [[13711.1894531, 64.9707336426, -1428.29931641, -32.9827842712, -327.065643311, -343.108062744, -52.5019569397, 111.196327209, 10.5206861496, 7.05394172668, -65.5040435791, -83.7239456177, -132.716552734], [64.9707336426, 1421.77807617, -62.3619003296, 43.6421928406, 150.584182739, -92.013999939, 72.2083358765, -4.07248783112, -6.42565822601, 36.6192512512, -29.5929889679, 7.35816574097, 11.1443929672], [-1428.29931641, -62.3619003296, 859.057983398, 42.2205810547, 38.5090065002, 252.074584961, -37.8198204041, -35.3822059631, -5.4112739563, -48.3395462036, -9.21467971802, 6.31277322769, 27.0200366974], [-32.9827842712, 43.6421928406, 42.2205810547, 240.186172485, 63.0037841797, -20.7138786316, -6.31444406509, 13.7171220779, -1.08714652061, -30.8251895905, -13.6009111404, 7.25034427643, 18.3898162842], [-327.065643311, 150.584182739, 38.5090065002, 63.0037841797, 184.459274292, -21.741350174, 10.8483200073, 5.78368711472, -18.7152385712, 7.06005620956, 5.79523277283, -0.115476794541, -0.634164452553], [-343.108062744, -92.013999939, 252.074584961, -20.7138786316, -21.741350174, 233.682098389, -4.58490943909, -8.4965467453, 26.0040416718, -20.5509529114, 5.92703199387, -8.77955532074, 5.63515996933], [-52.5019569397, 72.2083358765, -37.8198204041, -6.31444406509, 10.8483200073, -4.58490943909, 112.047370911, 31.6076583862, -1.39762938023, 12.4955062866, 8.97088813782, 13.2307920456, -10.2959156036], [111.196327209, -4.07248783112, -35.3822059631, 13.7171220779, 5.78368711472, -8.4965467453, 31.6076583862, 82.4355926514, 15.5395755768, -2.74735951424, 2.31647920609, 5.68643426895, -0.799364328384], [10.5206861496, -6.42565822601, -5.4112739563, -1.08714652061, -18.7152385712, 26.0040416718, -1.39762938023, 15.5395755768, 82.8401794434, 13.5049953461, -3.20733809471, -3.84646916389, 11.5095558167], [7.05394172668, 36.6192512512, -48.3395462036, -30.8251895905, 7.06005620956, -20.5509529114, 12.4955062866, -2.74735951424, 13.5049953461, 79.898727417, 18.5062828064, 5.07602453232, -5.36875295639], [-65.5040435791, -29.5929889679, -9.21467971802, -13.6009111404, 5.79523277283, 5.92703199387, 8.97088813782, 2.31647920609, -3.20733809471, 18.5062828064, 67.3952713013, 16.8702964783, -3.85356974602], [-83.7239456177, 7.35816574097, 6.31277322769, 7.25034427643, -0.115476794541, -8.77955532074, 13.2307920456, 5.68643426895, -3.84646916389, 5.07602453232, 16.8702964783, 58.1723670959, 19.160364151], [-132.716552734, 11.1443929672, 27.0200366974, 18.3898162842, -0.634164452553, 5.63515996933, -10.2959156036, -0.799364328384, 11.5095558167, -5.36875295639, -3.85356974602, 19.160364151, 58.2978096008]],
        "icov": [[9.67957385001e-05, -2.40614772338e-05, 0.000164355398738, -5.76751917833e-05, 0.000170553379576, -4.61740855826e-05, 0.000139474694151, -0.000133699868456, 5.32908161404e-05, 1.0926093637e-05, 7.27484512026e-05, 2.78786264971e-05, 0.000182224321179], [-2.40614772338e-05, 0.000845806265716, -4.03890335292e-05, 3.82244688808e-05, -0.000703698256984, 0.0002673023846, -0.000631642353255, 0.000375033298042, -0.000154642868438, -0.000263585359789, 0.000514980463777, -3.44400286849e-05, -0.000298089056741], [0.000164355398738, -4.03890335292e-05, 0.00220891134813, -0.000374554772861, -0.000286638358375, -0.0022817151621, 0.00069680553861, 0.000210427693673, 0.000688640167937, 0.000315190729452, 0.000590835988987, -0.000613291515037, -4.66845667688e-05], [-5.76751917833e-05, 3.82244688808e-05, -0.000374554772861, 0.00522240297869, -0.00190322822891, 0.000858925050125, 0.000177813592018, -0.000578271807171, -0.000719885050785, 0.00207781489007, 0.000517722044606, -0.000559354608413, -0.0011411110172], [0.000170553379576, -0.000703698256984, -0.000286638358375, -0.00190322822891, 0.00735615426674, 0.000524976116139, 5.10266581841e-05, -0.000968970009126, 0.00172776100226, -0.00125209987164, -0.00107113539707, 0.00119495182298, 0.000361053913366], [-4.61740855826e-05, 0.0002673023846, -0.0022817151621, 0.000858925050125, 0.000524976116139, 0.00744974799454, -0.00112525129225, 0.000609348237049, -0.00268494198099, 0.00161190168001, -0.00161809497513, 0.00158702430781, -0.000224424395128], [0.000139474694151, -0.000631642353255, 0.00069680553861, 0.000177813592018, 5.10266581841e-05, -0.00112525129225, 0.0116360755637, -0.00455128680915, 0.00108748150524, -0.00131269940175, -6.93689253239e-06, -0.00291694817133, 0.00278381840326], [-0.000133699868456, 0.000375033298042, 0.000210427693673, -0.000578271807171, -0.000968970009126, 0.000609348237049, -0.00455128680915, 0.0152389518917, -0.00371724530123, 0.00202512554824, -0.000426671438618, -0.00093410135014, 0.000243716640398], [5.32908161404e-05, -0.000154642868438, 0.000688640167937, -0.000719885050785, 0.00172776100226, -0.00268494198099, 0.00108748150524, -0.00371724530123, 0.0153449745849, -0.0041660037823, 0.00116920901928, 0.00202502333559, -0.00352322403342], [1.0926093637e-05, -0.000263585359789, 0.000315190729452, 0.00207781489007, -0.00125209987164, 0.00161190168001, -0.00131269940175, 0.00202512554824, -0.0041660037823, 0.0161794908345, -0.00392736541107, -0.000857810780872, 0.00123504851945], [7.27484512026e-05, 0.000514980463777, 0.000590835988987, 0.000517722044606, -0.00107113539707, -0.00161809497513, -6.93689253239e-06, -0.000426671438618, 0.00116920901928, -0.00392736541107, 0.018330194056, -0.00596064515412, 0.00234588049352], [2.78786264971e-05, -3.44400286849e-05, -0.000613291515037, -0.000559354608413, 0.00119495182298, 0.00158702430781, -0.00291694817133, -0.00093410135014, 0.00202502333559, -0.000857810780872, -0.00596064515412, 0.0231431592256, -0.00861673802137], [0.000182224321179, -0.000298089056741, -4.66845667688e-05, -0.0011411110172, 0.000361053913366, -0.000224424395128, 0.00278381840326, 0.000243716640398, -0.00352322403342, 0.00123504851945, 0.00234588049352, -0.00861673802137, 0.0223237220198]]
    },
    "spectral_contrast_coeffs": {
        "mean": [-0.705322384834, -0.763628542423, -0.758804440498, -0.786576271057, -0.77747040987, -0.791849553585]
    },
    "spectral_contrast_valleys": {
        "mean": [-6.28827190399, -6.71156835556, -7.19872951508, -7.59143543243, -7.6617770195, -10.4088363647]
    }
},
"rhythm": {
    "beats_count": 382,
    "beats_loudness": {
        "mean": 0.0409161411226
    },
    "bpm": 132.052947998,
    "bpm_histogram_first_peak_bpm": 133,
    "bpm_histogram_first_peak_weight": 0.216216206551,
    "bpm_histogram_second_peak_bpm": 152,
    "bpm_histogram_second_peak_spread": 0,
    "bpm_histogram_second_peak_weight": 0.0236220471561,
    "danceability": 1.2738032341,
    "onset_rate": 3.0140144825,
    "beats_loudness_band_ratio": {
        "mean": [0.54233288765, 0.212338909507, 0.114304699004, 0.0970474332571, 0.0723684951663, 0.0380491279066]
    },
    "beats_position": [0.406349211931, 0.835918366909, 1.26548755169, 1.71827661991, 2.17106580734, 2.62385487556, 3.07664394379, 3.52943301201, 3.98222208023, 4.43501138687, 4.8994102478, 5.35219955444, 5.80498838425, 6.25777769089, 6.71056699753, 7.16335582733, 7.61614513397, 8.08054447174, 8.53333282471, 8.98612213135, 9.43891143799, 9.89170074463, 10.3444900513, 10.7972784042, 11.261677742, 11.7144670486, 12.1672563553, 12.6200447083, 13.0728340149, 13.5256233215, 13.9784126282, 14.4428119659, 14.8956003189, 15.3483896255, 15.8011789322, 16.2539672852, 16.7067565918, 17.1595458984, 17.6239452362, 18.0767345428, 18.5295238495, 18.9939231873, 19.4467124939, 19.8994998932, 20.3522891998, 20.8050785065, 21.2578678131, 21.7106571198, 22.1634464264, 22.616235733, 23.0690250397, 23.5218143463, 23.9862117767, 24.4390010834, 24.89179039, 25.3561897278, 25.8089790344, 26.2617683411, 26.7145576477, 27.1673469543, 27.620136261, 28.0729255676, 28.5257129669, 28.9785022736, 29.4312915802, 29.8840808868, 30.3484802246, 30.8012695312, 31.2540588379, 31.7068481445, 32.1596374512, 32.6124267578, 33.0652160645, 33.5296134949, 33.9824028015, 34.4351921082, 34.8879814148, 35.3407707214, 35.8051681519, 36.2579574585, 36.7107467651, 37.1635360718, 37.6163253784, 38.0807266235, 38.5335159302, 38.9863014221, 39.4390907288, 39.8918800354, 40.344669342, 40.7974586487, 41.2618598938, 41.703037262, 42.1674385071, 42.6202278137, 43.0730133057, 43.5374145508, 43.9785919189, 44.4429931641, 44.9073905945, 45.3601799011, 45.8129692078, 46.2657585144, 46.718547821, 47.1713371277, 47.6241264343, 48.076915741, 48.5297050476, 48.9824943542, 49.4352836609, 49.8880729675, 50.3408622742, 50.7936515808, 51.2464370728, 51.7108383179, 52.1752357483, 52.6280250549, 53.0808143616, 53.5336036682, 53.9863929749, 54.4391822815, 54.8919715881, 55.3447608948, 55.7975502014, 56.2619476318, 56.7031288147, 57.1675262451, 57.6203155518, 58.0731048584, 58.525894165, 58.9786834717, 59.4314727783, 59.884262085, 60.3486595154, 60.801448822, 61.2542381287, 61.7070274353, 62.1598167419, 62.6242179871, 63.0770072937, 63.5297966003, 63.9825820923, 64.4353713989, 64.8881607056, 65.3409500122, 65.8053512573, 66.258140564, 66.7109298706, 67.1637191772, 67.6165084839, 68.0692977905, 68.5220870972, 68.9864807129, 69.4392700195, 69.8920593262, 70.3448486328, 70.7976379395, 71.2620391846, 71.7032165527, 72.1676177979, 72.6204071045, 73.0731964111, 73.5375976562, 73.9903869629, 74.4431762695, 74.8959655762, 75.3487548828, 75.8015441895, 76.2543258667, 76.7071151733, 77.15990448, 77.6126937866, 78.0654830933, 78.5298843384, 78.982673645, 79.4354629517, 79.8998641968, 80.3526535034, 80.8054428101, 81.2582321167, 81.7110214233, 82.16381073, 82.6166000366, 83.0693893433, 83.5221786499, 83.9749679565, 84.4277572632, 84.8921508789, 85.3449401855, 85.7977294922, 86.2621307373, 86.7149200439, 87.1677093506, 87.6321105957, 88.0732879639, 88.537689209, 88.9788665771, 89.4432601929, 89.8960494995, 90.3488388062, 90.8016281128, 91.2544174194, 91.7188186646, 92.1716079712, 92.6243972778, 93.0771865845, 93.5299758911, 93.9827651978, 94.4355545044, 94.888343811, 95.3411331177, 95.8055343628, 96.2583236694, 96.7111129761, 97.1755065918, 97.61668396, 98.0810852051, 98.5222625732, 98.9866638184, 99.439453125, 99.8922424316, 100.345031738, 100.797821045, 101.250610352, 101.703399658, 102.156188965, 102.608978271, 103.073379517, 103.537773132, 103.990562439, 104.443351746, 104.896141052, 105.348930359, 105.813331604, 106.254508972, 106.707298279, 107.160087585, 107.624488831, 108.077278137, 108.530067444, 108.98285675, 109.435646057, 109.900039673, 110.352828979, 110.805618286, 111.258407593, 111.711196899, 112.163986206, 112.616775513, 113.069564819, 113.522354126, 113.986755371, 114.439544678, 114.892333984, 115.345123291, 115.797912598, 116.262313843, 116.715103149, 117.167892456, 117.620681763, 118.07346344, 118.526252747, 118.979042053, 119.443443298, 119.896232605, 120.349021912, 120.801811218, 121.254600525, 121.71900177, 122.171791077, 122.624580383, 123.07736969, 123.530158997, 123.982948303, 124.43573761, 124.888526917, 125.341316223, 125.805709839, 126.258499146, 126.711288452, 127.175689697, 127.628479004, 128.081268311, 128.534057617, 128.986846924, 129.43963623, 129.892425537, 130.345214844, 130.79800415, 131.250793457, 131.703582764, 132.167984009, 132.620773315, 133.073562622, 133.526351929, 133.979141235, 134.44354248, 134.896316528, 135.349105835, 135.801895142, 136.254684448, 136.707473755, 137.160263062, 137.624664307, 138.077453613, 138.53024292, 138.983032227, 139.435821533, 139.900222778, 140.341400146, 140.805801392, 141.258590698, 141.711380005, 142.17578125, 142.628570557, 143.081359863, 143.53414917, 143.986938477, 144.439727783, 144.89251709, 145.356918335, 145.798095703, 146.262496948, 146.715286255, 147.168075562, 147.620864868, 148.073654175, 148.526443481, 148.979232788, 149.432022095, 149.884811401, 150.349197388, 150.801986694, 151.254776001, 151.719177246, 152.171966553, 152.624755859, 153.077545166, 153.530334473, 153.994735718, 154.435913086, 154.888702393, 155.341491699, 155.805892944, 156.258682251, 156.711471558, 157.164260864, 157.617050171, 158.069839478, 158.522628784, 158.987030029, 159.439819336, 159.892608643, 160.345397949, 160.798187256, 161.250976562, 161.703765869, 162.168167114, 162.620956421, 163.073745728, 163.526535034, 163.979324341, 164.443710327, 164.896499634, 165.34928894, 165.802078247, 166.254867554, 166.70765686, 167.160446167, 167.601623535, 168.042816162, 168.49559021, 168.948379517, 169.401168823, 169.795913696, 170.190658569, 170.585388184, 170.980133057, 171.37487793, 171.769607544, 172.164352417, 172.55909729, 172.953826904],
    "bpm_histogram": [0, 0, 0, 0, 0, 0, 0, 0, 0, 0, 0, 0, 0, 0, 0, 0, 0, 0, 0, 0, 0, 0, 0, 0, 0, 0, 0, 0, 0, 0, 0, 0, 0, 0, 0, 0, 0, 0, 0, 0, 0, 0, 0, 0, 0, 0, 0, 0, 0, 0, 0, 0, 0, 0, 0, 0, 0, 0, 0, 0, 0, 0, 0, 0, 0, 0, 0, 0, 0, 0, 0, 0, 0, 0, 0, 0, 0, 0, 0, 0, 0, 0, 0, 0, 0, 0, 0, 0, 0, 0, 0, 0, 0, 0, 0, 0, 0, 0, 0, 0, 0, 0, 0, 0, 0, 0, 0, 0, 0, 0, 0, 0, 0, 0, 0, 0, 0, 0, 0, 0, 0, 0, 0, 0, 0, 0, 0, 0, 0, 0.173228353262, 0, 0, 0, 0.761154830456, 0, 0, 0.0367454066873, 0, 0, 0, 0.00524934381247, 0, 0, 0, 0, 0, 0, 0, 0, 0, 0, 0, 0.0236220471561, 0, 0, 0, 0, 0, 0, 0, 0, 0, 0, 0, 0, 0, 0, 0, 0, 0, 0, 0, 0, 0, 0, 0, 0, 0, 0, 0, 0, 0, 0, 0, 0, 0, 0, 0, 0, 0, 0, 0, 0, 0, 0, 0, 0, 0, 0, 0, 0, 0, 0, 0, 0, 0, 0, 0, 0, 0, 0, 0, 0, 0, 0, 0, 0, 0, 0, 0, 0, 0, 0, 0, 0, 0, 0, 0, 0, 0, 0, 0, 0, 0, 0, 0, 0, 0, 0, 0, 0, 0, 0, 0, 0, 0, 0, 0, 0, 0]
},
"tonal": {
    "chords_changes_rate": 0.0535045489669,
    "chords_number_rate": 0.0021401818376,
    "chords_strength": {
        "mean": 0.497975617647
    },
    "hpcp_crest": {
        "mean": 13.1326160431
    },
    "hpcp_entropy": {
        "mean": 2.06400632858
    },
    "key_edma": {
        "strength": 0.818261861801,
        "key": "Eb",
        "scale": "major"
    },
    "key_krumhansl": {
        "strength": 0.827256679535,
        "key": "Eb",
        "scale": "major"
    },
    "key_temperley": {
        "strength": 0.834984123707,
        "key": "Eb",
        "scale": "major"
    },
    "tuning_diatonic_strength": 0.646145701408,
    "tuning_equal_tempered_deviation": 0.00943912100047,
    "tuning_frequency": 441.017791748,
    "tuning_nontempered_energy_ratio": 0.65848082304,
    "hpcp": {
        "mean": [0.065949216485, 0.0561565198004, 0.191266551614, 0.38776320219, 0.278857588768, 0.0835828259587, 0.0500073134899, 0.0423684231937, 0.0942924842238, 0.123461298645, 0.0751502141356, 0.048873167485, 0.0480241812766, 0.0468412339687, 0.100673519075, 0.143279984593, 0.120192036033, 0.260701864958, 0.368321746588, 0.216887950897, 0.102876201272, 0.0892491787672, 0.100751414895, 0.19439946115, 0.240326121449, 0.137527480721, 0.0637558177114, 0.049247790128, 0.0498422980309, 0.181503519416, 0.250614076853, 0.140746369958, 0.192507117987, 0.296938657761, 0.190850242972, 0.0847290977836]
    },
    "chords_histogram": [41.4660263062, 8.96201133728, 9.52380943298, 0, 0, 0, 0, 0.133761376143, 3.66506147385, 0.16051363945, 0.53504550457, 0, 0, 0, 0, 0.294275015593, 0, 1.12359547615, 0.240770459175, 0.454788655043, 0.374531835318, 7.16960954666, 22.6324234009, 3.26377749443],
    "thpcp": [1, 0.719144046307, 0.21555121243, 0.128963530064, 0.109263651073, 0.243170276284, 0.318393528461, 0.193804398179, 0.126038700342, 0.123849250376, 0.120798550546, 0.259626269341, 0.369503825903, 0.309962451458, 0.672322332859, 0.949862539768, 0.559330940247, 0.265306770802, 0.230164125562, 0.259827166796, 0.501335501671, 0.619775474072, 0.354668736458, 0.164419457316, 0.127004802227, 0.128537982702, 0.468078255653, 0.646306991577, 0.362969905138, 0.496455341578, 0.765773177147, 0.492182463408, 0.218507319689, 0.170076012611, 0.144821688533, 0.493256062269],
    "chords_key": "Eb",
    "chords_scale": "major"
}
}