{
"metadata": {
    "version": {
        "essentia": "2.1-beta6-dev",
        "essentia_git_sha": "v2.1_beta5-1177-g1d1cc983",
        "extractor": "music 2.0"
    },
    "audio_properties": {
        "analysis": {
            "equal_loudness": 0,
            "length": 231.026672363,
            "sample_rate": 44100,
            "start_time": 0,
            "downmix": "mix"
        },
        "bit_rate": 1411200,
        "length": 231.026672363,
        "lossless": 1,
        "number_channels": 2,
        "replay_gain": -15.8011789322,
        "sample_rate": 44100,
        "codec": "pcm_s16le",
        "md5_encoded": "00be1fb309a89a0dde283e871f122369"
    },
    "tags": {
        "file_name": "All Get Out - All Get Out - 05 The E.C..wav"
    }
},
"lowlevel": {
    "average_loudness": 0.916932046413,
    "barkbands_crest": {
        "mean": 8.11920070648
    },
    "barkbands_flatness_db": {
        "mean": 0.105586282909
    },
    "barkbands_kurtosis": {
        "mean": 1.90449273586
    },
    "barkbands_skewness": {
        "mean": 1.10241746902
    },
    "barkbands_spread": {
        "mean": 28.8687343597
    },
    "dissonance": {
        "mean": 0.474404126406
    },
    "dynamic_complexity": 3.04231023788,
    "erbbands_crest": {
        "mean": 7.72356319427
    },
    "erbbands_flatness_db": {
        "mean": 0.148600950837
    },
    "erbbands_kurtosis": {
        "mean": 0.00323102646507
    },
    "erbbands_skewness": {
        "mean": 0.0994165539742
    },
    "erbbands_spread": {
        "mean": 40.5179367065
    },
    "hfc": {
        "mean": 24.6430473328
    },
    "loudness_ebu128": {
        "integrated": -6.7304983139,
        "loudness_range": 5.47094154358,
        "momentary": {
            "mean": -9.63195610046
        },
        "short_term": {
            "mean": -7.44494628906
        }
    },
    "melbands_crest": {
        "mean": 12.8176984787
    },
    "melbands_flatness_db": {
        "mean": 0.15663138032
    },
    "melbands_kurtosis": {
        "mean": 8.08579730988
    },
    "melbands_skewness": {
        "mean": 2.20416522026
    },
    "melbands_spread": {
        "mean": 33.8014335632
    },
    "pitch_salience": {
        "mean": 0.609368026257
    },
    "silence_rate_20dB": {
        "mean": 1
    },
    "silence_rate_30dB": {
        "mean": 1
    },
    "silence_rate_60dB": {
        "mean": 0.0985830575228
    },
    "spectral_centroid": {
        "mean": 1888.7265625
    },
    "spectral_complexity": {
        "mean": 27.3275051117
    },
    "spectral_decrease": {
        "mean": -6.32301899728e-09
    },
    "spectral_energy": {
        "mean": 0.0260996688157
    },
    "spectral_energyband_high": {
        "mean": 0.00122816185467
    },
    "spectral_energyband_low": {
        "mean": 0.00885111093521
    },
    "spectral_energyband_middle_high": {
        "mean": 0.0065095955506
    },
    "spectral_energyband_middle_low": {
        "mean": 0.0111027462408
    },
    "spectral_entropy": {
        "mean": 7.80105876923
    },
    "spectral_flux": {
        "mean": 0.0779513269663
    },
    "spectral_kurtosis": {
        "mean": 3.7543053627
    },
    "spectral_rms": {
        "mean": 0.00463020754978
    },
    "spectral_rolloff": {
        "mean": 2300.73681641
    },
    "spectral_skewness": {
        "mean": 1.27369439602
    },
    "spectral_spread": {
        "mean": 4715272
    },
    "spectral_strongpeak": {
        "mean": 0.989836037159
    },
    "zerocrossingrate": {
        "mean": 0.0833941325545
    },
    "barkbands": {
        "mean": [0.000956529867835, 0.00357353058644, 0.00298003270291, 0.00270974333398, 0.0021052097436, 0.00257804244757, 0.00140876753721, 0.000927691813558, 0.000860781234223, 0.00120568554848, 0.000672938069329, 0.00066718517337, 0.000931211281568, 0.000535176019184, 0.000346555054421, 0.000279469706584, 0.000662857724819, 0.000588063325267, 0.000557091261726, 0.000507456541527, 0.000299022241961, 0.000216187268961, 0.000212316721445, 0.00015896667901, 0.000100116798421, 4.80409289594e-05, 1.08000112959e-05]
    },
    "erbbands": {
        "mean": [0.140053898096, 0.683514356613, 2.94641208649, 7.076587677, 7.1363158226, 7.10384321213, 14.4415664673, 22.7382793427, 17.9605560303, 22.7652492523, 19.0142402649, 21.1520938873, 34.7178764343, 38.5577507019, 20.9498405457, 30.602684021, 41.3733100891, 35.5598831177, 20.5601291656, 15.6897544861, 19.1328392029, 35.9156303406, 31.7942848206, 27.1644630432, 33.5495948792, 22.3825435638, 15.0586137772, 9.57040214539, 7.71436071396, 6.24200344086, 6.40249061584, 4.39900970459, 2.04397964478, 1.25379049778, 0.643280267715, 0.270007580519, 0.0719626173377, 0.0154575156048, 0.00182933150791, 0.000116542716569]
    },
    "gfcc": {
        "mean": [1.65523815155, 75.7175064087, -129.115753174, 32.3365516663, -61.9037399292, 2.88702726364, -32.1845550537, 6.59818172455, -28.7057266235, -2.36501002312, -13.6319799423, -1.35242724419, -13.5899238586],
        "cov": [[25367.4941406, -976.860290527, 47.7765617371, 1118.41650391, -468.687438965, 1380.08605957, -698.701660156, 989.445251465, -226.156311035, 412.548980713, -253.639892578, 221.189102173, -626.959777832], [-976.860290527, 2241.66601562, -406.850799561, 20.9541816711, 233.857254028, -409.723175049, 333.285583496, -205.281509399, 91.1106414795, -164.724273682, 88.691619873, -134.348724365, 182.528259277], [47.7765617371, -406.850799561, 1389.0513916, 270.446014404, 272.299682617, 381.497161865, -69.7634429932, 297.189422607, 127.332801819, 105.203796387, -56.2537879944, 95.3149108887, -121.571304321], [1118.41650391, 20.9541816711, 270.446014404, 463.337341309, 75.4851837158, 228.931106567, -20.6442623138, 134.175521851, 92.2275848389, 44.4258766174, -0.326171398163, 22.0888118744, -64.2079696655], [-468.687438965, 233.857254028, 272.299682617, 75.4851837158, 372.132904053, 70.1707382202, 152.994522095, 43.743057251, 69.467590332, 44.5408325195, 20.7898197174, -10.0904092789, 8.29278182983], [1380.08605957, -409.723175049, 381.497161865, 228.931106567, 70.1707382202, 429.901367188, -7.76564311981, 208.001617432, 28.6853637695, 78.2686462402, -20.1977920532, 37.6355247498, -112.666969299], [-698.701660156, 333.285583496, -69.7634429932, -20.6442623138, 152.994522095, -7.76564311981, 220.303787231, -14.5240621567, 35.6049804688, -17.6602706909, 26.2805614471, -29.9588279724, 28.7553367615], [989.445251465, -205.281509399, 297.189422607, 134.175521851, 43.743057251, 208.001617432, -14.5240621567, 211.613388062, 55.0112190247, 57.9231529236, -16.4225597382, 32.5295829773, -59.3679389954], [-226.156311035, 91.1106414795, 127.332801819, 92.2275848389, 69.467590332, 28.6853637695, 35.6049804688, 55.0112190247, 110.738113403, 39.9594268799, 25.5973243713, 9.76801395416, -0.398039489985], [412.548980713, -164.724273682, 105.203796387, 44.4258766174, 44.5408325195, 78.2686462402, -17.6602706909, 57.9231529236, 39.9594268799, 98.1162338257, 34.9801063538, 28.0182876587, -25.0252094269], [-253.639892578, 88.691619873, -56.2537879944, -0.326171398163, 20.7898197174, -20.1977920532, 26.2805614471, -16.4225597382, 25.5973243713, 34.9801063538, 83.7943496704, 23.0389156342, 28.0776729584], [221.189102173, -134.348724365, 95.3149108887, 22.0888118744, -10.0904092789, 37.6355247498, -29.9588279724, 32.5295829773, 9.76801395416, 28.0182876587, 23.0389156342, 76.6030807495, 9.33274650574], [-626.959777832, 182.528259277, -121.571304321, -64.2079696655, 8.29278182983, -112.666969299, 28.7553367615, -59.3679389954, -0.398039489985, -25.0252094269, 28.0776729584, 9.33274650574, 94.6407165527]],
        "icov": [[0.00010949964053, -0.000194073771127, 0.000224099494517, -0.000109082058771, -1.08938029371e-05, -0.000176518326043, 0.000334150478011, -0.000461942021502, 0.000547649047803, -0.000659641227685, 0.000566036673263, -0.000542565132491, 0.000426521524787], [-0.000194073771127, 0.00140918057878, -0.000432381784776, -0.000445303070592, -0.000301668711472, 0.00126068387181, -0.00143764843233, 0.000559335167054, -0.00129910581745, 0.00277381949127, -0.00236697914079, 0.0022655131761, -0.00133926584385], [0.000224099494517, -0.000432381784776, 0.00219649705105, 0.000119780444948, -0.00173789064866, -0.00101802567951, 0.00225258781575, -0.00173767260276, -0.000449314276921, -0.000273211189779, 0.00217215740122, -0.00301848817617, 0.00196626689285], [-0.000109082058771, -0.000445303070592, 0.000119780444948, 0.00440747849643, -0.000724328216165, -0.0025883410126, 0.00195659836754, 0.000711793603841, -0.00413286220282, 0.00209434633143, -0.000444043747848, -0.000453028915217, 0.000827242271043], [-1.08938029371e-05, -0.000301668711472, -0.00173789064866, -0.000724328216165, 0.00652607344091, 5.26887051819e-05, -0.00475895404816, 0.00111142033711, 0.000962752033956, -0.00475247809663, 0.00117592536844, 0.00192499801051, -0.00237147905864], [-0.000176518326043, 0.00126068387181, -0.00101802567951, -0.0025883410126, 5.26887051819e-05, 0.00848874263465, -0.00352866738103, -0.00383100728504, 0.00322921178304, -0.000113012079964, -0.00222487212159, 0.000790219055489, 0.00267125386745], [0.000334150478011, -0.00143764843233, 0.00225258781575, 0.00195659836754, -0.00475895404816, -0.00352866738103, 0.012014570646, -0.00162468163762, -0.00233288737945, 0.00287650059909, -0.000452903885162, -0.00119016005192, 0.00175647134893], [-0.000461942021502, 0.000559335167054, -0.00173767260276, 0.000711793603841, 0.00111142033711, -0.00383100728504, -0.00162468163762, 0.0141571089625, -0.0065699336119, -1.84973555406e-06, 0.00141733000055, 0.000265863898676, -0.00164673174731], [0.000547649047803, -0.00129910581745, -0.000449314276921, -0.00413286220282, 0.000962752033956, 0.00322921178304, -0.00233288737945, -0.0065699336119, 0.0213972441852, -0.0102333854884, 0.000540880078916, -0.000889359333087, 0.000411134242313], [-0.000659641227685, 0.00277381949127, -0.000273211189779, 0.00209434633143, -0.00475247809663, -0.000113012079964, 0.00287650059909, -1.84973555406e-06, -0.0102333854884, 0.0297446642071, -0.0156739167869, 0.00182890496217, 0.00304895965382], [0.000566036673263, -0.00236697914079, 0.00217215740122, -0.000444043747848, 0.00117592536844, -0.00222487212159, -0.000452903885162, 0.00141733000055, 0.000540880078916, -0.0156739167869, 0.027060655877, -0.010110989213, -0.00209460547194], [-0.000542565132491, 0.0022655131761, -0.00301848817617, -0.000453028915217, 0.00192499801051, 0.000790219055489, -0.00119016005192, 0.000265863898676, -0.000889359333087, 0.00182890496217, -0.010110989213, 0.0254566557705, -0.00987876858562], [0.000426521524787, -0.00133926584385, 0.00196626689285, 0.000827242271043, -0.00237147905864, 0.00267125386745, 0.00175647134893, -0.00164673174731, 0.000411134242313, 0.00304895965382, -0.00209460547194, -0.00987876858562, 0.0232865139842]]
    },
    "melbands": {
        "mean": [0.0011406482663, 0.00134239450563, 0.00122465263121, 0.000470187689643, 0.00046590185957, 0.000489618454594, 0.000294705794659, 0.000243240880081, 0.000142627221067, 0.000137837283546, 0.000171217921888, 0.000154556968482, 7.3064424214e-05, 7.5526368164e-05, 7.17253860785e-05, 0.000102686230093, 5.9775677073e-05, 3.2275715057e-05, 2.56449893641e-05, 1.85895096365e-05, 2.35894895013e-05, 3.71945607185e-05, 3.33933676302e-05, 2.85396035906e-05, 2.03792405955e-05, 2.30278837989e-05, 2.45914943662e-05, 1.22125456983e-05, 9.72015368461e-06, 6.89395255904e-06, 5.1502001952e-06, 4.26762289862e-06, 4.14349597122e-06, 3.12891870635e-06, 3.66850599676e-06, 3.68738460566e-06, 2.30618479691e-06, 1.49590346155e-06, 1.16677233564e-06, 1.00415445559e-06]
    },
    "melbands128": {
        "mean": [0.000778153305873, 0.00132531858981, 0.00112882605754, 0.00109682232141, 0.00137311883736, 0.00149269099347, 0.00151335576084, 0.00125976966228, 0.000647566863336, 0.000379281496862, 0.000388287298847, 0.000372256006813, 0.000526394054759, 0.000507471675519, 0.000618961290456, 0.000423229852458, 0.000213180261198, 0.000279115105513, 0.00041104349657, 0.000215235559153, 0.000203756673727, 0.000170625266037, 0.000150947729708, 8.725830412e-05, 0.000122007215396, 0.000166506462847, 0.000148159117089, 0.000222904665861, 0.000116212540888, 0.00016333918029, 0.000187484343769, 0.0001097896602, 4.87338620587e-05, 6.35316246189e-05, 5.27246884303e-05, 9.33910778258e-05, 9.31558024604e-05, 5.38215863344e-05, 6.64024701109e-05, 0.000106111088826, 0.000116007424367, 9.12322357181e-05, 5.99371633143e-05, 4.75030828966e-05, 3.23085732816e-05, 2.98382219626e-05, 3.11648545903e-05, 3.11390613206e-05, 1.91648014152e-05, 1.80363076652e-05, 2.01195362024e-05, 1.74517790583e-05, 1.73501175595e-05, 2.72004253929e-05, 3.64869811165e-05, 3.38965619449e-05, 4.33393797721e-05, 4.0357306716e-05, 2.87533166556e-05, 2.22472572204e-05, 3.00052961393e-05, 3.31611227011e-05, 2.21018635784e-05, 1.62617798196e-05, 1.64052853506e-05, 2.599432446e-05, 2.19986377488e-05, 3.06944675685e-05, 2.52150075539e-05, 1.74156775756e-05, 1.2917085769e-05, 8.24804828881e-06, 9.60953911999e-06, 1.01407640614e-05, 1.0401578038e-05, 6.46826310913e-06, 5.81389349463e-06, 5.5891609918e-06, 5.09351275468e-06, 4.64322920379e-06, 4.43260523753e-06, 3.82161533707e-06, 4.62400976176e-06, 4.33487957707e-06, 3.73829493583e-06, 3.2167149584e-06, 2.65891640083e-06, 3.0881103612e-06, 4.32150818597e-06, 3.16058299177e-06, 4.40367830379e-06, 3.95866300096e-06, 2.66471238319e-06, 2.2334879759e-06, 2.04624075195e-06, 1.85832254829e-06, 1.26740053474e-06, 1.13432270155e-06, 1.12794646157e-06, 1.28859596771e-06, 1.07616028799e-06, 1.02662374957e-06, 7.67043502492e-07, 7.77513378125e-07, 8.41170276544e-07, 6.23841742708e-07, 4.82590962747e-07, 5.61209617445e-07, 5.48255513877e-07, 3.41784812008e-07, 2.89964873446e-07, 2.57453422137e-07, 2.2048030246e-07, 1.69794020621e-07, 1.45679976526e-07, 1.39067893201e-07, 1.092059847e-07, 9.28702874603e-08, 7.94970418383e-08, 5.60642092751e-08, 4.21149870533e-08, 3.35722738498e-08, 2.41733424389e-08, 1.98264196172e-08, 1.30588428959e-08, 9.43491595962e-09, 5.91579496501e-09, 2.99168112505e-09]
    },
    "mfcc": {
        "mean": [-629.116943359, 104.184661865, -12.0160388947, 26.5669250488, -7.61718511581, -1.92506468296, 1.99883627892, 3.84014487267, -7.44937705994, -1.16600716114, -2.68713974953, 1.11042010784, -5.64081096649],
        "cov": [[12540.296875, -716.47479248, 869.69354248, 141.933670044, 700.811401367, 449.510009766, 175.234008789, 566.125, 129.79347229, 474.360992432, 214.777267456, 288.314208984, 291.433013916], [-716.47479248, 1794.93933105, -300.35836792, 289.896240234, -81.1472702026, -66.1098861694, 102.456436157, -53.8618583679, 85.1341018677, -82.4788818359, -12.343580246, -13.8592576981, -37.4118347168], [869.69354248, -300.35836792, 946.287841797, 68.791305542, 359.187652588, 99.7531661987, -16.4589004517, 210.103103638, 56.6950073242, 162.763153076, 30.6615104675, 61.1195602417, 82.7867736816], [141.933670044, 289.896240234, 68.791305542, 292.203887939, 104.635375977, 68.8498535156, 9.45159816742, 44.680847168, 55.045249939, 34.5783996582, 30.3777484894, 38.3655128479, 29.2999629974], [700.811401367, -81.1472702026, 359.187652588, 104.635375977, 311.566070557, 109.66570282, 48.4789047241, 106.531028748, 68.2128143311, 113.865905762, 45.2048187256, 44.1893386841, 65.5318603516], [449.510009766, -66.1098861694, 99.7531661987, 68.8498535156, 109.66570282, 176.645126343, 76.4737091064, 84.4144744873, 37.3879928589, 65.2840957642, 51.2568283081, 42.7165374756, 21.9158000946], [175.234008789, 102.456436157, -16.4589004517, 9.45159816742, 48.4789047241, 76.4737091064, 151.292541504, 57.5402374268, 43.8696517944, 33.1129455566, 33.7306175232, 15.404583931, 11.4831857681], [566.125, -53.8618583679, 210.103103638, 44.680847168, 106.531028748, 84.4144744873, 57.5402374268, 170.017959595, 62.116355896, 86.443572998, 27.5857162476, 43.9411582947, 29.177154541], [129.79347229, 85.1341018677, 56.6950073242, 55.045249939, 68.2128143311, 37.3879928589, 43.8696517944, 62.116355896, 97.8123397827, 54.3080329895, 25.0361347198, 11.6553897858, 18.0321598053], [474.360992432, -82.4788818359, 162.763153076, 34.5783996582, 113.865905762, 65.2840957642, 33.1129455566, 86.443572998, 54.3080329895, 132.102386475, 51.0980262756, 37.467716217, 32.8717041016], [214.777267456, -12.343580246, 30.6615104675, 30.3777484894, 45.2048187256, 51.2568283081, 33.7306175232, 27.5857162476, 25.0361347198, 51.0980262756, 73.3198623657, 43.0790596008, 23.2269496918], [288.314208984, -13.8592576981, 61.1195602417, 38.3655128479, 44.1893386841, 42.7165374756, 15.404583931, 43.9411582947, 11.6553897858, 37.467716217, 43.0790596008, 82.9812469482, 44.320892334], [291.433013916, -37.4118347168, 82.7867736816, 29.2999629974, 65.5318603516, 21.9158000946, 11.4831857681, 29.177154541, 18.0321598053, 32.8717041016, 23.2269496918, 44.320892334, 79.0665359497]],
        "icov": [[0.000107941028546, 4.11122414334e-07, 6.96723654983e-05, 5.39256980119e-05, -0.000168002399732, -7.11017928552e-05, 7.80635891715e-05, -0.00030489495839, 0.000219110370381, -0.000150681342348, -3.15540346492e-05, -1.87996010936e-05, -0.000197992994799], [4.11122414334e-07, 0.00095577648608, 2.09335776162e-05, -0.00122909026686, 0.000263820926193, 0.00095461984165, -0.00122350826859, 0.000417203496909, -0.000779634574428, 0.00041319912998, 0.00029878289206, -0.000471058330731, 0.000607054447755], [6.96723654983e-05, 2.09335776162e-05, 0.00275111268274, 0.000448443170171, -0.00298066693358, 0.00045487380703, 0.00171498092823, -0.00295242946595, 0.00132455583662, -0.000477336725453, 0.000136769172968, 0.000313082971843, -0.000428165745689], [5.39256980119e-05, -0.00122909026686, 0.000448443170171, 0.00626918114722, -0.00201393291354, -0.00257684313692, 0.00317025813274, -0.0007433888386, -0.00139117788058, 0.000782158516813, -0.000615865516011, -0.000874971330632, -0.000712251930963], [-0.000168002399732, 0.000263820926193, -0.00298066693358, -0.00201393291354, 0.00966325961053, -0.00216823117808, -0.00212100101635, 0.00279794842936, -0.00226655579172, -0.0026416874025, 0.000913791649509, 0.00119161710609, -0.00284246960655], [-7.11017928552e-05, 0.00095461984165, 0.00045487380703, -0.00257684313692, -0.00216823117808, 0.012183310464, -0.00457972241566, -0.002606138587, 0.00149078096729, 0.000132720233523, -0.0033724908717, -0.00160222768318, 0.00273301708512], [7.80635891715e-05, -0.00122350826859, 0.00171498092823, 0.00317025813274, -0.00212100101635, -0.00457972241566, 0.0127519154921, -0.00428854115307, -0.00142001267523, 0.00141735584475, -0.00367984524928, 0.00256472802721, -0.0017013316974], [-0.00030489495839, 0.000417203496909, -0.00295242946595, -0.0007433888386, 0.00279794842936, -0.002606138587, -0.00428854115307, 0.0165815427899, -0.00627838121727, -0.00448873685673, 0.00651579210535, -0.00630062026903, 0.00251111597754], [0.000219110370381, -0.000779634574428, 0.00132455583662, -0.00139117788058, -0.00226655579172, 0.00149078096729, -0.00142001267523, -0.00627838121727, 0.0193786974996, -0.00443740887567, -0.00305378600024, 0.00503919133916, -0.00256179389544], [-0.000150681342348, 0.00041319912998, -0.000477336725453, 0.000782158516813, -0.0026416874025, 0.000132720233523, 0.00141735584475, -0.00448873685673, -0.00443740887567, 0.0186058748513, -0.00905503518879, 0.000985474442132, -5.15533902217e-05], [-3.15540346492e-05, 0.00029878289206, 0.000136769172968, -0.000615865516011, 0.000913791649509, -0.0033724908717, -0.00367984524928, 0.00651579210535, -0.00305378600024, -0.00905503518879, 0.0293525736779, -0.0127762714401, 0.00165018311236], [-1.87996010936e-05, -0.000471058330731, 0.000313082971843, -0.000874971330632, 0.00119161710609, -0.00160222768318, 0.00256472802721, -0.00630062026903, 0.00503919133916, 0.000985474442132, -0.0127762714401, 0.0269785579294, -0.0116767520085], [-0.000197992994799, 0.000607054447755, -0.000428165745689, -0.000712251930963, -0.00284246960655, 0.00273301708512, -0.0017013316974, 0.00251111597754, -0.00256179389544, -5.15533902217e-05, 0.00165018311236, -0.0116767520085, 0.0219619888812]]
    },
    "spectral_contrast_coeffs": {
        "mean": [-0.700492501259, -0.771730542183, -0.76609992981, -0.810318887234, -0.795861780643, -0.748184382915]
    },
    "spectral_contrast_valleys": {
        "mean": [-7.08670282364, -6.79329586029, -7.33175897598, -7.60057973862, -7.15735864639, -10.2426700592]
    }
},
"rhythm": {
    "beats_count": 344,
    "beats_loudness": {
        "mean": 0.0502691008151
    },
    "bpm": 84.9143676758,
    "bpm_histogram_first_peak_bpm": 85,
    "bpm_histogram_first_peak_weight": 0.145593941212,
    "bpm_histogram_second_peak_bpm": 115,
    "bpm_histogram_second_peak_spread": 0.428571462631,
    "bpm_histogram_second_peak_weight": 0.0466472320259,
    "danceability": 1.13355648518,
    "onset_rate": 2.06891894341,
    "beats_loudness_band_ratio": {
        "mean": [0.568021833897, 0.125023424625, 0.106984235346, 0.109993360937, 0.0674708411098, 0.0567978248]
    },
    "beats_position": [0.615328788757, 1.24226760864, 1.86920630932, 2.49614500999, 3.21596360207, 3.93578219414, 4.66721057892, 5.39863920212, 6.14167785645, 6.87310647964, 7.59292507172, 8.3011341095, 9.0093421936, 9.72916126251, 10.4373693466, 11.1455783844, 11.8537864685, 12.5619955063, 13.2585935593, 13.966802597, 14.6750106812, 15.3716096878, 16.0914287567, 16.7880268097, 17.4962348938, 18.2044448853, 18.9126529694, 19.6208610535, 20.3290691376, 21.037279129, 21.7454872131, 22.4536952972, 23.1502952576, 23.8585033417, 24.5667114258, 25.2633094788, 25.9599094391, 26.6565074921, 27.3763256073, 28.0961437225, 28.7927436829, 29.4893417358, 30.2091598511, 30.9057598114, 31.6255779266, 32.3337860107, 33.0419960022, 33.7385940552, 34.4351921082, 35.1434020996, 35.8516082764, 36.5482063293, 37.2564163208, 37.9646263123, 38.6844444275, 39.3810424805, 40.1008605957, 40.8090705872, 41.4940567017, 42.2138786316, 42.9104766846, 43.6186828613, 44.3268928528, 45.0351028442, 45.743309021, 46.439907074, 47.1481170654, 47.8563270569, 48.5529251099, 49.2611312866, 49.9693412781, 50.6659393311, 51.3741493225, 52.0823554993, 52.7905654907, 53.4987754822, 54.2069816589, 54.9151916504, 55.6117897034, 56.3199996948, 57.0282058716, 57.7248077393, 58.433013916, 59.1412239075, 59.8494338989, 60.5576400757, 61.2542381287, 61.9624481201, 62.6706581116, 63.3788642883, 64.0870742798, 64.7952804565, 65.5034942627, 66.200088501, 66.9082946777, 67.6165084839, 68.3247146606, 69.0329208374, 69.7411346436, 70.4377288818, 71.145942688, 71.8541488647, 72.5623550415, 73.2589569092, 73.9787750244, 74.6985931396, 75.3951950073, 76.0917892456, 76.7883911133, 77.49659729, 78.2048034668, 78.9014053345, 79.6096115112, 80.3178253174, 81.0260314941, 81.7342376709, 82.4424438477, 83.1506576538, 83.8472518921, 84.5554656982, 85.263671875, 85.9602737427, 86.6684799194, 87.3766860962, 88.0848999023, 88.7931060791, 89.5129241943, 90.2327423096, 90.9641723633, 91.695602417, 92.4154205322, 93.123626709, 93.8086166382, 94.4936065674, 95.1669845581, 95.8519744873, 96.5717926025, 97.2683868408, 97.9649887085, 98.6615829468, 99.3697967529, 100.07800293, 100.786209106, 101.494422913, 102.202629089, 102.910835266, 103.619049072, 104.327255249, 105.023849487, 105.720451355, 106.428657532, 107.136871338, 107.833465576, 108.541679382, 109.249885559, 109.969703674, 110.666305542, 111.386123657, 112.082717896, 112.790924072, 113.499137878, 114.195732117, 114.903945923, 115.6121521, 116.320358276, 117.028572083, 117.736778259, 118.444984436, 119.141586304, 119.84979248, 120.557998657, 121.254600525, 121.97441864, 122.671020508, 123.379226685, 124.087432861, 124.784034729, 125.492240906, 126.200454712, 126.908660889, 127.616867065, 128.325073242, 129.033279419, 129.729888916, 130.438095093, 131.14630127, 131.854507446, 132.562713623, 133.25932312, 133.967529297, 134.675735474, 135.395553589, 136.092147827, 136.788757324, 137.508575439, 138.205169678, 138.901763916, 139.609970093, 140.31817627, 141.026397705, 141.734603882, 142.442810059, 143.151016235, 143.847610474, 144.567428589, 145.264038086, 145.960632324, 146.680450439, 147.377044678, 148.085250854, 148.79347229, 149.490066528, 150.198272705, 150.906478882, 151.614685059, 152.322906494, 153.031112671, 153.739318848, 154.435913086, 155.144119263, 155.852325439, 156.560546875, 157.268753052, 157.96534729, 158.673553467, 159.381759644, 160.089981079, 160.798187256, 161.494781494, 162.214599609, 162.911193848, 163.607803345, 164.316009521, 165.024215698, 165.732421875, 166.440628052, 167.148834229, 167.857055664, 168.553649902, 169.261856079, 169.970062256, 170.666656494, 171.37487793, 172.083084106, 172.791290283, 173.49949646, 174.207702637, 174.915908813, 175.612518311, 176.320724487, 177.028930664, 177.748748779, 178.445343018, 179.153549194, 179.86177063, 180.558364868, 181.266571045, 181.974777222, 182.671386719, 183.379592896, 184.087799072, 184.784393311, 185.492599487, 186.200805664, 186.9090271, 187.570785522, 188.220947266, 188.813064575, 189.393554688, 189.985671997, 190.577774048, 191.169876099, 191.808425903, 192.446975708, 193.073913574, 193.70085144, 194.327789307, 194.954742432, 195.581680298, 196.208618164, 196.823944092, 197.43927002, 198.054595947, 198.669921875, 199.180770874, 199.679992676, 200.179229736, 200.6668396, 201.16607666, 201.665298462, 202.164535522, 202.663757324, 203.162994385, 203.662216187, 204.161453247, 204.660675049, 205.159912109, 205.659133911, 206.169967651, 206.692428589, 207.203262329, 207.725708008, 208.236557007, 208.747390747, 209.258224487, 209.769073486, 210.279907227, 210.802352905, 211.336410522, 211.882080078, 212.416137695, 212.973419189, 213.507476807, 214.053146362, 214.598815918, 215.156097412, 215.713378906, 216.259048462, 216.804718018, 217.361984253, 217.907653809, 218.453323364, 219.010604858, 219.556274414, 220.10194397, 220.647613525, 221.193283081, 221.750564575, 222.307846069, 222.876724243, 223.399185181, 223.921630859, 224.444076538, 224.966522217, 225.488967896, 226.011428833, 226.533874512, 227.05632019, 227.578765869, 228.101226807, 228.623672485, 229.157730103, 229.680175781, 230.20262146],
    "bpm_histogram": [0, 0, 0, 0, 0, 0, 0, 0, 0, 0, 0, 0, 0, 0, 0, 0, 0, 0, 0, 0, 0, 0, 0, 0, 0, 0, 0, 0, 0, 0, 0, 0, 0, 0, 0, 0, 0, 0, 0, 0, 0, 0, 0, 0, 0, 0, 0, 0, 0, 0, 0, 0, 0, 0, 0, 0, 0, 0, 0, 0, 0, 0, 0, 0, 0, 0, 0, 0, 0, 0, 0, 0, 0, 0, 0, 0, 0, 0, 0, 0, 0, 0.00291545200162, 0.0145772593096, 0.0787172019482, 0, 0.457725942135, 0.192419826984, 0, 0.0116618080065, 0.00291545200162, 0, 0.00291545200162, 0.00291545200162, 0, 0.00583090400323, 0, 0.0262390673161, 0, 0.0116618080065, 0, 0, 0.0116618080065, 0, 0.00291545200162, 0, 0.00291545200162, 0, 0, 0.0204081628472, 0, 0.0320699699223, 0, 0.0116618080065, 0, 0, 0.0466472320259, 0, 0.0233236160129, 0, 0, 0.0349854230881, 0, 0, 0.00291545200162, 0, 0, 0, 0, 0, 0, 0, 0, 0, 0, 0, 0, 0, 0, 0, 0, 0, 0, 0, 0, 0, 0, 0, 0, 0, 0, 0, 0, 0, 0, 0, 0, 0, 0, 0, 0, 0, 0, 0, 0, 0, 0, 0, 0, 0, 0, 0, 0, 0, 0, 0, 0, 0, 0, 0, 0, 0, 0, 0, 0, 0, 0, 0, 0, 0, 0, 0, 0, 0, 0, 0, 0, 0, 0, 0, 0, 0, 0, 0, 0, 0, 0, 0, 0, 0, 0, 0, 0, 0, 0, 0, 0, 0, 0, 0, 0, 0, 0, 0, 0, 0, 0, 0, 0, 0, 0, 0, 0, 0, 0, 0, 0, 0, 0, 0, 0, 0, 0, 0, 0, 0, 0, 0, 0, 0, 0]
},
"tonal": {
    "chords_changes_rate": 0.0476286187768,
    "chords_number_rate": 0.00241157552227,
    "chords_strength": {
        "mean": 0.546240389347
    },
    "hpcp_crest": {
        "mean": 13.0913982391
    },
    "hpcp_entropy": {
        "mean": 2.0715034008
    },
    "key_edma": {
        "strength": 0.630073785782,
        "key": "G",
        "scale": "minor"
    },
    "key_krumhansl": {
        "strength": 0.635931789875,
        "key": "G",
        "scale": "minor"
    },
    "key_temperley": {
        "strength": 0.618245601654,
        "key": "G",
        "scale": "minor"
    },
    "tuning_diatonic_strength": 0.496312916279,
    "tuning_equal_tempered_deviation": 0.231390893459,
    "tuning_frequency": 434.193115234,
    "tuning_nontempered_energy_ratio": 0.943509101868,
    "hpcp": {
        "mean": [0.133172556758, 0.119728639722, 0.088448010385, 0.224533542991, 0.274676948786, 0.126386299729, 0.0654367506504, 0.0627204179764, 0.0596614405513, 0.131046161056, 0.153107687831, 0.0863276422024, 0.0736918002367, 0.0870450884104, 0.105786606669, 0.236530512571, 0.269739538431, 0.137148022652, 0.133699551225, 0.138956129551, 0.0982914790511, 0.116931915283, 0.124278090894, 0.131212696433, 0.222868040204, 0.222358733416, 0.115801356733, 0.133586913347, 0.156754031777, 0.146287694573, 0.290641099215, 0.294000506401, 0.1259265095, 0.0792650207877, 0.0728219598532, 0.090737067163]
    },
    "chords_histogram": [23.7540187836, 19.8754024506, 0.944533765316, 1.14549839497, 0.884244382381, 9.72668838501, 0, 6.93327951431, 0.582797408104, 10.3898715973, 0, 0.180868163705, 0.823954999447, 0, 0, 0.562700986862, 5.84807062149, 0, 1.10530543327, 1.46704185009, 1.26607716084, 0.02009646222, 7.13424444199, 7.35530567169],
    "thpcp": [1, 0.428320735693, 0.269608438015, 0.247693315148, 0.308628946543, 0.452967107296, 0.407239556313, 0.300843060017, 0.763718247414, 0.934273719788, 0.429884642363, 0.222573593259, 0.21333438158, 0.202929720283, 0.445734471083, 0.520773530006, 0.293630927801, 0.250651955605, 0.296071231365, 0.359817773104, 0.804524183273, 0.917479872704, 0.466489076614, 0.454759597778, 0.472639083862, 0.33432418108, 0.397726923227, 0.422713875771, 0.446300923824, 0.75805324316, 0.756320893764, 0.393881499767, 0.454376459122, 0.533176064491, 0.497576326132, 0.988573491573],
    "chords_key": "G",
    "chords_scale": "minor"
}
}