{
"metadata": {
    "version": {
        "essentia": "2.1-beta6-dev",
        "essentia_git_sha": "v2.1_beta5-1177-g1d1cc983",
        "extractor": "music 2.0"
    },
    "audio_properties": {
        "analysis": {
            "equal_loudness": 0,
            "length": 202.061889648,
            "sample_rate": 44100,
            "start_time": 0,
            "downmix": "mix"
        },
        "bit_rate": 1411200,
        "length": 202.061889648,
        "lossless": 1,
        "number_channels": 2,
        "replay_gain": -14.9697360992,
        "sample_rate": 44100,
        "codec": "pcm_s16le",
        "md5_encoded": "877021c4f79d78da610ce3ba183597cb"
    },
    "tags": {
        "file_name": "02 - All Get Out - Orchestra.wav",
        "album": ["Movement"],
        "albumartist": ["All Get Out"],
        "artist": ["All Get Out"],
        "composer": ["Nathan Hussey"],
        "copyright": ["2015 Bad Timing Records and Many Hats Distribution 2015 Bad Timing Records and Many Hats Distribution"],
        "date": ["2015"],
        "discnumber": ["1"],
        "disctotal": ["1"],
        "genre": ["Alternative & Indie"],
        "isrc": ["QM87M1502102"],
        "title": ["Orchestra"],
        "tracknumber": ["2"],
        "tracktotal": ["5"]
    }
},
"lowlevel": {
    "average_loudness": 0.896521806717,
    "barkbands_crest": {
        "mean": 10.3952407837
    },
    "barkbands_flatness_db": {
        "mean": 0.124980449677
    },
    "barkbands_kurtosis": {
        "mean": 5.10713148117
    },
    "barkbands_skewness": {
        "mean": 1.53230524063
    },
    "barkbands_spread": {
        "mean": 27.9978904724
    },
    "dissonance": {
        "mean": 0.477819263935
    },
    "dynamic_complexity": 3.7178542614,
    "erbbands_crest": {
        "mean": 7.06790971756
    },
    "erbbands_flatness_db": {
        "mean": 0.144993260503
    },
    "erbbands_kurtosis": {
        "mean": -0.0505728982389
    },
    "erbbands_skewness": {
        "mean": -0.23718573153
    },
    "erbbands_spread": {
        "mean": 41.322971344
    },
    "hfc": {
        "mean": 25.3876972198
    },
    "loudness_ebu128": {
        "integrated": -7.51848840714,
        "loudness_range": 8.40276145935,
        "momentary": {
            "mean": -9.52256393433
        },
        "short_term": {
            "mean": -8.97727680206
        }
    },
    "melbands_crest": {
        "mean": 17.179725647
    },
    "melbands_flatness_db": {
        "mean": 0.190422251821
    },
    "melbands_kurtosis": {
        "mean": 17.3269386292
    },
    "melbands_skewness": {
        "mean": 2.97946310043
    },
    "melbands_spread": {
        "mean": 30.6739864349
    },
    "pitch_salience": {
        "mean": 0.521344363689
    },
    "silence_rate_20dB": {
        "mean": 1
    },
    "silence_rate_30dB": {
        "mean": 0.998046875
    },
    "silence_rate_60dB": {
        "mean": 0.125574454665
    },
    "spectral_centroid": {
        "mean": 1800.53833008
    },
    "spectral_complexity": {
        "mean": 26.1740570068
    },
    "spectral_decrease": {
        "mean": -8.28205060088e-09
    },
    "spectral_energy": {
        "mean": 0.0335611961782
    },
    "spectral_energyband_high": {
        "mean": 0.00125150755048
    },
    "spectral_energyband_low": {
        "mean": 0.0187245607376
    },
    "spectral_energyband_middle_high": {
        "mean": 0.00659393984824
    },
    "spectral_energyband_middle_low": {
        "mean": 0.00822967849672
    },
    "spectral_entropy": {
        "mean": 7.74425458908
    },
    "spectral_flux": {
        "mean": 0.0842557474971
    },
    "spectral_kurtosis": {
        "mean": 5.1119594574
    },
    "spectral_rms": {
        "mean": 0.00525613315403
    },
    "spectral_rolloff": {
        "mean": 1968.30029297
    },
    "spectral_skewness": {
        "mean": 1.41555273533
    },
    "spectral_spread": {
        "mean": 4253022.5
    },
    "spectral_strongpeak": {
        "mean": 0.658871173859
    },
    "zerocrossingrate": {
        "mean": 0.0698588863015
    },
    "barkbands": {
        "mean": [0.00233457074501, 0.0109825283289, 0.0042747175321, 0.00213302276097, 0.00175128341652, 0.00101958401501, 0.00123151799198, 0.000754707900342, 0.00115587899927, 0.00107040780131, 0.000680313445628, 0.00056877406314, 0.000508267607074, 0.000384894752642, 0.000569986295886, 0.000612303672824, 0.000609525071923, 0.000769106496591, 0.00068257865496, 0.000374315539375, 0.000259192398516, 0.000237911357544, 0.000221282301936, 0.0002126252366, 9.90985136013e-05, 5.05904790771e-05, 1.17891358968e-05]
    },
    "erbbands": {
        "mean": [0.546524763107, 1.57500338554, 4.52565431595, 6.61358880997, 6.3988032341, 5.5615401268, 6.79170179367, 8.57028388977, 16.2952594757, 15.8286352158, 19.467628479, 24.4409217834, 28.80286026, 37.3827705383, 23.8389778137, 21.8533248901, 23.4041500092, 18.676486969, 26.6876277924, 31.5829620361, 34.6525001526, 35.8754577637, 41.4081726074, 36.7610549927, 32.1084632874, 17.2101650238, 10.7845306396, 10.2724304199, 8.43038272858, 7.4169883728, 6.15699100494, 5.20924758911, 3.00107097626, 1.38923001289, 0.547855377197, 0.267194181681, 0.0788992494345, 0.0149316014722, 0.00188557012007, 0.000152810316649]
    },
    "gfcc": {
        "mean": [4.48518896103, 79.7997283936, -123.274024963, 35.2024307251, -43.02784729, 8.30638885498, -30.9113616943, 14.030122757, -20.7901306152, -2.0500767231, -15.7667579651, -0.776268780231, -14.1835422516],
        "cov": [[11584, -1558.16040039, 1441.13818359, 1529.71923828, -805.83416748, 1189.18725586, -69.8630752563, 108.83681488, 31.3375892639, 236.157363892, -251.860733032, 115.124275208, -8.3899564743], [-1558.16040039, 1925.62097168, -248.285964966, -104.480606079, 583.607849121, -313.9972229, 204.027420044, -32.2136001587, 118.634269714, -78.7216110229, 146.222824097, -110.034881592, 142.677978516], [1441.13818359, -248.285964966, 960.248291016, 444.917297363, 31.5758075714, 359.832122803, 47.3187026978, 28.4707050323, 98.4876174927, 89.8750915527, -20.6996326447, 59.5795593262, 40.2774620056], [1529.71923828, -104.480606079, 444.917297363, 690.098571777, -38.5255317688, 283.594116211, 60.684211731, -38.5213356018, 84.3370513916, 27.7895755768, 1.33380377293, -6.27121067047, 67.3011627197], [-805.83416748, 583.607849121, 31.5758075714, -38.5255317688, 475.483673096, -67.6873321533, 121.327629089, 56.6113510132, 63.0708961487, 9.30436134338, 92.114440918, -9.77967643738, 55.9882278442], [1189.18725586, -313.9972229, 359.832122803, 283.594116211, -67.6873321533, 379.418762207, 90.9659500122, 59.1012687683, 61.6386070251, 51.7793388367, -3.54205107689, 42.9126358032, 27.1797142029], [-69.8630752563, 204.027420044, 47.3187026978, 60.684211731, 121.327629089, 90.9659500122, 195.266098022, 65.7791213989, 59.7921981812, 18.209280014, 37.9314956665, 13.0456666946, 46.3469276428], [108.83681488, -32.2136001587, 28.4707050323, -38.5213356018, 56.6113510132, 59.1012687683, 65.7791213989, 156.811828613, 61.3633003235, 49.8344764709, 22.5742912292, 32.4845199585, 2.2865884304], [31.3375892639, 118.634269714, 98.4876174927, 84.3370513916, 63.0708961487, 61.6386070251, 59.7921981812, 61.3633003235, 148.625366211, 53.1536483765, 55.3525238037, 3.66252684593, 37.6810150146], [236.157363892, -78.7216110229, 89.8750915527, 27.7895755768, 9.30436134338, 51.7793388367, 18.209280014, 49.8344764709, 53.1536483765, 114.837272644, 31.693403244, 33.820224762, -3.63810896873], [-251.860733032, 146.222824097, -20.6996326447, 1.33380377293, 92.114440918, -3.54205107689, 37.9314956665, 22.5742912292, 55.3525238037, 31.693403244, 118.651283264, 24.0189189911, 36.24269104], [115.124275208, -110.034881592, 59.5795593262, -6.27121067047, -9.77967643738, 42.9126358032, 13.0456666946, 32.4845199585, 3.66252684593, 33.820224762, 24.0189189911, 89.9593429565, 17.603105545], [-8.3899564743, 142.677978516, 40.2774620056, 67.3011627197, 55.9882278442, 27.1797142029, 46.3469276428, 2.2865884304, 37.6810150146, -3.63810896873, 36.24269104, 17.603105545, 85.8041152954]],
        "icov": [[0.000194304113393, -9.61960759014e-05, -2.74364065262e-05, -0.000328146183165, 0.000244026829023, -0.000404002814321, 0.00031795274117, -0.000368245237041, 0.000361481419532, -0.000314812612487, 0.00021723214013, -1.84903401532e-05, -4.02081377615e-06], [-9.61960759014e-05, 0.00143009587191, 1.86787365237e-05, 0.000193296538782, -0.00114528473932, 0.00131121627055, -0.00127364962827, 0.000874429766554, -0.000958628137596, 0.000620885170065, -0.000385651335819, 0.00113049196079, -0.00117289973423], [-2.74364065262e-05, 1.86787365237e-05, 0.00227001775056, -0.000718232302461, -0.00102182256524, -0.00161306804512, 0.000919037556741, 0.000696165196132, -0.000963963160757, -0.000744349032175, 0.00151406053919, -0.00133697444107, 0.000153311921167], [-0.000328146183165, 0.000193296538782, -0.000718232302461, 0.0034947914537, -0.000181982279173, -0.000816432700958, -0.000717640097719, 0.00215034279972, -0.00140740827192, 0.000399253505748, -0.000430116022471, 0.00139216461685, -0.00151877640747], [0.000244026829023, -0.00114528473932, -0.00102182256524, -0.000181982279173, 0.0047626378946, 0.000513340055477, -0.000964206352364, -0.00213977764361, 0.00158021552488, -0.000411789980717, -0.00193984911311, 0.000782741117291, -0.000194402891793], [-0.000404002814321, 0.00131121627055, -0.00161306804512, -0.000816432700958, 0.000513340055477, 0.00839726068079, -0.00433618156239, -0.000721726275515, -0.000910601869691, 0.00102252583019, -0.00106356909964, 0.000123631762108, -0.000588648661505], [0.00031795274117, -0.00127364962827, 0.000919037556741, -0.000717640097719, -0.000964206352364, -0.00433618156239, 0.0104605723172, -0.00313544902019, 0.000351234688424, -0.000595360761508, 0.00095533701824, -0.000755204528105, -0.0017116375966], [-0.000368245237041, 0.000874429766554, 0.000696165196132, 0.00215034279972, -0.00213977764361, -0.000721726275515, -0.00313544902019, 0.0124111548066, -0.00548653444275, -0.00105407414958, 0.0013606158318, -0.00279068108648, 0.00184678507503], [0.000361481419532, -0.000958628137596, -0.000963963160757, -0.00140740827192, 0.00158021552488, -0.000910601869691, 0.000351234688424, -0.00548653444275, 0.0146200368181, -0.0047868648544, -0.00388958817348, 0.00436472520232, -0.00347628071904], [-0.000314812612487, 0.000620885170065, -0.000744349032175, 0.000399253505748, -0.000411789980717, 0.00102252583019, -0.000595360761508, -0.00105407414958, -0.0047868648544, 0.0146402483806, -0.00298278196715, -0.00367885711603, 0.00400504423305], [0.00021723214013, -0.000385651335819, 0.00151406053919, -0.000430116022471, -0.00193984911311, -0.00106356909964, 0.00095533701824, 0.0013606158318, -0.00388958817348, -0.00298278196715, 0.0147693753242, -0.00430314382538, -0.00243440340273], [-1.84903401532e-05, 0.00113049196079, -0.00133697444107, 0.00139216461685, 0.000782741117291, 0.000123631762108, -0.000755204528105, -0.00279068108648, 0.00436472520232, -0.00367885711603, -0.00430314382538, 0.0182579159737, -0.0064144670032], [-4.02081377615e-06, -0.00117289973423, 0.000153311921167, -0.00151877640747, -0.000194402891793, -0.000588648661505, -0.0017116375966, 0.00184678507503, -0.00347628071904, 0.00400504423305, -0.00243440340273, -0.0064144670032, 0.0199529826641]]
    },
    "melbands": {
        "mean": [0.00384086905979, 0.00217645592056, 0.00113617721945, 0.000424022349762, 0.000229672659771, 0.000200004767976, 0.000251555233262, 0.000173141859705, 0.000162923708558, 0.000157798422151, 0.000146716454765, 0.000157192800543, 8.31272845971e-05, 6.44994070171e-05, 5.52843048354e-05, 4.97899454786e-05, 3.19972459693e-05, 4.07498737331e-05, 4.7618203098e-05, 3.98566153308e-05, 4.04581041948e-05, 3.72533977497e-05, 3.53710202035e-05, 3.64586521755e-05, 2.90753159788e-05, 2.51077581197e-05, 1.86508314073e-05, 9.90844819171e-06, 6.36717777525e-06, 6.55789608572e-06, 5.78037997911e-06, 4.87364923174e-06, 4.30969748777e-06, 3.99590635425e-06, 3.50086202161e-06, 3.43998249264e-06, 3.13283021569e-06, 2.1871132958e-06, 1.68622852925e-06, 1.00635452327e-06]
    },
    "melbands128": {
        "mean": [0.00220030872151, 0.00550170335919, 0.00371158332564, 0.00223718956113, 0.00231003179215, 0.00199838285334, 0.00140730582643, 0.000950610497966, 0.00060478184605, 0.000434493995272, 0.000283130881144, 0.000202532333788, 0.000244639173616, 0.000224828356295, 0.000171917374246, 0.000185077398783, 0.000258968793787, 0.000268230942311, 0.000255812628893, 0.000139777432196, 0.000162344920682, 0.000180818940862, 0.000146608290379, 0.000179336391739, 0.000139142037369, 0.00017372018192, 0.000138562521897, 0.000111385859782, 0.000197291228687, 0.000164049080922, 0.000157621019753, 0.000115603783343, 6.48079512757e-05, 6.9557398092e-05, 8.02868307801e-05, 5.77475657337e-05, 4.54438268207e-05, 6.84408951201e-05, 4.82450705022e-05, 4.99549714732e-05, 5.64620495425e-05, 3.88170410588e-05, 2.66597908194e-05, 2.72789802693e-05, 4.62547723146e-05, 4.05743448937e-05, 3.71472160623e-05, 6.01015381108e-05, 4.32086162618e-05, 3.58641918865e-05, 4.45669866167e-05, 3.63929066225e-05, 4.26581209467e-05, 4.23085912189e-05, 3.58798642992e-05, 4.0611888835e-05, 3.45894950442e-05, 2.88774372166e-05, 3.8825419324e-05, 4.16515977122e-05, 3.65207342838e-05, 3.27253364958e-05, 3.10022442136e-05, 2.75184174825e-05, 2.68259245786e-05, 2.47634161497e-05, 2.41259458562e-05, 2.48055639531e-05, 1.70094390342e-05, 1.08448857645e-05, 1.03597567431e-05, 9.5942768894e-06, 6.41602355245e-06, 5.41407007404e-06, 6.59267561787e-06, 7.18465889804e-06, 6.03028911428e-06, 6.15080080024e-06, 5.73594616071e-06, 5.50731647309e-06, 5.27224392499e-06, 4.4010325837e-06, 4.35311858382e-06, 4.19918342232e-06, 4.51378946309e-06, 4.04190359404e-06, 4.03520562031e-06, 3.42648309015e-06, 3.56958616976e-06, 3.3997691844e-06, 3.44590307577e-06, 3.58133956979e-06, 3.15936904371e-06, 3.23538824887e-06, 3.14259068546e-06, 2.46558806793e-06, 1.92594507098e-06, 1.79046946869e-06, 1.98565589926e-06, 1.48909634845e-06, 9.84622488431e-07, 9.82281562756e-07, 9.56080270953e-07, 7.20143361832e-07, 5.38117888027e-07, 4.63633114123e-07, 5.25928385287e-07, 5.44516410628e-07, 4.07311688377e-07, 4.28096313954e-07, 5.09346762101e-07, 3.1034045378e-07, 1.8612314534e-07, 1.59882006301e-07, 1.38001269079e-07, 1.25925893713e-07, 1.03063648282e-07, 1.00380646018e-07, 7.49127266886e-08, 5.07768334046e-08, 4.0469448237e-08, 4.76335166866e-08, 4.51004531499e-08, 2.90502999434e-08, 1.72299863266e-08, 1.12810774056e-08, 8.02322119853e-09, 4.78221684475e-09]
    },
    "mfcc": {
        "mean": [-637.317321777, 113.477180481, -15.8820209503, 29.961101532, 8.26078701019, 1.80320203304, 2.33041477203, 11.3310346603, 0.499967455864, 3.40617656708, 0.216279342771, -0.404433339834, 1.63866245747],
        "cov": [[11181.9355469, -2448.98657227, 1920.43603516, 346.98046875, -2.67434859276, 843.186767578, 113.916885376, 138.153686523, 353.112915039, 193.150588989, 112.318557739, -23.7919597626, -243.021682739], [-2448.98657227, 2045.14416504, -744.76171875, 153.67098999, 181.774337769, -187.079833984, 86.28956604, 15.9530515671, -13.9274234772, 39.3070793152, 11.131934166, -7.70418977737, 99.7057266235], [1920.43603516, -744.76171875, 1041.13598633, 175.166564941, 87.5222015381, 372.884155273, 14.2067909241, 66.5023117065, 126.60105896, 71.9680557251, 24.0110874176, 32.6164054871, -27.5370445251], [346.98046875, 153.67098999, 175.166564941, 356.537597656, 126.174423218, 148.003829956, 45.169002533, 18.6786384583, 54.2747459412, 33.3508605957, 20.340341568, 2.86361646652, -10.5103435516], [-2.67434859276, 181.774337769, 87.5222015381, 126.174423218, 252.761611938, 68.4320068359, 58.8426170349, 30.8841056824, 31.0374908447, 54.4302024841, 29.5577087402, 22.2120113373, 21.8231258392], [843.186767578, -187.079833984, 372.884155273, 148.003829956, 68.4320068359, 295.263305664, 74.7610168457, 59.9874687195, 80.4366912842, 53.7530708313, 25.0273895264, 9.42001152039, -10.3800983429], [113.916885376, 86.28956604, 14.2067909241, 45.169002533, 58.8426170349, 74.7610168457, 147.802230835, 70.4639511108, 43.4594192505, 32.949344635, 28.2394523621, 10.6676616669, 5.92113256454], [138.153686523, 15.9530515671, 66.5023117065, 18.6786384583, 30.8841056824, 59.9874687195, 70.4639511108, 127.202056885, 67.0206604004, 34.3868637085, 24.1578559875, 19.1887207031, 18.5134143829], [353.112915039, -13.9274234772, 126.60105896, 54.2747459412, 31.0374908447, 80.4366912842, 43.4594192505, 67.0206604004, 120.469680786, 68.5083465576, 33.0211868286, 13.996796608, 9.30605602264], [193.150588989, 39.3070793152, 71.9680557251, 33.3508605957, 54.4302024841, 53.7530708313, 32.949344635, 34.3868637085, 68.5083465576, 112.604751587, 53.1803970337, 22.9710159302, 16.6992893219], [112.318557739, 11.131934166, 24.0110874176, 20.340341568, 29.5577087402, 25.0273895264, 28.2394523621, 24.1578559875, 33.0211868286, 53.1803970337, 85.5028762817, 44.5653152466, 24.0999698639], [-23.7919597626, -7.70418977737, 32.6164054871, 2.86361646652, 22.2120113373, 9.42001152039, 10.6676616669, 19.1887207031, 13.996796608, 22.9710159302, 44.5653152466, 81.8315048218, 48.169178009], [-243.021682739, 99.7057266235, -27.5370445251, -10.5103435516, 21.8231258392, -10.3800983429, 5.92113256454, 18.5134143829, 9.30605602264, 16.6992893219, 24.0999698639, 48.169178009, 89.349029541]],
        "icov": [[0.000166477213497, 0.000133529509185, -0.000134267029352, -6.80834054947e-05, 5.18757769896e-05, -0.000107389569166, -8.56469487189e-05, 7.26593498257e-05, -0.000209770674701, -4.30674408562e-05, -0.000180411894689, 0.000116937320854, 0.000235398721998], [0.000133529509185, 0.00104709202424, 0.000657012569718, -0.00069380766945, -0.000458145514131, 7.46654259274e-05, -0.000271404336672, -4.40132571384e-05, -0.000249320117291, -0.000486375589389, 0.000224816045375, 0.000587188987993, -0.000797049200628], [-0.000134267029352, 0.000657012569718, 0.0028330613859, -0.00026545667788, -0.000820036395453, -0.00253857253119, 0.0014793962473, -0.000320133753121, -0.00088966509793, -0.000167424135725, 0.000973039655946, -0.00106050737668, 5.04455310875e-05], [-6.80834054947e-05, -0.00069380766945, -0.00026545667788, 0.00475494330749, -0.00160082476214, -0.00200476124883, 0.000359513243893, 0.00110237521585, -0.00146183732431, 0.00153304776177, -0.000759875285439, -0.000243551432504, 0.00117441406474], [5.18757769896e-05, -0.000458145514131, -0.000820036395453, -0.00160082476214, 0.00605735788122, 0.000422971061198, -0.00168128521182, -0.000183347059647, 0.00167852896266, -0.00249579106458, 0.000315739307553, -0.000477922614664, -0.00060550350463], [-0.000107389569166, 7.46654259274e-05, -0.00253857253119, -0.00200476124883, 0.000422971061198, 0.00900546461344, -0.00339569873177, -0.000403903715778, -0.000316222169204, -0.00102162268013, 0.000154832159751, 0.000991163309664, -0.000494228326716], [-8.56469487189e-05, -0.000271404336672, 0.0014793962473, 0.000359513243893, -0.00168128521182, -0.00339569873177, 0.0117985690013, -0.00517067173496, -2.25135172514e-05, 0.000442544172984, -0.00183900992852, -1.30630087369e-05, 0.00129650067538], [7.26593498257e-05, -4.40132571384e-05, -0.000320133753121, 0.00110237521585, -0.000183347059647, -0.000403903715778, -0.00517067173496, 0.0144819878042, -0.00709057226777, 0.00184905191418, 5.42440284335e-05, -0.000989716732875, -0.00147058360744], [-0.000209770674701, -0.000249320117291, -0.00088966509793, -0.00146183732431, 0.00167852896266, -0.000316222169204, -2.25135172514e-05, -0.00709057226777, 0.0191470999271, -0.00890278909355, 0.00019776931731, 0.00108677474782, -0.000684075814206], [-4.30674408562e-05, -0.000486375589389, -0.000167424135725, 0.00153304776177, -0.00249579106458, -0.00102162268013, 0.000442544172984, 0.00184905191418, -0.00890278909355, 0.0191120076925, -0.00879174843431, 0.00145427521784, -0.000424605212174], [-0.000180411894689, 0.000224816045375, 0.000973039655946, -0.000759875285439, 0.000315739307553, 0.000154832159751, -0.00183900992852, 5.42440284335e-05, 0.00019776931731, -0.00879174843431, 0.0230831801891, -0.0108602466062, 0.000771702092607], [0.000116937320854, 0.000587188987993, -0.00106050737668, -0.000243551432504, -0.000477922614664, 0.000991163309664, -1.30630087369e-05, -0.000989716732875, 0.00108677474782, 0.00145427521784, -0.0108602466062, 0.0248482394964, -0.0111065441743], [0.000235398721998, -0.000797049200628, 5.04455310875e-05, 0.00117441406474, -0.00060550350463, -0.000494228326716, 0.00129650067538, -0.00147058360744, -0.000684075814206, -0.000424605212174, 0.000771702092607, -0.0111065441743, 0.0191148612648]]
    },
    "spectral_contrast_coeffs": {
        "mean": [-0.72121232748, -0.769926071167, -0.772014677525, -0.796000182629, -0.778192996979, -0.762402653694]
    },
    "spectral_contrast_valleys": {
        "mean": [-6.82121610641, -6.85283565521, -7.3174943924, -7.40335512161, -7.2665772438, -10.1892976761]
    }
},
"rhythm": {
    "beats_count": 461,
    "beats_loudness": {
        "mean": 0.0418823771179
    },
    "bpm": 137.670623779,
    "bpm_histogram_first_peak_bpm": 136,
    "bpm_histogram_first_peak_weight": 0.510791361332,
    "bpm_histogram_second_peak_bpm": 144,
    "bpm_histogram_second_peak_spread": 0.130434751511,
    "bpm_histogram_second_peak_weight": 0.0434782616794,
    "danceability": 1.23491513729,
    "onset_rate": 2.79587721825,
    "beats_loudness_band_ratio": {
        "mean": [0.555282115936, 0.101501621306, 0.115988790989, 0.103101141751, 0.101153887808, 0.0667620077729]
    },
    "beats_position": [0.394739210606, 0.801088392735, 1.20743763447, 1.6137868166, 2.03174591064, 2.46131515503, 2.87927436829, 3.32045340538, 3.7732424736, 4.21442174911, 4.67882061005, 5.14321994781, 5.60761880875, 6.07201814651, 6.52480697632, 6.96598625183, 7.40716552734, 7.84834432602, 8.3011341095, 8.74231243134, 9.17188167572, 9.6014509201, 10.0194101334, 10.4489793777, 10.8901586533, 11.3313379288, 11.7841272354, 12.2253055573, 12.6548748016, 13.0728340149, 13.5024032593, 13.9319725037, 14.3731517792, 14.8143310547, 15.2555103302, 15.696688652, 16.1378688812, 16.5558280945, 16.9853973389, 17.4149665833, 17.8445339203, 18.2857131958, 18.7268924713, 19.1680717468, 19.5976409912, 20.0156002045, 20.45677948, 20.8979587555, 21.3275279999, 21.7570972443, 22.1982765198, 22.6394557953, 23.0690250397, 23.4985942841, 23.9281635284, 24.3577327728, 24.7989120483, 25.2400894165, 25.681268692, 26.1224479675, 26.5520172119, 26.9815864563, 27.4227657318, 27.8639450073, 28.3051242828, 28.7463035583, 29.1874828339, 29.6170520782, 30.0466213226, 30.476190567, 30.9057598114, 31.3237190247, 31.7648983002, 32.2060775757, 32.6472549438, 33.0884361267, 33.5180053711, 33.9475746155, 34.3771438599, 34.8067131042, 35.2362823486, 35.6658477783, 36.0954170227, 36.5249862671, 36.96616745, 37.4073448181, 37.848526001, 38.2897033691, 38.7192726135, 39.1488418579, 39.5900230408, 40.0312004089, 40.4607696533, 40.8903388977, 41.3315200806, 41.761089325, 42.1906585693, 42.6318359375, 43.0614051819, 43.4909744263, 43.9321517944, 44.3617210388, 44.8029022217, 45.2324714661, 45.6736488342, 46.1148300171, 46.5560073853, 46.9855766296, 47.415145874, 47.8447151184, 48.2742843628, 48.7038536072, 49.1334228516, 49.5746040344, 50.0157814026, 50.4569587708, 50.8865280151, 51.3160972595, 51.7572784424, 52.1984558105, 52.6280250549, 53.0575942993, 53.4871635437, 53.9167327881, 54.3579139709, 54.7990913391, 55.240272522, 55.6698417664, 56.0994110107, 56.5405883789, 56.9817695618, 57.4113349915, 57.8409042358, 58.2820854187, 58.7232627869, 59.1644439697, 59.5940132141, 60.0235824585, 60.4531517029, 60.8827209473, 61.3238983154, 61.7650794983, 62.1946487427, 62.6242179871, 63.0653953552, 63.4833564758, 63.924533844, 64.3657150269, 64.7952804565, 65.2248535156, 65.6660308838, 66.107208252, 66.5483856201, 66.9663467407, 67.4075241089, 67.8487091064, 68.2782745361, 68.7078475952, 69.1490249634, 69.5785903931, 70.0081634521, 70.4493408203, 70.8905181885, 71.3200912476, 71.7496566772, 72.1908340454, 72.632019043, 73.0731964111, 73.5143737793, 73.9555511475, 74.3851242065, 74.8146896362, 75.2442626953, 75.673828125, 76.1150131226, 76.5445785522, 76.9741516113, 77.4153289795, 77.8448944092, 78.2744674683, 78.7156448364, 79.1568222046, 79.5863952637, 80.0159606934, 80.4571380615, 80.8867111206, 81.3162765503, 81.7574615479, 82.198638916, 82.6282043457, 83.0577774048, 83.4989547729, 83.928527832, 84.3580932617, 84.7992706299, 85.228843689, 85.6700210571, 86.0995864868, 86.5407714844, 86.9819488525, 87.4115142822, 87.8410873413, 88.2822647095, 88.7234420776, 89.1530151367, 89.5825805664, 90.023765564, 90.4533309937, 90.8829040527, 91.3240814209, 91.7536468506, 92.1832199097, 92.6243972778, 93.065574646, 93.4951477051, 93.9247131348, 94.3658905029, 94.795463562, 95.2366409302, 95.6662139893, 96.1073913574, 96.5485687256, 96.9897460938, 97.4193191528, 97.8488845825, 98.2900695801, 98.7312469482, 99.1724243164, 99.6019973755, 100.031562805, 100.461128235, 100.902313232, 101.331878662, 101.749839783, 102.191017151, 102.62059021, 103.061767578, 103.491333008, 103.920906067, 104.362083435, 104.803260803, 105.232833862, 105.67401123, 106.115188599, 106.544761658, 106.974327087, 107.403900146, 107.833465576, 108.274642944, 108.715827942, 109.15700531, 109.598182678, 110.016143799, 110.434104919, 110.875282288, 111.316459656, 111.757637024, 112.198822021, 112.628387451, 113.05796051, 113.499137878, 113.928703308, 114.358276367, 114.799453735, 115.240631104, 115.670204163, 116.099769592, 116.54094696, 116.982131958, 117.411697388, 117.841270447, 118.282447815, 118.712013245, 119.141586304, 119.582763672, 120.02394104, 120.453514099, 120.883079529, 121.324264526, 121.765441895, 122.195007324, 122.624580383, 123.065757751, 123.495323181, 123.936508179, 124.366073608, 124.807250977, 125.236824036, 125.666389465, 126.107574463, 126.537139893, 126.966712952, 127.40789032, 127.849067688, 128.278640747, 128.708206177, 129.149383545, 129.590560913, 130.031738281, 130.449707031, 130.890884399, 131.332061768, 131.761627197, 132.191192627, 132.620773315, 133.050338745, 133.479904175, 133.909469604, 134.350662231, 134.7918396, 135.233016968, 135.662582397, 136.103759766, 136.533325195, 136.974502563, 137.404083252, 137.84526062, 138.27482605, 138.704391479, 139.133972168, 139.575149536, 140.016326904, 140.457504272, 140.898681641, 141.316635132, 141.757827759, 142.187393188, 142.628570557, 143.058135986, 143.487701416, 143.928878784, 144.370071411, 144.799636841, 145.217590332, 145.6587677, 146.099945068, 146.541137695, 146.982315063, 147.411880493, 147.841445923, 148.271011353, 148.712203979, 149.141769409, 149.582946777, 150.024124146, 150.465301514, 150.894866943, 151.324447632, 151.754013062, 152.19519043, 152.624755859, 153.065933228, 153.507110596, 153.948303223, 154.377868652, 154.807434082, 155.236999512, 155.6665802, 156.107757568, 156.548934937, 156.978500366, 157.408065796, 157.849243164, 158.278823853, 158.708389282, 159.14956665, 159.590744019, 160.020309448, 160.461486816, 160.891067505, 161.332244873, 161.773422241, 162.202987671, 162.632553101, 163.073745728, 163.503311157, 163.944488525, 164.385665894, 164.826843262, 165.26802063, 165.709197998, 166.138778687, 166.556732178, 166.974685669, 167.415863037, 167.857055664, 168.298233032, 168.7394104, 169.16897583, 169.59854126, 170.028121948, 170.457687378, 170.887252808, 171.316818237, 171.769607544, 172.210784912, 172.65196228, 173.081542969, 173.511108398, 173.940673828, 174.370239258, 174.799819946, 175.240997314, 175.670562744, 176.100128174, 176.529708862, 176.959274292, 177.40045166, 177.841629028, 178.282806396, 178.723983765, 179.165161133, 179.606338501, 180.035919189, 180.465484619, 180.88343811, 181.324615479, 181.765808105, 182.206985474, 182.648162842, 183.077728271, 183.507293701, 183.93687439, 184.366439819, 184.807617188, 185.248794556, 185.689971924, 186.131149292, 186.57232666, 187.013504028, 187.431472778, 187.84942627, 188.278991699, 188.708572388, 189.161361694, 189.614151001, 190.055328369, 190.484893799, 190.914459229, 191.344039917, 191.796829224, 192.24961853, 192.702392578, 193.155181885, 193.631195068, 194.095596313, 194.54838562, 195.012786865, 195.47718811, 195.941589355, 196.440811157, 196.940048218, 197.43927002, 197.93850708, 198.437728882, 198.936950684, 199.447799683, 199.958633423, 200.469467163, 200.968704224, 201.479537964],
    "bpm_histogram": [0, 0, 0, 0, 0, 0, 0, 0, 0, 0, 0, 0, 0, 0, 0, 0, 0, 0, 0, 0, 0, 0, 0, 0, 0, 0, 0, 0, 0, 0, 0, 0, 0, 0, 0, 0, 0, 0, 0, 0, 0, 0, 0, 0, 0, 0, 0, 0, 0, 0, 0, 0, 0, 0, 0, 0, 0, 0, 0, 0, 0, 0, 0, 0, 0, 0, 0, 0, 0, 0, 0, 0, 0, 0, 0, 0, 0, 0, 0, 0, 0, 0, 0, 0, 0, 0, 0, 0, 0, 0, 0, 0, 0, 0, 0, 0, 0, 0, 0, 0, 0, 0, 0, 0, 0, 0, 0, 0, 0, 0, 0, 0, 0, 0, 0, 0, 0, 0.00869565177709, 0, 0, 0.0152173908427, 0, 0, 0, 0, 0, 0.00217391294427, 0, 0, 0.0173913035542, 0, 0, 0, 0.0260869562626, 0, 0, 0.443478256464, 0, 0, 0, 0.436956524849, 0, 0, 0, 0.0434782616794, 0, 0, 0, 0.00652173906565, 0, 0, 0, 0, 0, 0, 0, 0, 0, 0, 0, 0, 0, 0, 0, 0, 0, 0, 0, 0, 0, 0, 0, 0, 0, 0, 0, 0, 0, 0, 0, 0, 0, 0, 0, 0, 0, 0, 0, 0, 0, 0, 0, 0, 0, 0, 0, 0, 0, 0, 0, 0, 0, 0, 0, 0, 0, 0, 0, 0, 0, 0, 0, 0, 0, 0, 0, 0, 0, 0, 0, 0, 0, 0, 0, 0, 0, 0, 0, 0, 0, 0, 0, 0, 0, 0, 0, 0, 0, 0, 0, 0, 0, 0, 0, 0, 0, 0, 0, 0, 0]
},
"tonal": {
    "chords_changes_rate": 0.0732827931643,
    "chords_number_rate": 0.00229726615362,
    "chords_strength": {
        "mean": 0.46986669302
    },
    "hpcp_crest": {
        "mean": 12.8408899307
    },
    "hpcp_entropy": {
        "mean": 2.16378927231
    },
    "key_edma": {
        "strength": 0.680292189121,
        "key": "Ab",
        "scale": "major"
    },
    "key_krumhansl": {
        "strength": 0.68294775486,
        "key": "Ab",
        "scale": "major"
    },
    "key_temperley": {
        "strength": 0.691378414631,
        "key": "Ab",
        "scale": "major"
    },
    "tuning_diatonic_strength": 0.595397830009,
    "tuning_equal_tempered_deviation": 0.262928426266,
    "tuning_frequency": 434.193115234,
    "tuning_nontempered_energy_ratio": 0.968133926392,
    "hpcp": {
        "mean": [0.0947775840759, 0.0822373703122, 0.0811246708035, 0.174984827638, 0.257274121046, 0.167389824986, 0.0763732045889, 0.0605501271784, 0.0594950467348, 0.0657963752747, 0.0623678900301, 0.0581239499152, 0.144959747791, 0.181297510862, 0.0958177000284, 0.0643010735512, 0.067978054285, 0.106043688953, 0.2724211514, 0.394158840179, 0.245710372925, 0.0893538594246, 0.0738407969475, 0.0804628655314, 0.115457989275, 0.126595884562, 0.101830467582, 0.125422105193, 0.135626003146, 0.0972034111619, 0.0854678303003, 0.0836625471711, 0.0828798487782, 0.168820738792, 0.213012963533, 0.140010744333]
    },
    "chords_histogram": [19.3200092316, 0, 19.4348716736, 0, 3.37698149681, 0, 0.597289204597, 0, 0, 0, 0, 0, 0.229726627469, 0.574316561222, 0.0918906480074, 3.65265345573, 0, 7.19044351578, 0.987824499607, 16.2646446228, 6.45531797409, 5.3526301384, 14.8173675537, 1.65403175354],
    "thpcp": [1, 0.623379051685, 0.22669506073, 0.18733766675, 0.204138174653, 0.292922496796, 0.321179866791, 0.258348822594, 0.318201929331, 0.344089716673, 0.24660974741, 0.216836005449, 0.21225592494, 0.210270181298, 0.428306370974, 0.54042416811, 0.355214029551, 0.240455299616, 0.208640173078, 0.205817207694, 0.443944960833, 0.652716875076, 0.424676060677, 0.193762511015, 0.153618589044, 0.150941804051, 0.166928574443, 0.158230349422, 0.147463262081, 0.367769867182, 0.459960520267, 0.243094131351, 0.163134932518, 0.172463610768, 0.26903796196, 0.691145598888],
    "chords_key": "Eb",
    "chords_scale": "major"
}
}