{
"metadata": {
    "version": {
        "essentia": "2.1-beta6-dev",
        "essentia_git_sha": "v2.1_beta5-1177-g1d1cc983",
        "extractor": "music 2.0"
    },
    "audio_properties": {
        "analysis": {
            "equal_loudness": 0,
            "length": 233.807846069,
            "sample_rate": 44100,
            "start_time": 0,
            "downmix": "mix"
        },
        "bit_rate": 1411200,
        "length": 233.807846069,
        "lossless": 1,
        "number_channels": 2,
        "replay_gain": -9.531042099,
        "sample_rate": 44100,
        "codec": "pcm_s16le",
        "md5_encoded": "e8d7089e2a03302c480a20497b365eb2"
    },
    "tags": {
        "file_name": "02 - All Get Out - Survive.wav",
        "album": ["No Bouquet"],
        "albumartist": ["All Get Out"],
        "artist": ["All Get Out"],
        "composer": ["Nathan Michael Hussey"],
        "copyright": ["(C) 2018 Equal Vision Records, Inc. (P) 2018 Equal Vision Records, Inc."],
        "date": ["2018"],
        "discnumber": ["1"],
        "disctotal": ["1"],
        "genre": ["Alternative & Indie"],
        "isrc": ["US3X51838802"],
        "title": ["Survive"],
        "tracknumber": ["2"],
        "tracktotal": ["10"]
    }
},
"lowlevel": {
    "average_loudness": 0.955049812794,
    "barkbands_crest": {
        "mean": 9.62961006165
    },
    "barkbands_flatness_db": {
        "mean": 0.118150547147
    },
    "barkbands_kurtosis": {
        "mean": 3.64496135712
    },
    "barkbands_skewness": {
        "mean": 1.39377951622
    },
    "barkbands_spread": {
        "mean": 30.4150161743
    },
    "dissonance": {
        "mean": 0.47389793396
    },
    "dynamic_complexity": 2.64243102074,
    "erbbands_crest": {
        "mean": 7.79670906067
    },
    "erbbands_flatness_db": {
        "mean": 0.139725580812
    },
    "erbbands_kurtosis": {
        "mean": 0.601609647274
    },
    "erbbands_skewness": {
        "mean": -0.174588516355
    },
    "erbbands_spread": {
        "mean": 40.9612579346
    },
    "hfc": {
        "mean": 26.8025360107
    },
    "loudness_ebu128": {
        "integrated": -12.6562318802,
        "loudness_range": 7.10358715057,
        "momentary": {
            "mean": -14.000749588
        },
        "short_term": {
            "mean": -13.4818134308
        }
    },
    "melbands_crest": {
        "mean": 14.8517713547
    },
    "melbands_flatness_db": {
        "mean": 0.175644338131
    },
    "melbands_kurtosis": {
        "mean": 13.8552808762
    },
    "melbands_skewness": {
        "mean": 2.78220272064
    },
    "melbands_spread": {
        "mean": 31.5136508942
    },
    "pitch_salience": {
        "mean": 0.522596716881
    },
    "silence_rate_20dB": {
        "mean": 1
    },
    "silence_rate_30dB": {
        "mean": 0.994935929775
    },
    "silence_rate_60dB": {
        "mean": 0.0670241266489
    },
    "spectral_centroid": {
        "mean": 1758.08679199
    },
    "spectral_complexity": {
        "mean": 26.7588119507
    },
    "spectral_decrease": {
        "mean": -7.67039765037e-09
    },
    "spectral_energy": {
        "mean": 0.0313808657229
    },
    "spectral_energyband_high": {
        "mean": 0.00135442113969
    },
    "spectral_energyband_low": {
        "mean": 0.0156890247017
    },
    "spectral_energyband_middle_high": {
        "mean": 0.00707998126745
    },
    "spectral_energyband_middle_low": {
        "mean": 0.00877991504967
    },
    "spectral_entropy": {
        "mean": 7.75981378555
    },
    "spectral_flux": {
        "mean": 0.0832013636827
    },
    "spectral_kurtosis": {
        "mean": 3.51389551163
    },
    "spectral_rms": {
        "mean": 0.00520904548466
    },
    "spectral_rolloff": {
        "mean": 1959.84631348
    },
    "spectral_skewness": {
        "mean": 1.31444132328
    },
    "spectral_spread": {
        "mean": 4589896.5
    },
    "spectral_strongpeak": {
        "mean": 0.653010189533
    },
    "zerocrossingrate": {
        "mean": 0.0711957812309
    },
    "barkbands": {
        "mean": [5.54023717996e-05, 0.00793383363634, 0.00625769561157, 0.0023804733064, 0.00259244628251, 0.00129733013455, 0.000788818520959, 0.000580274849199, 0.000981511780992, 0.000836661783978, 0.000570191186853, 0.000603314954787, 0.000597942853346, 0.000536686799023, 0.000671270594466, 0.00108268379699, 0.00069612095831, 0.000500859343447, 0.000698103161994, 0.000573072640691, 0.000361936923582, 0.000267925293883, 0.00021339286468, 0.000195428205188, 8.18560074549e-05, 2.12929480767e-05, 4.25871076004e-06]
    },
    "erbbands": {
        "mean": [0.128439709544, 2.13559961319, 6.96830844879, 8.38222503662, 8.4671087265, 8.14902973175, 10.2552700043, 9.03997135162, 9.65566635132, 13.1690034866, 16.3115062714, 17.6355400085, 26.3713912964, 28.4239616394, 19.5243816376, 22.8448352814, 27.7700176239, 27.4064731598, 29.2473678589, 41.6293678284, 63.151424408, 41.6867027283, 30.6020355225, 26.8303489685, 40.3852081299, 25.8973140717, 16.2579021454, 12.91385746, 9.76557731628, 7.06895875931, 6.19878149033, 4.52588319778, 2.9132027626, 1.23113119602, 0.420071154833, 0.125056490302, 0.0329195037484, 0.00733102997765, 0.000717548071407, 6.48816203466e-05]
    },
    "gfcc": {
        "mean": [21.0568656921, 77.1681289673, -118.993965149, 44.5413627625, -53.5051460266, 16.9434318542, -34.7891235352, 8.80994129181, -25.0090560913, -4.64470100403, -19.4903850555, -6.18604803085, -10.4137458801],
        "cov": [[8157.63671875, -712.470092773, -550.663269043, 1066.30224609, 137.395462036, 429.78793335, -248.888549805, 414.968658447, 96.4761886597, 315.324584961, 113.333190918, 122.901229858, -7.94514799118], [-712.470092773, 1296.40869141, 102.267807007, -20.0786647797, 271.20703125, -26.8443889618, 204.38848877, -57.9214363098, 113.826164246, -33.8430137634, 144.453475952, -92.8297805786, 49.596912384], [-550.663269043, 102.267807007, 492.416870117, 64.9807052612, 50.3523597717, 1.27051365376, 72.8810043335, -34.8511505127, 28.9249668121, 31.1208019257, 22.077922821, 26.7031898499, 12.9970626831], [1066.30224609, -20.0786647797, 64.9807052612, 503.692108154, 149.175491333, 95.1274261475, 10.9632148743, 73.4599533081, 78.5310058594, 53.4496879578, 69.6819992065, 42.510925293, 47.0396652222], [137.395462036, 271.20703125, 50.3523597717, 149.175491333, 367.296081543, 131.92729187, 97.2074584961, 71.3038330078, 58.5524902344, 24.6012916565, 77.4610137939, 10.4001045227, 43.0293121338], [429.78793335, -26.8443889618, 1.27051365376, 95.1274261475, 131.92729187, 219.776321411, 77.4886169434, 66.4952011108, 28.0262794495, 31.0528335571, 26.0564060211, 19.8947086334, 16.3613433838], [-248.888549805, 204.38848877, 72.8810043335, 10.9632148743, 97.2074584961, 77.4886169434, 179.273040771, 33.8834075928, 41.1981658936, -2.74323153496, 28.7330493927, -3.90507006645, 14.9445199966], [414.968658447, -57.9214363098, -34.8511505127, 73.4599533081, 71.3038330078, 66.4952011108, 33.8834075928, 161.432449341, 44.0151672363, 15.0058298111, 17.5689411163, 7.6390080452, 16.7949981689], [96.4761886597, 113.826164246, 28.9249668121, 78.5310058594, 58.5524902344, 28.0262794495, 41.1981658936, 44.0151672363, 112.75088501, 37.8630447388, 27.6431388855, -6.07572793961, 14.3198890686], [315.324584961, -33.8430137634, 31.1208019257, 53.4496879578, 24.6012916565, 31.0528335571, -2.74323153496, 15.0058298111, 37.8630447388, 95.6191558838, 40.1598320007, 11.1021261215, -2.41957998276], [113.333190918, 144.453475952, 22.077922821, 69.6819992065, 77.4610137939, 26.0564060211, 28.7330493927, 17.5689411163, 27.6431388855, 40.1598320007, 118.604629517, 24.73412323, 12.7271099091], [122.901229858, -92.8297805786, 26.7031898499, 42.510925293, 10.4001045227, 19.8947086334, -3.90507006645, 7.6390080452, -6.07572793961, 11.1021261215, 24.73412323, 81.8199691772, 28.7814369202], [-7.94514799118, 49.596912384, 12.9970626831, 47.0396652222, 43.0293121338, 16.3613433838, 14.9445199966, 16.7949981689, 14.3198890686, -2.41957998276, 12.7271099091, 28.7814369202, 71.3155059814]],
        "icov": [[0.00032432100852, -0.00021913733508, 0.0003729435266, -0.000694676826242, 0.000278149876976, -0.000480424438138, 0.000513614795636, -0.00067917315755, 0.000511371821631, -0.000998332165182, 0.000456751789898, -0.000485818018205, 0.000551484001335], [-0.00021913733508, 0.00226657255553, -0.000302225729683, 0.000887330214027, -0.00133533333428, 0.00127995107323, -0.00180802249815, 0.00207007280551, -0.00200571073219, 0.00233525619842, -0.00308747543022, 0.00329722650349, -0.00202522892505], [0.0003729435266, -0.000302225729683, 0.00290649337694, -0.00116225564852, 8.36437538965e-05, 0.000116792973131, -0.000797247921582, 0.000108803011244, 0.000489595695399, -0.00218902691267, 0.00112890824676, -0.00163841235917, 0.000840021413751], [-0.000694676826242, 0.000887330214027, -0.00116225564852, 0.00440277019516, -0.00137855729554, 0.000436734611867, -0.000203408460948, 0.00129663874395, -0.00280256033875, 0.00240545789711, -0.00225684745237, 0.0010326722404, -0.00228754710406], [0.000278149876976, -0.00133533333428, 8.36437538965e-05, -0.00137855729554, 0.00547756673768, -0.00280791870318, 0.000408631516621, -0.00196067802608, 0.000942305487115, -0.000994921079837, -0.00032885017572, -0.000630561844446, -0.000340752507327], [-0.000480424438138, 0.00127995107323, 0.000116792973131, 0.000436734611867, -0.00280791870318, 0.00874633248895, -0.0043747141026, 0.000238576903939, -0.000102384794445, -0.000435460126027, -0.000250918703387, 0.000309369672323, -0.000779163616244], [0.000513614795636, -0.00180802249815, -0.000797247921582, -0.000203408460948, 0.000408631516621, -0.0043747141026, 0.0107982866466, -0.0026424122043, -0.000839979213197, 0.000325926550431, 0.00069656065898, -0.00147979264148, 0.00136327650398], [-0.00067917315755, 0.00207007280551, 0.000108803011244, 0.00129663874395, -0.00196067802608, 0.000238576903939, -0.0026424122043, 0.0108736874536, -0.00477000838146, 0.00351203116588, -0.00273522059433, 0.00268641579896, -0.00278827897273], [0.000511371821631, -0.00200571073219, 0.000489595695399, -0.00280256033875, 0.000942305487115, -0.000102384794445, -0.000839979213197, -0.00477000838146, 0.0159795116633, -0.00797932501882, 0.00280801556073, -1.31875094667e-05, -9.64554237726e-06], [-0.000998332165182, 0.00233525619842, -0.00218902691267, 0.00240545789711, -0.000994921079837, -0.000435460126027, 0.000325926550431, 0.00351203116588, -0.00797932501882, 0.0200674533844, -0.00823119003326, 0.00289447815157, -0.000534307910129], [0.000456751789898, -0.00308747543022, 0.00112890824676, -0.00225684745237, -0.00032885017572, -0.000250918703387, 0.00069656065898, -0.00273522059433, 0.00280801556073, -0.00823119003326, 0.0167932454497, -0.00802251603454, 0.00363279273733], [-0.000485818018205, 0.00329722650349, -0.00163841235917, 0.0010326722404, -0.000630561844446, 0.000309369672323, -0.00147979264148, 0.00268641579896, -1.31875094667e-05, 0.00289447815157, -0.00802251603454, 0.0219472106546, -0.0100677032024], [0.000551484001335, -0.00202522892505, 0.000840021413751, -0.00228754710406, -0.000340752507327, -0.000779163616244, 0.00136327650398, -0.00278827897273, -9.64554237726e-06, -0.000534307910129, 0.00363279273733, -0.0100677032024, 0.0210017971694]]
    },
    "melbands": {
        "mean": [0.00170952314511, 0.00340653187595, 0.00144679332152, 0.000610717281234, 0.000343482446624, 0.000216162632569, 0.000151948712301, 0.000138701856486, 0.000143619283335, 0.000115850067232, 0.000136089292937, 0.00011961870041, 6.87800638843e-05, 6.33536910755e-05, 6.27188128419e-05, 6.25456086709e-05, 4.75297310913e-05, 4.41356896772e-05, 5.62456152693e-05, 5.62908899155e-05, 7.67865349189e-05, 4.03577978432e-05, 3.66528147424e-05, 2.14594801946e-05, 2.04271018447e-05, 3.10487776005e-05, 2.68658059213e-05, 1.45815210999e-05, 9.79743617791e-06, 8.67435664986e-06, 7.41595931686e-06, 5.68905352338e-06, 4.54965811514e-06, 3.71053329218e-06, 3.78835170523e-06, 2.88835781248e-06, 2.72422425951e-06, 2.10894404518e-06, 1.60623915235e-06, 8.50229469052e-07]
    },
    "melbands128": {
        "mean": [5.42297202628e-05, 0.000617878919002, 0.00228670658544, 0.00399693287909, 0.00383857404813, 0.00295026320964, 0.00177286588587, 0.0010440137703, 0.000824886432383, 0.000692169298418, 0.000392087327782, 0.000308227783535, 0.000374757655663, 0.000346638000337, 0.000169617298525, 0.000183804077096, 0.000161128045875, 0.000128178246086, 0.000161390038556, 0.000162485579494, 0.000113872796646, 0.000116368486488, 0.00015112030087, 0.000182336923899, 8.10598794487e-05, 9.95349764707e-05, 0.000162636773894, 9.70822657109e-05, 0.000183519397979, 0.000109734166472, 0.000116088958748, 0.000101173427538, 5.75467383896e-05, 4.33378736489e-05, 8.2699181803e-05, 5.90651616221e-05, 4.7049485147e-05, 7.80321424827e-05, 5.91300158703e-05, 5.76890088269e-05, 6.03543885518e-05, 7.4395473348e-05, 4.59917318949e-05, 3.08806665998e-05, 5.18712768098e-05, 4.60208684672e-05, 3.43306201103e-05, 6.54154937365e-05, 5.74263249291e-05, 5.45919647266e-05, 4.88232144562e-05, 6.13907177467e-05, 0.000104807244497, 7.77897657827e-05, 2.91046198981e-05, 3.77083670173e-05, 4.7030942369e-05, 4.22166485805e-05, 3.28014393745e-05, 2.57991159742e-05, 2.09417976293e-05, 1.77852725756e-05, 1.82938183571e-05, 1.82443236554e-05, 2.84575635305e-05, 3.63350736734e-05, 2.7212601708e-05, 3.2115898648e-05, 2.65631406364e-05, 2.03843210329e-05, 1.51097256094e-05, 1.21723060147e-05, 8.40436769067e-06, 9.75164766714e-06, 1.07791511255e-05, 9.50230332819e-06, 7.70434508013e-06, 6.08978007222e-06, 8.23750178824e-06, 7.78364392318e-06, 5.42166935702e-06, 5.03450200995e-06, 5.44549720871e-06, 4.37636208517e-06, 4.12489680457e-06, 3.46370075022e-06, 3.55091265192e-06, 4.17044293499e-06, 3.86564761357e-06, 3.67472830476e-06, 2.77164463114e-06, 2.74863327832e-06, 2.91142669084e-06, 2.85251417154e-06, 2.47297271017e-06, 2.32407592193e-06, 1.8938796984e-06, 2.08322603612e-06, 1.7849570213e-06, 1.28613203287e-06, 9.92862283056e-07, 7.72425494233e-07, 6.98360111073e-07, 5.76758168336e-07, 4.42861278316e-07, 3.69852671156e-07, 3.2176097875e-07, 2.37681874182e-07, 2.08164024684e-07, 1.60229831181e-07, 1.30959733724e-07, 1.09417790384e-07, 9.38443491805e-08, 9.2926462969e-08, 7.21205708487e-08, 6.29753174053e-08, 5.39993472159e-08, 4.38999663288e-08, 3.10030898731e-08, 2.21009361923e-08, 1.42445157891e-08, 8.38835578776e-09, 5.20188647712e-09, 4.34665903271e-09, 4.16465084641e-09, 2.85643642073e-09, 1.42307254869e-09, 9.97759541654e-10]
    },
    "mfcc": {
        "mean": [-617.1484375, 101.153701782, -1.44337725639, 27.8004951477, 6.7635807991, 7.39230680466, 4.03319692612, 6.54644680023, 2.66153931618, 3.35242581367, -8.16239261627, -2.92850661278, -0.105855248868],
        "cov": [[8325.37207031, -1121.18200684, -459.529388428, 423.634124756, 493.175384521, 152.972671509, 61.2735481262, 152.26890564, 93.0571899414, 282.437438965, 177.800811768, 163.728805542, 45.6491622925], [-1121.18200684, 1223.44714355, 0.148965373635, 34.4661064148, 22.4638347626, 50.9742546082, 105.397766113, 0.453844219446, 0.11542250216, 23.4642276764, 63.1632804871, 28.8830089569, 28.5261039734], [-459.529388428, 0.148965373635, 390.383453369, 84.9935684204, -39.0494613647, 43.1273536682, -19.3692111969, -17.9963912964, 5.9292640686, -25.6861228943, -9.2430305481, 30.4983825684, 29.535364151], [423.634124756, 34.4661064148, 84.9935684204, 337.730224609, 143.026992798, 69.1032867432, 30.365447998, 40.8602790833, 30.4125843048, 27.4625301361, 34.1063270569, 62.6846313477, 37.2061271667], [493.175384521, 22.4638347626, -39.0494613647, 143.026992798, 285.040008545, 84.1376342773, 92.4026870728, 67.5547561646, 44.0390777588, 55.6678123474, 54.0084609985, 48.0513916016, 30.0719776154], [152.972671509, 50.9742546082, 43.1273536682, 69.1032867432, 84.1376342773, 202.801834106, 74.5567474365, 41.5828742981, 32.7082977295, 29.6667385101, 40.3515090942, 32.7942619324, 13.8983211517], [61.2735481262, 105.397766113, -19.3692111969, 30.365447998, 92.4026870728, 74.5567474365, 174.181091309, 85.4563827515, 33.7716026306, 30.7335548401, 47.5512199402, 30.9211559296, 14.7189731598], [152.26890564, 0.453844219446, -17.9963912964, 40.8602790833, 67.5547561646, 41.5828742981, 85.4563827515, 148.524993896, 64.9536590576, 32.6915016174, 22.2043628693, 25.8514328003, 14.1080627441], [93.0571899414, 0.11542250216, 5.9292640686, 30.4125843048, 44.0390777588, 32.7082977295, 33.7716026306, 64.9536590576, 121.439872742, 55.6803359985, 8.62735652924, 9.7939043045, 14.5395641327], [282.437438965, 23.4642276764, -25.6861228943, 27.4625301361, 55.6678123474, 29.6667385101, 30.7335548401, 32.6915016174, 55.6803359985, 110.647766113, 54.1679382324, 16.0760040283, 10.2133111954], [177.800811768, 63.1632804871, -9.2430305481, 34.1063270569, 54.0084609985, 40.3515090942, 47.5512199402, 22.2043628693, 8.62735652924, 54.1679382324, 107.795967102, 48.5090827942, 6.0319776535], [163.728805542, 28.8830089569, 30.4983825684, 62.6846313477, 48.0513916016, 32.7942619324, 30.9211559296, 25.8514328003, 9.7939043045, 16.0760040283, 48.5090827942, 92.3993835449, 39.7722740173], [45.6491622925, 28.5261039734, 29.535364151, 37.2061271667, 30.0719776154, 13.8983211517, 14.7189731598, 14.1080627441, 14.5395641327, 10.2133111954, 6.0319776535, 39.7722740173, 78.6538772583]],
        "icov": [[0.00019725789025, 0.000200138572836, 0.000268773233984, -0.000213045772398, -0.000110292625322, -8.52818338899e-05, 5.60188018426e-05, -3.28994292431e-06, 0.00014472019393, -0.000412701076129, 1.4861915588e-05, -0.000241162459133, 7.76995511842e-06], [0.000200138572836, 0.00110977352597, 0.000318630511174, -0.000349492824171, 0.000116160234029, -0.000114041555207, -0.000667695887387, 0.00043172945152, 9.92215354927e-05, -0.000347316934494, -0.000444515608251, -4.6305856813e-05, -0.000365460698958], [0.000268773233984, 0.000318630511174, 0.00357504980639, -0.00129328074399, 0.000970735156443, -0.000974678841885, 0.000187457015272, 0.000620214210358, -0.00053180148825, 0.000372068228899, 9.85113438219e-05, -0.000986760598607, -0.000806089956313], [-0.000213045772398, -0.000349492824171, -0.00129328074399, 0.00475920783356, -0.00211129314266, -0.000319089042023, 0.000998347764835, -0.000572134682443, -0.000122309153085, 0.000299089355394, 0.000316457153531, -0.00146856217179, -3.37390119967e-05], [-0.000110292625322, 0.000116160234029, 0.000970735156443, -0.00211129314266, 0.00624025333673, -0.000923456856981, -0.0019672664348, -0.000147482263856, -0.000298161437968, -0.000809385150205, -0.000475971552078, -0.000133816036396, -0.000907614245079], [-8.52818338899e-05, -0.000114041555207, -0.000974678841885, -0.000319089042023, -0.000923456856981, 0.00674148509279, -0.00209514424205, 0.000284509529592, -0.00088443356799, 0.000120639131637, -0.00088823545957, -0.000214068888454, 0.000434868386947], [5.60188018426e-05, -0.000667695887387, 0.000187457015272, 0.000998347764835, -0.0019672664348, -0.00209514424205, 0.0108482046053, -0.00510395411402, 0.000535441969987, 0.000799342407845, -0.00249514193274, 0.000247499789111, -0.000461803982034], [-3.28994292431e-06, 0.00043172945152, 0.000620214210358, -0.000572134682443, -0.000147482263856, 0.000284509529592, -0.00510395411402, 0.0122326072305, -0.00524823227897, 0.00059259129921, 0.000535663799383, -0.00165936362464, 0.000341381528415], [0.00014472019393, 9.92215354927e-05, -0.00053180148825, -0.000122309153085, -0.000298161437968, -0.00088443356799, 0.000535441969987, -0.00524823227897, 0.0146204540506, -0.007907374762, 0.00398549437523, -0.000283546512946, -0.000589127477724], [-0.000412701076129, -0.000347316934494, 0.000372068228899, 0.000299089355394, -0.000809385150205, 0.000120639131637, 0.000799342407845, 0.00059259129921, -0.007907374762, 0.018464287743, -0.00965094473213, 0.00407159468159, -0.00213806098327], [1.4861915588e-05, -0.000444515608251, 9.85113438219e-05, 0.000316457153531, -0.000475971552078, -0.00088823545957, -0.00249514193274, 0.000535663799383, 0.00398549437523, -0.00965094473213, 0.0197743792087, -0.0100618544966, 0.00476353149861], [-0.000241162459133, -4.6305856813e-05, -0.000986760598607, -0.00146856217179, -0.000133816036396, -0.000214068888454, 0.000247499789111, -0.00165936362464, -0.000283546512946, 0.00407159468159, -0.0100618544966, 0.0216245707124, -0.00907707121223], [7.76995511842e-06, -0.000365460698958, -0.000806089956313, -3.37390119967e-05, -0.000907614245079, 0.000434868386947, -0.000461803982034, 0.000341381528415, -0.000589127477724, -0.00213806098327, 0.00476353149861, -0.00907707121223, 0.018067125231]]
    },
    "spectral_contrast_coeffs": {
        "mean": [-0.690314948559, -0.768044471741, -0.76167678833, -0.773336946964, -0.790955126286, -0.76162314415]
    },
    "spectral_contrast_valleys": {
        "mean": [-6.62077045441, -6.85945272446, -7.29821920395, -7.37551116943, -7.11261606216, -9.74649620056]
    }
},
"rhythm": {
    "beats_count": 540,
    "beats_loudness": {
        "mean": 0.0361316055059
    },
    "bpm": 140.915634155,
    "bpm_histogram_first_peak_bpm": 140,
    "bpm_histogram_first_peak_weight": 0.443037986755,
    "bpm_histogram_second_peak_bpm": 112,
    "bpm_histogram_second_peak_spread": 0.521739125252,
    "bpm_histogram_second_peak_weight": 0.0204081628472,
    "danceability": 1.15306782722,
    "onset_rate": 2.4163377285,
    "beats_loudness_band_ratio": {
        "mean": [0.49774441123, 0.16096791625, 0.109723776579, 0.107807487249, 0.101156115532, 0.0749323517084]
    },
    "beats_position": [0.429569154978, 0.859138309956, 1.27709746361, 1.70666658878, 2.13623571396, 2.55419492722, 2.9837641716, 3.41333317757, 3.84290242195, 4.26086139679, 4.69043064117, 5.11999988556, 5.53795909882, 5.95591831207, 6.38548755646, 6.81505680084, 7.24462556839, 7.67419481277, 8.10376358032, 8.52172279358, 8.93968200684, 9.35764122009, 9.79882049561, 10.22838974, 10.6579589844, 11.0759181976, 11.505487442, 11.9350566864, 12.3646259308, 12.7941951752, 13.2237634659, 13.6533327103, 14.0712919235, 14.4892511368, 14.90721035, 15.3251695633, 15.7547388077, 16.1726989746, 16.602268219, 17.031835556, 17.4614048004, 17.8793640137, 18.3089332581, 18.7385025024, 19.1680717468, 19.5976409912, 20.0272102356, 20.45677948, 20.8747386932, 21.2926979065, 21.7106571198, 22.128616333, 22.5465755463, 22.9761447906, 23.405714035, 23.8352832794, 24.2648525238, 24.6828117371, 25.1007709503, 25.5187301636, 25.9366893768, 26.3662586212, 26.7958278656, 27.22539711, 27.6549663544, 28.0961437225, 28.5141029358, 28.932062149, 29.3732414246, 29.8028106689, 30.2323799133, 30.6735591888, 31.0915184021, 31.5094776154, 31.9390468597, 32.3686180115, 32.7981834412, 33.2277526855, 33.6457138062, 34.0636711121, 34.4700202942, 34.8995895386, 35.329158783, 35.7587280273, 36.1882972717, 36.6062583923, 37.0242156982, 37.4537849426, 37.8717460632, 38.2897033691, 38.7192726135, 39.1488418579, 39.5784111023, 40.0079803467, 40.4375495911, 40.8671188354, 41.2850799561, 41.703037262, 42.1326065063, 42.5621757507, 42.9917449951, 43.4213142395, 43.8508834839, 44.2804527283, 44.7100219727, 45.139591217, 45.5575485229, 45.9755096436, 46.4050788879, 46.8346481323, 47.2526054382, 47.6705665588, 48.1001358032, 48.5297050476, 48.9476623535, 49.3888435364, 49.8068008423, 50.2247619629, 50.6543312073, 51.0839004517, 51.5018577576, 51.9198188782, 52.3493881226, 52.7789573669, 53.1969146729, 53.6148757935, 54.0560531616, 54.485622406, 54.9151916504, 55.333152771, 55.7511100769, 56.1806793213, 56.5986366272, 57.0282058716, 57.457775116, 57.8873443604, 58.3169136047, 58.7464828491, 59.1644439697, 59.5824012756, 60.0235824585, 60.4415397644, 60.859500885, 61.2774581909, 61.7070274353, 62.1249885559, 62.5429458618, 62.9725151062, 63.4020843506, 63.831653595, 64.2612228394, 64.67918396, 65.0971450806, 65.5150985718, 65.9446716309, 66.3742370605, 66.8038101196, 67.2333755493, 67.6629486084, 68.0809020996, 68.5104751587, 68.9400405884, 69.358001709, 69.7991790771, 70.2287521362, 70.6583175659, 71.0762786865, 71.4942398071, 71.9238052368, 72.3533782959, 72.7713394165, 73.1892929077, 73.6072540283, 74.0368270874, 74.4663925171, 74.8843536377, 75.3139190674, 75.7434921265, 76.1614532471, 76.5910186768, 77.0205917358, 77.4501571655, 77.8797302246, 78.3092956543, 78.738861084, 79.1568222046, 79.5863952637, 80.0159606934, 80.4455337524, 80.8750991821, 81.3046722412, 81.7342376709, 82.16381073, 82.5817642212, 82.9997253418, 83.4292984009, 83.8472518921, 84.2768249512, 84.6947860718, 85.1243515015, 85.5539245605, 85.9718780518, 86.4014511108, 86.8310165405, 87.2489776611, 87.6669387817, 88.0965042114, 88.514465332, 88.9440383911, 89.3736038208, 89.8031692505, 90.2327423096, 90.6623077393, 91.0918807983, 91.5098419189, 91.9277954102, 92.3689804077, 92.7869338989, 93.216506958, 93.6460723877, 94.0640335083, 94.4819946289, 94.8999557495, 95.3179092407, 95.7590942383, 96.188659668, 96.6182327271, 97.0361862183, 97.4657592773, 97.895324707, 98.3132858276, 98.7312469482, 99.1608123779, 99.590385437, 100.019950867, 100.449523926, 100.879089355, 101.297050476, 101.726615906, 102.144577026, 102.562538147, 102.980499268, 103.410064697, 103.839637756, 104.257591248, 104.687164307, 105.116729736, 105.534690857, 105.952651978, 106.393829346, 106.835006714, 107.252967834, 107.682540894, 108.112106323, 108.530067444, 108.948028564, 109.365982056, 109.795555115, 110.225120544, 110.643081665, 111.072654724, 111.490608215, 111.920181274, 112.349746704, 112.779319763, 113.208885193, 113.626846313, 114.056411743, 114.474372864, 114.892333984, 115.310295105, 115.728248596, 116.157821655, 116.587387085, 117.005348206, 117.446525574, 117.876098633, 118.305664062, 118.723625183, 119.153198242, 119.582763672, 120.02394104, 120.453514099, 120.883079529, 121.289428711, 121.707389832, 122.113739014, 122.531700134, 122.972877502, 123.414054871, 123.855232239, 124.273193359, 124.69115448, 125.12071991, 125.550292969, 125.968254089, 126.397819519, 126.827392578, 127.256958008, 127.686531067, 128.104492188, 128.534057617, 128.963623047, 129.381591797, 129.811157227, 130.240722656, 130.658676147, 131.076644897, 131.494598389, 131.924163818, 132.353744507, 132.771697998, 133.189651489, 133.596008301, 134.02557373, 134.466751099, 134.896316528, 135.325897217, 135.755462646, 136.185028076, 136.614593506, 137.044174194, 137.462127686, 137.880081177, 138.298049927, 138.727615356, 139.145568848, 139.575149536, 140.004714966, 140.434280396, 140.852249146, 141.270202637, 141.699768066, 142.129333496, 142.558914185, 142.988479614, 143.418045044, 143.847610474, 144.277191162, 144.706756592, 145.124710083, 145.542678833, 145.972244263, 146.401809692, 146.819763184, 147.237731934, 147.667297363, 148.096862793, 148.514831543, 148.944396973, 149.373962402, 149.791931152, 150.221496582, 150.651062012, 151.069015503, 151.486984253, 151.904937744, 152.334503174, 152.764083862, 153.193649292, 153.623214722, 154.041183472, 154.470748901, 154.900314331, 155.341491699, 155.771057129, 156.189025879, 156.618591309, 157.048156738, 157.466125488, 157.895690918, 158.336868286, 158.766433716, 159.195999146, 159.613967896, 160.031921387, 160.449890137, 160.867843628, 161.285797119, 161.715377808, 162.144943237, 162.562896729, 162.992462158, 163.422042847, 163.839996338, 164.257949829, 164.687530518, 165.117095947, 165.535049438, 165.964630127, 166.394195557, 166.812149048, 167.253326416, 167.671295166, 168.089248657, 168.530426025, 168.948379517, 169.377960205, 169.807525635, 170.237091064, 170.666656494, 171.084625244, 171.502578735, 171.920547485, 172.350112915, 172.779678345, 173.197631836, 173.615600586, 174.045166016, 174.474731445, 174.904312134, 175.333877563, 175.751831055, 176.169799805, 176.576141357, 177.005706787, 177.446884155, 177.888076782, 178.317642212, 178.747207642, 179.165161133, 179.583129883, 180.012695312, 180.442260742, 180.871826172, 181.30140686, 181.719360352, 182.137313843, 182.555282593, 182.984848022, 183.414413452, 183.843994141, 184.27355957, 184.691513062, 185.121078491, 185.55065918, 185.968612671, 186.398178101, 186.827758789, 187.24571228, 187.67527771, 188.09324646, 188.52281189, 188.940765381, 189.370330811, 189.799911499, 190.229476929, 190.659042358, 191.07699585, 191.506576538, 191.936141968, 192.365707397, 192.806884766, 193.1900177, 193.573150635, 193.956283569, 194.351013184, 194.745758057, 195.140487671, 195.523620605, 195.90675354, 196.289886475, 196.673019409, 197.067749023, 197.462493896, 197.868835449, 198.286804199, 198.70475769, 199.122711182, 199.55229187, 199.9818573, 200.411422729, 200.829391479, 201.247344971, 201.6769104, 202.118087769, 202.559265137, 203.000442505, 203.430023193, 203.859588623, 204.289154053, 204.718719482, 205.183120728, 205.635910034, 206.100311279, 206.553100586, 207.005889893, 207.470291138, 207.934692383, 208.399093628, 208.863494873, 209.327880859, 209.861953735, 210.396011353, 210.918457031, 211.464126587, 212.009796143, 212.520629883, 213.043075562, 213.565536499, 214.064758301, 214.575592041, 215.08644104, 215.574050903, 216.073287964, 216.560897827, 217.002075195, 217.443267822, 217.872833252, 218.302398682, 218.731964111, 219.149932861, 219.567886353, 219.985839844, 220.403808594, 220.821762085, 221.239730835, 221.71572876, 222.203353882, 222.690963745, 223.190200806, 223.689422607, 224.188659668, 224.699493408, 225.221939087, 225.744400024, 226.266845703, 226.789291382, 227.311737061, 227.845794678, 228.379852295, 228.925521851, 229.459594727, 229.993652344, 230.527709961, 231.05015564, 231.584213257, 232.118270874, 232.652328491, 233.186386108],
    "bpm_histogram": [0, 0, 0, 0, 0, 0, 0, 0, 0, 0, 0, 0, 0, 0, 0, 0, 0, 0, 0, 0, 0, 0, 0, 0, 0, 0, 0, 0, 0, 0, 0, 0, 0, 0, 0, 0, 0, 0, 0, 0, 0, 0, 0, 0, 0, 0, 0, 0, 0, 0, 0, 0, 0, 0, 0, 0, 0, 0, 0, 0, 0, 0, 0, 0, 0, 0, 0, 0, 0, 0, 0, 0, 0, 0, 0, 0, 0, 0, 0, 0, 0, 0, 0, 0, 0, 0, 0, 0, 0, 0, 0, 0, 0, 0, 0, 0, 0, 0, 0, 0, 0, 0, 0, 0, 0, 0, 0, 0, 0, 0, 0.00556586263701, 0, 0.0204081628472, 0, 0, 0.0166975874454, 0, 0.0074211503379, 0, 0, 0.00927643757313, 0, 0, 0.0074211503379, 0, 0, 0.00185528758448, 0, 0, 0.0129870129749, 0, 0, 0, 0.00556586263701, 0, 0, 0.0556586273015, 0, 0, 0, 0.489795923233, 0, 0, 0, 0.333951771259, 0, 0, 0, 0.011131725274, 0, 0, 0, 0.00927643757313, 0, 0, 0, 0, 0.0129870129749, 0, 0, 0, 0, 0, 0, 0, 0, 0, 0, 0, 0, 0, 0, 0, 0, 0, 0, 0, 0, 0, 0, 0, 0, 0, 0, 0, 0, 0, 0, 0, 0, 0, 0, 0, 0, 0, 0, 0, 0, 0, 0, 0, 0, 0, 0, 0, 0, 0, 0, 0, 0, 0, 0, 0, 0, 0, 0, 0, 0, 0, 0, 0, 0, 0, 0, 0, 0, 0, 0, 0, 0, 0, 0, 0, 0, 0, 0, 0, 0, 0, 0, 0, 0, 0, 0, 0, 0, 0, 0, 0, 0]
},
"tonal": {
    "chords_changes_rate": 0.0645353421569,
    "chords_number_rate": 0.00198570289649,
    "chords_strength": {
        "mean": 0.491152942181
    },
    "hpcp_crest": {
        "mean": 12.8721923828
    },
    "hpcp_entropy": {
        "mean": 2.11909222603
    },
    "key_edma": {
        "strength": 0.807604253292,
        "key": "E",
        "scale": "major"
    },
    "key_krumhansl": {
        "strength": 0.802262067795,
        "key": "E",
        "scale": "major"
    },
    "key_temperley": {
        "strength": 0.79370456934,
        "key": "E",
        "scale": "major"
    },
    "tuning_diatonic_strength": 0.594462633133,
    "tuning_equal_tempered_deviation": 0.0291805975139,
    "tuning_frequency": 441.272583008,
    "tuning_nontempered_energy_ratio": 0.711748301983,
    "hpcp": {
        "mean": [0.0592148043215, 0.040326025337, 0.0826871618629, 0.122588083148, 0.113278523088, 0.225722849369, 0.293764442205, 0.171630576253, 0.0910651832819, 0.0719261467457, 0.0678269937634, 0.133388698101, 0.201694011688, 0.148020014167, 0.077096581459, 0.0637812763453, 0.0724669322371, 0.153193458915, 0.194846481085, 0.128667742014, 0.153620004654, 0.214582160115, 0.147051528096, 0.0854574590921, 0.0749435275793, 0.0678263157606, 0.148362070322, 0.221501350403, 0.144559577107, 0.0669847279787, 0.0552755631506, 0.0525834336877, 0.150629147887, 0.240656062961, 0.176737576723, 0.0962842181325]
    },
    "chords_histogram": [9.92851448059, 11.7156476974, 18.4273223877, 11.6957902908, 7.72438430786, 0.357426524162, 5.83796644211, 0.794281184673, 1.90627479553, 0.178713262081, 0.317712455988, 0, 0.337569504976, 0.119142174721, 0, 0.436854660511, 0, 0.119142174721, 0, 0.0397140569985, 0, 3.39555191994, 2.64098501205, 24.0270061493],
    "thpcp": [1, 0.584245562553, 0.309993892908, 0.244842931628, 0.230889052153, 0.454066872597, 0.686584174633, 0.503873169422, 0.26244354248, 0.217117071152, 0.246683806181, 0.521484017372, 0.663274586201, 0.437996298075, 0.522935986519, 0.730456531048, 0.50057631731, 0.290904700756, 0.255114346743, 0.230886742473, 0.505037546158, 0.754010081291, 0.492093503475, 0.228021904826, 0.188162878156, 0.178998634219, 0.51275485754, 0.819214403629, 0.601630270481, 0.327759951353, 0.201572403312, 0.137273341417, 0.281474381685, 0.417300611734, 0.385610044003, 0.768380403519],
    "chords_key": "C#",
    "chords_scale": "minor"
}
}