{
"metadata": {
    "version": {
        "essentia": "2.1-beta6-dev",
        "essentia_git_sha": "v2.1_beta5-1177-g1d1cc983",
        "extractor": "music 2.0"
    },
    "audio_properties": {
        "analysis": {
            "equal_loudness": 0,
            "length": 198.043106079,
            "sample_rate": 44100,
            "start_time": 0,
            "downmix": "mix"
        },
        "bit_rate": 1411200,
        "length": 198.043106079,
        "lossless": 1,
        "number_channels": 2,
        "replay_gain": -10.8585510254,
        "sample_rate": 44100,
        "codec": "pcm_s16le",
        "md5_encoded": "275ffde0ed5251630db1d3033145238b"
    },
    "tags": {
        "file_name": "05 - All Get Out - Self Repair.wav",
        "album": ["No Bouquet"],
        "albumartist": ["All Get Out"],
        "artist": ["All Get Out"],
        "composer": ["Nathan Michael Hussey"],
        "copyright": ["(C) 2018 Equal Vision Records, Inc. (P) 2018 Equal Vision Records, Inc."],
        "date": ["2018"],
        "discnumber": ["1"],
        "disctotal": ["1"],
        "genre": ["Alternative & Indie"],
        "isrc": ["US3X51838805"],
        "title": ["Self Repair"],
        "tracknumber": ["5"],
        "tracktotal": ["10"]
    }
},
"lowlevel": {
    "average_loudness": 0.93126386404,
    "barkbands_crest": {
        "mean": 8.66198825836
    },
    "barkbands_flatness_db": {
        "mean": 0.113057628274
    },
    "barkbands_kurtosis": {
        "mean": 2.42184758186
    },
    "barkbands_skewness": {
        "mean": 1.09660291672
    },
    "barkbands_spread": {
        "mean": 30.4154033661
    },
    "dissonance": {
        "mean": 0.477028846741
    },
    "dynamic_complexity": 2.69773101807,
    "erbbands_crest": {
        "mean": 7.69143867493
    },
    "erbbands_flatness_db": {
        "mean": 0.153002694249
    },
    "erbbands_kurtosis": {
        "mean": -0.00252143596299
    },
    "erbbands_skewness": {
        "mean": -0.0642215833068
    },
    "erbbands_spread": {
        "mean": 39.8589668274
    },
    "hfc": {
        "mean": 27.1666946411
    },
    "loudness_ebu128": {
        "integrated": -11.7753658295,
        "loudness_range": 4.90015506744,
        "momentary": {
            "mean": -12.6652145386
        },
        "short_term": {
            "mean": -12.1694374084
        }
    },
    "melbands_crest": {
        "mean": 13.7990102768
    },
    "melbands_flatness_db": {
        "mean": 0.161590993404
    },
    "melbands_kurtosis": {
        "mean": 11.0415706635
    },
    "melbands_skewness": {
        "mean": 2.36139082909
    },
    "melbands_spread": {
        "mean": 34.8954124451
    },
    "pitch_salience": {
        "mean": 0.551022529602
    },
    "silence_rate_20dB": {
        "mean": 1
    },
    "silence_rate_30dB": {
        "mean": 0.997303962708
    },
    "silence_rate_60dB": {
        "mean": 0.0383307933807
    },
    "spectral_centroid": {
        "mean": 1845.04211426
    },
    "spectral_complexity": {
        "mean": 27.8649635315
    },
    "spectral_decrease": {
        "mean": -6.79320644181e-09
    },
    "spectral_energy": {
        "mean": 0.0281032025814
    },
    "spectral_energyband_high": {
        "mean": 0.00130327849183
    },
    "spectral_energyband_low": {
        "mean": 0.0109665803611
    },
    "spectral_energyband_middle_high": {
        "mean": 0.00814760942012
    },
    "spectral_energyband_middle_low": {
        "mean": 0.00897640362382
    },
    "spectral_entropy": {
        "mean": 7.79624223709
    },
    "spectral_flux": {
        "mean": 0.0865023806691
    },
    "spectral_kurtosis": {
        "mean": 3.28186583519
    },
    "spectral_rms": {
        "mean": 0.00492425076663
    },
    "spectral_rolloff": {
        "mean": 2081.16210938
    },
    "spectral_skewness": {
        "mean": 1.16817784309
    },
    "spectral_spread": {
        "mean": 4156865.25
    },
    "spectral_strongpeak": {
        "mean": 0.848435938358
    },
    "zerocrossingrate": {
        "mean": 0.0723518207669
    },
    "barkbands": {
        "mean": [6.68014472467e-05, 0.00572072388604, 0.00428049871698, 0.00147663499229, 0.00241331127472, 0.00132784876041, 0.0007382275071, 0.000675594026688, 0.00160487915855, 0.00147269712761, 0.00125319021754, 0.000711150700226, 0.000527720374521, 0.000456656329334, 0.000856982544065, 0.000918448553421, 0.000639454519842, 0.000555033097044, 0.000752529886086, 0.000584303459618, 0.000389643013477, 0.000249999255175, 0.000186682693311, 0.000163460397744, 6.51443770039e-05, 1.25806227516e-05, 2.98168197332e-06]
    },
    "erbbands": {
        "mean": [0.121573649347, 1.46287941933, 4.87361526489, 5.18823719025, 7.7907834053, 6.61309957504, 9.00025653839, 9.7398891449, 9.92411422729, 12.9670696259, 17.5463695526, 39.0677223206, 51.3619270325, 52.7892417908, 30.6706771851, 30.8206806183, 25.178691864, 25.6265220642, 36.3561172485, 45.122215271, 49.5668373108, 35.5292282104, 32.4351234436, 30.5367298126, 41.5756225586, 26.9801464081, 18.4653644562, 12.9400959015, 9.07714653015, 6.33895635605, 5.50788450241, 4.0337638855, 2.3199031353, 1.02506065369, 0.308602720499, 0.0765677839518, 0.0198026094586, 0.00446974299848, 0.000484518241137, 5.84371700825e-05]
    },
    "gfcc": {
        "mean": [16.4663124084, 87.0629196167, -134.997695923, 47.2324447632, -56.8608360291, 14.4879255295, -30.5939064026, 9.98775863647, -21.883266449, -6.27980422974, -16.0093727112, -7.65668439865, -6.45766830444],
        "cov": [[7029.75976562, -649.371459961, -41.3147621155, 117.098640442, -195.545608521, 791.247619629, 1.45838296413, 369.416748047, -80.6716461182, 70.3682861328, -128.864151001, 86.9054489136, -86.0268554688], [-649.371459961, 1345.15368652, -212.616394043, 14.9942426682, 204.509567261, -185.741485596, 146.095352173, -70.1045303345, 120.226806641, -63.8599739075, 147.870605469, -95.6620407104, 130.787643433], [-41.3147621155, -212.616394043, 790.477355957, 161.971984863, -10.6540470123, 74.5975646973, -41.1762657166, -48.6957168579, 3.92721605301, 40.0939445496, -11.1672878265, 53.8423805237, -32.1483535767], [117.098640442, 14.9942426682, 161.971984863, 316.244750977, 76.3965301514, 84.2799911499, 56.6688270569, 24.5078029633, 41.3662605286, 9.94844055176, 28.1040229797, 25.5873565674, 13.3203496933], [-195.545608521, 204.509567261, -10.6540470123, 76.3965301514, 253.528289795, 42.9678115845, 97.0955276489, 52.5235671997, 68.1672439575, 18.5923118591, 58.6766967773, 3.75761938095, 25.923494339], [791.247619629, -185.741485596, 74.5975646973, 84.2799911499, 42.9678115845, 316.541046143, 122.583404541, 119.616981506, 28.6265945435, 36.7735824585, -6.52675247192, 29.1696338654, -16.7069835663], [1.45838296413, 146.095352173, -41.1762657166, 56.6688270569, 97.0955276489, 122.583404541, 213.038619995, 88.1704864502, 65.8968963623, 7.5083899498, 28.1847038269, -0.0940587520599, 20.1965427399], [369.416748047, -70.1045303345, -48.6957168579, 24.5078029633, 52.5235671997, 119.616981506, 88.1704864502, 161.875335693, 54.692855835, 15.1482954025, 2.85618948936, 11.2436256409, -6.47637462616], [-80.6716461182, 120.226806641, 3.92721605301, 41.3662605286, 68.1672439575, 28.6265945435, 65.8968963623, 54.692855835, 108.329376221, 32.6778373718, 31.5732784271, -4.38146686554, 13.8815755844], [70.3682861328, -63.8599739075, 40.0939445496, 9.94844055176, 18.5923118591, 36.7735824585, 7.5083899498, 15.1482954025, 32.6778373718, 75.5666885376, 23.1125411987, 14.3507013321, -12.0864095688], [-128.864151001, 147.870605469, -11.1672878265, 28.1040229797, 58.6766967773, -6.52675247192, 28.1847038269, 2.85618948936, 31.5732784271, 23.1125411987, 84.0330352783, 18.1733360291, 16.7804412842], [86.9054489136, -95.6620407104, 53.8423805237, 25.5873565674, 3.75761938095, 29.1696338654, -0.0940587520599, 11.2436256409, -4.38146686554, 14.3507013321, 18.1733360291, 69.7263565063, 13.8328723907], [-86.0268554688, 130.787643433, -32.1483535767, 13.3203496933, 25.923494339, -16.7069835663, 20.1965427399, -6.47637462616, 13.8815755844, -12.0864095688, 16.7804412842, 13.8328723907, 64.2319717407]],
        "icov": [[0.00027769600274, -0.000249380653258, 0.000101811725472, -0.000116545408673, 0.000274432968581, -0.000838572683278, 0.000627936969977, -0.000595432473347, 0.000429620879004, -0.000339043035638, 0.000442160147941, -0.000343470688676, 0.000170288461959], [-0.000249380653258, 0.00246012676507, -8.7078748038e-05, 0.000334248732543, -0.000769062200561, 0.00137256481685, -0.00168108625803, 0.00179510971066, -0.00186517636757, 0.00242754071951, -0.00387261551805, 0.00379890250042, -0.00302570383064], [0.000101811725472, -8.7078748038e-05, 0.00178998871706, -0.000845930480864, 4.92228537041e-05, -0.000802212336566, 0.00061310903402, 0.00104806863237, -0.000672395341098, -0.000397655210691, 0.000955033232458, -0.0016080501955, 0.00123665563297], [-0.000116545408673, 0.000334248732543, -0.000845930480864, 0.00432249298319, -0.000929929956328, -0.000570845382754, -0.000501512375195, 0.000856536207721, -0.00149371579755, 0.00161169318017, -0.00129657785874, -0.000129191277665, -0.000692942878231], [0.000274432968581, -0.000769062200561, 4.92228537041e-05, -0.000929929956328, 0.00634384155273, -0.00078377884347, -0.00054497650126, -0.00174054910894, -0.000376761687221, -0.000911224866286, -0.00167975388467, -0.000180748800631, -0.000229623445193], [-0.000838572683278, 0.00137256481685, -0.000802212336566, -0.000570845382754, -0.00078377884347, 0.00907510798424, -0.00529986992478, -0.00141545454971, 0.000795128988102, -0.00137389532756, -0.000538615335245, 0.000788413744885, -0.000459944829345], [0.000627936969977, -0.00168108625803, 0.00061310903402, -0.000501512375195, -0.00054497650126, -0.00529986992478, 0.0110077299178, -0.00336991017684, -0.00124626699835, 0.000413774949266, 0.00114210729953, -0.00103209703229, -1.35679883897e-05], [-0.000595432473347, 0.00179510971066, 0.00104806863237, 0.000856536207721, -0.00174054910894, -0.00141545454971, -0.00336991017684, 0.0143297081813, -0.00773862795904, 0.00399689376354, -0.000765530217905, -0.000968049280345, 0.00156604987569], [0.000429620879004, -0.00186517636757, -0.000672395341098, -0.00149371579755, -0.000376761687221, 0.000795128988102, -0.00124626699835, -0.00773862795904, 0.0201706029475, -0.00979298911989, 0.000422236771556, 0.00258611398749, -0.00255224807188], [-0.000339043035638, 0.00242754071951, -0.000397655210691, 0.00161169318017, -0.000911224866286, -0.00137389532756, 0.000413774949266, 0.00399689376354, -0.00979298911989, 0.0229716394097, -0.00830074772239, -0.000332720577717, 0.00303221377544], [0.000442160147941, -0.00387261551805, 0.000955033232458, -0.00129657785874, -0.00167975388467, -0.000538615335245, 0.00114210729953, -0.000765530217905, 0.000422236771556, -0.00830074772239, 0.0245153382421, -0.0110639976338, 0.00365090183914], [-0.000343470688676, 0.00379890250042, -0.0016080501955, -0.000129191277665, -0.000180748800631, 0.000788413744885, -0.00103209703229, -0.000968049280345, 0.00258611398749, -0.000332720577717, -0.0110639976338, 0.0265860389918, -0.0119249457493], [0.000170288461959, -0.00302570383064, 0.00123665563297, -0.000692942878231, -0.000229623445193, -0.000459944829345, -1.35679883897e-05, 0.00156604987569, -0.00255224807188, 0.00303221377544, 0.00365090183914, -0.0119249457493, 0.0255918614566]]
    },
    "melbands": {
        "mean": [0.00136024085805, 0.00229873065837, 0.000967188971117, 0.000556090148166, 0.00028890062822, 0.000229755751207, 0.000155566769536, 0.000140809599543, 0.000149201659951, 0.000260656088358, 0.000251120829489, 0.00020529901667, 0.000120716016681, 7.9530516814e-05, 6.56585034449e-05, 5.59132131457e-05, 4.59058319393e-05, 5.19888890267e-05, 6.54594987282e-05, 6.52571907267e-05, 5.47959461983e-05, 3.81172831112e-05, 3.01592681353e-05, 2.58616946667e-05, 2.31901340157e-05, 3.31171249854e-05, 2.56377443293e-05, 1.5764235286e-05, 1.13363375931e-05, 9.54823462962e-06, 7.06084529156e-06, 5.29713224751e-06, 4.27755094279e-06, 3.15575766763e-06, 3.22123219121e-06, 2.7960834359e-06, 2.33590617427e-06, 1.65486358128e-06, 1.31957926897e-06, 7.10329459253e-07]
    },
    "melbands128": {
        "mean": [6.55965413898e-05, 0.000729964987841, 0.00192310288548, 0.00253330240957, 0.00271568144672, 0.00189113337547, 0.00106708856765, 0.000644982617814, 0.000861658132635, 0.000675526971463, 0.000270935706794, 0.000231573736528, 0.000333765696269, 0.00031674047932, 0.000204623589525, 0.00020684710762, 0.000174422108103, 0.000119572840049, 0.000181162424269, 0.000134368892759, 0.000138489995152, 0.000103196951386, 0.000172883534105, 0.000163844946655, 0.000215800479054, 0.000371063069906, 0.000187352357898, 0.000331145565724, 0.000191257451661, 0.000123186560813, 0.000288284441922, 0.000228096789215, 5.50402764929e-05, 0.000106583654997, 5.92403230257e-05, 7.97315733507e-05, 9.71008921624e-05, 7.12336477591e-05, 4.0505452489e-05, 5.0084956456e-05, 7.58962851251e-05, 3.34553187713e-05, 4.47899838036e-05, 5.64529218536e-05, 3.37320780091e-05, 5.66011403862e-05, 6.40035214019e-05, 7.74098589318e-05, 5.81281237828e-05, 4.70830891572e-05, 7.62113995734e-05, 7.44366843719e-05, 5.44034846826e-05, 5.20777321071e-05, 4.05233513447e-05, 4.05428108934e-05, 3.0571303796e-05, 2.82332057395e-05, 3.03717351926e-05, 3.41389750247e-05, 2.53867910942e-05, 1.79227299668e-05, 2.73785390164e-05, 2.02703395189e-05, 2.40206809394e-05, 4.19253119617e-05, 3.19216887874e-05, 2.64143509412e-05, 2.63025340246e-05, 2.09234312933e-05, 1.57150971063e-05, 1.43531269714e-05, 9.63232923823e-06, 1.13534870252e-05, 1.2577196685e-05, 9.95036680251e-06, 8.86729776539e-06, 6.12895428276e-06, 7.4802310337e-06, 6.9992806857e-06, 5.45506554772e-06, 4.51123287348e-06, 4.84941119794e-06, 4.23787469117e-06, 4.02897876484e-06, 3.19446667163e-06, 2.83116946775e-06, 2.98944223687e-06, 3.29547015099e-06, 3.54367148248e-06, 2.69020756605e-06, 2.69517136076e-06, 2.70934037871e-06, 2.44089756052e-06, 2.00535055228e-06, 1.84114583135e-06, 1.46819729707e-06, 1.59148908097e-06, 1.49267407323e-06, 1.09432869522e-06, 8.62865533691e-07, 6.34608625205e-07, 5.52976587187e-07, 4.4751939754e-07, 3.22469048797e-07, 2.45668928756e-07, 1.93688308059e-07, 1.41187285863e-07, 1.22597086261e-07, 9.53969987449e-08, 7.82066393867e-08, 7.16831038972e-08, 5.67557023601e-08, 4.99740657744e-08, 4.07443145889e-08, 3.81907696578e-08, 3.42742225712e-08, 2.78695910794e-08, 1.98374543459e-08, 1.4112323754e-08, 1.01412709341e-08, 6.99027724593e-09, 5.44750200504e-09, 5.01229857619e-09, 5.40903055679e-09, 3.18057136184e-09, 1.57679169721e-09, 9.02617369736e-10]
    },
    "mfcc": {
        "mean": [-614.691772461, 105.093200684, -12.1630334854, 30.1480064392, 1.46071124077, 5.03232097626, 3.81762909889, 8.09089183807, 3.57525539398, 5.51805114746, -8.72693443298, -2.84948968887, -0.149322763085],
        "cov": [[7097.71923828, -697.327575684, -8.49731445312, -413.834197998, 6.52683162689, 226.608230591, 208.712203979, 349.105529785, 158.111663818, 217.596862793, 1.14894807339, 14.0498437881, 16.0342655182], [-697.327575684, 1129.20629883, -249.484725952, 138.098876953, -1.81979477406, -52.558506012, 1.41848397255, -51.5029220581, -6.82400989532, 9.53964710236, -3.30077791214, 0.451055437326, 37.7535209656], [-8.49731445312, -249.484725952, 689.121643066, 75.5687789917, 67.5282592773, 112.401222229, -17.7772960663, -3.38694238663, -15.1150569916, -28.4187335968, 15.4375476837, 11.1878070831, 8.96666622162], [-413.834197998, 138.098876953, 75.5687789917, 280.661590576, 75.8629379272, 32.9982185364, -0.720361053944, 1.58333277702, 0.996970236301, -15.4472465515, 13.304265976, 21.9991130829, 19.6704330444], [6.52683162689, -1.81979477406, 67.5282592773, 75.8629379272, 173.054824829, 42.4907531738, 25.339220047, 24.4993019104, 10.6955890656, 23.588092804, 20.8090553284, 17.8821468353, 29.167804718], [226.608230591, -52.558506012, 112.401222229, 32.9982185364, 42.4907531738, 173.212371826, 76.7988967896, 61.5623893738, 40.3930625916, 42.6718025208, 33.1064987183, 26.4207458496, 15.9925460815], [208.712203979, 1.41848397255, -17.7772960663, -0.720361053944, 25.339220047, 76.7988967896, 139.275085449, 99.2400817871, 50.9023857117, 47.0358276367, 30.7111167908, 26.1337947845, 13.0469894409], [349.105529785, -51.5029220581, -3.38694238663, 1.58333277702, 24.4993019104, 61.5623893738, 99.2400817871, 170.972473145, 83.6098403931, 63.8118629456, 30.5639762878, 32.1092720032, 17.803899765], [158.111663818, -6.82400989532, -15.1150569916, 0.996970236301, 10.6955890656, 40.3930625916, 50.9023857117, 83.6098403931, 106.463539124, 65.0841598511, 22.9150066376, 13.7497434616, 13.7033348083], [217.596862793, 9.53964710236, -28.4187335968, -15.4472465515, 23.588092804, 42.6718025208, 47.0358276367, 63.8118629456, 65.0841598511, 112.308609009, 48.5036506653, 19.4513397217, 11.7192811966], [1.14894807339, -3.30077791214, 15.4375476837, 13.304265976, 20.8090553284, 33.1064987183, 30.7111167908, 30.5639762878, 22.9150066376, 48.5036506653, 82.0663757324, 38.6599235535, 8.98304176331], [14.0498437881, 0.451055437326, 11.1878070831, 21.9991130829, 17.8821468353, 26.4207458496, 26.1337947845, 32.1092720032, 13.7497434616, 19.4513397217, 38.6599235535, 69.96484375, 33.3018112183], [16.0342655182, 37.7535209656, 8.96666622162, 19.6704330444, 29.167804718, 15.9925460815, 13.0469894409, 17.803899765, 13.7033348083, 11.7192811966, 8.98304176331, 33.3018112183, 64.9268493652]],
        "icov": [[0.000189212572877, 7.33226333978e-05, 2.36568102991e-05, 0.000242068796069, -2.84975940303e-05, -0.000201700182515, 6.00022394792e-05, -0.000346259970684, 0.000173662934685, -0.000296293670544, 0.000272422010312, 2.51776164077e-05, -5.43689238839e-05], [7.33226333978e-05, 0.00117849488743, 0.00041959588998, -0.000687034626026, 0.000263312947936, 0.000184676930076, -0.000480237067677, 0.000537115323823, 0.000125110105728, -0.000557537539862, 0.000107990221295, 0.00043712000479, -0.00093265553005], [2.36568102991e-05, 0.00041959588998, 0.00202215672471, -0.000344052008586, -0.000410732754972, -0.00162009859923, 0.00104829366319, -0.000187498953892, 0.000165717094205, 0.000873250770383, -0.0005809419672, 0.000380958867026, -0.000308144139126], [0.000242068796069, -0.000687034626026, -0.000344052008586, 0.00520979985595, -0.00206689327024, -0.00104916724376, 0.00103778659832, -0.0007763786125, -0.000693379959557, 0.00174650095869, -0.000323621294228, -0.00111874751747, 0.000449860730441], [-2.84975940303e-05, 0.000263312947936, -0.000410732754972, -0.00206689327024, 0.00771961687133, -0.000360356003512, -0.000825155409984, -0.00015413753863, 0.00139984465204, -0.00185665569734, -0.00060888932785, 0.00136797770392, -0.0032120149117], [-0.000201700182515, 0.000184676930076, -0.00162009859923, -0.00104916724376, -0.000360356003512, 0.0101179983467, -0.0050651198253, 0.00109004799742, -0.000996567541733, -0.0015154669527, -0.000474083120935, -0.000733682070859, -0.000201608374482], [6.00022394792e-05, -0.000480237067677, 0.00104829366319, 0.00103778659832, -0.000825155409984, -0.0050651198253, 0.0154788699001, -0.00742112984881, 0.000389211229049, 0.000588474911638, -0.00145968224388, -0.000477477296954, 0.000606573652476], [-0.000346259970684, 0.000537115323823, -0.000187498953892, -0.0007763786125, -0.00015413753863, 0.00109004799742, -0.00742112984881, 0.0150011712685, -0.00734843779355, -0.00103837554343, 0.00112517434172, -0.00325481384061, 0.000464908633148], [0.000173662934685, 0.000125110105728, 0.000165717094205, -0.000693379959557, 0.00139984465204, -0.000996567541733, 0.000389211229049, -0.00734843779355, 0.0199940912426, -0.00866703689098, 0.00149399996735, 0.00217643915676, -0.00235355645418], [-0.000296293670544, -0.000557537539862, 0.000873250770383, 0.00174650095869, -0.00185665569734, -0.0015154669527, 0.000588474911638, -0.00103837554343, -0.00866703689098, 0.0202027447522, -0.00984692201018, 0.00249810586683, -0.000614771153778], [0.000272422010312, 0.000107990221295, -0.0005809419672, -0.000323621294228, -0.00060888932785, -0.000474083120935, -0.00145968224388, 0.00112517434172, 0.00149399996735, -0.00984692201018, 0.0235366690904, -0.0124441785738, 0.00501167681068], [2.51776164077e-05, 0.00043712000479, 0.000380958867026, -0.00111874751747, 0.00136797770392, -0.000733682070859, -0.000477477296954, -0.00325481384061, 0.00217643915676, 0.00249810586683, -0.0124441785738, 0.0281356833875, -0.0130391167477], [-5.43689238839e-05, -0.00093265553005, -0.000308144139126, 0.000449860730441, -0.0032120149117, -0.000201608374482, 0.000606573652476, 0.000464908633148, -0.00235355645418, -0.000614771153778, 0.00501167681068, -0.0130391167477, 0.0237094480544]]
    },
    "spectral_contrast_coeffs": {
        "mean": [-0.702714860439, -0.773021280766, -0.761248290539, -0.783051848412, -0.792358517647, -0.749050855637]
    },
    "spectral_contrast_valleys": {
        "mean": [-6.70224761963, -6.70257663727, -7.0819568634, -7.23270988464, -6.93592357635, -9.92256069183]
    }
},
"rhythm": {
    "beats_count": 308,
    "beats_loudness": {
        "mean": 0.0403161682189
    },
    "bpm": 84.998626709,
    "bpm_histogram_first_peak_bpm": 85,
    "bpm_histogram_first_peak_weight": 0.13917529583,
    "bpm_histogram_second_peak_bpm": 112,
    "bpm_histogram_second_peak_spread": 0.383928537369,
    "bpm_histogram_second_peak_weight": 0.224755704403,
    "danceability": 1.02782857418,
    "onset_rate": 3.08482718468,
    "beats_loudness_band_ratio": {
        "mean": [0.526926338673, 0.181058555841, 0.113197699189, 0.116946682334, 0.0933391749859, 0.0731031149626]
    },
    "beats_position": [0.53405892849, 1.06811785698, 1.60217678547, 2.13623571396, 2.67029476166, 3.20435357094, 3.73841261864, 4.27247142792, 4.79492044449, 5.31736946106, 5.83981847763, 6.3622674942, 6.8963265419, 7.4303855896, 7.96444416046, 8.498503685, 9.02095222473, 9.54340076447, 10.077460289, 10.6115188599, 11.1455783844, 11.6680269241, 12.1904764175, 12.7245349884, 13.2585935593, 13.7810430527, 14.3034915924, 14.8375511169, 15.3599996567, 15.8940582275, 16.4165077209, 16.9505672455, 17.4846248627, 18.0186843872, 18.5527439117, 19.0751914978, 19.5976409912, 20.1317005157, 20.642539978, 21.1765975952, 21.7106571198, 22.2447166443, 22.7671642303, 23.2896137238, 23.8120632172, 24.3461227417, 24.8801803589, 25.4258499146, 25.9599094391, 26.4939670563, 27.0164165497, 27.5388660431, 28.0729255676, 28.6069831848, 29.1294326782, 29.6634922028, 30.1859397888, 30.7083892822, 31.2308387756, 31.7648983002, 32.2989578247, 32.8330154419, 33.3670730591, 33.901134491, 34.5977325439, 35.3059387207, 36.0141487122, 36.7223587036, 37.4305648804, 38.1387748718, 38.8469848633, 39.5435829163, 40.251789093, 40.9599990845, 41.6798171997, 42.3880271912, 43.0962333679, 43.7928352356, 44.4894332886, 45.1976394653, 45.9058494568, 46.6140594482, 47.322265625, 48.0304756165, 48.7270736694, 49.4352836609, 50.1434898376, 50.8516998291, 51.5482978821, 52.2448959351, 52.9531059265, 53.661315918, 54.3695220947, 55.0777320862, 55.7859382629, 56.4941482544, 57.1907463074, 57.8989562988, 58.6071662903, 59.3037643433, 60.01197052, 60.7201805115, 61.4283905029, 62.1365966797, 62.8564147949, 63.5646247864, 64.2728347778, 64.9694290161, 65.6776428223, 66.385848999, 67.0940551758, 67.8022689819, 68.4988632202, 69.2070770264, 69.9152832031, 70.6234893799, 71.3316955566, 72.0282974243, 72.724899292, 73.4331054688, 74.1413116455, 74.8495254517, 75.5577316284, 76.2543258667, 76.9509277344, 77.6591339111, 78.3673477173, 79.075553894, 79.7837600708, 80.4803619385, 81.1885681152, 81.8967819214, 82.6049880981, 83.3131942749, 84.0097961426, 84.7180023193, 85.4262084961, 86.1344223022, 86.842628479, 87.5392303467, 88.2474365234, 88.9556427002, 89.6754608154, 90.3720626831, 91.0802688599, 91.788482666, 92.4966888428, 93.2048950195, 93.9014968872, 94.609703064, 95.3179092407, 96.0145111084, 96.7111129761, 97.4193191528, 98.1275253296, 98.8357315063, 99.5439453125, 100.240539551, 100.948753357, 101.656959534, 102.376777649, 103.084983826, 103.793197632, 104.48979187, 105.209609985, 105.906211853, 106.602806091, 107.322631836, 108.019226074, 108.727432251, 109.435646057, 110.132240295, 110.828842163, 111.53704834, 112.245262146, 112.965080261, 113.673286438, 114.381492615, 115.078094482, 115.786300659, 116.494506836, 117.191108704, 117.887710571, 118.595916748, 119.304122925, 120.012336731, 120.720542908, 121.417137146, 122.136962891, 122.845169067, 123.553375244, 124.273193359, 124.981407166, 125.689613342, 126.374603271, 127.059593201, 127.756187439, 128.464401245, 129.172607422, 129.86920166, 130.589019775, 131.297225952, 132.005432129, 132.713653564, 133.421859741, 134.130065918, 134.838272095, 135.55809021, 136.277908325, 136.986114502, 137.682723999, 138.379318237, 139.075912476, 139.784118652, 140.492340088, 141.200546265, 141.92036438, 142.628570557, 143.336776733, 144.033370972, 144.729980469, 145.426574707, 146.123168945, 146.842987061, 147.551193237, 148.247802734, 148.932785034, 149.617782593, 150.291152954, 150.976135254, 151.695953369, 152.415786743, 153.147201538, 153.855422974, 154.56362915, 155.295059204, 156.014877319, 156.711471558, 157.408065796, 158.104675293, 158.801269531, 159.509475708, 160.217681885, 160.925888062, 161.634094238, 162.342315674, 163.050521851, 163.770339966, 164.490158081, 165.198364258, 165.906570435, 166.614776611, 167.322982788, 168.031204224, 168.7394104, 169.436004639, 170.132598877, 170.829208374, 171.363265991, 171.88571167, 172.408157349, 172.942214966, 173.476272583, 174.0103302, 174.544403076, 175.078460693, 175.600906372, 176.134963989, 176.669021606, 177.203079224, 177.725524902, 178.24798584, 178.770431519, 179.292877197, 179.815322876, 180.349380493, 180.88343811, 181.417495728, 181.939956665, 182.462402344, 182.996459961, 183.530517578, 184.064575195, 184.598632812, 185.121078491, 185.643539429, 186.177597046, 186.711654663, 187.24571228, 187.779769897, 188.313827515, 188.836273193, 189.358734131, 189.892791748, 190.415237427, 190.949295044, 191.483352661, 192.00579834, 192.539855957, 193.062316895, 193.584762573, 194.11882019, 194.652877808, 195.186935425, 195.709381104, 196.243438721, 196.777496338, 197.311553955],
    "bpm_histogram": [0, 0, 0, 0, 0, 0, 0, 0, 0, 0, 0, 0, 0, 0, 0, 0, 0, 0, 0, 0, 0, 0, 0, 0, 0, 0, 0, 0, 0, 0, 0, 0, 0, 0, 0, 0, 0, 0, 0, 0, 0, 0, 0, 0, 0, 0, 0, 0, 0, 0, 0, 0, 0, 0, 0, 0, 0, 0, 0, 0, 0, 0, 0, 0, 0, 0, 0, 0, 0, 0, 0, 0, 0, 0, 0, 0, 0, 0, 0, 0, 0, 0, 0.00651465775445, 0.0618892498314, 0, 0.381107479334, 0.162866443396, 0, 0.0162866450846, 0.00325732887723, 0, 0, 0, 0, 0, 0, 0, 0, 0, 0, 0, 0, 0, 0, 0, 0, 0, 0, 0, 0, 0.00325732887723, 0, 0.224755704403, 0, 0, 0.13680781424, 0, 0.00325732887723, 0, 0, 0, 0, 0, 0, 0, 0, 0, 0, 0, 0, 0, 0, 0, 0, 0, 0, 0, 0, 0, 0, 0, 0, 0, 0, 0, 0, 0, 0, 0, 0, 0, 0, 0, 0, 0, 0, 0, 0, 0, 0, 0, 0, 0, 0, 0, 0, 0, 0, 0, 0, 0, 0, 0, 0, 0, 0, 0, 0, 0, 0, 0, 0, 0, 0, 0, 0, 0, 0, 0, 0, 0, 0, 0, 0, 0, 0, 0, 0, 0, 0, 0, 0, 0, 0, 0, 0, 0, 0, 0, 0, 0, 0, 0, 0, 0, 0, 0, 0, 0, 0, 0, 0, 0, 0, 0, 0, 0, 0, 0, 0, 0, 0, 0, 0, 0, 0, 0, 0, 0, 0, 0, 0, 0, 0, 0, 0, 0, 0, 0, 0]
},
"tonal": {
    "chords_changes_rate": 0.0553211420774,
    "chords_number_rate": 0.00257852789946,
    "chords_strength": {
        "mean": 0.532881855965
    },
    "hpcp_crest": {
        "mean": 13.0742759705
    },
    "hpcp_entropy": {
        "mean": 2.0829167366
    },
    "key_edma": {
        "strength": 0.80208081007,
        "key": "Ab",
        "scale": "major"
    },
    "key_krumhansl": {
        "strength": 0.799663364887,
        "key": "Eb",
        "scale": "major"
    },
    "key_temperley": {
        "strength": 0.813640832901,
        "key": "Eb",
        "scale": "major"
    },
    "tuning_diatonic_strength": 0.689732134342,
    "tuning_equal_tempered_deviation": 0.0385498218238,
    "tuning_frequency": 440.508636475,
    "tuning_nontempered_energy_ratio": 0.711032509804,
    "hpcp": {
        "mean": [0.090954080224, 0.0729780346155, 0.190037146211, 0.321082651615, 0.203302502632, 0.0701268389821, 0.0615091882646, 0.0640933439136, 0.133695855737, 0.192428186536, 0.134315341711, 0.0806183516979, 0.0684579908848, 0.0553675480187, 0.0923020616174, 0.135429441929, 0.144054189324, 0.244098469615, 0.278498619795, 0.146242454648, 0.0692346543074, 0.0547948256135, 0.0508349947631, 0.108794108033, 0.175527915359, 0.130388617516, 0.072620883584, 0.0653008371592, 0.069464661181, 0.186948463321, 0.26901447773, 0.210730403662, 0.233554884791, 0.25125721097, 0.160501763225, 0.107200853527]
    },
    "chords_histogram": [36.7557449341, 5.88373184204, 5.1570558548, 1.59399902821, 1.26582276821, 0, 2.90670418739, 0, 1.24238157272, 0.375058591366, 0, 0, 0, 0, 0, 0.0468823239207, 0, 0.890764176846, 0, 0, 1.42991089821, 8.64978885651, 18.1669006348, 15.6352558136],
    "thpcp": [1, 0.633178114891, 0.218407437205, 0.191568076611, 0.199616342783, 0.416390776634, 0.599310457706, 0.418320149183, 0.251082867384, 0.213209867477, 0.172440171242, 0.287471354008, 0.421789973974, 0.448651432991, 0.760235607624, 0.867373585701, 0.455466687679, 0.215628758073, 0.170656457543, 0.158323705196, 0.338835209608, 0.546675205231, 0.406090497971, 0.226175040007, 0.20337703824, 0.216345101595, 0.582244038582, 0.837835609913, 0.656312048435, 0.72739803791, 0.782531261444, 0.499876797199, 0.333873093128, 0.283273100853, 0.227287381887, 0.591863632202],
    "chords_key": "Eb",
    "chords_scale": "major"
}
}