{
"metadata": {
    "version": {
        "essentia": "2.1-beta6-dev",
        "essentia_git_sha": "v2.1_beta5-1177-g1d1cc983",
        "extractor": "music 2.0"
    },
    "audio_properties": {
        "analysis": {
            "equal_loudness": 0,
            "length": 209.491851807,
            "sample_rate": 44100,
            "start_time": 0,
            "downmix": "mix"
        },
        "bit_rate": 1411200,
        "length": 209.491851807,
        "lossless": 1,
        "number_channels": 2,
        "replay_gain": -14.4322299957,
        "sample_rate": 44100,
        "codec": "pcm_s16le",
        "md5_encoded": "e87ef42fe1365eb5e346a248afface98"
    },
    "tags": {
        "file_name": "03 - All Get Out - Lucky Bastard.wav",
        "album": ["The Season"],
        "albumartist": ["All Get Out"],
        "artist": ["All Get Out"],
        "copyright": ["2011 All Get Out and Many Hats Distribution 2011 All Get Out and Many Hats Distribution"],
        "date": ["2011"],
        "discnumber": ["1"],
        "disctotal": ["1"],
        "genre": ["Alternative & Indie"],
        "isrc": ["US3DF1112370"],
        "title": ["Lucky Bastard"],
        "tracknumber": ["3"],
        "tracktotal": ["10"]
    }
},
"lowlevel": {
    "average_loudness": 0.937452971935,
    "barkbands_crest": {
        "mean": 9.21184921265
    },
    "barkbands_flatness_db": {
        "mean": 0.121358938515
    },
    "barkbands_kurtosis": {
        "mean": 4.31664466858
    },
    "barkbands_skewness": {
        "mean": 1.51915442944
    },
    "barkbands_spread": {
        "mean": 25.8203678131
    },
    "dissonance": {
        "mean": 0.470806092024
    },
    "dynamic_complexity": 2.95988798141,
    "erbbands_crest": {
        "mean": 8.09688282013
    },
    "erbbands_flatness_db": {
        "mean": 0.143397957087
    },
    "erbbands_kurtosis": {
        "mean": 0.332124710083
    },
    "erbbands_skewness": {
        "mean": 0.193290263414
    },
    "erbbands_spread": {
        "mean": 40.8074607849
    },
    "hfc": {
        "mean": 25.5805931091
    },
    "loudness_ebu128": {
        "integrated": -7.04089355469,
        "loudness_range": 5.4341135025,
        "momentary": {
            "mean": -8.25444030762
        },
        "short_term": {
            "mean": -7.90945339203
        }
    },
    "melbands_crest": {
        "mean": 13.7429533005
    },
    "melbands_flatness_db": {
        "mean": 0.185420572758
    },
    "melbands_kurtosis": {
        "mean": 13.345290184
    },
    "melbands_skewness": {
        "mean": 2.66296029091
    },
    "melbands_spread": {
        "mean": 26.6041908264
    },
    "pitch_salience": {
        "mean": 0.559611320496
    },
    "silence_rate_20dB": {
        "mean": 1
    },
    "silence_rate_30dB": {
        "mean": 0.992686152458
    },
    "silence_rate_60dB": {
        "mean": 0.0499778352678
    },
    "spectral_centroid": {
        "mean": 1486.25146484
    },
    "spectral_complexity": {
        "mean": 26.5074253082
    },
    "spectral_decrease": {
        "mean": -8.0998070473e-09
    },
    "spectral_energy": {
        "mean": 0.032890714705
    },
    "spectral_energyband_high": {
        "mean": 0.00114497018512
    },
    "spectral_energyband_low": {
        "mean": 0.0132428072393
    },
    "spectral_energyband_middle_high": {
        "mean": 0.00681890407577
    },
    "spectral_energyband_middle_low": {
        "mean": 0.0133610581979
    },
    "spectral_entropy": {
        "mean": 7.70133733749
    },
    "spectral_flux": {
        "mean": 0.0987147986889
    },
    "spectral_kurtosis": {
        "mean": 4.97253847122
    },
    "spectral_rms": {
        "mean": 0.0052330121398
    },
    "spectral_rolloff": {
        "mean": 1608.1640625
    },
    "spectral_skewness": {
        "mean": 1.47955286503
    },
    "spectral_spread": {
        "mean": 4498468
    },
    "spectral_strongpeak": {
        "mean": 0.794292271137
    },
    "zerocrossingrate": {
        "mean": 0.0639143064618
    },
    "barkbands": {
        "mean": [0.000122703408124, 0.00801608618349, 0.00355956098065, 0.00330132269301, 0.00348876486532, 0.00208670343272, 0.00105473352596, 0.00125385459978, 0.0018516164273, 0.00122041977011, 0.000558363099117, 0.000730539264623, 0.000761403178331, 0.000662558653858, 0.000545229122508, 0.000607313821092, 0.000708476465661, 0.000439371855464, 0.000563773675822, 0.000363291590475, 0.000259634776739, 0.000271444645477, 0.000213086183066, 0.000126707614982, 8.31705765449e-05, 3.40764781868e-05, 6.40629741611e-06]
    },
    "erbbands": {
        "mean": [0.15670979023, 2.04374217987, 4.65960025787, 7.53891468048, 11.204416275, 10.717918396, 18.6104183197, 14.9714632034, 14.9989700317, 16.5953369141, 32.4922904968, 39.2397994995, 41.6149749756, 38.3993682861, 25.9397563934, 30.5461788177, 35.0391960144, 38.033241272, 28.609369278, 29.23204422, 38.2686691284, 36.230255127, 24.46600914, 27.1695976257, 27.5698165894, 16.9416217804, 10.8596544266, 10.4433956146, 9.91311836243, 8.02804851532, 5.35481452942, 3.20123338699, 1.83689200878, 0.985109686852, 0.571115612984, 0.213067337871, 0.0468778647482, 0.00886647589505, 0.0011541347485, 0.000101212870504]
    },
    "gfcc": {
        "mean": [17.1066551208, 88.4960632324, -117.104682922, 36.3153076172, -54.18019104, 11.2155017853, -35.9075737, 5.55266571045, -24.2756767273, -1.55757045746, -16.1382465363, -3.64572286606, -11.9416818619],
        "cov": [[13025.7021484, -3044.00683594, -1403.97998047, 534.856384277, -703.097595215, 648.514465332, -431.354797363, 230.952026367, -269.372375488, 97.026550293, -278.956542969, 243.418426514, -248.69921875], [-3044.00683594, 1571.24780273, 123.535987854, -75.6559295654, 366.551879883, -233.718795776, 263.372680664, -68.3462600708, 137.237319946, -42.9559173584, 144.661682129, -125.298568726, 104.897491455], [-1403.97998047, 123.535987854, 748.138122559, 65.4122924805, 157.05456543, 56.6395111084, 84.6284866333, 20.1065349579, 87.7980194092, 43.0950012207, -18.2058563232, 34.3640975952, 2.36441540718], [534.856384277, -75.6559295654, 65.4122924805, 392.400268555, 86.6230697632, 104.951324463, 7.34133625031, 17.1820240021, 61.9252815247, 17.3291530609, 18.4273319244, 24.0328273773, 17.367275238], [-703.097595215, 366.551879883, 157.05456543, 86.6230697632, 358.193817139, 34.2160987854, 144.97706604, 35.8179931641, 75.2306137085, 23.8931617737, 47.749004364, 6.48324537277, 36.3099632263], [648.514465332, -233.718795776, 56.6395111084, 104.951324463, 34.2160987854, 253.628250122, 60.9495124817, 65.3413009644, 8.20956897736, 15.6174812317, -3.87860918045, 20.1982307434, -7.02219104767], [-431.354797363, 263.372680664, 84.6284866333, 7.34133625031, 144.97706604, 60.9495124817, 230.914215088, 53.556640625, 66.4077301025, 1.97415137291, 21.2122402191, -5.28152942657, 12.6559782028], [230.952026367, -68.3462600708, 20.1065349579, 17.1820240021, 35.8179931641, 65.3413009644, 53.556640625, 159.470184326, 29.9387645721, 12.0097236633, 9.53165817261, -5.70995807648, 9.31552886963], [-269.372375488, 137.237319946, 87.7980194092, 61.9252815247, 75.2306137085, 8.20956897736, 66.4077301025, 29.9387645721, 134.405380249, 36.4498138428, 5.81976318359, 6.73036670685, 7.49278593063], [97.026550293, -42.9559173584, 43.0950012207, 17.3291530609, 23.8931617737, 15.6174812317, 1.97415137291, 12.0097236633, 36.4498138428, 83.541847229, 19.8805370331, 13.3776035309, -8.64132595062], [-278.956542969, 144.661682129, -18.2058563232, 18.4273319244, 47.749004364, -3.87860918045, 21.2122402191, 9.53165817261, 5.81976318359, 19.8805370331, 91.0483322144, 6.53091621399, 20.1960487366], [243.418426514, -125.298568726, 34.3640975952, 24.0328273773, 6.48324537277, 20.1982307434, -5.28152942657, -5.70995807648, 6.73036670685, 13.3776035309, 6.53091621399, 85.2402954102, 9.69078540802], [-248.69921875, 104.897491455, 2.36441540718, 17.367275238, 36.3099632263, -7.02219104767, 12.6559782028, 9.31552886963, 7.49278593063, -8.64132595062, 20.1960487366, 9.69078540802, 66.1060028076]],
        "icov": [[0.000272833742201, 0.000180197399459, 0.000568489253055, -0.000396544346586, 7.57279194659e-05, -0.000317973550409, 2.78478037217e-05, -0.000366314488929, 0.000323441403452, -0.000497576664202, 0.000731431879103, -0.000652661372442, 0.000565773516428], [0.000180197399459, 0.00312334904447, 3.05337416648e-05, 0.000381621561246, -0.00154962937813, 0.00197144038975, -0.0021412638016, 0.00201830291189, -0.00214112806134, 0.00200924603269, -0.0033885021694, 0.00397745613009, -0.00223598675802], [0.000568489253055, 3.05337416648e-05, 0.0028518224135, -0.000888777489308, -0.00028245311114, -0.00109457760118, 0.000194373380509, -0.0009075756534, 0.000387495849282, -0.00180840794928, 0.00278771948069, -0.00238428241573, 0.0015688581625], [-0.000396544346586, 0.000381621561246, -0.000888777489308, 0.00420936383307, -0.00123265536968, -0.000842281617224, 0.000884512613993, 0.00144722021651, -0.00296640396118, 0.00197406369261, -0.00255240965635, 0.00163719791453, -0.00182313437108], [7.57279194659e-05, -0.00154962937813, -0.00028245311114, -0.00123265536968, 0.00552287744358, -0.000883668777533, -0.00129737320822, -0.0012191493297, 0.000963413505815, -0.00195903214626, 0.000896996411029, -0.00224972586147, 6.10493152635e-05], [-0.000317973550409, 0.00197144038975, -0.00109457760118, -0.000842281617224, -0.000883668777533, 0.00777232786641, -0.00353413890116, -3.21975988982e-07, 1.83763995665e-06, 0.00103521486744, -0.00261582480744, 0.00270391791128, -0.00153857294936], [2.78478037217e-05, -0.0021412638016, 0.000194373380509, 0.000884512613993, -0.00129737320822, -0.00353413890116, 0.00916788633913, -0.00250059459358, -0.00159223086666, 0.000730258761905, 0.0016075122403, -0.00259889429435, 0.00236339098774], [-0.000366314488929, 0.00201830291189, -0.0009075756534, 0.00144722021651, -0.0012191493297, -3.21975988982e-07, -0.00250059459358, 0.00994167197496, -0.00354223465547, 0.00191294192336, -0.00431028474122, 0.00533848069608, -0.0039953510277], [0.000323441403452, -0.00214112806134, 0.000387495849282, -0.00296640396118, 0.000963413505815, 1.83763995665e-06, -0.00159223086666, -0.00354223465547, 0.0143333803862, -0.00755725800991, 0.00594226177782, -0.00441453419626, 0.00187410484068], [-0.000497576664202, 0.00200924603269, -0.00180840794928, 0.00197406369261, -0.00195903214626, 0.00103521486744, 0.000730258761905, 0.00191294192336, -0.00755725800991, 0.0192498173565, -0.00890675000846, 0.00277403695509, 0.000949792622123], [0.000731431879103, -0.0033885021694, 0.00278771948069, -0.00255240965635, 0.000896996411029, -0.00261582480744, 0.0016075122403, -0.00431028474122, 0.00594226177782, -0.00890675000846, 0.0210622809827, -0.00792354159057, 0.00111757568084], [-0.000652661372442, 0.00397745613009, -0.00238428241573, 0.00163719791453, -0.00224972586147, 0.00270391791128, -0.00259889429435, 0.00533848069608, -0.00441453419626, 0.00277403695509, -0.00792354159057, 0.0210581999272, -0.00764680746943], [0.000565773516428, -0.00223598675802, 0.0015688581625, -0.00182313437108, 6.10493152635e-05, -0.00153857294936, 0.00236339098774, -0.0039953510277, 0.00187410484068, 0.000949792622123, 0.00111757568084, -0.00764680746943, 0.0218315329403]]
    },
    "melbands": {
        "mean": [0.00188213097863, 0.00255460292101, 0.0014537445968, 0.000748227175791, 0.000620210077614, 0.000343986146618, 0.000230503559578, 0.000193740808754, 0.000260390428593, 0.000259810476564, 0.000206501368666, 0.00015843694564, 8.37958868942e-05, 8.82353924681e-05, 6.98301955708e-05, 7.85146621638e-05, 6.82287063682e-05, 4.41569900431e-05, 3.82495527447e-05, 4.00795215683e-05, 4.69687111035e-05, 4.039405394e-05, 2.4698305424e-05, 2.25136336667e-05, 2.15318923438e-05, 2.2257972887e-05, 1.64371904248e-05, 9.92915101961e-06, 6.77781736158e-06, 6.51402251606e-06, 5.80235246161e-06, 5.6917369875e-06, 4.95646690979e-06, 4.53089614894e-06, 3.320316182e-06, 2.44722741627e-06, 1.73751891452e-06, 1.33123558044e-06, 1.00720171758e-06, 7.67084770814e-07]
    },
    "melbands128": {
        "mean": [0.000106103041617, 0.000837080879137, 0.00275903684087, 0.00364153133705, 0.00280351471156, 0.00153093982954, 0.00145947968122, 0.00170246209018, 0.00110470713116, 0.00062232039636, 0.000546728493646, 0.000636544427834, 0.000737062073313, 0.00047942463425, 0.000323385553202, 0.00030104839243, 0.000211778853554, 0.000253009115113, 0.000192938285181, 0.000176864807145, 0.000159369970788, 0.000331061688485, 0.000270682590781, 0.000188433856238, 0.000258056388702, 0.000255296879914, 0.000359670113539, 0.000154627065058, 0.00011680751777, 0.000237359592575, 0.000135998241603, 8.26441246318e-05, 9.78042080533e-05, 5.91806347074e-05, 9.3188995379e-05, 0.000103154401586, 7.65985241742e-05, 4.34905268776e-05, 9.51865731622e-05, 7.59418253438e-05, 6.06186695222e-05, 0.000105715858808, 7.39130919101e-05, 4.74042244605e-05, 4.27877421316e-05, 4.3452859245e-05, 4.91757709824e-05, 3.49537294824e-05, 3.4352637158e-05, 4.22937046096e-05, 4.26463739132e-05, 3.078244481e-05, 5.3144114645e-05, 4.58627037005e-05, 5.44187969354e-05, 3.6863519199e-05, 3.23521962855e-05, 3.31217997882e-05, 1.81881732715e-05, 1.58909660968e-05, 2.69385982392e-05, 2.29803918046e-05, 1.98594607355e-05, 2.00946524274e-05, 2.66778406512e-05, 2.13168896153e-05, 2.13591138163e-05, 1.92160132428e-05, 1.5101891222e-05, 1.31574752231e-05, 1.02058702396e-05, 8.03474085842e-06, 7.61604405852e-06, 6.91330296831e-06, 4.98597046317e-06, 6.8631643444e-06, 7.17493367119e-06, 6.07435185884e-06, 5.21610809301e-06, 5.89427600062e-06, 5.92045125813e-06, 5.3067292356e-06, 5.9799376686e-06, 4.95530548505e-06, 4.25779853686e-06, 3.72936119675e-06, 5.01773274664e-06, 5.37816868018e-06, 2.76099331131e-06, 2.31682406593e-06, 2.58728982772e-06, 2.61529316958e-06, 2.00096383196e-06, 1.7226715272e-06, 1.60012916695e-06, 1.34982519739e-06, 1.31319791308e-06, 1.25273697904e-06, 1.00367572031e-06, 9.05439264898e-07, 8.04574483482e-07, 7.34907814604e-07, 7.39965628327e-07, 6.75388037052e-07, 7.67235974308e-07, 4.87933959903e-07, 5.88485306707e-07, 5.02388445511e-07, 3.36850234817e-07, 2.56238820384e-07, 2.02082830469e-07, 1.78508301474e-07, 1.23505060401e-07, 1.09940103243e-07, 8.2919619615e-08, 8.75473133988e-08, 5.37778781506e-08, 5.20963148176e-08, 3.57342528901e-08, 3.37547270135e-08, 3.18363539975e-08, 2.8646525152e-08, 1.97612077812e-08, 1.45808289886e-08, 9.7410088884e-09, 6.59565335681e-09, 3.74246633683e-09, 1.41842271262e-09]
    },
    "mfcc": {
        "mean": [-621.639770508, 114.753257751, -1.97976768017, 26.9754714966, 4.4704709053, 6.49994564056, -0.0133934756741, 4.10115528107, -2.98898363113, 1.55124628544, -1.21151435375, -2.41729927063, -2.07001566887],
        "cov": [[11374.4775391, -1900.01867676, -1044.0123291, -272.361328125, -313.081848145, 155.320480347, -206.203735352, 197.310974121, -74.7917785645, 3.13160085678, -37.4960021973, -97.1837387085, -59.2360229492], [-1900.01867676, 1166.9083252, -122.330543518, 93.0191574097, 4.36679077148, -62.0370597839, 87.0894012451, -48.4564781189, 15.8957004547, 33.9019966125, 23.5914096832, 43.5229187012, 27.2118110657], [-1044.0123291, -122.330543518, 581.48651123, 57.8731842041, 97.3898544312, 77.397605896, 3.48377585411, 29.4804115295, 59.9445800781, 8.80691146851, 35.853515625, 13.8763246536, 15.0299339294], [-272.361328125, 93.0191574097, 57.8731842041, 283.221588135, 103.819801331, 71.1755828857, 6.08146333694, 22.4065971375, 35.7102050781, 14.8177261353, 22.7742424011, 39.5928039551, 27.118522644], [-313.081848145, 4.36679077148, 97.3898544312, 103.819801331, 226.094940186, 57.3043479919, 53.2852096558, 31.207572937, 39.8126182556, 27.0454978943, 17.3406410217, 23.383430481, 29.4908123016], [155.320480347, -62.0370597839, 77.397605896, 71.1755828857, 57.3043479919, 220.887268066, 32.168888092, 57.2393608093, 35.4025344849, 20.1170444489, 34.8480033875, 19.992937088, 14.7311868668], [-206.203735352, 87.0894012451, 3.48377585411, 6.08146333694, 53.2852096558, 32.168888092, 181.443740845, 64.6718292236, 31.3490104675, 37.3354644775, 24.822977066, 9.18610572815, 9.3439874649], [197.310974121, -48.4564781189, 29.4804115295, 22.4065971375, 31.207572937, 57.2393608093, 64.6718292236, 142.063171387, 64.8035812378, 37.5525894165, 22.617351532, 15.3198194504, 14.7091636658], [-74.7917785645, 15.8957004547, 59.9445800781, 35.7102050781, 39.8126182556, 35.4025344849, 31.3490104675, 64.8035812378, 116.950057983, 57.5325469971, 23.9826869965, 19.1524887085, 14.7985630035], [3.13160085678, 33.9019966125, 8.80691146851, 14.8177261353, 27.0454978943, 20.1170444489, 37.3354644775, 37.5525894165, 57.5325469971, 102.533050537, 40.9712791443, 18.620223999, 8.31142139435], [-37.4960021973, 23.5914096832, 35.853515625, 22.7742424011, 17.3406410217, 34.8480033875, 24.822977066, 22.617351532, 23.9826869965, 40.9712791443, 81.5682525635, 30.1690540314, 12.2305402756], [-97.1837387085, 43.5229187012, 13.8763246536, 39.5928039551, 23.383430481, 19.992937088, 9.18610572815, 15.3198194504, 19.1524887085, 18.620223999, 30.1690540314, 68.7846984863, 31.545633316], [-59.2360229492, 27.2118110657, 15.0299339294, 27.118522644, 29.4908123016, 14.7311868668, 9.3439874649, 14.7091636658, 14.7985630035, 8.31142139435, 12.2305402756, 31.545633316, 66.0780105591]],
        "icov": [[0.000201012051548, 0.000343078398146, 0.000452836509794, 4.19857087763e-06, 0.000130004293169, -0.000176399189513, 0.000174104352482, -0.00026124319993, 2.25895673793e-05, -0.000104270715383, -0.000130654108943, 0.000131867782329, -8.16860629129e-05], [0.000343078398146, 0.00164685072377, 0.00097962282598, -0.00047221215209, 0.000477189460071, 5.02907278133e-05, -0.00050552067114, 0.000404755206546, -0.000343847466866, -0.000280942622339, -0.000328182650264, -0.00019409658853, -0.000376713927835], [0.000452836509794, 0.00097962282598, 0.00310337753035, -6.34573962088e-06, -0.000438059243606, -0.000731527688913, 0.000570451025851, -0.000271545170108, -0.00117970095016, 0.000635552336462, -0.00127662846353, 0.000554461264983, -0.000206529904972], [4.19857087763e-06, -0.00047221215209, -6.34573962088e-06, 0.00496427481994, -0.00198428262956, -0.00110482226592, 0.00100338179618, -0.000222356262384, -0.000571844051592, 0.000550177006517, -0.000118232448585, -0.00159922218882, 4.6048713557e-05], [0.000130004293169, 0.000477189460071, -0.000438059243606, -0.00198428262956, 0.00654787383974, -0.00058164796792, -0.00175234558992, 0.000506996642798, -0.000526736897882, -0.000869862909894, 0.000761645031162, 2.72933084489e-05, -0.00175033067353], [-0.000176399189513, 5.02907278133e-05, -0.000731527688913, -0.00110482226592, -0.00058164796792, 0.00607946002856, -0.00046921055764, -0.00135284545831, -0.000102005877125, 0.000569315976463, -0.00163570709992, -0.000122796540381, 2.53396701737e-05], [0.000174104352482, -0.00050552067114, 0.000570451025851, 0.00100338179618, -0.00175234558992, -0.00046921055764, 0.00806532334536, -0.00382702541538, 0.000978008960374, -0.00128893076908, -0.00111148273572, 0.000874993100297, 0.000151896863827], [-0.00026124319993, 0.000404755206546, -0.000271545170108, -0.000222356262384, 0.000506996642798, -0.00135284545831, -0.00382702541538, 0.0124338818714, -0.00551889138296, 0.000168648854014, 2.04677871807e-05, -0.000579719606321, -0.000911432667635], [2.25895673793e-05, -0.000343847466866, -0.00117970095016, -0.000571844051592, -0.000526736897882, -0.000102005877125, 0.000978008960374, -0.00551889138296, 0.015806812793, -0.00716176675633, 0.00148070452269, -0.000736403279006, -0.000548799929675], [-0.000104270715383, -0.000280942622339, 0.000635552336462, 0.000550177006517, -0.000869862909894, 0.000569315976463, -0.00128893076908, 0.000168648854014, -0.00716176675633, 0.0168309621513, -0.00649423385039, -0.000263527763309, 0.000872622884344], [-0.000130654108943, -0.000328182650264, -0.00127662846353, -0.000118232448585, 0.000761645031162, -0.00163570709992, -0.00111148273572, 2.04677871807e-05, 0.00148070452269, -0.00649423385039, 0.018904035911, -0.00652890093625, 0.00063742371276], [0.000131867782329, -0.00019409658853, 0.000554461264983, -0.00159922218882, 2.72933084489e-05, -0.000122796540381, 0.000874993100297, -0.000579719606321, -0.000736403279006, -0.000263527763309, -0.00652890093625, 0.0228485818952, -0.00875252764672], [-8.16860629129e-05, -0.000376713927835, -0.000206529904972, 4.6048713557e-05, -0.00175033067353, 2.53396701737e-05, 0.000151896863827, -0.000911432667635, -0.000548799929675, 0.000872622884344, 0.00063742371276, -0.00875252764672, 0.0202741697431]]
    },
    "spectral_contrast_coeffs": {
        "mean": [-0.701340973377, -0.770368099213, -0.768928706646, -0.801523804665, -0.79283952713, -0.752677202225]
    },
    "spectral_contrast_valleys": {
        "mean": [-6.46985387802, -6.57379007339, -7.2090010643, -7.28494501114, -7.24440956116, -10.045715332]
    }
},
"rhythm": {
    "beats_count": 428,
    "beats_loudness": {
        "mean": 0.0450663343072
    },
    "bpm": 123.8436203,
    "bpm_histogram_first_peak_bpm": 123,
    "bpm_histogram_first_peak_weight": 0.338308513165,
    "bpm_histogram_second_peak_bpm": 108,
    "bpm_histogram_second_peak_spread": 0.0714285373688,
    "bpm_histogram_second_peak_weight": 0.0304449647665,
    "danceability": 1.14476704597,
    "onset_rate": 2.63467311859,
    "beats_loudness_band_ratio": {
        "mean": [0.542634606361, 0.142236083746, 0.139829516411, 0.0869490727782, 0.0723292380571, 0.0467518791556]
    },
    "beats_position": [0.510838985443, 1.03328800201, 1.55573689938, 2.06657600403, 2.55419492722, 3.04181408882, 3.52943301201, 4.01705217361, 4.49306106567, 4.96907043457, 5.45668935776, 5.94430828094, 6.43192720413, 6.91954612732, 7.39555549622, 7.87156438828, 8.35918331146, 8.84680271149, 9.33442115784, 9.82204055786, 10.3096599579, 10.7972784042, 11.2732877731, 11.749297142, 12.2369155884, 12.7245349884, 13.2121543884, 13.6881628036, 14.1757822037, 14.6517915726, 15.1394100189, 15.6270294189, 16.114648819, 16.602268219, 17.0782756805, 17.5542850494, 18.0419044495, 18.5295238495, 19.0171432495, 19.4931507111, 19.96916008, 20.45677948, 20.94439888, 21.43201828, 21.9196376801, 22.3956451416, 22.8716545105, 23.3592739105, 23.8468933105, 24.3345127106, 24.8221302032, 25.3097496033, 25.7857589722, 26.2617683411, 26.7493877411, 27.2370071411, 27.7246246338, 28.2006340027, 28.6882534027, 29.1642627716, 29.6518821716, 30.1394996643, 30.6271190643, 31.1147384644, 31.6023578644, 32.0899772644, 32.5659866333, 33.0419960022, 33.5296134949, 34.0172348022, 34.5048522949, 34.9808616638, 35.4684791565, 35.9444885254, 36.4321098328, 36.9197273254, 37.4073448181, 37.883354187, 38.3709754944, 38.8585929871, 39.334602356, 39.8222198486, 40.309841156, 40.7974586487, 41.2734680176, 41.7494773865, 42.2370948792, 42.7247161865, 43.2123336792, 43.6999549866, 44.1875724792, 44.6635818481, 45.139591217, 45.6272087097, 46.1148300171, 46.6024475098, 47.0900688171, 47.5660743713, 48.0420837402, 48.5297050476, 49.0173225403, 49.5049438477, 49.9809532166, 50.4569587708, 50.9445800781, 51.4321975708, 51.9198188782, 52.4074363708, 52.8950538635, 53.3710632324, 53.8470726013, 54.3346939087, 54.8223114014, 55.3099327087, 55.7975502014, 56.2735595703, 56.7495689392, 57.2371864319, 57.7248077393, 58.2008171082, 58.6768226624, 59.1644439697, 59.6520614624, 60.1396827698, 60.6273002625, 61.1149177551, 61.6025390625, 62.0901565552, 62.5661659241, 63.042175293, 63.5297966003, 64.0174102783, 64.5050354004, 64.9810409546, 65.4570541382, 65.9446716309, 66.4322891235, 66.9199066162, 67.4075241089, 67.8835372925, 68.3595428467, 68.8471679688, 69.3347854614, 69.8224029541, 70.3100204468, 70.8092498779, 71.2968673706, 71.7728805542, 72.2604980469, 72.7481155396, 73.2357330322, 73.7233581543, 74.210975647, 74.6985931396, 75.1745986938, 75.6506118774, 76.1382293701, 76.6142425537, 77.1018600464, 77.5778656006, 78.0538787842, 78.5298843384, 79.0175018311, 79.5051269531, 79.9927444458, 80.46875, 80.9447631836, 81.4323806763, 81.9199981689, 82.4076156616, 82.8952331543, 83.3828582764, 83.870475769, 84.3464813232, 84.8224945068, 85.298500061, 85.7745132446, 86.2621307373, 86.74974823, 87.2373657227, 87.7249908447, 88.2126083374, 88.7002258301, 89.1878433228, 89.6638565063, 90.1398620605, 90.6274795532, 91.1150970459, 91.602722168, 92.0787277222, 92.5547409058, 93.0423583984, 93.5299758911, 94.0175933838, 94.5052108765, 94.9812240601, 95.4572296143, 95.9448471069, 96.432472229, 96.9200897217, 97.4077072144, 97.895324707, 98.3829498291, 98.8589553833, 99.3349609375, 99.8225860596, 100.310203552, 100.797821045, 101.285438538, 101.761451721, 102.237457275, 102.725074768, 103.21269989, 103.700317383, 104.187934875, 104.66394043, 105.139953613, 105.627571106, 106.115188599, 106.602806091, 107.090431213, 107.578048706, 108.05405426, 108.530067444, 109.017684937, 109.505302429, 109.992919922, 110.468933105, 110.94493866, 111.432563782, 111.920181274, 112.407798767, 112.89541626, 113.371429443, 113.847434998, 114.33505249, 114.822669983, 115.310295105, 115.797912598, 116.28553009, 116.773147583, 117.249160767, 117.725166321, 118.212783813, 118.700408936, 119.188026428, 119.675643921, 120.163261414, 120.650878906, 121.115280151, 121.602897644, 122.090522766, 122.56652832, 123.042533875, 123.530158997, 124.017776489, 124.505393982, 124.993011475, 125.480628967, 125.956642151, 126.432647705, 126.920272827, 127.40789032, 127.895507812, 128.383132935, 128.870742798, 129.335144043, 129.822769165, 130.310379028, 130.809616089, 131.297225952, 131.784851074, 132.260864258, 132.736862183, 133.212875366, 133.700500488, 134.188110352, 134.675735474, 135.163360596, 135.650970459, 136.126983643, 136.602996826, 137.090606689, 137.578231812, 138.054244995, 138.53024292, 139.017868042, 139.505477905, 139.993103027, 140.480728149, 140.956726074, 141.444351196, 141.92036438, 142.407974243, 142.895599365, 143.383224487, 143.870834351, 144.358459473, 144.846069336, 145.32208252, 145.798095703, 146.285705566, 146.773330688, 147.249343872, 147.725341797, 148.212966919, 148.700592041, 149.188201904, 149.675827026, 150.175048828, 150.674285889, 151.17350769, 151.754013062, 152.334503174, 152.926620483, 153.437454224, 153.936691284, 154.447525024, 154.946762085, 155.445983887, 155.945205688, 156.432830811, 156.920455933, 157.408065796, 157.895690918, 158.383300781, 158.859313965, 159.335327148, 159.822952271, 160.310562134, 160.798187256, 161.285797119, 161.761810303, 162.249435425, 162.72543335, 163.213058472, 163.700683594, 164.188293457, 164.675918579, 165.163528442, 165.639541626, 166.11555481, 166.603164673, 167.090789795, 167.578414917, 168.054412842, 168.530426025, 169.018051147, 169.505661011, 169.993286133, 170.469299316, 170.945297241, 171.432922363, 171.920547485, 172.408157349, 172.895782471, 173.395004272, 173.882629395, 174.358642578, 174.846252441, 175.322265625, 175.798278809, 176.285888672, 176.773513794, 177.249526978, 177.725524902, 178.213150024, 178.700775146, 179.18838501, 179.676010132, 180.163619995, 180.639633179, 181.115646362, 181.603256226, 182.090881348, 182.57850647, 183.066116333, 183.542129517, 184.0181427, 184.505752563, 184.993377686, 185.480987549, 185.968612671, 186.456237793, 186.932235718, 187.408248901, 187.895874023, 188.383483887, 188.871109009, 189.347122192, 189.823120117, 190.310745239, 190.798370361, 191.285980225, 191.773605347, 192.26121521, 192.748840332, 193.224853516, 193.70085144, 194.188476562, 194.676101685, 195.163711548, 195.639724731, 196.115737915, 196.603347778, 197.0909729, 197.590194702, 198.089431763, 198.577041626, 199.064666748, 199.563903809, 200.06312561, 200.562347412, 201.08480835, 201.618865967, 202.176147461, 202.733413696, 203.29069519, 203.847976685, 204.405258179, 204.962539673, 205.519821167, 206.077087402, 206.634368896, 207.191650391, 207.748931885, 208.306213379, 208.863494873],
    "bpm_histogram": [0, 0, 0, 0, 0, 0, 0, 0, 0, 0, 0, 0, 0, 0, 0, 0, 0, 0, 0, 0, 0, 0, 0, 0, 0, 0, 0, 0, 0, 0, 0, 0, 0, 0, 0, 0, 0, 0, 0, 0, 0, 0, 0, 0, 0, 0, 0, 0, 0, 0, 0, 0, 0, 0, 0, 0, 0, 0, 0, 0, 0, 0, 0, 0, 0, 0, 0, 0, 0, 0, 0, 0, 0, 0, 0, 0, 0, 0, 0, 0, 0, 0, 0, 0, 0, 0, 0, 0, 0, 0, 0, 0, 0, 0, 0, 0, 0, 0, 0, 0, 0, 0.0023419202771, 0, 0.00468384055421, 0, 0, 0, 0, 0.0304449647665, 0, 0, 0, 0.0023419202771, 0, 0, 0.00702576106414, 0, 0.00702576106414, 0, 0, 0.0351288057864, 0, 0, 0.622950792313, 0, 0, 0.283372372389, 0, 0, 0.00468384055421, 0, 0, 0, 0, 0, 0, 0, 0, 0, 0, 0, 0, 0, 0, 0, 0, 0, 0, 0, 0, 0, 0, 0, 0, 0, 0, 0, 0, 0, 0, 0, 0, 0, 0, 0, 0, 0, 0, 0, 0, 0, 0, 0, 0, 0, 0, 0, 0, 0, 0, 0, 0, 0, 0, 0, 0, 0, 0, 0, 0, 0, 0, 0, 0, 0, 0, 0, 0, 0, 0, 0, 0, 0, 0, 0, 0, 0, 0, 0, 0, 0, 0, 0, 0, 0, 0, 0, 0, 0, 0, 0, 0, 0, 0, 0, 0, 0, 0, 0, 0, 0, 0, 0, 0, 0, 0, 0, 0, 0, 0, 0, 0, 0, 0, 0, 0, 0, 0, 0, 0]
},
"tonal": {
    "chords_changes_rate": 0.0604919120669,
    "chords_number_rate": 0.00221582106315,
    "chords_strength": {
        "mean": 0.517167150974
    },
    "hpcp_crest": {
        "mean": 13.5541372299
    },
    "hpcp_entropy": {
        "mean": 2.0161242485
    },
    "key_edma": {
        "strength": 0.792341291904,
        "key": "D",
        "scale": "major"
    },
    "key_krumhansl": {
        "strength": 0.805501282215,
        "key": "D",
        "scale": "major"
    },
    "key_temperley": {
        "strength": 0.820193648338,
        "key": "D",
        "scale": "major"
    },
    "tuning_diatonic_strength": 0.679398953915,
    "tuning_equal_tempered_deviation": 0.034865796566,
    "tuning_frequency": 440.508636475,
    "tuning_nontempered_energy_ratio": 0.681105256081,
    "hpcp": {
        "mean": [0.270907998085, 0.146933421493, 0.0504322387278, 0.0445538498461, 0.0441551283002, 0.0942693352699, 0.158331632614, 0.136024728417, 0.0891633108258, 0.0698972940445, 0.0603714510798, 0.0950912460685, 0.149339795113, 0.146584197879, 0.236715510488, 0.348270952702, 0.230180606246, 0.0961030945182, 0.0731865242124, 0.0910400226712, 0.180982381105, 0.237152516842, 0.166071325541, 0.101837098598, 0.0850389897823, 0.0747678205371, 0.141673833132, 0.204270645976, 0.149259164929, 0.165848553181, 0.213013336062, 0.12371237576, 0.0605341009796, 0.0689773187041, 0.0734281167388, 0.187452599406]
    },
    "chords_histogram": [29.8914241791, 2.03855538368, 16.1754932404, 2.28229570389, 0.044316418469, 0, 0.819853782654, 0.177265673876, 0.819853782654, 0, 0, 0, 0, 0, 0, 3.41236424446, 0, 5.67250156403, 0, 0.952803015709, 1.35165083408, 5.16286277771, 16.4413909912, 14.7573671341],
    "thpcp": [1, 0.660923957825, 0.27594345808, 0.210142493248, 0.261405736208, 0.519659698009, 0.680942595005, 0.476845175028, 0.292407661676, 0.244174793363, 0.214682906866, 0.406791985035, 0.586527943611, 0.428571969271, 0.476205527782, 0.611631095409, 0.35521876812, 0.17381323874, 0.198056474328, 0.210836172104, 0.538237810135, 0.777865588665, 0.421893984079, 0.144807472825, 0.127928704023, 0.126783832908, 0.270678132772, 0.454622000456, 0.390571564436, 0.25601708889, 0.200698032975, 0.173346206546, 0.273038119078, 0.428803473711, 0.42089125514, 0.679687798023],
    "chords_key": "D",
    "chords_scale": "major"
}
}