{
"metadata": {
    "version": {
        "essentia": "2.1-beta6-dev",
        "essentia_git_sha": "v2.1_beta5-1177-g1d1cc983",
        "extractor": "music 2.0"
    },
    "audio_properties": {
        "analysis": {
            "equal_loudness": 0,
            "length": 231.866668701,
            "sample_rate": 44100,
            "start_time": 0,
            "downmix": "mix"
        },
        "bit_rate": 1411200,
        "length": 231.866668701,
        "lossless": 1,
        "number_channels": 2,
        "replay_gain": -15.4234905243,
        "sample_rate": 44100,
        "codec": "pcm_s16le",
        "md5_encoded": "a2a128d9f43316d4f03441da4ce584db"
    },
    "tags": {
        "file_name": "All Get Out - All Get Out - 06 Wasting All My Breath.wav"
    }
},
"lowlevel": {
    "average_loudness": 0.795446753502,
    "barkbands_crest": {
        "mean": 8.80194473267
    },
    "barkbands_flatness_db": {
        "mean": 0.125783056021
    },
    "barkbands_kurtosis": {
        "mean": 7.09329319
    },
    "barkbands_skewness": {
        "mean": 1.22143566608
    },
    "barkbands_spread": {
        "mean": 28.5517635345
    },
    "dissonance": {
        "mean": 0.469584971666
    },
    "dynamic_complexity": 6.32048511505,
    "erbbands_crest": {
        "mean": 8.16195011139
    },
    "erbbands_flatness_db": {
        "mean": 0.16382586956
    },
    "erbbands_kurtosis": {
        "mean": 0.87438160181
    },
    "erbbands_skewness": {
        "mean": -0.0653116106987
    },
    "erbbands_spread": {
        "mean": 35.0923919678
    },
    "hfc": {
        "mean": 22.3827991486
    },
    "loudness_ebu128": {
        "integrated": -7.39303779602,
        "loudness_range": 13.1207437515,
        "momentary": {
            "mean": -13.3129272461
        },
        "short_term": {
            "mean": -11.2144098282
        }
    },
    "melbands_crest": {
        "mean": 13.9029626846
    },
    "melbands_flatness_db": {
        "mean": 0.182467848063
    },
    "melbands_kurtosis": {
        "mean": 11.427863121
    },
    "melbands_skewness": {
        "mean": 2.29276561737
    },
    "melbands_spread": {
        "mean": 33.2348022461
    },
    "pitch_salience": {
        "mean": 0.551808893681
    },
    "silence_rate_20dB": {
        "mean": 1
    },
    "silence_rate_30dB": {
        "mean": 1
    },
    "silence_rate_60dB": {
        "mean": 0.222088709474
    },
    "spectral_centroid": {
        "mean": 1776.25036621
    },
    "spectral_complexity": {
        "mean": 24.150396347
    },
    "spectral_decrease": {
        "mean": -5.29978638752e-09
    },
    "spectral_energy": {
        "mean": 0.0220327749848
    },
    "spectral_energyband_high": {
        "mean": 0.000898429658264
    },
    "spectral_energyband_low": {
        "mean": 0.00787293352187
    },
    "spectral_energyband_middle_high": {
        "mean": 0.0064760511741
    },
    "spectral_energyband_middle_low": {
        "mean": 0.00751575781032
    },
    "spectral_entropy": {
        "mean": 7.61684560776
    },
    "spectral_flux": {
        "mean": 0.0652964487672
    },
    "spectral_kurtosis": {
        "mean": 5.91504859924
    },
    "spectral_rms": {
        "mean": 0.00406876485795
    },
    "spectral_rolloff": {
        "mean": 2058.08447266
    },
    "spectral_skewness": {
        "mean": 1.50508654118
    },
    "spectral_spread": {
        "mean": 4049960
    },
    "spectral_strongpeak": {
        "mean": 0.784412682056
    },
    "zerocrossingrate": {
        "mean": 0.0697791874409
    },
    "barkbands": {
        "mean": [0.000632695271634, 0.00382575090043, 0.00274014472961, 0.00143479404505, 0.00144439889118, 0.000919883546885, 0.000615001306869, 0.00111707951874, 0.00185235636309, 0.000595242425334, 0.000532587524503, 0.000650942558423, 0.000694977701642, 0.000656854594126, 0.000598315498792, 0.000666916836053, 0.00061577843735, 0.000552959972993, 0.000737063528504, 0.000391650741221, 0.000220869231271, 0.000165917634149, 0.000181603667443, 0.000101168261608, 6.05201094004e-05, 2.23432380153e-05, 4.82890527564e-06]
    },
    "erbbands": {
        "mean": [0.112746879458, 0.851096451283, 3.05650901794, 4.19719934464, 4.35425233841, 4.86450099945, 7.19311761856, 7.24202489853, 7.4729514122, 13.585521698, 29.1352577209, 37.9907188416, 30.2539234161, 21.798532486, 25.6762733459, 25.8473014832, 32.4562683105, 34.2403640747, 31.5478973389, 31.9102230072, 39.9968147278, 33.2823982239, 27.3515319824, 35.2666091919, 36.8909645081, 18.3846664429, 10.9569177628, 7.17674160004, 5.90899419785, 5.75444507599, 4.98667621613, 2.83192682266, 1.34733426571, 0.780198514462, 0.376698225737, 0.1365994066, 0.0314951837063, 0.00615590205416, 0.000928702414967, 6.71541856718e-05]
    },
    "gfcc": {
        "mean": [-51.3440551758, 91.4737091064, -131.35534668, 35.0236320496, -48.0285949707, 8.11044502258, -34.5252342224, 8.91880321503, -21.7281990051, -4.11954593658, -14.5291414261, -8.013879776, -11.7023925781],
        "cov": [[42492.1054688, -2261.38500977, -2121.15576172, 1989.36755371, -1025.97387695, 2007.85144043, 24.7289791107, 1459.20996094, 143.842498779, 1039.19702148, 158.746078491, 417.672973633, -590.35333252], [-2261.38500977, 1715.14794922, -351.609313965, -271.272583008, 208.170852661, -303.017089844, 116.302024841, -172.471603394, 56.1276550293, -187.370025635, 83.6141967773, -151.510421753, 95.677406311], [-2121.15576172, -351.609313965, 1319.64941406, 266.688964844, 283.151824951, 208.532272339, 51.4673271179, 55.5575561523, 56.6511802673, 181.644287109, -34.595664978, 171.033905029, -45.8754425049], [1989.36755371, -271.272583008, 266.688964844, 690.379394531, 31.4598464966, 264.274597168, 32.2364006042, 54.1224479675, 116.596511841, 130.843551636, 10.9207706451, 100.000404358, -22.3944721222], [-1025.97387695, 208.170852661, 283.151824951, 31.4598464966, 330.861938477, -2.76282286644, 61.0832862854, 34.4717750549, 23.3124275208, 48.4954299927, 6.59529685974, 24.212720871, 10.3388977051], [2007.85144043, -303.017089844, 208.532272339, 264.274597168, -2.76282286644, 420.344940186, 135.036453247, 122.414604187, 71.4471969604, 126.5599823, 22.6624412537, 75.6638641357, -67.0752182007], [24.7289791107, 116.302024841, 51.4673271179, 32.2364006042, 61.0832862854, 135.036453247, 222.133209229, 49.1344337463, 75.0579223633, 14.5255279541, 37.0608978271, 9.78690910339, -15.8340492249], [1459.20996094, -172.471603394, 55.5575561523, 54.1224479675, 34.4717750549, 122.414604187, 49.1344337463, 208.645843506, 25.6933841705, 90.3033981323, 16.3523292542, 21.5782775879, -27.6315784454], [143.842498779, 56.1276550293, 56.6511802673, 116.596511841, 23.3124275208, 71.4471969604, 75.0579223633, 25.6933841705, 142.703979492, 45.6316795349, 25.5750808716, 12.4966831207, -7.82430791855], [1039.19702148, -187.370025635, 181.644287109, 130.843551636, 48.4954299927, 126.5599823, 14.5255279541, 90.3033981323, 45.6316795349, 166.121582031, 27.5358753204, 50.6710166931, -34.9387893677], [158.746078491, 83.6141967773, -34.595664978, 10.9207706451, 6.59529685974, 22.6624412537, 37.0608978271, 16.3523292542, 25.5750808716, 27.5358753204, 97.2498092651, 18.6298484802, 1.90501081944], [417.672973633, -151.510421753, 171.033905029, 100.000404358, 24.212720871, 75.6638641357, 9.78690910339, 21.5782775879, 12.4966831207, 50.6710166931, 18.6298484802, 108.959442139, -8.1785030365], [-590.35333252, 95.677406311, -45.8754425049, -22.3944721222, 10.3388977051, -67.0752182007, -15.8340492249, -27.6315784454, -7.82430791855, -34.9387893677, 1.90501081944, -8.1785030365, 72.3930892944]],
        "icov": [[8.74147299328e-05, -8.20716813905e-05, 0.000276463862974, -0.000188436199096, 0.00016782633611, -0.000228427685215, 0.000149040221004, -0.000438975781435, 0.000199140704353, -0.000334334763465, 0.000216097570956, -0.000391293258872, 0.000377927237423], [-8.20716813905e-05, 0.0012733831536, -5.94252524024e-05, 0.000274210935459, -0.00117008248344, 0.000577188038733, -0.000630701426417, 0.00109549262561, -0.000833763566334, 0.00102679058909, -0.00134096038528, 0.00141899671871, -0.000721942109521], [0.000276463862974, -5.94252524024e-05, 0.00226817838848, -0.000600455212407, -0.000642475788482, -0.000929782981984, 0.000411782355513, -0.000823324196972, 0.000429540494224, -0.00177180604078, 0.00157898757607, -0.00262406445108, 0.00144404033199], [-0.000188436199096, 0.000274210935459, -0.000600455212407, 0.00288142939098, -0.000638030003756, -0.00102606671862, 0.000718686089385, 0.00143567787018, -0.00220653042197, 0.000313131225994, -0.000159101109602, -8.09811317595e-05, -0.00163494213484], [0.00016782633611, -0.00117008248344, -0.000642475788482, -0.000638030003756, 0.0056392531842, 0.000692077795975, -0.00119843357243, -0.00197685835883, 0.00141772523057, -0.00242503848858, 0.00136207812466, -0.00118289154489, -5.69297153561e-05], [-0.000228427685215, 0.000577188038733, -0.000929782981984, -0.00102606671862, 0.000692077795975, 0.00672569219023, -0.00409235525876, 1.62901160365e-05, 0.000265417445917, -0.000857117353007, -0.00027597224107, 0.000136121598189, 0.00134934508242], [0.000149040221004, -0.000630701426417, 0.000411782355513, 0.000718686089385, -0.00119843357243, -0.00409235525876, 0.00914449524134, -0.00178503652569, -0.00332573056221, 0.0025491239503, -0.00154346495401, -0.000573292316403, 0.00107710331213], [-0.000438975781435, 0.00109549262561, -0.000823324196972, 0.00143567787018, -0.00197685835883, 1.62901160365e-05, -0.00178503652569, 0.00970968417823, -0.000937976117712, -0.00160413398407, -0.00129153265152, 0.00276888837107, -0.00202095042914], [0.000199140704353, -0.000833763566334, 0.000429540494224, -0.00220653042197, 0.00141772523057, 0.000265417445917, -0.00332573056221, -0.000937976117712, 0.0115477489308, -0.00373010965995, 9.17340294109e-05, -0.000139414230944, 0.000703207158949], [-0.000334334763465, 0.00102679058909, -0.00177180604078, 0.000313131225994, -0.00242503848858, -0.000857117353007, 0.0025491239503, -0.00160413398407, -0.00373010965995, 0.0147947883233, -0.00474437419325, 0.0008861120441, 0.00135018990841], [0.000216097570956, -0.00134096038528, 0.00157898757607, -0.000159101109602, 0.00136207812466, -0.00027597224107, -0.00154346495401, -0.00129153265152, 9.17340294109e-05, -0.00474437419325, 0.0147305559367, -0.00506756268442, -3.4868815419e-05], [-0.000391293258872, 0.00141899671871, -0.00262406445108, -8.09811317595e-05, -0.00118289154489, 0.000136121598189, -0.000573292316403, 0.00276888837107, -0.000139414230944, 0.0008861120441, -0.00506756268442, 0.0167541094124, -0.00308901444077], [0.000377927237423, -0.000721942109521, 0.00144404033199, -0.00163494213484, -5.69297153561e-05, 0.00134934508242, 0.00107710331213, -0.00202095042914, 0.000703207158949, 0.00135018990841, -3.4868815419e-05, -0.00308901444077, 0.0193610265851]]
    },
    "melbands": {
        "mean": [0.00104860693682, 0.00142891518772, 0.000738172384445, 0.000313778786222, 0.000246812473051, 0.000162700758665, 0.000118241085147, 0.000166560625075, 0.000242409165367, 0.000249558041105, 0.000148599443492, 8.58318380779e-05, 8.50484648254e-05, 7.88592078607e-05, 6.01673127676e-05, 7.56048393669e-05, 5.9975147451e-05, 5.01325448568e-05, 4.42980926891e-05, 4.11832807004e-05, 4.82874747831e-05, 3.65547894035e-05, 2.23034530791e-05, 3.03987126244e-05, 2.77271446976e-05, 2.89735089609e-05, 2.13047296711e-05, 9.92196964944e-06, 6.87740975991e-06, 5.09266465087e-06, 3.91574803871e-06, 3.27847146764e-06, 3.16873524753e-06, 3.22872438119e-06, 3.01316572404e-06, 2.41740758611e-06, 1.46128365941e-06, 1.00583372387e-06, 6.84095198267e-07, 6.67500557938e-07]
    },
    "melbands128": {
        "mean": [0.000511412275955, 0.000963761296589, 0.00111010635737, 0.00151216937229, 0.00166339916177, 0.00124858901836, 0.000869182345923, 0.000672182766721, 0.000408605701523, 0.000274355959846, 0.000267330586212, 0.000257518287981, 0.000274196790997, 0.000190139384358, 0.000159803938004, 0.000161282310728, 0.000106644212792, 0.000113536174467, 0.000112946640002, 0.000158636117703, 0.000158251263201, 0.000296564772725, 0.00022606512357, 0.000219753055717, 0.000263306457782, 0.000224172617891, 0.000337086617947, 7.5794851e-05, 6.83155740262e-05, 0.00011163954332, 7.18349037925e-05, 7.34754430596e-05, 0.000112612957309, 5.57183811907e-05, 9.77062736638e-05, 8.26593750389e-05, 5.94853700022e-05, 4.08856503782e-05, 7.9474200902e-05, 7.7265620348e-05, 5.2804218285e-05, 0.000113717447675, 5.19546956639e-05, 3.6606539652e-05, 6.2289131165e-05, 4.57906717202e-05, 4.92513099744e-05, 4.69005135528e-05, 3.59885998478e-05, 4.95031308674e-05, 3.7296445953e-05, 3.50981281372e-05, 6.18595440756e-05, 4.36198279203e-05, 4.3682197429e-05, 3.79009252356e-05, 2.77394083241e-05, 2.91980868496e-05, 1.77853453351e-05, 1.45495496326e-05, 3.61885759048e-05, 3.89685628761e-05, 2.33152113651e-05, 2.79198084172e-05, 2.69711199508e-05, 3.08742164634e-05, 2.62958237727e-05, 3.1895327993e-05, 1.62053620443e-05, 1.42521912494e-05, 1.1822237866e-05, 5.88123475609e-06, 6.56683823763e-06, 7.22154982213e-06, 7.70835777075e-06, 4.69721635454e-06, 4.42436885351e-06, 3.92310221287e-06, 4.06087565352e-06, 3.57646740667e-06, 3.443138894e-06, 2.86231124846e-06, 3.5766554447e-06, 3.10695645567e-06, 2.95838481179e-06, 3.42085309057e-06, 3.18130059895e-06, 2.92148160952e-06, 3.62909372598e-06, 2.23708320846e-06, 2.89946615339e-06, 2.58688351096e-06, 1.59752926265e-06, 1.44069542785e-06, 1.31924491598e-06, 1.21253867746e-06, 8.82427627857e-07, 8.04989383596e-07, 6.9343548148e-07, 6.23587027349e-07, 6.07773245065e-07, 6.99017732586e-07, 7.11475934168e-07, 5.11001530867e-07, 4.17348047677e-07, 3.10369074441e-07, 2.78532894527e-07, 3.02401275576e-07, 2.61131134494e-07, 1.65821703035e-07, 1.31697021288e-07, 1.10933825681e-07, 9.29496764002e-08, 7.14281398473e-08, 5.91178803688e-08, 5.38666711236e-08, 4.27301891648e-08, 3.48139579387e-08, 2.79859957431e-08, 2.93558279907e-08, 3.23139843772e-08, 1.89457676214e-08, 1.01547374953e-08, 7.28733828836e-09, 5.78315129118e-09, 4.30999547163e-09, 2.73573141918e-09, 1.91907068015e-09]
    },
    "mfcc": {
        "mean": [-678.009033203, 113.900093079, -17.1294460297, 25.8498973846, 6.85420560837, 1.75113737583, 0.849358379841, 5.5205039978, -2.71895098686, 6.40139341354, -1.60747671127, -2.82390093803, -2.84378886223],
        "cov": [[29061.6660156, -880.939819336, -706.665405273, 516.163024902, -2.65680861473, 582.441345215, 487.648864746, 691.635314941, 266.104095459, 936.876831055, 701.127746582, 668.333190918, 563.066955566], [-880.939819336, 1606.25415039, -473.553375244, -103.004585266, -62.7735137939, -183.192718506, 49.7092666626, -39.7732963562, -10.604467392, -36.2346420288, -23.6503486633, 22.1907444, -16.2959728241], [-706.665405273, -473.553375244, 875.780212402, 199.985290527, 183.155670166, 284.5809021, 15.3380737305, 74.0389404297, 77.0736236572, 12.8121404648, 62.6647949219, 51.6559104919, 49.6964836121], [516.163024902, -103.004585266, 199.985290527, 382.617553711, 152.452514648, 138.974319458, -9.30997753143, 31.762676239, 44.0273551941, 46.1498680115, 28.0157604218, 41.2625045776, 52.271572113], [-2.65680861473, -62.7735137939, 183.155670166, 152.452514648, 256.827728271, 66.8633499146, 32.9870872498, -3.08843994141, 39.7880401611, 22.7821044922, 23.2432003021, 18.2627410889, 36.087852478], [582.441345215, -183.192718506, 284.5809021, 138.974319458, 66.8633499146, 339.569976807, 53.1638412476, 109.846244812, 73.0553817749, 53.6121444702, 78.0891189575, 82.5680541992, 45.4038619995], [487.648864746, 49.7092666626, 15.3380737305, -9.30997753143, 32.9870872498, 53.1638412476, 171.096557617, 67.1645507812, 38.9665985107, 47.311050415, 49.6143989563, 40.2927589417, 41.1274375916], [691.635314941, -39.7732963562, 74.0389404297, 31.762676239, -3.08843994141, 109.846244812, 67.1645507812, 169.859588623, 59.0595474243, 48.7839164734, 52.7668533325, 52.8188285828, 35.2871398926], [266.104095459, -10.604467392, 77.0736236572, 44.0273551941, 39.7880401611, 73.0553817749, 38.9665985107, 59.0595474243, 114.944847107, 59.6285629272, 40.8243255615, 31.2356681824, 24.0151157379], [936.876831055, -36.2346420288, 12.8121404648, 46.1498680115, 22.7821044922, 53.6121444702, 47.311050415, 48.7839164734, 59.6285629272, 135.892242432, 68.3296203613, 47.4282798767, 33.9517555237], [701.127746582, -23.6503486633, 62.6647949219, 28.0157604218, 23.2432003021, 78.0891189575, 49.6143989563, 52.7668533325, 40.8243255615, 68.3296203613, 113.168289185, 68.5975646973, 38.4041633606], [668.333190918, 22.1907444, 51.6559104919, 41.2625045776, 18.2627410889, 82.5680541992, 40.2927589417, 52.8188285828, 31.2356681824, 47.4282798767, 68.5975646973, 130.726364136, 58.8524360657], [563.066955566, -16.2959728241, 49.6964836121, 52.271572113, 36.087852478, 45.4038619995, 41.1274375916, 35.2871398926, 24.0151157379, 33.9517555237, 38.4041633606, 58.8524360657, 95.6897506714]],
        "icov": [[5.79376064707e-05, 5.04014496983e-05, 0.000120428456285, -5.54348152946e-05, 9.80980166787e-06, -3.31354567606e-05, -7.64061405789e-06, -0.000119512151286, 0.000115450726298, -0.000250148179475, -0.000116744835395, -7.02709585312e-05, -0.000155368354172], [5.04014496983e-05, 0.000847328454256, 0.0005333214649, -0.000132132874569, -4.10096399719e-05, 0.000223012437345, -0.000369356392184, 1.98790748982e-05, -0.000329237722326, 0.000306608621031, -0.000118176896649, -0.000617785437498, 0.000105217288365], [0.000120428456285, 0.0005333214649, 0.00232637161389, -0.000269193056738, -0.000918887846638, -0.0012718209764, 0.000252305355389, -0.000289516086923, -0.000397256430006, 0.00055191089632, -0.000753628264647, -6.00861967541e-05, -0.000487338955281], [-5.54348152946e-05, -0.000132132874569, -0.000269193056738, 0.00435971282423, -0.00215958850458, -0.00125179102179, 0.00157610734459, -0.000196342691197, 0.000142898599734, -0.00102962704841, 0.00104324496351, 8.98139041965e-05, -0.00127910694573], [9.80980166787e-06, -4.10096399719e-05, -0.000918887846638, -0.00215958850458, 0.00624738726765, 0.000389782595448, -0.0016652229242, 0.0017972929636, -0.00132221635431, 0.000291217584163, -0.000381633202778, 0.000431063817814, -0.000779349007644], [-3.31354567606e-05, 0.000223012437345, -0.0012718209764, -0.00125179102179, 0.000389782595448, 0.00596359232441, -0.000610147078987, -0.00177514727693, -0.00105423061177, 0.000644697865937, -0.00114826543722, -0.00175966147799, 0.0010964005487], [-7.64061405789e-06, -0.000369356392184, 0.000252305355389, 0.00157610734459, -0.0016652229242, -0.000610147078987, 0.00864237733185, -0.0024478379637, -0.000126272396301, -0.00114371906966, -0.00129388470668, 0.000620446633548, -0.00232904730365], [-0.000119512151286, 1.98790748982e-05, -0.000289516086923, -0.000196342691197, 0.0017972929636, -0.00177514727693, -0.0024478379637, 0.0100582055748, -0.00311952433549, 0.000475203996757, -0.000429935724242, -0.000723186007235, -0.000296700804029], [0.000115450726298, -0.000329237722326, -0.000397256430006, 0.000142898599734, -0.00132221635431, -0.00105423061177, -0.000126272396301, -0.00311952433549, 0.0141293955967, -0.00529702845961, -0.000197131725145, 0.000515273422934, -0.000308023125399], [-0.000250148179475, 0.000306608621031, 0.00055191089632, -0.00102962704841, 0.000291217584163, 0.000644697865937, -0.00114371906966, 0.000475203996757, -0.00529702845961, 0.0144603317603, -0.0054483176209, -0.000157611400937, 0.000182843927178], [-0.000116744835395, -0.000118176896649, -0.000753628264647, 0.00104324496351, -0.000381633202778, -0.00114826543722, -0.00129388470668, -0.000429935724242, -0.000197131725145, -0.0054483176209, 0.0180234555155, -0.00551100401208, 3.02825992549e-05], [-7.02709585312e-05, -0.000617785437498, -6.00861967541e-05, 8.98139041965e-05, 0.000431063817814, -0.00175966147799, 0.000620446633548, -0.000723186007235, 0.000515273422934, -0.000157611400937, -0.00551100401208, 0.0147846713662, -0.00599185749888], [-0.000155368354172, 0.000105217288365, -0.000487338955281, -0.00127910694573, -0.000779349007644, 0.0010964005487, -0.00232904730365, -0.000296700804029, -0.000308023125399, 0.000182843927178, 3.02825992549e-05, -0.00599185749888, 0.0169040132314]]
    },
    "spectral_contrast_coeffs": {
        "mean": [-0.722863793373, -0.776045799255, -0.775669038296, -0.797414302826, -0.783514976501, -0.766130387783]
    },
    "spectral_contrast_valleys": {
        "mean": [-7.34928131104, -7.30409049988, -7.83889055252, -7.79879331589, -7.81768274307, -10.8922071457]
    }
},
"rhythm": {
    "beats_count": 464,
    "beats_loudness": {
        "mean": 0.0288378428668
    },
    "bpm": 122.083404541,
    "bpm_histogram_first_peak_bpm": 123,
    "bpm_histogram_first_peak_weight": 0.381081104279,
    "bpm_histogram_second_peak_bpm": 117,
    "bpm_histogram_second_peak_spread": 0.166666686535,
    "bpm_histogram_second_peak_weight": 0.0323974080384,
    "danceability": 0.949607849121,
    "onset_rate": 1.93629562855,
    "beats_loudness_band_ratio": {
        "mean": [0.437164574862, 0.134170815349, 0.160231918097, 0.109972856939, 0.114622533321, 0.0660390630364]
    },
    "beats_position": [0.673378646374, 1.35836732388, 2.04335594177, 2.72834467888, 3.3785033226, 4.02866220474, 4.7020406723, 5.36380958557, 6.025578022, 6.68734693527, 7.32589578629, 7.96444416046, 8.60299301147, 9.22993183136, 9.85687065125, 10.4025392532, 10.9365987778, 11.4706573486, 12.0279359818, 12.5736055374, 13.1308841705, 13.6301136017, 14.1293420792, 14.6169614792, 15.1045799255, 15.5921993256, 16.0914287567, 16.5906581879, 17.0898857117, 17.600725174, 18.1115646362, 18.6340141296, 19.1448516846, 19.6556911469, 20.1665306091, 20.6773700714, 21.1998176575, 21.7106571198, 22.1982765198, 22.6975059509, 23.1967334747, 23.6959629059, 24.195192337, 24.6944217682, 25.1936511993, 25.681268692, 26.168888092, 26.6681175232, 27.1673469543, 27.6549663544, 28.142583847, 28.6302032471, 29.1178226471, 29.6054420471, 30.0930614471, 30.5806789398, 31.0682983398, 31.567527771, 32.0551452637, 32.542766571, 33.0419960022, 33.5412254333, 34.028842926, 34.5164604187, 34.9924697876, 35.480091095, 35.9677085876, 36.4669380188, 36.96616745, 37.4653968811, 37.9646263123, 38.4522438049, 38.9514732361, 39.4507026672, 39.9383201599, 40.4259414673, 40.91355896, 41.4011802673, 41.88879776, 42.3764152527, 42.8640365601, 43.3516540527, 43.8392753601, 44.3268928528, 44.8145103455, 45.3021316528, 45.801361084, 46.3005905151, 46.7882080078, 47.2758255005, 47.7750549316, 48.2742843628, 48.7619056702, 49.2495231628, 49.7371406555, 50.2247619629, 50.7123794556, 51.2000007629, 51.6992263794, 52.1984558105, 52.6860771179, 53.1736946106, 53.6729240417, 54.1721534729, 54.6597709656, 55.1473922729, 55.6350097656, 56.122631073, 56.6102485657, 57.1094779968, 57.608707428, 58.0963249207, 58.583946228, 59.0715637207, 59.5707931519, 60.070022583, 60.5576400757, 61.0452613831, 61.5328788757, 62.0321083069, 62.531337738, 63.0189552307, 63.5065765381, 63.9941940308, 64.4818115234, 64.9810409546, 65.4802703857, 65.9678878784, 66.4555053711, 66.9431304932, 67.4423599243, 67.9415893555, 68.4292068481, 68.9168243408, 69.4044418335, 69.8920593262, 70.3912887573, 70.8905181885, 71.3781356812, 71.8657608032, 72.3533782959, 72.8409957886, 73.3402252197, 73.8394546509, 74.3270721436, 74.8146896362, 75.3139190674, 75.8131484985, 76.3007659912, 76.7883911133, 77.276008606, 77.7636260986, 78.2512435913, 78.738861084, 79.2380905151, 79.7373199463, 80.2249450684, 80.712562561, 81.2233963013, 81.7110214233, 82.198638916, 82.6862564087, 83.1854858398, 83.6731033325, 84.1607208252, 84.6599502563, 85.1591796875, 85.6468048096, 86.1344223022, 86.6104278564, 87.0980453491, 87.5856704712, 88.0848999023, 88.5841217041, 89.0833511353, 89.5825805664, 90.0818099976, 90.5810394287, 91.0686569214, 91.5562820435, 92.0438995361, 92.5315170288, 93.0191345215, 93.5067520142, 93.9943771362, 94.4819946289, 94.9812240601, 95.4804534912, 95.9680709839, 96.4556884766, 96.9433059692, 97.4309310913, 97.9301605225, 98.4293823242, 98.9170074463, 99.404624939, 99.8922424316, 100.379859924, 100.879089355, 101.378318787, 101.865936279, 102.353561401, 102.841178894, 103.340408325, 103.839637756, 104.327255249, 104.814872742, 105.302490234, 105.790107727, 106.289337158, 106.788566589, 107.276191711, 107.763809204, 108.251426697, 108.739044189, 109.238273621, 109.737503052, 110.236732483, 110.735961914, 111.246803284, 111.734420776, 112.222038269, 112.709655762, 113.197273254, 113.696502686, 114.195732117, 114.683357239, 115.170974731, 115.658592224, 116.157821655, 116.645439148, 117.144668579, 117.632286072, 118.119903564, 118.607528687, 119.095146179, 119.59437561, 120.081993103, 120.581222534, 121.080451965, 121.579681396, 122.055686951, 122.543312073, 123.019317627, 123.50693512, 123.994552612, 124.482177734, 124.969795227, 125.45741272, 125.945030212, 126.432647705, 126.931877136, 127.431106567, 127.91872406, 128.417953491, 128.917190552, 129.404800415, 129.904037476, 130.403259277, 130.890884399, 131.378494263, 131.866119385, 132.365356445, 132.864578247, 133.363800049, 133.851425171, 134.350662231, 134.849884033, 135.337509155, 135.81350708, 136.301132202, 136.788757324, 137.276367188, 137.76399231, 138.263214111, 138.762451172, 139.250061035, 139.737686157, 140.225296021, 140.724533081, 141.223754883, 141.711380005, 142.199005127, 142.68661499, 143.174240112, 143.661849976, 144.149475098, 144.648712158, 145.14793396, 145.635559082, 146.134780884, 146.634017944, 147.121627808, 147.60925293, 148.096862793, 148.596099854, 149.095321655, 149.582946777, 150.082168579, 150.569793701, 151.069015503, 151.556640625, 152.044265747, 152.53187561, 153.019500732, 153.507110596, 153.994735718, 154.48236084, 154.969970703, 155.469207764, 155.968429565, 156.456054688, 156.943664551, 157.431289673, 157.930511475, 158.429748535, 158.917373657, 159.416595459, 159.915817261, 160.403442383, 160.891067505, 161.378677368, 161.86630249, 162.353912354, 162.853149414, 163.340774536, 163.839996338, 164.32762146, 164.815231323, 165.302856445, 165.802078247, 166.301315308, 166.788925171, 167.276550293, 167.764175415, 168.263397217, 168.751022339, 169.238632202, 169.737869263, 170.225479126, 170.713104248, 171.21232605, 171.71156311, 172.199172974, 172.686798096, 173.174423218, 173.67364502, 174.161270142, 174.660491943, 175.148117065, 175.635726929, 176.123352051, 176.610977173, 177.110198975, 177.609436035, 178.097045898, 178.584671021, 179.072280884, 179.571517944, 180.070739746, 180.569976807, 181.069198608, 181.55682373, 182.044433594, 182.532058716, 183.019683838, 183.507293701, 183.994918823, 184.482528687, 184.970153809, 185.469390869, 185.968612671, 186.456237793, 186.943847656, 187.443084717, 187.942306519, 188.429931641, 188.917541504, 189.405166626, 189.904388428, 190.403625488, 190.89125061, 191.378860474, 191.773605347, 192.179946899, 192.586303711, 192.981033325, 193.387390137, 193.793731689, 194.200088501, 194.618041992, 195.036010742, 195.453964233, 195.860321045, 196.347930908, 196.83555603, 197.323165894, 197.810791016, 198.298416138, 198.797637939, 199.285263062, 199.772872925, 200.272109985, 200.759719849, 201.247344971, 201.734954834, 202.222579956, 202.710205078, 203.197814941, 203.70866394, 204.219497681, 204.730331421, 205.32244873, 205.914550781, 206.506668091, 207.121994019, 207.725708008, 208.329421997, 208.933151245, 209.525253296, 210.128982544, 210.732696533, 211.382858276, 212.033004761, 212.671554565, 213.31010437, 213.948654175, 214.598815918, 215.248977661, 215.817871094, 216.386749268, 216.9556427, 217.478088379, 217.988937378, 218.499771118, 219.010604858, 219.509841919, 220.055511475, 220.60118103, 221.146850586, 221.622848511, 222.098861694, 222.574874878, 222.969604492, 223.375961304, 223.782302856, 224.188659668, 224.606613159, 225.024581909, 225.430923462, 225.837280273, 226.255233765, 226.673187256, 227.091156006, 227.520721436, 227.950286865, 228.368255615, 228.797821045, 229.180953979, 229.564071655, 229.94720459, 230.330337524, 230.725082397, 231.108200073],
    "bpm_histogram": [0, 0, 0, 0, 0, 0, 0, 0, 0, 0, 0, 0, 0, 0, 0, 0, 0, 0, 0, 0, 0, 0, 0, 0, 0, 0, 0, 0, 0, 0, 0, 0, 0, 0, 0, 0, 0, 0, 0, 0, 0, 0, 0, 0, 0, 0, 0, 0, 0, 0, 0, 0, 0, 0, 0, 0, 0, 0, 0, 0, 0, 0, 0, 0, 0, 0, 0, 0, 0, 0, 0, 0, 0, 0, 0, 0, 0, 0, 0, 0, 0, 0, 0, 0, 0, 0, 0, 0, 0.00647948170081, 0.00215982715599, 0, 0.00647948170081, 0.0129589634016, 0, 0.0129589634016, 0, 0.00431965431198, 0, 0.00215982715599, 0.0107991360128, 0, 0.00863930862397, 0, 0, 0, 0.00647948170081, 0, 0, 0.00431965431198, 0, 0.0107991360128, 0, 0.00431965431198, 0, 0, 0.00647948170081, 0, 0.0323974080384, 0, 0, 0.287257015705, 0, 0, 0.494600445032, 0, 0, 0.0172786172479, 0, 0, 0, 0, 0, 0, 0, 0, 0, 0, 0, 0, 0, 0.00647948170081, 0, 0, 0, 0.0194384455681, 0, 0, 0, 0.0237580984831, 0, 0, 0, 0.00863930862397, 0, 0, 0, 0, 0.0107991360128, 0, 0, 0, 0, 0, 0, 0, 0, 0, 0, 0, 0, 0, 0, 0, 0, 0, 0, 0, 0, 0, 0, 0, 0, 0, 0, 0, 0, 0, 0, 0, 0, 0, 0, 0, 0, 0, 0, 0, 0, 0, 0, 0, 0, 0, 0, 0, 0, 0, 0, 0, 0, 0, 0, 0, 0, 0, 0, 0, 0, 0, 0, 0, 0, 0, 0, 0, 0, 0, 0, 0, 0, 0, 0, 0, 0, 0, 0, 0, 0, 0, 0, 0, 0, 0, 0, 0, 0, 0, 0, 0, 0]
},
"tonal": {
    "chords_changes_rate": 0.0490588694811,
    "chords_number_rate": 0.00220264308155,
    "chords_strength": {
        "mean": 0.52669852972
    },
    "hpcp_crest": {
        "mean": 13.2540845871
    },
    "hpcp_entropy": {
        "mean": 2.00925898552
    },
    "key_edma": {
        "strength": 0.707498788834,
        "key": "D",
        "scale": "major"
    },
    "key_krumhansl": {
        "strength": 0.71967279911,
        "key": "D",
        "scale": "major"
    },
    "key_temperley": {
        "strength": 0.737881243229,
        "key": "D",
        "scale": "major"
    },
    "tuning_diatonic_strength": 0.608964979649,
    "tuning_equal_tempered_deviation": 0.250762969255,
    "tuning_frequency": 434.193115234,
    "tuning_nontempered_energy_ratio": 0.958220362663,
    "hpcp": {
        "mean": [0.266302973032, 0.260630786419, 0.0824741125107, 0.0459369570017, 0.0420252643526, 0.0507188178599, 0.183378592134, 0.248782724142, 0.134191274643, 0.0593098811805, 0.0428955480456, 0.0444840192795, 0.110996171832, 0.155776664615, 0.110394999385, 0.180926650763, 0.232813194394, 0.121824361384, 0.0567365698516, 0.0522320009768, 0.0599121153355, 0.185297802091, 0.265800565481, 0.161014378071, 0.080117829144, 0.0562833175063, 0.05502833426, 0.171921670437, 0.21331435442, 0.117753557861, 0.209174782038, 0.220017001033, 0.0827347189188, 0.0769062191248, 0.0825711414218, 0.101044468582]
    },
    "chords_histogram": [16.2995586395, 3.06367635727, 17.3207855225, 0.320384472609, 4.20504617691, 0, 2.54305171967, 0, 0, 0.140168204904, 0.820985198021, 0, 0, 0.200240284204, 0, 2.24269127846, 0, 1.26151382923, 0, 2.40288352966, 0.961153388023, 12.7753305435, 18.7825393677, 16.659992218],
    "thpcp": [1, 0.97870028019, 0.30970031023, 0.172498852015, 0.157809972763, 0.190455317497, 0.688608884811, 0.934209346771, 0.503904521465, 0.222715809941, 0.161077991128, 0.167042896152, 0.416804105043, 0.584960281849, 0.414546638727, 0.679401516914, 0.874241828918, 0.457465261221, 0.21305270493, 0.196137502789, 0.224977269769, 0.695815742016, 0.998113393784, 0.604628562927, 0.300852179527, 0.211350694299, 0.206638082862, 0.64558672905, 0.801021277905, 0.44217890501, 0.78547668457, 0.826190531254, 0.31067892909, 0.288792192936, 0.310064673424, 0.379434257746],
    "chords_key": "G",
    "chords_scale": "major"
}
}