{
"metadata": {
    "version": {
        "essentia": "2.1-beta6-dev",
        "essentia_git_sha": "v2.1_beta5-1177-g1d1cc983",
        "extractor": "music 2.0"
    },
    "audio_properties": {
        "analysis": {
            "equal_loudness": 0,
            "length": 189.637954712,
            "sample_rate": 44100,
            "start_time": 0,
            "downmix": "mix"
        },
        "bit_rate": 1411200,
        "length": 189.637954712,
        "lossless": 1,
        "number_channels": 2,
        "replay_gain": -13.5782680511,
        "sample_rate": 44100,
        "codec": "pcm_s16le",
        "md5_encoded": "db3a3efe9d847d2b379d2278af070805"
    },
    "tags": {
        "file_name": "07 - All Get Out - Girl, Gun.wav",
        "album": ["The Season"],
        "albumartist": ["All Get Out"],
        "artist": ["All Get Out"],
        "copyright": ["2011 All Get Out and Many Hats Distribution 2011 All Get Out and Many Hats Distribution"],
        "date": ["2011"],
        "discnumber": ["1"],
        "disctotal": ["1"],
        "genre": ["Alternative & Indie"],
        "isrc": ["US3DF1112374"],
        "title": ["Girl, Gun"],
        "tracknumber": ["7"],
        "tracktotal": ["10"]
    }
},
"lowlevel": {
    "average_loudness": 0.463382601738,
    "barkbands_crest": {
        "mean": 8.74925804138
    },
    "barkbands_flatness_db": {
        "mean": 0.133268862963
    },
    "barkbands_kurtosis": {
        "mean": 2.76450419426
    },
    "barkbands_skewness": {
        "mean": 1.37563896179
    },
    "barkbands_spread": {
        "mean": 21.9912624359
    },
    "dissonance": {
        "mean": 0.46469861269
    },
    "dynamic_complexity": 5.21463918686,
    "erbbands_crest": {
        "mean": 8.29198455811
    },
    "erbbands_flatness_db": {
        "mean": 0.172889828682
    },
    "erbbands_kurtosis": {
        "mean": 0.438249021769
    },
    "erbbands_skewness": {
        "mean": 0.373339146376
    },
    "erbbands_spread": {
        "mean": 33.9851608276
    },
    "hfc": {
        "mean": 16.8903770447
    },
    "loudness_ebu128": {
        "integrated": -9.35395908356,
        "loudness_range": 14.3154745102,
        "momentary": {
            "mean": -12.9872951508
        },
        "short_term": {
            "mean": -12.5230455399
        }
    },
    "melbands_crest": {
        "mean": 12.5606355667
    },
    "melbands_flatness_db": {
        "mean": 0.189100429416
    },
    "melbands_kurtosis": {
        "mean": 7.66375398636
    },
    "melbands_skewness": {
        "mean": 2.15994954109
    },
    "melbands_spread": {
        "mean": 24.5752506256
    },
    "pitch_salience": {
        "mean": 0.605067670345
    },
    "silence_rate_20dB": {
        "mean": 1
    },
    "silence_rate_30dB": {
        "mean": 1
    },
    "silence_rate_60dB": {
        "mean": 0.267964243889
    },
    "spectral_centroid": {
        "mean": 1345.42932129
    },
    "spectral_complexity": {
        "mean": 19.9801692963
    },
    "spectral_decrease": {
        "mean": -4.23998525179e-09
    },
    "spectral_energy": {
        "mean": 0.0175346620381
    },
    "spectral_energyband_high": {
        "mean": 0.000788534700405
    },
    "spectral_energyband_low": {
        "mean": 0.00544659420848
    },
    "spectral_energyband_middle_high": {
        "mean": 0.00452851969749
    },
    "spectral_energyband_middle_low": {
        "mean": 0.00768265267834
    },
    "spectral_entropy": {
        "mean": 7.51892852783
    },
    "spectral_flux": {
        "mean": 0.0598749928176
    },
    "spectral_kurtosis": {
        "mean": 5.59427928925
    },
    "spectral_rms": {
        "mean": 0.00352432555519
    },
    "spectral_rolloff": {
        "mean": 1660.14172363
    },
    "spectral_skewness": {
        "mean": 1.64470529556
    },
    "spectral_spread": {
        "mean": 3940917.5
    },
    "spectral_strongpeak": {
        "mean": 0.564893424511
    },
    "zerocrossingrate": {
        "mean": 0.0607896707952
    },
    "barkbands": {
        "mean": [4.53758111689e-05, 0.00224956963211, 0.00233174790628, 0.00152763538063, 0.00168082443997, 0.00117015431169, 0.00113873009104, 0.000840866647195, 0.00111891119741, 0.000635441450868, 0.000557092716917, 0.000442895136075, 0.000439352181274, 0.000381831399864, 0.000441035168478, 0.00044275255641, 0.000429596548202, 0.0003543800849, 0.000385547435144, 0.000255337596172, 0.000167040605447, 0.000166439946042, 0.000145312747918, 8.9961780759e-05, 6.39111676719e-05, 2.932350435e-05, 3.57346425517e-06]
    },
    "erbbands": {
        "mean": [0.042114533484, 0.599812865257, 2.44440197945, 4.28067207336, 5.2824139595, 5.27029085159, 8.60477352142, 9.37801170349, 13.2035694122, 19.1046009064, 21.1056861877, 22.8966751099, 24.2246303558, 19.9270038605, 20.9362545013, 17.8155479431, 20.1000499725, 20.5848121643, 20.6196365356, 24.4519729614, 24.4906330109, 25.0548477173, 20.0960865021, 19.0893135071, 17.9678058624, 11.9250001907, 8.09004592896, 6.02691364288, 6.02400016785, 5.20998382568, 3.93184280396, 2.33239388466, 1.27367174625, 0.772076427937, 0.421858042479, 0.171732902527, 0.0450668781996, 0.00722922477871, 0.000620305887423, 4.62417156086e-05]
    },
    "gfcc": {
        "mean": [-46.9583396912, 99.7807769775, -134.731552124, 18.2152118683, -61.5430679321, -3.5474562645, -38.9035987854, 3.55896854401, -23.7678222656, -1.50435960293, -17.6003360748, -5.54025268555, -10.896941185],
        "cov": [[12689.9863281, -2729.59106445, 1481.19067383, 1615.74133301, 794.010620117, 1559.73413086, -115.608161926, 968.895629883, -414.068267822, 210.035079956, -404.144500732, 179.932525635, -502.284759521], [-2729.59106445, 1768.31030273, -594.412963867, -33.6595954895, 161.508483887, -397.816467285, 294.896240234, -275.190643311, 201.636535645, -119.782287598, 127.886901855, -150.3646698, 179.137023926], [1481.19067383, -594.412963867, 717.368408203, 83.3627929688, 88.6907348633, 237.232818604, -167.293518066, 172.798477173, -136.179733276, 73.6489486694, -124.840614319, 35.6075820923, -112.128448486], [1615.74133301, -33.6595954895, 83.3627929688, 800.467590332, 281.995574951, 248.959091187, 188.894180298, 74.38306427, 77.1587371826, -8.95129776001, -13.0217418671, 2.76788139343, -32.4060935974], [794.010620117, 161.508483887, 88.6907348633, 281.995574951, 332.059204102, 137.169876099, 88.9574890137, 89.9092636108, 4.01744270325, 3.23413395882, -22.9128284454, -16.9035663605, -21.2676086426], [1559.73413086, -397.816467285, 237.232818604, 248.959091187, 137.169876099, 351.522369385, 52.7290000916, 136.031005859, -28.4059867859, 29.7267837524, -51.4141845703, 35.709197998, -74.121887207], [-115.608161926, 294.896240234, -167.293518066, 188.894180298, 88.9574890137, 52.7290000916, 247.250274658, -12.905008316, 89.610534668, -26.6517333984, 36.1661186218, -5.81400346756, 24.9721794128], [968.895629883, -275.190643311, 172.798477173, 74.38306427, 89.9092636108, 136.031005859, -12.905008316, 198.127227783, -44.0401191711, 22.0225124359, -34.853553772, -0.91183000803, -53.4835205078], [-414.068267822, 201.636535645, -136.179733276, 77.1587371826, 4.01744270325, -28.4059867859, 89.610534668, -44.0401191711, 172.098388672, 12.7851800919, 43.8753585815, 7.74343490601, 28.9699344635], [210.035079956, -119.782287598, 73.6489486694, -8.95129776001, 3.23413395882, 29.7267837524, -26.6517333984, 22.0225124359, 12.7851800919, 82.7331924438, 7.75265550613, 21.6106185913, -11.9765605927], [-404.144500732, 127.886901855, -124.840614319, -13.0217418671, -22.9128284454, -51.4141845703, 36.1661186218, -34.853553772, 43.8753585815, 7.75265550613, 111.259422302, 23.2896785736, 32.3668403625], [179.932525635, -150.3646698, 35.6075820923, 2.76788139343, -16.9035663605, 35.709197998, -5.81400346756, -0.91183000803, 7.74343490601, 21.6106185913, 23.2896785736, 99.2571716309, 12.1378517151], [-502.284759521, 179.137023926, -112.128448486, -32.4060935974, -21.2676086426, -74.121887207, 24.9721794128, -53.4835205078, 28.9699344635, -11.9765605927, 32.3668403625, 12.1378517151, 87.3899765015]],
        "icov": [[0.000346540444298, 4.21865370299e-05, 0.000230101752095, -0.000546915165614, -3.19401769957e-05, -0.000755699002184, 0.000462741416413, -0.000705354090314, 0.000523668248206, -0.000413125235355, 0.00046595587628, -0.00045932244393, 0.000446092191851], [4.21865370299e-05, 0.00293004419655, -0.000397209834773, 0.000877240789123, -0.00310895172879, 0.00229542469606, -0.00257109408267, 0.00235791737214, -0.00125630164985, 0.00160586182028, -0.00131016911473, 0.00328599102795, -0.00191457523033], [0.000230101752095, -0.000397209834773, 0.00358311133459, -0.000802434980869, 9.43549021031e-05, -0.00189669337124, 0.00254311063327, -0.00161222275347, 0.00149408797733, -0.00224581593648, 0.00250375084579, -0.00186817464419, 0.00166653783526], [-0.000546915165614, 0.000877240789123, -0.000802434980869, 0.00353533751331, -0.00230294442736, 0.000825715949759, -0.00239179306664, 0.00232831435278, -0.00221374258399, 0.00196311995387, -0.00139531888999, 0.00191602890845, -0.00115841126535], [-3.19401769957e-05, -0.00310895172879, 9.43549021031e-05, -0.00230294442736, 0.00837811920792, -0.00273569510318, 0.00156293192413, -0.00397238880396, 0.001873738016, -0.00220558303408, 0.00158146105241, -0.00232838187367, 0.00111149542499], [-0.000755699002184, 0.00229542469606, -0.00189669337124, 0.000825715949759, -0.00273569510318, 0.0104311173782, -0.00541164074093, 0.00142790470272, -0.00139476801269, 0.00132398074493, -0.000756829569582, 0.000953698530793, 0.000217404172872], [0.000462741416413, -0.00257109408267, 0.00254311063327, -0.00239179306664, 0.00156293192413, -0.00541164074093, 0.0111808981746, -0.00303974724375, -0.000636575859971, -0.000133801324409, 0.000963982369285, -0.00304568489082, 0.00129980116617], [-0.000705354090314, 0.00235791737214, -0.00161222275347, 0.00232831435278, -0.00397238880396, 0.00142790470272, -0.00303974724375, 0.0118092894554, -0.00138248503208, 0.00156282796524, -0.00257910788059, 0.0045699425973, -0.000759354792535], [0.000523668248206, -0.00125630164985, 0.00149408797733, -0.00221374258399, 0.001873738016, -0.00139476801269, -0.000636575859971, -0.00138248503208, 0.0105306096375, -0.00495650945231, 0.000656150456052, -0.00260361982509, 0.00123843923211], [-0.000413125235355, 0.00160586182028, -0.00224581593648, 0.00196311995387, -0.00220558303408, 0.00132398074493, -0.000133801324409, 0.00156282796524, -0.00495650945231, 0.0176951233298, -0.00415652850643, 0.000685301609337, -0.000726527476218], [0.00046595587628, -0.00131016911473, 0.00250375084579, -0.00139531888999, 0.00158146105241, -0.000756829569582, 0.000963982369285, -0.00257910788059, 0.000656150456052, -0.00415652850643, 0.0147882569581, -0.00579015072435, 0.000487838959089], [-0.00045932244393, 0.00328599102795, -0.00186817464419, 0.00191602890845, -0.00232838187367, 0.000953698530793, -0.00304568489082, 0.0045699425973, -0.00260361982509, 0.000685301609337, -0.00579015072435, 0.0178370513022, -0.00652881897986], [0.000446092191851, -0.00191457523033, 0.00166653783526, -0.00115841126535, 0.00111149542499, 0.000217404172872, 0.00129980116617, -0.000759354792535, 0.00123843923211, -0.000726527476218, 0.000487838959089, -0.00652881897986, 0.0194750241935]]
    },
    "melbands": {
        "mean": [0.000507487682626, 0.00112565269228, 0.000776556727942, 0.000360934878699, 0.000293179124128, 0.000219778361497, 0.00020570975903, 0.000204339943593, 0.000176474582986, 0.000145311438246, 0.000120290089399, 7.98526089056e-05, 7.43538694223e-05, 4.99182169733e-05, 4.64857293991e-05, 4.41454831162e-05, 3.66842396033e-05, 3.16599071084e-05, 3.4298569517e-05, 3.08930830215e-05, 2.75688307738e-05, 2.63428955805e-05, 2.10800535569e-05, 1.59090013767e-05, 1.51918466145e-05, 1.55800935318e-05, 9.90769876807e-06, 7.4521217357e-06, 5.32053036295e-06, 4.23776236858e-06, 3.16267392009e-06, 3.3971598441e-06, 3.19385344483e-06, 2.84316820398e-06, 2.38594543589e-06, 1.79438370651e-06, 1.27067141875e-06, 8.93681999514e-07, 7.58542626045e-07, 6.16643831108e-07]
    },
    "melbands128": {
        "mean": [4.0412585804e-05, 0.000240194567596, 0.000668934662826, 0.00107937806752, 0.00124800053891, 0.00112241285387, 0.000886864785571, 0.000728529994376, 0.000539842003491, 0.000303153065033, 0.000274672551313, 0.000297195278108, 0.000296858808724, 0.000304971559672, 0.000199228219572, 0.000171346735442, 0.000228704753681, 0.000183114476386, 0.000211548758671, 0.000246015726589, 0.000167597056134, 0.000190453472896, 0.000161508534802, 0.00019748104387, 0.000140800708323, 0.000119595293654, 0.000163991440786, 0.000106448307633, 0.000113448091724, 6.78177457303e-05, 7.48130769352e-05, 8.66238842718e-05, 8.01493006293e-05, 6.06847097515e-05, 5.49946271349e-05, 4.61290037492e-05, 4.03466983698e-05, 5.47304516658e-05, 4.20441501774e-05, 4.2630945245e-05, 4.5007076551e-05, 4.58457834611e-05, 3.89540182368e-05, 2.91252163152e-05, 3.28079149767e-05, 3.20645012835e-05, 3.03758133668e-05, 3.67732718587e-05, 3.35595577781e-05, 3.38863101206e-05, 2.96245034406e-05, 2.87881102849e-05, 3.12788179144e-05, 2.57696628978e-05, 2.26405027206e-05, 2.97392271023e-05, 2.56113908108e-05, 2.22717189899e-05, 1.98561319849e-05, 1.79004764504e-05, 1.52536922542e-05, 1.45344029079e-05, 1.54471345013e-05, 1.36591843329e-05, 1.79165508598e-05, 1.80245860975e-05, 1.24580883494e-05, 1.10220216811e-05, 9.20648108149e-06, 8.65640868142e-06, 7.03926252754e-06, 7.7294816947e-06, 5.99162240178e-06, 4.91247010359e-06, 4.327638635e-06, 4.25408643423e-06, 4.54111068393e-06, 3.26531562678e-06, 2.75458978649e-06, 3.26245185533e-06, 3.30399370796e-06, 3.38895711138e-06, 3.77920173378e-06, 3.06703714159e-06, 2.89834406431e-06, 2.79815390059e-06, 2.84226962322e-06, 2.89349372906e-06, 2.28357043852e-06, 2.18154423237e-06, 1.89323338873e-06, 1.72608724824e-06, 1.54025531174e-06, 1.28869635319e-06, 1.1206536783e-06, 9.10915559871e-07, 8.38222149468e-07, 8.71376130362e-07, 7.70895780988e-07, 7.11630093519e-07, 6.37124173863e-07, 6.0894166154e-07, 5.82749805744e-07, 5.23081723713e-07, 4.9815383818e-07, 4.14699968587e-07, 3.98144777591e-07, 3.4199882748e-07, 2.91648632356e-07, 2.47187585956e-07, 2.10929144373e-07, 1.74004938458e-07, 1.24208796137e-07, 1.04591102001e-07, 7.72164696627e-08, 6.49413962606e-08, 4.48348131954e-08, 3.71071209315e-08, 2.45244109465e-08, 1.81662933585e-08, 1.21124568153e-08, 8.287865505e-09, 5.96530158603e-09, 4.3375019132e-09, 3.15458192901e-09, 2.24717555675e-09, 1.2683972761e-09, 3.49172829539e-10]
    },
    "mfcc": {
        "mean": [-684.829589844, 133.878234863, -18.8224067688, 18.7767353058, -6.51719236374, -5.89761686325, -6.91200733185, -4.00078773499, -2.87440466881, -0.876947045326, -5.90872764587, -2.71869802475, -1.95941615105],
        "cov": [[11942.2998047, -2719.85229492, 895.644958496, 648.879760742, 1163.34411621, 766.432556152, 754.394470215, 844.036499023, 311.447723389, 386.244720459, 295.068969727, 73.5235824585, 16.9746189117], [-2719.85229492, 1481.61499023, -463.439880371, 25.9677639008, -213.502578735, -131.644058228, -79.7837905884, -185.353179932, 5.75597000122, -56.4239311218, -94.1072845459, 23.9734687805, -12.707159996], [895.644958496, -463.439880371, 503.335479736, -48.5703659058, 161.867156982, 41.1175270081, 33.7372322083, 30.5323696136, 17.6513843536, 2.18310666084, 24.3350391388, -15.6895418167, 6.68730449677], [648.879760742, 25.9677639008, -48.5703659058, 499.422271729, 129.458847046, 199.507354736, 86.3828582764, 117.483634949, 87.1172714233, 58.7090263367, 13.7014007568, 77.7563247681, 13.677526474], [1163.34411621, -213.502578735, 161.867156982, 129.458847046, 331.688110352, 79.6787719727, 117.727668762, 85.1134872437, 58.150592804, 49.0692176819, 41.0625343323, 10.0375738144, 11.4092540741], [766.432556152, -131.644058228, 41.1175270081, 199.507354736, 79.6787719727, 298.192749023, 69.5504455566, 125.255912781, 69.994178772, 51.5908241272, 35.5480041504, 53.4769973755, 13.155960083], [754.394470215, -79.7837905884, 33.7372322083, 86.3828582764, 117.727668762, 69.5504455566, 206.798995972, 102.824661255, 43.2942390442, 40.9248542786, 23.1597900391, 16.575006485, -8.19788169861], [844.036499023, -185.353179932, 30.5323696136, 117.483634949, 85.1134872437, 125.255912781, 102.824661255, 195.22984314, 59.9647636414, 55.893573761, 46.3546333313, 28.2250118256, 2.9278626442], [311.447723389, 5.75597000122, 17.6513843536, 87.1172714233, 58.150592804, 69.994178772, 43.2942390442, 59.9647636414, 114.670326233, 49.0531692505, 13.6826267242, 18.0313491821, 1.26057481766], [386.244720459, -56.4239311218, 2.18310666084, 58.7090263367, 49.0692176819, 51.5908241272, 40.9248542786, 55.893573761, 49.0531692505, 101.06427002, 35.4282684326, 22.3507461548, 5.2467956543], [295.068969727, -94.1072845459, 24.3350391388, 13.7014007568, 41.0625343323, 35.5480041504, 23.1597900391, 46.3546333313, 13.6826267242, 35.4282684326, 87.3741226196, 27.581401825, 11.4652462006], [73.5235824585, 23.9734687805, -15.6895418167, 77.7563247681, 10.0375738144, 53.4769973755, 16.575006485, 28.2250118256, 18.0313491821, 22.3507461548, 27.581401825, 87.1533126831, 24.6290225983], [16.9746189117, -12.707159996, 6.68730449677, 13.677526474, 11.4092540741, 13.155960083, -8.19788169861, 2.9278626442, 1.26057481766, 5.2467956543, 11.4652462006, 24.6290225983, 61.3996391296]],
        "icov": [[0.000268132338533, 0.000381231337087, 7.1235204814e-05, -2.93544471788e-05, -0.000464447482955, -0.000172487780219, -0.000339424179401, -0.000240043649683, -6.22603911324e-05, -0.000219435241888, 7.31741747586e-05, 3.10195755446e-05, 8.68640199769e-05], [0.000381231337087, 0.00176167208701, 0.0010769526707, -0.000163818782312, -0.000503456394654, -2.04527204914e-05, -0.000734814733732, 0.000803791801445, -0.00107909645885, 0.000132001194288, 0.000617710466031, -0.000600340310484, 0.000276230130112], [7.1235204814e-05, 0.0010769526707, 0.00342210615054, 0.00069196743425, -0.00156299525406, -0.000448727165349, -2.70952909887e-06, 0.000768163241446, -0.000995600945316, 0.00086813501548, 0.00024839368416, -0.000253583595622, 2.75120819424e-05], [-2.93544471788e-05, -0.000163818782312, 0.00069196743425, 0.00360476458445, -0.00125862297136, -0.00156281958334, 0.00017586859758, -0.000649916531984, -0.000684315280523, -0.000123092511785, 0.00147613650188, -0.00212534959428, 0.000320513121551], [-0.000464447482955, -0.000503456394654, -0.00156299525406, -0.00125862297136, 0.00614792760462, 0.000646177271847, -0.001607978018, 0.000748998194467, -0.000771782943048, -0.000138335264637, -0.00155436387286, 0.00138307583984, -0.00129332800861], [-0.000172487780219, -2.04527204914e-05, -0.000448727165349, -0.00156281958334, 0.000646177271847, 0.0060223354958, 0.000283672154183, -0.00197565671988, -0.00115514139179, 0.000119629658002, -0.000257129519014, -0.00136477092747, -0.000228963021073], [-0.000339424179401, -0.000734814733732, -2.70952909887e-06, 0.00017586859758, -0.001607978018, 0.000283672154183, 0.00818930380046, -0.0031435363926, 0.000219986992306, -0.000391750218114, 0.000629639835097, -0.000798108405434, 0.00161573057994], [-0.000240043649683, 0.000803791801445, 0.000768163241446, -0.000649916531984, 0.000748998194467, -0.00197565671988, -0.0031435363926, 0.011271186173, -0.00236958242022, -0.000575995945837, -0.00260531972162, 0.000200349037186, 0.000124782367493], [-6.22603911324e-05, -0.00107909645885, -0.000995600945316, -0.000684315280523, -0.000771782943048, -0.00115514139179, 0.000219986992306, -0.00236958242022, 0.0138042243198, -0.00494543137029, 0.00118217663839, 0.000224356947001, 0.000416495808167], [-0.000219435241888, 0.000132001194288, 0.00086813501548, -0.000123092511785, -0.000138335264637, 0.000119629658002, -0.000391750218114, -0.000575995945837, -0.00494543137029, 0.0153901102021, -0.00405436521396, -0.00100602558814, -5.68940631638e-05], [7.31741747586e-05, 0.000617710466031, 0.00024839368416, 0.00147613650188, -0.00155436387286, -0.000257129519014, 0.000629639835097, -0.00260531972162, 0.00118217663839, -0.00405436521396, 0.0166480038315, -0.00475385738537, -0.000575662706979], [3.10195755446e-05, -0.000600340310484, -0.000253583595622, -0.00212534959428, 0.00138307583984, -0.00136477092747, -0.000798108405434, 0.000200349037186, 0.000224356947001, -0.00100602558814, -0.00475385738537, 0.0175825878978, -0.00579623039812], [8.68640199769e-05, 0.000276230130112, 2.75120819424e-05, 0.000320513121551, -0.00129332800861, -0.000228963021073, 0.00161573057994, 0.000124782367493, 0.000416495808167, -5.68940631638e-05, -0.000575662706979, -0.00579623039812, 0.0191734880209]]
    },
    "spectral_contrast_coeffs": {
        "mean": [-0.674236536026, -0.764005064964, -0.789849340916, -0.80987995863, -0.792246520519, -0.765912473202]
    },
    "spectral_contrast_valleys": {
        "mean": [-7.50343513489, -6.7535533905, -7.41052436829, -7.68290615082, -7.92682218552, -10.9752426147]
    }
},
"rhythm": {
    "beats_count": 383,
    "beats_loudness": {
        "mean": 0.0221342835575
    },
    "bpm": 120.081451416,
    "bpm_histogram_first_peak_bpm": 120,
    "bpm_histogram_first_peak_weight": 0.356060624123,
    "bpm_histogram_second_peak_bpm": 136,
    "bpm_histogram_second_peak_spread": 0.428571403027,
    "bpm_histogram_second_peak_weight": 0.0314136110246,
    "danceability": 0.963321447372,
    "onset_rate": 2.10375809669,
    "beats_loudness_band_ratio": {
        "mean": [0.335673123598, 0.203876361251, 0.267437279224, 0.11909301579, 0.0807452872396, 0.049582246691]
    },
    "beats_position": [0.487619042397, 0.99845802784, 1.48607707024, 1.98530614376, 2.48453521729, 2.9837641716, 3.48299312592, 3.98222208023, 4.48145103455, 4.96907043457, 5.45668935776, 5.95591831207, 6.46675729752, 6.96598625183, 7.46521520615, 7.96444416046, 8.46367359161, 8.97451210022, 9.4853515625, 9.99619007111, 10.4954195023, 10.9830379486, 11.4822673798, 11.9814968109, 12.4691152573, 12.9567346573, 13.4675731659, 13.9784126282, 14.5008611679, 15.0929698944, 15.696688652, 16.2887973785, 16.8809070587, 17.4846248627, 17.995464325, 18.4946937561, 18.9939231873, 19.4931507111, 19.9923801422, 20.4916095734, 20.9908390045, 21.4900684357, 21.9892959595, 22.5117454529, 23.0225849152, 23.5450344086, 24.0442619324, 24.5551013947, 25.0659408569, 25.5767803192, 26.0876178741, 26.5984573364, 27.0744667053, 27.5620861053, 28.0497055054, 28.5605430603, 29.0713825226, 29.5706119537, 30.1046714783, 30.6387290955, 31.17278862, 31.6952381134, 32.2060775757, 32.7169151306, 33.2277526855, 33.7269821167, 34.2262115479, 34.725440979, 35.2246704102, 35.7238998413, 36.2231292725, 36.7223587036, 37.2215881348, 37.7324256897, 38.2316551208, 38.730884552, 39.2301139832, 39.7293434143, 40.2285690308, 40.7277984619, 41.2270278931, 41.7262573242, 42.2254867554, 42.7247161865, 43.2239456177, 43.7231750488, 44.22240448, 44.7216300964, 45.2208595276, 45.7200889587, 46.2193183899, 46.718547821, 47.229385376, 47.7402267456, 48.2510643005, 48.7502937317, 49.2379112244, 49.7255325317, 50.2131500244, 50.7123794556, 51.2232208252, 51.7224464417, 52.2216758728, 52.7325172424, 53.2317466736, 53.73097229, 54.2302017212, 54.7294311523, 55.2286605835, 55.7278900146, 56.2271194458, 56.726348877, 57.2371864319, 57.736415863, 58.2356452942, 58.7348747253, 59.2341041565, 59.7333335876, 60.2325630188, 60.7317886353, 61.2310180664, 61.7302474976, 62.2294769287, 62.7287063599, 63.227935791, 63.7271652222, 64.2263946533, 64.7372360229, 65.2364578247, 65.7356872559, 66.2233123779, 66.7225418091, 67.2217712402, 67.720993042, 68.2202224731, 68.7194519043, 69.2186813354, 69.7179107666, 70.2055282593, 70.7047576904, 71.1923828125, 71.7032165527, 72.2024459839, 72.6900634766, 73.1892929077, 73.6885223389, 74.18775177, 74.6985931396, 75.2094345093, 75.7202682495, 76.2311096191, 76.7303390503, 77.2411804199, 77.7404098511, 78.2396392822, 78.738861084, 79.2380905151, 79.7373199463, 80.2365493774, 80.7357788086, 81.2350082397, 81.7342376709, 82.2334671021, 82.7326965332, 83.2319259644, 83.7311553955, 84.2187728882, 84.7063903809, 85.2172317505, 85.7280731201, 86.2156906128, 86.7149200439, 87.2257614136, 87.7249908447, 88.235824585, 88.7350540161, 89.2342834473, 89.7335128784, 90.2327423096, 90.7435836792, 91.2428131104, 91.7420425415, 92.2296600342, 92.7288894653, 93.2281188965, 93.7273483276, 94.2265777588, 94.7257995605, 95.2250289917, 95.7358703613, 96.223487854, 96.7343292236, 97.2219467163, 97.7327880859, 98.2320175171, 98.7312469482, 99.2304763794, 99.7297058105, 100.217323303, 100.728164673, 101.227394104, 101.726615906, 102.237457275, 102.759910583, 103.282356262, 103.793197632, 104.280815125, 104.768432617, 105.25605011, 105.743675232, 106.231292725, 106.730522156, 107.229751587, 107.728981018, 108.22820282, 108.715827942, 109.226661682, 109.725891113, 110.225120544, 110.735961914, 111.235191345, 111.734420776, 112.233650208, 112.732879639, 113.23210907, 113.731338501, 114.230567932, 114.729797363, 115.229019165, 115.728248596, 116.227478027, 116.726707458, 117.237548828, 117.736778259, 118.23600769, 118.723625183, 119.211242676, 119.710472107, 120.209701538, 120.720542908, 121.231384277, 121.730613708, 122.22983551, 122.729064941, 123.228294373, 123.727523804, 124.215148926, 124.714370728, 125.213600159, 125.724441528, 126.235282898, 126.734512329, 127.23374176, 127.732971191, 128.232192993, 128.731430054, 129.230651855, 129.729888916, 130.217498779, 130.705123901, 131.239181519, 131.784851074, 132.33052063, 132.876190186, 133.421859741, 133.979141235, 134.548019409, 135.116912842, 135.685806274, 136.254684448, 136.74230957, 137.218322754, 137.705932617, 138.205169678, 138.704391479, 139.20362854, 139.71446228, 140.213699341, 140.701309204, 141.188934326, 141.688156128, 142.164169312, 142.651794434, 142.988479614, 143.325164795, 143.661849976, 143.998550415, 144.335235596, 144.671920776, 145.008621216, 145.333694458, 145.670379639, 146.018676758, 146.366973877, 146.726898193, 147.075195312, 147.423492432, 147.771789551, 148.12008667, 148.468383789, 148.828292847, 149.188201904, 149.548110962, 149.90802002, 150.372421265, 150.83682251, 151.301223755, 151.765625, 152.230026245, 152.682815552, 153.135604858, 153.599990845, 154.052780151, 154.505569458, 154.958358765, 155.399536133, 155.852325439, 156.247070312, 156.630203247, 157.013336182, 157.396453857, 157.779586792, 158.162719727, 158.545852661, 158.928970337, 159.32371521, 159.706848145, 160.089981079, 160.484710693, 160.891067505, 161.297409058, 161.703765869, 162.156555176, 162.609344482, 163.062133789, 163.561355591, 164.060592651, 164.571426392, 165.117095947, 165.662765503, 166.220046997, 166.765716553, 167.311386108, 167.857055664, 168.391113281, 168.925170898, 169.563720703, 170.202270508, 170.840820312, 171.479354858, 172.117904663, 172.756454468, 173.395004272, 174.045166016, 174.695327759, 175.345489502, 175.937591553, 176.518096924, 177.086975098, 177.65586853, 178.236373901, 178.805252075, 179.374145508, 179.94303894, 180.511917114, 181.092422485, 181.591659546, 182.079269409, 182.57850647, 183.066116333, 183.553741455, 184.052963257, 184.494140625, 184.935317993, 185.37651062, 185.817687988, 186.258865356, 186.700042725, 187.141220093, 187.582397461, 188.023574829, 188.464752197, 188.905944824],
    "bpm_histogram": [0, 0, 0, 0, 0, 0, 0, 0, 0, 0, 0, 0, 0, 0, 0, 0, 0, 0, 0, 0, 0, 0, 0, 0, 0, 0, 0, 0, 0, 0, 0, 0, 0, 0, 0, 0, 0, 0, 0, 0, 0, 0, 0, 0, 0, 0, 0, 0, 0, 0, 0, 0, 0, 0, 0, 0, 0, 0, 0, 0, 0, 0, 0, 0, 0, 0, 0, 0, 0, 0, 0, 0, 0, 0, 0, 0, 0, 0, 0, 0, 0, 0, 0, 0, 0, 0, 0, 0, 0, 0, 0, 0, 0.00785340275615, 0, 0.0183246079832, 0, 0, 0, 0, 0.00523560214788, 0, 0.0104712042958, 0, 0.00785340275615, 0, 0.0261780098081, 0, 0, 0.00523560214788, 0, 0.0235602091998, 0, 0.0157068055123, 0, 0, 0.0157068055123, 0, 0.138743460178, 0, 0, 0.445026189089, 0, 0, 0.107329845428, 0, 0, 0.00785340275615, 0, 0, 0.0157068055123, 0, 0, 0, 0.0235602091998, 0, 0, 0.0314136110246, 0, 0, 0, 0, 0, 0, 0, 0, 0, 0, 0, 0.00785340275615, 0, 0, 0, 0.00785340275615, 0, 0, 0, 0, 0.0235602091998, 0, 0, 0, 0, 0, 0, 0, 0, 0, 0.013089004904, 0, 0, 0, 0, 0.0183246079832, 0, 0, 0, 0, 0, 0.0209424085915, 0, 0, 0, 0, 0, 0, 0.00261780107394, 0, 0, 0, 0, 0, 0, 0, 0, 0, 0, 0, 0, 0, 0, 0, 0, 0, 0, 0, 0, 0, 0, 0, 0, 0, 0, 0, 0, 0, 0, 0, 0, 0, 0, 0, 0, 0, 0, 0, 0, 0, 0, 0, 0, 0, 0, 0, 0, 0, 0, 0, 0, 0, 0, 0, 0, 0, 0, 0, 0, 0, 0, 0, 0]
},
"tonal": {
    "chords_changes_rate": 0.0607099160552,
    "chords_number_rate": 0.00244798045605,
    "chords_strength": {
        "mean": 0.540866553783
    },
    "hpcp_crest": {
        "mean": 14.3267660141
    },
    "hpcp_entropy": {
        "mean": 2.02777600288
    },
    "key_edma": {
        "strength": 0.746197402477,
        "key": "E",
        "scale": "major"
    },
    "key_krumhansl": {
        "strength": 0.734428167343,
        "key": "E",
        "scale": "major"
    },
    "key_temperley": {
        "strength": 0.71346026659,
        "key": "E",
        "scale": "major"
    },
    "tuning_diatonic_strength": 0.548974096775,
    "tuning_equal_tempered_deviation": 0.0362064093351,
    "tuning_frequency": 441.527557373,
    "tuning_nontempered_energy_ratio": 0.697004914284,
    "hpcp": {
        "mean": [0.0553531348705, 0.0533626303077, 0.0894584655762, 0.12050589174, 0.116509504616, 0.236779019237, 0.325191915035, 0.188643619418, 0.0937116220593, 0.0849839970469, 0.0763967931271, 0.151626437902, 0.223407372832, 0.154916897416, 0.0831601321697, 0.0789155140519, 0.0809390023351, 0.163332641125, 0.216252863407, 0.147680908442, 0.175332054496, 0.236450046301, 0.156887918711, 0.0913393646479, 0.0859164372087, 0.0866033658385, 0.167120829225, 0.20316067338, 0.122543141246, 0.103416375816, 0.104423128068, 0.0785333961248, 0.219681337476, 0.308380633593, 0.165851145983, 0.0695051327348]
    },
    "chords_histogram": [9.42472457886, 22.6682987213, 17.2582626343, 2.69277834892, 3.08445525169, 1.78702569008, 0.88127297163, 0.073439411819, 3.84332919121, 0.171358630061, 0.0979192182422, 0.24479803443, 0.073439411819, 0, 0, 0, 0.122399017215, 2.00734400749, 1.86046516895, 0.293757647276, 0, 0.416156679392, 0.758873939514, 32.2399024963],
    "thpcp": [1, 0.580099344254, 0.288173288107, 0.261334896088, 0.234928324819, 0.466267555952, 0.687001645565, 0.476386070251, 0.255726307631, 0.242673665285, 0.248896107078, 0.502265393734, 0.665000736713, 0.454134613276, 0.539164841175, 0.727109253407, 0.482447177172, 0.280878335238, 0.264202266932, 0.26631462574, 0.513914465904, 0.624740839005, 0.376833289862, 0.318016439676, 0.321112304926, 0.241498619318, 0.675543665886, 0.948303520679, 0.510010063648, 0.213735729456, 0.170216828585, 0.164095804095, 0.275094360113, 0.370568543673, 0.35827922821, 0.728120863438],
    "chords_key": "C#",
    "chords_scale": "minor"
}
}