{
"metadata": {
    "version": {
        "essentia": "2.1-beta6-dev",
        "essentia_git_sha": "v2.1_beta5-1177-g1d1cc983",
        "extractor": "music 2.0"
    },
    "audio_properties": {
        "analysis": {
            "equal_loudness": 0,
            "length": 163.5,
            "sample_rate": 44100,
            "start_time": 0,
            "downmix": "mix"
        },
        "bit_rate": 1411200,
        "length": 163.5,
        "lossless": 1,
        "number_channels": 2,
        "replay_gain": -15.1889743805,
        "sample_rate": 44100,
        "codec": "pcm_s16le",
        "md5_encoded": "a109ba74beb15272c56b68bbacce4a85"
    },
    "tags": {
        "file_name": "02 - All Get Out - Home.wav",
        "album": ["Nobody Likes A Quitter"],
        "albumartist": ["All Get Out"],
        "artist": ["All Get Out"],
        "composer": ["Nathan Hussey"],
        "copyright": ["2016 Bad Timing Records and Many Hats Distribution 2016 Bad Timing Records and Many Hats Distribution"],
        "date": ["2016"],
        "discnumber": ["1"],
        "disctotal": ["1"],
        "genre": ["Alternative & Indie"],
        "isrc": ["QM87M1604202"],
        "title": ["Home"],
        "tracknumber": ["2"],
        "tracktotal": ["10"]
    }
},
"lowlevel": {
    "average_loudness": 0.968964934349,
    "barkbands_crest": {
        "mean": 8.82448482513
    },
    "barkbands_flatness_db": {
        "mean": 0.0992721170187
    },
    "barkbands_kurtosis": {
        "mean": 1.36177444458
    },
    "barkbands_skewness": {
        "mean": 1.17362761497
    },
    "barkbands_spread": {
        "mean": 30.6622161865
    },
    "dissonance": {
        "mean": 0.478506624699
    },
    "dynamic_complexity": 2.84292244911,
    "erbbands_crest": {
        "mean": 7.20585536957
    },
    "erbbands_flatness_db": {
        "mean": 0.133146688342
    },
    "erbbands_kurtosis": {
        "mean": 0.15364921093
    },
    "erbbands_skewness": {
        "mean": -0.22596244514
    },
    "erbbands_spread": {
        "mean": 40.7579231262
    },
    "hfc": {
        "mean": 26.3199062347
    },
    "loudness_ebu128": {
        "integrated": -6.89660263062,
        "loudness_range": 3.5895857811,
        "momentary": {
            "mean": -7.99783372879
        },
        "short_term": {
            "mean": -7.11844062805
        }
    },
    "melbands_crest": {
        "mean": 14.4852523804
    },
    "melbands_flatness_db": {
        "mean": 0.162337586284
    },
    "melbands_kurtosis": {
        "mean": 11.9453954697
    },
    "melbands_skewness": {
        "mean": 2.59899449348
    },
    "melbands_spread": {
        "mean": 30.9563903809
    },
    "pitch_salience": {
        "mean": 0.550901293755
    },
    "silence_rate_20dB": {
        "mean": 1
    },
    "silence_rate_30dB": {
        "mean": 0.999858021736
    },
    "silence_rate_60dB": {
        "mean": 0.0519664920866
    },
    "spectral_centroid": {
        "mean": 1764.921875
    },
    "spectral_complexity": {
        "mean": 29.2792835236
    },
    "spectral_decrease": {
        "mean": -8.32692936825e-09
    },
    "spectral_energy": {
        "mean": 0.0338149853051
    },
    "spectral_energyband_high": {
        "mean": 0.000924324442167
    },
    "spectral_energyband_low": {
        "mean": 0.0151612358168
    },
    "spectral_energyband_middle_high": {
        "mean": 0.00817325897515
    },
    "spectral_energyband_middle_low": {
        "mean": 0.0115358857438
    },
    "spectral_entropy": {
        "mean": 7.86620807648
    },
    "spectral_flux": {
        "mean": 0.0930564403534
    },
    "spectral_kurtosis": {
        "mean": 3.7310359478
    },
    "spectral_rms": {
        "mean": 0.00542825367302
    },
    "spectral_rolloff": {
        "mean": 1955.53894043
    },
    "spectral_skewness": {
        "mean": 1.33146512508
    },
    "spectral_spread": {
        "mean": 4400660.5
    },
    "spectral_strongpeak": {
        "mean": 0.718045711517
    },
    "zerocrossingrate": {
        "mean": 0.0693553462625
    },
    "barkbands": {
        "mean": [0.000172990519786, 0.00824721716344, 0.00492572737858, 0.00295483018272, 0.0031778998673, 0.00133343576454, 0.000885023095179, 0.00103085744195, 0.00188368349336, 0.00134938943665, 0.000838789215777, 0.000794972875156, 0.000600508821663, 0.000676618365105, 0.000590495066717, 0.000977980904281, 0.000781133130658, 0.000697763578501, 0.00075094710337, 0.000352211267455, 0.000266101764282, 0.000175872381078, 0.000132901084726, 0.000135332767968, 5.56879094802e-05, 2.20009642362e-05, 4.65165794594e-06]
    },
    "erbbands": {
        "mean": [0.152554184198, 2.12966370583, 5.96468114853, 8.55310821533, 9.58938407898, 10.1868772507, 10.7839155197, 11.5379886627, 12.7427272797, 16.3984050751, 25.9757614136, 44.2223396301, 41.4471321106, 36.4193229675, 35.3599624634, 28.6387519836, 28.700428009, 31.8812103271, 32.8731079102, 35.2620048523, 56.8567008972, 47.9538574219, 39.5636177063, 35.0566596985, 35.4445266724, 16.5734996796, 12.3003921509, 8.93132209778, 6.26545715332, 4.96030855179, 3.67220115662, 3.1299302578, 2.00219345093, 0.887097895145, 0.262470722198, 0.10326462239, 0.0400884114206, 0.00738262897357, 0.00081834604498, 7.35609937692e-05]
    },
    "gfcc": {
        "mean": [30.0724487305, 77.9102554321, -122.86895752, 43.1155509949, -48.4525489807, 15.6684122086, -33.6106185913, 11.655456543, -23.0984516144, -4.96264839172, -16.9220428467, -1.67466676235, -10.3630685806],
        "cov": [[14169.2783203, 924.89666748, -1188.96472168, -169.651504517, -112.33506012, 452.742950439, -61.9891204834, 453.750091553, -88.5225906372, 120.702217102, -170.51852417, 17.3959255219, -160.2396698], [924.89666748, 484.346923828, -90.9356079102, -13.0704841614, 63.5307350159, 28.7435283661, 60.1521034241, 51.7728843689, 56.0656013489, 17.2427139282, 33.9637031555, -31.8967399597, 21.9632720947], [-1188.96472168, -90.9356079102, 670.44744873, 109.24407196, 198.612731934, 96.2533798218, 93.4390106201, 6.16776514053, 48.5387992859, 88.3467483521, -5.65810155869, 32.1327133179, 19.525302887], [-169.651504517, -13.0704841614, 109.24407196, 265.668640137, 6.7051243782, 32.0527191162, -23.7998008728, 2.16357398033, 7.47584295273, 6.35506010056, 36.1675720215, 9.80712127686, 34.1068878174], [-112.33506012, 63.5307350159, 198.612731934, 6.7051243782, 313.827026367, 90.5927505493, 86.4895629883, 52.0673103333, 35.2000350952, 39.3093261719, 31.1949291229, 37.9236488342, 12.0738801956], [452.742950439, 28.7435283661, 96.2533798218, 32.0527191162, 90.5927505493, 212.402267456, 101.708129883, 60.8358459473, 14.5587434769, 39.1110649109, 9.04665565491, 10.4790344238, 10.6868801117], [-61.9891204834, 60.1521034241, 93.4390106201, -23.7998008728, 86.4895629883, 101.708129883, 145.688446045, 71.7420196533, 34.4425506592, 25.9534740448, 2.77307033539, 5.64854669571, 7.89279603958], [453.750091553, 51.7728843689, 6.16776514053, 2.16357398033, 52.0673103333, 60.8358459473, 71.7420196533, 143.171676636, 55.9012832642, 18.7647094727, 13.6256885529, -10.1462221146, 4.38850784302], [-88.5225906372, 56.0656013489, 48.5387992859, 7.47584295273, 35.2000350952, 14.5587434769, 34.4425506592, 55.9012832642, 83.967086792, 38.9861869812, 15.1182126999, -6.01109981537, 8.72037410736], [120.702217102, 17.2427139282, 88.3467483521, 6.35506010056, 39.3093261719, 39.1110649109, 25.9534740448, 18.7647094727, 38.9861869812, 81.4251251221, 20.5023899078, 16.2105941772, -2.17507219315], [-170.51852417, 33.9637031555, -5.65810155869, 36.1675720215, 31.1949291229, 9.04665565491, 2.77307033539, 13.6256885529, 15.1182126999, 20.5023899078, 86.7630844116, 19.4848823547, 18.1172618866], [17.3959255219, -31.8967399597, 32.1327133179, 9.80712127686, 37.9236488342, 10.4790344238, 5.64854669571, -10.1462221146, -6.01109981537, 16.2105941772, 19.4848823547, 73.9034423828, 23.9303684235], [-160.2396698, 21.9632720947, 19.525302887, 34.1068878174, 12.0738801956, 10.6868801117, 7.89279603958, 4.38850784302, 8.72037410736, -2.17507219315, 18.1172618866, 23.9303684235, 59.493522644]],
        "icov": [[0.000266954564722, -0.000675022311043, 0.000412092515035, -4.8448167945e-05, 7.2295551945e-05, -0.000777695153374, 0.00122018624097, -0.00146472081542, 0.00121893908363, -0.00107943627518, 0.00118682882749, -0.000964870268945, 0.000740488292649], [-0.000675022311043, 0.00456988345832, -8.69210416568e-05, -1.72718300746e-05, -0.00109557411633, 0.00224499497563, -0.00443080160767, 0.00434473017231, -0.00427476549521, 0.00190576491877, -0.00351547123864, 0.00463805161417, -0.00347912125289], [0.000412092515035, -8.69210416568e-05, 0.00357244024053, -0.00146897905506, -0.00156931066886, -0.000758391455747, -5.01072827319e-05, -0.00076538376743, 0.00123409356456, -0.00435596471652, 0.00335624231957, -0.000574564561248, 0.000198444788111], [-4.8448167945e-05, -1.72718300746e-05, -0.00146897905506, 0.00532188639045, 0.000719509727787, -0.00155640626326, 0.00266956118867, -0.000465950899525, -0.000536774343345, 0.00163324805908, -0.00245372648351, 0.000471917010145, -0.00218342011794], [7.2295551945e-05, -0.00109557411633, -0.00156931066886, 0.000719509727787, 0.00535799795762, -0.00135136081371, -9.5300070825e-05, -0.00134930992499, -0.000171093808603, 0.00125884031877, -0.00132175942417, -0.0031316857785, 0.00170255184639], [-0.000777695153374, 0.00224499497563, -0.000758391455747, -0.00155640626326, -0.00135136081371, 0.0111057218164, -0.00909036397934, 0.00260504498146, 0.000596416357439, -0.00128536054399, -0.0025746228639, 0.00398313673213, -0.00344164879061], [0.00122018624097, -0.00443080160767, -5.01072827319e-05, 0.00266956118867, -9.5300070825e-05, -0.00909036397934, 0.0211422070861, -0.0112589672208, 0.00404999405146, -0.00289595848881, 0.00576465204358, -0.00588145712391, 0.0029968242161], [-0.00146472081542, 0.00434473017231, -0.00076538376743, -0.000465950899525, -0.00134930992499, 0.00260504498146, -0.0112589672208, 0.0211397223175, -0.0147068668157, 0.00765093090013, -0.0072533399798, 0.00683827139437, -0.00339685496874], [0.00121893908363, -0.00427476549521, 0.00123409356456, -0.000536774343345, -0.000171093808603, 0.000596416357439, 0.00404999405146, -0.0147068668157, 0.0301870536059, -0.0161828491837, 0.00539390556514, 0.000137944705784, -0.00147538539022], [-0.00107943627518, 0.00190576491877, -0.00435596471652, 0.00163324805908, 0.00125884031877, -0.00128536054399, -0.00289595848881, 0.00765093090013, -0.0161828491837, 0.0279817841947, -0.00927144661546, -0.0027427172754, 0.00399925885722], [0.00118682882749, -0.00351547123864, 0.00335624231957, -0.00245372648351, -0.00132175942417, -0.0025746228639, 0.00576465204358, -0.0072533399798, 0.00539390556514, -0.00927144661546, 0.0207867883146, -0.00647581368685, 0.000445715617388], [-0.000964870268945, 0.00463805161417, -0.000574564561248, 0.000471917010145, -0.0031316857785, 0.00398313673213, -0.00588145712391, 0.00683827139437, 0.000137944705784, -0.0027427172754, -0.00647581368685, 0.0246708355844, -0.0122689902782], [0.000740488292649, -0.00347912125289, 0.000198444788111, -0.00218342011794, 0.00170255184639, -0.00344164879061, 0.0029968242161, -0.00339685496874, -0.00147538539022, 0.00399925885722, 0.000445715617388, -0.0122689902782, 0.0265614166856]]
    },
    "melbands": {
        "mean": [0.00186354317702, 0.00306706526317, 0.00147545104846, 0.000732975022402, 0.000387453619624, 0.000258288724581, 0.000188592544873, 0.000191250161151, 0.000227741387789, 0.00028155389009, 0.000209799458389, 0.000157115791808, 0.000108833512058, 9.47836088017e-05, 6.70068984618e-05, 6.3491963374e-05, 5.94053854002e-05, 5.4208914662e-05, 4.61680683657e-05, 5.47602758161e-05, 6.70354856993e-05, 4.96420107083e-05, 4.19334646722e-05, 2.95950158034e-05, 2.78008556052e-05, 3.0048255212e-05, 1.88058438653e-05, 8.89027796802e-06, 7.66672746977e-06, 6.33213630863e-06, 4.80195058117e-06, 3.58546185453e-06, 3.13964869747e-06, 2.60072124547e-06, 2.12462509808e-06, 2.00458748623e-06, 1.85382555173e-06, 1.44155603721e-06, 1.10946598397e-06, 6.2935276901e-07]
    },
    "melbands128": {
        "mean": [0.000160944400704, 0.000864540459588, 0.00247250939719, 0.00395785551518, 0.00344924698584, 0.0022185954731, 0.0018384513678, 0.00127513008192, 0.000883116212208, 0.000860615109559, 0.000491523998789, 0.000434466521256, 0.000387893203879, 0.000279241212411, 0.000273977435427, 0.000225421696086, 0.000229355791816, 0.000171596489963, 0.000160673866048, 0.00016274562222, 0.000242380425334, 0.000179692782694, 0.0002292432182, 0.000275265221717, 0.000278854509816, 0.000344271044014, 0.000131257300382, 0.000174588800292, 0.000327353744069, 0.000140524061862, 0.00013299449347, 0.000105085986434, 7.48311285861e-05, 0.000148934253957, 0.000121890931041, 6.85781633365e-05, 5.73336728849e-05, 9.30969108595e-05, 4.36856680608e-05, 6.46114494884e-05, 7.41644253139e-05, 5.01220129081e-05, 5.66503695154e-05, 6.0537342506e-05, 7.54692737246e-05, 4.59309012513e-05, 4.10348111473e-05, 5.18591950822e-05, 4.86061508127e-05, 3.3214182622e-05, 6.16177421762e-05, 6.14110540482e-05, 8.6493557319e-05, 6.1690036091e-05, 4.24947065767e-05, 5.68322939216e-05, 4.58046633867e-05, 3.95697206841e-05, 4.59193397546e-05, 3.64632687706e-05, 2.47149982897e-05, 2.85003679892e-05, 2.66701972578e-05, 2.5811690648e-05, 3.28461937897e-05, 3.18254096783e-05, 2.84862617264e-05, 2.23376100621e-05, 1.73453427124e-05, 1.28442879941e-05, 8.42236204335e-06, 7.31753470973e-06, 6.5075269049e-06, 8.21427875053e-06, 8.61346961756e-06, 5.9884005168e-06, 5.7226534409e-06, 5.4981037465e-06, 4.41665815742e-06, 4.63109154225e-06, 3.49920924236e-06, 3.32052900376e-06, 3.24442999045e-06, 3.15514648719e-06, 3.16305477099e-06, 2.42206124312e-06, 2.68252324531e-06, 2.35405309468e-06, 2.09602535506e-06, 1.93736627807e-06, 1.84599400654e-06, 2.19791240852e-06, 1.97041322281e-06, 2.0614627374e-06, 1.57262559242e-06, 1.43530576224e-06, 1.42818169024e-06, 1.44457749229e-06, 1.15403406653e-06, 9.5078587492e-07, 7.55446933454e-07, 5.80103233006e-07, 4.82253426526e-07, 3.40391522968e-07, 2.59496800936e-07, 2.16890725824e-07, 1.8395373047e-07, 1.96122286411e-07, 1.66180171846e-07, 1.52346530058e-07, 1.71074248101e-07, 2.11726870702e-07, 1.01727877677e-07, 8.15993956849e-08, 7.91778518305e-08, 6.27244176599e-08, 5.12981834788e-08, 4.16615826282e-08, 3.31087299799e-08, 2.60355133008e-08, 1.86431776683e-08, 1.30131789788e-08, 8.44853165205e-09, 6.25520479858e-09, 4.85122786387e-09, 3.47210260543e-09, 2.47591835922e-09, 7.57637896864e-10]
    },
    "mfcc": {
        "mean": [-604.075561523, 102.890647888, -9.56544494629, 27.7359771729, 9.57619857788, 5.75948095322, 4.3519616127, 10.7194108963, 2.39445662498, 2.16684222221, -4.94406890869, -1.64018166065, -1.73438763618],
        "cov": [[8886.09960938, 1000.57580566, -170.252914429, -4.64332485199, 140.641098022, 56.2464179993, 169.399749756, 159.918304443, 153.176040649, 144.567672729, 38.4795722961, 13.178940773, 22.9259967804], [1000.57580566, 569.300964355, -72.2722625732, -4.53652715683, 55.8157577515, 27.7724990845, 57.6734848022, 31.2383308411, 69.335647583, 62.9965133667, 33.7784996033, 22.9457740784, 25.3851127625], [-170.252914429, -72.2722625732, 353.217803955, 83.0775604248, 39.2258529663, 91.8882675171, 31.2617511749, -5.43356704712, 52.2183914185, 37.7418212891, 17.5278282166, 29.248500824, 15.0093517303], [-4.64332485199, -4.53652715683, 83.0775604248, 188.67237854, 68.6352386475, 6.81493854523, -13.3051109314, -5.16154336929, -4.92146730423, -8.1443271637, -9.09228229523, 13.9117717743, 17.8708019257], [140.641098022, 55.8157577515, 39.2258529663, 68.6352386475, 189.122467041, 54.8212432861, 63.2276802063, 27.0113449097, 27.1990680695, 27.2297019958, 17.6199836731, 27.443189621, 27.0618171692], [56.2464179993, 27.7724990845, 91.8882675171, 6.81493854523, 54.8212432861, 163.36618042, 70.9554977417, 17.8471088409, 36.4876785278, 11.573184967, 10.2260818481, 17.1735839844, 21.465511322], [169.399749756, 57.6734848022, 31.2617511749, -13.3051109314, 63.2276802063, 70.9554977417, 144.724227905, 68.8913955688, 45.8099403381, 39.9001426697, 29.2209777832, 22.5478839874, 13.3098955154], [159.918304443, 31.2383308411, -5.43356704712, -5.16154336929, 27.0113449097, 17.8471088409, 68.8913955688, 98.0556030273, 52.238697052, 31.4880256653, 11.9168224335, 12.7291650772, 7.04991817474], [153.176040649, 69.335647583, 52.2183914185, -4.92146730423, 27.1990680695, 36.4876785278, 45.8099403381, 52.238697052, 113.8985672, 61.6033096313, 26.0578784943, 15.8399057388, 16.3783321381], [144.567672729, 62.9965133667, 37.7418212891, -8.1443271637, 27.2297019958, 11.573184967, 39.9001426697, 31.4880256653, 61.6033096313, 98.42628479, 46.0471801758, 23.2651481628, 4.94027757645], [38.4795722961, 33.7784996033, 17.5278282166, -9.09228229523, 17.6199836731, 10.2260818481, 29.2209777832, 11.9168224335, 26.0578784943, 46.0471801758, 68.7563476562, 30.62018013, 9.43273162842], [13.178940773, 22.9457740784, 29.248500824, 13.9117717743, 27.443189621, 17.1735839844, 22.5478839874, 12.7291650772, 15.8399057388, 23.2651481628, 30.62018013, 62.1356277466, 35.6839790344], [22.9259967804, 25.3851127625, 15.0093517303, 17.8708019257, 27.0618171692, 21.465511322, 13.3098955154, 7.04991817474, 16.3783321381, 4.94027757645, 9.43273162842, 35.6839790344, 65.8061294556]],
        "icov": [[0.000143746336107, -0.000243346716161, 1.62758478837e-05, -1.20594413602e-05, -2.15679920075e-05, -9.58539567364e-06, -3.11041617351e-06, -0.000165187288076, 4.80747839902e-05, -8.40850261739e-05, 7.24454002921e-05, 7.54931315896e-05, 1.67039706866e-05], [-0.000243346716161, 0.00262010470033, 0.000992803950794, -0.000351211900124, -0.000139785479405, -0.000272055680398, -0.000629485584795, 0.00118798844051, -0.0013665339211, -0.000804693379905, -7.44679491618e-05, -0.000304141169181, -0.000334610260325], [1.62758478837e-05, 0.000992803950794, 0.00479388283566, -0.00233223824762, 0.000734321540222, -0.00230208365247, -0.000769303704146, 0.00238406308927, -0.00238030450419, -0.00149471370969, 0.000565124093555, -0.00172100937925, 0.00105730374344], [-1.20594413602e-05, -0.000351211900124, -0.00233223824762, 0.00787258986384, -0.00333992065862, 0.00110856932588, 0.00227555795573, -0.00145107810386, 0.00125728454441, 0.00105115468614, 0.000972520268988, -0.000500357476994, -0.00101913325489], [-2.15679920075e-05, -0.000139785479405, 0.000734321540222, -0.00333992065862, 0.00817659590393, -0.00145488115959, -0.00299055851065, 0.000641940569039, 2.04609896173e-05, -0.00135670101736, 0.000105847655504, -0.000730153347831, -0.00107335532084], [-9.58539567364e-06, -0.000272055680398, -0.00230208365247, 0.00110856932588, -0.00145488115959, 0.0101511953399, -0.0047318469733, 0.00218757917173, -0.002112490125, 0.00272456463426, 0.000459715229226, 0.000204949566978, -0.00151374773122], [-3.11041617351e-06, -0.000629485584795, -0.000769303704146, 0.00227555795573, -0.00299055851065, -0.0047318469733, 0.0159758478403, -0.00983580574393, 0.00245062704198, -0.00122384727001, -0.00299213826656, 9.17433062568e-05, 0.000258289423073], [-0.000165187288076, 0.00118798844051, 0.00238406308927, -0.00145107810386, 0.000641940569039, 0.00218757917173, -0.00983580574393, 0.0210400689393, -0.00863750372082, -0.000238668799284, 0.00334699079394, -0.00309063657187, 0.00157118623611], [4.80747839902e-05, -0.0013665339211, -0.00238030450419, 0.00125728454441, 2.04609896173e-05, -0.002112490125, 0.00245062704198, -0.00863750372082, 0.0192288570106, -0.00870952289551, -0.00038006764953, 0.00381952361204, -0.00432643899694], [-8.40850261739e-05, -0.000804693379905, -0.00149471370969, 0.00105115468614, -0.00135670101736, 0.00272456463426, -0.00122384727001, -0.000238668799284, -0.00870952289551, 0.0224516745657, -0.00974699761719, -0.00222715479322, 0.00342447846197], [7.24454002921e-05, -7.44679491618e-05, 0.000565124093555, 0.000972520268988, 0.000105847655504, 0.000459715229226, -0.00299213826656, 0.00334699079394, -0.00038006764953, -0.00974699761719, 0.0263311509043, -0.011020546779, 0.00269160675816], [7.54931315896e-05, -0.000304141169181, -0.00172100937925, -0.000500357476994, -0.000730153347831, 0.000204949566978, 9.17433062568e-05, -0.00309063657187, 0.00381952361204, -0.00222715479322, -0.011020546779, 0.0321565084159, -0.0154754957184], [1.67039706866e-05, -0.000334610260325, 0.00105730374344, -0.00101913325489, -0.00107335532084, -0.00151374773122, 0.000258289423073, 0.00157118623611, -0.00432643899694, 0.00342447846197, 0.00269160675816, -0.0154754957184, 0.0248952526599]]
    },
    "spectral_contrast_coeffs": {
        "mean": [-0.715989410877, -0.772730350494, -0.770426332951, -0.795517265797, -0.790307462215, -0.762565672398]
    },
    "spectral_contrast_valleys": {
        "mean": [-6.47973060608, -6.69779729843, -7.02636432648, -7.05352687836, -6.92592000961, -9.71608066559]
    }
},
"rhythm": {
    "beats_count": 280,
    "beats_loudness": {
        "mean": 0.0382070317864
    },
    "bpm": 92.0158996582,
    "bpm_histogram_first_peak_bpm": 92,
    "bpm_histogram_first_peak_weight": 0.0387097597122,
    "bpm_histogram_second_peak_bpm": 123,
    "bpm_histogram_second_peak_spread": 0.25,
    "bpm_histogram_second_peak_weight": 0.301075279713,
    "danceability": 1.07532727718,
    "onset_rate": 3.29633522034,
    "beats_loudness_band_ratio": {
        "mean": [0.47470086813, 0.148236766458, 0.1197200194, 0.114958353341, 0.123917676508, 0.064899712801]
    },
    "beats_position": [0.476009070873, 0.975238084793, 1.46285712719, 1.95047616959, 2.43809509277, 2.92571425438, 3.41333317757, 3.9125623703, 4.41179132462, 4.8994102478, 5.38702917099, 5.87464857101, 6.3622674942, 6.84988641739, 7.3491153717, 7.83673477173, 8.33596324921, 8.82358264923, 9.31120204926, 9.79882049561, 10.2864398956, 10.774058342, 11.261677742, 11.749297142, 12.2369155884, 12.7245349884, 13.2121543884, 13.6997728348, 14.1873922348, 14.6750106812, 15.1626300812, 15.6502494812, 16.1378688812, 16.6254863739, 17.1131057739, 17.600725174, 18.088344574, 18.5875740051, 19.0868015289, 19.574420929, 20.062040329, 20.549659729, 21.037279129, 21.548116684, 22.0705661774, 22.5930156708, 23.1270751953, 23.6379127502, 24.1255321503, 24.6131515503, 25.1007709503, 25.6000003815, 26.0876178741, 26.5868473053, 27.0744667053, 27.5620861053, 28.0497055054, 28.537322998, 29.0249423981, 29.5125617981, 30.0001811981, 30.4878005981, 30.9754180908, 31.4630374908, 31.9738769531, 32.4963264465, 33.0303840637, 33.5644454956, 34.0636711121, 34.5629005432, 35.0621299744, 35.5497512817, 36.0373687744, 36.5249862671, 37.0242156982, 37.5118370056, 37.9994544983, 38.4870758057, 38.9746932983, 39.4507026672, 39.9383201599, 40.4375495911, 40.9251708984, 41.4243965149, 41.9120178223, 42.3996353149, 42.8872566223, 43.374874115, 43.8624954224, 44.350112915, 44.8377304077, 45.3369598389, 45.8245811462, 46.3238105774, 46.8114280701, 47.2990455627, 47.7866668701, 48.2742843628, 48.7619056702, 49.4120635986, 50.0622215271, 50.7123794556, 51.362537384, 52.0126991272, 52.6628570557, 53.3130149841, 53.9631729126, 54.6133308411, 55.2634925842, 55.9136505127, 56.5870285034, 57.2371864319, 57.8873443604, 58.5375061035, 59.187664032, 59.8378219604, 60.4879798889, 61.1381378174, 61.7882995605, 62.438457489, 63.0886154175, 63.7503852844, 64.4121551514, 65.0623092651, 65.7124710083, 66.3626327515, 67.0127868652, 67.6629486084, 68.3131027222, 68.9632644653, 69.6250305176, 70.2868041992, 70.936958313, 71.5871200562, 72.2372741699, 72.8874359131, 73.5375976562, 74.18775177, 74.8379135132, 75.488067627, 76.1382293701, 76.7999954224, 77.461769104, 78.1119232178, 78.7620849609, 79.4122467041, 80.0624008179, 80.712562561, 81.3627166748, 82.012878418, 82.6514282227, 83.3015823364, 83.9633560181, 84.6135101318, 85.2752838135, 85.9370498657, 86.5872116089, 87.2373657227, 87.8875274658, 88.537689209, 89.1878433228, 89.8380050659, 90.4997711182, 91.1615371704, 91.8116989136, 92.4618606567, 93.1120147705, 93.7621765137, 94.4123306274, 95.0624923706, 95.7126541138, 96.3628082275, 97.0129699707, 97.6631240845, 98.3132858276, 98.9634475708, 99.6136016846, 100.263763428, 100.92552948, 101.575691223, 102.237457275, 102.887619019, 103.537773132, 104.187934875, 104.838096619, 105.488250732, 106.138412476, 106.788566589, 107.438728333, 108.088890076, 108.762268066, 109.41242218, 110.062583923, 110.712738037, 111.36289978, 112.013061523, 112.651611328, 113.31337738, 113.963539124, 114.613693237, 115.27545929, 115.937232971, 116.587387085, 117.249160767, 117.887710571, 118.537864685, 119.188026428, 119.838180542, 120.488342285, 121.138504028, 121.800270081, 122.450431824, 123.100585938, 123.762359619, 124.412513733, 125.062675476, 125.71282959, 126.362991333, 127.013153076, 127.66330719, 128.313461304, 128.963623047, 129.61378479, 130.263946533, 130.914108276, 131.575866699, 132.237640381, 132.887802124, 133.537963867, 134.188110352, 134.838272095, 135.488433838, 136.138595581, 136.788757324, 137.450515747, 138.089065552, 138.739227295, 139.389389038, 140.051147461, 140.712921143, 141.363082886, 142.013244629, 142.663391113, 143.313552856, 143.9637146, 144.613876343, 145.264038086, 145.914199829, 146.575958252, 147.237731934, 147.887893677, 148.538040161, 149.188201904, 149.838363647, 150.372421265, 150.906478882, 151.440536499, 151.93977356, 152.438995361, 152.926620483, 153.425842285, 153.913467407, 154.412689209, 154.900314331, 155.387939453, 155.875549316, 156.363174438, 156.850784302, 157.338409424, 157.826034546, 158.313644409, 158.801269531, 159.288879395, 159.776504517, 160.275741577, 160.774963379, 161.274185181, 161.773422241, 162.272644043, 162.771881104],
    "bpm_histogram": [0, 0, 0, 0, 0, 0, 0, 0, 0, 0, 0, 0, 0, 0, 0, 0, 0, 0, 0, 0, 0, 0, 0, 0, 0, 0, 0, 0, 0, 0, 0, 0, 0, 0, 0, 0, 0, 0, 0, 0, 0, 0, 0, 0, 0, 0, 0, 0, 0, 0, 0, 0, 0, 0, 0, 0, 0, 0, 0, 0, 0, 0, 0, 0, 0, 0, 0, 0, 0, 0, 0, 0, 0, 0, 0, 0, 0, 0, 0, 0, 0, 0, 0, 0, 0, 0, 0, 0, 0, 0.00716845877469, 0, 0.0931899622083, 0.440860211849, 0, 0.0143369175494, 0, 0, 0, 0, 0, 0, 0, 0, 0, 0, 0, 0, 0, 0, 0, 0, 0, 0.0215053763241, 0, 0, 0.010752688162, 0, 0.010752688162, 0, 0, 0.0967741906643, 0, 0, 0.301075279713, 0, 0, 0.00358422938734, 0, 0, 0, 0, 0, 0, 0, 0, 0, 0, 0, 0, 0, 0, 0, 0, 0, 0, 0, 0, 0, 0, 0, 0, 0, 0, 0, 0, 0, 0, 0, 0, 0, 0, 0, 0, 0, 0, 0, 0, 0, 0, 0, 0, 0, 0, 0, 0, 0, 0, 0, 0, 0, 0, 0, 0, 0, 0, 0, 0, 0, 0, 0, 0, 0, 0, 0, 0, 0, 0, 0, 0, 0, 0, 0, 0, 0, 0, 0, 0, 0, 0, 0, 0, 0, 0, 0, 0, 0, 0, 0, 0, 0, 0, 0, 0, 0, 0, 0, 0, 0, 0, 0, 0, 0, 0, 0, 0, 0, 0, 0, 0, 0, 0, 0, 0, 0, 0, 0, 0, 0, 0, 0]
},
"tonal": {
    "chords_changes_rate": 0.0371947772801,
    "chords_number_rate": 0.00170357746538,
    "chords_strength": {
        "mean": 0.564813017845
    },
    "hpcp_crest": {
        "mean": 13.1621713638
    },
    "hpcp_entropy": {
        "mean": 2.12565612793
    },
    "key_edma": {
        "strength": 0.759622275829,
        "key": "C#",
        "scale": "major"
    },
    "key_krumhansl": {
        "strength": 0.768790245056,
        "key": "C#",
        "scale": "major"
    },
    "key_temperley": {
        "strength": 0.772825956345,
        "key": "C#",
        "scale": "major"
    },
    "tuning_diatonic_strength": 0.70151257515,
    "tuning_equal_tempered_deviation": 0.0339883007109,
    "tuning_frequency": 440,
    "tuning_nontempered_energy_ratio": 0.694082260132,
    "hpcp": {
        "mean": [0.0796304643154, 0.054287713021, 0.0697936341166, 0.0918201133609, 0.0803946182132, 0.0560702569783, 0.0403139106929, 0.0399906337261, 0.0790910795331, 0.108534052968, 0.106526166201, 0.220532596111, 0.365734189749, 0.258127331734, 0.099749289453, 0.0734859034419, 0.0737987980247, 0.109929300845, 0.145205453038, 0.120441734791, 0.0930369719863, 0.0974499955773, 0.118368022144, 0.168028414249, 0.17452506721, 0.12110798806, 0.15397195518, 0.255774110556, 0.191751405597, 0.0885910242796, 0.0858487859368, 0.0807484313846, 0.195555597544, 0.3178832829, 0.221803739667, 0.112295337021]
    },
    "chords_histogram": [50.8801803589, 1.67518460751, 15.0198755264, 0, 0, 0, 0.312322556973, 0, 0, 0, 0, 0, 0, 0, 0, 2.61215209961, 0, 8.14877891541, 0, 0, 0, 0.170357748866, 20.7268600464, 0.454287350178],
    "thpcp": [1, 0.705778539181, 0.272737115622, 0.200927078724, 0.201782599092, 0.30057156086, 0.397024542093, 0.329314947128, 0.254384130239, 0.266450315714, 0.323644936085, 0.459427684546, 0.477191001177, 0.331136643887, 0.42099416256, 0.699344277382, 0.524291694164, 0.242227897048, 0.234730005264, 0.220784470439, 0.534693241119, 0.869164824486, 0.606461584568, 0.307040840387, 0.217727705836, 0.148434892297, 0.190831586719, 0.251056969166, 0.219817072153, 0.1533087641, 0.110227353871, 0.109343439341, 0.216252908111, 0.296756654978, 0.291266620159, 0.602985978127],
    "chords_key": "C#",
    "chords_scale": "major"
}
}