{
"metadata": {
    "version": {
        "essentia": "2.1-beta6-dev",
        "essentia_git_sha": "v2.1_beta5-1177-g1d1cc983",
        "extractor": "music 2.0"
    },
    "audio_properties": {
        "analysis": {
            "equal_loudness": 0,
            "length": 215.204193115,
            "sample_rate": 44100,
            "start_time": 0,
            "downmix": "mix"
        },
        "bit_rate": 1411200,
        "length": 215.204193115,
        "lossless": 1,
        "number_channels": 2,
        "replay_gain": -15.3662700653,
        "sample_rate": 44100,
        "codec": "pcm_s16le",
        "md5_encoded": "6c76a194379286481b4d191b22994994"
    },
    "tags": {
        "file_name": "08 - All Get Out - The Season.wav",
        "album": ["The Season"],
        "albumartist": ["All Get Out"],
        "artist": ["All Get Out"],
        "copyright": ["2011 All Get Out and Many Hats Distribution 2011 All Get Out and Many Hats Distribution"],
        "date": ["2011"],
        "discnumber": ["1"],
        "disctotal": ["1"],
        "genre": ["Alternative & Indie"],
        "isrc": ["US3DF1112375"],
        "title": ["The Season"],
        "tracknumber": ["8"],
        "tracktotal": ["10"]
    }
},
"lowlevel": {
    "average_loudness": 0.843291819096,
    "barkbands_crest": {
        "mean": 7.7973613739
    },
    "barkbands_flatness_db": {
        "mean": 0.111330457032
    },
    "barkbands_kurtosis": {
        "mean": 1.9666415453
    },
    "barkbands_skewness": {
        "mean": 0.987484633923
    },
    "barkbands_spread": {
        "mean": 24.928150177
    },
    "dissonance": {
        "mean": 0.472303509712
    },
    "dynamic_complexity": 4.66309690475,
    "erbbands_crest": {
        "mean": 7.9107632637
    },
    "erbbands_flatness_db": {
        "mean": 0.162220522761
    },
    "erbbands_kurtosis": {
        "mean": -0.032566010952
    },
    "erbbands_skewness": {
        "mean": 0.156247735023
    },
    "erbbands_spread": {
        "mean": 34.0384979248
    },
    "hfc": {
        "mean": 22.8881855011
    },
    "loudness_ebu128": {
        "integrated": -7.28979730606,
        "loudness_range": 6.67963552475,
        "momentary": {
            "mean": -10.1793289185
        },
        "short_term": {
            "mean": -9.52554225922
        }
    },
    "melbands_crest": {
        "mean": 11.1353931427
    },
    "melbands_flatness_db": {
        "mean": 0.165909275413
    },
    "melbands_kurtosis": {
        "mean": 6.85476016998
    },
    "melbands_skewness": {
        "mean": 1.81931638718
    },
    "melbands_spread": {
        "mean": 29.4783973694
    },
    "pitch_salience": {
        "mean": 0.607683897018
    },
    "silence_rate_20dB": {
        "mean": 1
    },
    "silence_rate_30dB": {
        "mean": 0.999892115593
    },
    "silence_rate_60dB": {
        "mean": 0.131067961454
    },
    "spectral_centroid": {
        "mean": 1552.56799316
    },
    "spectral_complexity": {
        "mean": 24.4296665192
    },
    "spectral_decrease": {
        "mean": -5.62652591185e-09
    },
    "spectral_energy": {
        "mean": 0.0233118254691
    },
    "spectral_energyband_high": {
        "mean": 0.000809171353467
    },
    "spectral_energyband_low": {
        "mean": 0.00556790130213
    },
    "spectral_energyband_middle_high": {
        "mean": 0.00750941364095
    },
    "spectral_energyband_middle_low": {
        "mean": 0.0102258911356
    },
    "spectral_entropy": {
        "mean": 7.70064210892
    },
    "spectral_flux": {
        "mean": 0.07774284482
    },
    "spectral_kurtosis": {
        "mean": 4.95292758942
    },
    "spectral_rms": {
        "mean": 0.0043374625966
    },
    "spectral_rolloff": {
        "mean": 1857.74243164
    },
    "spectral_skewness": {
        "mean": 1.49174571037
    },
    "spectral_spread": {
        "mean": 4027158
    },
    "spectral_strongpeak": {
        "mean": 0.858964383602
    },
    "zerocrossingrate": {
        "mean": 0.0682824701071
    },
    "barkbands": {
        "mean": [8.74833858688e-05, 0.00288408249617, 0.00202622101642, 0.00136104843114, 0.00263180979528, 0.00176439934876, 0.00138129165862, 0.00124073203187, 0.00140581198502, 0.001587837236, 0.000977569608949, 0.000813082791865, 0.000716875307262, 0.000539751665201, 0.000690193031915, 0.000500243157148, 0.00061511824606, 0.000534737599082, 0.000558849598747, 0.000292133598123, 0.000152894746861, 0.000181914976565, 0.000144195597386, 9.6056064649e-05, 8.02655849839e-05, 3.67421162082e-05, 1.03708389361e-05]
    },
    "erbbands": {
        "mean": [0.0665942728519, 0.712815344334, 2.27931237221, 3.43140864372, 6.60854625702, 9.29925251007, 11.3269300461, 13.9570856094, 18.7074661255, 23.0115737915, 31.3487968445, 34.2775535583, 38.7923812866, 53.8228492737, 33.9604187012, 37.2306594849, 35.8560218811, 29.0334415436, 31.885559082, 34.3178291321, 30.3288764954, 31.9904689789, 30.3739337921, 29.0706481934, 25.41289711, 13.8104686737, 7.07805490494, 5.88677120209, 6.34435606003, 5.29484033585, 4.11007356644, 2.47773003578, 1.40663194656, 0.837244570255, 0.606212854385, 0.219583824277, 0.054243594408, 0.0131722716615, 0.00182732497342, 0.000118120100524]
    },
    "gfcc": {
        "mean": [-11.4099645615, 94.7751083374, -136.421447754, 21.9001941681, -52.224067688, 2.7083132267, -32.7874488831, 6.66611528397, -23.7185821533, -2.61598110199, -13.0958280563, -3.30961465836, -11.0495424271],
        "cov": [[20043.0878906, -3749.92382812, 2201.66479492, 303.73550415, -1033.66247559, 1079.00500488, -1292.61474609, 426.897521973, -755.071044922, 135.340133667, -577.732421875, 335.705444336, -675.557617188], [-3749.92382812, 1816.94445801, -930.862976074, -90.787399292, 289.323547363, -438.685577393, 386.636016846, -174.403015137, 170.33795166, -78.1466674805, 231.585067749, -197.488677979, 228.896270752], [2201.66479492, -930.862976074, 1365.91467285, 118.386001587, 35.4091682434, 375.936737061, -296.722686768, 217.482666016, -126.774032593, 156.536132812, -145.103759766, 163.032669067, -168.00177002], [303.73550415, -90.787399292, 118.386001587, 267.447570801, 19.8278942108, 56.0414848328, -49.3728713989, 12.3360939026, 16.4951477051, 1.96149122715, -22.276599884, 16.5309276581, -11.8952083588], [-1033.66247559, 289.323547363, 35.4091682434, 19.8278942108, 277.164733887, -34.0196380615, 85.0868835449, 27.0869998932, 26.6301307678, 26.8503723145, 36.6238594055, -18.5336456299, 28.7119598389], [1079.00500488, -438.685577393, 375.936737061, 56.0414848328, -34.0196380615, 291.046813965, -56.7405052185, 103.101028442, -47.5326728821, 57.662902832, -44.981880188, 66.3581085205, -69.2131576538], [-1292.61474609, 386.636016846, -296.722686768, -49.3728713989, 85.0868835449, -56.7405052185, 239.613525391, -30.4397087097, 68.7369308472, -23.4514827728, 58.0329589844, -39.9409141541, 51.2315750122], [426.897521973, -174.403015137, 217.482666016, 12.3360939026, 27.0869998932, 103.101028442, -30.4397087097, 173.489761353, 3.31434774399, 56.0501327515, -4.75047492981, 34.0312652588, -29.6231250763], [-755.071044922, 170.33795166, -126.774032593, 16.4951477051, 26.6301307678, -47.5326728821, 68.7369308472, 3.31434774399, 129.963912964, 22.3733234406, 32.4350357056, -11.7855911255, 34.7680969238], [135.340133667, -78.1466674805, 156.536132812, 1.96149122715, 26.8503723145, 57.662902832, -23.4514827728, 56.0501327515, 22.3733234406, 103.356262207, 23.4424114227, 30.7775611877, -7.56171941757], [-577.732421875, 231.585067749, -145.103759766, -22.276599884, 36.6238594055, -44.981880188, 58.0329589844, -4.75047492981, 32.4350357056, 23.4424114227, 102.840713501, 3.66466641426, 41.4068031311], [335.705444336, -197.488677979, 163.032669067, 16.5309276581, -18.5336456299, 66.3581085205, -39.9409141541, 34.0312652588, -11.7855911255, 30.7775611877, 3.66466641426, 90.8317947388, -2.69180631638], [-675.557617188, 228.896270752, -168.00177002, -11.8952083588, 28.7119598389, -69.2131576538, 51.2315750122, -29.6231250763, 34.7680969238, -7.56171941757, 41.4068031311, -2.69180631638, 91.1463241577]],
        "icov": [[0.000125302001834, 5.347944807e-06, 6.4303741965e-05, -8.06485913927e-05, 0.00027105998015, -0.000147108818055, 0.000312008662149, -0.000149173443788, 0.000405551196309, -0.000176351168193, 0.000199668473215, -8.195675764e-05, 0.000339873164194], [5.347944807e-06, 0.00243331561796, -0.00023604198941, -0.000157591872266, -0.00103382568341, 0.00136239198036, -0.00144203507807, 0.000409949716413, -0.000233121754718, 0.000702934456058, -0.00322218192741, 0.00351645983756, -0.00250791572034], [6.4303741965e-05, -0.00023604198941, 0.00261107739061, -0.000106137289549, -0.00115665176418, -0.00133322644979, 0.00190072576515, -0.000684402475599, 0.000890517490916, -0.00221220869571, 0.0027686515823, -0.00277325417846, 0.00206655589864], [-8.06485913927e-05, -0.000157591872266, -0.000106137289549, 0.00464140204713, -0.0011513219215, -0.00146000843961, 0.00162954698317, 0.000686582410708, -0.00243302364834, 0.00175476807635, 0.000106744948425, -0.000328721362166, -0.00021521623421], [0.00027105998015, -0.00103382568341, -0.00115665176418, -0.0011513219215, 0.00663146330044, 0.000852853292599, -0.00175614550244, -0.00150579831097, 0.00201943819411, -0.001822975697, 0.000583266199101, 0.000420283700805, 0.000205318123335], [-0.000147108818055, 0.00136239198036, -0.00133322644979, -0.00146000843961, 0.000852853292599, 0.00869077537209, -0.00407752906904, -0.00186221266631, 0.00184469588567, -0.00189374294132, -0.000635298900306, -0.000190894614207, 0.000279983767541], [0.000312008662149, -0.00144203507807, 0.00190072576515, 0.00162954698317, -0.00175614550244, -0.00407752906904, 0.0106033273041, -2.43905687967e-05, -0.00249533983879, 0.00177370361052, 0.000550199183635, -0.00159384321887, 0.00194104982074], [-0.000149173443788, 0.000409949716413, -0.000684402475599, 0.000686582410708, -0.00150579831097, -0.00186221266631, -2.43905687967e-05, 0.00903207808733, -0.00214848597534, -0.00124694604892, -0.00152870221063, 0.000413760048104, 0.000125182079501], [0.000405551196309, -0.000233121754718, 0.000890517490916, -0.00243302364834, 0.00201943819411, 0.00184469588567, -0.00249533983879, -0.00214848597534, 0.0137606561184, -0.00630582077429, 0.00221188995056, -0.000568465620745, -0.000409677042626], [-0.000176351168193, 0.000702934456058, -0.00221220869571, 0.00175476807635, -0.001822975697, -0.00189374294132, 0.00177370361052, -0.00124694604892, -0.00630582077429, 0.0192364901304, -0.00845792703331, 0.00105611421168, -0.00131210987456], [0.000199668473215, -0.00322218192741, 0.0027686515823, 0.000106744948425, 0.000583266199101, -0.000635298900306, 0.000550199183635, -0.00152870221063, 0.00221188995056, -0.00845792703331, 0.0221823882312, -0.00903746299446, 0.00132712209597], [-8.195675764e-05, 0.00351645983756, -0.00277325417846, -0.000328721362166, 0.000420283700805, -0.000190894614207, -0.00159384321887, 0.000413760048104, -0.000568465620745, 0.00105611421168, -0.00903746299446, 0.0230383966118, -0.00874947663397], [0.000339873164194, -0.00250791572034, 0.00206655589864, -0.00021521623421, 0.000205318123335, 0.000279983767541, 0.00194104982074, 0.000125182079501, -0.000409677042626, -0.00131210987456, 0.00132712209597, -0.00874947663397, 0.0218533035368]]
    },
    "melbands": {
        "mean": [0.000708460225724, 0.00109963107388, 0.00070939050056, 0.000561107764952, 0.000420520227635, 0.000330682989443, 0.000287385628326, 0.000244993891101, 0.00026455236366, 0.000201384114916, 0.00019187120779, 0.000221023801714, 0.000128326239064, 9.03824475245e-05, 8.83165848791e-05, 6.71770103509e-05, 5.21318143001e-05, 4.9154379667e-05, 4.77351677546e-05, 3.95592323912e-05, 3.56785967597e-05, 3.36613084073e-05, 3.09898750857e-05, 2.51341298281e-05, 2.31962912949e-05, 2.12522318179e-05, 1.41361879287e-05, 7.80281061452e-06, 4.49885783382e-06, 3.55073302671e-06, 3.39494067703e-06, 3.4284494177e-06, 3.78627692044e-06, 2.57477540799e-06, 2.40743520408e-06, 1.99210967367e-06, 1.34850699851e-06, 9.83636596175e-07, 8.51188133311e-07, 6.46160970064e-07]
    },
    "melbands128": {
        "mean": [8.20672357804e-05, 0.00043929417734, 0.000966574763879, 0.00123457121663, 0.00124231295194, 0.000926325039472, 0.000635262927972, 0.000741209252737, 0.000682132143993, 0.000507208926138, 0.000527683529072, 0.000488894758746, 0.000340684171533, 0.00042672190466, 0.00027307117125, 0.000337861420121, 0.000338893267326, 0.000255322753219, 0.000239236454945, 0.000304502056679, 0.000183006370207, 0.000248891650699, 0.000285740359686, 0.000257639476331, 0.000270943099167, 0.000126485188957, 0.00017532419588, 0.000210585989407, 0.000179257054697, 0.000260956556303, 0.000222133661737, 0.000168964077602, 0.000152118649567, 7.07302751835e-05, 6.32658993709e-05, 0.000112416993943, 0.000115611699584, 6.10560673522e-05, 0.000101000594441, 8.57636478031e-05, 4.83194089611e-05, 5.8060453739e-05, 5.42757115909e-05, 4.98779045301e-05, 4.08614323533e-05, 5.06039868924e-05, 5.97208818363e-05, 3.87073596357e-05, 4.61495947093e-05, 5.85118796153e-05, 3.04349068756e-05, 3.25043256453e-05, 3.36089142365e-05, 3.8478141505e-05, 3.95125134673e-05, 3.16169971484e-05, 2.68427065748e-05, 3.94615635742e-05, 2.80253552774e-05, 2.58177187789e-05, 2.6053045076e-05, 2.26560950978e-05, 2.45839364652e-05, 2.24183550017e-05, 2.32088823395e-05, 2.25611547648e-05, 1.93893138203e-05, 1.63208005688e-05, 1.23548215925e-05, 1.24020152725e-05, 7.60377542974e-06, 5.96467225478e-06, 4.99326779391e-06, 4.14940177507e-06, 3.96067980546e-06, 3.80267943001e-06, 3.29367935592e-06, 3.10988002639e-06, 3.56489022124e-06, 3.45204171026e-06, 3.25856058225e-06, 3.26908661918e-06, 4.092034942e-06, 4.16569992012e-06, 3.3122730656e-06, 2.67679934041e-06, 2.34637241192e-06, 2.20980587073e-06, 2.50865377893e-06, 2.47822435995e-06, 2.26267547987e-06, 1.87884188563e-06, 1.46465049511e-06, 1.39310611758e-06, 1.27218174839e-06, 1.01592218016e-06, 8.76685476214e-07, 9.80578192866e-07, 9.24525750179e-07, 7.52397113502e-07, 6.63535786316e-07, 6.29665294127e-07, 6.15391400061e-07, 7.05526645106e-07, 8.4791537347e-07, 5.70411884837e-07, 6.95456890298e-07, 4.90176603307e-07, 3.22102778227e-07, 2.627147353e-07, 2.15645812318e-07, 1.83261420261e-07, 1.58678986395e-07, 1.40727991038e-07, 1.18692341289e-07, 1.23743035374e-07, 9.23062586367e-08, 8.45061549626e-08, 6.32145713553e-08, 5.47854277499e-08, 5.23705452338e-08, 4.29130508905e-08, 2.87772561336e-08, 2.12910187258e-08, 1.34709416955e-08, 7.67065078122e-09, 4.23736512545e-09, 9.90341031404e-10]
    },
    "mfcc": {
        "mean": [-646.38092041, 126.091926575, -22.3793449402, 19.4590110779, -1.1778408289, -2.2657251358, 0.356984674931, 2.92010307312, -3.85645341873, 0.971545875072, -2.63718962669, -2.16029405594, 0.00709809968248],
        "cov": [[15448.1132812, -1734.99768066, 1328.17883301, -97.1403121948, 271.83392334, 132.927490234, -293.631958008, 265.451812744, -408.353393555, -56.2804794312, -114.967643738, -289.331665039, -57.2112007141], [-1734.99768066, 1366.08129883, -683.728210449, 146.02557373, -127.441917419, -130.636505127, 125.473854065, -156.195465088, 39.5259895325, 9.39935398102, -32.2939300537, 52.0894393921, 0.794789910316], [1328.17883301, -683.728210449, 977.868286133, -77.9024658203, 273.124511719, 122.306922913, -34.8124847412, 107.584075928, -15.4053030014, 28.4204769135, 34.7066078186, 2.06179738045, 60.478515625], [-97.1403121948, 146.02557373, -77.9024658203, 242.168930054, 45.7432060242, 10.7183551788, -16.9071407318, -23.2061691284, 9.32933616638, -15.6061859131, -11.1375799179, 3.31239581108, -2.60020899773], [271.83392334, -127.441917419, 273.124511719, 45.7432060242, 249.905807495, 25.6211204529, 26.5924625397, 20.5965309143, 12.3317012787, 27.3073158264, 16.5455131531, 14.2672967911, 32.355304718], [132.927490234, -130.636505127, 122.306922913, 10.7183551788, 25.6211204529, 156.318771362, 15.2165670395, 32.1498413086, 4.92985439301, -3.726790905, 17.3843345642, -3.10489583015, 1.68578267097], [-293.631958008, 125.473854065, -34.8124847412, -16.9071407318, 26.5924625397, 15.2165670395, 152.066268921, 24.0370845795, 19.0499019623, 16.2806243896, 18.4632434845, 23.5205936432, 11.5518608093], [265.451812744, -156.195465088, 107.584075928, -23.2061691284, 20.5965309143, 32.1498413086, 24.0370845795, 113.355987549, 15.6781511307, 13.3930044174, 19.3599300385, 0.237051352859, 1.34511888027], [-408.353393555, 39.5259895325, -15.4053030014, 9.32933616638, 12.3317012787, 4.92985439301, 19.0499019623, 15.6781511307, 88.9072570801, 33.9184494019, 16.9556541443, 15.291226387, 6.03101491928], [-56.2804794312, 9.39935398102, 28.4204769135, -15.6061859131, 27.3073158264, -3.726790905, 16.2806243896, 13.3930044174, 33.9184494019, 83.9784240723, 31.2786502838, 19.4603672028, 14.3707742691], [-114.967643738, -32.2939300537, 34.7066078186, -11.1375799179, 16.5455131531, 17.3843345642, 18.4632434845, 19.3599300385, 16.9556541443, 31.2786502838, 70.9310302734, 29.778799057, 9.43065643311], [-289.331665039, 52.0894393921, 2.06179738045, 3.31239581108, 14.2672967911, -3.10489583015, 23.5205936432, 0.237051352859, 15.291226387, 19.4603672028, 29.778799057, 82.1524353027, 35.790977478], [-57.2112007141, 0.794789910316, 60.478515625, -2.60020899773, 32.355304718, 1.68578267097, 11.5518608093, 1.34511888027, 6.03101491928, 14.3707742691, 9.43065643311, 35.790977478, 69.5761184692]],
        "icov": [[9.62541234912e-05, 5.05316929775e-05, -7.09749874659e-05, -5.20641006005e-05, -9.90310945781e-06, 2.41304242081e-05, 6.64295512252e-05, -0.000178641581442, 0.000439071736764, -0.000178334288648, 0.000118401090731, 0.000207992387004, 1.04962418845e-05], [5.05316929775e-05, 0.00161600613501, 0.00066719960887, -0.000774498679675, 0.000240616267547, 0.000561642809771, -0.00140582525637, 0.00138703861739, -0.000112271969556, -0.000576872087549, 0.00065665889997, -0.000428187806392, -0.000244575465331], [-7.09749874659e-05, 0.00066719960887, 0.00262766401283, 0.000874900375493, -0.00237042061053, -0.00103632966056, 0.000721180986147, -0.000669378845487, 0.000190757942619, 2.95737822853e-06, 2.14185706682e-06, -9.11562237889e-05, -0.00126726832241], [-5.20641006005e-05, -0.000774498679675, 0.000874900375493, 0.00565802492201, -0.00252733030356, -0.00136545684654, 0.00196583638899, -0.000294904515613, -0.000847261806484, 0.00157064467203, 0.000212876344449, -0.000540524953976, 0.000302907486912], [-9.90310945781e-06, 0.000240616267547, -0.00237042061053, -0.00252733030356, 0.00754707772285, 0.000985545804724, -0.00238886475563, 0.00121072342154, -0.000492986990139, -0.00151871237904, -5.3670246416e-05, 0.000281658110907, -0.000986378756352], [2.41304242081e-05, 0.000561642809771, -0.00103632966056, -0.00136545684654, 0.000985545804724, 0.00811332371086, -0.00169443688355, -0.000449035083875, -0.000580512860324, 0.00118674873374, -0.00183469615877, 0.000880578532815, 9.92369969026e-05], [6.64295512252e-05, -0.00140582525637, 0.000721180986147, 0.00196583638899, -0.00238886475563, -0.00169443688355, 0.00961500126868, -0.00338790612295, 6.12037620158e-05, 0.000278939376585, -0.00085997331189, -0.00100266269874, -0.000292240438284], [-0.000178641581442, 0.00138703861739, -0.000669378845487, -0.000294904515613, 0.00121072342154, -0.000449035083875, -0.00338790612295, 0.013043214567, -0.00288071972318, -0.000346324872226, -0.0015199809568, 0.000118853327876, 0.000632404931821], [0.000439071736764, -0.000112271969556, 0.000190757942619, -0.000847261806484, -0.000492986990139, -0.000580512860324, 6.12037620158e-05, -0.00288071972318, 0.0162849258631, -0.00602364493534, 0.000236410865909, -0.000128007668536, 0.000320056802593], [-0.000178334288648, -0.000576872087549, 2.95737822853e-06, 0.00157064467203, -0.00151871237904, 0.00118674873374, 0.000278939376585, -0.000346324872226, -0.00602364493534, 0.0178097430617, -0.00634181313217, -0.000174591055838, -0.00165304658003], [0.000118401090731, 0.00065665889997, 2.14185706682e-06, 0.000212876344449, -5.3670246416e-05, -0.00183469615877, -0.00085997331189, -0.0015199809568, 0.000236410865909, -0.00634181313217, 0.0211048610508, -0.00705233495682, 0.00239410391077], [0.000207992387004, -0.000428187806392, -9.11562237889e-05, -0.000540524953976, 0.000281658110907, 0.000880578532815, -0.00100266269874, 0.000118853327876, -0.000128007668536, -0.000174591055838, -0.00705233495682, 0.0200398806483, -0.00905893091112], [1.04962418845e-05, -0.000244575465331, -0.00126726832241, 0.000302907486912, -0.000986378756352, 9.92369969026e-05, -0.000292240438284, 0.000632404931821, 0.000320056802593, -0.00165304658003, 0.00239410391077, -0.00905893091112, 0.0206388756633]]
    },
    "spectral_contrast_coeffs": {
        "mean": [-0.703246593475, -0.763751149178, -0.761978387833, -0.795638680458, -0.786696135998, -0.764429628849]
    },
    "spectral_contrast_valleys": {
        "mean": [-7.04850149155, -6.63856267929, -7.21563768387, -7.37429475784, -7.39388751984, -10.578745842]
    }
},
"rhythm": {
    "beats_count": 453,
    "beats_loudness": {
        "mean": 0.032713484019
    },
    "bpm": 124.97505188,
    "bpm_histogram_first_peak_bpm": 126,
    "bpm_histogram_first_peak_weight": 0.378516674042,
    "bpm_histogram_second_peak_bpm": 120,
    "bpm_histogram_second_peak_spread": 0.0370370745659,
    "bpm_histogram_second_peak_weight": 0.0575221255422,
    "danceability": 1.03915345669,
    "onset_rate": 2.56474876404,
    "beats_loudness_band_ratio": {
        "mean": [0.361468285322, 0.154377251863, 0.210576683283, 0.165033474565, 0.102669037879, 0.0546829849482]
    },
    "beats_position": [0.487619042397, 0.986848056316, 1.48607707024, 1.98530614376, 2.48453521729, 2.9837641716, 3.47138309479, 3.95900225639, 4.45823097229, 4.93424034119, 5.41024923325, 5.88625860214, 6.3622674942, 6.83827638626, 7.31428575516, 7.80190467834, 8.28952407837, 8.77714252472, 9.27637195587, 9.77560043335, 10.2748298645, 10.774058342, 11.2732877731, 11.7725172043, 12.2717456818, 12.7709751129, 13.2702035904, 13.7694330215, 14.268661499, 14.7678909302, 15.2555103302, 15.7547388077, 16.2539672852, 16.7531967163, 17.2524261475, 17.7516555786, 18.2508831024, 18.7501125336, 19.2609519958, 19.760181427, 20.247800827, 20.7354183197, 21.2230377197, 21.6990470886, 22.1750564575, 22.6626758575, 23.1386852264, 23.614692688, 24.102312088, 24.5783214569, 25.0543308258, 25.5419502258, 26.0295696259, 26.5055770874, 26.9815864563, 27.4575958252, 27.9336051941, 28.4212245941, 28.9088420868, 29.3848514557, 29.8608608246, 30.3484802246, 30.8244895935, 31.3004989624, 31.7881164551, 32.264125824, 32.7401351929, 33.2161445618, 33.6921539307, 34.1797714233, 34.6673927307, 35.1434020996, 35.6310195923, 36.1070289612, 36.5946464539, 37.0822677612, 37.5582771301, 38.034286499, 38.5102958679, 38.9863014221, 39.462310791, 39.9383201599, 40.4259414673, 40.9019508362, 41.3779602051, 41.8655776978, 42.3531951904, 42.8292045593, 43.3052139282, 43.7812232971, 44.257232666, 44.7448501587, 45.2324714661, 45.708480835, 46.1844902039, 46.6604995728, 47.1365089417, 47.6241264343, 48.1001358032, 48.5761451721, 49.0637626648, 49.5397720337, 50.0157814026, 50.5033988953, 50.9794082642, 51.4554176331, 51.9430389404, 52.4306564331, 52.9182739258, 53.3942832947, 53.8702926636, 54.3463020325, 54.8223114014, 55.2983207703, 55.7743301392, 56.2619476318, 56.7379570007, 57.2139663696, 57.701587677, 58.1892051697, 58.6652145386, 59.1412239075, 59.6288414001, 60.1164627075, 60.5924720764, 61.0684814453, 61.5444869995, 62.0204963684, 62.4965057373, 62.9725151062, 63.4601364136, 63.9477539062, 64.4237594604, 64.899772644, 65.3873901367, 65.8634033203, 66.3394088745, 66.8154220581, 67.3030395508, 67.779045105, 68.2666625977, 68.7426757812, 69.2186813354, 69.694694519, 70.1707000732, 70.6583175659, 71.1343307495, 71.6103363037, 72.0979614258, 72.57396698, 73.0499725342, 73.5375976562, 74.0136032104, 74.5012207031, 74.9772338867, 75.4648513794, 75.9408569336, 76.4168701172, 76.9044876099, 77.3805007935, 77.8681182861, 78.3441238403, 78.831741333, 79.2961425781, 79.7721557617, 80.2481613159, 80.7357788086, 81.2233963013, 81.7110214233, 82.1870269775, 82.6630401611, 83.1506576538, 83.6382751465, 84.1142807007, 84.5902938843, 85.0662994385, 85.5423126221, 86.0183181763, 86.4943313599, 86.9819488525, 87.4695663452, 87.9455795288, 88.421585083, 88.9092025757, 89.3968200684, 89.872833252, 90.3488388062, 90.8248519897, 91.3124694824, 91.788482666, 92.2644882202, 92.7404937744, 93.2281188965, 93.7041244507, 94.1801376343, 94.667755127, 95.1553726196, 95.6313781738, 96.1073913574, 96.5833969116, 97.0594100952, 97.5470275879, 98.0346450806, 98.5106582642, 98.9866638184, 99.462677002, 99.9386825562, 100.426300049, 100.913917542, 101.389930725, 101.865936279, 102.353561401, 102.829566956, 103.305580139, 103.793197632, 104.269203186, 104.74521637, 105.221221924, 105.697235107, 106.1848526, 106.672470093, 107.160087585, 107.636100769, 108.112106323, 108.599723816, 109.075737, 109.551742554, 110.039360046, 110.51537323, 110.991378784, 111.479003906, 111.95500946, 112.431015015, 112.907028198, 113.383033752, 113.870658875, 114.358276367, 114.84589386, 115.333511353, 115.809524536, 116.28553009, 116.761543274, 117.237548828, 117.725166321, 118.201179504, 118.677185059, 119.153198242, 119.629203796, 120.10521698, 120.581222534, 121.068840027, 121.55645752, 122.032470703, 122.508476257, 122.99609375, 123.472106934, 123.948112488, 124.424125671, 124.900131226, 125.376144409, 125.852149963, 126.339767456, 126.827392578, 127.303398132, 127.779411316, 128.267028809, 128.754638672, 129.230651855, 129.706665039, 130.194290161, 130.670288086, 131.14630127, 131.622314453, 132.098312378, 132.5859375, 133.073562622, 133.549560547, 134.02557373, 134.501586914, 134.977600098, 135.465209961, 135.952835083, 136.440444946, 136.928070068, 137.404083252, 137.880081177, 138.35609436, 138.832107544, 139.308120728, 139.784118652, 140.271743774, 140.747756958, 141.223754883, 141.711380005, 142.187393188, 142.663391113, 143.151016235, 143.627029419, 144.103042603, 144.590652466, 145.066665649, 145.542678833, 146.030288696, 146.517913818, 146.993927002, 147.469924927, 147.957550049, 148.445159912, 148.921173096, 149.397186279, 149.873199463, 150.349197388, 150.825210571, 151.312835693, 151.788833618, 152.27645874, 152.752471924, 153.228485107, 153.716094971, 154.192108154, 154.679718018, 155.155731201, 155.631744385, 156.119369507, 156.595367432, 157.071380615, 157.547393799, 158.035003662, 158.522628784, 159.010253906, 159.49786377, 159.985488892, 160.461486816, 160.949111938, 161.425125122, 161.901138306, 162.37713623, 162.841537476, 163.317550659, 163.793563843, 164.269561768, 164.745574951, 165.233200073, 165.709197998, 166.185211182, 166.661224365, 167.137237549, 167.624847412, 168.112472534, 168.588470459, 169.064483643, 169.540496826, 170.01651001, 170.504119873, 170.980133057, 171.45614624, 171.943756104, 172.431381226, 172.907394409, 173.383392334, 173.871017456, 174.34703064, 174.823028564, 175.310653687, 175.78666687, 176.274276733, 176.750289917, 177.226303101, 177.702316284, 178.178314209, 178.654327393, 179.141952515, 179.629562378, 180.105575562, 180.581588745, 181.069198608, 181.533599854, 182.021224976, 182.508834839, 182.984848022, 183.460861206, 183.93687439, 184.412872314, 184.900497437, 185.3881073, 185.864120483, 186.340133667, 186.816146851, 187.292144775, 187.779769897, 188.26739502, 188.731781006, 189.219406128, 189.70703125, 190.194641113, 190.682266235, 191.158279419, 191.634277344, 192.121902466, 192.597915649, 193.073913574, 193.549926758, 194.025939941, 194.513549805, 194.989562988, 195.465576172, 195.941589355, 196.429199219, 196.905212402, 197.392837524, 197.880447388, 198.36807251, 198.844070435, 199.320083618, 199.80770874, 200.295318604, 200.771331787, 201.247344971, 201.723358154, 202.10647583, 202.489608765, 202.872741699, 203.244262695, 203.615783691, 203.975692749, 204.335601807, 204.695510864, 205.07862854, 205.450149536, 205.821670532, 206.193191528, 206.564712524, 206.936233521, 207.307754517, 207.667663574, 208.050796509, 208.422302246, 208.793823242, 209.176956177, 209.560089111, 209.943222046, 210.326339722, 210.709472656, 211.104217529, 211.498947144, 211.893692017, 212.28843689, 212.683166504, 213.077911377, 213.47265625, 213.855773926, 214.250518799, 214.633651733],
    "bpm_histogram": [0, 0, 0, 0, 0, 0, 0, 0, 0, 0, 0, 0, 0, 0, 0, 0, 0, 0, 0, 0, 0, 0, 0, 0, 0, 0, 0, 0, 0, 0, 0, 0, 0, 0, 0, 0, 0, 0, 0, 0, 0, 0, 0, 0, 0, 0, 0, 0, 0, 0, 0, 0, 0, 0, 0, 0, 0, 0, 0, 0, 0, 0, 0, 0, 0, 0, 0, 0, 0, 0, 0, 0, 0, 0, 0, 0, 0, 0, 0, 0, 0, 0, 0, 0, 0, 0, 0, 0, 0, 0, 0, 0, 0, 0, 0, 0, 0, 0, 0, 0, 0, 0, 0, 0, 0, 0, 0, 0, 0, 0, 0, 0, 0, 0, 0, 0, 0, 0.00221238937229, 0, 0, 0.0575221255422, 0, 0, 0.318584084511, 0, 0, 0.537610590458, 0, 0, 0.00884955748916, 0, 0, 0, 0, 0, 0, 0, 0, 0, 0, 0, 0, 0, 0, 0, 0, 0, 0, 0, 0, 0, 0, 0.0176991149783, 0, 0, 0, 0, 0.0265486724675, 0, 0, 0, 0.0199115052819, 0.00221238937229, 0, 0, 0, 0, 0.00884955748916, 0, 0, 0, 0, 0, 0, 0, 0, 0, 0, 0, 0, 0, 0, 0, 0, 0, 0, 0, 0, 0, 0, 0, 0, 0, 0, 0, 0, 0, 0, 0, 0, 0, 0, 0, 0, 0, 0, 0, 0, 0, 0, 0, 0, 0, 0, 0, 0, 0, 0, 0, 0, 0, 0, 0, 0, 0, 0, 0, 0, 0, 0, 0, 0, 0, 0, 0, 0, 0, 0, 0, 0, 0, 0, 0, 0, 0, 0, 0, 0, 0, 0]
},
"tonal": {
    "chords_changes_rate": 0.0500431396067,
    "chords_number_rate": 0.00150992232375,
    "chords_strength": {
        "mean": 0.523793876171
    },
    "hpcp_crest": {
        "mean": 12.7893190384
    },
    "hpcp_entropy": {
        "mean": 2.10233664513
    },
    "key_edma": {
        "strength": 0.734930515289,
        "key": "C",
        "scale": "major"
    },
    "key_krumhansl": {
        "strength": 0.733725547791,
        "key": "C",
        "scale": "major"
    },
    "key_temperley": {
        "strength": 0.72927236557,
        "key": "C",
        "scale": "major"
    },
    "tuning_diatonic_strength": 0.519911289215,
    "tuning_equal_tempered_deviation": 0.0174755901098,
    "tuning_frequency": 440.763122559,
    "tuning_nontempered_energy_ratio": 0.659604668617,
    "hpcp": {
        "mean": [0.293013751507, 0.181790903211, 0.0871562510729, 0.0670765191317, 0.0836196020246, 0.183388352394, 0.277365446091, 0.197716549039, 0.191465869546, 0.254986733198, 0.15099388361, 0.0739915072918, 0.0724889263511, 0.076481923461, 0.182172313333, 0.257433027029, 0.154490992427, 0.0786845386028, 0.0772607252002, 0.0795718207955, 0.273353666067, 0.415682464838, 0.247780621052, 0.112558402121, 0.0856841206551, 0.0696261152625, 0.0900206640363, 0.115578904748, 0.108406640589, 0.226065456867, 0.349943816662, 0.218088164926, 0.1026904881, 0.0952604115009, 0.0885758250952, 0.21250204742]
    },
    "chords_histogram": [27.0923213959, 21.9801559448, 16.0051765442, 0.776531517506, 1.42364108562, 0, 8.34771347046, 0, 1.14322686195, 0, 0, 0.819672107697, 0, 0.0431406386197, 0, 0, 0, 0.0647109597921, 0, 0.388265758753, 0, 0.215703189373, 0.172562554479, 21.5271778107],
    "thpcp": [1, 0.596081495285, 0.270779758692, 0.206128776073, 0.167498320341, 0.216561123729, 0.278046131134, 0.260791957378, 0.543841719627, 0.841853678226, 0.524650871754, 0.247040703893, 0.229166299105, 0.213085308671, 0.511212468147, 0.704898059368, 0.437331169844, 0.209670260549, 0.161364808679, 0.201162204146, 0.441174149513, 0.667253196239, 0.475643217564, 0.460606068373, 0.613417088985, 0.363243341446, 0.178000062704, 0.174385339022, 0.183991223574, 0.438248723745, 0.619302093983, 0.371656268835, 0.18929001689, 0.185864761472, 0.191424533725, 0.657602131367],
    "chords_key": "C",
    "chords_scale": "major"
}
}