{
"metadata": {
    "version": {
        "essentia": "2.1-beta6-dev",
        "essentia_git_sha": "v2.1_beta5-1177-g1d1cc983",
        "extractor": "music 2.0"
    },
    "audio_properties": {
        "analysis": {
            "equal_loudness": 0,
            "length": 261.5,
            "sample_rate": 44100,
            "start_time": 0,
            "downmix": "mix"
        },
        "bit_rate": 1411200,
        "length": 261.5,
        "lossless": 1,
        "number_channels": 2,
        "replay_gain": -15.3094959259,
        "sample_rate": 44100,
        "codec": "pcm_s16le",
        "md5_encoded": "efdbcf50910f5907af99dd907e82e98c"
    },
    "tags": {
        "file_name": "09 - All Get Out - ATX.wav",
        "album": ["Nobody Likes A Quitter"],
        "albumartist": ["All Get Out"],
        "artist": ["All Get Out"],
        "composer": ["Nathan Hussey"],
        "copyright": ["2016 Bad Timing Records and Many Hats Distribution 2016 Bad Timing Records and Many Hats Distribution"],
        "date": ["2016"],
        "discnumber": ["1"],
        "disctotal": ["1"],
        "genre": ["Alternative & Indie"],
        "isrc": ["QM87M1604209"],
        "title": ["ATX"],
        "tracknumber": ["9"],
        "tracktotal": ["10"]
    }
},
"lowlevel": {
    "average_loudness": 0.573745429516,
    "barkbands_crest": {
        "mean": 9.52095031738
    },
    "barkbands_flatness_db": {
        "mean": 0.197116389871
    },
    "barkbands_kurtosis": {
        "mean": 5.27833795547
    },
    "barkbands_skewness": {
        "mean": 1.62029063702
    },
    "barkbands_spread": {
        "mean": 16.9398822784
    },
    "dissonance": {
        "mean": 0.448029667139
    },
    "dynamic_complexity": 7.49413156509,
    "erbbands_crest": {
        "mean": 8.50761890411
    },
    "erbbands_flatness_db": {
        "mean": 0.204738348722
    },
    "erbbands_kurtosis": {
        "mean": 0.764633953571
    },
    "erbbands_skewness": {
        "mean": 0.389615893364
    },
    "erbbands_spread": {
        "mean": 31.9451637268
    },
    "hfc": {
        "mean": 13.2977790833
    },
    "loudness_ebu128": {
        "integrated": -8.45586585999,
        "loudness_range": 16.3731803894,
        "momentary": {
            "mean": -14.0404081345
        },
        "short_term": {
            "mean": -13.3443975449
        }
    },
    "melbands_crest": {
        "mean": 14.0924625397
    },
    "melbands_flatness_db": {
        "mean": 0.278995603323
    },
    "melbands_kurtosis": {
        "mean": 16.5634841919
    },
    "melbands_skewness": {
        "mean": 2.58772921562
    },
    "melbands_spread": {
        "mean": 17.057094574
    },
    "pitch_salience": {
        "mean": 0.54912596941
    },
    "silence_rate_20dB": {
        "mean": 1
    },
    "silence_rate_30dB": {
        "mean": 0.999467253685
    },
    "silence_rate_60dB": {
        "mean": 0.310219287872
    },
    "spectral_centroid": {
        "mean": 998.383972168
    },
    "spectral_complexity": {
        "mean": 17.3441352844
    },
    "spectral_decrease": {
        "mean": -4.86941065247e-09
    },
    "spectral_energy": {
        "mean": 0.0195844583213
    },
    "spectral_energyband_high": {
        "mean": 0.000349405192537
    },
    "spectral_energyband_low": {
        "mean": 0.0078120934777
    },
    "spectral_energyband_middle_high": {
        "mean": 0.00431634951383
    },
    "spectral_energyband_middle_low": {
        "mean": 0.00890659820288
    },
    "spectral_entropy": {
        "mean": 7.03846597672
    },
    "spectral_flux": {
        "mean": 0.0573491118848
    },
    "spectral_kurtosis": {
        "mean": 20.9165039062
    },
    "spectral_rms": {
        "mean": 0.00361331994645
    },
    "spectral_rolloff": {
        "mean": 1285.89624023
    },
    "spectral_skewness": {
        "mean": 2.58498692513
    },
    "spectral_spread": {
        "mean": 3219826.25
    },
    "spectral_strongpeak": {
        "mean": 0.42788168788
    },
    "zerocrossingrate": {
        "mean": 0.0424831993878
    },
    "barkbands": {
        "mean": [6.12295407336e-05, 0.00303961592726, 0.00298988958821, 0.00293945870362, 0.00197628932074, 0.00104423437733, 0.00108654156793, 0.000872945878655, 0.000851456308737, 0.000744444725569, 0.000647090782877, 0.000475269771414, 0.000262426765403, 0.000302625150653, 0.00033029683982, 0.000395846815081, 0.000384811894037, 0.000386108207749, 0.000340448779752, 0.00016558173229, 0.000108047308458, 6.72408787068e-05, 4.38091119577e-05, 4.40268086095e-05, 1.75936638698e-05, 5.4040010582e-06, 1.63549907484e-06]
    },
    "erbbands": {
        "mean": [0.0542853064835, 0.811061739922, 2.93574023247, 7.88022089005, 7.51172685623, 6.50840330124, 7.86079788208, 8.27163887024, 12.642367363, 17.9676475525, 23.3248004913, 16.4484825134, 21.4602413177, 28.5770797729, 18.4408664703, 17.081073761, 13.5015687943, 13.8335676193, 16.0983161926, 17.7055549622, 23.8365478516, 23.154291153, 21.244934082, 18.0602455139, 15.885386467, 7.33001375198, 5.10616540909, 3.62045145035, 2.53645467758, 1.72809410095, 1.2026001215, 0.98270213604, 0.673351228237, 0.281471908092, 0.0808539763093, 0.0265532247722, 0.00927416794002, 0.00247983424924, 0.000257966137724, 3.4762739233e-05]
    },
    "gfcc": {
        "mean": [-112.592956543, 144.44203186, -115.121635437, 22.7872924805, -46.7029304504, -6.05322313309, -28.558588028, 2.32471203804, -22.1411857605, -12.2499637604, -15.754117012, -11.5058698654, -7.83876466751],
        "cov": [[36607.421875, -6417.65087891, -4312.06738281, 2768.25708008, -1561.83825684, 2623.17895508, -873.135437012, 1639.46728516, -238.024902344, 792.697998047, -307.712585449, 700.729553223, -654.601928711], [-6417.65087891, 3691.24389648, 348.675872803, -1144.57324219, 374.928619385, -958.382995605, 282.459411621, -498.92980957, 25.3068885803, -317.31362915, 104.409286499, -330.936248779, 187.709823608], [-4312.06738281, 348.675872803, 1274.35498047, -79.9118652344, 137.84085083, -51.2199478149, 99.0305099487, -149.937713623, 62.9794044495, 8.23971843719, 67.0473251343, 0.558619618416, 52.4386672974], [2768.25708008, -1144.57324219, -79.9118652344, 946.834411621, -119.873710632, 422.075134277, 23.7430686951, 141.498275757, 50.9756584167, 132.801391602, 2.47107338905, 94.0964508057, 1.37338268757], [-1561.83825684, 374.928619385, 137.84085083, -119.873710632, 313.570526123, -82.1532592773, 67.0917205811, -48.540599823, 35.2842559814, -21.5042171478, 25.8491630554, -22.7728366852, 37.5987129211], [2623.17895508, -958.382995605, -51.2199478149, 422.075134277, -82.1532592773, 527.57434082, -7.45118522644, 161.191085815, 32.4264450073, 141.922988892, -16.8663043976, 101.784454346, -64.2815322876], [-873.135437012, 282.459411621, 99.0305099487, 23.7430686951, 67.0917205811, -7.45118522644, 205.95640564, -42.0293121338, 31.7460517883, -23.1921195984, 21.5178184509, -19.7000732422, 24.57188797], [1639.46728516, -498.92980957, -149.937713623, 141.498275757, -48.540599823, 161.191085815, -42.0293121338, 206.424850464, 4.98209905624, 63.9041366577, -0.285170525312, 46.9418792725, -27.7675228119], [-238.024902344, 25.3068885803, 62.9794044495, 50.9756584167, 35.2842559814, 32.4264450073, 31.7460517883, 4.98209905624, 95.0542755127, 28.5187683105, -0.583207190037, 1.50978279114, 3.24972867966], [792.697998047, -317.31362915, 8.23971843719, 132.801391602, -21.5042171478, 141.922988892, -23.1921195984, 63.9041366577, 28.5187683105, 139.424179077, 3.93539500237, 27.171415329, -19.479801178], [-307.712585449, 104.409286499, 67.0473251343, 2.47107338905, 25.8491630554, -16.8663043976, 21.5178184509, -0.285170525312, -0.583207190037, 3.93539500237, 81.0449295044, 9.72194004059, 8.67091941833], [700.729553223, -330.936248779, 0.558619618416, 94.0964508057, -22.7728366852, 101.784454346, -19.7000732422, 46.9418792725, 1.50978279114, 27.171415329, 9.72194004059, 129.028335571, -0.790691137314], [-654.601928711, 187.709823608, 52.4386672974, 1.37338268757, 37.5987129211, -64.2815322876, 24.57188797, -27.7675228119, 3.24972867966, -19.479801178, 8.67091941833, -0.790691137314, 93.2407226562]],
        "icov": [[0.000211479171412, -0.000269355921773, 0.000504474563058, -0.000414469250245, 0.000383352162316, -0.00062477751635, 0.00049327040324, -0.000698890944477, 0.000492167368066, -0.000241436602664, 0.000373260641936, -0.000627826957498, 0.000718279916327], [-0.000269355921773, 0.00149918172974, -0.000515582505614, 0.00139365287032, -0.000624534732196, 0.00136776012369, -0.00151650514454, 0.00197239778936, -0.00147676363122, 0.000640483747702, -0.00175337831024, 0.00215725065209, -0.00209124828689], [0.000504474563058, -0.000515582505614, 0.00220221863128, -0.000776380416937, 0.000735206704121, -0.00162792741321, 0.000946021464188, -0.000731704174541, 0.000590186216868, -0.000820938730612, 4.51718551631e-05, -0.00151056656614, 0.00125746964477], [-0.000414469250245, 0.00139365287032, -0.000776380416937, 0.00332831614651, -0.000289409916149, 0.000240986293647, -0.001913651824, 0.00212266342714, -0.00217575998977, 0.000409874599427, -0.00208807131276, 0.00217072688974, -0.00353451864794], [0.000383352162316, -0.000624534732196, 0.000735206704121, -0.000289409916149, 0.00476344535127, -0.00121854711324, 0.000188252903172, -0.001285547507, -0.000413652800489, -0.000440883944975, -4.75722008559e-05, -0.00107456813566, 0.000263679365162], [-0.00062477751635, 0.00136776012369, -0.00162792741321, 0.000240986293647, -0.00121854711324, 0.00695587415248, -0.00273789418861, 0.000973410671577, -0.00161039305385, -0.00143945019227, -0.000225576717639, 0.000596101512201, -0.000148135819472], [0.00049327040324, -0.00151650514454, 0.000946021464188, -0.001913651824, 0.000188252903172, -0.00273789418861, 0.00806690752506, -0.00148262758739, 2.95508743875e-06, 0.000839005166199, 0.000279563508229, -0.00140075979289, 0.0016185954446], [-0.000698890944477, 0.00197239778936, -0.000731704174541, 0.00212266342714, -0.001285547507, 0.000973410671577, -0.00148262758739, 0.0109561244026, -0.00273918150924, -0.000242166934186, -0.00356056564488, 0.00243386835791, -0.00325753283687], [0.000492167368066, -0.00147676363122, 0.000590186216868, -0.00217575998977, -0.000413652800489, -0.00161039305385, 2.95508743875e-06, -0.00273918150924, 0.0148016754538, -0.00357018085197, 0.00340008432977, -0.00234259315766, 0.00277063203976], [-0.000241436602664, 0.000640483747702, -0.000820938730612, 0.000409874599427, -0.000440883944975, -0.00143945019227, 0.000839005166199, -0.000242166934186, -0.00357018085197, 0.0116522954777, -0.00215817661956, 0.001677785418, -0.000862832705025], [0.000373260641936, -0.00175337831024, 4.51718551631e-05, -0.00208807131276, -4.75722008559e-05, -0.000225576717639, 0.000279563508229, -0.00356056564488, 0.00340008432977, -0.00215817661956, 0.0162703581154, -0.00428833765909, 0.00276653002948], [-0.000627826957498, 0.00215725065209, -0.00151056656614, 0.00217072688974, -0.00107456813566, 0.000596101512201, -0.00140075979289, 0.00243386835791, -0.00234259315766, 0.001677785418, -0.00428833765909, 0.013323363848, -0.00505086500198], [0.000718279916327, -0.00209124828689, 0.00125746964477, -0.00353451864794, 0.000263679365162, -0.000148135819472, 0.0016185954446, -0.00325753283687, 0.00277063203976, -0.000862832705025, 0.00276653002948, -0.00505086500198, 0.017140513286]]
    },
    "melbands": {
        "mean": [0.000689540291205, 0.00145896559115, 0.00133363495115, 0.000478096830193, 0.000275776081253, 0.000195174696273, 0.000200288224733, 0.00019185669953, 0.000197638612008, 9.80754193733e-05, 0.00011014824122, 0.000118466326967, 7.37400259823e-05, 4.46380363428e-05, 4.7546443966e-05, 2.34230483329e-05, 2.61934837908e-05, 2.52583049587e-05, 2.71702556347e-05, 2.2881446057e-05, 2.79749710899e-05, 2.33776881942e-05, 2.11026745092e-05, 1.79675207619e-05, 1.40626225402e-05, 1.36704093165e-05, 8.48733088787e-06, 3.92193578591e-06, 3.2680275126e-06, 2.60430761045e-06, 1.87329533219e-06, 1.4774061583e-06, 1.20686513583e-06, 8.56961719364e-07, 7.08599486643e-07, 6.24636527391e-07, 5.85952420806e-07, 4.96468828715e-07, 3.7087326632e-07, 1.9056655276e-07]
    },
    "melbands128": {
        "mean": [5.73484685447e-05, 0.000271282595349, 0.000970991153736, 0.00145688746125, 0.00135723559652, 0.00158925156575, 0.0017248892691, 0.00132204662077, 0.000671989226248, 0.000435431022197, 0.000343911815435, 0.000288193346933, 0.000281110987999, 0.00023680900631, 0.000155765650561, 0.000191626240849, 0.000221009817324, 0.000166916448507, 0.000221532842261, 0.000219269306399, 0.000156291760504, 0.000185197321116, 0.000223150855163, 0.000203125280677, 7.59521863074e-05, 7.22623153706e-05, 9.3401351478e-05, 8.9597182523e-05, 0.000173017455381, 8.31646757433e-05, 0.000130223896122, 0.000124533995404, 6.48826462566e-05, 3.45191401721e-05, 6.14051095909e-05, 3.55496522388e-05, 3.48219800799e-05, 7.54301217967e-05, 3.30034235958e-05, 1.90382306755e-05, 2.14965803025e-05, 2.84717116301e-05, 2.3167433028e-05, 2.49700060522e-05, 3.41830600519e-05, 1.84892014659e-05, 2.35305760725e-05, 3.71239548258e-05, 2.12392915273e-05, 2.12282175198e-05, 2.181320815e-05, 2.39195014728e-05, 3.77899123123e-05, 2.5731520509e-05, 1.63729910128e-05, 2.67702853307e-05, 2.49126296694e-05, 2.12184258999e-05, 2.12024024222e-05, 1.80888855539e-05, 1.80744809768e-05, 1.82383591891e-05, 1.31694578158e-05, 1.20461827464e-05, 1.66339177667e-05, 1.50014484461e-05, 1.08407366497e-05, 1.10970431706e-05, 7.7792274169e-06, 5.21481979376e-06, 3.81636073143e-06, 3.32577587869e-06, 3.24667826135e-06, 3.39741404787e-06, 3.16861792271e-06, 2.5577633096e-06, 2.41299494519e-06, 2.38926827478e-06, 1.70788564446e-06, 1.46069680795e-06, 1.64968639638e-06, 1.36523533456e-06, 1.28673741528e-06, 1.29121713144e-06, 1.07840617147e-06, 8.43664281547e-07, 7.94289746864e-07, 8.3799704953e-07, 7.14690145287e-07, 5.94523214659e-07, 6.2995280814e-07, 6.34186903881e-07, 6.30181830275e-07, 5.99327222517e-07, 5.5774643215e-07, 5.06107653564e-07, 5.02503382904e-07, 4.46099392093e-07, 4.02565206059e-07, 3.23548192682e-07, 2.37518818835e-07, 1.65427749721e-07, 1.36198949008e-07, 1.12417524178e-07, 8.6881378536e-08, 6.31367029769e-08, 5.21180929525e-08, 4.67421692463e-08, 4.27406803283e-08, 4.14363263701e-08, 4.02149531453e-08, 3.3656249343e-08, 2.59054591112e-08, 2.38357920068e-08, 2.43704718628e-08, 2.15174278395e-08, 1.85332282854e-08, 1.79200068118e-08, 1.08292992351e-08, 7.06380864912e-09, 4.86710227676e-09, 3.70346797673e-09, 3.19115800451e-09, 2.73224487479e-09, 2.1680430784e-09, 1.59852486803e-09, 1.1240344211e-09, 3.29680033273e-10]
    },
    "mfcc": {
        "mean": [-744.893798828, 165.537872314, -3.47175836563, 27.0491256714, 2.2508354187, -4.82674694061, 1.00937724113, 3.06605601311, 0.822476327419, -1.85105931759, -7.55009508133, -3.94812202454, -3.88701295853],
        "cov": [[29363.5175781, -5678.59570312, -2220.04907227, 498.95199585, 104.363830566, 667.974121094, 333.812011719, 946.577148438, 281.527038574, 595.343566895, 524.105651855, 417.12387085, 179.393295288], [-5678.59570312, 3416.14746094, 250.075942993, -196.462905884, -83.4970779419, -331.691192627, -45.7193374634, -278.153289795, -72.1723480225, -184.438858032, -153.240753174, -143.481903076, -49.5999259949], [-2220.04907227, 250.075942993, 901.263916016, 8.30968666077, 17.312002182, 104.923339844, -27.2776489258, -31.4685173035, -34.4276275635, -46.4225959778, -15.5454359055, 40.5506782532, -0.502433478832], [498.95199585, -196.462905884, 8.30968666077, 498.881561279, 31.3601322174, 128.496002197, 81.9399261475, 15.6826925278, 77.2472915649, 40.6967468262, 25.7746067047, 33.5607566833, -10.297372818], [104.363830566, -83.4970779419, 17.312002182, 31.3601322174, 215.334823608, 33.9139404297, 21.1104717255, 12.7216567993, 15.8025798798, 31.0384845734, 10.8960924149, 20.149805069, 21.1837005615], [667.974121094, -331.691192627, 104.923339844, 128.496002197, 33.9139404297, 323.386291504, 62.1347846985, 62.7404823303, 65.6001586914, 59.2212028503, 60.7781486511, 58.0743255615, 13.658955574], [333.812011719, -45.7193374634, -27.2776489258, 81.9399261475, 21.1104717255, 62.1347846985, 157.552780151, 46.5119476318, 25.0291099548, 43.0926361084, 38.2500343323, 21.7130718231, -9.81240463257], [946.577148438, -278.153289795, -31.4685173035, 15.6826925278, 12.7216567993, 62.7404823303, 46.5119476318, 153.850662231, 28.8537788391, 13.0159721375, 27.3793983459, 37.2268486023, 18.0809669495], [281.527038574, -72.1723480225, -34.4276275635, 77.2472915649, 15.8025798798, 65.6001586914, 25.0291099548, 28.8537788391, 118.713348389, 34.7055015564, 13.4634838104, 24.5097312927, 8.67957401276], [595.343566895, -184.438858032, -46.4225959778, 40.6967468262, 31.0384845734, 59.2212028503, 43.0926361084, 13.0159721375, 34.7055015564, 139.943130493, 59.6893157959, -0.248383358121, -8.02049922943], [524.105651855, -153.240753174, -15.5454359055, 25.7746067047, 10.8960924149, 60.7781486511, 38.2500343323, 27.3793983459, 13.4634838104, 59.6893157959, 117.769882202, 37.6248512268, -1.88578140736], [417.12387085, -143.481903076, 40.5506782532, 33.5607566833, 20.149805069, 58.0743255615, 21.7130718231, 37.2268486023, 24.5097312927, -0.248383358121, 37.6248512268, 101.897377014, 33.7841911316], [179.393295288, -49.5999259949, -0.502433478832, -10.297372818, 21.1837005615, 13.658955574, -9.81240463257, 18.0809669495, 8.67957401276, -8.02049922943, -1.88578140736, 33.7841911316, 76.6136169434]],
        "icov": [[7.42283373256e-05, 7.27620281396e-05, 0.000161708623637, -2.90930602205e-05, 3.38603822456e-05, -3.77026663045e-05, 4.62653806608e-05, -0.000245799019467, 8.27947515063e-05, -0.000149297455209, -3.17098420055e-05, -0.00016260202392, -2.23451515922e-05], [7.27620281396e-05, 0.000493929313961, 1.10339587991e-05, 9.38459124882e-05, 7.12273540557e-05, 0.000253649108345, -0.000375294621335, 0.00041881488869, -0.000239262721152, 0.000340175029123, -3.35218901455e-05, 0.000231191152125, -8.97955615073e-05], [0.000161708623637, 1.10339587991e-05, 0.00169285247102, -7.4588067946e-05, -7.14622510714e-05, -0.000858095474541, 0.000467068050057, -0.00036043007276, 0.000862024200615, -0.000131450389745, 0.000269894284429, -0.0011891402537, 0.000366796884919], [-2.90930602205e-05, 9.38459124882e-05, -7.4588067946e-05, 0.0025854234118, -0.000155968213221, -0.000592366908677, -0.00112076965161, 0.000827047857456, -0.00129357574042, 0.000262605200987, 0.000269552663667, -0.000243525937549, 0.000573955767322], [3.38603822456e-05, 7.12273540557e-05, -7.14622510714e-05, -0.000155968213221, 0.00508233113214, -6.1007693148e-05, -0.000404005986638, -3.62849641533e-05, 3.55911106453e-05, -0.00129413127434, 0.000477169523947, -0.000562447239645, -0.00137191975955], [-3.77026663045e-05, 0.000253649108345, -0.000858095474541, -0.000592366908677, -6.1007693148e-05, 0.00493269879371, -0.000757884641644, -0.000496673048474, -0.00163356005214, -0.000595963385422, -0.00101188139524, -0.000528997043148, -0.000344111584127], [4.62653806608e-05, -0.000375294621335, 0.000467068050057, -0.00112076965161, -0.000404005986638, -0.000757884641644, 0.00893182307482, -0.00280180969276, 0.000621311599389, -0.0020011048764, -0.000794085965026, -0.0013811159879, 0.0018627444515], [-0.000245799019467, 0.00041881488869, -0.00036043007276, 0.000827047857456, -3.62849641533e-05, -0.000496673048474, -0.00280180969276, 0.0101346680894, -0.00175281288102, 0.00193971383851, -0.000457474670839, -0.000374787050532, -0.00114093115553], [8.27947515063e-05, -0.000239262721152, 0.000862024200615, -0.00129357574042, 3.55911106453e-05, -0.00163356005214, 0.000621311599389, -0.00175281288102, 0.0115792173892, -0.00298908445984, 0.00176040048245, -0.00253512850031, -0.000205828939215], [-0.000149297455209, 0.000340175029123, -0.000131450389745, 0.000262605200987, -0.00129413127434, -0.000595963385422, -0.0020011048764, 0.00193971383851, -0.00298908445984, 0.0121774123982, -0.00549615593627, 0.00414599711075, 4.17796218244e-06], [-3.17098420055e-05, -3.35218901455e-05, 0.000269894284429, 0.000269552663667, 0.000477169523947, -0.00101188139524, -0.000794085965026, -0.000457474670839, 0.00176040048245, -0.00549615593627, 0.0137962279841, -0.0055396668613, 0.00215285806917], [-0.00016260202392, 0.000231191152125, -0.0011891402537, -0.000243525937549, -0.000562447239645, -0.000528997043148, -0.0013811159879, -0.000374787050532, -0.00253512850031, 0.00414599711075, -0.0055396668613, 0.0169336013496, -0.00623102625832], [-2.23451515922e-05, -8.97955615073e-05, 0.000366796884919, 0.000573955767322, -0.00137191975955, -0.000344111584127, 0.0018627444515, -0.00114093115553, -0.000205828939215, 4.17796218244e-06, 0.00215285806917, -0.00623102625832, 0.016899202019]]
    },
    "spectral_contrast_coeffs": {
        "mean": [-0.690044820309, -0.761284530163, -0.767215430737, -0.807644307613, -0.805698752403, -0.7822265625]
    },
    "spectral_contrast_valleys": {
        "mean": [-7.17282581329, -7.27457237244, -8.09610462189, -8.55382537842, -8.72380256653, -11.9722394943]
    }
},
"rhythm": {
    "beats_count": 550,
    "beats_loudness": {
        "mean": 0.0239934176207
    },
    "bpm": 128.255599976,
    "bpm_histogram_first_peak_bpm": 129,
    "bpm_histogram_first_peak_weight": 0.466666638851,
    "bpm_histogram_second_peak_bpm": 123,
    "bpm_histogram_second_peak_spread": 0.330827057362,
    "bpm_histogram_second_peak_weight": 0.162112936378,
    "danceability": 0.967427134514,
    "onset_rate": 2.6461224556,
    "beats_loudness_band_ratio": {
        "mean": [0.514632582664, 0.181865245104, 0.152206689119, 0.0971264019608, 0.0653429031372, 0.0317902192473]
    },
    "beats_position": [0.49922901392, 1.01006805897, 1.52090704441, 2.02013611794, 2.54258489609, 3.06503391266, 3.58748292923, 4.08671188354, 4.57433080673, 5.06195020676, 5.53795909882, 6.025578022, 6.5015873909, 6.97759628296, 7.45360517502, 7.94122457504, 8.4172334671, 8.90485286713, 9.38086128235, 9.85687065125, 10.3444900513, 10.8204984665, 11.2965078354, 11.7725172043, 12.2601356506, 12.7477550507, 13.235373497, 13.7113828659, 14.1873922348, 14.66340065, 15.1394100189, 15.6154193878, 16.0914287567, 16.5790481567, 17.0666656494, 17.5426750183, 18.0186843872, 18.4946937561, 18.970703125, 19.4467124939, 19.9227199554, 20.4103393555, 20.8979587555, 21.3739681244, 21.8499774933, 22.3259868622, 22.8136043549, 23.3012237549, 23.7772331238, 24.2532424927, 24.7408618927, 25.2168693542, 25.7044887543, 26.1804981232, 26.6565074921, 27.132516861, 27.6085262299, 28.0961437225, 28.5837631226, 29.0597724915, 29.5357818604, 30.0117912292, 30.4878005981, 30.9754180908, 31.4514274597, 31.9390468597, 32.4266662598, 32.9026756287, 33.3786849976, 33.8546943665, 34.3307037354, 34.8067131042, 35.2827186584, 35.7587280273, 36.2463493347, 36.7339668274, 37.2099761963, 37.6975975037, 38.1736030579, 38.6496124268, 39.1256217957, 39.613243103, 40.1008605957, 40.5768699646, 41.0528793335, 41.5288887024, 42.0048980713, 42.4809074402, 42.9569168091, 43.4445343018, 43.9321517944, 44.4197731018, 44.9073905945, 45.3950119019, 45.8710212708, 46.347026825, 46.8230361938, 47.3106575012, 47.7866668701, 48.262676239, 48.7386856079, 49.2146911621, 49.690700531, 50.1667098999, 50.6427192688, 51.1303405762, 51.6179580688, 52.1055755615, 52.5931968689, 53.0692062378, 53.5452156067, 54.0328330994, 54.5088424683, 54.9848518372, 55.4608612061, 55.936870575, 56.4244880676, 56.9004974365, 57.3765068054, 57.8525161743, 58.3285255432, 58.8161430359, 59.2921524048, 59.7797737122, 60.2557830811, 60.7434005737, 61.2194099426, 61.7070274353, 62.1830368042, 62.6474380493, 63.135055542, 63.6226730347, 64.1102905273, 64.5863037109, 65.0623092651, 65.5499343872, 66.0259399414, 66.5019454956, 66.9895706177, 67.4655761719, 67.9531936646, 68.4292068481, 68.9052124023, 69.3812255859, 69.8572311401, 70.3332443237, 70.8208618164, 71.2968673706, 71.7844848633, 72.2721099854, 72.7481155396, 73.2241287231, 73.7001342773, 74.1761474609, 74.6637649536, 75.1397705078, 75.6273880005, 76.1034011841, 76.5794067383, 77.0554199219, 77.5314254761, 78.0190429688, 78.5066680908, 78.982673645, 79.4586868286, 79.9346923828, 80.410697937, 80.8983230591, 81.3859405518, 81.8735580444, 82.349571228, 82.8255767822, 83.3131942749, 83.7892074585, 84.2652130127, 84.7412261963, 85.2172317505, 85.7048492432, 86.1924667358, 86.6800918579, 87.1560974121, 87.6321105957, 88.1081161499, 88.5841217041, 89.0601348877, 89.5361404419, 90.023765564, 90.4997711182, 90.9873886108, 91.4634017944, 91.9394073486, 92.4154205322, 92.9030380249, 93.3906555176, 93.8666687012, 94.3426742554, 94.8186798096, 95.3063049316, 95.7823104858, 96.2583236694, 96.7343292236, 97.1987304688, 97.6631240845, 98.1275253296, 98.5919265747, 99.0563278198, 99.5207214355, 99.9851226807, 100.449523926, 100.913917542, 101.378318787, 101.842720032, 102.307121277, 102.771514893, 103.235916138, 103.688705444, 104.164710999, 104.629112244, 105.093513489, 105.557914734, 106.02230835, 106.486709595, 106.95111084, 107.415504456, 107.903129578, 108.367523193, 108.855148315, 109.307937622, 109.760726929, 110.225120544, 110.68952179, 111.142311096, 111.595100403, 112.059501648, 112.523895264, 112.988296509, 113.464309692, 113.940315247, 114.404716492, 114.869110107, 115.333511353, 115.797912598, 116.262313843, 116.726707458, 117.191108704, 117.655509949, 118.119903564, 118.58430481, 119.048706055, 119.5131073, 119.977500916, 120.441902161, 120.906303406, 121.370697021, 121.835098267, 122.299499512, 122.763900757, 123.239906311, 123.704307556, 124.168708801, 124.633102417, 125.109115601, 125.561904907, 126.014694214, 126.490699768, 126.966712952, 127.431106567, 127.883895874, 128.359909058, 128.824310303, 129.288711548, 129.753097534, 130.217498779, 130.681900024, 131.14630127, 131.610702515, 132.063491821, 132.516281128, 132.980682373, 133.468292236, 133.932693481, 134.397094727, 134.861495972, 135.325897217, 135.790298462, 136.254684448, 136.719085693, 137.183486938, 137.647888184, 138.112289429, 138.576690674, 139.041091919, 139.505477905, 139.96987915, 140.434280396, 140.898681641, 141.363082886, 141.827484131, 142.291885376, 142.756271362, 143.220672607, 143.685073853, 144.149475098, 144.613876343, 145.089889526, 145.565887451, 146.030288696, 146.494689941, 146.959091187, 147.423492432, 147.887893677, 148.352294922, 148.816680908, 149.281082153, 149.745483398, 150.209884644, 150.674285889, 151.138687134, 151.603088379, 152.067474365, 152.53187561, 153.007888794, 153.472290039, 153.925079346, 154.389480591, 154.853881836, 155.318267822, 155.782669067, 156.247070312, 156.711471558, 157.175872803, 157.640274048, 158.116271973, 158.580673218, 159.045074463, 159.509475708, 159.973876953, 160.449890137, 160.914276123, 161.378677368, 161.843078613, 162.307479858, 162.771881104, 163.247894287, 163.723892212, 164.188293457, 164.652694702, 165.117095947, 165.569885254, 166.022674561, 166.487075806, 166.951477051, 167.415863037, 167.880264282, 168.344665527, 168.809066772, 169.273468018, 169.737869263, 170.202270508, 170.666656494, 171.131057739, 171.595458984, 172.059860229, 172.535873413, 173.011871338, 173.476272583, 173.940673828, 174.405075073, 174.869476318, 175.333877563, 175.798278809, 176.262680054, 176.72706604, 177.191467285, 177.65586853, 178.120269775, 178.584671021, 179.049072266, 179.513473511, 179.977859497, 180.442260742, 180.906661987, 181.371063232, 181.835464478, 182.299865723, 182.764266968, 183.228652954, 183.693054199, 184.157455444, 184.621856689, 185.086257935, 185.55065918, 186.015060425, 186.479446411, 186.967071533, 187.431472778, 187.895874023, 188.360275269, 188.824661255, 189.2890625, 189.753463745, 190.206253052, 190.682266235, 191.14666748, 191.611068726, 192.075454712, 192.539855957, 193.004257202, 193.468658447, 193.933059692, 194.397460938, 194.861862183, 195.326248169, 195.790649414, 196.255050659, 196.719451904, 197.195465088, 197.671463013, 198.135864258, 198.588653564, 199.041442871, 199.505844116, 199.970245361, 200.434646606, 200.91065979, 201.386657715, 201.85105896, 202.303848267, 202.768249512, 203.221038818, 203.685440063, 204.149841309, 204.625839233, 205.101852417, 205.566253662, 206.030654907, 206.495056152, 206.959457397, 207.423858643, 207.888244629, 208.352645874, 208.817047119, 209.281448364, 209.745849609, 210.210250854, 210.6746521, 211.139038086, 211.603439331, 212.079452515, 212.555465698, 213.019866943, 213.47265625, 213.937042236, 214.389831543, 214.854232788, 215.318634033, 215.794647217, 216.2706604, 216.735046387, 217.187835693, 217.652236938, 218.105026245, 218.56942749, 219.033828735, 219.509841919, 219.985839844, 220.450241089, 220.914642334, 221.379043579, 221.843444824, 222.319458008, 222.795455933, 223.283081055, 223.770706177, 224.25831604, 224.745941162, 225.245162964, 225.744400024, 226.243621826, 226.742858887, 227.242080688, 227.741317749, 228.240539551, 228.728164673, 229.227386475, 229.715011597, 230.214233398, 230.713470459, 231.212692261, 231.711929321, 232.211151123, 232.710388184, 233.209609985, 233.708831787, 234.196456909, 234.684082031, 235.183303833, 235.682540894, 236.181762695, 236.669387817, 237.156997681, 237.656234741, 238.155456543, 238.654693604, 239.153915405, 239.653152466, 240.152374268, 240.651611328, 241.139221191, 241.638458252, 242.126068115, 242.625305176, 243.124526978, 243.623764038, 244.111373901, 244.598999023, 245.098220825, 245.597457886, 246.085067749, 246.58430481, 247.071929932, 247.571151733, 248.070373535, 248.569610596, 249.068832397, 249.568069458, 250.05569458, 250.554916382, 251.054138184, 251.553375244, 252.052597046, 252.563446045, 253.085891724, 253.596725464, 254.107574463, 254.548751831, 254.989929199, 255.442718506, 255.895507812, 256.348297119, 256.801086426, 257.253875732, 257.706665039, 258.159454346, 258.623840332, 259.088256836, 259.541046143, 259.993835449, 260.446624756, 260.899414062],
    "bpm_histogram": [0, 0, 0, 0, 0, 0, 0, 0, 0, 0, 0, 0, 0, 0, 0, 0, 0, 0, 0, 0, 0, 0, 0, 0, 0, 0, 0, 0, 0, 0, 0, 0, 0, 0, 0, 0, 0, 0, 0, 0, 0, 0, 0, 0, 0, 0, 0, 0, 0, 0, 0, 0, 0, 0, 0, 0, 0, 0, 0, 0, 0, 0, 0, 0, 0, 0, 0, 0, 0, 0, 0, 0, 0, 0, 0, 0, 0, 0, 0, 0, 0, 0, 0, 0, 0, 0, 0, 0, 0, 0, 0, 0, 0, 0, 0, 0, 0, 0, 0, 0, 0, 0, 0, 0, 0, 0, 0, 0, 0, 0, 0, 0, 0, 0, 0, 0.00728597445413, 0, 0.00910746771842, 0, 0, 0.0801457166672, 0, 0, 0.162112936378, 0, 0, 0.284153014421, 0, 0, 0.393442630768, 0, 0, 0, 0.0601092912257, 0, 0, 0.00364298722707, 0, 0, 0, 0, 0, 0, 0, 0, 0, 0, 0, 0, 0, 0, 0, 0, 0, 0, 0, 0, 0, 0, 0, 0, 0, 0, 0, 0, 0, 0, 0, 0, 0, 0, 0, 0, 0, 0, 0, 0, 0, 0, 0, 0, 0, 0, 0, 0, 0, 0, 0, 0, 0, 0, 0, 0, 0, 0, 0, 0, 0, 0, 0, 0, 0, 0, 0, 0, 0, 0, 0, 0, 0, 0, 0, 0, 0, 0, 0, 0, 0, 0, 0, 0, 0, 0, 0, 0, 0, 0, 0, 0, 0, 0, 0, 0, 0, 0, 0, 0, 0, 0, 0, 0, 0, 0, 0, 0, 0, 0, 0, 0, 0]
},
"tonal": {
    "chords_changes_rate": 0.0541548281908,
    "chords_number_rate": 0.00142045458779,
    "chords_strength": {
        "mean": 0.505770087242
    },
    "hpcp_crest": {
        "mean": 14.8550872803
    },
    "hpcp_entropy": {
        "mean": 1.87074100971
    },
    "key_edma": {
        "strength": 0.700566530228,
        "key": "Ab",
        "scale": "minor"
    },
    "key_krumhansl": {
        "strength": 0.708395004272,
        "key": "Ab",
        "scale": "minor"
    },
    "key_temperley": {
        "strength": 0.698939681053,
        "key": "Ab",
        "scale": "minor"
    },
    "tuning_diatonic_strength": 0.51569378376,
    "tuning_equal_tempered_deviation": 0.0104904808104,
    "tuning_frequency": 441.017791748,
    "tuning_nontempered_energy_ratio": 0.662527680397,
    "hpcp": {
        "mean": [0.0390807949007, 0.039401691407, 0.115406349301, 0.185411497951, 0.151239797473, 0.18772816658, 0.250007897615, 0.163745388389, 0.0807933360338, 0.0680348798633, 0.0720446631312, 0.154767096043, 0.227449700236, 0.153078630567, 0.0708996132016, 0.064506098628, 0.0906993746758, 0.266480416059, 0.366942048073, 0.210101619363, 0.137062937021, 0.146106079221, 0.0852661803365, 0.0506636872888, 0.0481030009687, 0.0505556836724, 0.125136077404, 0.176836401224, 0.100514084101, 0.0469659566879, 0.0481033474207, 0.0466616749763, 0.125809550285, 0.200894787908, 0.130444452167, 0.053064558655]
    },
    "chords_histogram": [15.1811075211, 19.7443180084, 16.3352279663, 8.04332351685, 0.870028436184, 0.5859375, 0.390625, 7.63494300842, 0.426136374474, 7.47514200211, 0.106534093618, 0.248579546809, 0, 0.763494312763, 0, 0, 0, 0, 0, 0, 0.0710227265954, 0, 11.7009944916, 10.4225854874],
    "thpcp": [1, 0.57257437706, 0.373527467251, 0.398172080517, 0.232369616628, 0.138070002198, 0.131091549993, 0.137775659561, 0.34102410078, 0.481919139624, 0.27392360568, 0.127992838621, 0.131092488766, 0.127163603902, 0.342859447002, 0.547483682632, 0.355490595102, 0.144612908363, 0.106504000723, 0.107378512621, 0.314508378506, 0.505288243294, 0.41216263175, 0.511601686478, 0.681327998638, 0.446243196726, 0.220180094242, 0.185410425067, 0.196337983012, 0.421775311232, 0.619851827621, 0.417173862457, 0.193217471242, 0.17579369247, 0.247176289558, 0.72621935606],
    "chords_key": "B",
    "chords_scale": "major"
}
}