{
"metadata": {
    "version": {
        "essentia": "2.1-beta6-dev",
        "essentia_git_sha": "v2.1_beta5-1177-g1d1cc983",
        "extractor": "music 2.0"
    },
    "audio_properties": {
        "analysis": {
            "equal_loudness": 0,
            "length": 262.393981934,
            "sample_rate": 44100,
            "start_time": 0,
            "downmix": "mix"
        },
        "bit_rate": 1411200,
        "length": 262.393981934,
        "lossless": 1,
        "number_channels": 2,
        "replay_gain": -10.9826545715,
        "sample_rate": 44100,
        "codec": "pcm_s16le",
        "md5_encoded": "31b7a338518daedc238911163174837e"
    },
    "tags": {
        "file_name": "07 - All Get Out - First Contact.wav",
        "album": ["No Bouquet"],
        "albumartist": ["All Get Out"],
        "artist": ["All Get Out"],
        "composer": ["Nathan Michael Hussey"],
        "copyright": ["(C) 2018 Equal Vision Records, Inc. (P) 2018 Equal Vision Records, Inc."],
        "date": ["2018"],
        "discnumber": ["1"],
        "disctotal": ["1"],
        "genre": ["Alternative & Indie"],
        "isrc": ["US3X51838809"],
        "title": ["First Contact"],
        "tracknumber": ["7"],
        "tracktotal": ["10"]
    }
},
"lowlevel": {
    "average_loudness": 0.931559801102,
    "barkbands_crest": {
        "mean": 10.3502168655
    },
    "barkbands_flatness_db": {
        "mean": 0.125492498279
    },
    "barkbands_kurtosis": {
        "mean": 3.1643807888
    },
    "barkbands_skewness": {
        "mean": 1.41474711895
    },
    "barkbands_spread": {
        "mean": 25.7416057587
    },
    "dissonance": {
        "mean": 0.470281779766
    },
    "dynamic_complexity": 2.5039126873,
    "erbbands_crest": {
        "mean": 7.75257539749
    },
    "erbbands_flatness_db": {
        "mean": 0.149117484689
    },
    "erbbands_kurtosis": {
        "mean": 0.12588840723
    },
    "erbbands_skewness": {
        "mean": 0.134332314134
    },
    "erbbands_spread": {
        "mean": 38.7522773743
    },
    "hfc": {
        "mean": 24.141664505
    },
    "loudness_ebu128": {
        "integrated": -11.3135957718,
        "loudness_range": 6.05356121063,
        "momentary": {
            "mean": -12.252073288
        },
        "short_term": {
            "mean": -11.9946289062
        }
    },
    "melbands_crest": {
        "mean": 13.8774280548
    },
    "melbands_flatness_db": {
        "mean": 0.188618659973
    },
    "melbands_kurtosis": {
        "mean": 11.4455127716
    },
    "melbands_skewness": {
        "mean": 2.56378626823
    },
    "melbands_spread": {
        "mean": 25.8565711975
    },
    "pitch_salience": {
        "mean": 0.526317715645
    },
    "silence_rate_20dB": {
        "mean": 1
    },
    "silence_rate_30dB": {
        "mean": 0.9965493083
    },
    "silence_rate_60dB": {
        "mean": 0.0364537239075
    },
    "spectral_centroid": {
        "mean": 1500.84289551
    },
    "spectral_complexity": {
        "mean": 25.5417633057
    },
    "spectral_decrease": {
        "mean": -7.74492292521e-09
    },
    "spectral_energy": {
        "mean": 0.0314207859337
    },
    "spectral_energyband_high": {
        "mean": 0.00101334112696
    },
    "spectral_energyband_low": {
        "mean": 0.0137963350862
    },
    "spectral_energyband_middle_high": {
        "mean": 0.00690599344671
    },
    "spectral_energyband_middle_low": {
        "mean": 0.0107056768611
    },
    "spectral_entropy": {
        "mean": 7.71241140366
    },
    "spectral_flux": {
        "mean": 0.0803731605411
    },
    "spectral_kurtosis": {
        "mean": 4.2314491272
    },
    "spectral_rms": {
        "mean": 0.00523812882602
    },
    "spectral_rolloff": {
        "mean": 1469.68664551
    },
    "spectral_skewness": {
        "mean": 1.41870868206
    },
    "spectral_spread": {
        "mean": 4309834
    },
    "spectral_strongpeak": {
        "mean": 0.744225203991
    },
    "zerocrossingrate": {
        "mean": 0.0593125186861
    },
    "barkbands": {
        "mean": [9.00250379345e-05, 0.00927161797881, 0.00363801885396, 0.00132087513339, 0.00338252540678, 0.00169142300729, 0.00113726325799, 0.0015142908087, 0.00129169190768, 0.00117332441732, 0.000878688879311, 0.000688097032253, 0.000595077814069, 0.000399204174755, 0.000590542214923, 0.000870681193192, 0.000644927087706, 0.000431031308835, 0.000542967347428, 0.000390690518543, 0.000257266394328, 0.000192291699932, 0.000172968721017, 0.000157294110977, 7.54242064431e-05, 1.87897057913e-05, 3.72808312932e-06]
    },
    "erbbands": {
        "mean": [0.169278100133, 2.4076488018, 4.89099597931, 4.41581964493, 8.36083030701, 10.3045864105, 13.1057891846, 14.0065851212, 15.4161624908, 28.8962078094, 25.9718112946, 29.7147827148, 35.0730056763, 33.8308029175, 33.7954330444, 27.8077487946, 28.5802974701, 20.631685257, 25.6028060913, 36.9854660034, 47.5559921265, 35.8099899292, 26.2318782806, 21.5324382782, 30.4114761353, 17.5982303619, 11.7941484451, 8.8847026825, 6.78736066818, 5.27515029907, 5.19198942184, 3.77195000648, 2.31819462776, 1.11126828194, 0.393388211727, 0.109438866377, 0.0290904622525, 0.00674710702151, 0.000610953604337, 6.16659381194e-05]
    },
    "gfcc": {
        "mean": [17.7254600525, 97.5450592041, -123.475967407, 37.9458236694, -54.2949523926, 13.3107833862, -33.7360153198, 11.5472078323, -20.6507377625, -0.819914579391, -13.4233455658, -2.49346709251, -6.17288017273],
        "cov": [[6197.29589844, -2201.08837891, 337.438934326, 829.574707031, -493.276916504, 957.191589355, -235.725769043, 538.442565918, 266.587219238, 319.717468262, 72.3703384399, 244.193450928, -138.136917114], [-2201.08837891, 1666.49609375, -332.115112305, -328.535705566, 454.041229248, -429.806732178, 304.829284668, -198.610031128, 21.9304351807, -102.565139771, 72.0279464722, -116.93800354, 160.694259644], [337.438934326, -332.115112305, 570.571899414, 207.93409729, -119.348876953, 132.216308594, -82.7882385254, 12.4243984222, 33.0421524048, 58.5429115295, -4.40298557281, 40.9546546936, -28.8875732422], [829.574707031, -328.535705566, 207.93409729, 411.839080811, -13.7343568802, 173.848937988, -7.27558946609, 116.579116821, 75.8724746704, 65.9309997559, 37.7230567932, 75.7052459717, 7.10275506973], [-493.276916504, 454.041229248, -119.348876953, -13.7343568802, 411.405883789, -18.201877594, 186.713058472, 28.783788681, 59.5004768372, 11.4641056061, 36.1661148071, -4.76451444626, 64.8922729492], [957.191589355, -429.806732178, 132.216308594, 173.848937988, -18.201877594, 324.466522217, 10.4458141327, 128.341766357, 61.8745918274, 82.8089141846, 22.5991153717, 59.3808364868, -16.4626998901], [-235.725769043, 304.829284668, -82.7882385254, -7.27558946609, 186.713058472, 10.4458141327, 215.884460449, 49.5698394775, 49.1677742004, 13.4347362518, 32.183177948, 12.0096120834, 54.82264328], [538.442565918, -198.610031128, 12.4243984222, 116.579116821, 28.783788681, 128.341766357, 49.5698394775, 184.055511475, 79.2404556274, 47.0994377136, 28.499797821, 50.0492362976, 5.42324113846], [266.587219238, 21.9304351807, 33.0421524048, 75.8724746704, 59.5004768372, 61.8745918274, 49.1677742004, 79.2404556274, 117.057350159, 59.4710769653, 33.4816207886, 17.5699577332, 20.2700195312], [319.717468262, -102.565139771, 58.5429115295, 65.9309997559, 11.4641056061, 82.8089141846, 13.4347362518, 47.0994377136, 59.4710769653, 88.0583267212, 37.4391517639, 29.3216342926, 3.02003931999], [72.3703384399, 72.0279464722, -4.40298557281, 37.7230567932, 36.1661148071, 22.5991153717, 32.183177948, 28.499797821, 33.4816207886, 37.4391517639, 84.3415145874, 41.1579856873, 25.0353069305], [244.193450928, -116.93800354, 40.9546546936, 75.7052459717, -4.76451444626, 59.3808364868, 12.0096120834, 50.0492362976, 17.5699577332, 29.3216342926, 41.1579856873, 90.7258071899, 35.1502761841], [-138.136917114, 160.694259644, -28.8875732422, 7.10275506973, 64.8922729492, -16.4626998901, 54.82264328, 5.42324113846, 20.2700195312, 3.02003931999, 25.0353069305, 35.1502761841, 80.9315719604]],
        "icov": [[0.000532747886609, 0.000380514480639, 0.000394667149521, -0.000440515170339, 0.000362702267012, -0.000755166518502, 0.000120960467029, -6.61698213662e-05, -0.000787116296124, -0.000143036202644, -0.000206735101528, 5.05716416228e-05, 5.5840209825e-05], [0.000380514480639, 0.00429408345371, 7.07824892743e-06, 0.00054099917179, -0.00140108377673, 0.0021953296382, -0.00300738844089, 0.00280674174428, -0.00319349649362, 0.00316564715467, -0.00535766966641, 0.0051210145466, -0.00438765669242], [0.000394667149521, 7.07824892743e-06, 0.00293637742288, -0.00151139986701, 0.000793039158452, -0.00123209622689, 0.000592856435105, 0.00118339830078, -0.00129770732019, -0.00114373210818, 0.00121253472753, -0.00133481901139, 0.00104528781958], [-0.000440515170339, 0.00054099917179, -0.00151139986701, 0.00473550334573, -0.000914711796213, 0.000245576753514, -0.000113376197987, -0.00054953066865, -0.00103707448579, 0.00137332035229, -0.00137451279443, -0.000495176005643, -0.00103538448457], [0.000362702267012, -0.00140108377673, 0.000793039158452, -0.000914711796213, 0.00530305271968, -0.001615516725, -0.00178538623732, -0.000776433327701, -0.00045152704115, -0.00136327627115, 0.00141131225973, -0.000667690008413, 0.000462471914943], [-0.000755166518502, 0.0021953296382, -0.00123209622689, 0.000245576753514, -0.001615516725, 0.00888098590076, -0.00276419310831, -0.00069623591844, 0.000537072541192, -0.00157644820865, -0.00178514316212, 0.00182537001092, -0.00140452198684], [0.000120960467029, -0.00300738844089, 0.000592856435105, -0.000113376197987, -0.00178538623732, -0.00276419310831, 0.011484590359, -0.0041591222398, 0.00123680836987, -0.00211110385135, 0.002885135822, -0.00267647835426, -0.000193289160961], [-6.61698213662e-05, 0.00280674174428, 0.00118339830078, -0.00054953066865, -0.000776433327701, -0.00069623591844, -0.0041591222398, 0.0142954271287, -0.00906161312014, 0.00475621316582, -0.00246248207986, -0.00223336787894, 0.000948920496739], [-0.000787116296124, -0.00319349649362, -0.00129770732019, -0.00103707448579, -0.00045152704115, 0.000537072541192, 0.00123680836987, -0.00906161312014, 0.0233873035759, -0.0127088092268, 0.00177387706935, 0.00372719531879, -0.00268493266776], [-0.000143036202644, 0.00316564715467, -0.00114373210818, 0.00137332035229, -0.00136327627115, -0.00157644820865, -0.00211110385135, 0.00475621316582, -0.0127088092268, 0.0275461468846, -0.0106248687953, 0.000873528362717, -0.000112302048365], [-0.000206735101528, -0.00535766966641, 0.00121253472753, -0.00137451279443, 0.00141131225973, -0.00178514316212, 0.002885135822, -0.00246248207986, 0.00177387706935, -0.0106248687953, 0.0263345316052, -0.0145950056612, 0.00569923175499], [5.05716416228e-05, 0.0051210145466, -0.00133481901139, -0.000495176005643, -0.000667690008413, 0.00182537001092, -0.00267647835426, -0.00223336787894, 0.00372719531879, 0.000873528362717, -0.0145950056612, 0.0313360318542, -0.0177065692842], [5.5840209825e-05, -0.00438765669242, 0.00104528781958, -0.00103538448457, 0.000462471914943, -0.00140452198684, -0.000193289160961, 0.000948920496739, -0.00268493266776, -0.000112302048365, 0.00569923175499, -0.0177065692842, 0.0276421625167]]
    },
    "melbands": {
        "mean": [0.00215844623744, 0.00277743884362, 0.000853658362757, 0.000744445133023, 0.000449004932307, 0.00031962004141, 0.000224010596867, 0.000337625358952, 0.000208301804378, 0.000187599594938, 0.000176275862032, 0.000139649826451, 0.000105628249003, 8.11687132227e-05, 7.79265610618e-05, 5.37055348104e-05, 3.65599844372e-05, 3.75286435883e-05, 5.08138837176e-05, 5.6369946833e-05, 5.51657176402e-05, 3.90863751818e-05, 2.76693117485e-05, 1.88370868273e-05, 1.62143205671e-05, 2.41891393671e-05, 1.90406299225e-05, 9.63177171798e-06, 7.09488540451e-06, 6.25814709565e-06, 5.00611895404e-06, 3.89750675822e-06, 3.381406259e-06, 2.70988471129e-06, 3.07339905703e-06, 2.64957179752e-06, 2.14856686398e-06, 1.62601781994e-06, 1.37276038004e-06, 7.97586551471e-07]
    },
    "melbands128": {
        "mean": [8.51591248647e-05, 0.00077234976925, 0.00332640600391, 0.0042653339915, 0.0030607348308, 0.00153637933545, 0.000888682203367, 0.000578881008551, 0.000854772515595, 0.00100678089075, 0.000435258785728, 0.000464549550088, 0.000464381882921, 0.000415210437495, 0.0003561922058, 0.000205587595701, 0.000288252311293, 0.000196827706532, 0.000195884116692, 0.000335408054525, 0.000467122299597, 0.000182737625437, 0.000186147779459, 0.000217947614146, 0.000165574587299, 0.000224360745051, 0.000104598031612, 0.000190081220353, 0.000226824588026, 0.000120644050185, 0.000145344936755, 0.000101853554952, 6.52271701256e-05, 0.000162342301337, 8.58820203575e-05, 5.3184277931e-05, 6.56153715681e-05, 9.98717732728e-05, 7.0963127655e-05, 5.567867629e-05, 5.87117574469e-05, 3.24287175317e-05, 3.20578656101e-05, 4.17062838096e-05, 3.99433047278e-05, 3.23813401337e-05, 3.65348787454e-05, 6.86594794388e-05, 4.48047103419e-05, 3.64258157788e-05, 7.07138533471e-05, 6.18433623458e-05, 5.28277996636e-05, 5.8467630879e-05, 4.42324671894e-05, 4.01084580517e-05, 3.04167751892e-05, 2.82321361738e-05, 2.701433732e-05, 2.63927177002e-05, 1.73888893187e-05, 1.38668274303e-05, 1.66043810168e-05, 1.44058312799e-05, 1.94725907932e-05, 3.01320906146e-05, 2.19314460992e-05, 2.10698090086e-05, 2.00277427211e-05, 1.38127043101e-05, 9.32696184464e-06, 8.35863374959e-06, 5.50146705791e-06, 7.42718248148e-06, 8.20888726594e-06, 6.51962591292e-06, 5.71079635847e-06, 4.10236862081e-06, 5.26868234374e-06, 5.6525218497e-06, 3.51598919224e-06, 3.42827934219e-06, 3.89358638131e-06, 3.25742939822e-06, 3.25296400661e-06, 2.61634431808e-06, 2.57583678831e-06, 2.71287581199e-06, 3.27154521074e-06, 3.35685672326e-06, 2.4535513603e-06, 2.59508988165e-06, 2.65354788098e-06, 2.16013791032e-06, 1.81885354777e-06, 1.71126725945e-06, 1.47509069848e-06, 1.72669103904e-06, 1.49136383243e-06, 1.17239267183e-06, 8.92687523901e-07, 7.28988766241e-07, 6.97386269621e-07, 5.67547601804e-07, 4.14813030147e-07, 3.28023901375e-07, 2.78293356359e-07, 2.09681857655e-07, 1.78274063956e-07, 1.3889263073e-07, 1.14688269548e-07, 9.8901665524e-08, 8.33298727798e-08, 7.74201822651e-08, 6.81149359139e-08, 6.29347525205e-08, 4.93787872813e-08, 3.84729936798e-08, 2.68027555705e-08, 1.71119385328e-08, 1.11845590567e-08, 7.71350627815e-09, 5.18749310174e-09, 4.44855441373e-09, 3.81475340205e-09, 2.3001505145e-09, 1.14402098905e-09, 7.97483024062e-10]
    },
    "mfcc": {
        "mean": [-619.987365723, 121.593177795, -5.97491884232, 25.9414730072, 5.15542936325, 3.40444779396, 2.27855730057, 5.94753265381, 2.89843153954, 3.88830447197, -6.50882434845, 0.632125794888, 3.79004788399],
        "cov": [[6511.37353516, -2494.03808594, 682.092224121, -180.285079956, 208.430709839, 256.070892334, -69.5592575073, 335.232666016, 75.6977996826, 362.727355957, 244.466308594, 224.179260254, 107.420005798], [-2494.03808594, 1836.81762695, -672.102050781, 146.422058105, -85.4456100464, -76.0062179565, 121.066940308, -122.437110901, 66.3998336792, -111.560203552, -31.4821090698, -66.17993927, -6.83288240433], [682.092224121, -672.102050781, 737.930786133, 10.6448030472, 33.8134880066, 77.7335205078, -96.8493423462, 3.94729065895, -51.795539856, 24.1955413818, 17.3826160431, 32.4368247986, 11.1832094193], [-180.285079956, 146.422058105, 10.6448030472, 267.36026001, 57.3616447449, 20.9403839111, 34.9390945435, 30.3689460754, 48.358795166, -8.07846736908, 16.9778423309, 29.3537597656, 32.5982780457], [208.430709839, -85.4456100464, 33.8134880066, 57.3616447449, 180.034469604, 67.7216644287, 34.3614616394, 46.7080612183, 47.340473175, 47.7150154114, 32.7972679138, 42.7552833557, 41.1101264954], [256.070892334, -76.0062179565, 77.7335205078, 20.9403839111, 67.7216644287, 157.833480835, 53.5534744263, 25.7450675964, 43.6492881775, 35.9038124084, 29.1632976532, 24.2753982544, 32.0415229797], [-69.5592575073, 121.066940308, -96.8493423462, 34.9390945435, 34.3614616394, 53.5534744263, 127.416702271, 64.1907958984, 55.793094635, 18.3192672729, 22.5661907196, 23.5188007355, 27.5255813599], [335.232666016, -122.437110901, 3.94729065895, 30.3689460754, 46.7080612183, 25.7450675964, 64.1907958984, 129.185256958, 67.3519515991, 42.6585769653, 30.1021957397, 37.3934593201, 32.0509681702], [75.6977996826, 66.3998336792, -51.795539856, 48.358795166, 47.340473175, 43.6492881775, 55.793094635, 67.3519515991, 125.482276917, 56.0250091553, 31.6952667236, 24.8301525116, 33.7844238281], [362.727355957, -111.560203552, 24.1955413818, -8.07846736908, 47.7150154114, 35.9038124084, 18.3192672729, 42.6585769653, 56.0250091553, 100.732337952, 54.1888427734, 27.9218730927, 21.3054943085], [244.466308594, -31.4821090698, 17.3826160431, 16.9778423309, 32.7972679138, 29.1632976532, 22.5661907196, 30.1021957397, 31.6952667236, 54.1888427734, 83.49974823, 43.4754486084, 20.1236991882], [224.179260254, -66.17993927, 32.4368247986, 29.3537597656, 42.7552833557, 24.2753982544, 23.5188007355, 37.3934593201, 24.8301525116, 27.9218730927, 43.4754486084, 74.9622192383, 45.0350761414], [107.420005798, -6.83288240433, 11.1832094193, 32.5982780457, 41.1101264954, 32.0415229797, 27.5255813599, 32.0509681702, 33.7844238281, 21.3054943085, 20.1236991882, 45.0350761414, 77.9649581909]],
        "icov": [[0.000452866865089, 0.000576133257709, 0.000282382417936, -2.20975198317e-06, 0.000232603575569, -0.000546267896425, 0.000538313121069, -0.000549487303942, 0.000154527107952, -0.000528595992364, -0.000553710036911, -0.000302566273604, -8.0176119809e-05], [0.000576133257709, 0.00201896764338, 0.00113851670176, -0.000580738764256, 0.000524212839082, -0.00016377439897, -0.00062872323906, 0.0014681002358, -0.00118261843454, 0.000694583053701, -0.0016592455795, 0.000513114966452, -0.000673473870847], [0.000282382417936, 0.00113851670176, 0.0027205827646, -0.000744594610296, 0.000504265713971, -0.00198513898067, 0.0022124866955, -0.000454053079011, 0.000774546875618, -9.26467691897e-05, -0.000646622793283, -0.00053652090719, -0.000246216281084], [-2.20975198317e-06, -0.000580738764256, -0.000744594610296, 0.00505181401968, -0.00152341090143, 0.000490614038426, -7.52337000449e-05, -0.000576231395826, -0.00185385835357, 0.00256997114047, -0.000937080592848, -0.000663024606183, -0.000462298572529], [0.000232603575569, 0.000524212839082, 0.000504265713971, -0.00152341090143, 0.00847981031984, -0.00287141441368, 0.000679470715113, -0.00103450322058, 0.000247605232289, -0.00290667242371, 0.000836545892525, -0.00234951381572, -0.000987516366877], [-0.000546267896425, -0.00016377439897, -0.00198513898067, 0.000490614038426, -0.00287141441368, 0.0117797516286, -0.00694431364536, 0.00476922141388, -0.0030846002046, 0.00074266520096, -0.00100380927324, 0.00226899632253, -0.00193594978191], [0.000538313121069, -0.00062872323906, 0.0022124866955, -7.52337000449e-05, 0.000679470715113, -0.00694431364536, 0.0182668957859, -0.00965863838792, 0.000607616035268, 0.000582585635129, -0.00120327400509, -0.00177285750397, -0.000153426211909], [-0.000549487303942, 0.0014681002358, -0.000454053079011, -0.000576231395826, -0.00103450322058, 0.00476922141388, -0.00965863838792, 0.0192289836705, -0.00758263701573, 0.000807666976471, 0.000145935046021, -0.00155130459461, -0.000794198131189], [0.000154527107952, -0.00118261843454, 0.000774546875618, -0.00185385835357, 0.000247605232289, -0.0030846002046, 0.000607616035268, -0.00758263701573, 0.0182797331363, -0.00911271013319, 0.00193426897749, 0.00073295191396, -0.00196626689285], [-0.000528595992364, 0.000694583053701, -9.26467691897e-05, 0.00256997114047, -0.00290667242371, 0.00074266520096, 0.000582585635129, 0.000807666976471, -0.00911271013319, 0.0244182124734, -0.0124053368345, 0.0040417634882, -0.0014390059514], [-0.000553710036911, -0.0016592455795, -0.000646622793283, -0.000937080592848, 0.000836545892525, -0.00100380927324, -0.00120327400509, 0.000145935046021, 0.00193426897749, -0.0124053368345, 0.0267452355474, -0.0134625053033, 0.00486324494705], [-0.000302566273604, 0.000513114966452, -0.00053652090719, -0.000663024606183, -0.00234951381572, 0.00226899632253, -0.00177285750397, -0.00155130459461, 0.00073295191396, 0.0040417634882, -0.0134625053033, 0.0314220972359, -0.0137116415426], [-8.0176119809e-05, -0.000673473870847, -0.000246216281084, -0.000462298572529, -0.000987516366877, -0.00193594978191, -0.000153426211909, -0.000794198131189, -0.00196626689285, -0.0014390059514, 0.00486324494705, -0.0137116415426, 0.022713618353]]
    },
    "spectral_contrast_coeffs": {
        "mean": [-0.716359078884, -0.747210025787, -0.763575792313, -0.790644884109, -0.79871326685, -0.770105004311]
    },
    "spectral_contrast_valleys": {
        "mean": [-6.44360876083, -6.58403396606, -7.08251190186, -7.22043609619, -7.16226196289, -9.99146461487]
    }
},
"rhythm": {
    "beats_count": 637,
    "beats_loudness": {
        "mean": 0.0371127314866
    },
    "bpm": 146.967666626,
    "bpm_histogram_first_peak_bpm": 148,
    "bpm_histogram_first_peak_weight": 0.329983234406,
    "bpm_histogram_second_peak_bpm": 133,
    "bpm_histogram_second_peak_spread": 0.393939375877,
    "bpm_histogram_second_peak_weight": 0.0314465425909,
    "danceability": 1.04813444614,
    "onset_rate": 2.44275426865,
    "beats_loudness_band_ratio": {
        "mean": [0.482287436724, 0.22735440731, 0.145402863622, 0.108704417944, 0.0815209150314, 0.0447253398597]
    },
    "beats_position": [0.417959183455, 0.835918366909, 1.24226760864, 1.64861679077, 2.06657600403, 2.47292518616, 2.87927436829, 3.29723358154, 3.7151927948, 4.12154197693, 4.52789115906, 4.93424034119, 5.34058952332, 5.74693870544, 6.1648979187, 6.57124710083, 6.98920631409, 7.39555549622, 7.80190467834, 8.20825386047, 8.6146030426, 9.02095222473, 9.43891143799, 9.84526062012, 10.2632198334, 10.6695690155, 11.0759181976, 11.4822673798, 11.8886165619, 12.2833557129, 12.689704895, 13.0960540771, 13.5140132904, 13.9203624725, 14.3267116547, 14.7330608368, 15.1394100189, 15.545759201, 15.9521083832, 16.3584575653, 16.7648067474, 17.1827659607, 17.600725174, 18.0070743561, 18.4134235382, 18.8197727203, 19.2261219025, 19.6324710846, 20.0388202667, 20.4451694489, 20.851518631, 21.2578678131, 21.6642169952, 22.0705661774, 22.4885253906, 22.8948745728, 23.312833786, 23.7307929993, 24.1255321503, 24.5434913635, 24.9498405457, 25.3561897278, 25.7509288788, 26.1456680298, 26.563627243, 26.9699764252, 27.3763256073, 27.7942848206, 28.2006340027, 28.5953731537, 29.0017223358, 29.3964614868, 29.8144207001, 30.2323799133, 30.6387290955, 31.0450782776, 31.4514274597, 31.8577766418, 32.264125824, 32.6704750061, 33.0768241882, 33.4831733704, 33.901134491, 34.3074836731, 34.7138328552, 35.1317901611, 35.5381393433, 35.9444885254, 36.3508377075, 36.7687988281, 37.1751480103, 37.5698852539, 37.976234436, 38.3825836182, 38.8005447388, 39.1952819824, 39.5900230408, 39.9847602844, 40.3911094666, 40.7974586487, 41.2154197693, 41.6333770752, 42.0513381958, 42.4692955017, 42.8756446838, 43.281993866, 43.6883430481, 44.1063041687, 44.5126533508, 44.919002533, 45.3253517151, 45.743309021, 46.1612701416, 46.5676193237, 46.9739685059, 47.3919258118, 47.7866668701, 48.1930160522, 48.5993652344, 49.0057144165, 49.4120635986, 49.8184127808, 50.2247619629, 50.631111145, 51.0374603271, 51.4438095093, 51.8501586914, 52.2681159973, 52.6744651794, 53.0808143616, 53.4871635437, 53.8935127258, 54.299861908, 54.7062110901, 55.1125602722, 55.5305213928, 55.936870575, 56.3432197571, 56.7495689392, 57.1675262451, 57.5738754272, 57.9802246094, 58.3865737915, 58.7929229736, 59.2108840942, 59.6172332764, 60.0235824585, 60.4415397644, 60.8478889465, 61.2542381287, 61.648979187, 62.0553283691, 62.4616775513, 62.8680267334, 63.2743759155, 63.6923332214, 64.1102905273, 64.5282516479, 64.9346008301, 65.3409500122, 65.7356872559, 66.1304321289, 66.536781311, 66.9431304932, 67.3610839844, 67.779045105, 68.1853942871, 68.5917434692, 68.9980926514, 69.4044418335, 69.8107910156, 70.2171401978, 70.6118774414, 71.029838562, 71.4477996826, 71.8657608032, 72.2721099854, 72.6784591675, 73.0848083496, 73.4911575317, 73.8975067139, 74.303855896, 74.7218093872, 75.1397705078, 75.5577316284, 75.975692749, 76.3704299927, 76.7767791748, 77.1831283569, 77.5894775391, 77.9958267212, 78.4021759033, 78.8085250854, 79.2264862061, 79.6328353882, 80.0391845703, 80.433921814, 80.8518829346, 81.2582321167, 81.6645812988, 82.08253479, 82.4888839722, 82.8952331543, 83.3015823364, 83.7079315186, 84.1258926392, 84.5206298828, 84.9269790649, 85.3333282471, 85.7512893677, 86.1576385498, 86.5639877319, 86.9703369141, 87.3766860962, 87.7946472168, 88.2009963989, 88.6073455811, 89.0136947632, 89.4200439453, 89.8263931274, 90.2327423096, 90.6390914917, 91.0570526123, 91.4634017944, 91.8697509766, 92.2761001587, 92.6708374023, 93.0887985229, 93.4951477051, 93.9014968872, 94.3194503784, 94.737411499, 95.1437606812, 95.5501098633, 95.9680709839, 96.374420166, 96.7923812866, 97.1987304688, 97.6050796509, 98.011428833, 98.4177780151, 98.8241271973, 99.2188644409, 99.6136016846, 100.019950867, 100.426300049, 100.821044922, 101.215782166, 101.633743286, 102.051696777, 102.458045959, 102.864395142, 103.270744324, 103.677093506, 104.095054626, 104.501403809, 104.907752991, 105.325714111, 105.743675232, 106.161628723, 106.567977905, 106.974327087, 107.38067627, 107.787025452, 108.204986572, 108.599723816, 109.006072998, 109.424034119, 109.841995239, 110.248344421, 110.654693604, 111.061042786, 111.467391968, 111.87374115, 112.291702271, 112.698051453, 113.104400635, 113.499137878, 113.905487061, 114.311836243, 114.729797363, 115.136146545, 115.542495728, 115.937232971, 116.355194092, 116.761543274, 117.156280518, 117.5626297, 117.98059082, 118.386940002, 118.793289185, 119.199638367, 119.605987549, 120.02394104, 120.441902161, 120.859863281, 121.277824402, 121.684173584, 122.090522766, 122.496871948, 122.90322113, 123.309570312, 123.715919495, 124.122268677, 124.528617859, 124.934967041, 125.341316223, 125.759269714, 126.165618896, 126.571968079, 126.989929199, 127.396278381, 127.802627563, 128.197372437, 128.603713989, 129.010070801, 129.416412354, 129.822769165, 130.240722656, 130.647079468, 131.053421021, 131.459777832, 131.866119385, 132.272476196, 132.690429688, 133.108383179, 133.51473999, 133.921081543, 134.315826416, 134.722167969, 135.12852478, 135.534866333, 135.941223145, 136.347564697, 136.753921509, 137.160263062, 137.578231812, 137.984573364, 138.390930176, 138.808883667, 139.226852417, 139.644805908, 140.051147461, 140.457504272, 140.852249146, 141.258590698, 141.66494751, 142.071289062, 142.477645874, 142.883987427, 143.290344238, 143.696685791, 144.103042603, 144.520996094, 144.938949585, 145.356918335, 145.763259888, 146.169616699, 146.575958252, 146.982315063, 147.388656616, 147.795013428, 148.20135498, 148.607711792, 149.014053345, 149.420410156, 149.826751709, 150.221496582, 150.639450073, 151.045806885, 151.452148438, 151.858505249, 152.27645874, 152.694412231, 153.112380981, 153.518722534, 153.925079346, 154.331420898, 154.73777771, 155.144119263, 155.538864136, 155.945205688, 156.3515625, 156.757904053, 157.175872803, 157.593826294, 158.000183105, 158.406524658, 158.81288147, 159.219223022, 159.625579834, 160.031921387, 160.449890137, 160.844619751, 161.250976562, 161.657318115, 162.075286865, 162.481628418, 162.899581909, 163.305938721, 163.700683594, 164.107025146, 164.513381958, 164.919723511, 165.337677002, 165.744033813, 166.150375366, 166.556732178, 166.96307373, 167.38104248, 167.798995972, 168.205352783, 168.623306274, 169.029663086, 169.436004639, 169.830749512, 170.237091064, 170.643447876, 171.049789429, 171.45614624, 171.874099731, 172.292053223, 172.686798096, 173.093154907, 173.49949646, 173.917449951, 174.323806763, 174.730148315, 175.136505127, 175.54284668, 175.949203491, 176.355545044, 176.761901855, 177.168243408, 177.57460022, 177.980941772, 178.387298584, 178.793640137, 179.199996948, 179.606338501, 180.012695312, 180.419036865, 180.825393677, 181.243347168, 181.649703979, 182.067657471, 182.474014282, 182.880355835, 183.298324585, 183.716278076, 184.122619629, 184.52897644, 184.935317993, 185.341674805, 185.759628296, 186.154373169, 186.560714722, 186.967071533, 187.385025024, 187.791381836, 188.197723389, 188.6040802, 189.010421753, 189.428390503, 189.834732056, 190.241088867, 190.64743042, 191.042175293, 191.448516846, 191.866485596, 192.272827148, 192.67918396, 193.085525513, 193.491882324, 193.898223877, 194.304580688, 194.710922241, 195.117279053, 195.512008667, 195.918365479, 196.33631897, 196.75428772, 197.172241211, 197.578598022, 197.984939575, 198.391296387, 198.809249878, 199.215591431, 199.633560181, 200.039901733, 200.446258545, 200.852600098, 201.258956909, 201.665298462, 202.083267212, 202.477996826, 202.884353638, 203.29069519, 203.697052002, 204.103393555, 204.509750366, 204.916091919, 205.32244873, 205.728790283, 206.146759033, 206.564712524, 206.971069336, 207.377410889, 207.79536438, 208.190109253, 208.596466064, 209.002807617, 209.409164429, 209.82711792, 210.245071411, 210.651428223, 211.057769775, 211.464126587, 211.87046814, 212.276824951, 212.683166504, 213.089523315, 213.495864868, 213.90222168, 214.308563232, 214.714920044, 215.132873535, 215.527618408, 215.945571899, 216.363540649, 216.769882202, 217.176239014, 217.582580566, 217.988937378, 218.395278931, 218.801635742, 219.219589233, 219.637542725, 220.043899536, 220.450241089, 220.868209839, 221.274551392, 221.680908203, 222.098861694, 222.516815186, 222.934783936, 223.352737427, 223.770706177, 224.188659668, 224.618225098, 225.047790527, 225.477371216, 225.906936646, 226.324890137, 226.731246948, 227.137588501, 227.555557251, 227.961898804, 228.368255615, 228.786209106, 229.204162598, 229.610519409, 230.016860962, 230.423217773, 230.829559326, 231.235916138, 231.64225769, 232.048614502, 232.466567993, 232.872924805, 233.279266357, 233.685623169, 234.091964722, 234.486709595, 234.893051147, 235.299407959, 235.705749512, 236.123718262, 236.530059814, 236.936416626, 237.354370117, 237.760726929, 238.17868042, 238.585037231, 239.002990723, 239.409332275, 239.815689087, 240.22203064, 240.628387451, 241.046340942, 241.464309692, 241.882263184, 242.288604736, 242.694961548, 243.101318359, 243.507659912, 243.902404785, 244.297134399, 244.691879272, 245.086624146, 245.504577637, 245.922531128, 246.352111816, 246.804885864, 247.257675171, 247.710464478, 248.163253784, 248.616043091, 249.057235718, 249.498413086, 249.951202393, 250.392379761, 250.845169067, 251.297958374, 251.750747681, 252.203536987, 252.656326294, 253.109115601, 253.561904907, 254.014694214, 254.467483521, 254.920272827, 255.373062134, 255.82585144, 256.278625488, 256.731414795, 257.195831299, 257.660217285, 258.124633789, 258.589019775, 259.053405762, 259.517822266, 259.982208252, 260.446624756, 260.911010742, 261.387023926, 261.851409912],
    "bpm_histogram": [0, 0, 0, 0, 0, 0, 0, 0, 0, 0, 0, 0, 0, 0, 0, 0, 0, 0, 0, 0, 0, 0, 0, 0, 0, 0, 0, 0, 0, 0, 0, 0, 0, 0, 0, 0, 0, 0, 0, 0, 0, 0, 0, 0, 0, 0, 0, 0, 0, 0, 0, 0, 0, 0, 0, 0, 0, 0, 0, 0, 0, 0, 0, 0, 0, 0, 0, 0, 0, 0, 0, 0, 0, 0, 0, 0, 0, 0, 0, 0, 0, 0, 0, 0, 0, 0, 0, 0, 0, 0, 0, 0, 0, 0, 0, 0, 0, 0, 0, 0, 0, 0, 0, 0, 0, 0, 0, 0, 0, 0, 0, 0, 0, 0, 0, 0, 0, 0, 0, 0, 0, 0, 0, 0, 0, 0, 0.00157232698984, 0, 0, 0.0157232712954, 0, 0, 0, 0.0314465425909, 0, 0, 0.00471698120236, 0, 0, 0, 0.00786163564771, 0, 0, 0, 0.235849052668, 0, 0, 0, 0.628930807114, 0, 0, 0, 0.0738993734121, 0, 0, 0, 0, 0, 0, 0, 0, 0, 0, 0, 0, 0, 0, 0, 0, 0, 0, 0, 0, 0, 0, 0, 0, 0, 0, 0, 0, 0, 0, 0, 0, 0, 0, 0, 0, 0, 0, 0, 0, 0, 0, 0, 0, 0, 0, 0, 0, 0, 0, 0, 0, 0, 0, 0, 0, 0, 0, 0, 0, 0, 0, 0, 0, 0, 0, 0, 0, 0, 0, 0, 0, 0, 0, 0, 0, 0, 0, 0, 0, 0, 0, 0, 0, 0, 0, 0, 0, 0, 0, 0, 0, 0, 0, 0, 0, 0]
},
"tonal": {
    "chords_changes_rate": 0.0463552735746,
    "chords_number_rate": 0.00141542812344,
    "chords_strength": {
        "mean": 0.536961138248
    },
    "hpcp_crest": {
        "mean": 14.7047243118
    },
    "hpcp_entropy": {
        "mean": 1.87970364094
    },
    "key_edma": {
        "strength": 0.891145050526,
        "key": "C#",
        "scale": "major"
    },
    "key_krumhansl": {
        "strength": 0.887309968472,
        "key": "C#",
        "scale": "major"
    },
    "key_temperley": {
        "strength": 0.878184139729,
        "key": "C#",
        "scale": "major"
    },
    "tuning_diatonic_strength": 0.664677619934,
    "tuning_equal_tempered_deviation": 0.0998610407114,
    "tuning_frequency": 438.477722168,
    "tuning_nontempered_energy_ratio": 0.735106468201,
    "hpcp": {
        "mean": [0.0558442212641, 0.0371875166893, 0.0548861287534, 0.108777694404, 0.0943676158786, 0.0436589606106, 0.0356688946486, 0.0329727604985, 0.0985418781638, 0.227189332247, 0.192494794726, 0.215433731675, 0.412459045649, 0.299618184566, 0.0899994075298, 0.0689967423677, 0.068022929132, 0.131297558546, 0.242472887039, 0.182719260454, 0.0689738541842, 0.0610432177782, 0.0556590780616, 0.111574932933, 0.193317741156, 0.131226658821, 0.0450212880969, 0.0368113704026, 0.0338861458004, 0.052785538137, 0.0863575339317, 0.0898350551724, 0.16646066308, 0.359355688095, 0.313683897257, 0.117635443807]
    },
    "chords_histogram": [35.9164886475, 13.2873315811, 37.5973091125, 3.27317762375, 1.30927109718, 0, 0, 0, 0.63694268465, 1.20311391354, 0.371549904346, 0, 0, 0, 0, 0, 0, 2.93701338768, 0, 0.300778478384, 0, 0.300778478384, 0.212314218283, 2.65392780304],
    "thpcp": [1, 0.726419210434, 0.218202039599, 0.16728143394, 0.164920449257, 0.31832870841, 0.587871432304, 0.442999780178, 0.167225942016, 0.147998258471, 0.134944498539, 0.27051153779, 0.468695610762, 0.318156808615, 0.109153352678, 0.0892485454679, 0.0821563899517, 0.127977654338, 0.209372386336, 0.217803582549, 0.403581082821, 0.871251821518, 0.760521292686, 0.285205155611, 0.135393366218, 0.0901605039835, 0.133070498705, 0.263729691505, 0.228792697191, 0.105850413442, 0.0864786356688, 0.0799418985844, 0.238913118839, 0.550816714764, 0.46670037508, 0.522315442562],
    "chords_key": "Ab",
    "chords_scale": "major"
}
}