{
"metadata": {
    "version": {
        "essentia": "2.1-beta6-dev",
        "essentia_git_sha": "v2.1_beta5-1177-g1d1cc983",
        "extractor": "music 2.0"
    },
    "audio_properties": {
        "analysis": {
            "equal_loudness": 0,
            "length": 208,
            "sample_rate": 44100,
            "start_time": 0,
            "downmix": "mix"
        },
        "bit_rate": 1411200,
        "length": 208,
        "lossless": 1,
        "number_channels": 2,
        "replay_gain": -11.0270195007,
        "sample_rate": 44100,
        "codec": "pcm_s16le",
        "md5_encoded": "f9bb7510fd77573543d8fe17d3a5b716"
    },
    "tags": {
        "file_name": "10 - All Get Out - Wait List.wav",
        "album": ["Nobody Likes A Quitter"],
        "albumartist": ["All Get Out"],
        "artist": ["All Get Out"],
        "composer": ["Nathan Hussey"],
        "copyright": ["2016 Bad Timing Records and Many Hats Distribution 2016 Bad Timing Records and Many Hats Distribution"],
        "date": ["2016"],
        "discnumber": ["1"],
        "disctotal": ["1"],
        "genre": ["Alternative & Indie"],
        "isrc": ["QM87M1604210"],
        "title": ["Wait List"],
        "tracknumber": ["10"],
        "tracktotal": ["10"]
    }
},
"lowlevel": {
    "average_loudness": 0.824684798717,
    "barkbands_crest": {
        "mean": 12.06067276
    },
    "barkbands_flatness_db": {
        "mean": 0.204522117972
    },
    "barkbands_kurtosis": {
        "mean": 11.0477561951
    },
    "barkbands_skewness": {
        "mean": 2.35169863701
    },
    "barkbands_spread": {
        "mean": 17.2845935822
    },
    "dissonance": {
        "mean": 0.442177355289
    },
    "dynamic_complexity": 6.00865077972,
    "erbbands_crest": {
        "mean": 10.1140928268
    },
    "erbbands_flatness_db": {
        "mean": 0.193320780993
    },
    "erbbands_kurtosis": {
        "mean": 1.32464742661
    },
    "erbbands_skewness": {
        "mean": 0.56768143177
    },
    "erbbands_spread": {
        "mean": 41.8335342407
    },
    "hfc": {
        "mean": 14.8916606903
    },
    "loudness_ebu128": {
        "integrated": -13.195605278,
        "loudness_range": 7.84194660187,
        "momentary": {
            "mean": -17.214509964
        },
        "short_term": {
            "mean": -15.7568349838
        }
    },
    "melbands_crest": {
        "mean": 16.1329116821
    },
    "melbands_flatness_db": {
        "mean": 0.263652563095
    },
    "melbands_kurtosis": {
        "mean": 30.521074295
    },
    "melbands_skewness": {
        "mean": 3.66546678543
    },
    "melbands_spread": {
        "mean": 17.6131534576
    },
    "pitch_salience": {
        "mean": 0.484644114971
    },
    "silence_rate_20dB": {
        "mean": 1
    },
    "silence_rate_30dB": {
        "mean": 1
    },
    "silence_rate_60dB": {
        "mean": 0.166089966893
    },
    "spectral_centroid": {
        "mean": 993.06817627
    },
    "spectral_complexity": {
        "mean": 13.0426387787
    },
    "spectral_decrease": {
        "mean": -5.38255928717e-09
    },
    "spectral_energy": {
        "mean": 0.0216657798737
    },
    "spectral_energyband_high": {
        "mean": 0.000546344555914
    },
    "spectral_energyband_low": {
        "mean": 0.00416547898203
    },
    "spectral_energyband_middle_high": {
        "mean": 0.00305313011631
    },
    "spectral_energyband_middle_low": {
        "mean": 0.0153408395126
    },
    "spectral_entropy": {
        "mean": 6.87724685669
    },
    "spectral_flux": {
        "mean": 0.053226288408
    },
    "spectral_kurtosis": {
        "mean": 8.11646366119
    },
    "spectral_rms": {
        "mean": 0.00411254540086
    },
    "spectral_rolloff": {
        "mean": 1596.42590332
    },
    "spectral_skewness": {
        "mean": 1.93479275703
    },
    "spectral_spread": {
        "mean": 4080350.25
    },
    "spectral_strongpeak": {
        "mean": 0.797493577003
    },
    "zerocrossingrate": {
        "mean": 0.0496561154723
    },
    "barkbands": {
        "mean": [1.43291202903e-07, 0.000558620435186, 0.00222767260857, 0.00284214993007, 0.00750526413321, 0.00119677942712, 0.00196583499201, 0.00112669414375, 0.000572145101614, 0.000344146654243, 0.000241264773649, 0.000301749067148, 0.000185348180821, 0.000202344876016, 0.000333451549523, 0.000216910775634, 0.00045624320046, 0.000457305664895, 0.000266552437097, 0.000182916468475, 0.000115718066809, 8.48808631417e-05, 9.70104229054e-05, 0.000106907689769, 5.93601653236e-05, 1.74563974724e-05, 9.25620497583e-07]
    },
    "erbbands": {
        "mean": [0.00297639868222, 0.201632782817, 2.1089091301, 6.82076644897, 20.5714435577, 24.864736557, 13.147061348, 8.31339263916, 24.7949390411, 27.961473465, 25.2881412506, 14.7066812515, 11.2348089218, 10.4560127258, 10.4518318176, 12.8065662384, 9.56822776794, 12.0719470978, 15.7192029953, 13.6636543274, 14.8377962112, 24.5451087952, 27.9077568054, 15.8700780869, 13.4059429169, 8.40022754669, 5.27908945084, 4.28020572662, 3.46486449242, 2.25713157654, 2.79777932167, 2.22218799591, 1.79280674458, 0.981656014919, 0.233744829893, 0.10544051975, 0.025175364688, 0.00326638924889, 0.00016030491679, 3.17694284604e-05]
    },
    "gfcc": {
        "mean": [-86.5875549316, 111.975120544, -112.509841919, 30.8300132751, -57.9784164429, -9.72134971619, -52.8797988892, -3.78886270523, -31.2407073975, -10.9914035797, -14.0826206207, -17.8312282562, -15.9788637161],
        "cov": [[27069.359375, 150.949264526, -3518.64086914, 1008.08886719, -1192.95349121, 152.949676514, -1425.83789062, 1016.59399414, -918.801330566, -370.018188477, -278.958709717, -634.820556641, -586.653564453], [150.949264526, 2084.15014648, -557.69329834, -405.846466064, 266.491973877, -297.440856934, 101.320800781, -244.519989014, 101.898979187, -124.62424469, 112.738372803, -186.181396484, 16.6130428314], [-3518.64086914, -557.69329834, 1291.96679688, 12.2587089539, 38.7913894653, 169.822235107, 141.780487061, -74.9013214111, 99.0626068115, 161.923934937, -39.8144950867, 178.977142334, 47.5859222412], [1008.08886719, -405.846466064, 12.2587089539, 658.200378418, 135.052047729, 9.25846004486, -70.192527771, 79.3528442383, 5.64730834961, -27.547996521, -9.54226207733, 1.06234765053, 29.5007152557], [-1192.95349121, 266.491973877, 38.7913894653, 135.052047729, 485.987762451, -44.4476394653, 80.3984985352, 15.017950058, 76.7727355957, -33.2738189697, 41.513004303, -39.1563949585, 57.8624954224], [152.949676514, -297.440856934, 169.822235107, 9.25846004486, -44.4476394653, 312.818389893, 102.724853516, 15.5830507278, 12.0546617508, 57.5596160889, -47.0138587952, 39.5187797546, -38.4606971741], [-1425.83789062, 101.320800781, 141.780487061, -70.192527771, 80.3984985352, 102.724853516, 291.00769043, -60.1503410339, 75.5217208862, 28.7885665894, 6.40130472183, 42.6713066101, 7.57544755936], [1016.59399414, -244.519989014, -74.9013214111, 79.3528442383, 15.017950058, 15.5830507278, -60.1503410339, 308.780029297, -18.5050048828, -30.4867572784, 16.5458049774, -17.4706878662, -24.5429477692], [-918.801330566, 101.898979187, 99.0626068115, 5.64730834961, 76.7727355957, 12.0546617508, 75.5217208862, -18.5050048828, 172.715148926, 38.9092483521, 7.54735803604, 29.0604553223, 7.50410175323], [-370.018188477, -124.62424469, 161.923934937, -27.547996521, -33.2738189697, 57.5596160889, 28.7885665894, -30.4867572784, 38.9092483521, 122.126594543, -17.4275550842, 35.5282173157, -8.39155197144], [-278.958709717, 112.738372803, -39.8144950867, -9.54226207733, 41.513004303, -47.0138587952, 6.40130472183, 16.5458049774, 7.54735803604, -17.4275550842, 113.827537537, 11.6858882904, 12.4678268433], [-634.820556641, -186.181396484, 178.977142334, 1.06234765053, -39.1563949585, 39.5187797546, 42.6713066101, -17.4706878662, 29.0604553223, 35.5282173157, 11.6858882904, 134.920013428, 5.97476530075], [-586.653564453, 16.6130428314, 47.5859222412, 29.5007152557, 57.8624954224, -38.4606971741, 7.57544755936, -24.5429477692, 7.50410175323, -8.39155197144, 12.4678268433, 5.97476530075, 86.0383071899]],
        "icov": [[0.000269362411927, -0.000429564912338, 0.000493578671012, -0.00066267355578, 0.000558516418096, -0.000706919876393, 0.000818504078779, -0.000741510710213, 0.000847138871904, -0.00042423303239, 0.000581823056564, -0.00011309972615, 0.000706897408236], [-0.000429564912338, 0.00188239256386, -0.000478776317323, 0.00174333446193, -0.00140445237048, 0.00177166308276, -0.00161952152848, 0.00211736722849, -0.00217497209087, 0.00136635266244, -0.00162082642782, 0.00133670924697, -0.000677331117913], [0.000493578671012, -0.000478776317323, 0.00216200202703, -0.00102600071114, 0.000663478975184, -0.00145261152647, 0.00134058005642, -0.00107723125257, 0.00128233933356, -0.00165820377879, 0.00129221670795, -0.00112660671584, 0.000710497202817], [-0.00066267355578, 0.00174333446193, -0.00102600071114, 0.00383850536309, -0.00228531146422, 0.00173019350041, -0.00145888095722, 0.00202682474628, -0.00267375353724, 0.00177476007957, -0.00143414374907, 0.000493996893056, -0.00200697686523], [0.000558516418096, -0.00140445237048, 0.000663478975184, -0.00228531146422, 0.00441455282271, -0.00140839954838, 0.000840649066959, -0.00216545094736, 0.00097038137028, -0.000471769017167, 0.000662245438434, 0.000836503691971, -7.88181059761e-05], [-0.000706919876393, 0.00177166308276, -0.00145261152647, 0.00173019350041, -0.00140839954838, 0.00702000735328, -0.00426037563011, 0.00178565667011, -0.00196159817278, 0.000166451136465, -0.000382111378713, 0.000547585776076, 0.000222328584641], [0.000818504078779, -0.00161952152848, 0.00134058005642, -0.00145888095722, 0.000840649066959, -0.00426037563011, 0.00786931067705, -0.00161445233971, 0.00123120634817, -0.000907900626771, 0.00143430766184, -0.00158372370061, 0.00173544383142], [-0.000741510710213, 0.00211736722849, -0.00107723125257, 0.00202682474628, -0.00216545094736, 0.00178565667011, -0.00161445233971, 0.00653769262135, -0.00303696957417, 0.00251114717685, -0.00295321573503, 0.00132050085813, -0.000456360023236], [0.000847138871904, -0.00217497209087, 0.00128233933356, -0.00267375353724, 0.00097038137028, -0.00196159817278, 0.00123120634817, -0.00303696957417, 0.0108742108569, -0.00416276836768, 0.0022678268142, -0.0021691666916, 0.00236711022444], [-0.00042423303239, 0.00136635266244, -0.00165820377879, 0.00177476007957, -0.000471769017167, 0.000166451136465, -0.000907900626771, 0.00251114717685, -0.00416276836768, 0.0127305109054, -0.000686948653311, 0.00010391590331, 3.71009446098e-05], [0.000581823056564, -0.00162082642782, 0.00129221670795, -0.00143414374907, 0.000662245438434, -0.000382111378713, 0.00143430766184, -0.00295321573503, 0.0022678268142, -0.000686948653311, 0.0120884012431, -0.00311824353412, 0.000672292546369], [-0.00011309972615, 0.00133670924697, -0.00112660671584, 0.000493996893056, 0.000836503691971, 0.000547585776076, -0.00158372370061, 0.00132050085813, -0.0021691666916, 0.00010391590331, -0.00311824353412, 0.0117028728127, -0.000538708933163], [0.000706897408236, -0.000677331117913, 0.000710497202817, -0.00200697686523, -7.88181059761e-05, 0.000222328584641, 0.00173544383142, -0.000456360023236, 0.00236711022444, 3.71009446098e-05, 0.000672292546369, -0.000538708933163, 0.0164752583951]]
    },
    "melbands": {
        "mean": [8.06095777079e-05, 0.000848678755574, 0.001544454135, 0.00178176513873, 0.000547672738321, 0.000199192640139, 0.00039351763553, 0.000281911692582, 0.000189901082194, 8.2251324784e-05, 5.44366812392e-05, 4.19130228693e-05, 3.63839535567e-05, 3.2048108551e-05, 2.77077160717e-05, 1.85659991985e-05, 2.21576210606e-05, 2.37810181716e-05, 1.82109906746e-05, 1.6240419427e-05, 1.74818396772e-05, 2.3387330657e-05, 3.15636971209e-05, 2.08042365557e-05, 1.1575476492e-05, 1.03883967313e-05, 8.40488155518e-06, 4.74270564155e-06, 3.31541582455e-06, 2.59602052211e-06, 2.48873107012e-06, 2.23774122787e-06, 1.10449434487e-06, 1.38238863201e-06, 1.69194470345e-06, 1.4174881926e-06, 1.34804815843e-06, 1.24139285163e-06, 1.20896118005e-06, 6.99962640738e-07]
    },
    "melbands128": {
        "mean": [9.80038663556e-08, 5.30900479134e-07, 2.77411945717e-05, 0.000386515748687, 0.000911597337108, 0.00112823606469, 0.00131845229771, 0.00144534662832, 0.00222612079233, 0.0021826128941, 0.0013148963917, 0.000672740396112, 0.000481364753796, 0.000178013942786, 9.9238139228e-05, 0.000279603817035, 0.000319684040733, 0.000493511208333, 0.000344910135027, 0.00037333011278, 0.00016755652905, 0.000231039419305, 0.000226131392992, 9.95883674477e-05, 0.000111139233923, 4.95149251947e-05, 7.90070116636e-05, 5.69730509596e-05, 2.52102508966e-05, 6.17878613411e-05, 2.91331925837e-05, 4.06296421716e-05, 4.72561441711e-05, 2.37198746618e-05, 2.72962261079e-05, 3.5826680687e-05, 4.02453479182e-05, 2.56590319623e-05, 2.22469752771e-05, 2.11464939639e-05, 1.23740292111e-05, 2.34658145928e-05, 2.93591438094e-05, 1.76815919986e-05, 8.72346754477e-06, 3.37432866218e-05, 3.31632909365e-05, 6.66706228003e-06, 1.82104104169e-05, 2.56239291048e-05, 9.50225148699e-06, 1.45064077515e-05, 2.03142208193e-05, 1.46777847476e-05, 2.18726199819e-05, 2.35822662944e-05, 1.97617155209e-05, 4.54350010841e-05, 2.75436923403e-05, 2.34087456192e-05, 2.50396169577e-05, 1.39215153467e-05, 1.35995560413e-05, 1.06553488877e-05, 8.97426707525e-06, 1.172447719e-05, 9.60000488703e-06, 9.72772340901e-06, 7.81787093729e-06, 7.48356706026e-06, 4.37933340436e-06, 4.09222002418e-06, 2.77636968349e-06, 3.41321265296e-06, 3.67292545889e-06, 2.32515026255e-06, 2.32819729717e-06, 2.47669208875e-06, 2.43614249484e-06, 2.6031973448e-06, 2.53838948083e-06, 2.09705126508e-06, 1.47968796682e-06, 9.74390104602e-07, 7.47052126826e-07, 1.15957379876e-06, 1.59320836701e-06, 1.85108137885e-06, 1.75922934886e-06, 1.54819008458e-06, 1.4989968804e-06, 1.35107814003e-06, 1.30775322305e-06, 1.38431505547e-06, 1.37461677241e-06, 1.22948404169e-06, 1.19714650282e-06, 1.26175575588e-06, 1.31567912831e-06, 1.16048067866e-06, 8.86898078534e-07, 6.61595095153e-07, 4.25877800581e-07, 2.47639718509e-07, 1.87507978922e-07, 2.08255542589e-07, 2.1953559326e-07, 2.22830536245e-07, 1.93536138227e-07, 1.53820977289e-07, 1.18090760282e-07, 9.2240640015e-08, 7.29866087568e-08, 5.32962154409e-08, 3.98638704269e-08, 3.15257935313e-08, 1.9444300392e-08, 9.38879107792e-09, 4.78939599091e-09, 2.63311772386e-09, 1.62702273876e-09, 1.18387577519e-09, 9.27643462045e-10, 6.24667984006e-10, 3.34422878279e-10, 1.53998994112e-10, 1.31656574531e-10, 4.46989077696e-11]
    },
    "mfcc": {
        "mean": [-723.309020996, 138.342376709, 0.780160546303, 30.0440063477, 10.7810745239, -11.3400411606, -5.38545036316, -10.7688827515, -14.3214502335, -3.70937395096, -9.7316904068, -3.75412416458, -6.74925661087],
        "cov": [[19176.8671875, -534.832336426, -873.468139648, 529.021972656, 631.176940918, -970.744812012, 311.457397461, 177.517959595, -203.759170532, 134.403991699, -162.880386353, 4.87805318832, -322.636413574], [-534.832336426, 2442.46069336, -457.183898926, -63.3964195251, -59.0171966553, -7.45652294159, -67.9951400757, -131.726119995, -127.659255981, -0.0595584698021, -46.3905715942, -83.7928466797, 23.3476428986], [-873.468139648, -457.183898926, 882.870422363, -87.7633209229, -97.6400527954, 178.821853638, -54.925201416, -29.327539444, 47.8439979553, -56.9589614868, 13.3906917572, 77.3547210693, 11.8309431076], [529.021972656, -63.3964195251, -87.7633209229, 539.567565918, 229.715316772, -23.1131687164, -9.13217926025, 10.4909257889, 23.2629928589, -19.2435283661, -33.6947898865, 14.1915063858, 35.5199165344], [631.176940918, -59.0171966553, -97.6400527954, 229.715316772, 383.122802734, -107.48979187, 36.8247184753, 17.0123310089, 28.5010471344, 41.5290641785, -11.0766267776, 7.53259658813, 17.5102481842], [-970.744812012, -7.45652294159, 178.821853638, -23.1131687164, -107.48979187, 467.811798096, -22.3684501648, 4.76773548126, 69.2406311035, -12.4223337173, 45.4165611267, 9.09341716766, 28.0193481445], [311.457397461, -67.9951400757, -54.925201416, -9.13217926025, 36.8247184753, -22.3684501648, 197.319412231, 56.4987220764, 15.6500682831, 28.4827423096, 19.4568862915, 3.6919939518, -23.5109481812], [177.517959595, -131.726119995, -29.327539444, 10.4909257889, 17.0123310089, 4.76773548126, 56.4987220764, 188.815795898, 44.826915741, 30.1856441498, 46.427028656, 42.7416496277, 20.7582778931], [-203.759170532, -127.659255981, 47.8439979553, 23.2629928589, 28.5010471344, 69.2406311035, 15.6500682831, 44.826915741, 149.093414307, 43.1112213135, 23.8957080841, 15.7240228653, 17.4556427002], [134.403991699, -0.0595584698021, -56.9589614868, -19.2435283661, 41.5290641785, -12.4223337173, 28.4827423096, 30.1856441498, 43.1112213135, 145.07975769, 31.531036377, -0.473907083273, 10.0891580582], [-162.880386353, -46.3905715942, 13.3906917572, -33.6947898865, -11.0766267776, 45.4165611267, 19.4568862915, 46.427028656, 23.8957080841, 31.531036377, 107.047653198, 34.1665534973, 11.1695184708], [4.87805318832, -83.7928466797, 77.3547210693, 14.1915063858, 7.53259658813, 9.09341716766, 3.6919939518, 42.7416496277, 15.7240228653, -0.473907083273, 34.1665534973, 110.143058777, 34.4016838074], [-322.636413574, 23.3476428986, 11.8309431076, 35.5199165344, 17.5102481842, 28.0193481445, -23.5109481812, 20.7582778931, 17.4556427002, 10.0891580582, 11.1695184708, 34.4016838074, 111.204063416]],
        "icov": [[6.83110556565e-05, 1.73707958311e-05, 4.16606198996e-05, -4.55432200397e-05, -4.75659180665e-05, 7.58475871407e-05, -3.54206858901e-05, -6.49143839837e-05, 9.07633148017e-05, -7.65035874792e-05, 0.000101773846836, -0.000100680925243, 0.000211284132092], [1.73707958311e-05, 0.000512551225256, 0.000304009241518, 7.27461738279e-05, 2.7167290682e-05, -0.000112010799057, 9.26920765778e-05, 0.00027767723077, 0.000334001408191, -8.89551811269e-05, 0.000104655737232, 4.12174813391e-05, -0.000188704943866], [4.16606198996e-05, 0.000304009241518, 0.00164034496993, 0.000283773930278, 4.44615907327e-05, -0.000469036662253, 0.000279997184407, 0.000519072578754, -0.00029869566788, 0.000424618425313, 0.00032765296055, -0.00126386422198, 0.000231804544455], [-4.55432200397e-05, 7.27461738279e-05, 0.000283773930278, 0.00279817683622, -0.00167572835926, -0.000389812194044, 0.000347902969224, -6.95067865308e-05, -0.000310495612212, 0.00089064007625, 0.000743136915844, -0.000326442561345, -0.000628482550383], [-4.75659180665e-05, 2.7167290682e-05, 4.44615907327e-05, -0.00167572835926, 0.00416214158759, 0.000831431592815, -0.000613615615293, 0.000332611292833, -0.000661762140226, -0.000986923114397, -6.15233002463e-05, 2.06283539228e-06, -0.000470914266771], [7.58475871407e-05, -0.000112010799057, -0.000469036662253, -0.000389812194044, 0.000831431592815, 0.00296663655899, -4.85797318106e-05, 0.000102570324088, -0.00127851439174, 0.000365499552572, -0.00118645699695, 0.000627293833531, -0.000397194206016], [-3.54206858901e-05, 9.26920765778e-05, 0.000279997184407, 0.000347902969224, -0.000613615615293, -4.85797318106e-05, 0.0061259502545, -0.00161697878502, -0.000101667923445, -0.0005048958119, -0.00036561358138, -6.2978520873e-05, 0.0015606895322], [-6.49143839837e-05, 0.00027767723077, 0.000519072578754, -6.95067865308e-05, 0.000332611292833, 0.000102570324088, -0.00161697878502, 0.00748841511086, -0.00152895587962, -0.000127609018818, -0.00194064935204, -0.00186964869499, -0.00107270281296], [9.07633148017e-05, 0.000334001408191, -0.00029869566788, -0.000310495612212, -0.000661762140226, -0.00127851439174, -0.000101667923445, -0.00152895587962, 0.00920523516834, -0.00257227267139, 0.000118293661217, -5.44767644897e-05, -0.000192182284081], [-7.65035874792e-05, -8.89551811269e-05, 0.000424618425313, 0.00089064007625, -0.000986923114397, 0.000365499552572, -0.0005048958119, -0.000127609018818, -0.00257227267139, 0.00904505141079, -0.00236768950708, 0.00110209686682, -0.00107253994793], [0.000101773846836, 0.000104655737232, 0.00032765296055, 0.000743136915844, -6.15233002463e-05, -0.00118645699695, -0.00036561358138, -0.00194064935204, 0.000118293661217, -0.00236768950708, 0.0128967296332, -0.0036013298668, 0.000609637761954], [-0.000100680925243, 4.12174813391e-05, -0.00126386422198, -0.000326442561345, 2.06283539228e-06, 0.000627293833531, -6.2978520873e-05, -0.00186964869499, -5.44767644897e-05, 0.00110209686682, -0.0036013298668, 0.0129841100425, -0.00363115034997], [0.000211284132092, -0.000188704943866, 0.000231804544455, -0.000628482550383, -0.000470914266771, -0.000397194206016, 0.0015606895322, -0.00107270281296, -0.000192182284081, -0.00107253994793, 0.000609637761954, -0.00363115034997, 0.0117151718587]]
    },
    "spectral_contrast_coeffs": {
        "mean": [-0.610051870346, -0.681279242039, -0.729602575302, -0.739105343819, -0.738282740116, -0.788954675198]
    },
    "spectral_contrast_valleys": {
        "mean": [-7.43664169312, -7.77545785904, -8.88256263733, -9.09835624695, -8.87766361237, -11.4639873505]
    }
},
"rhythm": {
    "beats_count": 445,
    "beats_loudness": {
        "mean": 0.0250023845583
    },
    "bpm": 128.494537354,
    "bpm_histogram_first_peak_bpm": 129,
    "bpm_histogram_first_peak_weight": 0.519855618477,
    "bpm_histogram_second_peak_bpm": 123,
    "bpm_histogram_second_peak_spread": 0.222222208977,
    "bpm_histogram_second_peak_weight": 0.126126125455,
    "danceability": 0.863384306431,
    "onset_rate": 2.84593558311,
    "beats_loudness_band_ratio": {
        "mean": [0.44287788868, 0.325221002102, 0.154498457909, 0.047599285841, 0.0612321570516, 0.0711063966155]
    },
    "beats_position": [0.476009070873, 0.975238084793, 1.47446703911, 1.98530614376, 2.50775504112, 3.03020405769, 3.56426286697, 4.08671188354, 4.58594083786, 5.07355976105, 5.5727891922, 6.03718805313, 6.51319694519, 6.98920631409, 7.45360517502, 7.90639448166, 8.34757328033, 8.77714252472, 9.21832180023, 9.65950107574, 10.1006803513, 10.5418596268, 10.9714279175, 11.4009971619, 11.8421764374, 12.202085495, 12.5619955063, 12.9219045639, 13.2818136215, 13.6533327103, 14.0248527527, 14.4079818726, 14.7911109924, 15.1626300812, 15.5341491699, 15.9288883209, 16.3004074097, 16.6835365295, 17.0666656494, 17.4614048004, 17.9374141693, 18.4134235382, 18.9010429382, 19.4118824005, 19.8994998932, 20.3755092621, 20.851518631, 21.3043079376, 21.7687072754, 22.2447166443, 22.7207260132, 23.1967334747, 23.6611328125, 24.1371421814, 24.589931488, 25.0427207947, 25.5187301636, 25.9831295013, 26.4475269318, 26.9119262695, 27.3647155762, 27.8175048828, 28.3051242828, 28.8159637451, 29.3035831451, 29.7563705444, 30.2091598511, 30.6619491577, 31.1147384644, 31.5907478333, 32.0667572021, 32.5311546326, 32.9839439392, 33.4483451843, 33.9243545532, 34.4003639221, 34.8647613525, 35.3407707214, 35.8167800903, 36.304397583, 36.8036270142, 37.2564163208, 37.7092056274, 38.1736030579, 38.6496124268, 39.0907936096, 39.520362854, 39.9499320984, 40.402721405, 40.8322906494, 41.2734680176, 41.7494773865, 42.2138786316, 42.678276062, 43.1310653687, 43.5954627991, 44.0598640442, 44.5242614746, 45.0002708435, 45.4878921509, 45.9755096436, 46.4515190125, 46.9391365051, 47.4383659363, 47.9027671814, 48.3671646118, 48.8315620422, 49.2843513489, 49.7371406555, 50.2015419006, 50.6775512695, 51.1303405762, 51.5947380066, 52.0591392517, 52.5351448059, 52.9879341125, 53.4755554199, 53.9399528503, 54.4159622192, 54.8803634644, 55.3447608948, 55.8207702637, 56.2967796326, 56.7727890015, 57.2487983704, 57.7248077393, 58.2008171082, 58.6768226624, 59.1528320312, 59.6172332764, 60.0816307068, 60.5460319519, 61.0220413208, 61.5096588135, 61.9972763062, 62.4616775513, 62.9260749817, 63.3904762268, 63.8548736572, 64.3076629639, 64.772064209, 65.2480697632, 65.5847625732, 65.9330596924, 66.2697525024, 66.6064376831, 66.9547348022, 67.3030395508, 67.6513366699, 67.9996337891, 68.3363265991, 68.6962356567, 69.0097045898, 69.3347854614, 69.6714706421, 70.1590881348, 70.6467132568, 71.122718811, 71.5871200562, 72.0399093628, 72.515914917, 72.9803161621, 73.4214935303, 73.8858947754, 74.3502960205, 74.8146896362, 75.2790908813, 75.7434921265, 76.2194976807, 76.6955108643, 77.1715164185, 77.6475296021, 78.1351470947, 78.6343765259, 79.1452102661, 79.6444396973, 80.1552810669, 80.6661224365, 81.1653518677, 81.6297454834, 82.105758667, 82.5817642212, 83.0461654663, 83.5221786499, 84.0097961426, 84.4974136353, 84.9618148804, 85.4262084961, 85.8906097412, 86.3550109863, 86.8194122314, 87.2838058472, 87.7482070923, 88.2126083374, 88.6770019531, 89.1414031982, 89.6058044434, 90.0702056885, 90.5345993042, 91.0106124878, 91.486618042, 91.9510192871, 92.4270248413, 92.9030380249, 93.3790435791, 93.8550567627, 94.3194503784, 94.7838516235, 95.2598648071, 95.7706985474, 96.281539917, 96.7807693481, 97.2916107178, 97.7792282104, 98.2668457031, 98.7544631958, 99.2420806885, 99.6948699951, 100.147659302, 100.588844299, 101.041633606, 101.51763916, 101.982040405, 102.44644165, 102.910835266, 103.375236511, 103.851242065, 104.315643311, 104.780044556, 105.267662048, 105.743675232, 106.231292725, 106.718910217, 107.183311462, 107.647705078, 108.112106323, 108.588119507, 109.064125061, 109.516914368, 109.992919922, 110.468933105, 110.94493866, 111.409339905, 111.885353088, 112.338134766, 112.814147949, 113.290153503, 113.777778625, 114.265396118, 114.753013611, 115.240631104, 115.728248596, 116.215873718, 116.703491211, 117.191108704, 117.678726196, 118.166343689, 118.653968811, 119.164802551, 119.664031982, 120.163261414, 120.650878906, 121.138504028, 121.626121521, 122.090522766, 122.554916382, 123.019317627, 123.483718872, 123.948112488, 124.424125671, 124.888526917, 125.341316223, 125.805709839, 126.270111084, 126.746116638, 127.222129822, 127.709747314, 128.208984375, 128.708206177, 129.288711548, 129.845977783, 130.403259277, 130.914108276, 131.424942017, 131.935775757, 132.446624756, 132.934234619, 133.43347168, 133.921081543, 134.397094727, 134.884719849, 135.325897217, 135.755462646, 136.208251953, 136.649429321, 137.113830566, 137.578231812, 138.042633057, 138.507034302, 138.971420288, 139.435821533, 139.911834717, 140.376235962, 140.852249146, 141.32824707, 141.815872192, 142.291885376, 142.756271362, 143.220672607, 143.696685791, 144.172698975, 144.63710022, 145.089889526, 145.542678833, 145.99546814, 146.448257446, 146.912643433, 147.377044678, 147.841445923, 148.317459106, 148.805084229, 149.292694092, 149.780319214, 150.244720459, 150.709106445, 151.17350769, 151.637908936, 152.113922119, 152.589935303, 153.065933228, 153.530334473, 153.994735718, 154.459136963, 154.923538208, 155.411148071, 155.875549316, 156.339950562, 156.815963745, 157.291976929, 157.744766235, 158.209152222, 158.673553467, 159.14956665, 159.625579834, 160.089981079, 160.554367065, 161.018768311, 161.494781494, 161.959182739, 162.446792603, 162.934417725, 163.433654785, 163.921264648, 164.385665894, 164.8384552, 165.291244507, 165.755645752, 166.220046997, 166.696044922, 167.160446167, 167.636459351, 168.100860596, 168.576873779, 169.052871704, 169.528884888, 169.993286133, 170.480911255, 170.968521118, 171.45614624, 171.920547485, 172.384933472, 172.860946655, 173.336959839, 173.801361084, 174.265762329, 174.741760254, 175.217773438, 175.682174683, 176.146575928, 176.610977173, 177.086975098, 177.551376343, 178.027389526, 178.491790771, 178.967803955, 179.44380188, 179.908203125, 180.37260437, 180.825393677, 181.30140686, 181.777404785, 182.253417969, 182.717819214, 183.182220459, 183.646621704, 184.111022949, 184.575408936, 185.028198242, 185.504211426, 185.968612671, 186.433013916, 186.885803223, 187.338592529, 187.802993774, 188.255783081, 188.720184326, 189.196182251, 189.660583496, 190.124984741, 190.600997925, 191.07699585, 191.553009033, 192.029022217, 192.5050354, 192.981033325, 193.607971191, 194.234924316, 194.768981934, 195.314651489, 195.860321045, 196.394378662, 196.928436279, 197.462493896, 197.845626831, 198.228744507, 198.611877441, 199.006622314, 199.447799683, 199.888977051, 200.330154419, 200.817779541, 201.305389404, 201.793014526, 202.303848267, 202.814697266, 203.325531006, 203.766708374, 204.207885742, 204.64906311, 205.090240479, 205.531417847, 205.972610474, 206.413787842, 206.85496521, 207.296142578],
    "bpm_histogram": [0, 0, 0, 0, 0, 0, 0, 0, 0, 0, 0, 0, 0, 0, 0, 0, 0, 0, 0, 0, 0, 0, 0, 0, 0, 0, 0, 0, 0, 0, 0, 0, 0, 0, 0, 0, 0, 0, 0, 0, 0, 0, 0, 0, 0, 0, 0, 0, 0, 0, 0, 0, 0, 0, 0, 0, 0, 0, 0, 0, 0, 0, 0, 0, 0, 0, 0, 0, 0, 0, 0, 0, 0, 0, 0, 0, 0, 0, 0, 0, 0, 0, 0, 0, 0, 0, 0, 0, 0, 0, 0, 0, 0, 0, 0, 0, 0.00450450461358, 0, 0, 0, 0, 0, 0, 0.00225225230679, 0, 0, 0, 0, 0.00450450461358, 0, 0.00450450461358, 0, 0.0112612610683, 0, 0, 0.00675675692037, 0, 0.0382882878184, 0, 0, 0.0360360369086, 0, 0, 0.126126125455, 0, 0, 0.23423422873, 0, 0, 0.299549549818, 0, 0, 0, 0.0900900885463, 0, 0, 0.0540540553629, 0, 0, 0, 0.0157657656819, 0, 0, 0, 0, 0, 0, 0, 0, 0, 0, 0, 0.00675675692037, 0, 0, 0, 0, 0.0157657656819, 0, 0, 0, 0.0112612610683, 0, 0, 0, 0, 0, 0.0112612610683, 0, 0, 0, 0, 0.0112612610683, 0, 0, 0, 0, 0, 0.0112612610683, 0, 0, 0, 0, 0, 0, 0.00225225230679, 0, 0, 0, 0, 0, 0.00225225230679, 0, 0, 0, 0, 0, 0, 0, 0, 0, 0, 0, 0, 0, 0, 0, 0, 0, 0, 0, 0, 0, 0, 0, 0, 0, 0, 0, 0, 0, 0, 0, 0, 0, 0, 0, 0, 0, 0, 0, 0, 0, 0, 0, 0, 0, 0, 0, 0, 0, 0, 0, 0, 0, 0, 0, 0, 0, 0]
},
"tonal": {
    "chords_changes_rate": 0.0462053567171,
    "chords_number_rate": 0.00200892868452,
    "chords_strength": {
        "mean": 0.503261864185
    },
    "hpcp_crest": {
        "mean": 17.4712200165
    },
    "hpcp_entropy": {
        "mean": 1.57173061371
    },
    "key_edma": {
        "strength": 0.835631966591,
        "key": "G",
        "scale": "major"
    },
    "key_krumhansl": {
        "strength": 0.840977489948,
        "key": "G",
        "scale": "major"
    },
    "key_temperley": {
        "strength": 0.845015406609,
        "key": "G",
        "scale": "major"
    },
    "tuning_diatonic_strength": 0.633759915829,
    "tuning_equal_tempered_deviation": 0.0119687132537,
    "tuning_frequency": 439.745910645,
    "tuning_nontempered_energy_ratio": 0.614473342896,
    "hpcp": {
        "mean": [0.292763352394, 0.17172382772, 0.0333551540971, 0.0203342661262, 0.043064378202, 0.138813734055, 0.204292491078, 0.113261587918, 0.0920021831989, 0.143419444561, 0.0774590671062, 0.0280394610018, 0.0355023182929, 0.0345926508307, 0.166148245335, 0.295601695776, 0.165016829967, 0.0364986807108, 0.0265172887594, 0.0208339989185, 0.0703931972384, 0.103188998997, 0.0638193190098, 0.0376258306205, 0.0334675423801, 0.0352768003941, 0.0639178305864, 0.0838000401855, 0.0787470862269, 0.225353956223, 0.340277135372, 0.179577544332, 0.0443057827652, 0.035294637084, 0.0553909353912, 0.1832023561]
    },
    "chords_histogram": [39.375, 1.00446426868, 22.946428299, 0.848214268684, 0.446428567171, 0, 0, 0, 0.245535716414, 1.67410719395, 0.714285731316, 0, 0, 0, 0, 0.848214268684, 0, 1.25, 0, 8.52678585052, 0, 2.29910707474, 14.866071701, 4.95535707474],
    "thpcp": [1, 0.527739107609, 0.130204990506, 0.103723213077, 0.162781834602, 0.538391590118, 0.860367417336, 0.50465875864, 0.0980234965682, 0.0597579553723, 0.126556783915, 0.407943159342, 0.600370883942, 0.332851022482, 0.270374268293, 0.421478360891, 0.227635234594, 0.0824018344283, 0.104333542287, 0.101660229266, 0.488273322582, 0.868708670139, 0.484948337078, 0.107261627913, 0.0779285058379, 0.0612265616655, 0.20687019825, 0.30324986577, 0.187551006675, 0.11057408154, 0.0983537808061, 0.103670790792, 0.187840506434, 0.246269971132, 0.231420442462, 0.662265956402],
    "chords_key": "G",
    "chords_scale": "major"
}
}