{
"metadata": {
    "version": {
        "essentia": "2.1-beta6-dev",
        "essentia_git_sha": "v2.1_beta5-1177-g1d1cc983",
        "extractor": "music 2.0"
    },
    "audio_properties": {
        "analysis": {
            "equal_loudness": 0,
            "length": 246.133331299,
            "sample_rate": 44100,
            "start_time": 0,
            "downmix": "mix"
        },
        "bit_rate": 1411200,
        "length": 246.133331299,
        "lossless": 1,
        "number_channels": 2,
        "replay_gain": -15.3179798126,
        "sample_rate": 44100,
        "codec": "pcm_s16le",
        "md5_encoded": "0ed831e58189e200e6b330187417fc9d"
    },
    "tags": {
        "file_name": "All Get Out - All Get Out - 07 Three More, I Guess.wav"
    }
},
"lowlevel": {
    "average_loudness": 0.522945821285,
    "barkbands_crest": {
        "mean": 11.431019783
    },
    "barkbands_flatness_db": {
        "mean": 0.249888062477
    },
    "barkbands_kurtosis": {
        "mean": 9.39201831818
    },
    "barkbands_skewness": {
        "mean": 1.51378333569
    },
    "barkbands_spread": {
        "mean": 8.65263938904
    },
    "dissonance": {
        "mean": 0.414752691984
    },
    "dynamic_complexity": 7.21416854858,
    "erbbands_crest": {
        "mean": 11.7909641266
    },
    "erbbands_flatness_db": {
        "mean": 0.281939804554
    },
    "erbbands_kurtosis": {
        "mean": 2.82640075684
    },
    "erbbands_skewness": {
        "mean": 0.835784852505
    },
    "erbbands_spread": {
        "mean": 17.936000824
    },
    "hfc": {
        "mean": 12.0347042084
    },
    "loudness_ebu128": {
        "integrated": -9.19512557983,
        "loudness_range": 16.1923141479,
        "momentary": {
            "mean": -15.1976490021
        },
        "short_term": {
            "mean": -13.3144054413
        }
    },
    "melbands_crest": {
        "mean": 13.6750583649
    },
    "melbands_flatness_db": {
        "mean": 0.323042780161
    },
    "melbands_kurtosis": {
        "mean": 7.55970001221
    },
    "melbands_skewness": {
        "mean": 1.58134424686
    },
    "melbands_spread": {
        "mean": 13.2458438873
    },
    "pitch_salience": {
        "mean": 0.574921131134
    },
    "silence_rate_20dB": {
        "mean": 1
    },
    "silence_rate_30dB": {
        "mean": 0.999905705452
    },
    "silence_rate_60dB": {
        "mean": 0.302961707115
    },
    "spectral_centroid": {
        "mean": 836.20880127
    },
    "spectral_complexity": {
        "mean": 10.9786834717
    },
    "spectral_decrease": {
        "mean": -4.34011404593e-09
    },
    "spectral_energy": {
        "mean": 0.0174721889198
    },
    "spectral_energyband_high": {
        "mean": 9.07139037736e-05
    },
    "spectral_energyband_low": {
        "mean": 0.000156769965542
    },
    "spectral_energyband_middle_high": {
        "mean": 0.00389315909706
    },
    "spectral_energyband_middle_low": {
        "mean": 0.0136092957109
    },
    "spectral_entropy": {
        "mean": 6.43918180466
    },
    "spectral_flux": {
        "mean": 0.0379043705761
    },
    "spectral_kurtosis": {
        "mean": 40.1000289917
    },
    "spectral_rms": {
        "mean": 0.00345290335827
    },
    "spectral_rolloff": {
        "mean": 1238.2277832
    },
    "spectral_skewness": {
        "mean": 4.12035322189
    },
    "spectral_spread": {
        "mean": 2620119.75
    },
    "spectral_strongpeak": {
        "mean": 1.28797268867
    },
    "zerocrossingrate": {
        "mean": 0.0470937639475
    },
    "barkbands": {
        "mean": [1.83056101832e-06, 2.62821577053e-05, 6.33343152003e-05, 0.000198477748199, 0.00286946794949, 0.00218980875798, 0.00358690600842, 0.00245187268592, 0.00177953508683, 0.00114294153173, 0.000926666485611, 0.000363060971722, 0.000640037818812, 0.000215809690417, 0.000219898967771, 0.000213850056753, 0.000222219139687, 0.000175975990715, 7.23701668903e-05, 4.57586575067e-05, 2.00956292247e-05, 3.55517795469e-06, 1.05888120743e-05, 1.60388572112e-05, 1.33934918267e-05, 2.22597532229e-06, 1.89780521964e-07]
    },
    "erbbands": {
        "mean": [0.000420268886955, 0.00800386350602, 0.0615254826844, 0.402755618095, 3.42675495148, 12.5290699005, 14.8431749344, 17.2360801697, 40.5000267029, 66.4905395508, 43.7829475403, 44.3102493286, 35.9199447632, 33.8769645691, 34.9923019409, 18.752614975, 27.9772071838, 16.359500885, 13.6956367493, 11.0046758652, 9.07533073425, 11.3749084473, 11.6768140793, 4.96822023392, 3.43758320808, 2.17216086388, 1.40421962738, 0.381424874067, 0.165028199553, 0.137214154005, 0.340553164482, 0.310910642147, 0.288370966911, 0.200517103076, 0.0666564181447, 0.0172748770565, 0.00262142508291, 0.000433446286479, 2.79323940049e-05, 2.11817568925e-05]
    },
    "gfcc": {
        "mean": [-158.922393799, 137.696212769, -122.347885132, -43.1600532532, -62.3210945129, -25.1547088623, -54.8141021729, -0.15253482759, -25.6282691956, -6.15124750137, -10.2425365448, -11.0122728348, -8.50253200531],
        "cov": [[26120.0898438, 753.371154785, -5707.85253906, 1181.98962402, -1714.80847168, -454.299682617, -1269.72021484, 849.623352051, -1164.37463379, -355.867156982, 240.017196655, -626.92767334, 530.772827148], [753.371154785, 3451.34643555, 188.654724121, -1393.33349609, 751.062927246, -421.174316406, 227.461349487, -420.989868164, 261.278320312, -249.405853271, 40.903881073, -148.662857056, -170.579666138], [-5707.85253906, 188.654724121, 1947.12060547, -260.34286499, 288.999328613, 177.829727173, 274.492767334, -261.741516113, 356.670013428, 115.768089294, -141.522399902, 164.856002808, -198.39100647], [1181.98962402, -1393.33349609, -260.34286499, 1206.22888184, -276.421203613, 66.3714981079, -145.865646362, 263.037261963, -137.28578186, 96.2452850342, -27.9386463165, 25.4309387207, 110.319755554], [-1714.80847168, 751.062927246, 288.999328613, -276.421203613, 630.539306641, -46.4903945923, 166.784225464, -113.227622986, 154.953262329, -43.9258956909, -24.140794754, 2.50160264969, -72.3185577393], [-454.299682617, -421.174316406, 177.829727173, 66.3714981079, -46.4903945923, 370.534576416, 90.0678329468, 3.67844796181, -16.5732212067, 65.365020752, -47.2434310913, 5.17129850388, -29.8847198486], [-1269.72021484, 227.461349487, 274.492767334, -145.865646362, 166.784225464, 90.0678329468, 296.607696533, -55.4683227539, 40.7436637878, 38.2270469666, 1.13381624222, -3.31059169769, -56.940990448], [849.623352051, -420.989868164, -261.741516113, 263.037261963, -113.227622986, 3.67844796181, -55.4683227539, 203.520324707, -63.2392272949, 6.26271820068, 25.9031219482, 0.489513039589, 48.5391235352], [-1164.37463379, 261.278320312, 356.670013428, -137.28578186, 154.953262329, -16.5732212067, 40.7436637878, -63.2392272949, 244.135040283, 37.0356788635, -48.0884513855, 31.8249664307, -44.4077110291], [-355.867156982, -249.405853271, 115.768089294, 96.2452850342, -43.9258956909, 65.365020752, 38.2270469666, 6.26271820068, 37.0356788635, 145.462615967, -16.3000659943, -0.480294823647, 5.31486320496], [240.017196655, 40.903881073, -141.522399902, -27.9386463165, -24.140794754, -47.2434310913, 1.13381624222, 25.9031219482, -48.0884513855, -16.3000659943, 131.291824341, 11.6123466492, 10.6588582993], [-626.92767334, -148.662857056, 164.856002808, 25.4309387207, 2.50160264969, 5.17129850388, -3.31059169769, 0.489513039589, 31.8249664307, -0.480294823647, 11.6123466492, 100.870651245, 4.59663534164], [530.772827148, -170.579666138, -198.39100647, 110.319755554, -72.3185577393, -29.8847198486, -56.940990448, 48.5391235352, -44.4077110291, 5.31486320496, 10.6588582993, 4.59663534164, 109.48260498]],
        "icov": [[0.000522012473084, -0.00124345882796, 0.00123318901751, -0.000849445757922, 0.00128547009081, -0.000990453409031, 0.00110933824908, -0.00102020124905, 0.000662985199597, -0.000785817508586, 0.000817357504275, -0.000658377131913, 0.000485631579068], [-0.00124345882796, 0.00407583871856, -0.0028745548334, 0.00271694362164, -0.00356634194031, 0.00322982948273, -0.00303899915889, 0.0032948856242, -0.00220569688827, 0.00291972886771, -0.00227188644931, 0.00311704562046, -0.00102951261215], [0.00123318901751, -0.0028745548334, 0.00418792571872, -0.00208729039878, 0.00308791105635, -0.00245257723145, 0.00196322659031, -0.001377636916, 0.000620955019258, -0.00224301312119, 0.0026999018155, -0.00340029760264, 0.00247762654908], [-0.000849445757922, 0.00271694362164, -0.00208729039878, 0.00325805228204, -0.00241016503423, 0.00213128142059, -0.0015871351352, 0.000581307453103, -0.00069922755938, 0.00092499674065, -0.000817346153781, 0.00158056849614, -0.00112278922461], [0.00128547009081, -0.00356634194031, 0.00308791105635, -0.00241016503423, 0.00592469098046, -0.00245941476896, 0.00148933159653, -0.00235872995108, 0.000463930278784, -0.00114290509373, 0.00233791628852, -0.00215116725303, 0.00140452024061], [-0.000990453409031, 0.00322982948273, -0.00245257723145, 0.00213128142059, -0.00245941476896, 0.00617387564853, -0.0034714541398, 0.0022323273588, -0.000732855347451, 0.00110664311796, -0.000340430910001, 0.00196578027681, 0.000107266605482], [0.00110933824908, -0.00303899915889, 0.00196322659031, -0.0015871351352, 0.00148933159653, -0.0034714541398, 0.00795669574291, -0.00283307139762, 0.00266656186432, -0.00363594363444, 0.000686623854563, -0.00099210604094, 0.00170714571141], [-0.00102020124905, 0.0032948856242, -0.001377636916, 0.000581307453103, -0.00235872995108, 0.0022323273588, -0.00283307139762, 0.0111622717232, -0.00248370482586, 0.00277010328136, -0.00293390988372, 0.00161081878468, -0.00129744538572], [0.000662985199597, -0.00220569688827, 0.000620955019258, -0.00069922755938, 0.000463930278784, -0.000732855347451, 0.00266656186432, -0.00248370482586, 0.00879984069616, -0.00426503829658, 0.0031374162063, -0.00306354509667, 0.00137301872019], [-0.000785817508586, 0.00291972886771, -0.00224301312119, 0.00092499674065, -0.00114290509373, 0.00110664311796, -0.00363594363444, 0.00277010328136, -0.00426503829658, 0.0120614999905, -0.00227887136862, 0.00446948641911, -0.00249113980681], [0.000817357504275, -0.00227188644931, 0.0026999018155, -0.000817346153781, 0.00233791628852, -0.000340430910001, 0.000686623854563, -0.00293390988372, 0.0031374162063, -0.00227887136862, 0.0116014070809, -0.0048960102722, 0.00178228470031], [-0.000658377131913, 0.00311704562046, -0.00340029760264, 0.00158056849614, -0.00215116725303, 0.00196578027681, -0.00099210604094, 0.00161081878468, -0.00306354509667, 0.00446948641911, -0.0048960102722, 0.0171987004578, -0.00352544430643], [0.000485631579068, -0.00102951261215, 0.00247762654908, -0.00112278922461, 0.00140452024061, 0.000107266605482, 0.00170714571141, -0.00129744538572, 0.00137301872019, -0.00249113980681, 0.00178228470031, -0.00352544430643, 0.0138689922169]]
    },
    "melbands": {
        "mean": [5.56102531846e-06, 2.63190213445e-05, 0.000131927678012, 0.000601165869739, 0.000514910847414, 0.000395001465222, 0.000695073627867, 0.000705586804543, 0.000337568606483, 0.000274179590633, 0.000169599719811, 0.000131047534524, 0.00011528313189, 5.92336982663e-05, 4.34208777733e-05, 6.78985306877e-05, 2.48619089689e-05, 2.1702826416e-05, 1.46754346133e-05, 1.71424799191e-05, 9.33635146794e-06, 1.07043733806e-05, 1.36698072311e-05, 8.21606590762e-06, 3.33146726916e-06, 3.31738851855e-06, 1.49555512508e-06, 1.42992234942e-06, 1.10460916858e-06, 3.12207305342e-07, 1.84951943538e-07, 1.07161305607e-07, 3.40399992638e-08, 8.94452867328e-08, 1.82718721931e-07, 2.23624084583e-07, 1.75030550054e-07, 2.10064428074e-07, 1.88962999914e-07, 1.61301741741e-07]
    },
    "melbands128": {
        "mean": [1.04359776287e-06, 2.0377826786e-06, 6.51123036732e-06, 1.39332796607e-05, 2.34364888456e-05, 3.37967285304e-05, 5.84018307563e-05, 0.000118390118587, 0.000259704771452, 0.000736963294912, 0.000798495602794, 0.000449783052318, 0.000594677752815, 0.000352345552528, 0.000318651436828, 0.000498114270158, 0.000426806393079, 0.000746788165998, 0.00109229271766, 0.000689120206516, 0.000635177246295, 0.000277508283034, 0.000381569174351, 0.000272730947472, 0.000292530603474, 0.00028991655563, 0.000151740168803, 0.000220276298933, 8.78227001522e-05, 0.000166436933796, 0.000142745673656, 8.21225912659e-05, 0.000117206342111, 0.000161225383636, 3.05379071506e-05, 5.87007198192e-05, 4.39393552369e-05, 3.28958485625e-05, 4.61500094389e-05, 7.4493822467e-05, 8.65091060405e-05, 3.40926890203e-05, 2.11104033951e-05, 2.27371856454e-05, 1.78856826096e-05, 2.36765536101e-05, 2.39253895415e-05, 1.74348133442e-05, 6.04243768976e-06, 1.51309031935e-05, 2.6915120543e-05, 8.77083493833e-06, 6.07200263403e-06, 1.29204927362e-05, 9.45659667195e-06, 6.388892416e-06, 1.46045140355e-05, 1.86609195225e-05, 1.07128853415e-05, 1.10253868115e-05, 9.5127388704e-06, 4.24361041951e-06, 4.96722395837e-06, 2.4104865588e-06, 1.77225751941e-06, 5.7881329667e-06, 1.93904747903e-06, 1.19779213037e-06, 1.98866518986e-06, 1.04561786429e-06, 1.29256136461e-06, 2.00372733161e-06, 8.13332121652e-07, 1.50124151332e-06, 5.60313765163e-07, 2.26913286383e-07, 2.47101439754e-07, 1.85470142355e-07, 2.14993889358e-07, 1.29231978008e-07, 1.19876858662e-07, 1.11747631593e-07, 4.03586355446e-08, 1.17916210129e-08, 3.15616475177e-08, 9.1232230659e-08, 1.02635524968e-07, 1.0195205391e-07, 1.87927625461e-07, 2.3272566807e-07, 2.53181440257e-07, 2.05867337399e-07, 2.07984413692e-07, 1.6257845914e-07, 1.36244693749e-07, 2.56630897866e-07, 2.09353046898e-07, 1.8479302355e-07, 1.90114988641e-07, 1.77431459747e-07, 2.17027960048e-07, 1.52832541289e-07, 1.11413974935e-07, 8.95984371141e-08, 7.18985759818e-08, 5.72018414857e-08, 4.37577760692e-08, 3.65350558695e-08, 2.80971974576e-08, 2.07759445203e-08, 1.39787301734e-08, 9.43023525934e-09, 5.86265169744e-09, 4.14715151109e-09, 3.00837421641e-09, 2.0292516556e-09, 6.3685088314e-09, 1.31644339874e-09, 3.20623610994e-10, 1.78935755102e-10, 1.59892127316e-10, 1.68954322755e-10, 1.2911595404e-10, 1.01365152383e-10, 7.45005862557e-11, 5.15117254407e-11, 3.07738660943e-11, 1.30631321732e-11]
    },
    "mfcc": {
        "mean": [-805.178955078, 195.817443848, -17.0007305145, -17.7977867126, -4.29703187943, -34.4739265442, -16.0669212341, -18.9710865021, -13.7350969315, -3.83787918091, -11.6648283005, -1.18523049355, -7.97114038467],
        "cov": [[19553.3925781, -1301.64233398, -3464.58569336, 325.377990723, -46.1512718201, -1848.03967285, 498.115783691, -275.340118408, -526.866577148, 81.9083557129, -680.405639648, -91.7527084351, -108.175430298], [-1301.64233398, 4148.68603516, -90.6475219727, -780.09197998, 143.306976318, 224.706863403, -169.939498901, 74.365234375, -32.7376899719, -32.7772789001, 146.252624512, -85.7631912231, 66.3300247192], [-3464.58569336, -90.6475219727, 1414.70336914, -32.4867553711, -87.4530639648, 422.264373779, -194.254425049, 13.5502061844, 140.927658081, -47.7886428833, 146.433227539, 67.408996582, 2.79756045341], [325.377990723, -780.09197998, -32.4867553711, 672.491821289, 118.096557617, -106.731430054, 50.4787445068, -7.2343993187, 62.884475708, -10.9538898468, -43.7270317078, 84.512336731, 5.60351800919], [-46.1512718201, 143.306976318, -87.4530639648, 118.096557617, 279.748138428, 16.3961677551, -65.2458877563, 39.1968536377, 34.6659851074, -13.6053552628, 8.54727268219, 2.37366390228, -7.34453868866], [-1848.03967285, 224.706863403, 422.264373779, -106.731430054, 16.3961677551, 478.472076416, 2.92894434929, 36.4188766479, 125.788146973, 54.7558059692, 88.7709884644, 13.6142444611, 8.07894611359], [498.115783691, -169.939498901, -194.254425049, 50.4787445068, -65.2458877563, 2.92894434929, 295.777832031, 33.4838066101, -34.264919281, 38.1850280762, -28.7709884644, 7.61891651154, 25.0061511993], [-275.340118408, 74.365234375, 13.5502061844, -7.2343993187, 39.1968536377, 36.4188766479, 33.4838066101, 154.961334229, -0.77364552021, -10.903840065, 20.8857498169, 12.2177629471, 14.9303150177], [-526.866577148, -32.7376899719, 140.927658081, 62.884475708, 34.6659851074, 125.788146973, -34.264919281, -0.77364552021, 183.402893066, 39.639251709, 17.9747066498, 25.8215446472, -1.38944518566], [81.9083557129, -32.7772789001, -47.7886428833, -10.9538898468, -13.6053552628, 54.7558059692, 38.1850280762, -10.903840065, 39.639251709, 139.274673462, 19.4234142303, -10.7253799438, 19.2920646667], [-680.405639648, 146.252624512, 146.433227539, -43.7270317078, 8.54727268219, 88.7709884644, -28.7709884644, 20.8857498169, 17.9747066498, 19.4234142303, 118.242454529, 17.2755775452, 6.16630554199], [-91.7527084351, -85.7631912231, 67.408996582, 84.512336731, 2.37366390228, 13.6142444611, 7.61891651154, 12.2177629471, 25.8215446472, -10.7253799438, 17.2755775452, 98.9928207397, 8.37634181976], [-108.175430298, 66.3300247192, 2.79756045341, 5.60351800919, -7.34453868866, 8.07894611359, 25.0061511993, 14.9303150177, -1.38944518566, 19.2920646667, 6.16630554199, 8.37634181976, 101.610977173]],
        "icov": [[0.000124477403006, 1.81928189704e-05, 0.000185008495464, 5.43559654034e-05, -1.44348678077e-05, 0.000271854369203, -5.5109096138e-05, 0.00010209386528, 3.99376913265e-05, -0.00016824202612, 0.000291425531032, -0.00017612069496, 0.000117776886327], [1.81928189704e-05, 0.000368111912394, 0.000135546812089, 0.000454974389868, -0.000296342361253, -7.26340731489e-05, 9.35253337957e-05, 2.09429817914e-05, -3.92349284084e-05, 0.000223391791224, -0.000265072390903, -3.02078678942e-05, -0.00031586404657], [0.000185008495464, 0.000135546812089, 0.00175346073229, -0.000177023888682, 0.000941949954722, -0.000921424012631, 0.00102140405215, 3.28640417138e-05, -0.000132099623443, 0.000771574559622, -0.000498448323924, -0.000517292472068, -0.000120290620544], [5.43559654034e-05, 0.000454974389868, -0.000177023888682, 0.00286476779729, -0.00171273958404, 0.00102895020973, -0.000879501167219, 0.000518469081726, -0.000969919725321, 7.22306285752e-05, 0.000487869168865, -0.0017705205828, -0.000368219072698], [-1.44348678077e-05, -0.000296342361253, 0.000941949954722, -0.00171273958404, 0.00558367324993, -0.00112649356015, 0.00196682475507, -0.00160486332607, -0.000358632038115, 0.000642661587335, -0.000503322225995, 0.000841849599965, 0.00032576531521], [0.000271854369203, -7.26340731489e-05, -0.000921424012631, 0.00102895020973, -0.00112649356015, 0.00504194805399, -0.0017031453317, 1.62653741427e-05, -0.00204734760337, -0.00148937036283, -0.000387495936593, -0.000204252050025, 0.000535035622306], [-5.5109096138e-05, 9.35253337957e-05, 0.00102140405215, -0.000879501167219, 0.00196682475507, -0.0017031453317, 0.00538373505697, -0.00157621921971, 0.00133183447178, -0.000814629311208, 0.000737890193705, -0.000448444159701, -0.00075001217192], [0.00010209386528, 2.09429817914e-05, 3.28640417138e-05, 0.000518469081726, -0.00160486332607, 1.62653741427e-05, -0.00157621921971, 0.00773913413286, 0.000104360275145, 0.00103201810271, -0.000953588052653, -0.000825256283861, -0.00086964253569], [3.99376913265e-05, -3.92349284084e-05, -0.000132099623443, -0.000969919725321, -0.000358632038115, -0.00204734760337, 0.00133183447178, 0.000104360275145, 0.00836401991546, -0.00250740069896, 0.00130132643972, -0.00163246633019, 0.000565052032471], [-0.00016824202612, 0.000223391791224, 0.000771574559622, 7.22306285752e-05, 0.000642661587335, -0.00148937036283, -0.000814629311208, 0.00103201810271, -0.00250740069896, 0.0101229436696, -0.00294997403398, 0.0020168912597, -0.00207994878292], [0.000291425531032, -0.000265072390903, -0.000498448323924, 0.000487869168865, -0.000503322225995, -0.000387495936593, 0.000737890193705, -0.000953588052653, 0.00130132643972, -0.00294997403398, 0.01260782592, -0.00280920322984, 0.000467408332042], [-0.00017612069496, -3.02078678942e-05, -0.000517292472068, -0.0017705205828, 0.000841849599965, -0.000204252050025, -0.000448444159701, -0.000825256283861, -0.00163246633019, 0.0020168912597, -0.00280920322984, 0.0131451319903, -0.00106558902189], [0.000117776886327, -0.00031586404657, -0.000120290620544, -0.000368219072698, 0.00032576531521, 0.000535035622306, -0.00075001217192, -0.00086964253569, 0.000565052032471, -0.00207994878292, 0.000467408332042, -0.00106558902189, 0.0109521225095]]
    },
    "spectral_contrast_coeffs": {
        "mean": [-0.589877545834, -0.713744997978, -0.730397939682, -0.770584523678, -0.764631927013, -0.838446855545]
    },
    "spectral_contrast_valleys": {
        "mean": [-8.71123695374, -7.01500892639, -8.44245815277, -9.03157901764, -10.047990799, -12.6813364029]
    }
},
"rhythm": {
    "beats_count": 513,
    "beats_loudness": {
        "mean": 0.0218912903219
    },
    "bpm": 117.783920288,
    "bpm_histogram_first_peak_bpm": 117,
    "bpm_histogram_first_peak_weight": 0.575581431389,
    "bpm_histogram_second_peak_bpm": 123,
    "bpm_histogram_second_peak_spread": 0.5,
    "bpm_histogram_second_peak_weight": 0.09765625,
    "danceability": 0.843913197517,
    "onset_rate": 1.65749394894,
    "beats_loudness_band_ratio": {
        "mean": [0.0855453908443, 0.317547529936, 0.468343704939, 0.110125362873, 0.0441944077611, 0.0364429466426]
    },
    "beats_position": [0.510838985443, 1.03328800201, 1.55573689938, 2.07818579674, 2.61224484444, 3.13469386101, 3.65714287758, 4.17959165573, 4.71365070343, 5.24770975113, 5.78176879883, 6.29260778427, 6.81505680084, 7.32589578629, 7.8251247406, 8.33596324921, 8.84680271149, 9.35764122009, 9.86848068237, 10.3909292221, 10.9017686844, 11.4242172241, 11.9466667175, 12.4807252884, 13.0031747818, 13.5488433838, 14.0945119858, 14.6401815414, 15.0233106613, 15.4064397812, 15.7895689011, 16.1726989746, 16.5558280945, 16.9273471832, 17.298866272, 17.6703853607, 18.0419044495, 18.4134235382, 18.784942627, 19.1448516846, 19.5279808044, 19.9111099243, 20.2826309204, 20.6657600403, 21.0140590668, 21.3507480621, 21.6874370575, 22.0241260529, 22.3956451416, 22.7671642303, 23.1386852264, 23.4985942841, 23.8817234039, 24.2648525238, 24.6479816437, 25.0311107635, 25.4142398834, 25.7857589722, 26.1456680298, 26.5171871185, 26.8770961761, 27.2370071411, 27.6085262299, 27.9800453186, 28.3515644073, 28.7230834961, 29.106212616, 29.4893417358, 29.9653511047, 30.4413604736, 30.9173698425, 31.4282073975, 31.9390468597, 32.449886322, 32.9258956909, 33.4019050598, 33.8779144287, 34.3423118591, 34.8067131042, 35.2711105347, 35.7355079651, 36.1999092102, 36.6643066406, 37.1403160095, 37.5466651917, 37.9530143738, 38.3709754944, 38.7541046143, 39.1372337341, 39.520362854, 39.9034919739, 40.2866210938, 40.6697502136, 41.0528793335, 41.4243965149, 41.8075294495, 42.1906585693, 42.5737876892, 42.9453048706, 43.3168258667, 43.6883430481, 44.0598640442, 44.4197731018, 44.7796821594, 45.1511993408, 45.5227203369, 45.8826293945, 46.3238105774, 46.7649879456, 47.2061653137, 47.6589546204, 48.111743927, 48.5645332336, 49.0289344788, 49.4817237854, 49.9229011536, 50.3756904602, 50.8865280151, 51.3857574463, 51.8965988159, 52.4074363708, 52.9182739258, 53.4058952332, 53.9051246643, 54.4043540955, 54.8919715881, 55.4028091431, 55.9136505127, 56.4361000061, 56.9701576233, 57.5042152405, 58.0150566101, 58.5375061035, 59.0599517822, 59.5707931519, 60.0816307068, 60.5924720764, 61.1033096313, 61.6141471863, 62.1249885559, 62.6358261108, 63.1466636658, 63.6691131592, 64.2031707764, 64.748840332, 65.2945098877, 65.7937393188, 66.2813568115, 66.7805862427, 67.2682037354, 67.7558288574, 68.2434463501, 68.7542877197, 69.26512146, 69.7759628296, 70.2635803223, 70.7395935059, 71.2272109985, 71.7612686157, 72.3069381714, 72.8526077271, 73.3982772827, 73.9439468384, 74.489616394, 75.0352783203, 75.580947876, 76.1266174316, 76.6838989258, 77.276008606, 77.8681182861, 78.4602279663, 79.0523376465, 79.6328353882, 80.2249450684, 80.7241744995, 81.2350082397, 81.7342376709, 82.2450790405, 82.7559204102, 83.2551422119, 83.742767334, 84.2419967651, 84.7296142578, 85.2172317505, 85.7048492432, 86.2156906128, 86.7381362915, 87.2489776611, 87.7598190308, 88.270652771, 88.7814941406, 89.2807235718, 89.7799530029, 90.2791824341, 90.7087478638, 91.1383209229, 91.5678863525, 91.9974594116, 92.4502487183, 92.9030380249, 93.3790435791, 93.9363250732, 94.5052108765, 95.0741043091, 95.6429901123, 96.2118835449, 96.7807693481, 97.3380508423, 97.895324707, 98.3945541382, 98.8821716309, 99.3581848145, 99.8574142456, 100.356643677, 100.844261169, 101.331878662, 101.831108093, 102.330337524, 102.841178894, 103.340408325, 103.851242065, 104.350471497, 104.849700928, 105.348930359, 105.84815979, 106.347389221, 106.846618652, 107.345848083, 107.845077515, 108.344306946, 108.843536377, 109.354377747, 109.865211487, 110.468933105, 111.061042786, 111.664756775, 112.280090332, 112.89541626, 113.406257629, 113.905487061, 114.416320801, 114.915550232, 115.414779663, 115.914009094, 116.401634216, 116.889251709, 117.38848114, 117.89931488, 118.398544312, 118.886169434, 119.373786926, 119.84979248, 120.337409973, 120.848251343, 121.347480774, 121.846710205, 122.345939636, 122.845169067, 123.321174622, 123.808792114, 124.284805298, 124.749206543, 125.225212097, 125.689613342, 126.154014587, 126.618408203, 127.094421387, 127.570426941, 128.058044434, 128.545669556, 129.033279419, 129.509292603, 129.985305786, 130.472915649, 130.832824707, 131.157913208, 131.494598389, 131.831283569, 132.179595947, 132.516281128, 132.84135437, 133.17805481, 133.51473999, 133.839813232, 134.188110352, 134.524810791, 134.861495972, 135.198181152, 135.546478271, 135.894775391, 136.254684448, 136.602996826, 137.020950317, 137.42729187, 137.833648682, 138.251602173, 138.681182861, 139.110748291, 139.540313721, 139.958267212, 140.376235962, 140.794189453, 141.212158203, 141.618499756, 142.036453247, 142.454421997, 142.86076355, 143.267120361, 143.673461914, 144.149475098, 144.613876343, 145.078277588, 145.554275513, 146.018676758, 146.471466064, 146.93586731, 147.400268555, 147.853057861, 148.305847168, 148.874740601, 149.443618774, 149.98928833, 150.534957886, 151.09223938, 151.661132812, 152.230026245, 152.798904419, 153.414230347, 154.029571533, 154.633285522, 155.236999512, 155.829116821, 156.421218872, 157.013336182, 157.53578186, 158.058227539, 158.580673218, 159.114730835, 159.648788452, 160.17124939, 160.693695068, 161.216140747, 161.738586426, 162.261047363, 162.783493042, 163.305938721, 163.828384399, 164.350830078, 164.873291016, 165.395736694, 165.906570435, 166.429016113, 166.939865112, 167.450698853, 167.973144531, 168.472381592, 168.971603394, 169.482452393, 169.993286133, 170.480911255, 170.991744995, 171.502578735, 172.013427734, 172.535873413, 173.058319092, 173.569152832, 174.080001831, 174.590835571, 175.090057373, 175.589294434, 176.100128174, 176.610977173, 177.121810913, 177.632644653, 178.143493652, 178.654327393, 179.165161133, 179.676010132, 180.314559937, 180.953109741, 181.580047607, 182.218597412, 182.857131958, 183.495681763, 184.134231567, 184.761169434, 185.3881073, 186.015060425, 186.641998291, 187.257324219, 187.872650146, 188.476364136, 188.998809814, 189.521270752, 190.032104492, 190.508117676, 190.984130859, 191.471740723, 191.947753906, 192.42376709, 192.93460083, 193.410614014, 193.886611938, 194.362625122, 194.838638306, 195.314651489, 195.790649414, 196.278274536, 196.765899658, 197.26512146, 197.752746582, 198.240356445, 198.727981567, 199.227203369, 199.72644043, 200.225662231, 200.690063477, 201.16607666, 201.642089844, 202.118087769, 202.594100952, 203.070114136, 203.546112061, 204.033737183, 204.521362305, 205.020584106, 205.543029785, 206.077087402, 206.587936401, 207.11038208, 207.632827759, 208.143676758, 208.64289856, 209.1537323, 209.676193237, 210.210250854, 210.721084595, 211.231918335, 211.742767334, 212.253601074, 212.741226196, 213.217224121, 213.693237305, 214.180862427, 214.66847229, 215.144485474, 215.632110596, 216.108108521, 216.572509766, 217.048522949, 217.524536133, 217.977325439, 218.441726685, 218.940948486, 219.451782227, 219.939407349, 220.415420532, 220.903030396, 221.379043579, 221.855056763, 222.331054688, 222.830291748, 223.31791687, 223.805526733, 224.281539917, 224.76914978, 225.256774902, 225.744400024, 226.232009888, 226.71963501, 227.207244873, 227.683258057, 228.15927124, 228.646896362, 229.146118164, 229.633743286, 230.109741211, 230.539321899, 230.968887329, 231.38684082, 231.81640625, 232.199539185, 232.571060181, 232.954193115, 233.33732605, 233.708831787, 234.080352783, 234.451873779, 234.835006714, 235.218139648, 235.601272583, 235.984390259, 236.402359009, 236.831924438, 237.261489868, 237.679458618, 238.097412109, 238.515365601, 238.933334351, 239.351287842, 239.769241333, 240.21043396, 240.63999939, 241.069564819, 241.487518311, 241.917098999, 242.416320801, 242.915557861, 243.414779663, 243.914016724, 244.413238525, 244.912460327, 245.411697388],
    "bpm_histogram": [0, 0, 0, 0, 0, 0, 0, 0, 0, 0, 0, 0, 0, 0, 0, 0, 0, 0, 0, 0, 0, 0, 0, 0, 0, 0, 0, 0, 0, 0, 0, 0, 0, 0, 0, 0, 0, 0, 0, 0, 0, 0, 0, 0, 0, 0, 0, 0, 0, 0, 0, 0, 0, 0, 0, 0, 0, 0, 0, 0, 0, 0, 0, 0, 0, 0, 0, 0, 0, 0, 0, 0, 0, 0, 0, 0, 0, 0, 0, 0, 0, 0, 0, 0, 0, 0, 0, 0, 0, 0, 0, 0, 0, 0, 0.01171875, 0, 0.009765625, 0, 0.01171875, 0.009765625, 0, 0.017578125, 0, 0.001953125, 0, 0.01953125, 0, 0, 0.009765625, 0, 0.029296875, 0, 0.025390625, 0, 0, 0.078125, 0, 0.142578125, 0, 0, 0.115234375, 0, 0, 0.09765625, 0, 0, 0.09765625, 0, 0, 0.037109375, 0, 0, 0, 0.021484375, 0, 0, 0.009765625, 0, 0, 0, 0.029296875, 0, 0, 0, 0.03515625, 0, 0, 0, 0.015625, 0, 0, 0, 0, 0, 0, 0, 0, 0.0625, 0, 0, 0, 0.05078125, 0.001953125, 0, 0, 0, 0, 0.01953125, 0, 0, 0, 0, 0.01171875, 0, 0, 0, 0, 0, 0.021484375, 0, 0, 0, 0, 0, 0, 0.005859375, 0, 0, 0, 0, 0, 0, 0, 0, 0, 0, 0, 0, 0, 0, 0, 0, 0, 0, 0, 0, 0, 0, 0, 0, 0, 0, 0, 0, 0, 0, 0, 0, 0, 0, 0, 0, 0, 0, 0, 0, 0, 0, 0, 0, 0, 0, 0, 0, 0, 0, 0, 0, 0, 0, 0, 0, 0, 0, 0, 0, 0, 0, 0, 0]
},
"tonal": {
    "chords_changes_rate": 0.0282912105322,
    "chords_number_rate": 0.00150886457413,
    "chords_strength": {
        "mean": 0.525299370289
    },
    "hpcp_crest": {
        "mean": 15.6559934616
    },
    "hpcp_entropy": {
        "mean": 1.64010334015
    },
    "key_edma": {
        "strength": 0.748363137245,
        "key": "Eb",
        "scale": "major"
    },
    "key_krumhansl": {
        "strength": 0.742931783199,
        "key": "Eb",
        "scale": "major"
    },
    "key_temperley": {
        "strength": 0.73117095232,
        "key": "Eb",
        "scale": "major"
    },
    "tuning_diatonic_strength": 0.576479554176,
    "tuning_equal_tempered_deviation": 0.00873493030667,
    "tuning_frequency": 437.718536377,
    "tuning_nontempered_energy_ratio": 0.619393348694,
    "hpcp": {
        "mean": [0.153266847134, 0.110390469432, 0.245918884873, 0.515874087811, 0.323527157307, 0.0413964577019, 0.0262897852808, 0.0441544800997, 0.172937139869, 0.2621768713, 0.139268130064, 0.0326941497624, 0.0326497666538, 0.0372511819005, 0.113263726234, 0.167383685708, 0.0943505391479, 0.134329900146, 0.220958665013, 0.122783914208, 0.0377459637821, 0.0466770753264, 0.0416681542993, 0.0971910730004, 0.1686296314, 0.105809748173, 0.0397658273578, 0.0391256958246, 0.0330228321254, 0.174921423197, 0.28271856904, 0.137869045138, 0.0255274511874, 0.0209482423961, 0.0263317320496, 0.0868640765548]
    },
    "chords_histogram": [40.7959251404, 5.41305160522, 14.9566202164, 2.71595621109, 17.6159934998, 1.07506597042, 0, 0, 0, 0, 2.20671439171, 0, 0.0754432305694, 0, 0, 0, 0, 0.207468882203, 0, 0.226329684258, 0, 0, 0.509241819382, 14.2021875381],
    "thpcp": [1, 0.627143621445, 0.0802452713251, 0.0509616322815, 0.085591584444, 0.335231304169, 0.508218705654, 0.269965350628, 0.0633762180805, 0.0632901862264, 0.0722098350525, 0.219556927681, 0.32446616888, 0.182894513011, 0.260392814875, 0.428318977356, 0.238011404872, 0.0731689482927, 0.0904815271497, 0.0807719454169, 0.188400760293, 0.326881378889, 0.205107703805, 0.0770843699574, 0.0758434981108, 0.0640133544803, 0.339077740908, 0.548037946224, 0.267253279686, 0.0494838804007, 0.0406072773039, 0.0510429441929, 0.168382316828, 0.297101259232, 0.213987231255, 0.476703315973],
    "chords_key": "Eb",
    "chords_scale": "major"
}
}