{
"metadata": {
    "version": {
        "essentia": "2.1-beta6-dev",
        "essentia_git_sha": "v2.1_beta5-1177-g1d1cc983",
        "extractor": "music 2.0"
    },
    "audio_properties": {
        "analysis": {
            "equal_loudness": 0,
            "length": 269.777313232,
            "sample_rate": 44100,
            "start_time": 0,
            "downmix": "mix"
        },
        "bit_rate": 1411200,
        "length": 269.777313232,
        "lossless": 1,
        "number_channels": 2,
        "replay_gain": -10.492149353,
        "sample_rate": 44100,
        "codec": "pcm_s16le",
        "md5_encoded": "e1a0ed14226e9ad187a67d2dd4165d1a"
    },
    "tags": {
        "file_name": "03 - All Get Out - Value.wav",
        "album": ["No Bouquet"],
        "albumartist": ["All Get Out"],
        "artist": ["All Get Out"],
        "composer": ["Nathan Michael Hussey"],
        "copyright": ["(C) 2018 Equal Vision Records, Inc. (P) 2018 Equal Vision Records, Inc."],
        "date": ["2018"],
        "discnumber": ["1"],
        "disctotal": ["1"],
        "genre": ["Alternative & Indie"],
        "isrc": ["US3X51838803"],
        "title": ["Value"],
        "tracknumber": ["3"],
        "tracktotal": ["10"]
    }
},
"lowlevel": {
    "average_loudness": 0.954382777214,
    "barkbands_crest": {
        "mean": 8.83000564575
    },
    "barkbands_flatness_db": {
        "mean": 0.11576718837
    },
    "barkbands_kurtosis": {
        "mean": 2.41764473915
    },
    "barkbands_skewness": {
        "mean": 1.28043925762
    },
    "barkbands_spread": {
        "mean": 28.4250621796
    },
    "dissonance": {
        "mean": 0.472265332937
    },
    "dynamic_complexity": 2.34830236435,
    "erbbands_crest": {
        "mean": 8.04721260071
    },
    "erbbands_flatness_db": {
        "mean": 0.144555956125
    },
    "erbbands_kurtosis": {
        "mean": 0.184523567557
    },
    "erbbands_skewness": {
        "mean": 0.00137820711825
    },
    "erbbands_spread": {
        "mean": 39.4962158203
    },
    "hfc": {
        "mean": 28.3315868378
    },
    "loudness_ebu128": {
        "integrated": -11.284081459,
        "loudness_range": 5.48369312286,
        "momentary": {
            "mean": -12.4499111176
        },
        "short_term": {
            "mean": -12.2327604294
        }
    },
    "melbands_crest": {
        "mean": 13.9189977646
    },
    "melbands_flatness_db": {
        "mean": 0.177620917559
    },
    "melbands_kurtosis": {
        "mean": 10.6246919632
    },
    "melbands_skewness": {
        "mean": 2.49217987061
    },
    "melbands_spread": {
        "mean": 28.7378444672
    },
    "pitch_salience": {
        "mean": 0.542027711868
    },
    "silence_rate_20dB": {
        "mean": 1
    },
    "silence_rate_30dB": {
        "mean": 0.997504293919
    },
    "silence_rate_60dB": {
        "mean": 0.0616178996861
    },
    "spectral_centroid": {
        "mean": 1561.26794434
    },
    "spectral_complexity": {
        "mean": 26.3489665985
    },
    "spectral_decrease": {
        "mean": -8.13652079046e-09
    },
    "spectral_energy": {
        "mean": 0.0332787968218
    },
    "spectral_energyband_high": {
        "mean": 0.00131115049589
    },
    "spectral_energyband_low": {
        "mean": 0.0132056744769
    },
    "spectral_energyband_middle_high": {
        "mean": 0.00798034761101
    },
    "spectral_energyband_middle_low": {
        "mean": 0.0120655344799
    },
    "spectral_entropy": {
        "mean": 7.74976921082
    },
    "spectral_flux": {
        "mean": 0.0893413424492
    },
    "spectral_kurtosis": {
        "mean": 4.1214261055
    },
    "spectral_rms": {
        "mean": 0.00539962342009
    },
    "spectral_rolloff": {
        "mean": 1778.68896484
    },
    "spectral_skewness": {
        "mean": 1.41038370132
    },
    "spectral_spread": {
        "mean": 4585235
    },
    "spectral_strongpeak": {
        "mean": 0.802444040775
    },
    "zerocrossingrate": {
        "mean": 0.0668573826551
    },
    "barkbands": {
        "mean": [5.05018724652e-05, 0.00609603803605, 0.00585685577244, 0.00225340854377, 0.00474872067571, 0.0012233061716, 0.00122020498384, 0.00093978602672, 0.00151632667985, 0.000924255349673, 0.00133766990621, 0.000999321113341, 0.000797495886218, 0.000479224312585, 0.000737365568057, 0.00100305990782, 0.000587641261518, 0.000360223319149, 0.000539750093594, 0.000460264447611, 0.000298251194181, 0.000205215052119, 0.000222065500566, 0.000220621121116, 0.000143008321174, 4.3759438995e-05, 1.42322815009e-05]
    },
    "erbbands": {
        "mean": [0.100819721818, 1.65857493877, 6.33074092865, 7.70081567764, 13.2867822647, 15.1133460999, 11.5221328735, 10.0522956848, 13.0429553986, 22.3543930054, 20.8973617554, 29.4759273529, 33.6980781555, 55.6916351318, 38.9557571411, 36.156665802, 36.6839370728, 26.9975852966, 29.1683063507, 42.0305938721, 59.8306045532, 34.6357345581, 21.0910987854, 20.4703426361, 32.4074325562, 20.3770313263, 13.0509786606, 10.6967763901, 7.56037807465, 5.79672956467, 6.79976463318, 5.09942626953, 3.42995977402, 1.96019673347, 0.808464884758, 0.257166087627, 0.065458856523, 0.0190408769995, 0.00235087890178, 0.000135516675073]
    },
    "gfcc": {
        "mean": [28.2468910217, 85.2365875244, -121.695037842, 35.5235824585, -49.9567947388, 14.4203042984, -33.9238586426, 7.1360578537, -26.1774768829, -4.53798961639, -19.1945915222, -5.42994451523, -9.23241233826],
        "cov": [[6805.23095703, -1614.57836914, 1109.56311035, 773.251831055, -8.9100227356, 1037.11706543, -171.663299561, 508.651947021, -40.8945350647, 118.842910767, -19.559595108, 145.152557373, -128.606262207], [-1614.57836914, 1559.01831055, -507.531188965, -186.819793701, 220.561294556, -366.884399414, 228.596221924, -178.387893677, 107.125259399, -12.4928770065, 117.79662323, -110.016235352, 69.3464584351], [1109.56311035, -507.531188965, 976.010070801, 184.20072937, -24.2027816772, 313.228942871, -126.560028076, 136.718292236, -48.1501350403, 34.6979446411, -1.51248037815, 26.9181976318, -37.2804260254], [773.251831055, -186.819793701, 184.20072937, 429.951843262, 68.0958480835, 111.214187622, 4.53388690948, 48.5447273254, 51.6779136658, 27.9679908752, -3.31496524811, 42.2962417603, -17.328327179], [-8.9100227356, 220.561294556, -24.2027816772, 68.0958480835, 240.63583374, 32.0440483093, 79.6151580811, 1.67384529114, 55.9458198547, 31.3822059631, 50.1636962891, 5.20761108398, 13.9987792969], [1037.11706543, -366.884399414, 313.228942871, 111.214187622, 32.0440483093, 403.355010986, 3.44150948524, 155.069656372, -10.7832527161, 16.7778282166, 9.50527763367, 31.561832428, -34.7367782593], [-171.663299561, 228.596221924, -126.560028076, 4.53388690948, 79.6151580811, 3.44150948524, 177.925735474, -1.09926044941, 55.4651756287, 9.8260679245, 25.7066783905, 6.92441082001, 8.68534946442], [508.651947021, -178.387893677, 136.718292236, 48.5447273254, 1.67384529114, 155.069656372, -1.09926044941, 170.647262573, 24.9151096344, 7.94917964935, 4.1684551239, 9.34993457794, -17.108921051], [-40.8945350647, 107.125259399, -48.1501350403, 51.6779136658, 55.9458198547, -10.7832527161, 55.4651756287, 24.9151096344, 111.555213928, 49.2686882019, 22.0440597534, 4.1737279892, -3.65785741806], [118.842910767, -12.4928770065, 34.6979446411, 27.9679908752, 31.3822059631, 16.7778282166, 9.8260679245, 7.94917964935, 49.2686882019, 83.2071380615, 35.8339157104, 12.4231348038, -10.4944229126], [-19.559595108, 117.79662323, -1.51248037815, -3.31496524811, 50.1636962891, 9.50527763367, 25.7066783905, 4.1684551239, 22.0440597534, 35.8339157104, 83.3907470703, 16.3045978546, 3.83800578117], [145.152557373, -110.016235352, 26.9181976318, 42.2962417603, 5.20761108398, 31.561832428, 6.92441082001, 9.34993457794, 4.1737279892, 12.4231348038, 16.3045978546, 74.6420211792, 22.3618068695], [-128.606262207, 69.3464584351, -37.2804260254, -17.328327179, 13.9987792969, -34.7367782593, 8.68534946442, -17.108921051, -3.65785741806, -10.4944229126, 3.83800578117, 22.3618068695, 65.2585372925]],
        "icov": [[0.000328661059029, 6.40736034256e-05, 1.02686854007e-05, -0.000414792011725, 5.12550868734e-05, -0.000506789132487, 0.000126244936837, -0.000375028059352, 0.00040214631008, -0.000486334116431, 8.55055186548e-05, -3.70088600903e-05, 3.14416756737e-05], [6.40736034256e-05, 0.00202998658642, 4.04621714551e-05, 0.000181907744263, -0.000811259087641, 0.000905924127437, -0.00147753104102, 0.000850863580126, -0.00128805090208, 0.00169792771339, -0.0030247240793, 0.00340465805493, -0.00167141191196], [1.02686854007e-05, 4.04621714551e-05, 0.00169538997579, -0.000517227861565, 4.40269650426e-05, -0.000991906621493, 0.000972761074081, -0.000400816556066, 0.000851217482705, -0.000958451710176, -9.8151518614e-05, 0.000278891297057, -0.00015976409486], [-0.000414792011725, 0.000181907744263, -0.000517227861565, 0.00376736815087, -0.00112905714195, 0.000408879917813, 4.45369623776e-05, 0.000889586750418, -0.00258052768186, 0.00141041132156, 0.000708598701749, -0.00162123586051, 0.00097731675487], [5.12550868734e-05, -0.000811259087641, 4.40269650426e-05, -0.00112905714195, 0.00656323414296, -0.00145059602801, -0.00107700703666, 0.000589663570281, -0.00103838054929, -0.000832530145999, -0.00177072884981, 0.000532015867066, -0.00146391894668], [-0.000506789132487, 0.000905924127437, -0.000991906621493, 0.000408879917813, -0.00145059602801, 0.00672634644434, -0.00226054573432, -0.00307334354147, 0.0014938468812, 0.000667624932248, -0.00118100317195, -6.66844380248e-06, 0.00123003486078], [0.000126244936837, -0.00147753104102, 0.000972761074081, 4.45369623776e-05, -0.00107700703666, -0.00226054573432, 0.00968881696463, 9.29850066314e-05, -0.00309688271955, 0.000891284609679, 0.00106496934313, -0.00323555921204, 0.001164876041], [-0.000375028059352, 0.000850863580126, -0.000400816556066, 0.000889586750418, 0.000589663570281, -0.00307334354147, 9.29850066314e-05, 0.011328689754, -0.00616656895727, 0.00415010843426, -0.00233851489611, 0.0017985443119, -0.000597751291934], [0.00040214631008, -0.00128805090208, 0.000851217482705, -0.00258052768186, -0.00103838054929, 0.0014938468812, -0.00309688271955, -0.00616656895727, 0.0203891545534, -0.0125766946003, 0.00374619057402, -0.00121728621889, 0.00109284964856], [-0.000486334116431, 0.00169792771339, -0.000958451710176, 0.00141041132156, -0.000832530145999, 0.000667624932248, 0.000891284609679, 0.00415010843426, -0.0125766946003, 0.0245355796069, -0.00990716181695, 0.000262384332018, 0.00230108364485], [8.55055186548e-05, -0.0030247240793, -9.8151518614e-05, 0.000708598701749, -0.00177072884981, -0.00118100317195, 0.00106496934313, -0.00233851489611, 0.00374619057402, -0.00990716181695, 0.0220775026828, -0.00836424995214, 0.00269564846531], [-3.70088600903e-05, 0.00340465805493, 0.000278891297057, -0.00162123586051, 0.000532015867066, -6.66844380248e-06, -0.00323555921204, 0.0017985443119, -0.00121728621889, 0.000262384332018, -0.00836424995214, 0.0245279408991, -0.0111165363342], [3.14416756737e-05, -0.00167141191196, -0.00015976409486, 0.00097731675487, -0.00146391894668, 0.00123003486078, 0.001164876041, -0.000597751291934, 0.00109284964856, 0.00230108364485, 0.00269564846531, -0.0111165363342, 0.0220690127462]]
    },
    "melbands": {
        "mean": [0.00131476880051, 0.0029322472401, 0.00149627414066, 0.00108112976886, 0.000444925884949, 0.000223070717766, 0.000221999740461, 0.000246918265475, 0.000162341573741, 0.000207972872886, 0.000166668469319, 0.000217567678192, 0.000142453049193, 0.000116574323329, 7.95111554908e-05, 8.39641725179e-05, 4.41911615781e-05, 4.10811771872e-05, 6.65303086862e-05, 5.36905135959e-05, 7.13441986591e-05, 3.61050879292e-05, 2.31168814935e-05, 1.59336868819e-05, 1.5380586774e-05, 2.52970148722e-05, 2.12783561437e-05, 1.1443990843e-05, 7.70781662141e-06, 7.40741961636e-06, 6.01830060987e-06, 4.43329236077e-06, 3.43119268109e-06, 3.10039627038e-06, 3.98911970478e-06, 3.51462199433e-06, 2.97857627629e-06, 2.37347444454e-06, 2.19083767661e-06, 1.47460184508e-06]
    },
    "melbands128": {
        "mean": [4.80993003293e-05, 0.000507691525854, 0.00172583712265, 0.00306689227, 0.00339859165251, 0.00274516409263, 0.00154138205107, 0.00108163175173, 0.00143509660847, 0.00124290701933, 0.00078293500701, 0.000531588273589, 0.000406736362493, 0.000252831232501, 0.00021622463828, 0.000221608221182, 0.000161496995133, 0.00019956662436, 0.00034128545667, 0.000230263685808, 0.000232127815252, 0.000213587161852, 0.000134673027787, 0.000144653065945, 0.000133105175337, 0.000286475813482, 0.000261858222075, 9.98168616206e-05, 0.000156028239871, 0.000132689441671, 0.000326974928612, 0.000231396988966, 8.36830658955e-05, 0.00010411193216, 0.00015995495778, 0.000104723301774, 7.11455286364e-05, 9.75990988081e-05, 6.41070510028e-05, 8.10795027064e-05, 0.00010054379527, 6.65294501232e-05, 3.86635983887e-05, 3.1083705835e-05, 5.15523715876e-05, 3.59026853403e-05, 3.26934932673e-05, 9.7502983408e-05, 6.08533810009e-05, 3.96785399062e-05, 5.19134409842e-05, 6.11902942182e-05, 0.000104064347397, 6.22983206995e-05, 3.05374596792e-05, 4.05638420489e-05, 3.28304267896e-05, 2.40613389906e-05, 2.1079356884e-05, 1.80295373866e-05, 1.54515182658e-05, 1.39465164466e-05, 1.48951958181e-05, 1.24950011013e-05, 2.1607553208e-05, 3.12872616632e-05, 2.18257609959e-05, 2.4817252779e-05, 2.15329473576e-05, 1.60202725965e-05, 1.1279613318e-05, 1.03046913864e-05, 6.45743875793e-06, 7.37991376809e-06, 8.65100992087e-06, 8.40489155962e-06, 6.51023401588e-06, 5.34617856829e-06, 6.57391910863e-06, 6.06229514233e-06, 4.2868350647e-06, 3.93681102651e-06, 4.0259983507e-06, 3.24703614751e-06, 3.12996576213e-06, 3.03266597257e-06, 2.96396910926e-06, 3.4878742099e-06, 4.02542173106e-06, 4.76785453429e-06, 3.27308021042e-06, 3.41013264915e-06, 3.30588682118e-06, 3.04971945297e-06, 2.70413056569e-06, 2.4637909064e-06, 2.19314097194e-06, 2.45263231591e-06, 2.36377172769e-06, 1.99048599825e-06, 1.67503367265e-06, 1.40125018788e-06, 1.22809217373e-06, 1.09542725113e-06, 9.36512321914e-07, 7.32367254841e-07, 5.99875477292e-07, 4.78038430174e-07, 4.93846187055e-07, 3.18732674032e-07, 2.3404547278e-07, 2.11537582118e-07, 1.86936290447e-07, 1.81741171446e-07, 1.62578430718e-07, 1.56830154197e-07, 1.54962705778e-07, 1.3633199103e-07, 1.053480716e-07, 7.75256197016e-08, 5.36240314375e-08, 3.45391271139e-08, 2.37866526476e-08, 1.94026910094e-08, 1.61583635361e-08, 1.16897096447e-08, 6.38339914261e-09, 3.9617638059e-09]
    },
    "mfcc": {
        "mean": [-612.109191895, 114.252723694, -8.13029956818, 24.277885437, 6.3828163147, 6.90247058868, 5.040102005, 5.192694664, 2.63774037361, 2.38913393021, -10.0118122101, -3.11696100235, 1.88814496994],
        "cov": [[6278.17480469, -1708.03930664, 1022.87915039, -43.0559577942, 569.5234375, 336.858825684, 275.035095215, 416.9581604, 112.500579834, 294.318267822, 45.3236732483, 188.141189575, 43.1283493042], [-1708.03930664, 1476.40979004, -572.978088379, 93.057472229, -177.531234741, -67.3135910034, 0.144161701202, -148.368743896, -18.4565353394, -46.4719657898, 59.4441337585, -27.777048111, 37.916885376], [1022.87915039, -572.978088379, 938.104675293, -88.9964904785, 248.556518555, 60.1059379578, 83.1586380005, 93.0744552612, 1.65069758892, 71.2910461426, -2.70490908623, 40.3008766174, -30.2647228241], [-43.0559577942, 93.057472229, -88.9964904785, 379.738830566, 6.3892121315, 61.0015335083, -49.6573028564, -19.7953853607, 25.6105442047, -20.7911224365, 18.1248016357, 20.0890464783, 52.2643661499], [569.5234375, -177.531234741, 248.556518555, 6.3892121315, 260.168457031, 65.2442169189, 68.9505691528, 59.2791175842, 13.0129423141, 64.162399292, 18.0899333954, 37.4936676025, 13.0064935684], [336.858825684, -67.3135910034, 60.1059379578, 61.0015335083, 65.2442169189, 181.32359314, 56.7139320374, 50.937587738, 26.6382884979, 30.912443161, 30.7027492523, 32.7986946106, 30.5177612305], [275.035095215, 0.144161701202, 83.1586380005, -49.6573028564, 68.9505691528, 56.7139320374, 133.735809326, 72.7540969849, 12.3842010498, 30.8537521362, 18.583530426, 18.1936626434, 5.49042129517], [416.9581604, -148.368743896, 93.0744552612, -19.7953853607, 59.2791175842, 50.937587738, 72.7540969849, 151.991928101, 49.0292778015, 50.5940475464, 9.01711654663, 29.6014900208, 13.4868965149], [112.500579834, -18.4565353394, 1.65069758892, 25.6105442047, 13.0129423141, 26.6382884979, 12.3842010498, 49.0292778015, 82.2999649048, 35.8642425537, 11.1186542511, 8.8815908432, 14.7485799789], [294.318267822, -46.4719657898, 71.2910461426, -20.7911224365, 64.162399292, 30.912443161, 30.8537521362, 50.5940475464, 35.8642425537, 108.469703674, 42.3969421387, 30.5946292877, 10.9894943237], [45.3236732483, 59.4441337585, -2.70490908623, 18.1248016357, 18.0899333954, 30.7027492523, 18.583530426, 9.01711654663, 11.1186542511, 42.3969421387, 90.3121795654, 41.8429603577, 17.5681667328], [188.141189575, -27.777048111, 40.3008766174, 20.0890464783, 37.4936676025, 32.7986946106, 18.1936626434, 29.6014900208, 8.8815908432, 30.5946292877, 41.8429603577, 78.1006164551, 42.7781410217], [43.1283493042, 37.916885376, -30.2647228241, 52.2643661499, 13.0064935684, 30.5177612305, 5.49042129517, 13.4868965149, 14.7485799789, 10.9894943237, 17.5681667328, 42.7781410217, 82.5477371216]],
        "icov": [[0.000317421567161, 0.0002954628726, -2.9363502108e-05, -9.10647722776e-05, -0.000174537170096, -0.000150991196278, -0.000333939184202, -0.000128557512653, 5.74512596359e-05, -0.000433664099546, 0.000153271932504, -0.000284857582301, 3.4338911064e-05], [0.0002954628726, 0.00139461748768, 0.000495319836773, -0.000334679003572, 0.000107487969217, 0.000343292020261, -0.00161775504239, 0.00107807968743, -0.000150088424562, -0.000507926219143, -0.000646342814434, 0.000221602429519, -0.000496699823998], [-2.9363502108e-05, 0.000495319836773, 0.00182000966743, 0.000151315121911, -0.00119936408009, 6.12595904386e-05, -0.000477396009956, 0.000192073901417, 0.000166757847182, -0.000175177730853, 0.000218523608055, -0.000655179494061, 0.000812544720247], [-9.10647722776e-05, -0.000334679003572, 0.000151315121911, 0.00371595146134, -0.000790452177171, -0.00146644096822, 0.00239802221768, -9.16347635211e-05, -0.00122648326214, 0.00176315556746, -0.000801049463917, 0.000269475596724, -0.00155853631441], [-0.000174537170096, 0.000107487969217, -0.00119936408009, -0.000790452177171, 0.00674186367542, -0.000484687305288, -0.00224306038581, 0.000603044929449, 0.000792850274593, -0.00271222973242, 0.000984172220342, -0.000864092202391, -0.00027210402186], [-0.000150991196278, 0.000343292020261, 6.12595904386e-05, -0.00146644096822, -0.000484687305288, 0.00817495584488, -0.00312468432821, -8.71190277394e-05, -0.000927284301724, 0.000184256379725, -0.00160925439559, 5.12266997248e-05, -0.00139462237712], [-0.000333939184202, -0.00161775504239, -0.000477396009956, 0.00239802221768, -0.00224306038581, -0.00312468432821, 0.0149143701419, -0.00658957147971, 0.00173064507544, 0.00180058705155, -0.00185601727571, 0.00139584217686, -5.9774996771e-05], [-0.000128557512653, 0.00107807968743, 0.000192073901417, -9.16347635211e-05, 0.000603044929449, -8.71190277394e-05, -0.00658957147971, 0.0140192741528, -0.00596646405756, -0.00246966117993, 0.00263268244453, -0.0033825491555, 0.000372784532374], [5.74512596359e-05, -0.000150088424562, 0.000166757847182, -0.00122648326214, 0.000792850274593, -0.000927284301724, 0.00173064507544, -0.00596646405756, 0.0181807987392, -0.00508799729869, -0.000147528204252, 0.00311380135827, -0.00219899858348], [-0.000433664099546, -0.000507926219143, -0.000175177730853, 0.00176315556746, -0.00271222973242, 0.000184256379725, 0.00180058705155, -0.00246966117993, -0.00508799729869, 0.0172474309802, -0.006765473634, -0.000415151938796, 0.0001902228978], [0.000153271932504, -0.000646342814434, 0.000218523608055, -0.000801049463917, 0.000984172220342, -0.00160925439559, -0.00185601727571, 0.00263268244453, -0.000147528204252, -0.006765473634, 0.0194199066609, -0.0102807860821, 0.00305903446861], [-0.000284857582301, 0.000221602429519, -0.000655179494061, 0.000269475596724, -0.000864092202391, 5.12266997248e-05, 0.00139584217686, -0.0033825491555, 0.00311380135827, -0.000415151938796, -0.0102807860821, 0.0271781682968, -0.0121841840446], [3.4338911064e-05, -0.000496699823998, 0.000812544720247, -0.00155853631441, -0.00027210402186, -0.00139462237712, -5.9774996771e-05, 0.000372784532374, -0.00219899858348, 0.0001902228978, 0.00305903446861, -0.0121841840446, 0.0201412774622]]
    },
    "spectral_contrast_coeffs": {
        "mean": [-0.68629014492, -0.759116470814, -0.752574682236, -0.777248442173, -0.795075416565, -0.766957461834]
    },
    "spectral_contrast_valleys": {
        "mean": [-6.54902696609, -6.6924571991, -7.0412979126, -7.15741872787, -7.08552789688, -9.85284900665]
    }
},
"rhythm": {
    "beats_count": 636,
    "beats_loudness": {
        "mean": 0.0402680374682
    },
    "bpm": 139.979324341,
    "bpm_histogram_first_peak_bpm": 140,
    "bpm_histogram_first_peak_weight": 0.312178373337,
    "bpm_histogram_second_peak_bpm": 172,
    "bpm_histogram_second_peak_spread": 0,
    "bpm_histogram_second_peak_weight": 0.0299212597311,
    "danceability": 1.05968999863,
    "onset_rate": 2.70207500458,
    "beats_loudness_band_ratio": {
        "mean": [0.472606956959, 0.213590964675, 0.116543740034, 0.121217526495, 0.0922969803214, 0.0570602826774]
    },
    "beats_position": [0.441179126501, 0.882358253002, 1.31192743778, 1.74149656296, 2.15945577621, 2.58902478218, 3.01859402657, 3.44816327095, 3.87773227692, 4.31891155243, 4.74848079681, 5.17804956436, 5.60761880875, 6.03718805313, 6.45514726639, 6.88471651077, 7.31428575516, 7.74385452271, 8.17342376709, 8.60299301147, 9.03256225586, 9.46213150024, 9.89170074463, 10.321269989, 10.7508392334, 11.1804075241, 11.6099767685, 12.0395460129, 12.4691152573, 12.8986845016, 13.328253746, 13.7578229904, 14.1873922348, 14.6169614792, 15.0465307236, 15.4760990143, 15.9056682587, 16.3352375031, 16.7648067474, 17.1827659607, 17.6123352051, 18.0419044495, 18.483083725, 18.9010429382, 19.3190021515, 19.7485713959, 20.1781406403, 20.6077098846, 21.037279129, 21.4668483734, 21.8964176178, 22.3259868622, 22.7555541992, 23.1851234436, 23.614692688, 24.0442619324, 24.4738311768, 24.89179039, 25.3329696655, 25.7509288788, 26.1921081543, 26.6100673676, 27.0280265808, 27.4692058563, 27.8871650696, 28.316734314, 28.7463035583, 29.1642627716, 29.5822219849, 30.0234012604, 30.4645805359, 30.8825397491, 31.3004989624, 31.7300682068, 32.1596374512, 32.5892066956, 33.0187759399, 33.4599533081, 33.901134491, 34.3307037354, 34.7602729797, 35.1782302856, 35.6194114685, 36.0373687744, 36.4669380188, 36.8965072632, 37.3144645691, 37.7440338135, 38.1736030579, 38.6031723022, 39.0327415466, 39.462310791, 39.8918800354, 40.3214492798, 40.7510185242, 41.192199707, 41.6217689514, 42.0513381958, 42.4692955017, 42.8872566223, 43.3052139282, 43.7463951111, 44.1759643555, 44.5939216614, 45.0234909058, 45.4530601501, 45.8826293945, 46.3121986389, 46.7533760071, 47.1829452515, 47.6125144958, 48.0420837402, 48.4600448608, 48.8780021667, 49.2959632874, 49.7255325317, 50.1551017761, 50.5962791443, 51.0258483887, 51.4554176331, 51.8849868774, 52.302947998, 52.7325172424, 53.1388664246, 53.5684356689, 53.9980049133, 54.4391822815, 54.8687515259, 55.3099327087, 55.7278900146, 56.157459259, 56.5754165649, 57.0049858093, 57.4345550537, 57.8641242981, 58.2936935425, 58.7232627869, 59.1528320312, 59.5824012756, 60.01197052, 60.4415397644, 60.8711090088, 61.3122901917, 61.7534675598, 62.1830368042, 62.6126060486, 63.042175293, 63.4717445374, 63.9013137817, 64.3192749023, 64.7372360229, 65.1668014526, 65.5963668823, 66.0143280029, 66.4555053711, 66.8850784302, 67.3146438599, 67.7442169189, 68.1737823486, 68.6033554077, 69.0329208374, 69.4624938965, 69.8920593262, 70.3216323853, 70.7511978149, 71.1923828125, 71.6335601807, 72.0631256104, 72.4926986694, 72.91065979, 73.3286132812, 73.7581863403, 74.18775177, 74.6289291382, 75.0585021973, 75.488067627, 75.9060287476, 76.3239898682, 76.7535552979, 77.1831283569, 77.6126937866, 78.0422668457, 78.4718322754, 78.9014053345, 79.3193664551, 79.7489318848, 80.1785049438, 80.6080703735, 81.0376434326, 81.4672088623, 81.8967819214, 82.3263473511, 82.7559204102, 83.1854858398, 83.6150588989, 84.0446243286, 84.4741897583, 84.8921508789, 85.321723938, 85.7512893677, 86.1692504883, 86.598815918, 87.0283889771, 87.4579544067, 87.8875274658, 88.3054885864, 88.7350540161, 89.1646270752, 89.5941925049, 90.023765564, 90.4649429321, 90.8945083618, 91.3240814209, 91.7536468506, 92.1832199097, 92.6127853394, 93.0423583984, 93.4719238281, 93.9014968872, 94.3310623169, 94.760635376, 95.1902008057, 95.6197738647, 96.0493392944, 96.4789123535, 96.8968658447, 97.3148269653, 97.7444000244, 98.1739654541, 98.6035385132, 99.0331039429, 99.462677002, 99.8922424316, 100.321815491, 100.75138092, 101.180953979, 101.610519409, 102.02848053, 102.44644165, 102.887619019, 103.328796387, 103.746757507, 104.176322937, 104.605895996, 105.035461426, 105.465034485, 105.894599915, 106.324172974, 106.742126465, 107.160087585, 107.601264954, 108.030838013, 108.460403442, 108.889976501, 109.319541931, 109.74911499, 110.17868042, 110.596641541, 111.0262146, 111.455780029, 111.896957397, 112.326530457, 112.756095886, 113.185668945, 113.615234375, 114.033195496, 114.451156616, 114.880722046, 115.310295105, 115.728248596, 116.169433594, 116.587387085, 117.005348206, 117.446525574, 117.887710571, 118.317276001, 118.74684906, 119.164802551, 119.59437561, 120.02394104, 120.441902161, 120.87147522, 121.301040649, 121.742218018, 122.171791077, 122.601356506, 123.042533875, 123.460494995, 123.878456116, 124.308021545, 124.737594604, 125.178771973, 125.608345032, 126.037910461, 126.455871582, 126.885437012, 127.315010071, 127.7445755, 128.17414856, 128.615325928, 129.033279419, 129.462860107, 129.892425537, 130.310379028, 130.739959717, 131.169525146, 131.599090576, 132.028656006, 132.446624756, 132.887802124, 133.317367554, 133.735321045, 134.153289795, 134.582855225, 135.012420654, 135.453598022, 135.894775391, 136.324356079, 136.753921509, 137.183486938, 137.613052368, 138.042633057, 138.460586548, 138.878540039, 139.296508789, 139.737686157, 140.167251587, 140.596817017, 141.026397705, 141.455963135, 141.885528564, 142.326705933, 142.756271362, 143.185852051, 143.61541748, 144.04498291, 144.47454834, 144.89251709, 145.32208252, 145.751647949, 146.169616699, 146.610794067, 147.051971436, 147.469924927, 147.899505615, 148.329071045, 148.758636475, 149.188201904, 149.617782593, 150.047348022, 150.476913452, 150.894866943, 151.324447632, 151.742401123, 152.183578491, 152.601531982, 153.031112671, 153.460678101, 153.901855469, 154.331420898, 154.761001587, 155.178955078, 155.608520508, 156.038085938, 156.467666626, 156.897232056, 157.326797485, 157.756362915, 158.185943604, 158.615509033, 159.045074463, 159.463043213, 159.892608643, 160.310562134, 160.740127563, 161.169708252, 161.599273682, 162.028839111, 162.470016479, 162.899581909, 163.329162598, 163.758728027, 164.188293457, 164.617858887, 165.047439575, 165.477005005, 165.918182373, 166.347747803, 166.777328491, 167.195281982, 167.624847412, 168.054412842, 168.472381592, 168.901947021, 169.331512451, 169.761077881, 170.190658569, 170.620223999, 171.049789429, 171.467758179, 171.88571167, 172.303665161, 172.73324585, 173.162811279, 173.592376709, 174.0103302, 174.451522827, 174.881088257, 175.310653687, 175.740219116, 176.169799805, 176.587753296, 177.005706787, 177.435287476, 177.864852905, 178.306030273, 178.747207642, 179.176773071, 179.606338501, 180.035919189, 180.465484619, 180.88343811, 181.313018799, 181.742584229, 182.172149658, 182.590103149, 183.019683838, 183.449249268, 183.878814697, 184.308380127, 184.737960815, 185.167526245, 185.597091675, 186.015060425, 186.456237793, 186.885803223, 187.315368652, 187.756546021, 188.18611145, 188.615692139, 189.045257568, 189.474822998, 189.916000366, 190.333969116, 190.751922607, 191.169876099, 191.57623291, 192.00579834, 192.43536377, 192.876556396, 193.306121826, 193.735687256, 194.165252686, 194.594833374, 195.036010742, 195.465576172, 195.90675354, 196.324707031, 196.742675781, 197.183853149, 197.625030518, 198.042984009, 198.472564697, 198.902130127, 199.320083618, 199.749649048, 200.179229736, 200.608795166, 201.038360596, 201.467926025, 201.897506714, 202.327072144, 202.756637573, 203.174606323, 203.604171753, 204.033737183, 204.463302612, 204.892883301, 205.32244873, 205.75201416, 206.169967651, 206.611160278, 207.040725708, 207.470291138, 207.888244629, 208.317825317, 208.747390747, 209.176956177, 209.606521606, 210.024490356, 210.442443848, 210.872009277, 211.313186646, 211.731155396, 212.160720825, 212.601898193, 213.043075562, 213.47265625, 213.90222168, 214.343399048, 214.761352539, 215.190933228, 215.620498657, 216.050064087, 216.479629517, 216.897598267, 217.327163696, 217.756729126, 218.186294556, 218.615875244, 219.033828735, 219.463394165, 219.892959595, 220.310928345, 220.752105713, 221.181671143, 221.611236572, 222.029205322, 222.47038269, 222.888336182, 223.31791687, 223.7474823, 224.177047729, 224.595001221, 225.024581909, 225.454147339, 225.883712769, 226.313278198, 226.731246948, 227.160812378, 227.590377808, 228.019943237, 228.449523926, 228.879089355, 229.308654785, 229.738220215, 230.179412842, 230.62059021, 231.05015564, 231.479721069, 231.909286499, 232.338867188, 232.768432617, 233.197998047, 233.627563477, 234.057144165, 234.486709595, 234.916275024, 235.345840454, 235.775421143, 236.204986572, 236.634552002, 237.064117432, 237.49369812, 237.92326355, 238.352828979, 238.782394409, 239.211975098, 239.641540527, 240.059494019, 240.477462769, 240.907028198, 241.324981689, 241.754547119, 242.184127808, 242.613693237, 243.043258667, 243.472824097, 243.914016724, 244.343582153, 244.773147583, 245.202713013, 245.620681763, 246.038635254, 246.468200684, 246.886169434, 247.315734863, 247.756912231, 248.186477661, 248.616043091, 249.045623779, 249.475189209, 249.904754639, 250.345932007, 250.787109375, 251.147018433, 251.50692749, 251.855239868, 252.203536987, 252.540222168, 252.888519287, 253.225204468, 253.561904907, 253.910202026, 254.258499146, 254.606796265, 254.955093384, 255.303390503, 255.663299561, 256.023223877, 256.371520996, 256.719818115, 257.068115234, 257.416412354, 257.764709473, 258.113006592, 258.472930908, 258.832824707, 259.181121826, 259.529418945, 259.877716064, 260.226013184, 260.57434082, 260.934234619, 261.294158936, 261.654052734, 262.013977051, 262.37387085, 262.733795166, 263.140136719, 263.546478271, 263.964447021, 264.370788574, 264.74230957, 265.125427246, 265.496948242, 265.868469238, 266.239990234, 266.61151123, 266.983032227, 267.354553223, 267.737670898, 268.109191895, 268.492340088, 268.875457764, 269.258575439],
    "bpm_histogram": [0, 0, 0, 0, 0, 0, 0, 0, 0, 0, 0, 0, 0, 0, 0, 0, 0, 0, 0, 0, 0, 0, 0, 0, 0, 0, 0, 0, 0, 0, 0, 0, 0, 0, 0, 0, 0, 0, 0, 0, 0, 0, 0, 0, 0, 0, 0, 0, 0, 0, 0, 0, 0, 0, 0, 0, 0, 0, 0, 0, 0, 0, 0, 0, 0, 0, 0, 0, 0, 0, 0, 0, 0, 0, 0, 0, 0, 0, 0, 0, 0, 0, 0, 0, 0, 0, 0, 0, 0, 0, 0, 0, 0, 0, 0, 0, 0, 0, 0, 0, 0, 0, 0, 0, 0, 0, 0, 0, 0, 0, 0, 0, 0, 0, 0, 0, 0, 0, 0, 0, 0, 0, 0, 0, 0, 0, 0, 0, 0, 0, 0, 0, 0, 0, 0, 0, 0.110236220062, 0, 0, 0, 0.631496071815, 0, 0, 0, 0.176377952099, 0, 0, 0, 0.0078740157187, 0, 0, 0, 0, 0, 0, 0, 0, 0.0078740157187, 0, 0, 0, 0.0125984251499, 0, 0, 0, 0, 0, 0.0188976377249, 0, 0, 0, 0, 0.0299212597311, 0, 0, 0, 0, 0, 0.00472440943122, 0, 0, 0, 0, 0, 0, 0, 0, 0, 0, 0, 0, 0, 0, 0, 0, 0, 0, 0, 0, 0, 0, 0, 0, 0, 0, 0, 0, 0, 0, 0, 0, 0, 0, 0, 0, 0, 0, 0, 0, 0, 0, 0, 0, 0, 0, 0, 0, 0, 0, 0, 0, 0, 0, 0, 0, 0, 0, 0, 0, 0, 0, 0, 0, 0, 0, 0, 0, 0, 0, 0]
},
"tonal": {
    "chords_changes_rate": 0.0610910356045,
    "chords_number_rate": 0.00172087422106,
    "chords_strength": {
        "mean": 0.495773732662
    },
    "hpcp_crest": {
        "mean": 13.2867536545
    },
    "hpcp_entropy": {
        "mean": 2.01184654236
    },
    "key_edma": {
        "strength": 0.786639750004,
        "key": "F#",
        "scale": "major"
    },
    "key_krumhansl": {
        "strength": 0.801228046417,
        "key": "F#",
        "scale": "major"
    },
    "key_temperley": {
        "strength": 0.815840363503,
        "key": "F#",
        "scale": "major"
    },
    "tuning_diatonic_strength": 0.645657777786,
    "tuning_equal_tempered_deviation": 0.0105149392039,
    "tuning_frequency": 440.254241943,
    "tuning_nontempered_energy_ratio": 0.668211936951,
    "hpcp": {
        "mean": [0.0725232064724, 0.0594579428434, 0.159813374281, 0.280291378498, 0.190649077296, 0.142082706094, 0.22449618578, 0.16363029182, 0.0846098065376, 0.0802620723844, 0.0778638422489, 0.165382906795, 0.276694715023, 0.18572217226, 0.0688775256276, 0.058402903378, 0.0519756525755, 0.123624436557, 0.164966762066, 0.0952140763402, 0.05156904459, 0.0433061122894, 0.0415309555829, 0.0817608982325, 0.117521904409, 0.0974781736732, 0.219885393977, 0.379864662886, 0.23904658854, 0.0714356303215, 0.0514153391123, 0.0460833534598, 0.109863430262, 0.198294937611, 0.179741948843, 0.11075001955]
    },
    "chords_histogram": [39.8898658752, 9.01738071442, 9.51643466949, 0.0516262277961, 2.08225774765, 0.0172087419778, 0.0688349679112, 0.0688349679112, 1.75529170036, 0.344174832106, 0.6711409688, 0.464636027813, 0, 0, 0, 1.63483047485, 0, 2.9254860878, 0.344174832106, 0.722767174244, 0.0172087419778, 2.71898126602, 12.1665802002, 15.5222854614],
    "thpcp": [1, 0.629294097424, 0.188055470586, 0.135351732373, 0.121315188706, 0.289217293262, 0.522014677525, 0.473173648119, 0.29155126214, 0.190918534994, 0.156524017453, 0.42071133852, 0.737871706486, 0.501886844635, 0.374035060406, 0.590989887714, 0.430759459734, 0.22273671627, 0.211291238666, 0.204977855086, 0.43537324667, 0.728403389454, 0.488916695118, 0.18132121861, 0.153746604919, 0.136826768517, 0.325443357229, 0.434277713299, 0.250652641058, 0.135756358504, 0.114004053175, 0.109330929816, 0.215236917138, 0.309378355742, 0.256612896919, 0.578851938248],
    "chords_key": "F#",
    "chords_scale": "major"
}
}