{
"metadata": {
    "version": {
        "essentia": "2.1-beta6-dev",
        "essentia_git_sha": "v2.1_beta5-1177-g1d1cc983",
        "extractor": "music 2.0"
    },
    "audio_properties": {
        "analysis": {
            "equal_loudness": 0,
            "length": 262.047332764,
            "sample_rate": 44100,
            "start_time": 0,
            "downmix": "mix"
        },
        "bit_rate": 1411200,
        "length": 262.047332764,
        "lossless": 1,
        "number_channels": 2,
        "replay_gain": -15.8598451614,
        "sample_rate": 44100,
        "codec": "pcm_s16le",
        "md5_encoded": "4df62503399f0a5123d19b453598ab40"
    },
    "tags": {
        "file_name": "01 - All Get Out - Sans.wav",
        "album": ["Movement"],
        "albumartist": ["All Get Out"],
        "artist": ["All Get Out"],
        "composer": ["Nathan Hussey"],
        "copyright": ["2015 Bad Timing Records and Many Hats Distribution 2015 Bad Timing Records and Many Hats Distribution"],
        "date": ["2015"],
        "discnumber": ["1"],
        "disctotal": ["1"],
        "genre": ["Alternative & Indie"],
        "isrc": ["QM87M1502101"],
        "title": ["Sans"],
        "tracknumber": ["1"],
        "tracktotal": ["5"]
    }
},
"lowlevel": {
    "average_loudness": 0.951068758965,
    "barkbands_crest": {
        "mean": 10.2985687256
    },
    "barkbands_flatness_db": {
        "mean": 0.125670209527
    },
    "barkbands_kurtosis": {
        "mean": 2.56516337395
    },
    "barkbands_skewness": {
        "mean": 1.40198385715
    },
    "barkbands_spread": {
        "mean": 24.1827831268
    },
    "dissonance": {
        "mean": 0.472856968641
    },
    "dynamic_complexity": 2.23539829254,
    "erbbands_crest": {
        "mean": 7.55906152725
    },
    "erbbands_flatness_db": {
        "mean": 0.155649825931
    },
    "erbbands_kurtosis": {
        "mean": 0.0598581470549
    },
    "erbbands_skewness": {
        "mean": -0.0520053096116
    },
    "erbbands_spread": {
        "mean": 38.5147705078
    },
    "hfc": {
        "mean": 24.0402450562
    },
    "loudness_ebu128": {
        "integrated": -6.88775634766,
        "loudness_range": 4.02710819244,
        "momentary": {
            "mean": -7.57908296585
        },
        "short_term": {
            "mean": -7.38967561722
        }
    },
    "melbands_crest": {
        "mean": 15.4961490631
    },
    "melbands_flatness_db": {
        "mean": 0.191416919231
    },
    "melbands_kurtosis": {
        "mean": 10.5790719986
    },
    "melbands_skewness": {
        "mean": 2.58609247208
    },
    "melbands_spread": {
        "mean": 25.47772789
    },
    "pitch_salience": {
        "mean": 0.538471877575
    },
    "silence_rate_20dB": {
        "mean": 1
    },
    "silence_rate_30dB": {
        "mean": 1
    },
    "silence_rate_60dB": {
        "mean": 0.0372995473444
    },
    "spectral_centroid": {
        "mean": 1500.38146973
    },
    "spectral_complexity": {
        "mean": 26.7599887848
    },
    "spectral_decrease": {
        "mean": -7.80703057757e-09
    },
    "spectral_energy": {
        "mean": 0.0316460244358
    },
    "spectral_energyband_high": {
        "mean": 0.000840805412736
    },
    "spectral_energyband_low": {
        "mean": 0.0138646857813
    },
    "spectral_energyband_middle_high": {
        "mean": 0.00710869347677
    },
    "spectral_energyband_middle_low": {
        "mean": 0.0111676137894
    },
    "spectral_entropy": {
        "mean": 7.66452407837
    },
    "spectral_flux": {
        "mean": 0.0830694958568
    },
    "spectral_kurtosis": {
        "mean": 5.22621631622
    },
    "spectral_rms": {
        "mean": 0.00532200513408
    },
    "spectral_rolloff": {
        "mean": 1540.14331055
    },
    "spectral_skewness": {
        "mean": 1.485709548
    },
    "spectral_spread": {
        "mean": 3964234.5
    },
    "spectral_strongpeak": {
        "mean": 0.961946249008
    },
    "zerocrossingrate": {
        "mean": 0.0580610409379
    },
    "barkbands": {
        "mean": [0.000576012884267, 0.00567239243537, 0.00645309267566, 0.00225380482152, 0.00274094589986, 0.00122976559214, 0.000953146256506, 0.00139576382935, 0.0022646614816, 0.0013688307954, 0.000751670915633, 0.000632105162367, 0.000528886273969, 0.000487130164402, 0.0006844571908, 0.000579840212595, 0.000793475541286, 0.000734327710234, 0.000530003104359, 0.000283251458313, 0.0002034476056, 0.00015346086002, 0.000146436097566, 0.000146510763443, 5.9478032199e-05, 1.89360453078e-05, 4.11357405028e-06]
    },
    "erbbands": {
        "mean": [0.223108455539, 1.12407159805, 6.22616386414, 8.0424079895, 8.79118537903, 8.95813751221, 8.08390426636, 12.0297260284, 14.1080446243, 18.2156391144, 35.6164360046, 47.8936653137, 48.494468689, 33.0273361206, 32.131690979, 24.1203575134, 24.0205593109, 21.5004558563, 34.0381698608, 34.175163269, 34.7101745605, 46.5409660339, 43.2456054688, 28.7977962494, 25.7172889709, 12.9341526031, 8.42463302612, 7.47614908218, 5.27952194214, 5.07016944885, 4.20823431015, 3.55950474739, 2.00639533997, 0.880488455296, 0.308580249548, 0.10818593204, 0.0288908723742, 0.00616712402552, 0.000727670092601, 7.13230183464e-05]
    },
    "gfcc": {
        "mean": [18.280620575, 97.0182647705, -128.368560791, 33.2203369141, -48.7123184204, 8.02612018585, -34.009967804, 11.3036355972, -21.3683490753, -7.81469202042, -19.1233711243, -7.16279172897, -11.7106609344],
        "cov": [[4264.890625, -1868.94873047, 148.157714844, 543.304016113, -443.820129395, 464.274200439, -78.9229507446, 252.335266113, -141.015594482, 203.635879517, -140.606201172, 99.6220626831, -208.114501953], [-1868.94873047, 1867.77612305, -199.410858154, -26.8877811432, 564.61895752, -198.058883667, 275.981811523, -58.523223877, 161.19152832, -132.06413269, 201.910705566, -110.054702759, 137.399902344], [148.157714844, -199.410858154, 614.029846191, 128.656890869, 0.278720527887, 120.359893799, -76.4111709595, -6.88689756393, -3.57184362411, 54.2859573364, -10.8610076904, 36.3102989197, -9.27270317078], [543.304016113, -26.8877811432, 128.656890869, 539.605651855, 97.7365875244, 116.664230347, 55.4751281738, 6.40270376205, 21.9486675262, -8.01159000397, 40.0702857971, 19.5493717194, 13.0446071625], [-443.820129395, 564.61895752, 0.278720527887, 97.7365875244, 374.254333496, -4.75283098221, 116.922462463, 23.6774024963, 66.170715332, -22.1685199738, 87.6817626953, -3.36976146698, 44.9665222168], [464.274200439, -198.058883667, 120.359893799, 116.664230347, -4.75283098221, 243.60118103, 77.4551315308, 56.6874160767, 7.02836894989, 28.9284095764, -8.73143291473, 18.9993457794, -12.6068124771], [-78.9229507446, 275.981811523, -76.4111709595, 55.4751281738, 116.922462463, 77.4551315308, 214.679763794, 44.4523773193, 38.4770050049, -7.51217031479, 26.7892875671, -13.7747898102, 21.3614234924], [252.335266113, -58.523223877, -6.88689756393, 6.40270376205, 23.6774024963, 56.6874160767, 44.4523773193, 130.310897827, 35.3011398315, 18.5314979553, 11.2997131348, 11.5713605881, -4.39685916901], [-141.015594482, 161.19152832, -3.57184362411, 21.9486675262, 66.170715332, 7.02836894989, 38.4770050049, 35.3011398315, 103.613235474, 16.0220870972, 35.9816474915, -9.34634113312, 20.818775177], [203.635879517, -132.06413269, 54.2859573364, -8.01159000397, -22.1685199738, 28.9284095764, -7.51217031479, 18.5314979553, 16.0220870972, 97.5020370483, -2.16528367996, 18.5748023987, -18.7513618469], [-140.606201172, 201.910705566, -10.8610076904, 40.0702857971, 87.6817626953, -8.73143291473, 26.7892875671, 11.2997131348, 35.9816474915, -2.16528367996, 110.005119324, 13.3907995224, 31.4033565521], [99.6220626831, -110.054702759, 36.3102989197, 19.5493717194, -3.36976146698, 18.9993457794, -13.7747898102, 11.5713605881, -9.34634113312, 18.5748023987, 13.3907995224, 74.5624771118, 15.3589372635], [-208.114501953, 137.399902344, -9.27270317078, 13.0446071625, 44.9665222168, -12.6068124771, 21.3614234924, -4.39685916901, 20.818775177, -18.7513618469, 31.4033565521, 15.3589372635, 72.3585510254]],
        "icov": [[0.000781534530688, 0.000489612983074, 0.000310462870402, -0.000813704449683, 0.000206769036595, -0.000522947928403, 8.60164436745e-05, -0.00116101757158, 0.000823090726044, -0.000820371496957, -0.00022081581119, 0.000266032671789, 0.000778982997872], [0.000489612983074, 0.00268060457893, -6.08120790275e-05, 8.06838579592e-05, -0.00207582185976, 0.00130401307251, -0.00215669139288, 0.000817274325527, -0.000876539736055, 0.000960167672019, -0.00193153845612, 0.00249990448356, -0.000692059111316], [0.000310462870402, -6.08120790275e-05, 0.00243547046557, -0.000702951452695, -0.000231084850384, -0.0018556646537, 0.00185511331074, -0.000154710825882, 0.000393683993025, -0.0014375714818, 0.000465307937702, -0.00037429537042, 0.000102179874375], [-0.000813704449683, 8.06838579592e-05, -0.000702951452695, 0.00331713724881, -0.00120114441961, -0.000149267798406, -0.000741124502383, 0.00214209104888, -0.00150789436884, 0.00188210734632, -0.000776324770413, -0.000156141395564, -0.000820597691927], [0.000206769036595, -0.00207582185976, -0.000231084850384, -0.00120114441961, 0.00644007418305, -0.000485422788188, -0.000217364853597, -0.00187960045878, 0.000319572689477, -0.000730551953893, -0.000585114816204, -0.0021275440231, 0.00101088231895], [-0.000522947928403, 0.00130401307251, -0.0018556646537, -0.000149267798406, -0.000485422788188, 0.00866675749421, -0.0049726292491, -0.000329430680722, -0.000995818292722, 0.000935781514272, -0.000487648678245, 0.000248187046964, -0.00024352944456], [8.60164436745e-05, -0.00215669139288, 0.00185511331074, -0.000741124502383, -0.000217364853597, -0.0049726292491, 0.0103505644947, -0.00251840497367, 0.00092573906295, -0.00173061480746, 0.00192891259212, -8.99755614228e-05, -0.000758821319323], [-0.00116101757158, 0.000817274325527, -0.000154710825882, 0.00214209104888, -0.00187960045878, -0.000329430680722, -0.00251840497367, 0.0129870371893, -0.00568720372394, 0.00200041756034, -0.00103625783231, -0.00128144945484, 0.000222564165597], [0.000823090726044, -0.000876539736055, 0.000393683993025, -0.00150789436884, 0.000319572689477, -0.000995818292722, 0.00092573906295, -0.00568720372394, 0.016284249723, -0.00563034042716, -0.00180452328641, 0.00346283777617, -0.00273310067132], [-0.000820371496957, 0.000960167672019, -0.0014375714818, 0.00188210734632, -0.000730551953893, 0.000935781514272, -0.00173061480746, 0.00200041756034, -0.00563034042716, 0.0154232988134, -0.001188451075, -0.00320768961683, 0.00335668120533], [-0.00022081581119, -0.00193153845612, 0.000465307937702, -0.000776324770413, -0.000585114816204, -0.000487648678245, 0.00192891259212, -0.00103625783231, -0.00180452328641, -0.001188451075, 0.0144693125039, -0.0040109870024, -0.0023385703098], [0.000266032671789, 0.00249990448356, -0.00037429537042, -0.000156141395564, -0.0021275440231, 0.000248187046964, -8.99755614228e-05, -0.00128144945484, 0.00346283777617, -0.00320768961683, -0.0040109870024, 0.0204094238579, -0.00710655143484], [0.000778982997872, -0.000692059111316, 0.000102179874375, -0.000820597691927, 0.00101088231895, -0.00024352944456, -0.000758821319323, 0.000222564165597, -0.00273310067132, 0.00335668120533, -0.0023385703098, -0.00710655143484, 0.0212822202593]]
    },
    "melbands": {
        "mean": [0.00171762600075, 0.00255399709567, 0.00144370808266, 0.000643453502562, 0.000303678709315, 0.000262597895926, 0.000204584604944, 0.000224550167331, 0.000307602254907, 0.000313064840157, 0.00024572131224, 0.000142965189298, 9.68271488091e-05, 7.71513950895e-05, 6.04758679401e-05, 5.19446257385e-05, 3.81336831197e-05, 5.36653351446e-05, 5.69607218495e-05, 3.8977341319e-05, 4.00314856961e-05, 4.88243895234e-05, 4.18142517447e-05, 3.42599741998e-05, 2.19175617531e-05, 1.99799105758e-05, 1.51332642417e-05, 7.07877234163e-06, 4.80493099531e-06, 5.37291589353e-06, 4.00287808588e-06, 2.96013013212e-06, 2.88605701826e-06, 2.72478723673e-06, 2.45566934609e-06, 2.19657840717e-06, 2.20799802264e-06, 1.49449851961e-06, 1.06186723769e-06, 6.28714246886e-07]
    },
    "melbands128": {
        "mean": [0.000540047534741, 0.00204057642259, 0.00193332508206, 0.00163939513732, 0.00296364049427, 0.00308715971187, 0.00164390553255, 0.00108513503801, 0.000870687072165, 0.000670135777909, 0.000479482929222, 0.000331119372277, 0.000266015238594, 0.000233305225265, 0.000313798169373, 0.000220217945753, 0.000255601160461, 0.000197455345187, 0.000159906121553, 0.000159290939337, 0.00031248779851, 0.000269385433057, 0.000323780492181, 0.000342333049048, 0.000251036544796, 0.00038163215504, 0.00024227501126, 0.000198095382075, 0.000313099881168, 0.000145563462866, 0.000105882776552, 8.04551673355e-05, 6.61338344798e-05, 0.000153847038746, 8.78027203726e-05, 5.08931661898e-05, 5.19816712767e-05, 8.46134425956e-05, 4.31849766755e-05, 4.70816848974e-05, 6.57632335788e-05, 3.85982384614e-05, 2.92246641038e-05, 3.41148152074e-05, 6.8849294621e-05, 5.35046128789e-05, 3.91302601201e-05, 7.96265958343e-05, 5.09096898895e-05, 3.16240439133e-05, 4.42136479251e-05, 3.64201259799e-05, 4.0943523345e-05, 4.09194617532e-05, 4.03237754654e-05, 5.29699791514e-05, 5.51572047698e-05, 3.69121880794e-05, 3.86507781514e-05, 4.68582002213e-05, 3.43913779943e-05, 2.59169573837e-05, 2.30895129789e-05, 1.98498964892e-05, 2.20303390961e-05, 1.88890226127e-05, 1.95884385903e-05, 2.02759729291e-05, 1.3771435988e-05, 8.78791433934e-06, 7.32970829631e-06, 6.25145048616e-06, 4.52722997579e-06, 4.24200015914e-06, 5.27687052454e-06, 6.36119693809e-06, 4.75448405268e-06, 4.43215594714e-06, 4.01637271352e-06, 3.51957874045e-06, 3.13327882395e-06, 2.58208183368e-06, 2.77883623312e-06, 2.76543505606e-06, 3.28559121954e-06, 2.78109860119e-06, 2.58832801592e-06, 2.43860631599e-06, 2.53464645539e-06, 2.40791951001e-06, 2.18059858526e-06, 2.13408065974e-06, 2.20877768697e-06, 2.29787133321e-06, 2.23931442633e-06, 1.74747719939e-06, 1.26305917547e-06, 1.19001276744e-06, 1.20542904369e-06, 9.04669946067e-07, 7.4699283914e-07, 5.66980929761e-07, 5.28859061433e-07, 4.25607737498e-07, 3.02203545743e-07, 2.66948887884e-07, 2.60748180381e-07, 2.43879412665e-07, 1.76238771132e-07, 1.38005262329e-07, 1.05822479668e-07, 1.02657374157e-07, 8.50878336678e-08, 7.62719452041e-08, 6.55945910921e-08, 5.77773988653e-08, 3.67868260298e-08, 3.36902310494e-08, 4.03759230494e-08, 1.87437709798e-08, 1.43115350681e-08, 1.32283215493e-08, 1.24620296305e-08, 7.80962405855e-09, 3.5429597034e-09, 2.32885044582e-09, 2.1002288797e-09, 1.88949766944e-09]
    },
    "mfcc": {
        "mean": [-620.155639648, 125.539291382, -15.5463533401, 26.0318622589, 6.79726171494, -0.20576196909, 0.508495330811, 9.03497982025, 2.83763003349, 3.36072468758, -4.03340148926, -4.14230680466, -3.91091060638],
        "cov": [[4553.81298828, -2022.4197998, 301.199035645, 42.8998222351, -155.497421265, 157.051940918, 90.37474823, 138.630813599, 37.3387870789, 77.4607467651, 200.622894287, 16.6713409424, -45.2383804321], [-2022.4197998, 1741.32788086, -442.644378662, 131.527603149, 154.55758667, -44.170173645, 108.327606201, 29.2609767914, 31.2523174286, 29.8760070801, -7.91763305664, 63.0387802124, 50.8730545044], [301.199035645, -442.644378662, 622.095581055, -4.64267492294, 74.2474441528, 85.9150238037, -15.6173448563, -37.2113418579, 7.08283376694, -9.00184440613, -1.42287755013, 0.542841672897, 4.14922904968], [42.8998222351, 131.527603149, -4.64267492294, 378.068481445, 128.453796387, 89.011505127, 54.1391716003, 45.9467086792, 11.9762954712, -14.6155509949, 13.0166788101, 32.5813713074, 22.5215892792], [-155.497421265, 154.55758667, 74.2474441528, 128.453796387, 242.871185303, 34.836555481, 37.5831985474, 29.0709590912, 1.52247309685, 4.92179870605, 15.0153560638, 39.8647651672, 15.46971035], [157.051940918, -44.170173645, 85.9150238037, 89.011505127, 34.836555481, 195.49597168, 73.7635955811, 46.2260932922, 38.5280456543, 15.273900032, 23.1476726532, 10.4286336899, 14.153181076], [90.37474823, 108.327606201, -15.6173448563, 54.1391716003, 37.5831985474, 73.7635955811, 155.878829956, 80.0665740967, 34.2432975769, 21.0611400604, 30.8606300354, 24.028301239, 11.7215118408], [138.630813599, 29.2609767914, -37.2113418579, 45.9467086792, 29.0709590912, 46.2260932922, 80.0665740967, 138.753204346, 47.3712387085, 27.4379482269, 17.6021156311, 26.4266624451, 10.7097520828], [37.3387870789, 31.2523174286, 7.08283376694, 11.9762954712, 1.52247309685, 38.5280456543, 34.2432975769, 47.3712387085, 93.544090271, 41.9292144775, 19.2518806458, 6.19690465927, 10.7810564041], [77.4607467651, 29.8760070801, -9.00184440613, -14.6155509949, 4.92179870605, 15.273900032, 21.0611400604, 27.4379482269, 41.9292144775, 88.488899231, 36.4232940674, 17.496471405, 3.25869965553], [200.622894287, -7.91763305664, -1.42287755013, 13.0166788101, 15.0153560638, 23.1476726532, 30.8606300354, 17.6021156311, 19.2518806458, 36.4232940674, 87.8949661255, 30.9243087769, 5.60523462296], [16.6713409424, 63.0387802124, 0.542841672897, 32.5813713074, 39.8647651672, 10.4286336899, 24.028301239, 26.4266624451, 6.19690465927, 17.496471405, 30.9243087769, 69.4776153564, 23.0110988617], [-45.2383804321, 50.8730545044, 4.14922904968, 22.5215892792, 15.46971035, 14.153181076, 11.7215118408, 10.7097520828, 10.7810564041, 3.25869965553, 5.60523462296, 23.0110988617, 62.2481651306]],
        "icov": [[0.000690448854584, 0.000922227918636, 0.000252154597547, -0.000323683518218, 0.000147833750816, 8.09114280855e-05, -0.000612208095845, -0.000233514394495, 0.000116222254292, -0.000339952966897, -0.00107149558607, -0.00012656027684, 8.96367928362e-05], [0.000922227918636, 0.00215217354707, 0.00108147389255, -0.000487541168695, -0.000515511957929, 0.000339229969541, -0.00159889098722, 0.000509041768964, -0.000374822644517, -0.000681355246343, -0.000724622863345, -0.00072766141966, -0.000285052519757], [0.000252154597547, 0.00108147389255, 0.00264085782692, 0.000303495617118, -0.00134140776936, -0.00101355835795, -0.000394148053601, 0.00134571653325, -0.000817761814687, 6.89064836479e-05, 0.000279109284747, -0.000652272487059, -0.000225914031034], [-0.000323683518218, -0.000487541168695, 0.000303495617118, 0.00395104801282, -0.00182690110523, -0.00160473154392, 0.000393232505303, -0.000253792095464, -0.000269866111921, 0.00158566748723, 0.000362859340385, -0.000495130370837, -0.000383932492696], [0.000147833750816, -0.000515511957929, -0.00134140776936, -0.00182690110523, 0.00633618421853, 0.000311629235512, -0.000227236727369, -0.00103812117595, 0.00120269332547, -0.000453958869912, -0.000471290783025, -0.00182041258086, 0.000385882070987], [8.09114280855e-05, 0.000339229969541, -0.00101355835795, -0.00160473154392, 0.000311629235512, 0.00789586827159, -0.00305933738127, -0.000281332380837, -0.00156152353156, -0.000220080954023, -0.000827909796499, 0.00108314666431, -0.00086238514632], [-0.000612208095845, -0.00159889098722, -0.000394148053601, 0.000393232505303, -0.000227236727369, -0.00305933738127, 0.0120191080496, -0.00525568192825, 0.000168649785337, 0.000958576740231, -0.00168327218853, 0.000308933726046, 9.68417662079e-05], [-0.000233514394495, 0.000509041768964, 0.00134571653325, -0.000253792095464, -0.00103812117595, -0.000281332380837, -0.00525568192825, 0.0132235363126, -0.00481398170814, -0.000746146717574, 0.00268570845947, -0.00358521495946, 0.00040922826156], [0.000116222254292, -0.000374822644517, -0.000817761814687, -0.000269866111921, 0.00120269332547, -0.00156152353156, 0.000168649785337, -0.00481398170814, 0.0171287432313, -0.00664094928652, -0.00113033282105, 0.00316942972131, -0.00229323166423], [-0.000339952966897, -0.000681355246343, 6.89064836479e-05, 0.00158566748723, -0.000453958869912, -0.000220080954023, 0.000958576740231, -0.000746146717574, -0.00664094928652, 0.0176297426224, -0.00483229383826, -0.00189409707673, 0.0012047967175], [-0.00107149558607, -0.000724622863345, 0.000279109284747, 0.000362859340385, -0.000471290783025, -0.000827909796499, -0.00168327218853, 0.00268570845947, -0.00113033282105, -0.00483229383826, 0.018562849611, -0.00659062014893, 0.00103742443025], [-0.00012656027684, -0.00072766141966, -0.000652272487059, -0.000495130370837, -0.00182041258086, 0.00108314666431, 0.000308933726046, -0.00358521495946, 0.00316942972131, -0.00189409707673, -0.00659062014893, 0.0228432156146, -0.00681057199836], [8.96367928362e-05, -0.000285052519757, -0.000225914031034, -0.000383932492696, 0.000385882070987, -0.00086238514632, 9.68417662079e-05, 0.00040922826156, -0.00229323166423, 0.0012047967175, 0.00103742443025, -0.00681057199836, 0.0192866716534]]
    },
    "spectral_contrast_coeffs": {
        "mean": [-0.685885369778, -0.761709213257, -0.764508903027, -0.791981816292, -0.779248058796, -0.761448740959]
    },
    "spectral_contrast_valleys": {
        "mean": [-6.61369466782, -6.49182891846, -6.99656772614, -7.15735960007, -7.16619300842, -10.1754932404]
    }
},
"rhythm": {
    "beats_count": 564,
    "beats_loudness": {
        "mean": 0.0367717631161
    },
    "bpm": 129.705535889,
    "bpm_histogram_first_peak_bpm": 129,
    "bpm_histogram_first_peak_weight": 0.329479753971,
    "bpm_histogram_second_peak_bpm": 123,
    "bpm_histogram_second_peak_spread": 0.275862038136,
    "bpm_histogram_second_peak_weight": 0.0373001769185,
    "danceability": 0.952158510685,
    "onset_rate": 2.36586689949,
    "beats_loudness_band_ratio": {
        "mean": [0.49308937788, 0.134021744132, 0.156915768981, 0.094954892993, 0.10644967854, 0.053686119616]
    },
    "beats_position": [0.441179126501, 0.905578196049, 1.38158726692, 1.8575963974, 2.34521532059, 2.83283448219, 3.32045340538, 3.8196823597, 4.3073015213, 4.79492044449, 5.27092981339, 5.73532867432, 6.19972801208, 6.66412687302, 7.12852573395, 7.58131504059, 8.04571437836, 8.498503685, 8.96290206909, 9.42730140686, 9.89170074463, 10.3560991287, 10.8204984665, 11.2732877731, 11.7260770798, 12.1904764175, 12.6548748016, 13.1192741394, 13.5836734772, 14.0364627838, 14.4892511368, 14.9536504745, 15.4296598434, 15.9056682587, 16.3700675964, 16.8228569031, 17.2756462097, 17.7400455475, 18.2044448853, 18.6688423157, 19.1332416534, 19.5860309601, 20.0388202667, 20.5032196045, 20.9560089111, 21.4204082489, 21.8731975555, 22.3375968933, 22.8019943237, 23.2663936615, 23.7307929993, 24.195192337, 24.6712017059, 25.1239910126, 25.5883903503, 26.0527877808, 26.5055770874, 26.958366394, 27.4227657318, 27.8871650696, 28.3515644073, 28.8159637451, 29.2803630829, 29.7331504822, 30.1975498199, 30.6503391266, 31.1147384644, 31.5791378021, 32.0435371399, 32.5079345703, 32.9723358154, 33.4367332458, 33.901134491, 34.3655319214, 34.8299331665, 35.2943305969, 35.7587280273, 36.211517334, 36.6759185791, 37.1287078857, 37.5931053162, 38.0575065613, 38.5219039917, 38.9863014221, 39.4390907288, 39.8918800354, 40.3562812805, 40.8206787109, 41.2850799561, 41.7494773865, 42.2022666931, 42.6550559998, 43.1194534302, 43.5838546753, 44.0482521057, 44.5126533508, 44.9770507812, 45.4414520264, 45.9058494568, 46.3702468872, 46.8346481323, 47.287437439, 47.7402267456, 48.1930160522, 48.6458053589, 49.1102027893, 49.5746040344, 50.0390014648, 50.5033988953, 50.9678001404, 51.420589447, 51.8733787537, 52.3377761841, 52.8021774292, 53.2781867981, 53.7425842285, 54.1953735352, 54.6481628418, 55.1009521484, 55.5653495789, 56.029750824, 56.4941482544, 56.9585494995, 57.4229469299, 57.8873443604, 58.340133667, 58.7929229736, 59.2689323425, 59.7449417114, 60.2093429565, 60.673740387, 61.1381378174, 61.590927124, 62.0437164307, 62.4965057373, 62.9492950439, 63.4136962891, 63.8780937195, 64.3424911499, 64.806892395, 65.2712936401, 65.7356872559, 66.200088501, 66.6644897461, 67.1288909912, 67.5932846069, 68.0576858521, 68.5104751587, 68.9748764038, 69.4392700195, 69.8920593262, 70.3564605713, 70.8208618164, 71.2852630615, 71.7496566772, 72.2140579224, 72.6784591675, 73.1312484741, 73.5840377808, 74.0484313965, 74.5128326416, 74.9772338867, 75.4300231934, 75.8828125, 76.3472061157, 76.8116073608, 77.276008606, 77.7404098511, 78.2048034668, 78.6692047119, 79.133605957, 79.5863952637, 80.0507888794, 80.5151901245, 80.9679794312, 81.4323806763, 81.8967819214, 82.3611755371, 82.8255767822, 83.2783660889, 83.742767334, 84.1955566406, 84.6599502563, 85.112739563, 85.5887527466, 86.0531539917, 86.5175476074, 86.9819488525, 87.4463500977, 87.8991394043, 88.3519287109, 88.8163223267, 89.2807235718, 89.7451248169, 90.2095184326, 90.6739196777, 91.1267089844, 91.579498291, 92.0438995361, 92.5083007812, 92.972694397, 93.4370956421, 93.9014968872, 94.3542861938, 94.8070755005, 95.2714691162, 95.7358703613, 96.2002716064, 96.6646728516, 97.1290664673, 97.5934677124, 98.0578689575, 98.5222625732, 98.9866638184, 99.439453125, 99.8922424316, 100.356643677, 100.821044922, 101.285438538, 101.749839783, 102.214241028, 102.678634644, 103.13142395, 103.584213257, 104.048614502, 104.513015747, 104.977409363, 105.430198669, 105.894599915, 106.35900116, 106.811790466, 107.276191711, 107.740585327, 108.204986572, 108.669387817, 109.133781433, 109.58657074, 110.039360046, 110.492149353, 110.956550598, 111.409339905, 111.896957397, 112.361358643, 112.814147949, 113.266937256, 113.74294281, 114.195732117, 114.660133362, 115.124534607, 115.588935852, 116.053329468, 116.517730713, 116.982131958, 117.446525574, 117.89931488, 118.352104187, 118.816505432, 119.269294739, 119.722084045, 120.186485291, 120.650878906, 121.115280151, 121.579681396, 122.044082642, 122.520088196, 122.984489441, 123.460494995, 123.936508179, 124.400901794, 124.876914978, 125.352920532, 125.828933716, 126.316551208, 126.804168701, 127.291786194, 127.779411316, 128.25541687, 128.731430054, 129.195831299, 129.660217285, 130.12461853, 130.589019775, 131.041809082, 131.506210327, 131.958999634, 132.423400879, 132.887802124, 133.352203369, 133.816589355, 134.280990601, 134.733779907, 135.186569214, 135.650970459, 136.115371704, 136.579772949, 137.044174194, 137.508575439, 137.972961426, 138.437362671, 138.901763916, 139.366165161, 139.830566406, 140.30657959, 140.759368896, 141.200546265, 141.66494751, 142.129333496, 142.582122803, 143.034912109, 143.499313354, 143.9637146, 144.428115845, 144.89251709, 145.356918335, 145.82131958, 146.285705566, 146.76171875, 147.214508057, 147.667297363, 148.12008667, 148.584487915, 149.04888916, 149.513290405, 149.97769165, 150.442077637, 150.906478882, 151.370880127, 151.823669434, 152.288070679, 152.752471924, 153.263305664, 153.774139404, 154.296600342, 154.819046021, 155.341491699, 155.852325439, 156.3515625, 156.850784302, 157.338409424, 157.837631226, 158.336868286, 158.836090088, 159.312103271, 159.799728394, 160.298950195, 160.798187256, 161.285797119, 161.750198364, 162.214599609, 162.667388916, 163.131790161, 163.596191406, 164.060592651, 164.513381958, 164.977767944, 165.442169189, 165.906570435, 166.37097168, 166.823760986, 167.276550293, 167.740951538, 168.193740845, 168.646530151, 169.110931396, 169.575332642, 170.039718628, 170.504119873, 170.968521118, 171.421310425, 171.874099731, 172.338500977, 172.802902222, 173.267303467, 173.731704712, 174.196090698, 174.660491943, 175.11328125, 175.566070557, 176.030471802, 176.494873047, 176.959274292, 177.423675537, 177.888076782, 178.352462769, 178.816864014, 179.281265259, 179.734054565, 180.186843872, 180.651245117, 181.115646362, 181.580047607, 182.044433594, 182.508834839, 182.973236084, 183.437637329, 183.902038574, 184.354827881, 184.807617188, 185.272018433, 185.736419678, 186.200805664, 186.653594971, 187.106384277, 187.570785522, 188.023574829, 188.499588013, 188.963989258, 189.428390503, 189.892791748, 190.357177734, 190.821578979, 191.297592163, 191.773605347, 192.26121521, 192.748840332, 193.236465454, 193.724075317, 194.211700439, 194.699310303, 195.175323486, 195.65133667, 196.115737915, 196.58013916, 197.032928467, 197.497314453, 197.961715698, 198.414505005, 198.87890625, 199.343307495, 199.80770874, 200.272109985, 200.73651123, 201.200897217, 201.665298462, 202.129699707, 202.582489014, 203.03527832, 203.499679565, 203.964080811, 204.416870117, 204.881271362, 205.334060669, 205.798446655, 206.2628479, 206.727249146, 207.191650391, 207.656051636, 208.120452881, 208.584854126, 209.049255371, 209.513641357, 209.978042603, 210.442443848, 210.906845093, 211.371246338, 211.824035645, 212.276824951, 212.741226196, 213.205612183, 213.670013428, 214.122802734, 214.575592041, 215.039993286, 215.504394531, 215.968795776, 216.433197021, 216.897598267, 217.361984253, 217.81477356, 218.267562866, 218.74357605, 219.219589233, 219.683990479, 220.159988403, 220.636001587, 221.112014771, 221.588027954, 222.064025879, 222.540039062, 223.016052246, 223.49206543, 223.968063354, 224.455688477, 224.943313599, 225.419311523, 225.895324707, 226.371337891, 226.835739136, 227.300125122, 227.764526367, 228.217315674, 228.67010498, 229.134506226, 229.598907471, 230.063308716, 230.527709961, 230.992111206, 231.444900513, 231.897689819, 232.362075806, 232.826477051, 233.290878296, 233.755279541, 234.219680786, 234.684082031, 235.148483276, 235.612869263, 236.077270508, 236.541671753, 236.99446106, 237.447250366, 237.911651611, 238.376052856, 238.840454102, 239.304855347, 239.757644653, 240.21043396, 240.674819946, 241.139221191, 241.603622437, 242.068023682, 242.532424927, 242.996826172, 243.461227417, 243.925613403, 244.37840271, 244.831192017, 245.295593262, 245.759994507, 246.224395752, 246.688796997, 247.164810181, 247.629196167, 248.105209351, 248.569610596, 249.034011841, 249.498413086, 249.951202393, 250.403991699, 250.868392944, 251.332778931, 251.797180176, 252.261581421, 252.656326294, 253.051055908, 253.434188843, 253.817321777, 254.200454712, 254.595184326, 254.978317261, 255.373062134, 255.83744812, 256.301849365, 256.777862549, 257.253875732, 257.718261719, 258.182678223, 258.647064209, 259.111480713, 259.575866699, 260.040252686, 260.504669189, 260.980682373, 261.456695557],
    "bpm_histogram": [0, 0, 0, 0, 0, 0, 0, 0, 0, 0, 0, 0, 0, 0, 0, 0, 0, 0, 0, 0, 0, 0, 0, 0, 0, 0, 0, 0, 0, 0, 0, 0, 0, 0, 0, 0, 0, 0, 0, 0, 0, 0, 0, 0, 0, 0, 0, 0, 0, 0, 0, 0, 0, 0, 0, 0, 0, 0, 0, 0, 0, 0, 0, 0, 0, 0, 0, 0, 0, 0, 0, 0, 0, 0, 0, 0, 0, 0, 0, 0, 0, 0, 0, 0, 0, 0, 0, 0, 0, 0, 0, 0, 0, 0, 0, 0, 0, 0, 0, 0, 0, 0, 0, 0, 0, 0, 0, 0, 0, 0, 0, 0, 0, 0, 0, 0.00532859703526, 0, 0.00532859703526, 0, 0, 0.0142095917836, 0, 0, 0.0373001769185, 0, 0, 0.083481349051, 0, 0, 0.618117213249, 0, 0, 0, 0.220248669386, 0, 0, 0.00177619897295, 0, 0, 0, 0, 0, 0, 0, 0, 0, 0, 0, 0, 0, 0, 0, 0.00710479589179, 0, 0, 0, 0, 0.00710479589179, 0, 0, 0, 0, 0, 0, 0, 0, 0, 0, 0, 0, 0, 0, 0, 0, 0, 0, 0, 0, 0, 0, 0, 0, 0, 0, 0, 0, 0, 0, 0, 0, 0, 0, 0, 0, 0, 0, 0, 0, 0, 0, 0, 0, 0, 0, 0, 0, 0, 0, 0, 0, 0, 0, 0, 0, 0, 0, 0, 0, 0, 0, 0, 0, 0, 0, 0, 0, 0, 0, 0, 0, 0, 0, 0, 0, 0, 0, 0, 0, 0, 0, 0, 0, 0, 0, 0, 0, 0, 0, 0, 0]
},
"tonal": {
    "chords_changes_rate": 0.04872430861,
    "chords_number_rate": 0.00194897234906,
    "chords_strength": {
        "mean": 0.509558498859
    },
    "hpcp_crest": {
        "mean": 14.5046596527
    },
    "hpcp_entropy": {
        "mean": 1.93664288521
    },
    "key_edma": {
        "strength": 0.611813008785,
        "key": "Bb",
        "scale": "minor"
    },
    "key_krumhansl": {
        "strength": 0.632628798485,
        "key": "Bb",
        "scale": "minor"
    },
    "key_temperley": {
        "strength": 0.64337348938,
        "key": "Bb",
        "scale": "minor"
    },
    "tuning_diatonic_strength": 0.505438446999,
    "tuning_equal_tempered_deviation": 0.284991264343,
    "tuning_frequency": 434.193115234,
    "tuning_nontempered_energy_ratio": 0.975588440895,
    "hpcp": {
        "mean": [0.0845287367702, 0.0708094835281, 0.0644500851631, 0.281348079443, 0.403829187155, 0.190860047936, 0.0514646954834, 0.0365620963275, 0.0438999645412, 0.106113277376, 0.138506472111, 0.0953652337193, 0.14959487319, 0.185440674424, 0.0950071662664, 0.051893658936, 0.0514851212502, 0.0681734383106, 0.153212144971, 0.172909528017, 0.0955322906375, 0.0562753938138, 0.0518330037594, 0.0675010457635, 0.190968453884, 0.244643867016, 0.146385908127, 0.12693618238, 0.135119482875, 0.0951519086957, 0.0714103505015, 0.0654995441437, 0.0734477713704, 0.192678168416, 0.239168465137, 0.131682783365]
    },
    "chords_histogram": [13.9262933731, 20.1275691986, 6.60878801346, 15.5917787552, 0, 1.77179300785, 0, 25.0177173615, 0, 1.04535794258, 0, 0, 0, 0, 0, 0, 1.80722892284, 0, 0.141743451357, 0, 1.18710136414, 0, 9.14245223999, 3.63217568398],
    "thpcp": [1, 0.47262570262, 0.127441748977, 0.0905385166407, 0.10870923847, 0.262767732143, 0.342982828617, 0.236152410507, 0.37044095993, 0.459205716848, 0.235265731812, 0.128503978252, 0.127492323518, 0.16881750524, 0.379398405552, 0.42817491293, 0.236566081643, 0.139354452491, 0.128353789449, 0.16715246439, 0.472894132137, 0.605810284615, 0.362494617701, 0.314331382513, 0.334595620632, 0.235624149442, 0.176833063364, 0.162196159363, 0.181878313422, 0.477127879858, 0.59225153923, 0.326085358858, 0.209318041801, 0.175345137715, 0.159597396851, 0.696700692177],
    "chords_key": "Bb",
    "chords_scale": "major"
}
}