{
"metadata": {
    "version": {
        "essentia": "2.1-beta6-dev",
        "essentia_git_sha": "v2.1_beta5-1177-g1d1cc983",
        "extractor": "music 2.0"
    },
    "audio_properties": {
        "analysis": {
            "equal_loudness": 0,
            "length": 176.325439453,
            "sample_rate": 44100,
            "start_time": 0,
            "downmix": "mix"
        },
        "bit_rate": 1411200,
        "length": 176.325439453,
        "lossless": 1,
        "number_channels": 2,
        "replay_gain": -14.9128723145,
        "sample_rate": 44100,
        "codec": "pcm_s16le",
        "md5_encoded": "123a6959c63ffbb1961e9098eb0757e5"
    },
    "tags": {
        "file_name": "02 - All Get Out - Church Doors and Skeptics.wav",
        "album": ["The Season"],
        "albumartist": ["All Get Out"],
        "artist": ["All Get Out"],
        "copyright": ["2011 All Get Out and Many Hats Distribution 2011 All Get Out and Many Hats Distribution"],
        "date": ["2011"],
        "discnumber": ["1"],
        "disctotal": ["1"],
        "genre": ["Alternative & Indie"],
        "isrc": ["US3DF1112369"],
        "title": ["Church Doors and Skeptics"],
        "tracknumber": ["2"],
        "tracktotal": ["10"]
    }
},
"lowlevel": {
    "average_loudness": 0.962519645691,
    "barkbands_crest": {
        "mean": 8.24075698853
    },
    "barkbands_flatness_db": {
        "mean": 0.110166594386
    },
    "barkbands_kurtosis": {
        "mean": 2.87320423126
    },
    "barkbands_skewness": {
        "mean": 1.25601387024
    },
    "barkbands_spread": {
        "mean": 25.2483081818
    },
    "dissonance": {
        "mean": 0.470228761435
    },
    "dynamic_complexity": 2.60789752007,
    "erbbands_crest": {
        "mean": 8.52046012878
    },
    "erbbands_flatness_db": {
        "mean": 0.144128859043
    },
    "erbbands_kurtosis": {
        "mean": 0.128026172519
    },
    "erbbands_skewness": {
        "mean": 0.11710011214
    },
    "erbbands_spread": {
        "mean": 37.8607902527
    },
    "hfc": {
        "mean": 28.1326389313
    },
    "loudness_ebu128": {
        "integrated": -6.20672130585,
        "loudness_range": 2.72080469131,
        "momentary": {
            "mean": -7.26149082184
        },
        "short_term": {
            "mean": -6.65714263916
        }
    },
    "melbands_crest": {
        "mean": 12.3623847961
    },
    "melbands_flatness_db": {
        "mean": 0.170670568943
    },
    "melbands_kurtosis": {
        "mean": 9.71130752563
    },
    "melbands_skewness": {
        "mean": 2.26354694366
    },
    "melbands_spread": {
        "mean": 28.038230896
    },
    "pitch_salience": {
        "mean": 0.570976674557
    },
    "silence_rate_20dB": {
        "mean": 1
    },
    "silence_rate_30dB": {
        "mean": 1
    },
    "silence_rate_60dB": {
        "mean": 0.0255431197584
    },
    "spectral_centroid": {
        "mean": 1453.23876953
    },
    "spectral_complexity": {
        "mean": 26.5529956818
    },
    "spectral_decrease": {
        "mean": -8.25067214549e-09
    },
    "spectral_energy": {
        "mean": 0.0336916483939
    },
    "spectral_energyband_high": {
        "mean": 0.000936813594308
    },
    "spectral_energyband_low": {
        "mean": 0.00943844020367
    },
    "spectral_energyband_middle_high": {
        "mean": 0.0086717037484
    },
    "spectral_energyband_middle_low": {
        "mean": 0.0161288324744
    },
    "spectral_entropy": {
        "mean": 7.71086359024
    },
    "spectral_flux": {
        "mean": 0.0937409028411
    },
    "spectral_kurtosis": {
        "mean": 4.47327041626
    },
    "spectral_rms": {
        "mean": 0.00550941890106
    },
    "spectral_rolloff": {
        "mean": 1604.29943848
    },
    "spectral_skewness": {
        "mean": 1.53562712669
    },
    "spectral_spread": {
        "mean": 4419211
    },
    "spectral_strongpeak": {
        "mean": 1.12031841278
    },
    "zerocrossingrate": {
        "mean": 0.0638770908117
    },
    "barkbands": {
        "mean": [3.47463937942e-05, 0.00461311079562, 0.00345709896646, 0.00316732283682, 0.00491635035723, 0.00267610815354, 0.00119912228547, 0.00129341788124, 0.00252638454549, 0.00175485911313, 0.000823693466373, 0.00105119380169, 0.000585788220633, 0.000795898900833, 0.000768850615714, 0.000999865122139, 0.000964747858234, 0.000397510360926, 0.000497130327858, 0.000387445441447, 0.000168811078765, 0.000151730200741, 0.000172921339981, 0.000153211702127, 8.92051757546e-05, 3.72192953364e-05, 7.83265295468e-06]
    },
    "erbbands": {
        "mean": [0.0709482431412, 1.25703394413, 4.16889715195, 7.14458847046, 14.9318389893, 15.5945301056, 19.7339248657, 21.3771820068, 17.5976791382, 21.0296211243, 31.8780155182, 44.0329627991, 62.9102058411, 57.5534324646, 45.1186904907, 38.4622421265, 27.0120410919, 39.3267326355, 41.7953414917, 36.6713638306, 63.6312942505, 54.6666145325, 24.7754611969, 23.7458095551, 26.0087928772, 18.407579422, 8.80169963837, 5.59024953842, 5.32503223419, 5.40175628662, 4.6840057373, 4.05903959274, 1.98148334026, 1.01680576801, 0.631241083145, 0.233531847596, 0.0511758290231, 0.0108325164765, 0.00130697363056, 0.000116367657029]
    },
    "gfcc": {
        "mean": [32.5408782959, 87.4689865112, -120.951217651, 31.396188736, -51.9417991638, 10.0090503693, -41.1127166748, 9.89162445068, -24.373588562, -5.88168525696, -18.6178646088, -3.83100390434, -9.44238567352],
        "cov": [[11391.3681641, -664.765258789, 260.087677002, -407.356201172, -971.234069824, 150.272583008, -442.934448242, 21.2704410553, -392.749084473, -243.122451782, -287.0831604, -87.8694610596, -196.550094604], [-664.765258789, 1117.63598633, -194.633407593, -35.3010025024, 120.122756958, -160.914764404, 110.820411682, -14.684633255, 54.0038795471, -62.0715179443, 63.6646575928, -67.3670959473, 106.405555725], [260.087677002, -194.633407593, 527.587402344, 37.8256835938, -11.0527696609, 44.8855209351, -76.799331665, 12.3543586731, -17.2911586761, 46.1545753479, -42.47057724, 16.9800014496, -82.8582611084], [-407.356201172, -35.3010025024, 37.8256835938, 230.050750732, 58.378326416, -1.13460528851, -8.28329563141, -18.1128082275, 33.6008911133, 21.0946617126, 35.1409034729, -2.19669985771, -3.37336015701], [-971.234069824, 120.122756958, -11.0527696609, 58.378326416, 265.487304688, 15.295375824, 80.0312728882, 24.4491214752, 34.1004104614, 36.9274711609, 42.8605728149, 7.53383636475, 25.76811409], [150.272583008, -160.914764404, 44.8855209351, -1.13460528851, 15.295375824, 173.801055908, 48.8666801453, 20.3190135956, -28.0520420074, 5.30402851105, 7.44743967056, 15.615240097, -16.4146575928], [-442.934448242, 110.820411682, -76.799331665, -8.28329563141, 80.0312728882, 48.8666801453, 157.64906311, 33.4473838806, 26.9007606506, 0.347676664591, 23.4788455963, 14.0507726669, 26.4274635315], [21.2704410553, -14.684633255, 12.3543586731, -18.1128082275, 24.4491214752, 20.3190135956, 33.4473838806, 128.361465454, 21.8908138275, 18.2233581543, 10.7348890305, -2.76346516609, 8.37887573242], [-392.749084473, 54.0038795471, -17.2911586761, 33.6008911133, 34.1004104614, -28.0520420074, 26.9007606506, 21.8908138275, 104.176185608, 34.6603050232, 5.2425775528, 14.1170253754, 17.7362365723], [-243.122451782, -62.0715179443, 46.1545753479, 21.0946617126, 36.9274711609, 5.30402851105, 0.347676664591, 18.2233581543, 34.6603050232, 82.0164489746, 30.2462482452, 14.8608798981, -8.12751865387], [-287.0831604, 63.6646575928, -42.47057724, 35.1409034729, 42.8605728149, 7.44743967056, 23.4788455963, 10.7348890305, 5.2425775528, 30.2462482452, 86.7746582031, 14.1133060455, 15.4286518097], [-87.8694610596, -67.3670959473, 16.9800014496, -2.19669985771, 7.53383636475, 15.615240097, 14.0507726669, -2.76346516609, 14.1170253754, 14.8608798981, 14.1133060455, 72.6962051392, 20.7731246948], [-196.550094604, 106.405555725, -82.8582611084, -3.37336015701, 25.76811409, -16.4146575928, 26.4274635315, 8.37887573242, 17.7362365723, -8.12751865387, 15.4286518097, 20.7731246948, 73.977722168]],
        "icov": [[0.000159980336321, -6.28683046671e-05, 3.0313129173e-05, 4.8390673328e-05, 0.000442785036284, -0.000224707109737, 0.000291877076961, -0.000259245454799, 0.00035279954318, 5.73149736738e-05, 0.000271618569968, -0.000116012612125, 0.000170277417055], [-6.28683046671e-05, 0.00202219537459, -0.000628261419479, 0.000909110240173, -0.000658350239974, 0.00178192497697, -0.00153029139619, 0.00104322633706, -0.00141612044536, 0.00221620034426, -0.00266191898845, 0.00301571958698, -0.00239331414923], [3.0313129173e-05, -0.000628261419479, 0.00319763203152, -0.000956703559496, -0.000187550685951, -0.00103612069506, 0.00171881029382, -0.00119257124607, 0.00126822455786, -0.0022934586741, 0.00293459719978, -0.0028035598807, 0.00349772209302], [4.8390673328e-05, 0.000909110240173, -0.000956703559496, 0.00612156977877, -0.00120874110144, 6.74449038343e-05, 0.000647973094601, 0.00179229292553, -0.00333696021698, 0.00233653979376, -0.00415280461311, 0.0025584071409, -0.000765499251429], [0.000442785036284, -0.000658350239974, -0.000187550685951, -0.00120874110144, 0.00668377196416, -0.000742002681363, -0.00162320386153, -0.000949072011281, 0.00149094010703, -0.00240088882856, 0.000536210020073, -3.44373693224e-05, -0.000670597015414], [-0.000224707109737, 0.00178192497697, -0.00103612069506, 6.74449038343e-05, -0.000742002681363, 0.00966686848551, -0.00504465773702, 2.65263388428e-05, 0.00198016618378, 0.000809389865026, -0.00213762349449, 0.000522889604326, -0.00020177316037], [0.000291877076961, -0.00153029139619, 0.00171881029382, 0.000647973094601, -0.00162320386153, -0.00504465773702, 0.0122359730303, -0.00249779340811, -0.00182454043534, 0.00135797634721, 0.000769280421082, -0.00318816793151, 0.00161053496413], [-0.000259245454799, 0.00104322633706, -0.00119257124607, 0.00179229292553, -0.000949072011281, 2.65263388428e-05, -0.00249779340811, 0.0102761629969, -0.00329133309424, -0.000214280211367, -0.00289280130528, 0.00409996462986, -0.00316084362566], [0.00035279954318, -0.00141612044536, 0.00126822455786, -0.00333696021698, 0.00149094010703, 0.00198016618378, -0.00182454043534, -0.00329133309424, 0.0174942370504, -0.00915822386742, 0.00707625551149, -0.00446704681963, -0.000234739200096], [5.73149736738e-05, 0.00221620034426, -0.0022934586741, 0.00233653979376, -0.00240088882856, 0.000809389865026, 0.00135797634721, -0.000214280211367, -0.00915822386742, 0.0236913692206, -0.0109342923388, 0.00106694235001, 0.00183678488247], [0.000271618569968, -0.00266191898845, 0.00293459719978, -0.00415280461311, 0.000536210020073, -0.00213762349449, 0.000769280421082, -0.00289280130528, 0.00707625551149, -0.0109342923388, 0.0217582080513, -0.00658256653696, 0.00145239697304], [-0.000116012612125, 0.00301571958698, -0.0028035598807, 0.0025584071409, -3.44373693224e-05, 0.000522889604326, -0.00318816793151, 0.00409996462986, -0.00446704681963, 0.00106694235001, -0.00658256653696, 0.0227922853082, -0.0107058370486], [0.000170277417055, -0.00239331414923, 0.00349772209302, -0.000765499251429, -0.000670597015414, -0.00020177316037, 0.00161053496413, -0.00316084362566, -0.000234739200096, 0.00183678488247, 0.00145239697304, -0.0107058370486, 0.0242279674858]]
    },
    "melbands": {
        "mean": [0.000974751659669, 0.00201939488761, 0.00151977688074, 0.00107734173071, 0.000689330045134, 0.000475204520626, 0.000273265846772, 0.000235960658756, 0.000248803640716, 0.000324007822201, 0.000318867358146, 0.000238010048633, 0.000140046526212, 0.000136983100674, 6.02787076787e-05, 6.64446561132e-05, 7.05247293808e-05, 6.54512768961e-05, 5.72752323933e-05, 4.98177032568e-05, 7.79607580625e-05, 5.9929316194e-05, 3.12927404593e-05, 1.91331837414e-05, 1.88567319128e-05, 1.91259223357e-05, 1.7530803234e-05, 1.09033990157e-05, 5.72122780795e-06, 3.94301514461e-06, 2.95045424537e-06, 2.81450911643e-06, 3.20097069562e-06, 3.05376693177e-06, 2.66054144049e-06, 2.92439176519e-06, 2.20695869757e-06, 1.39701523949e-06, 1.09235645596e-06, 7.74627380906e-07]
    },
    "melbands128": {
        "mean": [2.82272521872e-05, 0.000326656299876, 0.00127766770311, 0.00237565208226, 0.00238417251967, 0.00151427846868, 0.00130525871646, 0.00172452593688, 0.00161767727695, 0.000943038729019, 0.000852992699947, 0.00073994329432, 0.00075064972043, 0.000487057375722, 0.000455683795735, 0.000550427241251, 0.000263367342995, 0.000250608223723, 0.000211749473237, 0.00026360800257, 0.000186956938705, 0.000330715847667, 0.000251608347753, 0.000170877116034, 0.000219200752326, 0.000352064496838, 0.000673820148222, 0.000182619260158, 0.000144559176988, 0.000411205721321, 0.000177819529199, 9.46075306274e-05, 0.000182998148375, 0.000108238971734, 0.000182696443517, 0.000139473049785, 8.36098552099e-05, 3.92234433093e-05, 6.88601794536e-05, 4.84432675876e-05, 4.42587734142e-05, 0.000131134715048, 6.57175405649e-05, 4.05120881624e-05, 7.2461036325e-05, 6.26898690825e-05, 6.88189029461e-05, 7.44146454963e-05, 3.83820661227e-05, 4.26549595431e-05, 4.6709934395e-05, 5.10080171807e-05, 0.0001164907153, 6.13515512669e-05, 5.79454281251e-05, 6.96703282301e-05, 5.21382935403e-05, 4.32517481386e-05, 2.04367079277e-05, 1.40339398058e-05, 2.19569301407e-05, 2.00055765163e-05, 1.63758068084e-05, 1.998141488e-05, 2.09148493013e-05, 1.68875121744e-05, 1.91290619114e-05, 2.21984191739e-05, 1.52226275532e-05, 1.44943369378e-05, 1.30857042677e-05, 7.72322528064e-06, 5.89542605667e-06, 6.104150998e-06, 4.38325741925e-06, 4.23974188379e-06, 3.6822691527e-06, 3.1078398024e-06, 2.90142816084e-06, 2.60694150711e-06, 2.73108139481e-06, 2.67870041171e-06, 3.57029693987e-06, 3.38553695656e-06, 2.85679789158e-06, 2.57504780166e-06, 3.40854376191e-06, 3.48574894815e-06, 2.38454458668e-06, 2.20743299906e-06, 2.7746862088e-06, 2.99920520774e-06, 3.47712739313e-06, 2.04197885978e-06, 1.71882436462e-06, 1.39368967211e-06, 1.34203617108e-06, 1.37277356771e-06, 1.16392766358e-06, 9.26491395603e-07, 7.81536527938e-07, 7.34418563297e-07, 7.85664383329e-07, 7.79021036124e-07, 8.46344562433e-07, 4.85814098283e-07, 7.69421262703e-07, 5.85073337334e-07, 3.39024410323e-07, 2.42818543938e-07, 2.1710131648e-07, 1.88084911201e-07, 1.32847489454e-07, 1.26531205069e-07, 1.13233639354e-07, 1.01022095578e-07, 7.51502895469e-08, 6.01032539294e-08, 4.20564880699e-08, 3.37947732021e-08, 3.14347765595e-08, 3.92993655396e-08, 2.7148217896e-08, 2.04147028171e-08, 1.0608926182e-08, 5.22202769915e-09, 2.50474441188e-09, 6.31490915115e-10]
    },
    "mfcc": {
        "mean": [-607.315429688, 117.974273682, -7.15475082397, 22.8179397583, 9.1592874527, 0.241413995624, -2.42917537689, 6.50078773499, -1.06182980537, 4.16206407547, -8.20838546753, -2.73964619637, -2.33701753616],
        "cov": [[8943.31347656, 190.23765564, 160.995803833, -363.971038818, -234.30947876, -220.002349854, -121.24206543, -3.16046071053, -224.303070068, -72.8992233276, -239.511444092, -205.581817627, -141.701629639], [190.23765564, 1063.49853516, -209.039596558, 76.2947311401, -57.1573905945, -102.042945862, 4.82710838318, -27.0128974915, 45.6692276001, -13.1426448822, -45.5373458862, 3.32251572609, -1.37689578533], [160.995803833, -209.039596558, 432.827636719, -4.36146402359, 44.9555473328, 29.5580272675, -30.1291751862, -9.99153900146, -23.5031642914, -24.6375007629, 44.1541252136, 10.1511135101, -6.19703102112], [-363.971038818, 76.2947311401, -4.36146402359, 212.390060425, 56.1305809021, 3.49349761009, -30.5531902313, -21.2416439056, 3.03274774551, 5.86170291901, 1.91061723232, 33.5739212036, 27.6814441681], [-234.30947876, -57.1573905945, 44.9555473328, 56.1305809021, 146.224563599, 12.9242506027, 26.869348526, -14.0769176483, 0.745686113834, 17.115480423, 17.2590751648, 18.6109333038, 21.1542358398], [-220.002349854, -102.042945862, 29.5580272675, 3.49349761009, 12.9242506027, 152.928512573, 23.4684848785, 23.319196701, -4.27220821381, -8.2264289856, 20.4760398865, -0.607342541218, -3.09906816483], [-121.24206543, 4.82710838318, -30.1291751862, -30.5531902313, 26.869348526, 23.4684848785, 161.793319702, 41.8648033142, 3.08223986626, 19.3896541595, 21.7759819031, -0.577117204666, 4.87802648544], [-3.16046071053, -27.0128974915, -9.99153900146, -21.2416439056, -14.0769176483, 23.319196701, 41.8648033142, 97.0343017578, 31.7779502869, 16.5442504883, 2.09804940224, -5.2221121788, 1.60803413391], [-224.303070068, 45.6692276001, -23.5031642914, 3.03274774551, 0.745686113834, -4.27220821381, 3.08223986626, 31.7779502869, 92.9032287598, 23.0552043915, 11.4157562256, 2.82544255257, 5.73670482635], [-72.8992233276, -13.1426448822, -24.6375007629, 5.86170291901, 17.115480423, -8.2264289856, 19.3896541595, 16.5442504883, 23.0552043915, 77.1327362061, 23.2174453735, 7.67392206192, 3.10858416557], [-239.511444092, -45.5373458862, 44.1541252136, 1.91061723232, 17.2590751648, 20.4760398865, 21.7759819031, 2.09804940224, 11.4157562256, 23.2174453735, 81.1971817017, 25.682592392, 3.81923604012], [-205.581817627, 3.32251572609, 10.1511135101, 33.5739212036, 18.6109333038, -0.607342541218, -0.577117204666, -5.2221121788, 2.82544255257, 7.67392206192, 25.682592392, 74.3962097168, 30.1242637634], [-141.701629639, -1.37689578533, -6.19703102112, 27.6814441681, 21.1542358398, -3.09906816483, 4.87802648544, 1.60803413391, 5.73670482635, 3.10858416557, 3.81923604012, 30.1242637634, 59.4166183472]],
        "icov": [[0.000154603854753, -5.72805147385e-05, -0.000121153207147, 0.000217016000533, 7.16819122317e-05, 0.00016593815235, 0.000104252263554, -0.00015741479001, 0.000407036714023, -0.000151682950673, 0.000331968563842, 0.000169056511368, 9.40646568779e-05], [-5.72805147385e-05, 0.00125716719776, 0.000469524326036, -0.000714185705874, 0.000536118401214, 0.00061043491587, -0.000548194570001, 0.000600291532464, -0.000953232811298, 0.000555894395802, 0.000207597113331, -0.000275094527751, 0.000333030504407], [-0.000121153207147, 0.000469524326036, 0.00309864850715, -1.97658755496e-06, -0.00114445330109, -2.59809094132e-05, 0.000851026794408, -0.000403264159104, 0.00020954599313, 0.00168390176259, -0.00224348786287, -0.000118527881568, 0.000489172700327], [0.000217016000533, -0.000714185705874, -1.97658755496e-06, 0.00666997721419, -0.0024399231188, -0.000570181175135, 0.00191527814604, 1.44247342178e-05, 0.000777710520197, -0.000720163399819, 0.00086243764963, -0.00150043331087, -0.00125746277627], [7.16819122317e-05, 0.000536118401214, -0.00114445330109, -0.0024399231188, 0.00968938134611, -0.000341124046827, -0.00267220102251, 0.00273110368289, -0.000691938912496, -0.00202552601695, 0.000635537435301, -3.71878786609e-06, -0.00198750011623], [0.00016593815235, 0.00061043491587, -2.59809094132e-05, -0.000570181175135, -0.000341124046827, 0.0080761583522, -0.000562140136026, -0.00228997413069, 0.000936190888751, 0.00204439903609, -0.0018818161916, 0.000725386547856, 0.000879475323018], [0.000104252263554, -0.000548194570001, 0.000851026794408, 0.00191527814604, -0.00267220102251, -0.000562140136026, 0.00880013220012, -0.00422100489959, 0.00230152951553, -0.000657359312754, -0.0024298268836, 0.000884299050085, -0.000733766530175], [-0.00015741479001, 0.000600291532464, -0.000403264159104, 1.44247342178e-05, 0.00273110368289, -0.00228997413069, -0.00422100489959, 0.0154116200283, -0.00570392142981, -0.00221838662401, 0.0023039134685, 1.35015379783e-05, -0.00106080295518], [0.000407036714023, -0.000953232811298, 0.00020954599313, 0.000777710520197, -0.000691938912496, 0.000936190888751, 0.00230152951553, -0.00570392142981, 0.0151321524754, -0.00298332981765, -0.00166154885665, 0.00129103078507, -0.000983910751529], [-0.000151682950673, 0.000555894395802, 0.00168390176259, -0.000720163399819, -0.00202552601695, 0.00204439903609, -0.000657359312754, -0.00221838662401, -0.00298332981765, 0.0173164531589, -0.00540947169065, -0.000162650321727, 0.000916320888791], [0.000331968563842, 0.000207597113331, -0.00224348786287, 0.00086243764963, 0.000635537435301, -0.0018818161916, -0.0024298268836, 0.0023039134685, -0.00166154885665, -0.00540947169065, 0.0191525034606, -0.00612480286509, 0.00229105097242], [0.000169056511368, -0.000275094527751, -0.000118527881568, -0.00150043331087, -3.71878786609e-06, 0.000725386547856, 0.000884299050085, 1.35015379783e-05, 0.00129103078507, -0.000162650321727, -0.00612480286509, 0.0203517060727, -0.00899110361934], [9.40646568779e-05, 0.000333030504407, 0.000489172700327, -0.00125746277627, -0.00198750011623, 0.000879475323018, -0.000733766530175, -0.00106080295518, -0.000983910751529, 0.000916320888791, 0.00229105097242, -0.00899110361934, 0.0229999367148]]
    },
    "spectral_contrast_coeffs": {
        "mean": [-0.701473653316, -0.766580164433, -0.740651547909, -0.781920433044, -0.787157773972, -0.775927782059]
    },
    "spectral_contrast_valleys": {
        "mean": [-6.35898780823, -6.44369029999, -7.07857513428, -7.12857294083, -7.07887363434, -9.88382339478]
    }
},
"rhythm": {
    "beats_count": 369,
    "beats_loudness": {
        "mean": 0.0427788868546
    },
    "bpm": 125.993804932,
    "bpm_histogram_first_peak_bpm": 126,
    "bpm_histogram_first_peak_weight": 0.196078419685,
    "bpm_histogram_second_peak_bpm": 120,
    "bpm_histogram_second_peak_spread": 0.285714268684,
    "bpm_histogram_second_peak_weight": 0.0135869560763,
    "danceability": 1.02413451672,
    "onset_rate": 2.45542883873,
    "beats_loudness_band_ratio": {
        "mean": [0.480863749981, 0.186084598303, 0.139067202806, 0.100850373507, 0.107754439116, 0.0466405823827]
    },
    "beats_position": [0.417959183455, 0.847528338432, 1.28870749474, 1.74149656296, 2.20589566231, 2.68190479279, 3.15791368484, 3.63392281532, 4.1099319458, 4.58594083786, 5.06195020676, 5.54956912994, 6.01396799088, 6.48997735977, 6.96598625183, 7.44199514389, 7.91800451279, 8.39401340485, 8.87002277374, 9.34603118896, 9.82204055786, 10.2980499268, 10.774058342, 11.2500677109, 11.7260770798, 12.202085495, 12.6780948639, 13.1541042328, 13.6301136017, 14.1061220169, 14.5821313858, 15.0581407547, 15.5341491699, 16.0217685699, 16.4861679077, 16.9621772766, 17.4381847382, 17.9141941071, 18.390203476, 18.8662128448, 19.3422222137, 19.8182315826, 20.2942390442, 20.7702484131, 21.246257782, 21.733877182, 22.2098865509, 22.6858959198, 23.1619052887, 23.6379127502, 24.1139221191, 24.589931488, 25.0659408569, 25.5419502258, 26.0179595947, 26.4939670563, 26.958366394, 27.4343757629, 27.9103851318, 28.3863945007, 28.8624038696, 29.3500213623, 29.8260307312, 30.3020401001, 30.778049469, 31.2540588379, 31.7300682068, 32.2060775757, 32.6820869446, 33.1580963135, 33.6341018677, 34.1101112366, 34.5861206055, 35.0621299744, 35.5381393433, 36.0141487122, 36.4901580811, 36.96616745, 37.4421768188, 37.9181861877, 38.3941955566, 38.8702049255, 39.3462142944, 39.8222198486, 40.2982292175, 40.7742385864, 41.2502479553, 41.7262573242, 42.2022666931, 42.678276062, 43.1542854309, 43.6302947998, 44.1179122925, 44.6055335999, 45.0699310303, 45.5343284607, 46.0103378296, 46.4863471985, 46.9623565674, 47.4383659363, 47.9143753052, 48.3903846741, 48.8547821045, 49.3424034119, 49.8300209045, 50.3060302734, 50.7704315186, 51.2464370728, 51.7224464417, 52.1984558105, 52.6744651794, 53.1504745483, 53.6264839172, 54.1024932861, 54.578502655, 55.0545120239, 55.5421295166, 56.0181388855, 56.4941482544, 56.9701576233, 57.4461669922, 57.9105644226, 58.39818573, 58.8741950989, 59.3502044678, 59.8262138367, 60.3022193909, 60.7782287598, 61.2310180664, 61.7186393738, 62.2062568665, 62.6822662354, 63.1582756042, 63.6342849731, 64.1102905273, 64.5979156494, 65.0739212036, 65.5499343872, 66.0143280029, 66.4903411865, 66.9663467407, 67.4423599243, 67.9183654785, 68.4059829712, 68.8703842163, 69.3463897705, 69.8224029541, 70.2984085083, 70.7744216919, 71.2504272461, 71.7264404297, 72.2024459839, 72.6784591675, 73.1544647217, 73.6420822144, 74.1180953979, 74.5824966431, 75.0585021973, 75.5345077515, 76.0221328735, 76.4981384277, 76.9741516113, 77.4501571655, 77.9261627197, 78.4021759033, 78.8781814575, 79.3541946411, 79.8302001953, 80.3062133789, 80.7822189331, 81.2582321167, 81.7342376709, 82.2102508545, 82.6862564087, 83.1622695923, 83.6382751465, 84.1142807007, 84.5902938843, 85.0662994385, 85.5423126221, 86.0183181763, 86.4943313599, 86.9703369141, 87.4463500977, 87.9223556519, 88.3983688354, 88.8743743896, 89.3619918823, 89.8380050659, 90.3140106201, 90.7900238037, 91.2544174194, 91.730430603, 92.2064361572, 92.6824493408, 93.158454895, 93.6344680786, 94.1104736328, 94.5864868164, 95.0624923706, 95.5501098633, 96.0261230469, 96.5021286011, 96.9781417847, 97.4541473389, 97.9301605225, 98.4061660767, 98.8821716309, 99.3581848145, 99.8341903687, 100.310203552, 100.786209106, 101.26222229, 101.738227844, 102.214241028, 102.690246582, 103.166259766, 103.64226532, 104.118278503, 104.594284058, 105.058685303, 105.546302795, 106.02230835, 106.498321533, 106.974327087, 107.450340271, 107.937957764, 108.413963318, 108.889976501, 109.365982056, 109.841995239, 110.318000793, 110.782402039, 111.258407593, 111.734420776, 112.210426331, 112.686439514, 113.15083313, 113.638458252, 114.126075745, 114.613693237, 115.078094482, 115.542495728, 116.018501282, 116.494506836, 116.97052002, 117.446525574, 117.910926819, 118.386940002, 118.862945557, 119.350563049, 119.838180542, 120.302581787, 120.778594971, 121.254600525, 121.730613708, 122.206619263, 122.671020508, 123.147026062, 123.634643555, 124.110656738, 124.598274231, 125.074279785, 125.550292969, 126.014694214, 126.502311707, 126.966712952, 127.442718506, 127.91872406, 128.394729614, 128.870742798, 129.35836792, 129.834381104, 130.310379028, 130.774780273, 131.250793457, 131.726806641, 132.214416504, 132.690429688, 133.166442871, 133.654052734, 134.118453979, 134.594467163, 135.070480347, 135.546478271, 136.022491455, 136.498504639, 136.974502563, 137.450515747, 137.926528931, 138.402542114, 138.878540039, 139.366165161, 139.842178345, 140.31817627, 140.782577515, 141.258590698, 141.734603882, 142.222213745, 142.68661499, 143.151016235, 143.638641357, 144.114639282, 144.590652466, 145.066665649, 145.542678833, 146.018676758, 146.494689941, 146.982315063, 147.446716309, 147.922714233, 148.398727417, 148.874740601, 149.350738525, 149.826751709, 150.302764893, 150.778778076, 151.254776001, 151.730789185, 152.206802368, 152.682815552, 153.158813477, 153.646438599, 154.122451782, 154.598449707, 155.074462891, 155.550476074, 156.026489258, 156.502487183, 156.978500366, 157.45451355, 157.918914795, 158.39491272, 158.870925903, 159.358551025, 159.83454895, 160.310562134, 160.786575317, 161.262588501, 161.738586426, 162.214599609, 162.690612793, 163.166610718, 163.642623901, 164.118637085, 164.606262207, 165.070648193, 165.546661377, 166.022674561, 166.498687744, 166.974685669, 167.450698853, 167.926712036, 168.40272522, 168.878723145, 169.354736328, 169.830749512, 170.306747437, 170.78276062, 171.258773804, 171.734786987, 172.222396851, 172.721633911, 173.220855713, 173.720092773, 174.219314575, 174.718551636, 175.229385376, 175.740219116],
    "bpm_histogram": [0, 0, 0, 0, 0, 0, 0, 0, 0, 0, 0, 0, 0, 0, 0, 0, 0, 0, 0, 0, 0, 0, 0, 0, 0, 0, 0, 0, 0, 0, 0, 0, 0, 0, 0, 0, 0, 0, 0, 0, 0, 0, 0, 0, 0, 0, 0, 0, 0, 0, 0, 0, 0, 0, 0, 0, 0, 0, 0, 0, 0, 0, 0, 0, 0, 0, 0, 0, 0, 0, 0, 0, 0, 0, 0, 0, 0, 0, 0, 0, 0, 0, 0, 0, 0, 0, 0, 0, 0, 0, 0, 0, 0, 0, 0, 0, 0, 0, 0, 0, 0, 0, 0, 0, 0, 0, 0, 0, 0, 0, 0, 0, 0, 0, 0, 0, 0, 0.00543478270993, 0, 0, 0.0135869560763, 0, 0, 0.105978257954, 0, 0, 0.779891312122, 0, 0, 0.0842391327024, 0, 0, 0, 0.00543478270993, 0, 0, 0.00271739135496, 0, 0, 0, 0.00271739135496, 0, 0, 0, 0, 0, 0, 0, 0, 0, 0, 0, 0, 0, 0, 0, 0, 0, 0, 0, 0, 0, 0, 0, 0, 0, 0, 0, 0, 0, 0, 0, 0, 0, 0, 0, 0, 0, 0, 0, 0, 0, 0, 0, 0, 0, 0, 0, 0, 0, 0, 0, 0, 0, 0, 0, 0, 0, 0, 0, 0, 0, 0, 0, 0, 0, 0, 0, 0, 0, 0, 0, 0, 0, 0, 0, 0, 0, 0, 0, 0, 0, 0, 0, 0, 0, 0, 0, 0, 0, 0, 0, 0, 0, 0, 0, 0, 0, 0, 0, 0, 0, 0, 0, 0, 0, 0, 0, 0, 0]
},
"tonal": {
    "chords_changes_rate": 0.0476566627622,
    "chords_number_rate": 0.00315955770202,
    "chords_strength": {
        "mean": 0.498016566038
    },
    "hpcp_crest": {
        "mean": 13.6832008362
    },
    "hpcp_entropy": {
        "mean": 2.02393317223
    },
    "key_edma": {
        "strength": 0.726383030415,
        "key": "G",
        "scale": "major"
    },
    "key_krumhansl": {
        "strength": 0.723840296268,
        "key": "G",
        "scale": "major"
    },
    "key_temperley": {
        "strength": 0.718873679638,
        "key": "G",
        "scale": "major"
    },
    "tuning_diatonic_strength": 0.571875393391,
    "tuning_equal_tempered_deviation": 0.0252017583698,
    "tuning_frequency": 441.017791748,
    "tuning_nontempered_energy_ratio": 0.671863555908,
    "hpcp": {
        "mean": [0.214250952005, 0.117297910154, 0.0461904108524, 0.0433120913804, 0.0592076554894, 0.193745598197, 0.291587293148, 0.179638490081, 0.0812916904688, 0.064784526825, 0.0566192269325, 0.102616399527, 0.157245621085, 0.134694442153, 0.191176101565, 0.278072595596, 0.180724874139, 0.0876338779926, 0.0785026699305, 0.0818290412426, 0.158844977617, 0.228557154536, 0.159773245454, 0.083488933742, 0.0701991394162, 0.0742253959179, 0.228760540485, 0.342163354158, 0.21659809351, 0.24625518918, 0.302163124084, 0.151562526822, 0.0744812786579, 0.0733116492629, 0.0668626129627, 0.15128788352]
    },
    "chords_histogram": [21.3796730042, 25.8030548096, 19.8525543213, 3.37019491196, 4.68667697906, 0.157977879047, 1.84307527542, 0, 5.13428115845, 2.94892048836, 1.23749339581, 0.105318590999, 1.05318593979, 0, 0, 0, 0, 0, 0, 0, 0, 0, 1.60610842705, 10.8214845657],
    "thpcp": [1, 0.633025407791, 0.71970063448, 0.8830960989, 0.442953705788, 0.217677548528, 0.214259207249, 0.195411384106, 0.442151039839, 0.626165688038, 0.342812597752, 0.134995207191, 0.126583084464, 0.173039153218, 0.566237151623, 0.852187395096, 0.525007963181, 0.237581521273, 0.189337998629, 0.165474250913, 0.299904704094, 0.459563016891, 0.393655359745, 0.558727562428, 0.812689602375, 0.528183043003, 0.256117075682, 0.229430377483, 0.239151969552, 0.464237272739, 0.667976737022, 0.466950207949, 0.244003146887, 0.205162644386, 0.216929703951, 0.66857111454],
    "chords_key": "B",
    "chords_scale": "minor"
}
}