{
"metadata": {
    "version": {
        "essentia": "2.1-beta6-dev",
        "essentia_git_sha": "v2.1_beta5-1177-g1d1cc983",
        "extractor": "music 2.0"
    },
    "audio_properties": {
        "analysis": {
            "equal_loudness": 0,
            "length": 175.546325684,
            "sample_rate": 44100,
            "start_time": 0,
            "downmix": "mix"
        },
        "bit_rate": 1411200,
        "length": 175.546325684,
        "lossless": 1,
        "number_channels": 2,
        "replay_gain": -12.0777435303,
        "sample_rate": 44100,
        "codec": "pcm_s16le",
        "md5_encoded": "d68bf74657804c436855f8923a34988c"
    },
    "tags": {
        "file_name": "06 - All Get Out - Archives.wav",
        "album": ["No Bouquet"],
        "albumartist": ["All Get Out"],
        "artist": ["All Get Out"],
        "composer": ["Nathan Michael Hussey"],
        "copyright": ["(C) 2018 Equal Vision Records, Inc. (P) 2018 Equal Vision Records, Inc."],
        "date": ["2018"],
        "discnumber": ["1"],
        "disctotal": ["1"],
        "genre": ["Alternative & Indie"],
        "isrc": ["US3X51838806"],
        "title": ["Archives"],
        "tracknumber": ["6"],
        "tracktotal": ["10"]
    }
},
"lowlevel": {
    "average_loudness": 0.952174544334,
    "barkbands_crest": {
        "mean": 9.07156276703
    },
    "barkbands_flatness_db": {
        "mean": 0.113660730422
    },
    "barkbands_kurtosis": {
        "mean": 0.842655003071
    },
    "barkbands_skewness": {
        "mean": 0.939432501793
    },
    "barkbands_spread": {
        "mean": 32.3245391846
    },
    "dissonance": {
        "mean": 0.475812166929
    },
    "dynamic_complexity": 2.84137868881,
    "erbbands_crest": {
        "mean": 8.09703731537
    },
    "erbbands_flatness_db": {
        "mean": 0.154865458608
    },
    "erbbands_kurtosis": {
        "mean": 0.392000824213
    },
    "erbbands_skewness": {
        "mean": -0.260019689798
    },
    "erbbands_spread": {
        "mean": 37.4244422913
    },
    "hfc": {
        "mean": 23.827917099
    },
    "loudness_ebu128": {
        "integrated": -11.0920333862,
        "loudness_range": 7.44343090057,
        "momentary": {
            "mean": -12.3998565674
        },
        "short_term": {
            "mean": -11.8814048767
        }
    },
    "melbands_crest": {
        "mean": 14.4726734161
    },
    "melbands_flatness_db": {
        "mean": 0.159967780113
    },
    "melbands_kurtosis": {
        "mean": 7.12497234344
    },
    "melbands_skewness": {
        "mean": 2.19192123413
    },
    "melbands_spread": {
        "mean": 35.858745575
    },
    "pitch_salience": {
        "mean": 0.542695403099
    },
    "silence_rate_20dB": {
        "mean": 1
    },
    "silence_rate_30dB": {
        "mean": 1
    },
    "silence_rate_60dB": {
        "mean": 0.079344086349
    },
    "spectral_centroid": {
        "mean": 1843.30578613
    },
    "spectral_complexity": {
        "mean": 24.7943668365
    },
    "spectral_decrease": {
        "mean": -5.78118308781e-09
    },
    "spectral_energy": {
        "mean": 0.0239807460457
    },
    "spectral_energyband_high": {
        "mean": 0.00115542893764
    },
    "spectral_energyband_low": {
        "mean": 0.008809261024
    },
    "spectral_energyband_middle_high": {
        "mean": 0.00647530937567
    },
    "spectral_energyband_middle_low": {
        "mean": 0.00835468806326
    },
    "spectral_entropy": {
        "mean": 7.81519174576
    },
    "spectral_flux": {
        "mean": 0.0863852798939
    },
    "spectral_kurtosis": {
        "mean": 3.8239300251
    },
    "spectral_rms": {
        "mean": 0.00451713008806
    },
    "spectral_rolloff": {
        "mean": 2189.16162109
    },
    "spectral_skewness": {
        "mean": 1.28980350494
    },
    "spectral_spread": {
        "mean": 4259838.5
    },
    "spectral_strongpeak": {
        "mean": 0.826901197433
    },
    "zerocrossingrate": {
        "mean": 0.076078504324
    },
    "barkbands": {
        "mean": [2.87268449028e-05, 0.00422758841887, 0.00382102443837, 0.00128131057136, 0.00276673212647, 0.00121314544231, 0.000627701403573, 0.00078966259025, 0.00152064138092, 0.000741540570743, 0.000455073313788, 0.000559122650884, 0.000604333879892, 0.000548635027371, 0.000709843297955, 0.000945066392887, 0.000697952113114, 0.000461454095785, 0.000576162536163, 0.000419018004322, 0.000306434783852, 0.000215166364796, 0.000202450930374, 0.000168342405232, 7.85736410762e-05, 1.29328500407e-05, 2.13164844354e-06]
    },
    "erbbands": {
        "mean": [0.0718388333917, 1.14483129978, 4.28934955597, 4.54423952103, 7.55374526978, 8.60693359375, 8.64155292511, 10.4458818436, 8.61622905731, 12.3835735321, 19.243265152, 35.1489295959, 27.4706687927, 18.7867984772, 22.2708778381, 21.1864261627, 28.4584922791, 24.4180526733, 37.1212387085, 40.3469200134, 52.2922325134, 40.0005264282, 27.9927616119, 25.8906002045, 29.0046043396, 19.7567977905, 13.4478826523, 11.2577867508, 7.75510883331, 6.15432071686, 5.93378829956, 4.30462360382, 2.34561872482, 1.17059743404, 0.40088480711, 0.0862621665001, 0.0189551413059, 0.00384743139148, 0.000376006879378, 4.34466091974e-05]
    },
    "gfcc": {
        "mean": [7.76171302795, 81.200668335, -135.258224487, 43.6297531128, -53.7983283997, 15.4515028, -40.1250686646, 10.0040578842, -21.9169425964, -3.42784070969, -17.4476146698, -9.79508972168, -9.85646820068],
        "cov": [[7987.87353516, -726.038879395, 507.720672607, 1348.37463379, -104.024971008, 994.327209473, 241.732406616, 434.62902832, 237.544448853, 214.878814697, -31.3860244751, 159.320388794, -111.928062439], [-726.038879395, 1243.20727539, -391.168914795, -181.387466431, 262.762268066, -218.159835815, 104.57144928, -22.1442222595, 52.5360717773, -81.2130737305, 79.9259109497, -96.7858123779, 108.817184448], [507.720672607, -391.168914795, 549.885070801, 208.177505493, -102.944168091, 171.601989746, -21.706867218, 17.8713207245, 32.1070022583, 72.162612915, -31.8050727844, 65.9144363403, -46.1405181885], [1348.37463379, -181.387466431, 208.177505493, 586.438964844, 79.8540725708, 270.628112793, 103.067420959, 115.879516602, 130.339996338, 68.2692337036, 6.09038352966, 46.8403816223, -7.63157892227], [-104.024971008, 262.762268066, -102.944168091, 79.8540725708, 303.631286621, 44.8495445251, 91.6853942871, 52.9273376465, 61.5255661011, 5.27246618271, 25.0418128967, -11.6826715469, 34.4688262939], [994.327209473, -218.159835815, 171.601989746, 270.628112793, 44.8495445251, 408.778656006, 166.617752075, 122.847595215, 83.4699783325, 51.0181465149, -5.81464147568, 38.4202232361, -32.8537826538], [241.732406616, 104.57144928, -21.706867218, 103.067420959, 91.6853942871, 166.617752075, 223.650726318, 103.523414612, 73.8162307739, 15.2473716736, 12.8059206009, 4.31177139282, 5.00210094452], [434.62902832, -22.1442222595, 17.8713207245, 115.879516602, 52.9273376465, 122.847595215, 103.523414612, 164.093231201, 90.4256286621, 24.9143466949, 10.3229207993, 2.11574101448, -2.0543358326], [237.544448853, 52.5360717773, 32.1070022583, 130.339996338, 61.5255661011, 83.4699783325, 73.8162307739, 90.4256286621, 145.363250732, 49.0350761414, 11.2011222839, 2.55687499046, 5.82560777664], [214.878814697, -81.2130737305, 72.162612915, 68.2692337036, 5.27246618271, 51.0181465149, 15.2473716736, 24.9143466949, 49.0350761414, 87.6331939697, 15.1096029282, 16.866815567, -11.1903219223], [-31.3860244751, 79.9259109497, -31.8050727844, 6.09038352966, 25.0418128967, -5.81464147568, 12.8059206009, 10.3229207993, 11.2011222839, 15.1096029282, 79.5302352905, 20.0214004517, 15.6427049637], [159.320388794, -96.7858123779, 65.9144363403, 46.8403816223, -11.6826715469, 38.4202232361, 4.31177139282, 2.11574101448, 2.55687499046, 16.866815567, 20.0214004517, 78.5053405762, 13.7230453491], [-111.928062439, 108.817184448, -46.1405181885, -7.63157892227, 34.4688262939, -32.8537826538, 5.00210094452, -2.0543358326, 5.82560777664, -11.1903219223, 15.6427049637, 13.7230453491, 73.207862854]],
        "icov": [[0.000304059125483, -0.00021357506921, 0.000217954991967, -0.00062554347096, 0.000405600643717, -0.000549860240426, 0.000468704180093, -0.000678058713675, 0.000555527629331, -0.000494562846143, 0.000388546235627, -0.000421357166488, 0.000241870337049], [-0.00021357506921, 0.00209098611958, 1.43675406434e-05, 0.000704084988683, -0.00125231326092, 0.00125366088469, -0.00167902593967, 0.00170775619335, -0.00186724530067, 0.0018018091796, -0.00204141391441, 0.00230093183927, -0.00160837545991], [0.000217954991967, 1.43675406434e-05, 0.00329478667118, -0.00106361415237, 0.00101345509756, -0.00126678077504, 0.00118288339581, -0.000178857153514, 0.000131628112285, -0.00171094504185, 0.00152761570644, -0.00203441549093, 0.000929025467485], [-0.00062554347096, 0.000704084988683, -0.00106361415237, 0.00435999827459, -0.00154591561295, -0.000216740299948, -0.000626383873168, 0.00132399611175, -0.00292827445082, 0.00120689673349, -0.00108788115904, 0.000586666283198, -0.000968270702288], [0.000405600643717, -0.00125231326092, 0.00101345509756, -0.00154591561295, 0.00553516065702, -0.00121131900232, 0.000112006790005, -0.00133308547083, 0.000532206846401, -0.00141836504918, 0.000729218649212, -0.000655625364743, -0.000527717638761], [-0.000549860240426, 0.00125366088469, -0.00126678077504, -0.000216740299948, -0.00121131900232, 0.00723375892267, -0.00483469199389, 0.000251361838309, -0.000736277550459, 0.000950736633968, -0.000622626044787, 0.000209264908335, 0.000926629465539], [0.000468704180093, -0.00167902593967, 0.00118288339581, -0.000626383873168, 0.000112006790005, -0.00483469199389, 0.0106157790869, -0.00442747725174, 0.000470617291285, -0.000993315596133, 0.00135354313534, -0.00199385313317, 0.000715807080269], [-0.000678058713675, 0.00170775619335, -0.000178857153514, 0.00132399611175, -0.00133308547083, 0.000251361838309, -0.00442747725174, 0.0140838790685, -0.00759874423966, 0.00314115313813, -0.00289454287849, 0.0028597980272, -0.000944385712501], [0.000555527629331, -0.00186724530067, 0.000131628112285, -0.00292827445082, 0.000532206846401, -0.000736277550459, 0.000470617291285, -0.00759874423966, 0.0164724383503, -0.0080340122804, 0.00248330528848, -0.000549828866497, -0.0003902639437], [-0.000494562846143, 0.0018018091796, -0.00171094504185, 0.00120689673349, -0.00141836504918, 0.000950736633968, -0.000993315596133, 0.00314115313813, -0.0080340122804, 0.0190958883613, -0.00543378014117, 0.000520091620274, 0.00148540898226], [0.000388546235627, -0.00204141391441, 0.00152761570644, -0.00108788115904, 0.000729218649212, -0.000622626044787, 0.00135354313534, -0.00289454287849, 0.00248330528848, -0.00543378014117, 0.0177662186325, -0.00699574640021, 0.000168338679941], [-0.000421357166488, 0.00230093183927, -0.00203441549093, 0.000586666283198, -0.000655625364743, 0.000209264908335, -0.00199385313317, 0.0028597980272, -0.000549828866497, 0.000520091620274, -0.00699574640021, 0.020515775308, -0.00689400872216], [0.000241870337049, -0.00160837545991, 0.000929025467485, -0.000968270702288, -0.000527717638761, 0.000926629465539, 0.000715807080269, -0.000944385712501, -0.0003902639437, 0.00148540898226, 0.000168338679941, -0.00689400872216, 0.0190081894398]]
    },
    "melbands": {
        "mean": [0.000919373705983, 0.00197582202964, 0.000865848385729, 0.000643904670142, 0.000299105449812, 0.000228547563893, 0.000132127475808, 0.000149663363118, 0.000160214709467, 0.00023152011272, 0.000137496885145, 8.08632466942e-05, 6.52309099678e-05, 6.02962609264e-05, 6.30153808743e-05, 6.16788092884e-05, 4.30990839959e-05, 5.94101584284e-05, 5.49192336621e-05, 6.19098864263e-05, 5.92553478782e-05, 4.29865285696e-05, 2.92345230264e-05, 2.08655674214e-05, 2.05639898923e-05, 2.27846849157e-05, 1.856212657e-05, 1.15421553346e-05, 8.6074705905e-06, 6.48112290946e-06, 6.82320796841e-06, 4.54663268101e-06, 3.58449142368e-06, 3.28881060341e-06, 3.47430886904e-06, 3.09065035253e-06, 2.42846704168e-06, 1.65303367794e-06, 1.35882885388e-06, 8.64903540787e-07]
    },
    "melbands128": {
        "mean": [2.82755427179e-05, 0.000370614696294, 0.00121634174138, 0.00210263184272, 0.00237893569283, 0.00171367602888, 0.000916708726436, 0.000587645627093, 0.000765930395573, 0.000864857167471, 0.000392445625039, 0.000278266554233, 0.000313105498208, 0.000255745690083, 0.000269800744718, 0.000189659083844, 0.000131745517137, 0.000120230615721, 0.00013882186613, 0.000112508590973, 0.00018666087999, 0.000178419417352, 0.000135259353556, 0.000172233136254, 0.000218596775085, 0.000306084722979, 0.0001437922474, 9.33589326451e-05, 0.00017006341659, 8.96585552255e-05, 5.48129573872e-05, 4.70175946248e-05, 4.96271677548e-05, 0.000100334407762, 7.42181946407e-05, 3.93403497583e-05, 4.46031335741e-05, 8.65374895511e-05, 5.05303178215e-05, 6.46621192573e-05, 7.48382371967e-05, 3.7554447772e-05, 3.56878445018e-05, 4.20369142375e-05, 7.25177233107e-05, 5.5496195273e-05, 5.57968705834e-05, 6.41851074761e-05, 5.07179684064e-05, 4.07412044297e-05, 7.17246221029e-05, 7.1516384196e-05, 6.75178598613e-05, 5.15691972396e-05, 4.39986542915e-05, 4.50613624707e-05, 4.10096981796e-05, 2.75163674814e-05, 2.74420253845e-05, 2.76583232335e-05, 1.95411957975e-05, 1.55660418386e-05, 2.10613579839e-05, 2.01945367735e-05, 2.37754757109e-05, 2.3708849767e-05, 2.21116897592e-05, 1.94380518224e-05, 1.8753540644e-05, 1.61245188792e-05, 1.13938085633e-05, 9.79413835012e-06, 7.61834235163e-06, 9.28837471292e-06, 8.77186539583e-06, 5.82634766033e-06, 6.02073077971e-06, 5.93654385739e-06, 7.81970084063e-06, 6.86981366016e-06, 4.42678538093e-06, 3.80634287467e-06, 3.8847210817e-06, 3.4050690374e-06, 3.55665633833e-06, 3.43003534908e-06, 3.11736266667e-06, 3.12892666443e-06, 3.65850951312e-06, 3.75842637368e-06, 2.87250259134e-06, 3.13232544613e-06, 2.97632004731e-06, 2.52499376074e-06, 2.02679211725e-06, 1.70412977241e-06, 1.57175827553e-06, 1.58513444148e-06, 1.45074659486e-06, 1.23506822547e-06, 9.62700482887e-07, 8.24174207992e-07, 7.11420625521e-07, 5.99067107032e-07, 4.5949391847e-07, 3.05389704636e-07, 2.16275722664e-07, 1.66495695453e-07, 1.30126110776e-07, 1.00734339981e-07, 8.49491499366e-08, 6.48832312322e-08, 5.14957676501e-08, 4.37347686955e-08, 3.99405877261e-08, 3.30801945836e-08, 2.72342788321e-08, 2.23911165165e-08, 1.59952335821e-08, 1.13403784141e-08, 7.17382064863e-09, 4.0744514429e-09, 2.6853483881e-09, 2.00980365683e-09, 1.53106838319e-09, 9.41439370905e-10, 4.34425800888e-10, 2.61087762521e-10]
    },
    "mfcc": {
        "mean": [-624.368774414, 102.087135315, -14.7739496231, 25.4517402649, 9.72377204895, 3.85119557381, -0.168163895607, 3.14992666245, 1.68659424782, 5.4543056488, -5.48909473419, -0.305406957865, -4.9993429184],
        "cov": [[7365.94824219, -1204.46630859, 769.822387695, 507.258544922, 262.990509033, 684.61907959, 238.228546143, 597.293884277, 326.997253418, 435.427185059, 300.587127686, 182.208007812, 190.777267456], [-1204.46630859, 1259.72229004, -573.516296387, -66.1751556396, -23.3366603851, -227.998687744, 0.942612290382, -128.22605896, -29.7932758331, -78.0600128174, -86.3676147461, -33.1522674561, -41.1398773193], [769.822387695, -573.516296387, 687.873718262, 59.8639221191, 5.25691556931, 178.65802002, -24.7840576172, 79.9090118408, 24.7579517365, 55.6458282471, 52.1959686279, 48.0659484863, 44.9123878479], [507.258544922, -66.1751556396, 59.8639221191, 292.676269531, 105.584869385, 85.8400344849, 10.9816465378, 63.5149078369, 65.6095123291, 57.6887016296, 40.1245269775, 41.33568573, 36.2897644043], [262.990509033, -23.3366603851, 5.25691556931, 105.584869385, 188.367614746, 73.3900375366, 23.7385025024, 44.2300453186, 45.7023010254, 45.9382019043, 23.0005302429, 24.3255386353, 29.5887451172], [684.61907959, -227.998687744, 178.65802002, 85.8400344849, 73.3900375366, 280.140228271, 89.0988922119, 134.742660522, 92.0583953857, 79.0405502319, 76.9682312012, 51.1980209351, 34.823764801], [238.228546143, 0.942612290382, -24.7840576172, 10.9816465378, 23.7385025024, 89.0988922119, 150.753036499, 98.4261474609, 52.6751251221, 41.572467804, 38.9484825134, 24.3856143951, 15.1118221283], [597.293884277, -128.22605896, 79.9090118408, 63.5149078369, 44.2300453186, 134.742660522, 98.4261474609, 218.920959473, 105.171165466, 102.774581909, 66.4281768799, 46.3252258301, 34.9476127625], [326.997253418, -29.7932758331, 24.7579517365, 65.6095123291, 45.7023010254, 92.0583953857, 52.6751251221, 105.171165466, 150.184570312, 94.1242370605, 58.8407478333, 34.6179046631, 23.7411251068], [435.427185059, -78.0600128174, 55.6458282471, 57.6887016296, 45.9382019043, 79.0405502319, 41.572467804, 102.774581909, 94.1242370605, 150.903305054, 73.5531845093, 37.2429351807, 27.7299404144], [300.587127686, -86.3676147461, 52.1959686279, 40.1245269775, 23.0005302429, 76.9682312012, 38.9484825134, 66.4281768799, 58.8407478333, 73.5531845093, 103.988876343, 49.6421127319, 23.9853172302], [182.208007812, -33.1522674561, 48.0659484863, 41.33568573, 24.3255386353, 51.1980209351, 24.3856143951, 46.3252258301, 34.6179046631, 37.2429351807, 49.6421127319, 91.9891052246, 41.6533966064], [190.777267456, -41.1398773193, 44.9123878479, 36.2897644043, 29.5887451172, 34.823764801, 15.1118221283, 34.9476127625, 23.7411251068, 27.7299404144, 23.9853172302, 41.6533966064, 79.5717010498]],
        "icov": [[0.000225313502597, 0.000103373917227, -4.36279187852e-05, -0.000211231890717, 9.87928797258e-06, -0.000196273889742, -1.9811641323e-05, -0.000270660588285, 0.000125299862702, -0.000270331220236, -3.40719852829e-05, 0.000104897175333, -0.000148752515088], [0.000103373917227, 0.00144578749314, 0.000955367286224, -0.00011723156058, 1.47874288814e-05, 0.000390039553167, -0.000367037311662, 0.000367533997633, -0.000490899605211, -0.000117868170491, 0.000724187702872, -0.000613927608356, 3.65943196812e-05], [-4.36279187852e-05, 0.000955367286224, 0.00277788308449, -4.25038451795e-05, 0.000628128414974, -0.00135884131305, 0.00132322951686, -0.000151371539687, 0.000402176257921, -0.000342392857419, 0.00049260770902, -0.000716575596016, -0.000547745206859], [-0.000211231890717, -0.00011723156058, -4.25038451795e-05, 0.0049638771452, -0.00212293770164, -0.000290484400466, 0.00105174118653, -0.00013240291446, -0.00103561813012, 0.00023074632918, -0.000119509124488, -0.000811061996501, -0.000329906994011], [9.87928797258e-06, 1.47874288814e-05, 0.000628128414974, -0.00212293770164, 0.0074609592557, -0.0016400765162, 1.40772199302e-05, 0.000469808786875, -0.00014727373491, -0.00136743218172, 0.00115304661449, -3.30296788889e-05, -0.00147778121755], [-0.000196273889742, 0.000390039553167, -0.00135884131305, -0.000290484400466, -0.0016400765162, 0.00793515890837, -0.00283105159178, -0.00111242476851, -0.00181549205445, 0.00130696000997, -0.00190187618136, -0.000393678317778, 0.000600601430051], [-1.9811641323e-05, -0.000367037311662, 0.00132322951686, 0.00105174118653, 1.40772199302e-05, -0.00283105159178, 0.0114250062034, -0.00435490021482, 4.52425701951e-05, 0.000966754276305, -0.00132545817178, -7.66722150729e-05, -0.000302896543872], [-0.000270660588285, 0.000367533997633, -0.000151371539687, -0.00013240291446, 0.000469808786875, -0.00111242476851, -0.00435490021482, 0.0110790273175, -0.00313107739203, -0.00301517290063, 0.00100404501427, -0.0010299627902, -0.000520446512382], [0.000125299862702, -0.000490899605211, 0.000402176257921, -0.00103561813012, -0.00014727373491, -0.00181549205445, 4.52425701951e-05, -0.00313107739203, 0.0137887746096, -0.00519969826564, -0.00138881790917, 0.000129991152789, -4.44556171715e-05], [-0.000270331220236, -0.000117868170491, -0.000342392857419, 0.00023074632918, -0.00136743218172, 0.00130696000997, 0.000966754276305, -0.00301517290063, -0.00519969826564, 0.0151487188414, -0.00647179456428, 0.00103784399107, -0.000567904498894], [-3.40719852829e-05, 0.000724187702872, 0.00049260770902, -0.000119509124488, 0.00115304661449, -0.00190187618136, -0.00132545817178, 0.00100404501427, -0.00138881790917, -0.00647179456428, 0.0197024475783, -0.00719235744327, 0.000942691462114], [0.000104897175333, -0.000613927608356, -0.000716575596016, -0.000811061996501, -3.30296788889e-05, -0.000393678317778, -7.66722150729e-05, -0.0010299627902, 0.000129991152789, 0.00103784399107, -0.00719235744327, 0.0185740794986, -0.00709850946441], [-0.000148752515088, 3.65943196812e-05, -0.000547745206859, -0.000329906994011, -0.00147778121755, 0.000600601430051, -0.000302896543872, -0.000520446512382, -4.44556171715e-05, -0.000567904498894, 0.000942691462114, -0.00709850946441, 0.0176181066781]]
    },
    "spectral_contrast_coeffs": {
        "mean": [-0.692667961121, -0.767322182655, -0.765715003014, -0.786739051342, -0.793622970581, -0.766543924809]
    },
    "spectral_contrast_valleys": {
        "mean": [-6.93175458908, -6.81289243698, -7.3718957901, -7.14327907562, -7.06561231613, -9.89196205139]
    }
},
"rhythm": {
    "beats_count": 369,
    "beats_loudness": {
        "mean": 0.0332834795117
    },
    "bpm": 162.923934937,
    "bpm_histogram_first_peak_bpm": 161,
    "bpm_histogram_first_peak_weight": 0.0285714268684,
    "bpm_histogram_second_peak_bpm": 167,
    "bpm_histogram_second_peak_spread": 0,
    "bpm_histogram_second_peak_weight": 0.173913046718,
    "danceability": 1.02745056152,
    "onset_rate": 2.88780164719,
    "beats_loudness_band_ratio": {
        "mean": [0.434898525476, 0.275510370731, 0.10802307725, 0.0920696631074, 0.123871803284, 0.081402644515]
    },
    "beats_position": [0.522448956966, 1.04489791393, 1.5673469305, 2.11301589012, 2.6470746994, 3.1811337471, 3.7151927948, 4.2492518425, 4.78331041336, 5.30575942993, 5.8282084465, 6.35065746307, 6.86149644852, 7.37233543396, 7.72063493729, 8.08054447174, 8.42884349823, 8.77714252472, 9.14866161346, 9.52018165588, 9.89170074463, 10.2748298645, 10.6579589844, 11.0410881042, 11.4242172241, 11.7957363129, 12.1672563553, 12.538775444, 12.9102945328, 13.2818136215, 13.6533327103, 14.0248527527, 14.3963718414, 14.7678909302, 15.1394100189, 15.4993190765, 15.870839119, 16.2307472229, 16.602268219, 16.9737873077, 17.3453063965, 17.7168254852, 18.088344574, 18.4598636627, 18.8197727203, 19.179681778, 19.5512008667, 19.9111099243, 20.2710208893, 20.642539978, 21.0140590668, 21.3855781555, 21.7570972443, 22.128616333, 22.5001354218, 22.8716545105, 23.2431735992, 23.6030826569, 23.9629936218, 24.3345127106, 24.7060317993, 25.0659408569, 25.4490699768, 25.8089790344, 26.1804981232, 26.5404071808, 26.9119262695, 27.2834453583, 27.6549663544, 28.0264854431, 28.3980045319, 28.7695236206, 29.1410427094, 29.500951767, 29.8608608246, 30.2323799133, 30.6038990021, 30.9754180908, 31.3469390869, 31.7184581757, 32.0899772644, 32.449886322, 32.8097953796, 33.1697044373, 33.5296134949, 33.8895225525, 34.2494316101, 34.6209526062, 34.9924697876, 35.3639907837, 35.7355079651, 36.1070289612, 36.4669380188, 36.8268470764, 37.1983680725, 37.5698852539, 37.94140625, 38.3129234314, 38.6844444275, 39.0559616089, 39.427482605, 39.7989997864, 40.1589126587, 40.5188217163, 40.8903388977, 41.2618598938, 41.6333770752, 41.9932861328, 42.3531951904, 42.7247161865, 43.0846252441, 43.4445343018, 43.8160552979, 44.1875724792, 44.5590934753, 44.9306106567, 45.2905197144, 45.650428772, 46.0219497681, 46.3934669495, 46.7649879456, 47.1248970032, 47.4848060608, 47.8563270569, 48.2278442383, 48.5993652344, 48.9708824158, 49.3424034119, 49.7139205933, 50.0854415894, 50.445350647, 50.8052597046, 51.1767807007, 51.5482978821, 51.9198188782, 52.2913360596, 52.6628570557, 53.0343742371, 53.4058952332, 53.7774124146, 54.1489334106, 54.5088424683, 54.8687515259, 55.240272522, 55.6117897034, 55.9833106995, 56.3548278809, 56.726348877, 57.0978660583, 57.457775116, 57.8176841736, 58.1892051697, 58.5607261658, 58.9206352234, 59.280544281, 59.6520614624, 60.0235824585, 60.3950996399, 60.766620636, 61.1381378174, 61.5096588135, 61.8811798096, 62.2410888672, 62.6009979248, 62.9609069824, 63.32081604, 63.6923332214, 64.0638504028, 64.4353713989, 64.806892395, 65.1784133911, 65.5383224487, 65.8982315063, 66.2697525024, 66.6412658691, 67.0127868652, 67.3843078613, 67.7558288574, 68.1273422241, 68.4988632202, 68.8703842163, 69.2419052124, 69.6134262085, 69.9733352661, 70.3332443237, 70.7047576904, 71.064666748, 71.4245758057, 71.7728805542, 72.1444015503, 72.515914917, 72.8874359131, 73.2589569092, 73.6304779053, 74.001991272, 74.3735122681, 74.7450332642, 75.1165542603, 75.488067627, 75.859588623, 76.2194976807, 76.5794067383, 76.9509277344, 77.3224487305, 77.6939697266, 78.0654830933, 78.4370040894, 78.8085250854, 79.1800460815, 79.5515594482, 79.9230804443, 80.2946014404, 80.654510498, 81.0144195557, 81.3859405518, 81.7574615479, 82.1289749146, 82.5004959106, 82.8604049683, 83.2203140259, 83.591835022, 83.9633560181, 84.3348770142, 84.7063903809, 85.077911377, 85.4378204346, 85.7977294922, 86.1692504883, 86.5407714844, 86.9122848511, 87.2838058472, 87.6553268433, 88.0152359009, 88.3751449585, 88.7466659546, 89.1181869507, 89.4897003174, 89.8612213135, 90.2095184326, 90.5810394287, 90.9525604248, 91.3240814209, 91.695602417, 92.0671157837, 92.4270248413, 92.7869338989, 93.158454895, 93.5299758911, 93.9014968872, 94.2730178833, 94.64453125, 94.9928359985, 95.3643493652, 95.7358703613, 96.1073913574, 96.467300415, 96.8272094727, 97.1987304688, 97.5702438354, 98.1159133911, 98.6731948853, 99.2188644409, 99.7761459351, 100.3334198, 100.890701294, 101.447982788, 101.993652344, 102.53931427, 103.096595764, 103.653877258, 104.211151123, 104.768432617, 105.314102173, 105.859771729, 106.417053223, 106.974327087, 107.531608582, 108.077278137, 108.634559631, 109.191833496, 109.760726929, 110.492149353, 111.223579407, 111.95500946, 112.686439514, 113.429473877, 114.172515869, 114.903945923, 115.635368347, 116.366798401, 117.098228455, 117.841270447, 118.58430481, 119.327346802, 120.070381165, 120.79019928, 121.510017395, 122.22983551, 122.972877502, 123.715919495, 124.458953857, 125.178771973, 125.910202026, 126.64163208, 127.373062134, 128.104492188, 128.847518921, 129.590560913, 130.333602905, 131.053421021, 131.761627197, 132.539505005, 133.317367554, 134.072021484, 134.826660156, 135.546478271, 136.266296387, 136.986114502, 137.705932617, 138.437362671, 139.168792725, 139.900222778, 140.643264771, 141.374694824, 142.106124878, 142.849151611, 143.592193604, 144.323623657, 145.055053711, 145.798095703, 146.529525757, 147.260955811, 147.992385864, 148.723800659, 149.455230713, 150.198272705, 150.952926636, 151.684356689, 152.415786743, 153.158813477, 153.901855469, 154.644897461, 155.376327515, 156.107757568, 156.850784302, 157.593826294, 158.325256348, 159.056686401, 159.788116455, 160.531158447, 161.262588501, 161.982406616, 162.72543335, 163.468475342, 164.199905396, 164.931335449, 165.674377441, 166.417419434, 167.160446167, 167.891876221, 168.646530151, 169.389572144, 170.132598877, 170.898864746, 171.676727295, 172.454605103, 173.197631836, 173.940673828, 174.68371582],
    "bpm_histogram": [0, 0, 0, 0, 0, 0, 0, 0, 0, 0, 0, 0, 0, 0, 0, 0, 0, 0, 0, 0, 0, 0, 0, 0, 0, 0, 0, 0, 0, 0, 0, 0, 0, 0, 0, 0, 0, 0, 0, 0, 0, 0, 0, 0, 0, 0, 0, 0, 0, 0, 0, 0, 0, 0, 0, 0, 0, 0, 0, 0, 0, 0, 0, 0, 0, 0, 0, 0, 0, 0, 0, 0, 0, 0, 0, 0, 0, 0.0108695654199, 0.00271739135496, 0, 0.0108695654199, 0.0896739140153, 0.0951086953282, 0.0271739121526, 0, 0.00271739135496, 0, 0, 0, 0, 0, 0, 0, 0, 0, 0, 0, 0, 0, 0, 0, 0, 0, 0, 0, 0.00271739135496, 0, 0, 0.0380434766412, 0, 0.0217391308397, 0, 0.0135869560763, 0, 0, 0.0135869560763, 0, 0.00543478270993, 0, 0, 0, 0, 0, 0, 0, 0, 0, 0, 0, 0, 0, 0, 0, 0, 0, 0, 0, 0, 0, 0, 0, 0, 0, 0, 0, 0, 0, 0, 0, 0, 0, 0, 0, 0, 0, 0, 0, 0.0135869560763, 0, 0, 0, 0.418478250504, 0.0434782616794, 0, 0, 0, 0, 0.173913046718, 0, 0, 0, 0, 0.0163043476641, 0, 0, 0, 0, 0, 0, 0, 0, 0, 0, 0, 0, 0, 0, 0, 0, 0, 0, 0, 0, 0, 0, 0, 0, 0, 0, 0, 0, 0, 0, 0, 0, 0, 0, 0, 0, 0, 0, 0, 0, 0, 0, 0, 0, 0, 0, 0, 0, 0, 0, 0, 0, 0, 0, 0, 0, 0, 0, 0, 0, 0, 0, 0, 0, 0, 0, 0, 0, 0, 0, 0, 0, 0, 0, 0, 0, 0]
},
"tonal": {
    "chords_changes_rate": 0.0576414577663,
    "chords_number_rate": 0.00211528292857,
    "chords_strength": {
        "mean": 0.522793114185
    },
    "hpcp_crest": {
        "mean": 13.6412916183
    },
    "hpcp_entropy": {
        "mean": 2.01815056801
    },
    "key_edma": {
        "strength": 0.823910653591,
        "key": "C#",
        "scale": "major"
    },
    "key_krumhansl": {
        "strength": 0.826217472553,
        "key": "C#",
        "scale": "major"
    },
    "key_temperley": {
        "strength": 0.822642683983,
        "key": "C#",
        "scale": "major"
    },
    "tuning_diatonic_strength": 0.636177539825,
    "tuning_equal_tempered_deviation": 0.0366461016238,
    "tuning_frequency": 441.272583008,
    "tuning_nontempered_energy_ratio": 0.721635580063,
    "hpcp": {
        "mean": [0.0836083218455, 0.0655853003263, 0.111305981874, 0.191555276513, 0.156256526709, 0.0787770822644, 0.0634196251631, 0.0667457953095, 0.111547380686, 0.150206178427, 0.130099609494, 0.16888307035, 0.230342432857, 0.160023495555, 0.0928010419011, 0.0969832018018, 0.0972668752074, 0.133900955319, 0.185358434916, 0.145438849926, 0.0873732790351, 0.0773218348622, 0.0857127681375, 0.201399162412, 0.266141861677, 0.1644551754, 0.130305960774, 0.154429093003, 0.116000920534, 0.0832572579384, 0.0805057957768, 0.0740033239126, 0.154628053308, 0.287578999996, 0.240597859025, 0.122728481889]
    },
    "chords_histogram": [40.4019050598, 8.01163387299, 23.5854053497, 0.132205188274, 0.237969323993, 0, 0.793231070042, 0.185087248683, 4.28344774246, 0, 0, 0, 0, 0, 0, 0.978318333626, 0, 1.1105235815, 0, 0.317292451859, 0, 1.56002116203, 6.87466955185, 11.5282917023],
    "thpcp": [1, 0.83663225174, 0.426764398813, 0.290731668472, 0.228060111403, 0.387044876814, 0.66609621048, 0.543351650238, 0.273931980133, 0.220529407263, 0.232095509768, 0.387884318829, 0.522312760353, 0.452396064997, 0.5872579813, 0.800970971584, 0.556450545788, 0.322697550058, 0.337240219116, 0.338226616383, 0.465614497662, 0.644547879696, 0.50573527813, 0.303823560476, 0.268871635199, 0.298049479723, 0.700326383114, 0.925456523895, 0.571860849857, 0.453113615513, 0.536997139454, 0.40337061882, 0.289510905743, 0.279943227768, 0.257332146168, 0.537688970566],
    "chords_key": "C#",
    "chords_scale": "major"
}
}