{
"metadata": {
    "version": {
        "essentia": "2.1-beta6-dev",
        "essentia_git_sha": "v2.1_beta5-1177-g1d1cc983",
        "extractor": "music 2.0"
    },
    "audio_properties": {
        "analysis": {
            "equal_loudness": 0,
            "length": 242,
            "sample_rate": 44100,
            "start_time": 0,
            "downmix": "mix"
        },
        "bit_rate": 1411200,
        "length": 242,
        "lossless": 1,
        "number_channels": 2,
        "replay_gain": -14.8809089661,
        "sample_rate": 44100,
        "codec": "pcm_s16le",
        "md5_encoded": "eac9d34e89e292858b8e1c44a0a79430"
    },
    "tags": {
        "file_name": "04 - All Get Out - Whatever.wav",
        "album": ["Nobody Likes A Quitter"],
        "albumartist": ["All Get Out"],
        "artist": ["All Get Out"],
        "composer": ["Nathan Hussey"],
        "copyright": ["2016 Bad Timing Records and Many Hats Distribution 2016 Bad Timing Records and Many Hats Distribution"],
        "date": ["2016"],
        "discnumber": ["1"],
        "disctotal": ["1"],
        "genre": ["Alternative & Indie"],
        "isrc": ["QM87M1604204"],
        "title": ["Whatever"],
        "tracknumber": ["4"],
        "tracktotal": ["10"]
    }
},
"lowlevel": {
    "average_loudness": 0.925855815411,
    "barkbands_crest": {
        "mean": 9.83804321289
    },
    "barkbands_flatness_db": {
        "mean": 0.190478101373
    },
    "barkbands_kurtosis": {
        "mean": 6.20719146729
    },
    "barkbands_skewness": {
        "mean": 1.67796611786
    },
    "barkbands_spread": {
        "mean": 16.0169143677
    },
    "dissonance": {
        "mean": 0.440588951111
    },
    "dynamic_complexity": 3.92225766182,
    "erbbands_crest": {
        "mean": 9.40887355804
    },
    "erbbands_flatness_db": {
        "mean": 0.195606097579
    },
    "erbbands_kurtosis": {
        "mean": 0.94146078825
    },
    "erbbands_skewness": {
        "mean": 0.57763171196
    },
    "erbbands_spread": {
        "mean": 32.0673217773
    },
    "hfc": {
        "mean": 18.3599319458
    },
    "loudness_ebu128": {
        "integrated": -7.63835144043,
        "loudness_range": 6.59793233871,
        "momentary": {
            "mean": -9.71862030029
        },
        "short_term": {
            "mean": -8.96678066254
        }
    },
    "melbands_crest": {
        "mean": 13.2533531189
    },
    "melbands_flatness_db": {
        "mean": 0.274962544441
    },
    "melbands_kurtosis": {
        "mean": 17.4237213135
    },
    "melbands_skewness": {
        "mean": 2.60625815392
    },
    "melbands_spread": {
        "mean": 16.7774982452
    },
    "pitch_salience": {
        "mean": 0.571892678738
    },
    "silence_rate_20dB": {
        "mean": 1
    },
    "silence_rate_30dB": {
        "mean": 0.998944759369
    },
    "silence_rate_60dB": {
        "mean": 0.0694551020861
    },
    "spectral_centroid": {
        "mean": 963.896118164
    },
    "spectral_complexity": {
        "mean": 20.1395816803
    },
    "spectral_decrease": {
        "mean": -7.9171940115e-09
    },
    "spectral_energy": {
        "mean": 0.0315466113389
    },
    "spectral_energyband_high": {
        "mean": 0.000403343437938
    },
    "spectral_energyband_low": {
        "mean": 0.0118730934337
    },
    "spectral_energyband_middle_high": {
        "mean": 0.0062566450797
    },
    "spectral_energyband_middle_low": {
        "mean": 0.0153257772326
    },
    "spectral_entropy": {
        "mean": 7.03610372543
    },
    "spectral_flux": {
        "mean": 0.0794789865613
    },
    "spectral_kurtosis": {
        "mean": 24.8900661469
    },
    "spectral_rms": {
        "mean": 0.00515286345035
    },
    "spectral_rolloff": {
        "mean": 1128.20983887
    },
    "spectral_skewness": {
        "mean": 2.78786683083
    },
    "spectral_spread": {
        "mean": 3692233.5
    },
    "spectral_strongpeak": {
        "mean": 0.874866962433
    },
    "zerocrossingrate": {
        "mean": 0.0427481234074
    },
    "barkbands": {
        "mean": [0.000188850535778, 0.00539048248902, 0.00447120750323, 0.00367923337035, 0.00529996259138, 0.00176328234375, 0.000825878465548, 0.000811924866866, 0.00198543420993, 0.00195555319078, 0.00119551934768, 0.000515815045219, 0.000357253797119, 0.000361553800758, 0.000403930345783, 0.000593212898821, 0.00047130434541, 0.000400000775699, 0.000349730893504, 0.00020642891468, 0.000116298942885, 7.08629086148e-05, 5.13304912602e-05, 4.8309124395e-05, 2.35425268329e-05, 7.79045785748e-06, 1.88437536508e-06]
    },
    "erbbands": {
        "mean": [0.109461471438, 1.38183307648, 4.95083713531, 9.34921264648, 17.4003200531, 16.2480831146, 14.1600980759, 13.1133594513, 12.0696563721, 12.8322048187, 25.0135784149, 48.840675354, 66.2998199463, 58.6272315979, 22.9221096039, 22.0536727905, 18.4410057068, 19.0736923218, 18.8933601379, 25.0493450165, 32.3532524109, 25.4565696716, 21.1078128815, 21.2493839264, 16.0268230438, 8.88133716583, 5.74876880646, 4.02422952652, 2.67394804955, 1.76794612408, 1.48401904106, 1.19155132771, 0.677551746368, 0.343483299017, 0.125020891428, 0.0393392294645, 0.013329022564, 0.00302274315618, 0.000320623337757, 5.09396304551e-05]
    },
    "gfcc": {
        "mean": [-47.8185882568, 129.628936768, -101.903152466, 21.5927734375, -50.9407615662, 5.50445222855, -30.6058216095, 3.39920449257, -24.5235176086, -12.6139736176, -20.1735973358, -7.96657705307, -4.53821277618],
        "cov": [[26551.3769531, -4390.94287109, -3884.00073242, 3322.79638672, -348.368560791, 1987.19677734, -154.930786133, 1759.7578125, -270.43737793, 499.522155762, -376.496917725, 393.553619385, -666.268432617], [-4390.94287109, 3152.66870117, 382.683868408, -1394.60021973, 325.216552734, -706.280456543, -15.1425619125, -714.825073242, 39.9473075867, -313.778167725, 157.652267456, -211.237243652, 288.26739502], [-3884.00073242, 382.683868408, 1717.71447754, -122.907272339, -110.596328735, -136.575332642, 65.5284576416, -269.082672119, 18.3191699982, -64.3185882568, 5.23087739944, 0.579127907753, 145.09715271], [3322.79638672, -1394.60021973, -122.907272339, 1129.86706543, -60.4434242249, 457.017089844, 79.1730270386, 446.602508545, 9.89453125, 130.704666138, -61.2005310059, 117.438491821, -93.9795913696], [-348.368560791, 325.216552734, -110.596328735, -60.4434242249, 338.499755859, 2.15616726875, 48.0760536194, -35.2305221558, 48.4768409729, -12.8298311234, 50.805141449, 6.35497903824, 36.3584365845], [1987.19677734, -706.280456543, -136.575332642, 457.017089844, 2.15616726875, 378.398071289, 81.8514022827, 229.400802612, 3.35262227058, 74.2740707397, -28.6111297607, 70.4401397705, -54.8455886841], [-154.930786133, -15.1425619125, 65.5284576416, 79.1730270386, 48.0760536194, 81.8514022827, 152.249435425, 70.4072341919, 24.8850822449, -19.886932373, -2.70282173157, 10.9011249542, 18.1431903839], [1759.7578125, -714.825073242, -269.082672119, 446.602508545, -35.2305221558, 229.400802612, 70.4072341919, 346.372009277, 42.8617019653, 69.0422897339, -34.2354812622, 46.4755172729, -79.8282852173], [-270.43737793, 39.9473075867, 18.3191699982, 9.89453125, 48.4768409729, 3.35262227058, 24.8850822449, 42.8617019653, 89.4206085205, 28.5101852417, 17.3973178864, -5.81594848633, 1.70200479031], [499.522155762, -313.778167725, -64.3185882568, 130.704666138, -12.8298311234, 74.2740707397, -19.886932373, 69.0422897339, 28.5101852417, 107.476074219, 14.8722076416, 26.1623325348, -48.4378700256], [-376.496917725, 157.652267456, 5.23087739944, -61.2005310059, 50.805141449, -28.6111297607, -2.70282173157, -34.2354812622, 17.3973178864, 14.8722076416, 78.073638916, 13.1232862473, 10.0188446045], [393.553619385, -211.237243652, 0.579127907753, 117.438491821, 6.35497903824, 70.4401397705, 10.9011249542, 46.4755172729, -5.81594848633, 26.1623325348, 13.1232862473, 79.4832382202, 5.65797328949], [-666.268432617, 288.26739502, 145.09715271, -93.9795913696, 36.3584365845, -54.8455886841, 18.1431903839, -79.8282852173, 1.70200479031, -48.4378700256, 10.0188446045, 5.65797328949, 99.003868103]],
        "icov": [[0.000237573389313, -0.000461552408524, 0.000396094983444, -0.000545894668903, 0.000289698771667, -0.000872783479281, 0.000688986619934, -0.000342674087733, 0.000636404904071, -0.000425210979301, 0.000981300720014, -0.000759619055316, 0.000576675054617], [-0.000461552408524, 0.00257835211232, -0.00064765883144, 0.00177007215098, -0.00113102036994, 0.00218442338519, -0.00172009458765, 0.00183766451664, -0.00239129574038, 0.00304245413281, -0.00399504043162, 0.00352755864151, -0.00282926298678], [0.000396094983444, -0.00064765883144, 0.00161467166618, -0.00132786214817, 0.00115467654541, -0.00125580537133, 0.000201977265533, 0.00108156434726, -0.000126014085254, -0.00048514714581, 0.00167323113419, -0.001520518912, 0.000322207371937], [-0.000545894668903, 0.00177007215098, -0.00132786214817, 0.00430040014908, -0.00126419425942, 0.000647641252726, -0.000845200149342, -0.0017997197574, -0.000468470301712, 0.000833083700854, -0.00255816942081, 0.00206546881236, -0.00271609053016], [0.000289698771667, -0.00113102036994, 0.00115467654541, -0.00126419425942, 0.00493042636663, -0.00183346448466, -0.000421223900048, 0.00122766708955, -0.00191986875143, -6.2753133534e-05, -3.09739225486e-05, -0.00217623403296, 0.000720991636626], [-0.000872783479281, 0.00218442338519, -0.00125580537133, 0.000647641252726, -0.00183346448466, 0.0103145008907, -0.00551492674276, 0.000509939040057, -0.000735895067919, -0.000434292276623, -0.00274595827796, 0.00132547214162, -0.0019672610797], [0.000688986619934, -0.00172009458765, 0.000201977265533, -0.000845200149342, -0.000421223900048, -0.00551492674276, 0.0131205702201, -0.00483413645998, 0.000662843114696, 0.00233531929553, 0.00239469110966, -0.00192718871403, 0.000342984567396], [-0.000342674087733, 0.00183766451664, 0.00108156434726, -0.0017997197574, 0.00122766708955, 0.000509939040057, -0.00483413645998, 0.0131903477013, -0.00866541732103, 0.00387443928048, -0.000925738713704, -0.000306585774524, 0.00255857151933], [0.000636404904071, -0.00239129574038, -0.000126014085254, -0.000468470301712, -0.00191986875143, -0.000735895067919, 0.000662843114696, -0.00866541732103, 0.022689467296, -0.0111373383552, 0.00169664539862, 0.00215392676182, -0.00195945659652], [-0.000425210979301, 0.00304245413281, -0.00048514714581, 0.000833083700854, -6.2753133534e-05, -0.000434292276623, 0.00233531929553, 0.00387443928048, -0.0111373383552, 0.0236001182348, -0.00835648458451, -0.000783415162005, 0.00488843303174], [0.000981300720014, -0.00399504043162, 0.00167323113419, -0.00255816942081, -3.09739225486e-05, -0.00274595827796, 0.00239469110966, -0.000925738713704, 0.00169664539862, -0.00835648458451, 0.0245741866529, -0.0105741154402, 0.00466035259888], [-0.000759619055316, 0.00352755864151, -0.001520518912, 0.00206546881236, -0.00217623403296, 0.00132547214162, -0.00192718871403, -0.000306585774524, 0.00215392676182, -0.000783415162005, -0.0105741154402, 0.0250166095793, -0.0103345392272], [0.000576675054617, -0.00282926298678, 0.000322207371937, -0.00271609053016, 0.000720991636626, -0.0019672610797, 0.000342984567396, 0.00255857151933, -0.00195945659652, 0.00488843303174, 0.00466035259888, -0.0103345392272, 0.0223588384688]]
    },
    "melbands": {
        "mean": [0.00125033396762, 0.00236275326461, 0.00186681130435, 0.00124943209812, 0.000530417601112, 0.000306380970869, 0.00018512076349, 0.000137380222441, 0.000223135342821, 0.000317087920848, 0.000324866414303, 0.000233655853663, 0.000104771424958, 4.72870779049e-05, 5.52889687242e-05, 3.84747254429e-05, 3.59538098564e-05, 2.79486121144e-05, 3.36745579261e-05, 4.23873170803e-05, 3.57310964318e-05, 2.77368962998e-05, 2.07446955756e-05, 1.73611842911e-05, 1.72874297277e-05, 1.27151415654e-05, 9.36657670536e-06, 5.06056858285e-06, 3.77879064217e-06, 2.8612873848e-06, 2.1336586542e-06, 1.59767239438e-06, 1.16577484732e-06, 8.96987046417e-07, 8.62016861447e-07, 8.16253418634e-07, 6.90356614541e-07, 4.84731458528e-07, 3.88469544532e-07, 2.58000397935e-07]
    },
    "melbands128": {
        "mean": [0.000179313661647, 0.000700516800862, 0.00157551572192, 0.00252417405136, 0.00263513578102, 0.00210063019767, 0.00185197824612, 0.00184400030412, 0.00186387740541, 0.00131935451645, 0.00080902769696, 0.000609696726315, 0.000467280566227, 0.000433760113083, 0.000283503817627, 0.000263609952526, 0.000219874302275, 0.000144201927469, 0.000195245811483, 0.000122937257402, 0.000125134640257, 0.000118483047117, 0.000291364791337, 0.000258736312389, 0.000281984801404, 0.000408417487051, 0.000199066300411, 0.00044235913083, 0.00029980414547, 0.000131521097501, 0.000313977478072, 0.00023467761639, 4.62603347842e-05, 5.73543766222e-05, 2.99828079733e-05, 4.63396936539e-05, 6.73906906741e-05, 8.14636368887e-05, 2.22554972424e-05, 3.48956455127e-05, 5.77151658945e-05, 1.36684575409e-05, 3.57189310307e-05, 5.01527392771e-05, 2.7988851798e-05, 2.09665322473e-05, 2.98843351629e-05, 4.43228636868e-05, 2.92181230179e-05, 2.01697057491e-05, 5.61672459298e-05, 5.26930380147e-05, 3.03494198306e-05, 3.50217123923e-05, 3.10063333018e-05, 2.85587502731e-05, 2.3031303499e-05, 1.90851442312e-05, 2.21152931772e-05, 2.03065683309e-05, 1.30095741042e-05, 1.70481525856e-05, 2.49620588875e-05, 1.40224274219e-05, 1.23186928249e-05, 1.38195264299e-05, 1.18791776913e-05, 1.08918638944e-05, 9.37225831876e-06, 6.4032078626e-06, 4.38164306615e-06, 5.11700500283e-06, 4.27901159128e-06, 3.41085251421e-06, 3.27277939505e-06, 3.06380115944e-06, 2.64530444838e-06, 2.37990411733e-06, 2.12311624637e-06, 1.79516678145e-06, 1.74886497462e-06, 1.46008721913e-06, 1.27482394419e-06, 1.15186674066e-06, 1.13091243747e-06, 8.21358582925e-07, 8.64915875809e-07, 9.16553460684e-07, 8.76840942965e-07, 7.89979026194e-07, 8.31266447676e-07, 8.5558997398e-07, 7.64054732372e-07, 7.29770817998e-07, 6.30876797914e-07, 4.8548832865e-07, 4.67277260441e-07, 4.35716628999e-07, 4.27576367201e-07, 3.47672340695e-07, 2.84338796064e-07, 2.44779755576e-07, 2.19838426574e-07, 1.91150249407e-07, 1.34783832095e-07, 9.49845855303e-08, 7.95803956066e-08, 7.29763129925e-08, 6.27515817087e-08, 6.00873732992e-08, 5.30392334497e-08, 4.92417377984e-08, 3.7422307031e-08, 3.64123664554e-08, 3.45509931776e-08, 2.67227768802e-08, 2.05373371642e-08, 1.79707129178e-08, 1.22436425443e-08, 8.57919069119e-09, 7.13987269307e-09, 5.29669108573e-09, 4.05686240157e-09, 3.06034397823e-09, 2.37006170245e-09, 2.00091232472e-09, 1.60190705145e-09, 5.40188005438e-10]
    },
    "mfcc": {
        "mean": [-689.428833008, 156.065734863, 9.13200759888, 21.8532314301, 3.82588434219, 0.843041837215, 1.53079855442, 6.79959869385, 3.23385739326, 0.634807884693, -10.5856590271, -9.55467987061, -9.42550182343],
        "cov": [[21674.6367188, -4469.44873047, -2614.17797852, 1178.48291016, 321.933349609, 507.557800293, 826.011962891, 1112.84313965, 578.550109863, 682.21685791, 484.724365234, 758.663757324, 475.68460083], [-4469.44873047, 3519.7644043, 309.811248779, -535.614074707, 48.2561035156, -110.671867371, -228.232925415, -348.170135498, -233.737915039, -278.036346436, -296.908813477, -313.464294434, -154.94178772], [-2614.17797852, 309.811248779, 1387.5045166, 103.80330658, -66.6486587524, 54.0984191895, -74.5610351562, -111.209365845, -13.4054193497, -92.5782470703, -47.7704582214, -133.330932617, -86.3740081787], [1178.48291016, -535.614074707, 103.80330658, 414.170593262, 73.167640686, 66.3779449463, 93.3994750977, 138.329193115, 108.351493835, 78.5783309937, 60.1452255249, 60.1093864441, 42.4188804626], [321.933349609, 48.2561035156, -66.6486587524, 73.167640686, 169.794799805, 56.8693275452, 26.6865615845, 29.2371082306, 21.9608039856, 21.0598011017, 8.81385040283, 22.5670642853, 34.1510620117], [507.557800293, -110.671867371, 54.0984191895, 66.3779449463, 56.8693275452, 176.442886353, 83.6814346313, 53.6567764282, 45.2228317261, 10.2935609818, 20.0098609924, 21.9823913574, 34.3474655151], [826.011962891, -228.232925415, -74.5610351562, 93.3994750977, 26.6865615845, 83.6814346313, 150.524124146, 120.264968872, 59.5140380859, 47.0389060974, 27.2106494904, 43.4713134766, 30.5249996185], [1112.84313965, -348.170135498, -111.209365845, 138.329193115, 29.2371082306, 53.6567764282, 120.264968872, 206.282623291, 108.80657196, 83.6676864624, 43.8076477051, 52.0873908997, 32.8917312622], [578.550109863, -233.737915039, -13.4054193497, 108.351493835, 21.9608039856, 45.2228317261, 59.5140380859, 108.80657196, 124.78175354, 76.0113143921, 25.3925571442, 18.8056125641, 11.0175733566], [682.21685791, -278.036346436, -92.5782470703, 78.5783309937, 21.0598011017, 10.2935609818, 47.0389060974, 83.6676864624, 76.0113143921, 126.294136047, 56.2307090759, 38.4589691162, 13.8454046249], [484.724365234, -296.908813477, -47.7704582214, 60.1452255249, 8.81385040283, 20.0098609924, 27.2106494904, 43.8076477051, 25.3925571442, 56.2307090759, 93.624671936, 63.3626174927, 23.7442436218], [758.663757324, -313.464294434, -133.330932617, 60.1093864441, 22.5670642853, 21.9823913574, 43.4713134766, 52.0873908997, 18.8056125641, 38.4589691162, 63.3626174927, 119.954963684, 70.3584289551], [475.68460083, -154.94178772, -86.3740081787, 42.4188804626, 34.1510620117, 34.3474655151, 30.5249996185, 32.8917312622, 11.0175733566, 13.8454046249, 23.7442436218, 70.3584289551, 91.4126586914]],
        "icov": [[0.000110655251774, 6.08585323789e-05, 0.000184682183317, -0.000187920755707, 5.5909898947e-05, -0.000256563536823, 1.31546958073e-05, -0.000220002737478, 0.000144187695696, -0.000164145065355, 0.000170719009475, -0.000213385297684, 6.67000276735e-05], [6.08585323789e-05, 0.000566456525121, 2.07759749173e-05, 0.000382261729101, -0.000601491192356, 6.88003319738e-06, -4.11147520936e-05, -8.12928556115e-06, 0.000240112189204, 0.000153959932504, 0.000800388574135, 0.000501498521771, 7.83153882367e-05], [0.000184682183317, 2.07759749173e-05, 0.00135580357164, -0.00107725709677, 0.000759589951485, -0.00116314005572, 0.000465149525553, 0.000179349794053, -0.000102093654277, 0.000322060514009, -0.000174697081093, 0.000536231265869, 0.000384722865419], [-0.000187920755707, 0.000382261729101, -0.00107725709677, 0.00487421266735, -0.00212885066867, 0.00129473139532, -0.000980768352747, -0.000622117309831, -0.00206653680652, 0.00067692581797, -0.00086463149637, 0.000269629817922, -0.000630097521935], [5.5909898947e-05, -0.000601491192356, 0.000759589951485, -0.00212885066867, 0.00850549899042, -0.00313263013959, 0.00142934930045, -0.000181903000339, 0.00083961506607, -0.0018101913156, 0.000627487548627, -0.000336894212523, -0.00174794800114], [-0.000256563536823, 6.88003319738e-06, -0.00116314005572, 0.00129473139532, -0.00313263013959, 0.0113791134208, -0.00686590839177, 0.00280619109981, -0.00456208689138, 0.00394565612078, -0.00380290695466, 0.00301932962611, -0.00355925224721], [1.31546958073e-05, -4.11147520936e-05, 0.000465149525553, -0.000980768352747, 0.00142934930045, -0.00686590839177, 0.0172345563769, -0.00877626612782, 0.00346500030719, -0.00223152549006, 0.00319851702079, -0.0031560997013, 0.00172381917946], [-0.000220002737478, -8.12928556115e-06, 0.000179349794053, -0.000622117309831, -0.000181903000339, 0.00280619109981, -0.00877626612782, 0.0159698538482, -0.0089812297374, 0.000316020275932, -0.00172706728335, 0.000536225852557, -0.00114234839566], [0.000144187695696, 0.000240112189204, -0.000102093654277, -0.00206653680652, 0.00083961506607, -0.00456208689138, 0.00346500030719, -0.0089812297374, 0.0221058018506, -0.00979625899345, 0.00465762522072, 0.000426763668656, 0.00127533334307], [-0.000164145065355, 0.000153959932504, 0.000322060514009, 0.00067692581797, -0.0018101913156, 0.00394565612078, -0.00223152549006, 0.000316020275932, -0.00979625899345, 0.0189309064299, -0.00921917054802, 0.00204752618447, 6.26314431429e-05], [0.000170719009475, 0.000800388574135, -0.000174697081093, -0.00086463149637, 0.000627487548627, -0.00380290695466, 0.00319851702079, -0.00172706728335, 0.00465762522072, -0.00921917054802, 0.0250009167939, -0.0129293417558, 0.00574474828318], [-0.000213385297684, 0.000501498521771, 0.000536231265869, 0.000269629817922, -0.000336894212523, 0.00301932962611, -0.0031560997013, 0.000536225852557, 0.000426763668656, 0.00204752618447, -0.0129293417558, 0.0272349957377, -0.0157710872591], [6.67000276735e-05, 7.83153882367e-05, 0.000384722865419, -0.000630097521935, -0.00174794800114, -0.00355925224721, 0.00172381917946, -0.00114234839566, 0.00127533334307, 6.26314431429e-05, 0.00574474828318, -0.0157710872591, 0.0236900448799]]
    },
    "spectral_contrast_coeffs": {
        "mean": [-0.687539041042, -0.749403297901, -0.720564126968, -0.794808149338, -0.811523973942, -0.793789446354]
    },
    "spectral_contrast_valleys": {
        "mean": [-6.49089384079, -6.95300579071, -7.72311210632, -8.18880462646, -8.23569107056, -10.9780416489]
    }
},
"rhythm": {
    "beats_count": 588,
    "beats_loudness": {
        "mean": 0.0352876335382
    },
    "bpm": 146.562438965,
    "bpm_histogram_first_peak_bpm": 148,
    "bpm_histogram_first_peak_weight": 0.398576498032,
    "bpm_histogram_second_peak_bpm": 133,
    "bpm_histogram_second_peak_spread": 0.538461565971,
    "bpm_histogram_second_peak_weight": 0.0102214654908,
    "danceability": 1.11620116234,
    "onset_rate": 2.76008439064,
    "beats_loudness_band_ratio": {
        "mean": [0.454612106085, 0.301030099392, 0.141410276294, 0.106971994042, 0.0597796551883, 0.0296901259571]
    },
    "beats_position": [0.336689323187, 0.708208620548, 1.09133780003, 1.49768710136, 1.90403628349, 2.31038546562, 2.71673464775, 3.12308382988, 3.52943301201, 3.93578219414, 4.34213161469, 4.74848079681, 5.15482997894, 5.56117916107, 5.9675283432, 6.37387752533, 6.78022670746, 7.17496585846, 7.58131504059, 7.98766422272, 8.39401340485, 8.80036258698, 9.19510173798, 9.6014509201, 10.0078001022, 10.4141492844, 10.8204984665, 11.2268476486, 11.6331968307, 12.0395460129, 12.445895195, 12.8522443771, 13.2585935593, 13.6649427414, 14.0712919235, 14.4776411057, 14.8839902878, 15.2903394699, 15.696688652, 16.0914287567, 16.4977779388, 16.904127121, 17.3104763031, 17.7168254852, 18.1231746674, 18.5295238495, 18.9242630005, 19.3422222137, 19.7485713959, 20.154920578, 20.549659729, 20.9560089111, 21.3623580933, 21.7687072754, 22.1750564575, 22.5814056396, 22.9877548218, 23.3941040039, 23.800453186, 24.2068023682, 24.6131515503, 25.0078907013, 25.4142398834, 25.8205890656, 26.2269382477, 26.6332874298, 27.0396366119, 27.4459857941, 27.8523349762, 28.2586841583, 28.6534233093, 29.0597724915, 29.4661216736, 29.8724708557, 30.2788200378, 30.68516922, 31.0915184021, 31.4978675842, 31.9042167664, 32.3105659485, 32.7169151306, 33.1232643127, 33.5296134949, 33.935962677, 34.3423118591, 34.7486610413, 35.1550102234, 35.5497512817, 35.9561004639, 36.362449646, 36.7687988281, 37.1751480103, 37.5814971924, 37.9878463745, 38.3941955566, 38.8005447388, 39.2068939209, 39.613243103, 40.0079803467, 40.4143295288, 40.8206787109, 41.2270278931, 41.6333770752, 42.0397262573, 42.4460754395, 42.8524246216, 43.2587738037, 43.6651229858, 44.071472168, 44.4778213501, 44.8841705322, 45.2789115906, 45.6852607727, 46.0916099548, 46.497959137, 46.9043083191, 47.3106575012, 47.7170066833, 48.111743927, 48.5297050476, 48.9360542297, 49.3424034119, 49.7371406555, 50.1434898376, 50.5498390198, 50.9561882019, 51.362537384, 51.7688865662, 52.1752357483, 52.5931968689, 53.0111541748, 53.4291152954, 53.8354644775, 54.2534217834, 54.6597709656, 55.0777320862, 55.4956893921, 55.9020385742, 56.3083877563, 56.726348877, 57.1443061829, 57.5622673035, 57.9802246094, 58.3865737915, 58.7929229736, 59.1992721558, 59.6056213379, 60.0235824585, 60.4415397644, 60.859500885, 61.2774581909, 61.6954193115, 62.1133766174, 62.5197257996, 62.9260749817, 63.3440361023, 63.7619934082, 64.1799545288, 64.5979156494, 65.0158691406, 65.4222183228, 65.8401794434, 66.2465286255, 66.6644897461, 67.0824508667, 67.4888000488, 67.895149231, 68.3131027222, 68.7310638428, 69.1374130249, 69.543762207, 69.9617233276, 70.3796844482, 70.7976379395, 71.2155990601, 71.6335601807, 72.0399093628, 72.4462585449, 72.8642196655, 73.2821731567, 73.6885223389, 74.094871521, 74.5128326416, 74.9307937622, 75.3487548828, 75.7551040649, 76.1614532471, 76.5794067383, 76.9973678589, 77.403717041, 77.8100662231, 78.2280273438, 78.6459884644, 79.0639419556, 79.4702911377, 79.8766403198, 80.2713851929, 80.677734375, 81.0840835571, 81.4904327393, 81.8967819214, 82.3031311035, 82.7094802856, 83.1158294678, 83.5221786499, 83.928527832, 84.3348770142, 84.7412261963, 85.1475753784, 85.5539245605, 85.9602737427, 86.3666229248, 86.7729721069, 87.1793212891, 87.5856704712, 87.9920196533, 88.3983688354, 88.7931060791, 89.1994552612, 89.6058044434, 90.0121536255, 90.4185028076, 90.8132400513, 91.2312011719, 91.637550354, 92.0438995361, 92.4386367798, 92.8565979004, 93.2629470825, 93.6692962646, 94.0640335083, 94.4703826904, 94.8767318726, 95.2830810547, 95.6894302368, 96.0957794189, 96.5021286011, 96.9084777832, 97.3148269653, 97.7211761475, 98.1275253296, 98.5338745117, 98.9402236938, 99.3349609375, 99.7413101196, 100.147659302, 100.542404175, 100.960357666, 101.366706848, 101.77305603, 102.167800903, 102.574150085, 102.980499268, 103.38684845, 103.793197632, 104.199546814, 104.605895996, 105.023849487, 105.441810608, 105.84815979, 106.254508972, 106.672470093, 107.090431213, 107.496780396, 107.914733887, 108.332695007, 108.739044189, 109.15700531, 109.574966431, 109.992919922, 110.410881042, 110.817230225, 111.223579407, 111.641540527, 112.059501648, 112.46585083, 112.872200012, 113.290153503, 113.708114624, 114.126075745, 114.544036865, 114.950386047, 115.356735229, 115.763084412, 116.169433594, 116.587387085, 117.005348206, 117.423309326, 117.841270447, 118.259223938, 118.66557312, 119.071922302, 119.489883423, 119.907844543, 120.325805664, 120.743759155, 121.161720276, 121.568069458, 121.97441864, 122.392379761, 122.810340881, 123.228294373, 123.646255493, 124.064216614, 124.470565796, 124.876914978, 125.294876099, 125.71282959, 126.13079071, 126.537139893, 126.943489075, 127.361450195, 127.779411316, 128.185760498, 128.592102051, 129.010070801, 129.428024292, 129.845977783, 130.263946533, 130.670288086, 131.076644897, 131.494598389, 131.912567139, 132.33052063, 132.748474121, 133.154830933, 133.561172485, 133.979141235, 134.397094727, 134.815048218, 135.221405029, 135.627746582, 136.045715332, 136.463668823, 136.881637573, 137.287979126, 137.705932617, 138.112289429, 138.53024292, 138.94821167, 139.366165161, 139.772521973, 140.178863525, 140.596817017, 141.014785767, 141.432739258, 141.850692749, 142.257049561, 142.663391113, 143.081359863, 143.499313354, 143.917282104, 144.323623657, 144.729980469, 145.14793396, 145.565887451, 145.972244263, 146.390197754, 146.808166504, 147.214508057, 147.632461548, 148.050430298, 148.468383789, 148.886352539, 149.292694092, 149.699050903, 150.117004395, 150.523345947, 150.929702759, 151.34765625, 151.765625, 152.183578491, 152.601531982, 153.019500732, 153.437454224, 153.855422974, 154.261764526, 154.679718018, 155.086074829, 155.50402832, 155.910385132, 156.328338623, 156.746307373, 157.152648926, 157.570602417, 157.976959229, 158.383300781, 158.801269531, 159.219223022, 159.637191772, 160.055145264, 160.473098755, 160.891067505, 161.297409058, 161.703765869, 162.12171936, 162.539672852, 162.957641602, 163.375595093, 163.781951904, 164.188293457, 164.594650269, 165.01260376, 165.430557251, 165.836914062, 166.243255615, 166.649612427, 167.067565918, 167.485534668, 167.903488159, 168.32144165, 168.7394104, 169.157363892, 169.575332642, 169.993286133, 170.399627686, 170.805984497, 171.223937988, 171.641906738, 172.059860229, 172.466217041, 172.884170532, 173.290512085, 173.708480835, 174.126434326, 174.532791138, 174.93913269, 175.35710144, 175.775054932, 176.193008423, 176.610977173, 177.017318726, 177.435287476, 177.841629028, 178.25958252, 178.665939331, 179.083892822, 179.490249634, 179.908203125, 180.314559937, 180.732513428, 181.150466919, 181.55682373, 181.974777222, 182.392745972, 182.799087524, 183.217056274, 183.623397827, 184.041351318, 184.459320068, 184.865661621, 185.272018433, 185.678359985, 186.084716797, 186.479446411, 186.897415161, 187.303756714, 187.710113525, 188.10484314, 188.511199951, 188.917541504, 189.323898315, 189.730239868, 190.13659668, 190.542938232, 190.949295044, 191.355636597, 191.761993408, 192.168334961, 192.574691772, 192.981033325, 193.375778198, 193.78213501, 194.188476562, 194.594833374, 195.001174927, 195.407531738, 195.813873291, 196.208618164, 196.626571655, 197.032928467, 197.43927002, 197.834014893, 198.251968384, 198.646713257, 199.05305481, 199.459411621, 199.865753174, 200.272109985, 200.678451538, 201.08480835, 201.491149902, 201.897506714, 202.303848267, 202.710205078, 203.104934692, 203.511291504, 203.917633057, 204.323989868, 204.730331421, 205.136688232, 205.543029785, 205.937774658, 206.355728149, 206.762084961, 207.168426514, 207.563171387, 207.969512939, 208.375869751, 208.782211304, 209.188568115, 209.606521606, 210.024490356, 210.454055786, 210.883621216, 211.371246338, 211.858856201, 212.358093262, 212.79927063, 213.22883606, 213.658401489, 214.064758301, 214.471099854, 214.865844727, 215.272201538, 215.678543091, 216.084899902, 216.491241455, 216.897598267, 217.292327881, 217.687072754, 218.093414307, 218.499771118, 218.917724609, 219.324081421, 219.730422974, 220.136779785, 220.543121338, 220.961090088, 221.367431641, 221.773788452, 222.180130005, 222.574874878, 222.981216431, 223.387573242, 223.793914795, 224.188659668, 224.595001221, 225.001358032, 225.407699585, 225.814056396, 226.232009888, 226.649978638, 227.067932129, 227.451065063, 227.845794678, 228.228927612, 228.612060547, 229.030014038, 229.447982788, 229.854324341, 230.260681152, 230.667022705, 231.084991455, 231.491333008, 231.897689819, 232.315643311, 232.733596802, 233.151565552, 233.557907104, 233.964263916, 234.370605469, 234.77696228, 235.171691895, 235.589660645, 236.007614136, 236.448791504, 236.889968872, 237.33114624, 237.795547485, 238.248336792, 238.701126099, 239.153915405, 239.606704712, 240.059494019, 240.523895264, 240.97668457, 241.441085815],
    "bpm_histogram": [0, 0, 0, 0, 0, 0, 0, 0, 0, 0, 0, 0, 0, 0, 0, 0, 0, 0, 0, 0, 0, 0, 0, 0, 0, 0, 0, 0, 0, 0, 0, 0, 0, 0, 0, 0, 0, 0, 0, 0, 0, 0, 0, 0, 0, 0, 0, 0, 0, 0, 0, 0, 0, 0, 0, 0, 0, 0, 0, 0, 0, 0, 0, 0, 0, 0, 0, 0, 0, 0, 0, 0, 0, 0, 0, 0, 0, 0, 0, 0, 0, 0, 0, 0, 0, 0, 0, 0, 0, 0, 0, 0, 0, 0, 0, 0, 0, 0, 0, 0, 0, 0, 0, 0, 0, 0, 0, 0, 0, 0, 0, 0, 0, 0, 0, 0, 0, 0, 0, 0, 0.00170357746538, 0, 0, 0.00340715493076, 0, 0, 0, 0, 0, 0.00511073274538, 0, 0, 0, 0.0102214654908, 0, 0, 0.00681430986151, 0, 0, 0, 0.00681430986151, 0, 0, 0, 0.320272564888, 0, 0, 0, 0.575809180737, 0, 0, 0, 0.0613287910819, 0, 0, 0, 0, 0.00681430986151, 0, 0, 0, 0.00170357746538, 0, 0, 0, 0, 0, 0, 0, 0, 0, 0, 0, 0, 0, 0, 0, 0, 0, 0, 0, 0, 0, 0, 0, 0, 0, 0, 0, 0, 0, 0, 0, 0, 0, 0, 0, 0, 0, 0, 0, 0, 0, 0, 0, 0, 0, 0, 0, 0, 0, 0, 0, 0, 0, 0, 0, 0, 0, 0, 0, 0, 0, 0, 0, 0, 0, 0, 0, 0, 0, 0, 0, 0, 0, 0, 0, 0, 0, 0, 0, 0, 0, 0, 0, 0, 0, 0, 0, 0]
},
"tonal": {
    "chords_changes_rate": 0.0379819683731,
    "chords_number_rate": 0.00115096871741,
    "chords_strength": {
        "mean": 0.526711940765
    },
    "hpcp_crest": {
        "mean": 15.6030731201
    },
    "hpcp_entropy": {
        "mean": 1.7335036993
    },
    "key_edma": {
        "strength": 0.785981237888,
        "key": "Ab",
        "scale": "major"
    },
    "key_krumhansl": {
        "strength": 0.780225038528,
        "key": "Ab",
        "scale": "major"
    },
    "key_temperley": {
        "strength": 0.773330688477,
        "key": "Ab",
        "scale": "major"
    },
    "tuning_diatonic_strength": 0.619199216366,
    "tuning_equal_tempered_deviation": 0.0105752386153,
    "tuning_frequency": 440.254241943,
    "tuning_nontempered_energy_ratio": 0.637765884399,
    "hpcp": {
        "mean": [0.0428444631398, 0.0346563868225, 0.116560675204, 0.229294031858, 0.156569346786, 0.0428166128695, 0.0306821838021, 0.037334240973, 0.173996061087, 0.262660592794, 0.133820235729, 0.0423657484353, 0.0345887616277, 0.0294677168131, 0.0471291951835, 0.0809278488159, 0.0925706252456, 0.249154284596, 0.383054494858, 0.212630882859, 0.0681946501136, 0.0649987906218, 0.0716365948319, 0.188387870789, 0.258786737919, 0.133935958147, 0.0429671779275, 0.0381509326398, 0.045701276511, 0.199269920588, 0.31863167882, 0.181687787175, 0.133475869894, 0.209317266941, 0.149765074253, 0.0639177560806]
    },
    "chords_histogram": [27.7958946228, 28.8893146515, 21.388835907, 6.23441410065, 8.3061580658, 0.0767312496901, 0.23019374907, 0, 0.268559366465, 0, 0.690581262112, 0.0191828124225, 0, 0, 0, 0, 0, 0.46038749814, 0, 0.479570299387, 0, 0.134279683232, 0.30692499876, 4.71897172928],
    "thpcp": [1, 0.555093050003, 0.178028583527, 0.16968549788, 0.187014102936, 0.491804361343, 0.675587236881, 0.34965249896, 0.112169884145, 0.099596619606, 0.119307503104, 0.520213007927, 0.831818163395, 0.474313169718, 0.348451375961, 0.546442508698, 0.390975892544, 0.16686335206, 0.111849524081, 0.0904737785459, 0.304292678833, 0.598593771458, 0.408739089966, 0.111776821315, 0.0800987407565, 0.097464568913, 0.454233169556, 0.68570035696, 0.349350392818, 0.110599793494, 0.0902972370386, 0.0769282653928, 0.123035222292, 0.211269810796, 0.241664379835, 0.650440812111],
    "chords_key": "C",
    "chords_scale": "minor"
}
}