{
"metadata": {
    "version": {
        "essentia": "2.1-beta6-dev",
        "essentia_git_sha": "v2.1_beta5-1177-g1d1cc983",
        "extractor": "music 2.0"
    },
    "audio_properties": {
        "analysis": {
            "equal_loudness": 0,
            "length": 216.106369019,
            "sample_rate": 44100,
            "start_time": 0,
            "downmix": "mix"
        },
        "bit_rate": 1411200,
        "length": 216.106369019,
        "lossless": 1,
        "number_channels": 2,
        "replay_gain": -13.959482193,
        "sample_rate": 44100,
        "codec": "pcm_s16le",
        "md5_encoded": "1bb75e0cec28ad4c4a25254dc359db51"
    },
    "tags": {
        "file_name": "05 - All Get Out - Son of Mine.wav",
        "album": ["The Season"],
        "albumartist": ["All Get Out"],
        "artist": ["All Get Out"],
        "copyright": ["2011 All Get Out and Many Hats Distribution 2011 All Get Out and Many Hats Distribution"],
        "date": ["2011"],
        "discnumber": ["1"],
        "disctotal": ["1"],
        "genre": ["Alternative & Indie"],
        "isrc": ["US3DF1112372"],
        "title": ["Son of Mine"],
        "tracknumber": ["5"],
        "tracktotal": ["10"]
    }
},
"lowlevel": {
    "average_loudness": 0.882659435272,
    "barkbands_crest": {
        "mean": 9.9382982254
    },
    "barkbands_flatness_db": {
        "mean": 0.133249536157
    },
    "barkbands_kurtosis": {
        "mean": 4.22293138504
    },
    "barkbands_skewness": {
        "mean": 1.42461276054
    },
    "barkbands_spread": {
        "mean": 22.1348209381
    },
    "dissonance": {
        "mean": 0.460456341505
    },
    "dynamic_complexity": 4.22255325317,
    "erbbands_crest": {
        "mean": 8.58635520935
    },
    "erbbands_flatness_db": {
        "mean": 0.161155700684
    },
    "erbbands_kurtosis": {
        "mean": 0.267937302589
    },
    "erbbands_skewness": {
        "mean": 0.327452719212
    },
    "erbbands_spread": {
        "mean": 36.3067131042
    },
    "hfc": {
        "mean": 22.1484241486
    },
    "loudness_ebu128": {
        "integrated": -8.41517353058,
        "loudness_range": 6.48878860474,
        "momentary": {
            "mean": -10.7036314011
        },
        "short_term": {
            "mean": -10.2443008423
        }
    },
    "melbands_crest": {
        "mean": 14.085398674
    },
    "melbands_flatness_db": {
        "mean": 0.198632761836
    },
    "melbands_kurtosis": {
        "mean": 10.9816827774
    },
    "melbands_skewness": {
        "mean": 2.33668327332
    },
    "melbands_spread": {
        "mean": 23.425699234
    },
    "pitch_salience": {
        "mean": 0.543695211411
    },
    "silence_rate_20dB": {
        "mean": 1
    },
    "silence_rate_30dB": {
        "mean": 0.997636437416
    },
    "silence_rate_60dB": {
        "mean": 0.110442630947
    },
    "spectral_centroid": {
        "mean": 1329.84033203
    },
    "spectral_complexity": {
        "mean": 21.775138855
    },
    "spectral_decrease": {
        "mean": -7.40688888001e-09
    },
    "spectral_energy": {
        "mean": 0.0299643892795
    },
    "spectral_energyband_high": {
        "mean": 0.000832140853163
    },
    "spectral_energyband_low": {
        "mean": 0.0126797836274
    },
    "spectral_energyband_middle_high": {
        "mean": 0.00676725804806
    },
    "spectral_energyband_middle_low": {
        "mean": 0.0109641319141
    },
    "spectral_entropy": {
        "mean": 7.54285383224
    },
    "spectral_flux": {
        "mean": 0.0816419795156
    },
    "spectral_kurtosis": {
        "mean": 6.34032917023
    },
    "spectral_rms": {
        "mean": 0.00488212518394
    },
    "spectral_rolloff": {
        "mean": 1382.5144043
    },
    "spectral_skewness": {
        "mean": 1.68709337711
    },
    "spectral_spread": {
        "mean": 4255718
    },
    "spectral_strongpeak": {
        "mean": 0.848189294338
    },
    "zerocrossingrate": {
        "mean": 0.0562308728695
    },
    "barkbands": {
        "mean": [0.000189408980077, 0.00677083618939, 0.00452120043337, 0.00206320988946, 0.00219824747182, 0.00161215150729, 0.00174049148336, 0.00177356088534, 0.00143680744804, 0.00144989881665, 0.00070989492815, 0.000858423998579, 0.000792400736827, 0.000490701408125, 0.000534694758244, 0.000460311071947, 0.000477091409266, 0.000392878690036, 0.000503614603076, 0.000254225364188, 0.000169086968526, 0.000187068406376, 0.000162302720128, 0.000107378698885, 7.52321575419e-05, 2.89560266538e-05, 4.2156480049e-06]
    },
    "erbbands": {
        "mean": [0.182050898671, 1.58618283272, 4.96832466125, 6.49531316757, 6.08095407486, 7.4485244751, 12.8721160889, 12.5403718948, 18.8867607117, 33.6350021362, 39.2278785706, 34.7096138, 32.9953613281, 43.2898674011, 35.2803115845, 31.675567627, 38.8403701782, 25.8578987122, 29.5505409241, 26.7662353516, 26.108877182, 26.8327827454, 22.1138305664, 21.6705760956, 24.9108562469, 11.8642644882, 6.97108030319, 7.00171422958, 6.61245632172, 5.82416200638, 4.26299190521, 2.67615818977, 1.6252156496, 0.89611685276, 0.501670598984, 0.183428019285, 0.0408980324864, 0.00725148385391, 0.000742183066905, 7.18830851838e-05]
    },
    "gfcc": {
        "mean": [-9.91642570496, 100.457260132, -122.740211487, 23.8818397522, -55.006313324, 9.97328662872, -35.1996612549, 11.9109020233, -20.3923606873, 0.307476401329, -11.7514619827, -1.85636162758, -11.861114502],
        "cov": [[16085.5048828, -3713.20043945, 1174.68664551, 2027.47607422, -821.029052734, 1439.11608887, 36.3153648376, 456.581329346, -874.712463379, 235.470230103, -411.861053467, -159.617599487, -666.885681152], [-3713.20043945, 1872.56884766, -560.359558105, -518.686706543, 354.742706299, -540.192138672, 108.032157898, -214.175949097, 241.397735596, -96.007522583, 203.564926147, -26.392824173, 252.888366699], [1174.68664551, -560.359558105, 707.521728516, 273.836730957, -70.9032363892, 275.401062012, -13.3920888901, 115.473365784, -77.9167785645, 67.6397094727, -38.2870254517, 44.0129165649, -84.9579315186], [2027.47607422, -518.686706543, 273.836730957, 626.231140137, -25.9495544434, 238.704986572, 22.8707675934, 56.7693481445, -79.6225357056, 44.3339538574, -41.2184104919, -16.4460697174, -79.439704895], [-821.029052734, 354.742706299, -70.9032363892, -25.9495544434, 301.396942139, -87.3529205322, 54.1296310425, -17.744134903, 76.5881881714, 14.8295927048, 17.7400665283, 17.3893451691, 72.3039627075], [1439.11608887, -540.192138672, 275.401062012, 238.704986572, -87.3529205322, 408.153625488, 84.7106246948, 147.155487061, -47.5907745361, 55.0710144043, -8.37005710602, 13.5965585709, -101.326644897], [36.3153648376, 108.032157898, -13.3920888901, 22.8707675934, 54.1296310425, 84.7106246948, 210.68951416, 64.5302734375, 32.2554893494, 21.9932003021, 34.2383804321, 6.35828208923, -22.0436172485], [456.581329346, -214.175949097, 115.473365784, 56.7693481445, -17.744134903, 147.155487061, 64.5302734375, 242.652740479, 20.7500476837, 40.6928482056, 45.7386627197, 9.05953598022, -34.8083496094], [-874.712463379, 241.397735596, -77.9167785645, -79.6225357056, 76.5881881714, -47.5907745361, 32.2554893494, 20.7500476837, 175.598495483, 34.4441719055, 27.33943367, 15.7814044952, 44.353767395], [235.470230103, -96.007522583, 67.6397094727, 44.3339538574, 14.8295927048, 55.0710144043, 21.9932003021, 40.6928482056, 34.4441719055, 100.356285095, 26.1603546143, 13.3166856766, -9.29081058502], [-411.861053467, 203.564926147, -38.2870254517, -41.2184104919, 17.7400665283, -8.37005710602, 34.2383804321, 45.7386627197, 27.33943367, 26.1603546143, 147.609802246, 27.9400405884, 30.2789020538], [-159.617599487, -26.392824173, 44.0129165649, -16.4460697174, 17.3893451691, 13.5965585709, 6.35828208923, 9.05953598022, 15.7814044952, 13.3166856766, 27.9400405884, 82.9426269531, 30.4356460571], [-666.885681152, 252.888366699, -84.9579315186, -79.439704895, 72.3039627075, -101.326644897, -22.0436172485, -34.8083496094, 44.353767395, -9.29081058502, 30.2789020538, 30.4356460571, 124.561447144]],
        "icov": [[0.000230982841458, -1.55871694005e-05, 0.000183821946848, -0.000489385507535, 0.000301941239741, -0.000273525423836, 1.26128552438e-05, -0.000283885019599, 0.00087715825066, -0.000676065974403, 0.000549123971723, -3.00016527035e-05, 0.000117779105494], [-1.55871694005e-05, 0.00328318937682, -0.000446273596026, 0.00100402184762, -0.00170606037136, 0.00186246447265, -0.00240052863955, 0.00236629112624, -0.00259040645324, 0.00320016569458, -0.00460480572656, 0.00381089071743, -0.00232206680812], [0.000183821946848, -0.000446273596026, 0.00262674340047, -0.000973187212367, 0.000344936357578, -0.00138462742325, 0.00110288814176, -0.00112265965436, 0.00171888899058, -0.00194941973314, 0.00174515787512, -0.00213509239256, 0.000956017931458], [-0.000489385507535, 0.00100402184762, -0.000973187212367, 0.00367969553918, -0.00160518172197, -3.80185565518e-06, -0.000625424378086, 0.00156062445603, -0.00191540364176, 0.001795238466, -0.00228997529484, 0.00199264846742, -0.000835722370539], [0.000301941239741, -0.00170606037136, 0.000344936357578, -0.00160518172197, 0.00596554577351, -0.000207898177905, -0.000465084449388, -0.00149210076779, 0.00135385373142, -0.00312301283702, 0.00356523459777, -0.00210563396104, -0.000906570872758], [-0.000273525423836, 0.00186246447265, -0.00138462742325, -3.80185565518e-06, -0.000207898177905, 0.00705553498119, -0.00313954963349, -0.000234203311265, -0.00198707845993, 0.00157497113105, -0.00259790592827, 0.000844979134854, 0.000296679325402], [1.26128552438e-05, -0.00240052863955, 0.00110288814176, -0.000625424378086, -0.000465084449388, -0.00313954963349, 0.00838633906096, -0.00242229597643, 0.00113320746459, -0.00207618367858, 0.00217081652954, -0.00310974498279, 0.0034915690776], [-0.000283885019599, 0.00236629112624, -0.00112265965436, 0.00156062445603, -0.00149210076779, -0.000234203311265, -0.00242229597643, 0.00824359524995, -0.0040250569582, 0.00286154029891, -0.00589448958635, 0.00352695421316, -0.00132609333377], [0.00087715825066, -0.00259040645324, 0.00171888899058, -0.00191540364176, 0.00135385373142, -0.00198707845993, 0.00113320746459, -0.0040250569582, 0.0135146258399, -0.00830528140068, 0.00617344584316, -0.00353888096288, 0.000511868973263], [-0.000676065974403, 0.00320016569458, -0.00194941973314, 0.001795238466, -0.00312301283702, 0.00157497113105, -0.00207618367858, 0.00286154029891, -0.00830528140068, 0.0185164492577, -0.00835081003606, 0.00320816086605, -0.00119060103316], [0.000549123971723, -0.00460480572656, 0.00174515787512, -0.00228997529484, 0.00356523459777, -0.00259790592827, 0.00217081652954, -0.00589448958635, 0.00617344584316, -0.00835081003606, 0.0166826359928, -0.00766195962206, 0.00156850880012], [-3.00016527035e-05, 0.00381089071743, -0.00213509239256, 0.00199264846742, -0.00210563396104, 0.000844979134854, -0.00310974498279, 0.00352695421316, -0.00353888096288, 0.00320816086605, -0.00766195962206, 0.0203296076506, -0.00734362984076], [0.000117779105494, -0.00232206680812, 0.000956017931458, -0.000835722370539, -0.000906570872758, 0.000296679325402, 0.0034915690776, -0.00132609333377, 0.000511868973263, -0.00119060103316, 0.00156850880012, -0.00734362984076, 0.0156490541995]]
    },
    "melbands": {
        "mean": [0.00176151306368, 0.0023919721134, 0.00111126818229, 0.000475751934573, 0.00042893103091, 0.000283528584987, 0.000304659712128, 0.000391265348298, 0.000306742673274, 0.000200141890673, 0.000170411163708, 0.000189684928046, 0.000117504539958, 0.000102308200439, 8.02900467534e-05, 7.37820810173e-05, 4.42332930106e-05, 4.7739562433e-05, 3.47059321939e-05, 3.24594475387e-05, 3.0392260669e-05, 2.8471224141e-05, 2.25767798838e-05, 1.85805438377e-05, 1.68082406162e-05, 2.12837348954e-05, 1.29926856971e-05, 6.59779152556e-06, 4.43112776338e-06, 4.05129503633e-06, 4.00975613957e-06, 3.73916645913e-06, 3.56531018042e-06, 3.1992658478e-06, 2.5076201382e-06, 2.17579895434e-06, 1.41256214192e-06, 1.16986336707e-06, 9.21173693769e-07, 6.99983843333e-07]
    },
    "melbands128": {
        "mean": [0.000177639012691, 0.00130339292809, 0.0024541344028, 0.00260523566976, 0.0026601261925, 0.00207728194073, 0.00136948749423, 0.000928417604882, 0.000528272648808, 0.000497723347507, 0.000384906074032, 0.00038733574911, 0.000459839036921, 0.000459023809526, 0.000305551599013, 0.000164885117556, 0.000203117262572, 0.000382667843951, 0.000322149513522, 0.000405793951359, 0.000383805250749, 0.000502703827806, 0.000187156925676, 0.000263659225311, 0.000301777530694, 0.000109119951958, 0.000150246138219, 0.00010816231952, 0.000273297919193, 0.000271649681963, 0.000114627298899, 0.000107876170659, 0.000158012961037, 6.25636457698e-05, 0.000153862696607, 9.50321045821e-05, 5.93706135987e-05, 6.20430146228e-05, 0.000117189199955, 9.4268056273e-05, 5.14692983415e-05, 6.2944025558e-05, 4.47831334895e-05, 2.8868102163e-05, 5.02546936332e-05, 5.04728013766e-05, 5.44745344087e-05, 2.08834189834e-05, 2.9872477171e-05, 5.29374519829e-05, 2.46210638579e-05, 2.13385410461e-05, 3.9605271013e-05, 2.75215606962e-05, 2.71008193522e-05, 3.30699404003e-05, 2.30708810705e-05, 2.72631441476e-05, 2.06682889257e-05, 1.72142845258e-05, 2.04046482395e-05, 1.82839412446e-05, 1.35167665576e-05, 1.53138644237e-05, 2.37688727793e-05, 2.23551905947e-05, 2.035666148e-05, 1.62753058248e-05, 1.05305653051e-05, 9.62801004789e-06, 6.33055560684e-06, 5.40450992048e-06, 5.20685807714e-06, 4.39147697762e-06, 3.21261791214e-06, 3.91189951188e-06, 4.69068572784e-06, 3.99699047193e-06, 3.92847186959e-06, 3.8787734411e-06, 3.97788608097e-06, 3.42185285263e-06, 3.77613037017e-06, 3.7070271901e-06, 3.43809028891e-06, 2.72527927336e-06, 3.5193822896e-06, 3.30527836923e-06, 2.18340073843e-06, 2.1036103135e-06, 2.51644428317e-06, 2.15380282498e-06, 1.73860996711e-06, 1.31534523007e-06, 1.33117896439e-06, 1.13742510166e-06, 1.17848776426e-06, 1.15767852549e-06, 9.06210686935e-07, 8.37838854295e-07, 7.28340012301e-07, 6.50131880775e-07, 7.14553891612e-07, 6.17174919171e-07, 6.4518627596e-07, 3.98350408659e-07, 5.60486512313e-07, 4.13759806861e-07, 2.94023038805e-07, 2.08784584288e-07, 1.78710678256e-07, 1.57950580615e-07, 1.0882167345e-07, 9.69368798565e-08, 6.94197908047e-08, 7.09155045797e-08, 4.30976925259e-08, 4.2278220036e-08, 2.60963712861e-08, 2.08943724544e-08, 1.57174611104e-08, 1.5290563482e-08, 1.13026370485e-08, 8.15127521037e-09, 4.98044316899e-09, 3.09943715138e-09, 1.89052351551e-09, 6.43424313829e-10]
    },
    "mfcc": {
        "mean": [-649.13104248, 130.170349121, -6.1224822998, 16.3759708405, 3.20412635803, -1.82790470123, -0.225848406553, 5.25743246078, -1.97458314896, 2.54916381836, 1.48885178566, -0.552054822445, 2.12022733688],
        "cov": [[14226.5820312, -3188.74755859, 938.261535645, 966.306213379, -233.97203064, 843.966308594, 687.154541016, 421.221862793, -128.418487549, 262.052398682, 142.872924805, -86.5019302368, -8.20612716675], [-3188.74755859, 1703.7154541, -511.008911133, -173.39289856, 41.8820152283, -286.156158447, -116.21169281, -173.363998413, -11.1432275772, -83.2946548462, -53.6884384155, -2.30595827103, -0.855943202972], [938.261535645, -511.008911133, 580.121765137, 74.419960022, 4.81069755554, 140.805236816, 74.3685760498, 105.811286926, -14.3697452545, 29.6079101562, 50.1917991638, 28.3476657867, 28.5248813629], [966.306213379, -173.39289856, 74.419960022, 374.389556885, 74.2099380493, 95.9772262573, 62.1934356689, 2.79399800301, 12.2235584259, 6.10712146759, 6.70272016525, -10.0405721664, 10.9868869781], [-233.97203064, 41.8820152283, 4.81069755554, 74.2099380493, 195.778305054, 4.51228666306, -19.6385860443, -22.8398551941, 27.3825187683, 2.09748697281, -15.2456922531, -2.46150279045, 5.79495286942], [843.966308594, -286.156158447, 140.805236816, 95.9772262573, 4.51228666306, 263.211486816, 56.7662582397, 46.8088150024, 32.1997146606, 15.7711753845, 29.7353343964, 12.487988472, 7.56457519531], [687.154541016, -116.21169281, 74.3685760498, 62.1934356689, -19.6385860443, 56.7662582397, 222.724227905, 100.131568909, -12.1765460968, 44.5854873657, 54.531917572, 25.2076778412, 24.1184253693], [421.221862793, -173.363998413, 105.811286926, 2.79399800301, -22.8398551941, 46.8088150024, 100.131568909, 175.989364624, 27.6779022217, 47.3932571411, 54.7926902771, 32.461971283, 17.1001186371], [-128.418487549, -11.1432275772, -14.3697452545, 12.2235584259, 27.3825187683, 32.1997146606, -12.1765460968, 27.6779022217, 125.274551392, 40.5070915222, 14.474609375, 10.3653039932, 9.84444236755], [262.052398682, -83.2946548462, 29.6079101562, 6.10712146759, 2.09748697281, 15.7711753845, 44.5854873657, 47.3932571411, 40.5070915222, 120.391212463, 51.6915016174, 26.1101207733, 24.102602005], [142.872924805, -53.6884384155, 50.1917991638, 6.70272016525, -15.2456922531, 29.7353343964, 54.531917572, 54.7926902771, 14.474609375, 51.6915016174, 105.34173584, 47.1868095398, 20.8971176147], [-86.5019302368, -2.30595827103, 28.3476657867, -10.0405721664, -2.46150279045, 12.487988472, 25.2076778412, 32.461971283, 10.3653039932, 26.1101207733, 47.1868095398, 93.3424835205, 46.7394485474], [-8.20612716675, -0.855943202972, 28.5248813629, 10.9868869781, 5.79495286942, 7.56457519531, 24.1184253693, 17.1001186371, 9.84444236755, 24.102602005, 20.8971176147, 46.7394485474, 90.8958053589]],
        "icov": [[0.000183850817848, 0.000260305707343, 6.0136862885e-05, -0.00031697502709, 0.000231279322179, -0.000209009580431, -0.000257410516497, -2.9344791983e-05, 0.000294396770187, -0.000288564799121, 0.00011542973516, 0.000217204811634, 2.1369984097e-05], [0.000260305707343, 0.00133529771119, 0.000697592331562, -0.000193806641619, 3.97007825086e-05, 0.000333596341079, -0.000558992207516, 0.00048178533325, 0.000193867337657, 0.000196873210371, -0.000165981342434, 9.73741553025e-05, -0.000217137363506], [6.0136862885e-05, 0.000697592331562, 0.00269019417465, -0.000131235676236, -0.000338284880854, -0.000730747531634, 0.000126718514366, -0.000979276606813, 0.000996005139314, 0.0001320746087, -0.00050169887254, 6.60255609546e-05, -0.000644889718387], [-0.00031697502709, -0.000193806641619, -0.000131235676236, 0.00406118901446, -0.00175164628308, -0.000490675447509, -0.000734807632398, 0.000909350754227, -0.000731904932763, 0.000861737236846, -0.000483112438815, 0.000451801228337, -0.000574225676246], [0.000231279322179, 3.97007825086e-05, -0.000338284880854, -0.00175164628308, 0.00635901838541, -5.96335776208e-05, 7.69935868448e-05, 0.000541672750842, -0.000980465789326, -0.000786020420492, 0.00119324261323, -0.000143511249917, -6.95587004884e-05], [-0.000209009580431, 0.000333596341079, -0.000730747531634, -0.000490675447509, -5.96335776208e-05, 0.00575905106962, -0.000592222902924, 0.000395835319068, -0.00214708573185, 0.00137110787909, -0.000857873761561, -0.000606891640928, 0.000258359330473], [-0.000257410516497, -0.000558992207516, 0.000126718514366, -0.000734807632398, 7.69935868448e-05, -0.000592222902924, 0.00778964720666, -0.00378501461819, 0.00207006162964, -0.00103109586053, -0.00153083738405, 0.000271402095677, -0.00102831888944], [-2.9344791983e-05, 0.00048178533325, -0.000979276606813, 0.000909350754227, 0.000541672750842, 0.000395835319068, -0.00378501461819, 0.0101125864312, -0.00267190090381, -0.000272210745607, -0.00171353109181, -0.0012241601944, 0.000618643069174], [0.000294396770187, 0.000193867337657, 0.000996005139314, -0.000731904932763, -0.000980465789326, -0.00214708573185, 0.00207006162964, -0.00267190090381, 0.0113302357495, -0.00412521744147, 0.000413169094827, 0.000444024830358, -0.000457666144939], [-0.000288564799121, 0.000196873210371, 0.0001320746087, 0.000861737236846, -0.000786020420492, 0.00137110787909, -0.00103109586053, -0.000272210745607, -0.00412521744147, 0.0132296802476, -0.00511373858899, 0.000269574084086, -0.00193325709552], [0.00011542973516, -0.000165981342434, -0.00050169887254, -0.000483112438815, 0.00119324261323, -0.000857873761561, -0.00153083738405, -0.00171353109181, 0.000413169094827, -0.00511373858899, 0.0166645329446, -0.00659117987379, 0.00181786180474], [0.000217204811634, 9.73741553025e-05, 6.60255609546e-05, 0.000451801228337, -0.000143511249917, -0.000606891640928, 0.000271402095677, -0.0012241601944, 0.000444024830358, 0.000269574084086, -0.00659117987379, 0.0185880847275, -0.00799927208573], [2.1369984097e-05, -0.000217137363506, -0.000644889718387, -0.000574225676246, -6.95587004884e-05, 0.000258359330473, -0.00102831888944, 0.000618643069174, -0.000457666144939, -0.00193325709552, 0.00181786180474, -0.00799927208573, 0.0156702566892]]
    },
    "spectral_contrast_coeffs": {
        "mean": [-0.690061092377, -0.736855685711, -0.746821165085, -0.781448602676, -0.777589559555, -0.770283579826]
    },
    "spectral_contrast_valleys": {
        "mean": [-6.94269323349, -6.67661476135, -7.43024587631, -7.66058921814, -7.74240636826, -10.4803247452]
    }
},
"rhythm": {
    "beats_count": 446,
    "beats_loudness": {
        "mean": 0.0414750576019
    },
    "bpm": 124.944694519,
    "bpm_histogram_first_peak_bpm": 126,
    "bpm_histogram_first_peak_weight": 0.39849627018,
    "bpm_histogram_second_peak_bpm": 120,
    "bpm_histogram_second_peak_spread": 0.274999976158,
    "bpm_histogram_second_peak_weight": 0.0651685371995,
    "danceability": 1.10856354237,
    "onset_rate": 2.8872885704,
    "beats_loudness_band_ratio": {
        "mean": [0.493632137775, 0.130761742592, 0.169508352876, 0.109510168433, 0.07018686831, 0.0459140948951]
    },
    "beats_position": [0.49922901392, 1.01006805897, 1.52090704441, 2.02013611794, 2.49614500999, 2.97215414047, 3.44816327095, 3.92417216301, 4.41179132462, 4.8994102478, 5.38702917099, 5.87464857101, 6.37387752533, 6.88471651077, 7.39555549622, 7.91800451279, 8.42884349823, 8.95129203796, 9.45052146912, 9.93814086914, 10.4257593155, 10.9133787155, 11.4009971619, 11.8770065308, 12.3530158997, 12.840634346, 13.328253746, 13.8042631149, 14.2802715302, 14.756280899, 15.2322902679, 15.7199087143, 16.1959171295, 16.6719264984, 17.1595458984, 17.6355552673, 18.1115646362, 18.5875740051, 19.0751914978, 19.5512008667, 20.0272102356, 20.5032196045, 20.9908390045, 21.4784584045, 21.9544658661, 22.430475235, 22.918094635, 23.405714035, 23.8817234039, 24.3577327728, 24.8453502655, 25.3213596344, 25.7973690033, 26.2733783722, 26.7493877411, 27.2370071411, 27.7246246338, 28.2006340027, 28.6766433716, 29.1642627716, 29.6402721405, 30.1162815094, 30.6038990021, 31.0915184021, 31.567527771, 32.0435371399, 32.5195465088, 32.9955558777, 33.4715652466, 33.9475746155, 34.4351921082, 34.9112014771, 35.3872108459, 35.8748283386, 36.362449646, 36.8268470764, 37.3144645691, 37.8020858765, 38.2897033691, 38.765712738, 39.2417221069, 39.7177314758, 40.1937408447, 40.6813583374, 41.1573677063, 41.6333770752, 42.1209983826, 42.5970077515, 43.0730133057, 43.560634613, 44.0482521057, 44.5242614746, 45.0002708435, 45.4878921509, 45.9638977051, 46.439907074, 46.9275283813, 47.4035377502, 47.8795471191, 48.3671646118, 48.8431739807, 49.3191833496, 49.8068008423, 50.2828102112, 50.7588195801, 51.234828949, 51.7108383179, 52.1984558105, 52.6860771179, 53.1736946106, 53.6497039795, 54.1257133484, 54.6017227173, 55.08934021, 55.5653495789, 56.0413589478, 56.5173683167, 57.0049858093, 57.4809951782, 57.9570045471, 58.4446258545, 58.9206352234, 59.3966445923, 59.884262085, 60.3602714539, 60.8362808228, 61.3238983154, 61.8115196228, 62.2875289917, 62.7635345459, 63.2511558533, 63.7271652222, 64.2031707764, 64.67918396, 65.1551895142, 65.6428070068, 66.1304321289, 66.6180496216, 67.0940551758, 67.5700683594, 68.0344696045, 68.5220870972, 69.0097045898, 69.485710144, 69.9617233276, 70.4493408203, 70.9253463745, 71.4013595581, 71.8773651123, 72.3533782959, 72.8409957886, 73.3170089722, 73.7930145264, 74.280632019, 74.7566452026, 75.2326507568, 75.7202682495, 76.2078933716, 76.7071151733, 77.2063446045, 77.7055740356, 78.2048034668, 78.7620849609, 79.3077545166, 79.8650360107, 80.3642578125, 80.8750991821, 81.3859405518, 81.8967819214, 82.4076156616, 82.9068450928, 83.4060745239, 83.8820877075, 84.3580932617, 84.8341064453, 85.321723938, 85.8093414307, 86.2853469849, 86.7613601685, 87.2373657227, 87.7249908447, 88.2126083374, 88.6886138916, 89.1646270752, 89.6522445679, 90.1398620605, 90.6274795532, 91.1034927368, 91.579498291, 92.0555114746, 92.5315170288, 93.0075302124, 93.4835357666, 93.9711532593, 94.4471664429, 94.9231719971, 95.3991851807, 95.8751907349, 96.3628082275, 96.8504257202, 97.3264389038, 97.802444458, 98.2900695801, 98.7660751343, 99.2420806885, 99.7297058105, 100.205711365, 100.681724548, 101.169342041, 101.656959534, 102.144577026, 102.62059021, 103.096595764, 103.560997009, 104.048614502, 104.524627686, 105.00063324, 105.476638794, 105.952651978, 106.44026947, 106.927886963, 107.403900146, 107.879905701, 108.367523193, 108.843536377, 109.319541931, 109.807167053, 110.283172607, 110.759178162, 111.246803284, 111.722808838, 112.198822021, 112.686439514, 113.174057007, 113.650062561, 114.126075745, 114.613693237, 115.10131073, 115.577323914, 116.053329468, 116.529342651, 117.005348206, 117.492965698, 117.957366943, 118.444984436, 118.932601929, 119.408615112, 119.884620667, 120.372245789, 120.848251343, 121.324264526, 121.811882019, 122.287887573, 122.763900757, 123.25151825, 123.727523804, 124.203536987, 124.679542542, 125.155555725, 125.643173218, 126.13079071, 126.606803894, 127.082809448, 127.558815002, 128.034820557, 128.522445679, 129.010070801, 129.486068726, 129.962081909, 130.449707031, 130.937316895, 131.413330078, 131.889343262, 132.376953125, 132.852966309, 133.328979492, 133.804992676, 134.280990601, 134.757003784, 135.233016968, 135.720626831, 136.208251953, 136.684265137, 137.160263062, 137.647888184, 138.135513306, 138.61151123, 139.087524414, 139.575149536, 140.062759399, 140.550384521, 141.026397705, 141.50239563, 141.978408813, 142.454421997, 142.930435181, 143.406433105, 143.894058228, 144.381668091, 144.857681274, 145.333694458, 145.809707642, 146.285705566, 146.773330688, 147.260955811, 147.736953735, 148.212966919, 148.688980103, 149.164993286, 149.640991211, 150.128616333, 150.604629517, 151.09223938, 151.579864502, 152.055877686, 152.53187561, 153.019500732, 153.495513916, 153.971511841, 154.459136963, 154.946762085, 155.434371948, 155.92199707, 156.397994995, 156.874008179, 157.361633301, 157.837631226, 158.313644409, 158.789657593, 159.265670776, 159.741668701, 160.217681885, 160.693695068, 161.169708252, 161.657318115, 162.144943237, 162.632553101, 163.108566284, 163.584579468, 164.048980713, 164.536590576, 165.024215698, 165.500228882, 165.976226807, 166.45223999, 166.928253174, 167.415863037, 167.891876221, 168.367889404, 168.843902588, 169.319900513, 169.807525635, 170.295150757, 170.759536743, 171.247161865, 171.723175049, 172.199172974, 172.686798096, 173.174423218, 173.650421143, 174.126434326, 174.614059448, 175.090057373, 175.566070557, 176.04208374, 176.518096924, 176.994094849, 177.481719971, 177.957733154, 178.445343018, 178.93296814, 179.408981323, 179.884979248, 180.37260437, 180.848617554, 181.324615479, 181.812240601, 182.288253784, 182.764266968, 183.251876831, 183.739501953, 184.215499878, 184.691513062, 185.179138184, 185.655151367, 186.131149292, 186.607162476, 187.094787598, 187.582397461, 188.058410645, 188.534423828, 189.010421753, 189.498046875, 189.974060059, 190.450057983, 190.937683105, 191.425308228, 191.901306152, 192.388931274, 192.864944458, 193.340942383, 193.816955566, 194.304580688, 194.780578613, 195.256591797, 195.73260498, 196.220230103, 196.696228027, 197.183853149, 197.659866333, 198.135864258, 198.635101318, 199.13432312, 199.621948242, 200.109558105, 200.597183228, 201.096420288, 201.59564209, 202.10647583, 202.628936768, 203.139770508, 203.63899231, 204.126617432, 204.602630615, 205.07862854, 205.566253662, 206.053878784, 206.529876709, 207.005889893, 207.493515015, 207.981124878, 208.480361938, 208.97958374, 209.478820801, 209.978042603, 210.477279663, 210.964889526, 211.464126587, 211.963348389, 212.462585449, 212.961807251, 213.461044312, 213.960266113, 214.459503174, 214.958724976, 215.457962036],
    "bpm_histogram": [0, 0, 0, 0, 0, 0, 0, 0, 0, 0, 0, 0, 0, 0, 0, 0, 0, 0, 0, 0, 0, 0, 0, 0, 0, 0, 0, 0, 0, 0, 0, 0, 0, 0, 0, 0, 0, 0, 0, 0, 0, 0, 0, 0, 0, 0, 0, 0, 0, 0, 0, 0, 0, 0, 0, 0, 0, 0, 0, 0, 0, 0, 0, 0, 0, 0, 0, 0, 0, 0, 0, 0, 0, 0, 0, 0, 0, 0, 0, 0, 0, 0, 0, 0, 0, 0, 0, 0, 0, 0, 0, 0, 0, 0, 0, 0, 0, 0, 0, 0, 0, 0, 0, 0, 0, 0, 0, 0, 0.00449438206851, 0, 0.00224719103426, 0, 0, 0, 0, 0.00674157310277, 0, 0.0247191004455, 0, 0, 0.0651685371995, 0, 0, 0.343820214272, 0, 0, 0.539325833321, 0, 0, 0.0134831462055, 0, 0, 0, 0, 0, 0, 0, 0, 0, 0, 0, 0, 0, 0, 0, 0, 0, 0, 0, 0, 0, 0, 0, 0, 0, 0, 0, 0, 0, 0, 0, 0, 0, 0, 0, 0, 0, 0, 0, 0, 0, 0, 0, 0, 0, 0, 0, 0, 0, 0, 0, 0, 0, 0, 0, 0, 0, 0, 0, 0, 0, 0, 0, 0, 0, 0, 0, 0, 0, 0, 0, 0, 0, 0, 0, 0, 0, 0, 0, 0, 0, 0, 0, 0, 0, 0, 0, 0, 0, 0, 0, 0, 0, 0, 0, 0, 0, 0, 0, 0, 0, 0, 0, 0, 0, 0, 0, 0, 0, 0, 0, 0, 0, 0, 0, 0, 0, 0, 0, 0]
},
"tonal": {
    "chords_changes_rate": 0.0219119228423,
    "chords_number_rate": 0.00171858211979,
    "chords_strength": {
        "mean": 0.557248771191
    },
    "hpcp_crest": {
        "mean": 13.9912862778
    },
    "hpcp_entropy": {
        "mean": 1.92242085934
    },
    "key_edma": {
        "strength": 0.866169512272,
        "key": "A",
        "scale": "major"
    },
    "key_krumhansl": {
        "strength": 0.873340725899,
        "key": "A",
        "scale": "major"
    },
    "key_temperley": {
        "strength": 0.880897819996,
        "key": "A",
        "scale": "major"
    },
    "tuning_diatonic_strength": 0.683920741081,
    "tuning_equal_tempered_deviation": 0.006372586824,
    "tuning_frequency": 440.508636475,
    "tuning_nontempered_energy_ratio": 0.660694241524,
    "hpcp": {
        "mean": [0.37459680438, 0.182549580932, 0.0712763890624, 0.0677423626184, 0.0805205181241, 0.178443834186, 0.265081882477, 0.186051204801, 0.0881814733148, 0.0670896172523, 0.0590037330985, 0.145589396358, 0.236172169447, 0.152863651514, 0.107942782342, 0.140332698822, 0.100739262998, 0.0743377953768, 0.0721900984645, 0.0662019774318, 0.179012238979, 0.308095544577, 0.204297095537, 0.0745518580079, 0.0558714047074, 0.0497018098831, 0.102100402117, 0.146700456738, 0.100452393293, 0.0601015277207, 0.0526066236198, 0.0490640476346, 0.0989936962724, 0.144606918097, 0.134756088257, 0.289772152901]
    },
    "chords_histogram": [45.950592041, 2.85714292526, 13.555316925, 0.49409237504, 0.0429645553231, 0.279269605875, 0.150375932455, 0, 0.923737943172, 0, 0, 0, 0.85929107666, 0.107411384583, 0.472610086203, 2.14822769165, 0, 3.32975292206, 0, 0.81632655859, 0.0214822776616, 9.19441413879, 5.32760477066, 13.4693880081],
    "thpcp": [1, 0.487322837114, 0.190274953842, 0.180840745568, 0.214952498674, 0.476362407207, 0.707645893097, 0.49667057395, 0.235403701663, 0.179098203778, 0.157512649894, 0.388656258583, 0.630470335484, 0.408075153828, 0.288157254457, 0.374623328447, 0.268927186728, 0.198447495699, 0.192714139819, 0.176728621125, 0.477879792452, 0.822472453117, 0.545378625393, 0.19901894033, 0.149150773883, 0.132680818439, 0.272560805082, 0.391622275114, 0.268161386251, 0.160443246365, 0.140435323119, 0.130978286266, 0.264267325401, 0.386033505201, 0.359736353159, 0.77355748415],
    "chords_key": "A",
    "chords_scale": "major"
}
}