{
"metadata": {
    "version": {
        "essentia": "2.1-beta6-dev",
        "essentia_git_sha": "v2.1_beta5-1177-g1d1cc983",
        "extractor": "music 2.0"
    },
    "audio_properties": {
        "analysis": {
            "equal_loudness": 0,
            "length": 233.625015259,
            "sample_rate": 44100,
            "start_time": 0,
            "downmix": "mix"
        },
        "bit_rate": 1411200,
        "length": 233.625015259,
        "lossless": 1,
        "number_channels": 2,
        "replay_gain": -15.0074157715,
        "sample_rate": 44100,
        "codec": "pcm_s16le",
        "md5_encoded": "96a53baf6a2f7ff23bfb215f81652e8d"
    },
    "tags": {
        "file_name": "06 - All Get Out - Get My Cut.wav",
        "album": ["Nobody Likes A Quitter"],
        "albumartist": ["All Get Out"],
        "artist": ["All Get Out"],
        "composer": ["Nathan Hussey"],
        "copyright": ["2016 Bad Timing Records and Many Hats Distribution 2016 Bad Timing Records and Many Hats Distribution"],
        "date": ["2016"],
        "discnumber": ["1"],
        "disctotal": ["1"],
        "genre": ["Alternative & Indie"],
        "isrc": ["QM87M1604206"],
        "title": ["Get My Cut"],
        "tracknumber": ["6"],
        "tracktotal": ["10"]
    }
},
"lowlevel": {
    "average_loudness": 0.880476772785,
    "barkbands_crest": {
        "mean": 9.18845653534
    },
    "barkbands_flatness_db": {
        "mean": 0.159133791924
    },
    "barkbands_kurtosis": {
        "mean": 5.69200611115
    },
    "barkbands_skewness": {
        "mean": 1.69026207924
    },
    "barkbands_spread": {
        "mean": 19.7332172394
    },
    "dissonance": {
        "mean": 0.45541253686
    },
    "dynamic_complexity": 3.78706669807,
    "erbbands_crest": {
        "mean": 8.56248664856
    },
    "erbbands_flatness_db": {
        "mean": 0.169277369976
    },
    "erbbands_kurtosis": {
        "mean": 0.834493458271
    },
    "erbbands_skewness": {
        "mean": 0.398592352867
    },
    "erbbands_spread": {
        "mean": 38.341255188
    },
    "hfc": {
        "mean": 18.4504146576
    },
    "loudness_ebu128": {
        "integrated": -8.23013782501,
        "loudness_range": 8.39872169495,
        "momentary": {
            "mean": -9.93403625488
        },
        "short_term": {
            "mean": -9.13179588318
        }
    },
    "melbands_crest": {
        "mean": 13.727394104
    },
    "melbands_flatness_db": {
        "mean": 0.232871651649
    },
    "melbands_kurtosis": {
        "mean": 21.5352134705
    },
    "melbands_skewness": {
        "mean": 2.90530991554
    },
    "melbands_spread": {
        "mean": 19.0368919373
    },
    "pitch_salience": {
        "mean": 0.544057667255
    },
    "silence_rate_20dB": {
        "mean": 1
    },
    "silence_rate_30dB": {
        "mean": 0.999304354191
    },
    "silence_rate_60dB": {
        "mean": 0.0320977829397
    },
    "spectral_centroid": {
        "mean": 1140.96447754
    },
    "spectral_complexity": {
        "mean": 20.1614818573
    },
    "spectral_decrease": {
        "mean": -7.24950455222e-09
    },
    "spectral_energy": {
        "mean": 0.0290349237621
    },
    "spectral_energyband_high": {
        "mean": 0.00053574051708
    },
    "spectral_energyband_low": {
        "mean": 0.0115435495973
    },
    "spectral_energyband_middle_high": {
        "mean": 0.00589950196445
    },
    "spectral_energyband_middle_low": {
        "mean": 0.0123129077256
    },
    "spectral_entropy": {
        "mean": 7.37782526016
    },
    "spectral_flux": {
        "mean": 0.0780618563294
    },
    "spectral_kurtosis": {
        "mean": 8.1097946167
    },
    "spectral_rms": {
        "mean": 0.00494279060513
    },
    "spectral_rolloff": {
        "mean": 1319.30969238
    },
    "spectral_skewness": {
        "mean": 1.88324451447
    },
    "spectral_spread": {
        "mean": 4294135
    },
    "spectral_strongpeak": {
        "mean": 0.721369802952
    },
    "zerocrossingrate": {
        "mean": 0.0497316122055
    },
    "barkbands": {
        "mean": [0.000253926438745, 0.006073997356, 0.00404835585505, 0.00243868376128, 0.00400496041402, 0.00179126113653, 0.00070705707185, 0.00176142086275, 0.00146245688666, 0.00105133315083, 0.000843662011903, 0.000695564085618, 0.000600205850787, 0.000548543583136, 0.000476207875181, 0.000555450038519, 0.00036644996726, 0.000370329245925, 0.000338571611792, 0.000185717333807, 0.000151056709001, 9.87039747997e-05, 6.91537861712e-05, 7.87368408055e-05, 4.95162566949e-05, 1.16981527754e-05, 1.81521170362e-06]
    },
    "erbbands": {
        "mean": [0.12236956507, 1.52681028843, 4.89640378952, 6.48090314865, 12.4815387726, 10.9509935379, 14.1111650467, 16.1433963776, 11.4987754822, 17.6039981842, 38.0924453735, 34.9340744019, 31.5145511627, 29.2487354279, 39.4769554138, 23.3811130524, 27.323638916, 25.518819809, 30.305273056, 24.9565315247, 28.571018219, 23.5186138153, 21.2349147797, 16.8129501343, 16.2960338593, 8.44000434875, 6.95914077759, 5.01745653152, 3.65028452873, 2.50009870529, 2.04203391075, 1.78200829029, 1.21494996548, 0.770904362202, 0.216537043452, 0.0637592226267, 0.0194861125201, 0.00337894354016, 0.000317720056046, 4.95114472869e-05]
    },
    "gfcc": {
        "mean": [-24.0725898743, 110.57194519, -112.963356018, 29.979883194, -52.1003608704, 9.75816249847, -35.6865997314, 8.51188850403, -23.6262626648, -5.52806377411, -14.7850074768, -9.12952709198, -9.2218170166],
        "cov": [[19865.7851562, -1838.77001953, -1471.81774902, 1503.28759766, -450.719238281, 1576.00939941, -399.339874268, 969.319946289, -540.881713867, 403.021179199, -337.15246582, 424.383117676, -309.550018311], [-1838.77001953, 1878.00891113, -713.957885742, -919.114685059, -140.106307983, -661.578308105, 17.0063724518, -315.254486084, 137.66053772, -186.365509033, 145.892379761, -260.384033203, 81.5856399536], [-1471.81774902, -713.957885742, 1590.14318848, 663.348388672, 283.692871094, 348.789886475, 72.8026428223, 148.662490845, -22.0140609741, 107.129585266, -8.58934307098, 117.879096985, -69.0377502441], [1503.28759766, -919.114685059, 663.348388672, 885.904296875, 208.882751465, 437.465515137, -31.6024494171, 238.587036133, -83.4722290039, 110.183982849, -52.7271842957, 156.637069702, -47.0811920166], [-450.719238281, -140.106307983, 283.692871094, 208.882751465, 324.494873047, 147.510040283, 20.8984165192, 103.993331909, -11.7746515274, 20.481967926, 36.5080299377, 38.0376014709, -15.2200641632], [1576.00939941, -661.578308105, 348.789886475, 437.465515137, 147.510040283, 567.393188477, 90.0092010498, 209.89125061, -71.720741272, 106.167388916, -40.3707008362, 122.520874023, -70.2405929565], [-399.339874268, 17.0063724518, 72.8026428223, -31.6024494171, 20.8984165192, 90.0092010498, 184.887023926, 37.2672767639, 6.6348528862, -9.0020532608, 8.8455696106, 0.718539178371, -21.2042770386], [969.319946289, -315.254486084, 148.662490845, 238.587036133, 103.993331909, 209.89125061, 37.2672767639, 286.546447754, -39.2270736694, 34.6447257996, 3.40538787842, 38.0521850586, -47.8677787781], [-540.881713867, 137.66053772, -22.0140609741, -83.4722290039, -11.7746515274, -71.720741272, 6.6348528862, -39.2270736694, 133.889358521, 27.3980731964, -15.0612888336, -24.1832485199, 15.9110193253], [403.021179199, -186.365509033, 107.129585266, 110.183982849, 20.481967926, 106.167388916, -9.0020532608, 34.6447257996, 27.3980731964, 109.697090149, -3.09281277657, 34.9128761292, -17.997833252], [-337.15246582, 145.892379761, -8.58934307098, -52.7271842957, 36.5080299377, -40.3707008362, 8.8455696106, 3.40538787842, -15.0612888336, -3.09281277657, 98.4907684326, -4.76047086716, 1.12849247456], [424.383117676, -260.384033203, 117.879096985, 156.637069702, 38.0376014709, 122.520874023, 0.718539178371, 38.0521850586, -24.1832485199, 34.9128761292, -4.76047086716, 107.652420044, 5.17819309235], [-309.550018311, 81.5856399536, -69.0377502441, -47.0811920166, -15.2200641632, -70.2405929565, -21.2042770386, -47.8677787781, 15.9110193253, -17.997833252, 1.12849247456, 5.17819309235, 69.4314651489]],
        "icov": [[0.000297163584037, -0.000471693085274, 0.000521289941389, -0.000560544140171, 0.00072965567233, -0.000700791948475, 0.00077439204324, -0.000724376528524, 0.000878281600308, -0.000798797875177, 0.000919013982639, -0.000820501009002, 0.000843365327455], [-0.000471693085274, 0.00254172738642, -0.000664629449602, 0.00164349249098, -0.00146430986933, 0.00147629901767, -0.00143536098767, 0.00170332402922, -0.00250161299482, 0.00248641776852, -0.00347287999466, 0.00314771430567, -0.00168809958268], [0.000521289941389, -0.000664629449602, 0.00200045364909, -0.00175953551661, 0.00074558443157, -0.000991019653156, 0.000723870936781, -0.000824357150123, 0.0012503474718, -0.00157811213285, 0.00133269804064, -0.00139134761412, 0.00210115406662], [-0.000560544140171, 0.00164349249098, -0.00175953551661, 0.00466712703928, -0.00203593657352, 0.000409595348174, -2.32251613852e-06, 0.000383308768505, -0.00120591162704, 0.00141245673876, -0.0011769431876, 0.000762354815379, -0.00217871367931], [0.00072965567233, -0.00146430986933, 0.00074558443157, -0.00203593657352, 0.00648449780419, -0.00281978375278, 0.00235092639923, -0.0026015387848, 0.00106260878965, -0.000668654334731, -1.52877801156e-05, -0.00207080505788, 0.00156557967421], [-0.000700791948475, 0.00147629901767, -0.000991019653156, 0.000409595348174, -0.00281978375278, 0.00719592347741, -0.00459982035682, 0.000676574243698, 5.96290374233e-05, -0.00140990887303, -0.000106094186776, -0.000103077931271, -0.000213162697037], [0.00077439204324, -0.00143536098767, 0.000723870936781, -2.32251613852e-06, 0.00235092639923, -0.00459982035682, 0.00976173952222, -0.00253377645276, 0.000389986700611, 0.000848554249387, 0.00122766697314, -0.00236807879992, 0.0032408721745], [-0.000724376528524, 0.00170332402922, -0.000824357150123, 0.000383308768505, -0.0026015387848, 0.000676574243698, -0.00253377645276, 0.00764549709857, -0.0024514393881, 0.00264870561659, -0.00379982707091, 0.00321160489693, -0.000108820800961], [0.000878281600308, -0.00250161299482, 0.0012503474718, -0.00120591162704, 0.00106260878965, 5.96290374233e-05, 0.000389986700611, -0.0024514393881, 0.0150049962103, -0.00989674776793, 0.00775335961953, -0.00178405817132, 6.08887694398e-06], [-0.000798797875177, 0.00248641776852, -0.00157811213285, 0.00141245673876, -0.000668654334731, -0.00140990887303, 0.000848554249387, 0.00264870561659, -0.00989674776793, 0.0192104931921, -0.00717021152377, 0.000930106907617, 0.000712755136192], [0.000919013982639, -0.00347287999466, 0.00133269804064, -0.0011769431876, -1.52877801156e-05, -0.000106094186776, 0.00122766697314, -0.00379982707091, 0.00775335961953, -0.00717021152377, 0.0185724962503, -0.00555622251704, 0.00282682175748], [-0.000820501009002, 0.00314771430567, -0.00139134761412, 0.000762354815379, -0.00207080505788, -0.000103077931271, -0.00236807879992, 0.00321160489693, -0.00178405817132, 0.000930106907617, -0.00555622251704, 0.0197187997401, -0.00802097190171], [0.000843365327455, -0.00168809958268, 0.00210115406662, -0.00217871367931, 0.00156557967421, -0.000213162697037, 0.0032408721745, -0.000108820800961, 6.08887694398e-06, 0.000712755136192, 0.00282682175748, -0.00802097190171, 0.0225360803306]]
    },
    "melbands": {
        "mean": [0.00138352892827, 0.00239087711088, 0.00131944951136, 0.000874499441124, 0.000493845844176, 0.000349094218109, 0.000160996802151, 0.000262982648565, 0.000289430667181, 0.000220363610424, 0.000160583265824, 0.000126529237605, 0.000114390677481, 9.8138822068e-05, 4.33218156104e-05, 7.1402915637e-05, 4.43381031801e-05, 5.16859690833e-05, 3.52929455403e-05, 3.87379004678e-05, 2.95582503895e-05, 2.39535256696e-05, 2.15284708247e-05, 1.57471567945e-05, 1.32295344883e-05, 1.34716237881e-05, 9.12083032745e-06, 4.66550500278e-06, 4.55196368421e-06, 3.3963738133e-06, 2.66471533905e-06, 2.10650978261e-06, 1.79301775916e-06, 1.20955371585e-06, 1.18886441669e-06, 1.16160288144e-06, 1.04783271127e-06, 8.07742992492e-07, 8.72152611464e-07, 5.76411423481e-07]
    },
    "melbands128": {
        "mean": [0.000241499321419, 0.000844231806695, 0.00158022064716, 0.00292160711251, 0.0028496296145, 0.00177615217399, 0.00124340492766, 0.00124228058849, 0.00136651785579, 0.000936896190979, 0.000468274985906, 0.000568575516809, 0.000507435470354, 0.000377858319553, 0.000450217106845, 0.000248315191129, 0.000212285478483, 0.000141682918184, 0.00011053126218, 9.68363674474e-05, 0.000436098867794, 0.000519791909028, 0.000186943885637, 0.000192853010958, 0.000216495653149, 0.000278175750282, 0.000104904989712, 0.00011116614769, 0.000275593163678, 0.000119243042718, 9.65532308328e-05, 8.41520595714e-05, 7.46912774048e-05, 0.000190109669347, 0.000139229829074, 5.96051831963e-05, 3.4367916669e-05, 6.26391192782e-05, 2.22515172936e-05, 6.73247486702e-05, 0.000103181584564, 3.94792914449e-05, 3.40494261764e-05, 4.24365571234e-05, 7.86721211625e-05, 4.47537786386e-05, 3.72766153305e-05, 4.12454282923e-05, 3.42775383615e-05, 1.80708630069e-05, 5.09419696755e-05, 4.23232777393e-05, 4.02583100367e-05, 1.89050642803e-05, 1.50004580064e-05, 3.16993646265e-05, 2.35867646552e-05, 1.79808794201e-05, 2.4594446586e-05, 2.18270761252e-05, 1.2234814676e-05, 1.43231445691e-05, 1.32553832373e-05, 1.15100629046e-05, 1.61669995578e-05, 1.3197068256e-05, 1.24975686049e-05, 1.1443034964e-05, 8.3812410594e-06, 6.0893871705e-06, 4.28039720646e-06, 4.31067383033e-06, 4.03884496336e-06, 5.05428033648e-06, 4.56341967947e-06, 3.00483748106e-06, 3.13948021358e-06, 3.42002817888e-06, 2.53536313721e-06, 1.95443999473e-06, 2.363717158e-06, 2.01535249289e-06, 1.80072674993e-06, 1.96333894564e-06, 1.68980955095e-06, 1.04611251572e-06, 1.07830646812e-06, 1.39736675919e-06, 1.19488765904e-06, 1.04222101527e-06, 1.10544635845e-06, 1.26311488202e-06, 1.16269563932e-06, 1.09723509922e-06, 9.60432316788e-07, 7.69819394009e-07, 7.63412970173e-07, 8.46203477067e-07, 9.40113295655e-07, 8.75273087786e-07, 7.02281113263e-07, 5.2306853604e-07, 4.21225536229e-07, 3.38803005207e-07, 2.08293187143e-07, 1.45380909089e-07, 1.2807315386e-07, 1.13525310041e-07, 1.01757493098e-07, 9.75670886305e-08, 9.69942348661e-08, 7.16686656688e-08, 5.29290602458e-08, 4.82047255446e-08, 4.06043625389e-08, 3.12517407508e-08, 2.09454888989e-08, 1.55728194784e-08, 1.03292085996e-08, 8.03051047882e-09, 7.57477458535e-09, 5.45068346014e-09, 4.44949099787e-09, 3.24705751176e-09, 2.35701569373e-09, 1.96615523862e-09, 1.79534176414e-09, 5.89519433269e-10]
    },
    "mfcc": {
        "mean": [-662.922302246, 137.754074097, 0.061022862792, 21.9691848755, 7.2352771759, -0.433413475752, 3.6478972435, 3.24430465698, 0.442070901394, 1.89509820938, -1.46039021015, -4.5103302002, -6.59016227722],
        "cov": [[14440.4345703, -2307.44726562, -127.723426819, 296.283843994, 602.319824219, 674.288879395, 612.696655273, 669.682922363, 321.55368042, 297.729278564, -44.9476928711, 154.187591553, 336.813720703], [-2307.44726562, 2325.05639648, -670.19732666, -389.693817139, -456.232940674, -463.274597168, -316.605102539, -339.00302124, -211.492950439, -122.104560852, -9.33278751373, -113.211585999, -192.579406738], [-127.723426819, -670.19732666, 1140.8782959, 374.588043213, 339.732818604, 284.746734619, 216.93838501, 161.418624878, 98.8059158325, 71.4936676025, 68.8416595459, 86.5307769775, 91.8746566772], [296.283843994, -389.693817139, 374.588043213, 415.376678467, 264.476257324, 91.7169952393, 85.9460754395, 80.1078567505, 42.2943344116, 25.8734703064, 4.48139476776, 31.3700962067, 54.0510292053], [602.319824219, -456.232940674, 339.732818604, 264.476257324, 481.204193115, 141.106185913, 187.707626343, 141.085586548, 54.140335083, 82.8508148193, 35.9504699707, 33.9927406311, 84.8511886597], [674.288879395, -463.274597168, 284.746734619, 91.7169952393, 141.106185913, 356.424926758, 107.732841492, 106.640640259, 75.283531189, 43.6817245483, 15.5127725601, 52.3452415466, 65.9164199829], [612.696655273, -316.605102539, 216.93838501, 85.9460754395, 187.707626343, 107.732841492, 333.592285156, 196.645477295, 27.3668746948, 63.9925537109, 50.9231758118, 38.2435417175, 64.1819381714], [669.682922363, -339.00302124, 161.418624878, 80.1078567505, 141.085586548, 106.640640259, 196.645477295, 225.297927856, 73.6768112183, 57.0675239563, 35.955821991, 36.3128547668, 56.4518470764], [321.55368042, -211.492950439, 98.8059158325, 42.2943344116, 54.140335083, 75.283531189, 27.3668746948, 73.6768112183, 119.418663025, 58.2256126404, 12.9629421234, 22.0495510101, 28.4277515411], [297.729278564, -122.104560852, 71.4936676025, 25.8734703064, 82.8508148193, 43.6817245483, 63.9925537109, 57.0675239563, 58.2256126404, 117.810241699, 43.7836303711, 24.2516937256, 29.4446582794], [-44.9476928711, -9.33278751373, 68.8416595459, 4.48139476776, 35.9504699707, 15.5127725601, 50.9231758118, 35.955821991, 12.9629421234, 43.7836303711, 93.2067718506, 28.0669384003, 4.7988576889], [154.187591553, -113.211585999, 86.5307769775, 31.3700962067, 33.9927406311, 52.3452415466, 38.2435417175, 36.3128547668, 22.0495510101, 24.2516937256, 28.0669384003, 77.431854248, 46.3671989441], [336.813720703, -192.579406738, 91.8746566772, 54.0510292053, 84.8511886597, 65.9164199829, 64.1819381714, 56.4518470764, 28.4277515411, 29.4446582794, 4.7988576889, 46.3671989441, 101.692092896]],
        "icov": [[0.000101651858131, 6.56447300571e-05, 0.000133133216877, -4.04291640734e-05, -1.4992638171e-05, -0.000110320812382, -4.98555455124e-05, -0.000144412275404, -6.23795699539e-07, -0.000143447308801, 0.000147615006426, -3.4895248973e-05, -6.4851497882e-05], [6.56447300571e-05, 0.000817568681668, 0.000158983748406, 0.000228775694268, 0.000141324373544, 0.000434058398241, 3.67250686395e-05, 0.00033925587195, 0.000512446276844, -0.000135222071549, -0.000343170133419, 8.62084561959e-05, 0.000327619723976], [0.000133133216877, 0.000158983748406, 0.00179834151641, -0.00112558284309, -0.000165789097082, -0.000848668045364, -0.000656288641039, 0.00031922920607, -0.000569135299884, 0.000204919590033, -0.000621405197307, -0.000516251951922, 0.000123577003251], [-4.04291640734e-05, 0.000228775694268, -0.00112558284309, 0.00474499817938, -0.00211116066203, 0.000718858442269, 0.000686834217049, -0.000260393338976, -0.000120420678286, 0.000793522282038, 0.000850120850373, -0.000616020988673, 0.000113324320409], [-1.4992638171e-05, 0.000141324373544, -0.000165789097082, -0.00211116066203, 0.00449141254649, -0.00039063411532, -0.000991304870695, -0.000220171001274, 0.000721660733689, -0.00172935798764, -0.000506264157593, 0.00162533437833, -0.00157553085592], [-0.000110320812382, 0.000434058398241, -0.000848668045364, 0.000718858442269, -0.00039063411532, 0.00468715513125, -0.000149033672642, -3.07524278469e-05, -0.00120555399917, 0.000507977907546, 0.000333525502356, -0.00113125820644, -0.000339086342137], [-4.98555455124e-05, 3.67250686395e-05, -0.000656288641039, 0.000686834217049, -0.000991304870695, -0.000149033672642, 0.00816398486495, -0.00669070100412, 0.00437155552208, -0.00169867940713, -0.000934092793614, 0.000436654925579, -0.000937382690609], [-0.000144412275404, 0.00033925587195, 0.00031922920607, -0.000260393338976, -0.000220171001274, -3.07524278469e-05, -0.00669070100412, 0.0132325831801, -0.00623850431293, 0.00179543893319, -0.00152443454135, -0.000129098290927, -0.000593669654336], [-6.23795699539e-07, 0.000512446276844, -0.000569135299884, -0.000120420678286, 0.000721660733689, -0.00120555399917, 0.00437155552208, -0.00623850431293, 0.0164599269629, -0.0071632466279, 0.00158514233772, -0.000299367064144, -3.14531971526e-05], [-0.000143447308801, -0.000135222071549, 0.000204919590033, 0.000793522282038, -0.00172935798764, 0.000507977907546, -0.00169867940713, 0.00179543893319, -0.0071632466279, 0.0154915032908, -0.00567881483585, 5.93275071878e-05, -0.00144088827074], [0.000147615006426, -0.000343170133419, -0.000621405197307, 0.000850120850373, -0.000506264157593, 0.000333525502356, -0.000934092793614, -0.00152443454135, 0.00158514233772, -0.00567881483585, 0.016559869051, -0.00628114305437, 0.00389642734081], [-3.4895248973e-05, 8.62084561959e-05, -0.000516251951922, -0.000616020988673, 0.00162533437833, -0.00113125820644, 0.000436654925579, -0.000129098290927, -0.000299367064144, 5.93275071878e-05, -0.00628114305437, 0.0217500459403, -0.00930830836296], [-6.4851497882e-05, 0.000327619723976, 0.000123577003251, 0.000113324320409, -0.00157553085592, -0.000339086342137, -0.000937382690609, -0.000593669654336, -3.14531971526e-05, -0.00144088827074, 0.00389642734081, -0.00930830836296, 0.0174388475716]]
    },
    "spectral_contrast_coeffs": {
        "mean": [-0.693627774715, -0.73127669096, -0.743239343166, -0.787669241428, -0.788867592812, -0.788725793362]
    },
    "spectral_contrast_valleys": {
        "mean": [-6.65225887299, -6.94968891144, -7.62392568588, -7.81096839905, -7.89150857925, -10.5282487869]
    }
},
"rhythm": {
    "beats_count": 493,
    "beats_loudness": {
        "mean": 0.0322301089764
    },
    "bpm": 126.989295959,
    "bpm_histogram_first_peak_bpm": 126,
    "bpm_histogram_first_peak_weight": 0.37113404274,
    "bpm_histogram_second_peak_bpm": 120,
    "bpm_histogram_second_peak_spread": 0.399999976158,
    "bpm_histogram_second_peak_weight": 0.00609756074846,
    "danceability": 1.08727908134,
    "onset_rate": 2.99607276917,
    "beats_loudness_band_ratio": {
        "mean": [0.43106263876, 0.2375369519, 0.175313085318, 0.106734335423, 0.0713530629873, 0.0412275381386]
    },
    "beats_position": [0.487619042397, 0.986848056316, 1.48607707024, 1.99691605568, 2.50775504112, 3.00698399544, 3.48299312592, 3.97061228752, 4.45823097229, 4.94585037231, 5.4334692955, 5.92108821869, 6.39709758759, 6.87310647964, 7.3491153717, 7.8251247406, 8.3011341095, 8.77714252472, 9.25315189362, 9.72916126251, 10.2051696777, 10.6811790466, 11.1455783844, 11.6099767685, 12.0859861374, 12.5619955063, 13.0263938904, 13.5024032593, 13.966802597, 14.4312019348, 14.90721035, 15.3832197189, 15.8592290878, 16.3236274719, 16.7880268097, 17.2640361786, 17.7400455475, 18.2044448853, 18.6688423157, 19.1448516846, 19.6208610535, 20.0852603912, 20.5612697601, 21.037279129, 21.5248966217, 22.0009059906, 22.4769153595, 22.9413146973, 23.405714035, 23.8817234039, 24.3577327728, 24.8337402344, 25.3097496033, 25.774148941, 26.2385482788, 26.7145576477, 27.1905670166, 27.6549663544, 28.1309738159, 28.6069831848, 29.0713825226, 29.5473918915, 30.0234012604, 30.4994106293, 30.9754180908, 31.4398174286, 31.9158267975, 32.391834259, 32.8562355042, 33.332244873, 33.8082542419, 34.2842636108, 34.7602729797, 35.2478904724, 35.7122879028, 36.1766891479, 36.6526985168, 37.1287078857, 37.6047172546, 38.0691146851, 38.545124054, 39.0095214844, 39.4855308533, 39.9615402222, 40.4259414673, 40.9019508362, 41.3779602051, 41.8423576355, 42.3183670044, 42.7943763733, 43.2703857422, 43.7463951111, 44.2107925415, 44.6751937866, 45.1511993408, 45.6272087097, 46.0916099548, 46.5560073853, 47.0320167542, 47.508026123, 47.9840354919, 48.4600448608, 48.9360542297, 49.4120635986, 49.8764610291, 50.3408622742, 50.8168716431, 51.2928771973, 51.7688865662, 52.2448959351, 52.720905304, 53.1969146729, 53.661315918, 54.1257133484, 54.6133308411, 55.0777320862, 55.5421295166, 56.0181388855, 56.4941482544, 56.9585494995, 57.4345550537, 57.9105644226, 58.3865737915, 58.8625831604, 59.3269844055, 59.8029937744, 60.2789993286, 60.7434005737, 61.2077980042, 61.6954193115, 62.1598167419, 62.6358261108, 63.1118354797, 63.5762329102, 64.0522460938, 64.5282516479, 64.9926528931, 65.4570541382, 65.9330596924, 66.409072876, 66.8850784302, 67.3610839844, 67.8254852295, 68.3014984131, 68.7775039673, 69.2419052124, 69.7179107666, 70.1939239502, 70.6583175659, 71.122718811, 71.6103363037, 72.0747375488, 72.5507507324, 73.0267562866, 73.5027618408, 73.9787750244, 74.4431762695, 74.9075698853, 75.3835830688, 75.859588623, 76.3239898682, 76.7999954224, 77.276008606, 77.7520141602, 78.2280273438, 78.6924285889, 79.1684341431, 79.6444396973, 80.1088409424, 80.5732421875, 81.0608596802, 81.5368728638, 82.012878418, 82.4772796631, 82.9416732788, 83.4060745239, 83.870475769, 84.3464813232, 84.8224945068, 85.298500061, 85.7745132446, 86.2505187988, 86.7265319824, 87.1909255981, 87.6669387817, 88.1429443359, 88.6189575195, 89.0949630737, 89.5593643188, 90.0469818115, 90.5113830566, 90.9757843018, 91.451789856, 91.9277954102, 92.4038085938, 92.8798141479, 93.3442153931, 93.8202285767, 94.2962341309, 94.760635376, 95.2366409302, 95.7126541138, 96.188659668, 96.6646728516, 97.1290664673, 97.5934677124, 98.0694732666, 98.5454864502, 99.0098876953, 99.474281311, 99.9619064331, 100.437911987, 100.902313232, 101.378318787, 101.85433197, 102.318725586, 102.79473877, 103.259140015, 103.735145569, 104.211151123, 104.687164307, 105.163169861, 105.627571106, 106.091972351, 106.567977905, 107.043991089, 107.519996643, 107.996009827, 108.460403442, 108.924804688, 109.400817871, 109.876823425, 110.34122467, 110.817230225, 111.293243408, 111.757637024, 112.233650208, 112.709655762, 113.185668945, 113.6616745, 114.126075745, 114.602081299, 115.078094482, 115.542495728, 116.018501282, 116.482902527, 116.958908081, 117.434921265, 117.910926819, 118.386940002, 118.862945557, 119.327346802, 119.803352356, 120.27936554, 120.755371094, 121.219772339, 121.695777893, 122.160179138, 122.636184692, 123.112197876, 123.576599121, 124.040992737, 124.51700592, 124.993011475, 125.469024658, 125.945030212, 126.409431458, 126.885437012, 127.361450195, 127.82585144, 128.301864624, 128.777862549, 129.253875732, 129.729888916, 130.205886841, 130.681900024, 131.14630127, 131.610702515, 132.086715698, 132.562713623, 133.027114868, 133.491516113, 133.979141235, 134.44354248, 134.907928467, 135.38394165, 135.859954834, 136.335968018, 136.811965942, 137.276367188, 137.740768433, 138.216781616, 138.692779541, 139.168792725, 139.644805908, 140.109207153, 140.585220337, 141.061218262, 141.525619507, 142.00163269, 142.477645874, 142.953643799, 143.429656982, 143.894058228, 144.370071411, 144.846069336, 145.310470581, 145.786483765, 146.262496948, 146.726898193, 147.19128418, 147.667297363, 148.143310547, 148.607711792, 149.083709717, 149.5597229, 150.024124146, 150.500137329, 150.976135254, 151.452148438, 151.928161621, 152.392562866, 152.86857605, 153.332962036, 153.80897522, 154.284988403, 154.761001587, 155.225387573, 155.701400757, 156.17741394, 156.653427124, 157.129425049, 157.593826294, 158.069839478, 158.545852661, 159.010253906, 159.474639893, 159.939041138, 160.415054321, 160.891067505, 161.35546875, 161.831466675, 162.307479858, 162.783493042, 163.259490967, 163.73550415, 164.211517334, 164.675918579, 165.151931763, 165.616317749, 166.092330933, 166.568344116, 167.0443573, 167.520355225, 167.996368408, 168.472381592, 168.948379517, 169.412780762, 169.877182007, 170.341583252, 170.805984497, 171.281997681, 171.757995605, 172.234008789, 172.710021973, 173.174423218, 173.662033081, 174.126434326, 174.590835571, 175.066848755, 175.54284668, 176.018859863, 176.494873047, 176.97088623, 177.435287476, 177.9112854, 178.375686646, 178.863311768, 179.327713013, 179.803710938, 180.268112183, 180.744125366, 181.208526611, 181.684524536, 182.16053772, 182.636550903, 183.112564087, 183.588562012, 184.064575195, 184.52897644, 184.993377686, 185.469390869, 185.945388794, 186.409790039, 186.874191284, 187.338592529, 187.814605713, 188.290603638, 188.77822876, 189.242630005, 189.718643188, 190.194641113, 190.659042358, 191.135055542, 191.611068726, 192.08706665, 192.563079834, 193.027481079, 193.503494263, 193.979492188, 194.455505371, 194.931518555, 195.3959198, 195.860321045, 196.324707031, 196.800720215, 197.276733398, 197.741134644, 198.217132568, 198.693145752, 199.169158936, 199.645172119, 200.121170044, 200.597183228, 201.061584473, 201.525985718, 202.001998901, 202.466384888, 202.942398071, 203.418411255, 203.894424438, 204.358810425, 204.82321167, 205.299224854, 205.775238037, 206.251235962, 206.727249146, 207.191650391, 207.667663574, 208.143676758, 208.608062744, 209.072463989, 209.548477173, 210.036102295, 210.51210022, 210.976501465, 211.44090271, 211.916915894, 212.392913818, 212.857315063, 213.333328247, 213.797729492, 214.273742676, 214.749740601, 215.225753784, 215.701766968, 216.177780151, 216.653778076, 217.12979126, 217.594192505, 218.070205688, 218.546203613, 219.022216797, 219.49822998, 219.974243164, 220.450241089, 220.914642334, 221.379043579, 221.843444824, 222.307846069, 222.783843994, 223.259857178, 223.735870361, 224.211883545, 224.68788147, 225.163894653, 225.639907837, 226.115921021, 226.591918945, 227.067932129, 227.543945312, 228.019943237, 228.484344482, 228.948745728, 229.413146973, 229.865936279, 230.330337524, 230.783126831, 231.247528076, 231.711929321, 232.176315308, 232.640716553, 233.105117798],
    "bpm_histogram": [0, 0, 0, 0, 0, 0, 0, 0, 0, 0, 0, 0, 0, 0, 0, 0, 0, 0, 0, 0, 0, 0, 0, 0, 0, 0, 0, 0, 0, 0, 0, 0, 0, 0, 0, 0, 0, 0, 0, 0, 0, 0, 0, 0, 0, 0, 0, 0, 0, 0, 0, 0, 0, 0, 0, 0, 0, 0, 0, 0, 0, 0, 0, 0, 0, 0, 0, 0, 0, 0, 0, 0, 0, 0, 0, 0, 0, 0, 0, 0, 0, 0, 0, 0, 0, 0, 0, 0, 0, 0, 0, 0, 0, 0, 0, 0, 0, 0, 0, 0, 0, 0, 0, 0, 0, 0, 0, 0, 0, 0, 0, 0, 0, 0, 0, 0, 0, 0.00406504049897, 0, 0, 0.00609756074846, 0, 0, 0.0365853644907, 0, 0, 0.619918704033, 0, 0, 0.329268306494, 0, 0, 0, 0.00406504049897, 0, 0, 0, 0, 0, 0, 0, 0, 0, 0, 0, 0, 0, 0, 0, 0, 0, 0, 0, 0, 0, 0, 0, 0, 0, 0, 0, 0, 0, 0, 0, 0, 0, 0, 0, 0, 0, 0, 0, 0, 0, 0, 0, 0, 0, 0, 0, 0, 0, 0, 0, 0, 0, 0, 0, 0, 0, 0, 0, 0, 0, 0, 0, 0, 0, 0, 0, 0, 0, 0, 0, 0, 0, 0, 0, 0, 0, 0, 0, 0, 0, 0, 0, 0, 0, 0, 0, 0, 0, 0, 0, 0, 0, 0, 0, 0, 0, 0, 0, 0, 0, 0, 0, 0, 0, 0, 0, 0, 0, 0, 0, 0, 0, 0, 0, 0]
},
"tonal": {
    "chords_changes_rate": 0.0468998402357,
    "chords_number_rate": 0.00158982514404,
    "chords_strength": {
        "mean": 0.552815616131
    },
    "hpcp_crest": {
        "mean": 13.4793319702
    },
    "hpcp_entropy": {
        "mean": 1.98455429077
    },
    "key_edma": {
        "strength": 0.737019658089,
        "key": "F#",
        "scale": "major"
    },
    "key_krumhansl": {
        "strength": 0.745037078857,
        "key": "C#",
        "scale": "major"
    },
    "key_temperley": {
        "strength": 0.747966945171,
        "key": "C#",
        "scale": "major"
    },
    "tuning_diatonic_strength": 0.625041663647,
    "tuning_equal_tempered_deviation": 0.258523225784,
    "tuning_frequency": 434.193115234,
    "tuning_nontempered_energy_ratio": 0.970053136349,
    "hpcp": {
        "mean": [0.0534465648234, 0.0405218787491, 0.0343631915748, 0.0631585642695, 0.0768206641078, 0.0591427311301, 0.0412356853485, 0.0253290086985, 0.032312206924, 0.108287699521, 0.130173742771, 0.088613845408, 0.310271769762, 0.41109624505, 0.17152094841, 0.0433651097119, 0.0371717661619, 0.0563985705376, 0.143140330911, 0.157417818904, 0.0765066370368, 0.0578112825751, 0.0749696791172, 0.104741036892, 0.258585959673, 0.287400633097, 0.151671290398, 0.244381144643, 0.317079305649, 0.171118170023, 0.0722403377295, 0.0593659132719, 0.0708492174745, 0.249403312802, 0.318312078714, 0.143117368221]
    },
    "chords_histogram": [51.9475364685, 6.91573905945, 10.5325918198, 0, 0.139109700918, 0, 0, 0, 0, 0, 0, 0.715421319008, 0, 0, 0, 6.10095405579, 0, 0.655802845955, 0, 0.437201917171, 1.62957072258, 3.73608899117, 14.0898246765, 3.10015892982],
    "thpcp": [1, 0.417228192091, 0.105486512184, 0.0904210805893, 0.137190669775, 0.348191767931, 0.382922053337, 0.186103954911, 0.140627130866, 0.182365268469, 0.254784703255, 0.629015624523, 0.699107885361, 0.36894351244, 0.594462096691, 0.771301865578, 0.416248440742, 0.175726100802, 0.144408792257, 0.172342166305, 0.606678664684, 0.774300634861, 0.348135918379, 0.1300098598, 0.0985702946782, 0.0835891664028, 0.153634488583, 0.186867833138, 0.143865898252, 0.100306645036, 0.0616133287549, 0.0786001011729, 0.263412028551, 0.316650271416, 0.215554982424, 0.754742383957],
    "chords_key": "C#",
    "chords_scale": "major"
}
}