{
"metadata": {
    "version": {
        "essentia": "2.1-beta6-dev",
        "essentia_git_sha": "v2.1_beta5-1177-g1d1cc983",
        "extractor": "music 2.0"
    },
    "audio_properties": {
        "analysis": {
            "equal_loudness": 0,
            "length": 201.26739502,
            "sample_rate": 44100,
            "start_time": 0,
            "downmix": "mix"
        },
        "bit_rate": 1411200,
        "length": 201.26739502,
        "lossless": 1,
        "number_channels": 2,
        "replay_gain": -15.7300348282,
        "sample_rate": 44100,
        "codec": "pcm_s16le",
        "md5_encoded": "ee133bbc602d9d0965a8fc58569a07d2"
    },
    "tags": {
        "file_name": "04 - All Get Out - Movement.wav",
        "album": ["Movement"],
        "albumartist": ["All Get Out"],
        "artist": ["All Get Out"],
        "composer": ["Nathan Hussey"],
        "copyright": ["2015 Bad Timing Records and Many Hats Distribution 2015 Bad Timing Records and Many Hats Distribution"],
        "date": ["2015"],
        "discnumber": ["1"],
        "disctotal": ["1"],
        "genre": ["Alternative & Indie"],
        "isrc": ["QM87M1502104"],
        "title": ["Movement"],
        "tracknumber": ["4"],
        "tracktotal": ["5"]
    }
},
"lowlevel": {
    "average_loudness": 0.969071567059,
    "barkbands_crest": {
        "mean": 8.30262851715
    },
    "barkbands_flatness_db": {
        "mean": 0.0860609561205
    },
    "barkbands_kurtosis": {
        "mean": 1.42828130722
    },
    "barkbands_skewness": {
        "mean": 1.02127623558
    },
    "barkbands_spread": {
        "mean": 32.3881149292
    },
    "dissonance": {
        "mean": 0.478147923946
    },
    "dynamic_complexity": 2.02467513084,
    "erbbands_crest": {
        "mean": 7.25515556335
    },
    "erbbands_flatness_db": {
        "mean": 0.130642801523
    },
    "erbbands_kurtosis": {
        "mean": 0.0107346214354
    },
    "erbbands_skewness": {
        "mean": -0.122520953417
    },
    "erbbands_spread": {
        "mean": 37.8909988403
    },
    "hfc": {
        "mean": 31.9640026093
    },
    "loudness_ebu128": {
        "integrated": -6.51854801178,
        "loudness_range": 2.77086162567,
        "momentary": {
            "mean": -6.98175144196
        },
        "short_term": {
            "mean": -6.65481185913
        }
    },
    "melbands_crest": {
        "mean": 13.8191328049
    },
    "melbands_flatness_db": {
        "mean": 0.150942921638
    },
    "melbands_kurtosis": {
        "mean": 8.85684394836
    },
    "melbands_skewness": {
        "mean": 2.2038667202
    },
    "melbands_spread": {
        "mean": 34.9719276428
    },
    "pitch_salience": {
        "mean": 0.568705260754
    },
    "silence_rate_20dB": {
        "mean": 1
    },
    "silence_rate_30dB": {
        "mean": 1
    },
    "silence_rate_60dB": {
        "mean": 0.0153420232236
    },
    "spectral_centroid": {
        "mean": 1862.46923828
    },
    "spectral_complexity": {
        "mean": 33.2580451965
    },
    "spectral_decrease": {
        "mean": -8.00953969815e-09
    },
    "spectral_energy": {
        "mean": 0.0331290438771
    },
    "spectral_energyband_high": {
        "mean": 0.00135778717231
    },
    "spectral_energyband_low": {
        "mean": 0.0123744988814
    },
    "spectral_energyband_middle_high": {
        "mean": 0.00932195037603
    },
    "spectral_energyband_middle_low": {
        "mean": 0.0115602426231
    },
    "spectral_entropy": {
        "mean": 7.90557956696
    },
    "spectral_flux": {
        "mean": 0.0958441123366
    },
    "spectral_kurtosis": {
        "mean": 3.97456002235
    },
    "spectral_rms": {
        "mean": 0.00551469810307
    },
    "spectral_rolloff": {
        "mean": 2136.26977539
    },
    "spectral_skewness": {
        "mean": 1.39261209965
    },
    "spectral_spread": {
        "mean": 4519113.5
    },
    "spectral_strongpeak": {
        "mean": 0.901671886444
    },
    "zerocrossingrate": {
        "mean": 0.0760269537568
    },
    "barkbands": {
        "mean": [0.000771352846641, 0.00627420144156, 0.0040475926362, 0.00245342380367, 0.0024086094927, 0.00128734007012, 0.000949255656451, 0.00148489396088, 0.00262243486941, 0.0016355678672, 0.000928775174543, 0.000730361149181, 0.000606026267633, 0.000710461637937, 0.00121294986457, 0.000845648464747, 0.00075091177132, 0.000946325541008, 0.000835533137433, 0.000480751565192, 0.000333265285008, 0.000233703423874, 0.00020288277301, 0.000188437756151, 0.000114512404252, 6.14413947915e-05, 1.22151268442e-05]
    },
    "erbbands": {
        "mean": [0.26646181941, 1.10261356831, 4.05008029938, 7.11041307449, 9.1673116684, 6.48869752884, 8.58516311646, 11.2603206635, 14.1734781265, 17.0375614166, 41.0093917847, 57.407459259, 54.1426544189, 46.6607627869, 31.7644805908, 27.0443267822, 28.4027786255, 28.8476390839, 64.1703872681, 51.9473381042, 45.730922699, 45.0515441895, 53.6244850159, 40.4473991394, 40.0291900635, 22.5683078766, 14.6171627045, 12.1673135757, 8.44077396393, 6.92480039597, 5.65977191925, 4.53028202057, 2.70290064812, 1.37634313107, 0.780347168446, 0.393113434315, 0.0749779418111, 0.0164900533855, 0.00210848380812, 0.000126789178466]
    },
    "gfcc": {
        "mean": [51.7492179871, 69.579246521, -121.925018311, 35.1611671448, -46.9196395874, 13.9716291428, -30.6722984314, 16.5039997101, -22.8930854797, 0.14096134901, -22.5588951111, -3.2529091835, -12.6657590866],
        "cov": [[4749.02783203, 67.5841064453, -444.74597168, 33.7921485901, -132.272232056, -13.8640823364, -122.918785095, 85.2036437988, -47.3507881165, -25.1824302673, -55.2724075317, 28.3628387451, 12.3283634186], [67.5841064453, 846.469299316, -213.588363647, 70.2828369141, 80.1973953247, -52.8628997803, 83.4959640503, 10.3550653458, 56.1882705688, -15.1156606674, 90.3259429932, -20.3087253571, 66.7926864624], [-444.74597168, -213.588363647, 461.139007568, 22.2613620758, 102.774093628, 76.2838745117, 11.3202018738, 23.8725204468, 2.00203061104, 53.5084991455, -9.61069297791, 54.7861328125, -24.6246109009], [33.7921485901, 70.2828369141, 22.2613620758, 231.592529297, 63.7470283508, 41.1893692017, 10.6311483383, -12.6346530914, 37.3936691284, -5.29504585266, 36.7164955139, 7.94260120392, 32.3305244446], [-132.272232056, 80.1973953247, 102.774093628, 63.7470283508, 233.250076294, 68.1666412354, 62.7789916992, 45.1162719727, 12.7497158051, 26.0682678223, 20.138343811, 33.6492042542, 14.9494400024], [-13.8640823364, -52.8628997803, 76.2838745117, 41.1893692017, 68.1666412354, 167.725158691, 82.4001464844, 39.2341690063, 17.9377593994, 4.52553415298, 23.7885665894, 10.7803468704, 9.9715051651], [-122.918785095, 83.4959640503, 11.3202018738, 10.6311483383, 62.7789916992, 82.4001464844, 149.385253906, 61.2709312439, 27.9104366302, 13.2257213593, 10.0213031769, 6.3301243782, 3.08072280884], [85.2036437988, 10.3550653458, 23.8725204468, -12.6346530914, 45.1162719727, 39.2341690063, 61.2709312439, 116.799179077, 54.3576927185, 22.2892017365, 2.3800163269, 5.80993270874, 8.34863185883], [-47.3507881165, 56.1882705688, 2.00203061104, 37.3936691284, 12.7497158051, 17.9377593994, 27.9104366302, 54.3576927185, 101.132110596, 31.79870224, 27.3455162048, -9.10718345642, 19.7880916595], [-25.1824302673, -15.1156606674, 53.5084991455, -5.29504585266, 26.0682678223, 4.52553415298, 13.2257213593, 22.2892017365, 31.79870224, 82.6292037964, 17.874666214, 24.0982875824, -7.51520586014], [-55.2724075317, 90.3259429932, -9.61069297791, 36.7164955139, 20.138343811, 23.7885665894, 10.0213031769, 2.3800163269, 27.3455162048, 17.874666214, 97.5743484497, 25.560251236, 27.2927627563], [28.3628387451, -20.3087253571, 54.7861328125, 7.94260120392, 33.6492042542, 10.7803468704, 6.3301243782, 5.80993270874, -9.10718345642, 24.0982875824, 25.560251236, 70.4900894165, 18.8513526917], [12.3283634186, 66.7926864624, -24.6246109009, 32.3305244446, 14.9494400024, 9.9715051651, 3.08072280884, 8.34863185883, 19.7880916595, -7.51520586014, 27.2927627563, 18.8513526917, 65.7765197754]],
        "icov": [[0.000302474363707, -0.000129722437123, 0.000416106166085, -0.000260756845819, 0.000234513558098, -0.000495209300425, 0.000735639303457, -0.000784504343756, 0.000423291581683, -0.000232661564951, 0.000448631006293, -0.000592902535573, 0.000275717407931], [-0.000129722437123, 0.00219745072536, 0.000430473941378, 3.01442514683e-06, -0.00122035411187, 0.00221623643301, -0.00232224352658, 0.00100264896173, -0.000593563076109, 0.000519616645761, -0.00207691127434, 0.00161665212363, -0.00148813985288], [0.000416106166085, 0.000430473941378, 0.00394452083856, -0.000495480315294, -0.000942252343521, -0.00184266350698, 0.00172169588041, -0.000818217056803, -0.00018685660325, -0.00121116999071, 0.00143632583786, -0.00305291009136, 0.00191864417866], [-0.000260756845819, 3.01442514683e-06, -0.000495480315294, 0.00632775062695, -0.00194043770898, -0.000706632738002, -0.000285822694423, 0.00378548074514, -0.00417889701203, 0.00201563676819, -0.000897062302101, -2.99799212371e-05, -0.00130056659691], [0.000234513558098, -0.00122035411187, -0.000942252343521, -0.00194043770898, 0.00715238694102, -0.00195106072351, 7.68265454099e-05, -0.00310370512307, 0.00276528648101, -0.00177328952122, 0.000998034724034, -0.00173505605198, -9.4550101494e-05], [-0.000495209300425, 0.00221623643301, -0.00184266350698, -0.000706632738002, -0.00195106072351, 0.0126629862934, -0.00792481377721, 0.000784464005847, 8.53358578752e-05, 0.00206641410477, -0.00479587353766, 0.00372255523689, -0.00257129478268], [0.000735639303457, -0.00232224352658, 0.00172169588041, -0.000285822694423, 7.68265454099e-05, -0.00792481377721, 0.0152522306889, -0.0063603897579, 0.000838969368488, -0.00134243804496, 0.00329528655857, -0.00350859807804, 0.00351458322257], [-0.000784504343756, 0.00100264896173, -0.000818217056803, 0.00378548074514, -0.00310370512307, 0.000784464005847, -0.0063603897579, 0.0188571084291, -0.0111738294363, 0.00181274337228, 0.00114820944145, -0.000972693553194, -0.00117613724433], [0.000423291581683, -0.000593563076109, -0.00018685660325, -0.00417889701203, 0.00276528648101, 8.53358578752e-05, 0.000838969368488, -0.0111738294363, 0.0232491865754, -0.00943445600569, -0.00352067127824, 0.00887338910252, -0.00590944103897], [-0.000232661564951, 0.000519616645761, -0.00121116999071, 0.00201563676819, -0.00177328952122, 0.00206641410477, -0.00134243804496, 0.00181274337228, -0.00943445600569, 0.020092766732, -0.00236901687458, -0.00743948388845, 0.00624340167269], [0.000448631006293, -0.00207691127434, 0.00143632583786, -0.000897062302101, 0.000998034724034, -0.00479587353766, 0.00329528655857, 0.00114820944145, -0.00352067127824, -0.00236901687458, 0.0171681456268, -0.00753827719018, -0.000970991502982], [-0.000592902535573, 0.00161665212363, -0.00305291009136, -2.99799212371e-05, -0.00173505605198, 0.00372255523689, -0.00350859807804, -0.000972693553194, 0.00887338910252, -0.00743948388845, -0.00753827719018, 0.0272143371403, -0.010731998831], [0.000275717407931, -0.00148813985288, 0.00191864417866, -0.00130056659691, -9.4550101494e-05, -0.00257129478268, 0.00351458322257, -0.00117613724433, -0.00590944103897, 0.00624340167269, -0.000970991502982, -0.010731998831, 0.0243857093155]]
    },
    "melbands": {
        "mean": [0.0019923679065, 0.00184993434232, 0.0013018050231, 0.000567375100218, 0.000287972332444, 0.000256511033513, 0.000205073825782, 0.000215593347093, 0.000357599754352, 0.000370147143258, 0.000274210586213, 0.000200626614969, 0.00010942506924, 8.32468940644e-05, 6.59379293211e-05, 6.29343703622e-05, 5.04280105815e-05, 0.000101471770904, 9.09766677069e-05, 6.00805178692e-05, 5.09037126903e-05, 4.80359231005e-05, 4.6041659516e-05, 4.29102328781e-05, 3.14155731758e-05, 3.2157786336e-05, 2.32812017202e-05, 1.32601026053e-05, 8.66529171617e-06, 8.58357270772e-06, 6.56453539705e-06, 4.95922677146e-06, 4.02446994485e-06, 3.73699140255e-06, 3.2910011214e-06, 2.90449702334e-06, 2.79255664282e-06, 1.98331099455e-06, 1.50493065121e-06, 1.04188768546e-06]
    },
    "melbands128": {
        "mean": [0.000722542346921, 0.00249747559428, 0.00222841301002, 0.00160900456831, 0.00195096677635, 0.00196174369194, 0.00147312949412, 0.00116691004951, 0.000957217183895, 0.000576580234338, 0.000280721607851, 0.000270083226496, 0.000301304593449, 0.000292467419058, 0.000267172581516, 0.000205169650144, 0.000266916758846, 0.000195099011762, 0.000157237620442, 0.000133989247843, 0.000296602782328, 0.000320586579619, 0.000375984760467, 0.000405687722377, 0.000317443336826, 0.000454172550235, 0.000234908555285, 0.000215842490434, 0.000380118464818, 0.00018235220341, 0.000173017499037, 0.000156093243277, 7.60392358643e-05, 0.000105932995211, 0.000104835009552, 6.80570374243e-05, 5.42264751857e-05, 9.14605770959e-05, 4.54391629319e-05, 6.20917489869e-05, 7.67065066611e-05, 4.73332111142e-05, 3.95834176743e-05, 4.49430626759e-05, 9.97339520836e-05, 0.000117053430586, 9.64706414379e-05, 0.000121188655612, 6.94219270372e-05, 4.73532600154e-05, 7.31487598387e-05, 5.33570455445e-05, 5.36153456778e-05, 4.51330524811e-05, 5.42578673048e-05, 5.64541114727e-05, 3.45644366462e-05, 3.34122996719e-05, 5.54519610887e-05, 6.06833928032e-05, 4.22334669565e-05, 3.06606016238e-05, 2.85964270006e-05, 2.98359991575e-05, 3.98733209295e-05, 3.0542647437e-05, 2.90202733595e-05, 3.1471157854e-05, 2.05891174119e-05, 1.45872018038e-05, 1.40319471029e-05, 1.29228510559e-05, 8.13662791188e-06, 7.47456806494e-06, 9.610482266e-06, 9.35207026487e-06, 7.71482791606e-06, 7.34121022106e-06, 6.32744195173e-06, 6.02770478508e-06, 5.50270124222e-06, 4.18645686295e-06, 4.21951654062e-06, 3.93284881284e-06, 4.09871518059e-06, 3.77968399334e-06, 3.7908230297e-06, 3.18054708259e-06, 3.44058025803e-06, 3.18907450492e-06, 3.02200533042e-06, 2.85459896077e-06, 2.56535122389e-06, 2.94742926599e-06, 2.91459468826e-06, 2.29370925808e-06, 1.69154122887e-06, 1.6148302393e-06, 1.74057731783e-06, 1.32318064061e-06, 9.89620048131e-07, 1.04083835595e-06, 1.02228545984e-06, 1.04761454622e-06, 8.49497666877e-07, 7.18489673091e-07, 7.92438868302e-07, 9.98793780127e-07, 8.65294168761e-07, 3.83151444794e-07, 2.57382083646e-07, 2.7473166142e-07, 2.01080865736e-07, 1.74100705408e-07, 1.6804922609e-07, 1.20233153211e-07, 1.18146353145e-07, 1.20422157579e-07, 9.3391903988e-08, 6.05381700325e-08, 4.84374886867e-08, 4.43725305388e-08, 2.7334296604e-08, 1.58709489995e-08, 9.30573307301e-09, 5.6739613008e-09, 3.78535469636e-09, 2.8786950601e-09]
    },
    "mfcc": {
        "mean": [-589.741577148, 103.391616821, -13.3156251907, 26.4543876648, 5.45158815384, 3.97044467926, 3.77512931824, 10.0559387207, 6.40245628357, 7.22852659225, -0.891054332256, -5.20784044266, -3.41177964211],
        "cov": [[4362.54394531, -39.8813934326, -360.762359619, -28.9764404297, -72.4724197388, -123.294212341, -85.7373580933, 15.5153865814, -42.4577293396, 26.123254776, -62.6345596313, -66.1031341553, -62.5196762085], [-39.8813934326, 646.271850586, -145.553970337, 76.4174957275, -2.15601992607, -17.6711044312, 44.746509552, 16.251707077, 13.9607582092, 14.9924526215, 20.544298172, 26.1055831909, 32.256187439], [-360.762359619, -145.553970337, 303.26473999, -4.41590118408, 48.763874054, 45.0729522705, 0.055046916008, 5.62430477142, -0.460543930531, 0.153269648552, 9.81348419189, 18.9259738922, 17.6359767914], [-28.9764404297, 76.4174957275, -4.41590118408, 183.135574341, 58.7782974243, 34.8235588074, -4.4946680069, 1.69149637222, 4.45996284485, -3.62978601456, 2.37448406219, 7.16270208359, 23.7045116425], [-72.4724197388, -2.15601992607, 48.763874054, 58.7782974243, 170.601425171, 41.5702705383, 33.0785484314, 21.3090858459, 10.5663280487, 12.9571676254, -1.65199637413, 12.8734741211, 21.8207149506], [-123.294212341, -17.6711044312, 45.0729522705, 34.8235588074, 41.5702705383, 133.204452515, 62.4042015076, 31.2904224396, 8.85557174683, 3.82033085823, 13.3785924911, 8.86570262909, 14.3210277557], [-85.7373580933, 44.746509552, 0.055046916008, -4.4946680069, 33.0785484314, 62.4042015076, 122.372779846, 65.7812347412, 21.4571895599, 10.3194284439, 16.0270881653, 16.515165329, 10.6254148483], [15.5153865814, 16.251707077, 5.62430477142, 1.69149637222, 21.3090858459, 31.2904224396, 65.7812347412, 100.39806366, 48.9605712891, 25.6498451233, 12.9828586578, 13.0453214645, 8.42570209503], [-42.4577293396, 13.9607582092, -0.460543930531, 4.45996284485, 10.5663280487, 8.85557174683, 21.4571895599, 48.9605712891, 93.1989974976, 51.46434021, 19.4785022736, 3.9320371151, 8.60539722443], [26.123254776, 14.9924526215, 0.153269648552, -3.62978601456, 12.9571676254, 3.82033085823, 10.3194284439, 25.6498451233, 51.46434021, 85.2670593262, 34.2927703857, 11.5114746094, 0.960366725922], [-62.6345596313, 20.544298172, 9.81348419189, 2.37448406219, -1.65199637413, 13.3785924911, 16.0270881653, 12.9828586578, 19.4785022736, 34.2927703857, 65.4104309082, 31.8047523499, 10.9445791245], [-66.1031341553, 26.1055831909, 18.9259738922, 7.16270208359, 12.8734741211, 8.86570262909, 16.515165329, 13.0453214645, 3.9320371151, 11.5114746094, 31.8047523499, 67.8004455566, 34.3065261841], [-62.5196762085, 32.256187439, 17.6359767914, 23.7045116425, 21.8207149506, 14.3210277557, 10.6254148483, 8.42570209503, 8.60539722443, 0.960366725922, 10.9445791245, 34.3065261841, 66.9153747559]],
        "icov": [[0.00027920800494, 8.16629762994e-05, 0.000356210395694, -8.67197559273e-06, -6.73269994422e-07, 7.99844929134e-05, 0.000275290542049, -0.000435813475633, 0.000427286693593, -0.00036133613321, 0.000211135629797, 8.86831694515e-05, -4.80704011352e-06], [8.16629762994e-05, 0.002050221432, 0.000960069941357, -0.000999989337288, 0.000274626974715, 0.000836108170915, -0.00123954063747, 0.000253164267633, 0.000182499425136, -0.000439980358351, -0.000156412294018, -0.000249156699283, -0.00077817105921], [0.000356210395694, 0.000960069941357, 0.00466290814802, 0.000505537434947, -0.00109401729424, -0.00125731213484, 0.00141119468026, -0.000856867583934, 0.000590002106037, -9.07569847186e-05, -0.000287299102638, -0.000720881158486, -0.000686356681399], [-8.67197559273e-06, -0.000999989337288, 0.000505537434947, 0.00751006230712, -0.00258533330634, -0.00259104860015, 0.00312252133153, -0.000605026143603, -0.000587921065744, 0.00144000118598, -0.000817734980956, 0.000518807384651, -0.00141905655619], [-6.73269994422e-07, 0.000274626974715, -0.00109401729424, -0.00258533330634, 0.00797393918037, -0.000446550053312, -0.00226099300198, 0.000184424119652, 0.00056556542404, -0.00241851410829, 0.00263041281141, -0.000718332070392, -0.00119768944569], [7.99844929134e-05, 0.000836108170915, -0.00125731213484, -0.00259104860015, -0.000446550053312, 0.0120887486264, -0.00664166873321, 0.00042650103569, 0.000635487667751, -7.36393485568e-06, -0.0017046170542, 0.0018198643811, -0.00125556194689], [0.000275290542049, -0.00123954063747, 0.00141119468026, 0.00312252133153, -0.00226099300198, -0.00664166873321, 0.0184293799102, -0.0104762949049, 0.00182873825543, 0.00156602356583, -0.00181046547368, -0.000890534371138, 0.000423155084718], [-0.000435813475633, 0.000253164267633, -0.000856867583934, -0.000605026143603, 0.000184424119652, 0.00042650103569, -0.0104762949049, 0.0213860869408, -0.00961708556861, 0.000313450902468, 0.00173987646122, -0.00272987596691, 0.00107746035792], [0.000427286693593, 0.000182499425136, 0.000590002106037, -0.000587921065744, 0.00056556542404, 0.000635487667751, 0.00182873825543, -0.00961708556861, 0.0218713898212, -0.0111838560551, -0.000430456799222, 0.00419812183827, -0.00376994512044], [-0.00036133613321, -0.000439980358351, -9.07569847186e-05, 0.00144000118598, -0.00241851410829, -7.36393485568e-06, 0.00156602356583, 0.000313450902468, -0.0111838560551, 0.0226900111884, -0.00958551373333, -0.000404264952522, 0.00277806306258], [0.000211135629797, -0.000156412294018, -0.000287299102638, -0.000817734980956, 0.00263041281141, -0.0017046170542, -0.00181046547368, 0.00173987646122, -0.000430456799222, -0.00958551373333, 0.0265628434718, -0.0115489857271, 0.00198286492378], [8.86831694515e-05, -0.000249156699283, -0.000720881158486, 0.000518807384651, -0.000718332070392, 0.0018198643811, -0.000890534371138, -0.00272987596691, 0.00419812183827, -0.000404264952522, -0.0115489857271, 0.0270097125322, -0.0119535550475], [-4.80704011352e-06, -0.00077817105921, -0.000686356681399, -0.00141905655619, -0.00119768944569, -0.00125556194689, 0.000423155084718, 0.00107746035792, -0.00376994512044, 0.00277806306258, 0.00198286492378, -0.0119535550475, 0.0227039139718]]
    },
    "spectral_contrast_coeffs": {
        "mean": [-0.71137291193, -0.761294424534, -0.756131529808, -0.788899421692, -0.789539992809, -0.755912065506]
    },
    "spectral_contrast_valleys": {
        "mean": [-6.49380540848, -6.50920295715, -6.87508487701, -6.90101051331, -6.70582580566, -9.56155490875]
    }
},
"rhythm": {
    "beats_count": 485,
    "beats_loudness": {
        "mean": 0.0403367429972
    },
    "bpm": 144.954589844,
    "bpm_histogram_first_peak_bpm": 144,
    "bpm_histogram_first_peak_weight": 0.37420719862,
    "bpm_histogram_second_peak_bpm": 152,
    "bpm_histogram_second_peak_spread": 0,
    "bpm_histogram_second_peak_weight": 0.012396694161,
    "danceability": 1.30302810669,
    "onset_rate": 3.06038022041,
    "beats_loudness_band_ratio": {
        "mean": [0.502216935158, 0.108651928604, 0.144337177277, 0.101803295314, 0.118842743337, 0.0734793096781]
    },
    "beats_position": [0.441179126501, 0.882358253002, 1.33514738083, 1.78793644905, 2.2523355484, 2.69351458549, 3.11147379875, 3.52943301201, 3.94739222527, 4.35374164581, 4.76009082794, 5.17804956436, 5.59600877762, 6.01396799088, 6.43192720413, 6.83827638626, 7.24462556839, 7.66258478165, 8.06893444061, 8.48689365387, 8.893242836, 9.31120204926, 9.72916126251, 10.1471195221, 10.5650787354, 10.9830379486, 11.4009971619, 11.807346344, 12.2136955261, 12.6316547394, 13.0496139526, 13.4675731659, 13.8855323792, 14.3034915924, 14.7098407745, 15.1161899567, 15.5341491699, 15.9404983521, 16.3584575653, 16.7764167786, 17.1827659607, 17.600725174, 18.0070743561, 18.4134235382, 18.8313827515, 19.2493419647, 19.667301178, 20.0852603912, 20.4916095734, 20.8979587555, 21.3159179688, 21.733877182, 22.1518363953, 22.5697956085, 22.9761447906, 23.3941040039, 23.800453186, 24.2184123993, 24.6363716125, 25.0543308258, 25.4722900391, 25.9018592834, 26.3314285278, 26.7261676788, 27.132516861, 27.5388660431, 27.9336051941, 28.3515644073, 28.7695236206, 29.1874828339, 29.6054420471, 30.0117912292, 30.4181404114, 30.8360996246, 31.2540588379, 31.6720180511, 32.0783653259, 32.4847145081, 32.9026756287, 33.3206329346, 33.7385940552, 34.1449432373, 34.5629005432, 34.9692497253, 35.3872108459, 35.8051681519, 36.2231292725, 36.6410865784, 37.0474357605, 37.4537849426, 37.8717460632, 38.2897033691, 38.6960525513, 39.1140136719, 39.520362854, 39.9383201599, 40.3562812805, 40.7742385864, 41.1805877686, 41.5869369507, 42.0048980713, 42.4228553772, 42.8408164978, 43.2587738037, 43.6651229858, 44.071472168, 44.4894332886, 44.9073905945, 45.3253517151, 45.743309021, 46.1612701416, 46.5560073853, 46.9623565674, 47.380317688, 47.7866668701, 48.204624176, 48.6225852966, 49.0405426025, 49.4585037231, 49.8764610291, 50.2828102112, 50.6891593933, 51.1071205139, 51.5250778198, 51.9430389404, 52.3609962463, 52.7789573669, 53.1853065491, 53.5916557312, 54.0096130371, 54.4275741577, 54.8339233398, 55.240272522, 55.6582298279, 56.0761909485, 56.4941482544, 56.912109375, 57.3184585571, 57.7248077393, 58.1427650452, 58.5607261658, 58.9902954102, 59.4198646545, 59.8262138367, 60.2325630188, 60.6389122009, 61.0452613831, 61.463218689, 61.8695678711, 62.2759170532, 62.6938781738, 63.1118354797, 63.5297966003, 63.9477539062, 64.3541030884, 64.772064209, 65.1900177002, 65.5963668823, 66.0143280029, 66.4322891235, 66.8502502441, 67.2565994263, 67.6629486084, 68.0809020996, 68.4988632202, 68.9168243408, 69.3347854614, 69.7527389526, 70.1590881348, 70.5654373169, 70.9833984375, 71.3897476196, 71.8077087402, 72.2140579224, 72.632019043, 73.0615844727, 73.4795455933, 73.8858947754, 74.2922439575, 74.7102050781, 75.1165542603, 75.5229034424, 75.9408569336, 76.3588180542, 76.7767791748, 77.1947402954, 77.6010894775, 78.0190429688, 78.4253921509, 78.831741333, 79.2497024536, 79.6676635742, 80.0740127563, 80.4803619385, 80.8983230591, 81.3162765503, 81.7342376709, 82.1521987915, 82.5701599121, 82.9881134033, 83.3944625854, 83.8008117676, 84.2187728882, 84.6367340088, 85.0430831909, 85.449432373, 85.8673934937, 86.2853469849, 86.7033081055, 87.1212692261, 87.5276184082, 87.9339675903, 88.3519287109, 88.7698822021, 89.1878433228, 89.5941925049, 90.000541687, 90.4185028076, 90.8364639282, 91.2544174194, 91.67237854, 92.0903396606, 92.4966888428, 92.9030380249, 93.3209991455, 93.7389526367, 94.1453018188, 94.551651001, 94.9696121216, 95.3875732422, 95.8055343628, 96.223487854, 96.6414489746, 97.0477981567, 97.4541473389, 97.8721084595, 98.2900695801, 98.7080230713, 99.1143722534, 99.5207214355, 99.9386825562, 100.356643677, 100.774604797, 101.192558289, 101.610519409, 102.02848053, 102.434829712, 102.841178894, 103.247528076, 103.665489197, 104.071838379, 104.48979187, 104.907752991, 105.325714111, 105.743675232, 106.150024414, 106.556373596, 106.974327087, 107.392288208, 107.810249329, 108.22820282, 108.64616394, 109.052513123, 109.470474243, 109.888435364, 110.294784546, 110.701133728, 111.10748291, 111.525436401, 111.943397522, 112.361358643, 112.779319763, 113.185668945, 113.603622437, 114.009971619, 114.427932739, 114.84589386, 115.26385498, 115.670204163, 116.076553345, 116.494506836, 116.912467957, 117.330429077, 117.748390198, 118.166343689, 118.561088562, 118.979042053, 119.397003174, 119.814964294, 120.209701538, 120.627662659, 121.057228088, 121.463577271, 121.881538391, 122.299499512, 122.705848694, 123.112197876, 123.530158997, 123.948112488, 124.366073608, 124.784034729, 125.20199585, 125.619949341, 126.037910461, 126.444259644, 126.850608826, 127.268569946, 127.674919128, 128.081268311, 128.499221802, 128.917190552, 129.323532104, 129.741500854, 130.147842407, 130.565795898, 130.97215271, 131.378494263, 131.796463013, 132.214416504, 132.632385254, 133.050338745, 133.468292236, 133.886260986, 134.304214478, 134.710571289, 135.116912842, 135.534866333, 135.941223145, 136.347564697, 136.765533447, 137.183486938, 137.601455688, 138.007797241, 138.425750732, 138.843719482, 139.261672974, 139.668029785, 140.074371338, 140.492340088, 140.898681641, 141.316635132, 141.734603882, 142.152557373, 142.558914185, 142.965255737, 143.383224487, 143.801177979, 144.207519531, 144.625488281, 145.031829834, 145.449798584, 145.867752075, 146.285705566, 146.703674316, 147.121627808, 147.527984619, 147.94593811, 148.363891602, 148.781860352, 149.211425781, 149.629379272, 150.035736084, 150.442077637, 150.860046387, 151.277999878, 151.672744751, 152.079086304, 152.485443115, 152.903396606, 153.321365356, 153.739318848, 154.1456604, 154.56362915, 154.981582642, 155.387939453, 155.805892944, 156.212234497, 156.641815186, 157.059768677, 157.466125488, 157.872467041, 158.290420532, 158.708389282, 159.126342773, 159.544311523, 159.962265015, 160.368606567, 160.774963379, 161.19291687, 161.599273682, 162.005615234, 162.423583984, 162.841537476, 163.259490967, 163.665847778, 164.08380127, 164.490158081, 164.908111572, 165.326080322, 165.732421875, 166.138778687, 166.556732178, 166.974685669, 167.392654419, 167.81060791, 168.228561401, 168.646530151, 169.052871704, 169.459228516, 169.877182007, 170.283538818, 170.70149231, 171.107849121, 171.525802612, 171.943756104, 172.361724854, 172.768066406, 173.174423218, 173.592376709, 174.0103302, 174.42829895, 174.846252441, 175.264221191, 175.670562744, 176.076919556, 176.494873047, 176.912826538, 177.330795288, 177.748748779, 178.155105591, 178.561447144, 178.979400635, 179.397369385, 179.815322876, 180.221679688, 180.62802124, 181.04598999, 181.463943481, 181.881896973, 182.299865723, 182.706207275, 183.112564087, 183.530517578, 183.948471069, 184.354827881, 184.772781372, 185.179138184, 185.597091675, 186.015060425, 186.433013916, 186.839355469, 187.24571228, 187.663665771, 188.081634521, 188.499588013, 188.917541504, 189.323898315, 189.741851807, 190.159820557, 190.566162109, 190.984130859, 191.402084351, 191.808425903, 192.214782715, 192.632736206, 193.050704956, 193.468658447, 193.875015259, 194.281356812, 194.699310303, 195.117279053, 195.523620605, 195.929977417, 196.347930908, 196.765899658, 197.183853149, 197.601806641, 198.019775391, 198.426116943, 198.832473755, 199.238815308, 199.645172119, 200.06312561, 200.481079102, 200.887435913],
    "bpm_histogram": [0, 0, 0, 0, 0, 0, 0, 0, 0, 0, 0, 0, 0, 0, 0, 0, 0, 0, 0, 0, 0, 0, 0, 0, 0, 0, 0, 0, 0, 0, 0, 0, 0, 0, 0, 0, 0, 0, 0, 0, 0, 0, 0, 0, 0, 0, 0, 0, 0, 0, 0, 0, 0, 0, 0, 0, 0, 0, 0, 0, 0, 0, 0, 0, 0, 0, 0, 0, 0, 0, 0, 0, 0, 0, 0, 0, 0, 0, 0, 0, 0, 0, 0, 0, 0, 0, 0, 0, 0, 0, 0, 0, 0, 0, 0, 0, 0, 0, 0, 0, 0, 0, 0, 0, 0, 0, 0, 0, 0, 0, 0, 0, 0, 0, 0, 0, 0, 0, 0, 0, 0, 0, 0, 0, 0, 0, 0, 0, 0, 0.00206611561589, 0, 0, 0, 0.00413223123178, 0, 0, 0.00413223123178, 0, 0, 0, 0.0165289249271, 0, 0, 0, 0.611570239067, 0, 0, 0, 0.349173545837, 0, 0, 0, 0.012396694161, 0, 0, 0, 0, 0, 0, 0, 0, 0, 0, 0, 0, 0, 0, 0, 0, 0, 0, 0, 0, 0, 0, 0, 0, 0, 0, 0, 0, 0, 0, 0, 0, 0, 0, 0, 0, 0, 0, 0, 0, 0, 0, 0, 0, 0, 0, 0, 0, 0, 0, 0, 0, 0, 0, 0, 0, 0, 0, 0, 0, 0, 0, 0, 0, 0, 0, 0, 0, 0, 0, 0, 0, 0, 0, 0, 0, 0, 0, 0, 0, 0, 0, 0, 0, 0, 0, 0, 0, 0, 0, 0, 0, 0, 0, 0, 0, 0]
},
"tonal": {
    "chords_changes_rate": 0.0572087652981,
    "chords_number_rate": 0.00276816613041,
    "chords_strength": {
        "mean": 0.534552752972
    },
    "hpcp_crest": {
        "mean": 12.7935323715
    },
    "hpcp_entropy": {
        "mean": 2.11537671089
    },
    "key_edma": {
        "strength": 0.785722136497,
        "key": "C#",
        "scale": "major"
    },
    "key_krumhansl": {
        "strength": 0.795227766037,
        "key": "C#",
        "scale": "major"
    },
    "key_temperley": {
        "strength": 0.803492367268,
        "key": "C#",
        "scale": "major"
    },
    "tuning_diatonic_strength": 0.697605073452,
    "tuning_equal_tempered_deviation": 0.276620686054,
    "tuning_frequency": 434.193115234,
    "tuning_nontempered_energy_ratio": 0.95953220129,
    "hpcp": {
        "mean": [0.129261359572, 0.0979551002383, 0.0872575193644, 0.190848976374, 0.25418150425, 0.151531010866, 0.0711222738028, 0.0566239394248, 0.0553551502526, 0.0937739387155, 0.108249664307, 0.104470528662, 0.220663234591, 0.256549209356, 0.125435248017, 0.0689289793372, 0.0711940303445, 0.0811446458101, 0.174395680428, 0.216697916389, 0.126151874661, 0.0685167834163, 0.0676421448588, 0.0918413847685, 0.204928651452, 0.247472420335, 0.174411803484, 0.190241485834, 0.183383390307, 0.110742546618, 0.0868428573012, 0.0880272686481, 0.107831381261, 0.244052007794, 0.321724027395, 0.210612535477]
    },
    "chords_histogram": [37.0703582764, 2.60668969154, 17.5547866821, 0.0922721996903, 2.46828150749, 0.0692041516304, 3.8523645401, 0, 1.17647063732, 0, 0, 0, 0, 0, 0.0922721996903, 2.30680513382, 0, 0.253748565912, 0, 2.32987308502, 1.26874279976, 5.51326417923, 8.9042673111, 14.4405994415],
    "thpcp": [1, 0.654637277126, 0.401777148247, 0.304469347, 0.271218538284, 0.593207120895, 0.790060698986, 0.470996886492, 0.221066087484, 0.176001593471, 0.17205786705, 0.291473209858, 0.336467444897, 0.324720948935, 0.685877382755, 0.797420084476, 0.389884620905, 0.214248776436, 0.221289128065, 0.252218157053, 0.54206609726, 0.673552155495, 0.392112076283, 0.212967574596, 0.210248962045, 0.285466343164, 0.636970281601, 0.769207119942, 0.542116165161, 0.591318845749, 0.570002138615, 0.344215959311, 0.269929647446, 0.273611098528, 0.335167318583, 0.758575618267],
    "chords_key": "C#",
    "chords_scale": "major"
}
}