{
"metadata": {
    "version": {
        "essentia": "2.1-beta6-dev",
        "essentia_git_sha": "v2.1_beta5-1177-g1d1cc983",
        "extractor": "music 2.0"
    },
    "audio_properties": {
        "analysis": {
            "equal_loudness": 0,
            "length": 184.814147949,
            "sample_rate": 44100,
            "start_time": 0,
            "downmix": "mix"
        },
        "bit_rate": 1411200,
        "length": 184.814147949,
        "lossless": 1,
        "number_channels": 2,
        "replay_gain": -10.8410453796,
        "sample_rate": 44100,
        "codec": "pcm_s16le",
        "md5_encoded": "03c8c4a63bdd451639af8946a9980d50"
    },
    "tags": {
        "file_name": "10 - All Get Out - Trip.wav",
        "album": ["No Bouquet"],
        "albumartist": ["All Get Out"],
        "artist": ["All Get Out"],
        "composer": ["Nathan Michael Hussey"],
        "copyright": ["(C) 2018 Equal Vision Records, Inc. (P) 2018 Equal Vision Records, Inc."],
        "date": ["2018"],
        "discnumber": ["1"],
        "disctotal": ["1"],
        "genre": ["Alternative & Indie"],
        "isrc": ["US3X51838810"],
        "title": ["Trip"],
        "tracknumber": ["10"],
        "tracktotal": ["10"]
    }
},
"lowlevel": {
    "average_loudness": 0.92898017168,
    "barkbands_crest": {
        "mean": 9.37219333649
    },
    "barkbands_flatness_db": {
        "mean": 0.12079218775
    },
    "barkbands_kurtosis": {
        "mean": 4.3197889328
    },
    "barkbands_skewness": {
        "mean": 1.3240956068
    },
    "barkbands_spread": {
        "mean": 31.5125865936
    },
    "dissonance": {
        "mean": 0.477433860302
    },
    "dynamic_complexity": 5.03305101395,
    "erbbands_crest": {
        "mean": 7.58645391464
    },
    "erbbands_flatness_db": {
        "mean": 0.142632603645
    },
    "erbbands_kurtosis": {
        "mean": 0.436321675777
    },
    "erbbands_skewness": {
        "mean": -0.280029058456
    },
    "erbbands_spread": {
        "mean": 44.1362495422
    },
    "hfc": {
        "mean": 23.5759029388
    },
    "loudness_ebu128": {
        "integrated": -11.9520606995,
        "loudness_range": 6.23244476318,
        "momentary": {
            "mean": -15.1510124207
        },
        "short_term": {
            "mean": -14.3856210709
        }
    },
    "melbands_crest": {
        "mean": 15.6081666946
    },
    "melbands_flatness_db": {
        "mean": 0.17114263773
    },
    "melbands_kurtosis": {
        "mean": 17.9328250885
    },
    "melbands_skewness": {
        "mean": 2.94950461388
    },
    "melbands_spread": {
        "mean": 36.5380172729
    },
    "pitch_salience": {
        "mean": 0.532510340214
    },
    "silence_rate_20dB": {
        "mean": 1
    },
    "silence_rate_30dB": {
        "mean": 1
    },
    "silence_rate_60dB": {
        "mean": 0.0993593782187
    },
    "spectral_centroid": {
        "mean": 1923.59790039
    },
    "spectral_complexity": {
        "mean": 24.3871364594
    },
    "spectral_decrease": {
        "mean": -6.26079055266e-09
    },
    "spectral_energy": {
        "mean": 0.0257680490613
    },
    "spectral_energyband_high": {
        "mean": 0.0014224894112
    },
    "spectral_energyband_low": {
        "mean": 0.0124972481281
    },
    "spectral_energyband_middle_high": {
        "mean": 0.00555095588788
    },
    "spectral_energyband_middle_low": {
        "mean": 0.00761821540073
    },
    "spectral_entropy": {
        "mean": 7.82202482224
    },
    "spectral_flux": {
        "mean": 0.0732972621918
    },
    "spectral_kurtosis": {
        "mean": 3.02692317963
    },
    "spectral_rms": {
        "mean": 0.00460089696571
    },
    "spectral_rolloff": {
        "mean": 2520.04125977
    },
    "spectral_skewness": {
        "mean": 1.13602507114
    },
    "spectral_spread": {
        "mean": 4605196.5
    },
    "spectral_strongpeak": {
        "mean": 0.653435587883
    },
    "zerocrossingrate": {
        "mean": 0.0840472429991
    },
    "barkbands": {
        "mean": [4.90140228067e-05, 0.00472311768681, 0.00661275489256, 0.00189827859867, 0.00238042813726, 0.00102411792614, 0.000575473473873, 0.00052048265934, 0.000841750821564, 0.000642152968794, 0.000347128516296, 0.000509717327077, 0.000411661312683, 0.000489849713631, 0.000493974774145, 0.000713437097147, 0.000741743133403, 0.000589789415244, 0.00050690426724, 0.000522755028214, 0.000446278281743, 0.000273595156614, 0.00019016044098, 0.000164589975611, 7.61215997045e-05, 1.94161184481e-05, 3.32695799443e-06]
    },
    "erbbands": {
        "mean": [0.0657578781247, 1.37643063068, 7.32342433929, 6.90669727325, 8.00084686279, 7.29956436157, 7.16797876358, 7.61416625977, 7.57371616364, 10.38991642, 13.1930932999, 19.1477069855, 24.3947486877, 12.6981620789, 13.6092252731, 22.2668819427, 20.6983280182, 24.5882816315, 24.0490131378, 29.4395198822, 46.1847000122, 38.6340675354, 34.8191223145, 25.9887905121, 26.1679325104, 24.9918632507, 20.1592063904, 15.4697570801, 10.3273506165, 6.40483522415, 5.46346330643, 3.96718764305, 2.46646881104, 1.13907468319, 0.387240111828, 0.111475080252, 0.0313370749354, 0.00620603980497, 0.000505508913193, 5.81174099352e-05]
    },
    "gfcc": {
        "mean": [-16.628616333, 73.512008667, -121.489318848, 52.508026123, -52.1892051697, 10.4172515869, -33.0401039124, 6.42749595642, -21.259016037, -1.3111011982, -20.2664737701, -7.40065526962, -11.0416021347],
        "cov": [[23987.3222656, 2121.05273438, -986.287353516, 1658.96887207, -114.213546753, 1112.19470215, -485.125030518, 444.694030762, -152.292495728, 12.0850315094, -30.8678627014, -86.6859207153, -272.270751953], [2121.05273438, 2076.203125, -367.687866211, 223.31338501, 92.2079544067, -146.383148193, 265.467651367, -54.3031234741, 169.660568237, -85.7378234863, 27.7174568176, -124.049949646, 75.7909317017], [-986.287353516, -367.687866211, 1260.33190918, 47.8175392151, 59.2866325378, 195.522232056, -33.5252494812, 211.347167969, -40.5506095886, 50.7887878418, 26.4161758423, 7.19049358368, -72.6847000122], [1658.96887207, 223.31338501, 47.8175392151, 471.757141113, 86.7360305786, 61.9595603943, -2.61826682091, -7.65506029129, 29.506690979, 6.94557476044, 2.58333921432, -26.8157730103, -7.65818452835], [-114.213546753, 92.2079544067, 59.2866325378, 86.7360305786, 227.105926514, 58.5398521423, 51.4436569214, 23.9180355072, 35.9246253967, 5.27339076996, 10.8403635025, -3.88793802261, 3.90467047691], [1112.19470215, -146.383148193, 195.522232056, 61.9595603943, 58.5398521423, 297.445220947, -8.84121608734, 123.96786499, -28.8566055298, 17.0010643005, 18.0420246124, 9.92818164825, -42.8956184387], [-485.125030518, 265.467651367, -33.5252494812, -2.61826682091, 51.4436569214, -8.84121608734, 197.639923096, 4.94204330444, 52.8484916687, -5.69111347198, 6.44545173645, -19.4297504425, 17.4824008942], [444.694030762, -54.3031234741, 211.347167969, -7.65506029129, 23.9180355072, 123.96786499, 4.94204330444, 194.514297485, 21.9468536377, 22.0245552063, 20.2186450958, 6.20342445374, -24.6633262634], [-152.292495728, 169.660568237, -40.5506095886, 29.506690979, 35.9246253967, -28.8566055298, 52.8484916687, 21.9468536377, 115.949882507, 23.8106155396, 6.67183971405, -10.4824295044, 13.0680608749], [12.0850315094, -85.7378234863, 50.7887878418, 6.94557476044, 5.27339076996, 17.0010643005, -5.69111347198, 22.0245552063, 23.8106155396, 71.6669921875, 22.4553794861, 11.605837822, -6.29297637939], [-30.8678627014, 27.7174568176, 26.4161758423, 2.58333921432, 10.8403635025, 18.0420246124, 6.44545173645, 20.2186450958, 6.67183971405, 22.4553794861, 65.9410629272, 27.2892932892, 4.23603630066], [-86.6859207153, -124.049949646, 7.19049358368, -26.8157730103, -3.88793802261, 9.92818164825, -19.4297504425, 6.20342445374, -10.4824295044, 11.605837822, 27.2892932892, 68.8985824585, 20.4125595093], [-272.270751953, 75.7909317017, -72.6847000122, -7.65818452835, 3.90467047691, -42.8956184387, 17.4824008942, -24.6633262634, 13.0680608749, -6.29297637939, 4.23603630066, 20.4125595093, 63.4294128418]],
        "icov": [[0.000191021186765, -0.000373360817321, 0.000319564453093, -0.000564091897104, 0.000336740515195, -0.000660006247927, 0.000596521655098, -0.00050343159819, 0.000529208045918, -0.000543791102245, 0.000733976077754, -0.000697778305039, 0.000749489990994], [-0.000373360817321, 0.00164354231674, -0.000485006312374, 0.00073812995106, -0.000611790863331, 0.00149245618377, -0.00183437531814, 0.000872693955898, -0.00178845308255, 0.00235420977697, -0.0028684833087, 0.00314881815575, -0.00236100214534], [0.000319564453093, -0.000485006312374, 0.00162815314252, -0.00111507519614, 0.000329983886331, -0.00105851655826, 0.000888117589056, -0.00194825686049, 0.00150344858412, -0.00130945455749, 0.00107451761141, -0.00097135087708, 0.00174504087772], [-0.000564091897104, 0.00073812995106, -0.00111507519614, 0.00432942248881, -0.00176669249777, 0.00106729590334, -0.000927976681851, 0.00240572658367, -0.00216830777936, 0.0011644186452, -0.00207097548991, 0.00262969639152, -0.00218240055256], [0.000336740515195, -0.000611790863331, 0.000329983886331, -0.00176669249777, 0.00612156791613, -0.00238384329714, -5.29319513589e-05, -0.000452292704722, -0.000621888611931, -0.000395349372411, 0.000801654648967, -0.00121345801745, 0.000616937933955], [-0.000660006247927, 0.00149245618377, -0.00105851655826, 0.00106729590334, -0.00238384329714, 0.0082446532324, -0.00262639508583, -0.00180920341518, 0.000652698567137, 0.00150353484787, -0.00279219425283, 0.00150566268712, -0.000241079033003], [0.000596521655098, -0.00183437531814, 0.000888117589056, -0.000927976681851, -5.29319513589e-05, -0.00262639508583, 0.00890865363181, -0.00123930885457, -0.000492526567541, -0.00126284896396, 0.0017423502868, -0.000882507069036, 0.00109174801037], [-0.00050343159819, 0.000872693955898, -0.00194825686049, 0.00240572658367, -0.000452292704722, -0.00180920341518, -0.00123930885457, 0.0104884831235, -0.00487159984186, 0.0016624967102, -0.00307929422706, 0.00152483629063, -0.00103813374881], [0.000529208045918, -0.00178845308255, 0.00150344858412, -0.00216830777936, -0.000621888611931, 0.000652698567137, -0.000492526567541, -0.00487159984186, 0.0157066322863, -0.00777024123818, 0.00349172996357, -0.00129647948779, 0.000768032972701], [-0.000543791102245, 0.00235420977697, -0.00130945455749, 0.0011644186452, -0.000395349372411, 0.00150353484787, -0.00126284896396, 0.0016624967102, -0.00777024123818, 0.0216821096838, -0.00903426203877, 0.00240732030943, -0.000890914234333], [0.000733976077754, -0.0028684833087, 0.00107451761141, -0.00207097548991, 0.000801654648967, -0.00279219425283, 0.0017423502868, -0.00307929422706, 0.00349172996357, -0.00903426203877, 0.0257951952517, -0.0135814268142, 0.00497650634497], [-0.000697778305039, 0.00314881815575, -0.00097135087708, 0.00262969639152, -0.00121345801745, 0.00150566268712, -0.000882507069036, 0.00152483629063, -0.00129647948779, 0.00240732030943, -0.0135814268142, 0.0285003557801, -0.0133830951527], [0.000749489990994, -0.00236100214534, 0.00174504087772, -0.00218240055256, 0.000616937933955, -0.000241079033003, 0.00109174801037, -0.00103813374881, 0.000768032972701, -0.000890914234333, 0.00497650634497, -0.0133830951527, 0.0263623800129]]
    },
    "melbands": {
        "mean": [0.000935869233217, 0.00305842608213, 0.00124281819444, 0.000583326036576, 0.000246068811975, 0.000178689369932, 0.000118215612019, 0.000113972666441, 0.000115230948722, 0.000122251352877, 0.000119830656331, 4.95000786032e-05, 4.31142580055e-05, 4.73389445688e-05, 6.07162728556e-05, 4.12526169384e-05, 4.74226108054e-05, 3.75698327844e-05, 3.8883263187e-05, 4.33549430454e-05, 5.77548016736e-05, 4.34120920545e-05, 3.22694613715e-05, 2.62087542069e-05, 2.01540151465e-05, 2.03802483156e-05, 1.80501610885e-05, 1.5791705664e-05, 1.29122927319e-05, 1.00002716863e-05, 8.96740948519e-06, 6.25017901257e-06, 4.2320425564e-06, 3.22692403643e-06, 3.16135356115e-06, 2.83339159068e-06, 2.28189901463e-06, 1.76530636509e-06, 1.39071005378e-06, 8.25489792078e-07]
    },
    "melbands128": {
        "mean": [4.75537162856e-05, 0.000323203770677, 0.00102789362427, 0.00260158418678, 0.00402808981016, 0.00285146199167, 0.00140021077823, 0.000853958830703, 0.000805732735898, 0.000710216816515, 0.000339112419169, 0.000207922290429, 0.000247214105912, 0.000262295216089, 0.000167582707945, 0.000142927630804, 0.000130263899337, 9.48180022533e-05, 0.000139045572723, 0.000108995373012, 0.000115638787975, 8.34818492876e-05, 0.000121789154946, 0.000144394492963, 0.000109653556137, 0.000131631939439, 9.81120319921e-05, 0.000167965146829, 8.45648610266e-05, 3.76188909286e-05, 4.949959839e-05, 4.51224696008e-05, 3.51710696123e-05, 5.55801234441e-05, 2.83662193397e-05, 4.76928580611e-05, 6.85547056491e-05, 8.25320748845e-05, 3.48889625457e-05, 4.1810584662e-05, 4.9675887567e-05, 2.65360686171e-05, 4.90838137921e-05, 5.91732095927e-05, 4.03942030971e-05, 3.40199258062e-05, 3.26420667989e-05, 4.33096465713e-05, 3.88081971323e-05, 3.38063691743e-05, 4.5288426918e-05, 5.17674416187e-05, 5.05107018398e-05, 6.82963291183e-05, 5.89839146414e-05, 4.03491212637e-05, 3.05974608636e-05, 2.59769822151e-05, 3.57187309419e-05, 4.06938597735e-05, 2.22221315198e-05, 1.86708912224e-05, 2.22397211473e-05, 1.95853062905e-05, 1.8954715415e-05, 2.40492772718e-05, 1.76647918124e-05, 1.68557962752e-05, 1.80320603249e-05, 1.97981116798e-05, 1.66614590853e-05, 1.41082282425e-05, 1.15438688226e-05, 1.38792693178e-05, 1.28006922751e-05, 1.03343572846e-05, 8.80374591361e-06, 7.94646166469e-06, 1.00449733509e-05, 8.86007092049e-06, 6.44003648631e-06, 5.2899667935e-06, 5.01750855619e-06, 3.9384176489e-06, 3.92332049159e-06, 3.36129915013e-06, 2.86594627141e-06, 3.15429542752e-06, 3.06091646962e-06, 3.43654710377e-06, 2.94828555525e-06, 2.64395362137e-06, 2.6390343919e-06, 2.2754541078e-06, 2.05995024771e-06, 1.93329424292e-06, 1.58435750564e-06, 1.80272184025e-06, 1.48114588683e-06, 1.16508158499e-06, 9.20876345845e-07, 7.94824416062e-07, 6.84765780079e-07, 5.47779791304e-07, 4.01964143748e-07, 3.26791791849e-07, 2.6815939691e-07, 2.0019624003e-07, 1.79949594781e-07, 1.56473731749e-07, 1.30768398776e-07, 1.13153532766e-07, 8.9445173046e-08, 8.06200830539e-08, 6.66800019644e-08, 5.64673889869e-08, 4.3559335694e-08, 3.24785922601e-08, 2.14415756261e-08, 1.39977176516e-08, 8.71119087975e-09, 4.69586503016e-09, 3.7982350598e-09, 5.70182745463e-09, 8.04500110974e-09, 5.00781682788e-09, 1.36661471029e-09, 1.33186572882e-09]
    },
    "mfcc": {
        "mean": [-650.066162109, 95.3022613525, -5.09537649155, 39.0296363831, 5.94993925095, 8.82064723969, 0.448381841183, 2.95559096336, 5.63997220993, 2.36431908607, -2.82771396637, 1.98502469063, -4.74208879471],
        "cov": [[20655.0585938, 455.251220703, -355.003234863, 643.199157715, 672.163818359, 451.663146973, 178.467071533, 254.69493103, -55.2109451294, 172.958938599, -63.2905502319, 111.012161255, -81.7951278687], [455.251220703, 1488.92163086, -170.187438965, 256.989013672, -125.317199707, 19.2273731232, 24.630525589, 43.1528244019, 128.077926636, 10.6652326584, 55.0294532776, 8.89820575714, -0.682002007961], [-355.003234863, -170.187438965, 986.155883789, -13.4008903503, 225.082672119, -25.5135784149, 130.451049805, 90.2492523193, -22.698551178, 135.03604126, 6.12142896652, 40.5900764465, 42.223285675], [643.199157715, 256.989013672, -13.4008903503, 418.974395752, 28.5999965668, 81.2190170288, -15.1676921844, -23.7621002197, 51.9907341003, -21.6583023071, 33.2056083679, 4.4014749527, 2.38341927528], [672.163818359, -125.317199707, 225.082672119, 28.5999965668, 285.289123535, 41.1763534546, 59.6872024536, 61.6398468018, -2.05376124382, 63.3844490051, 0.671054840088, 41.8488616943, 14.967420578], [451.663146973, 19.2273731232, -25.5135784149, 81.2190170288, 41.1763534546, 156.877731323, 43.1872558594, 11.9469194412, 21.3166904449, -0.555983603001, 20.1512031555, 3.9833548069, -0.449062854052], [178.467071533, 24.630525589, 130.451049805, -15.1676921844, 59.6872024536, 43.1872558594, 144.814529419, 73.9979400635, 8.73722743988, 41.4838066101, 15.42182827, 17.516582489, 5.99894046783], [254.69493103, 43.1528244019, 90.2492523193, -23.7621002197, 61.6398468018, 11.9469194412, 73.9979400635, 121.58795166, 33.9617576599, 50.3116645813, 13.008849144, 20.0140628815, 9.244181633], [-55.2109451294, 128.077926636, -22.698551178, 51.9907341003, -2.05376124382, 21.3166904449, 8.73722743988, 33.9617576599, 95.132194519, 37.3541564941, 22.4578781128, 7.92323303223, 1.3726900816], [172.958938599, 10.6652326584, 135.03604126, -21.6583023071, 63.3844490051, -0.555983603001, 41.4838066101, 50.3116645813, 37.3541564941, 112.400917053, 32.8840065002, 19.2748584747, 7.88356208801], [-63.2905502319, 55.0294532776, 6.12142896652, 33.2056083679, 0.671054840088, 20.1512031555, 15.42182827, 13.008849144, 22.4578781128, 32.8840065002, 69.3970413208, 28.2780799866, 8.81789588928], [111.012161255, 8.89820575714, 40.5900764465, 4.4014749527, 41.8488616943, 3.9833548069, 17.516582489, 20.0140628815, 7.92323303223, 19.2748584747, 28.2780799866, 68.2485580444, 30.405090332], [-81.7951278687, -0.682002007961, 42.223285675, 2.38341927528, 14.967420578, -0.449062854052, 5.99894046783, 9.244181633, 1.3726900816, 7.88356208801, 8.81789588928, 30.405090332, 59.3223838806]],
        "icov": [[6.95596027072e-05, -2.38649481616e-05, 9.44742423599e-05, -0.000139831492561, -8.96903511602e-05, -0.000167318969034, 5.10004574608e-05, -0.000178639806109, 0.000328781316057, -0.000312596006552, 0.000318772625178, -0.000212387472857, 0.000173461725353], [-2.38649481616e-05, 0.000914082163945, 8.49360076245e-05, -0.000533120939508, 0.000519405293744, 0.000381091376767, -0.000390162691474, -0.000259032734903, -0.000852620520163, 7.25887293811e-05, -0.000198271489353, -8.96834753803e-05, -2.42551705014e-05], [9.44742423599e-05, 8.49360076245e-05, 0.00174599676393, -0.000574121717364, -0.000806623254903, 0.000500633905176, -0.00102575740311, -0.00019822147442, 0.00132296106312, -0.00209731515497, 0.000932905066293, -5.61506385566e-05, -0.000608283793554], [-0.000139831492561, -0.000533120939508, -0.000574121717364, 0.00395575165749, -0.000950399262365, -0.00104162830394, 0.000580644700676, 0.00162321166135, -0.00266135716811, 0.00276589859277, -0.00255288276821, 0.0012538844021, -0.000598165614065], [-8.96903511602e-05, 0.000519405293744, -0.000806623254903, -0.000950399262365, 0.00634502246976, -0.00149991863873, 0.000192831837921, -0.00179279653821, 0.00133630994242, -0.00271350052208, 0.00295867375098, -0.00374668161385, 0.000952458067331], [-0.000167318969034, 0.000381091376767, 0.000500633905176, -0.00104162830394, -0.00149991863873, 0.00952518265694, -0.0039074853994, 0.00157414050773, -0.00269767548889, 0.00259975832887, -0.00334412232041, 0.00225438876078, -0.000881865213159], [5.10004574608e-05, -0.000390162691474, -0.00102575740311, 0.000580644700676, 0.000192831837921, -0.0039074853994, 0.0126784099266, -0.00665350398049, 0.00270916568115, -0.00124966411386, -0.000292776938295, -0.000982703175396, 0.00109966099262], [-0.000178639806109, -0.000259032734903, -0.00019822147442, 0.00162321166135, -0.00179279653821, 0.00157414050773, -0.00665350398049, 0.0160268247128, -0.00581520749256, -0.00073847809108, -0.000246132782195, -0.000127310588141, -0.00119925488252], [0.000328781316057, -0.000852620520163, 0.00132296106312, -0.00266135716811, 0.00133630994242, -0.00269767548889, 0.00270916568115, -0.00581520749256, 0.019066311419, -0.00831140205264, 0.00174808152951, -0.00182602659333, 0.00122288032435], [-0.000312596006552, 7.25887293811e-05, -0.00209731515497, 0.00276589859277, -0.00271350052208, 0.00259975832887, -0.00124966411386, -0.00073847809108, -0.00831140205264, 0.0198612585664, -0.00979653280228, 0.00340614560992, -0.000839465355966], [0.000318772625178, -0.000198271489353, 0.000932905066293, -0.00255288276821, 0.00295867375098, -0.00334412232041, -0.000292776938295, -0.000246132782195, 0.00174808152951, -0.00979653280228, 0.0254816748202, -0.0114745646715, 0.00252690003254], [-0.000212387472857, -8.96834753803e-05, -5.61506385566e-05, 0.0012538844021, -0.00374668161385, 0.00225438876078, -0.000982703175396, -0.000127310588141, -0.00182602659333, 0.00340614560992, -0.0114745646715, 0.0265640802681, -0.0115426285192], [0.000173461725353, -2.42551705014e-05, -0.000608283793554, -0.000598165614065, 0.000952458067331, -0.000881865213159, 0.00109966099262, -0.00119925488252, 0.00122288032435, -0.000839465355966, 0.00252690003254, -0.0115426285192, 0.0230053253472]]
    },
    "spectral_contrast_coeffs": {
        "mean": [-0.700376212597, -0.773705005646, -0.771804511547, -0.798241734505, -0.802700638771, -0.742804288864]
    },
    "spectral_contrast_valleys": {
        "mean": [-6.98655033112, -7.21485948563, -7.8602180481, -7.62603521347, -7.23307943344, -10.1364469528]
    }
},
"rhythm": {
    "beats_count": 410,
    "beats_loudness": {
        "mean": 0.0294975731522
    },
    "bpm": 135.129241943,
    "bpm_histogram_first_peak_bpm": 136,
    "bpm_histogram_first_peak_weight": 0.3696808815,
    "bpm_histogram_second_peak_bpm": 129,
    "bpm_histogram_second_peak_spread": 0.315789461136,
    "bpm_histogram_second_peak_weight": 0.0317848399282,
    "danceability": 0.945075273514,
    "onset_rate": 2.79715228081,
    "beats_loudness_band_ratio": {
        "mean": [0.486347168684, 0.19706979394, 0.109126672149, 0.071980163455, 0.120624318719, 0.108807653189]
    },
    "beats_position": [0.46439909935, 0.940408170223, 1.40480720997, 1.8575963974, 2.31038546562, 2.76317453384, 3.21596360207, 3.66875267029, 4.1099319458, 4.55111122131, 4.99229001999, 5.4334692955, 5.87464857101, 6.31582736969, 6.7570066452, 7.19818592072, 7.65097475052, 8.10376358032, 8.54494285583, 8.98612213135, 9.42730140686, 9.8800907135, 10.3328800201, 10.774058342, 11.2152376175, 11.656416893, 12.0975961685, 12.538775444, 12.9799547195, 13.4211339951, 13.8623123169, 14.3034915924, 14.7446708679, 15.2090702057, 15.6618595123, 16.114648819, 16.5558280945, 16.99700737, 17.4381847382, 17.8909740448, 18.3437633514, 18.784942627, 19.2261219025, 19.667301178, 20.1084804535, 20.5612697601, 21.0140590668, 21.4552383423, 21.8964176178, 22.3375968933, 22.7787742615, 23.219953537, 23.6611328125, 24.102312088, 24.5434913635, 24.984670639, 25.4258499146, 25.8670291901, 26.3082084656, 26.7493877411, 27.2137870789, 27.6549663544, 28.0961437225, 28.5489330292, 29.0017223358, 29.4429016113, 29.8840808868, 30.3252601624, 30.7664394379, 31.2192287445, 31.6720180511, 32.1131973267, 32.5543746948, 32.9955558777, 33.4483451843, 33.8895225525, 34.3190917969, 34.7718811035, 35.2246704102, 35.6658477783, 36.1070289612, 36.5482063293, 36.9893875122, 37.4305648804, 37.8717460632, 38.3013153076, 38.7541046143, 39.2068939209, 39.6596832275, 40.1008605957, 40.5420417786, 40.9832191467, 41.4243965149, 41.8655776978, 42.3299751282, 42.7827644348, 43.2355537415, 43.6767349243, 44.1063041687, 44.5358734131, 44.9770507812, 45.4182319641, 45.8594093323, 46.3005905151, 46.7533760071, 47.1945571899, 47.6473464966, 48.0885238647, 48.5297050476, 48.994102478, 49.4352836609, 49.8764610291, 50.3292503357, 50.7820396423, 51.234828949, 51.6876182556, 52.1287956238, 52.5699768066, 53.0111541748, 53.4523353577, 53.8935127258, 54.3346939087, 54.7758712769, 55.2286605835, 55.6814498901, 56.122631073, 56.5638084412, 57.0165977478, 57.4693870544, 57.9105644226, 58.3633537292, 58.8161430359, 59.2573242188, 59.6868934631, 60.1164627075, 60.5692520142, 61.0104293823, 61.463218689, 61.9043960571, 62.34557724, 62.7867546082, 63.2395439148, 63.6923332214, 64.1335144043, 64.5746917725, 65.0158691406, 65.4570541382, 65.9098434448, 66.351020813, 66.7921981812, 67.2217712402, 67.6629486084, 68.1041259766, 68.5569152832, 69.0097045898, 69.450881958, 69.8920593262, 70.3332443237, 70.7744216919, 71.2155990601, 71.6567764282, 72.0979614258, 72.5391387939, 72.9919281006, 73.4447174072, 73.8975067139, 74.3502960205, 74.7914733887, 75.2326507568, 75.673828125, 76.1150131226, 76.5561904907, 76.9973678589, 77.4385452271, 77.8913345337, 78.3441238403, 78.7853012085, 79.2264862061, 79.6792755127, 80.1320648193, 80.5732421875, 81.0144195557, 81.4555969238, 81.8967819214, 82.3379592896, 82.7791366577, 83.2203140259, 83.661491394, 84.1026763916, 84.5322418213, 84.9850311279, 85.4262084961, 85.8673934937, 86.3085708618, 86.74974823, 87.1909255981, 87.6437149048, 88.0965042114, 88.5609054565, 89.0253067017, 89.4664840698, 89.907661438, 90.3488388062, 90.7900238037, 91.2312011719, 91.67237854, 92.1135559082, 92.5547409058, 93.0075302124, 93.460319519, 93.9131011963, 94.3542861938, 94.8070755005, 95.2482528687, 95.7010421753, 96.1538314819, 96.5833969116, 97.0129699707, 97.4541473389, 97.895324707, 98.3365097046, 98.7776870728, 99.2304763794, 99.6716537476, 100.124443054, 100.565620422, 101.006797791, 101.447982788, 101.900772095, 102.341949463, 102.79473877, 103.235916138, 103.688705444, 104.129882812, 104.582672119, 105.023849487, 105.465034485, 105.906211853, 106.347389221, 106.788566589, 107.229751587, 107.670928955, 108.112106323, 108.541679382, 108.971244812, 109.41242218, 109.853607178, 110.306388855, 110.747573853, 111.200363159, 111.641540527, 112.082717896, 112.523895264, 112.965080261, 113.406257629, 113.859046936, 114.311836243, 114.776237488, 115.217414856, 115.658592224, 116.088157654, 116.517730713, 116.958908081, 117.411697388, 117.864486694, 118.305664062, 118.74684906, 119.188026428, 119.629203796, 120.070381165, 120.53478241, 120.987571716, 121.440361023, 121.881538391, 122.334327698, 122.787117004, 123.239906311, 123.692695618, 124.133872986, 124.575057983, 125.004623413, 125.445800781, 125.898590088, 126.339767456, 126.792556763, 127.245346069, 127.698135376, 128.127700806, 128.568893433, 129.010070801, 129.451248169, 129.892425537, 130.333602905, 130.774780273, 131.204345703, 131.633926392, 132.07510376, 132.539505005, 132.980682373, 133.421859741, 133.863037109, 134.304214478, 134.757003784, 135.209793091, 135.662582397, 136.115371704, 136.568161011, 137.020950317, 137.462127686, 137.914916992, 138.35609436, 138.797271729, 139.238449097, 139.668029785, 140.120819092, 140.573608398, 141.014785767, 141.455963135, 141.908752441, 142.361541748, 142.814331055, 143.255508423, 143.708297729, 144.149475098, 144.590652466, 145.031829834, 145.473007202, 145.914199829, 146.355377197, 146.796554565, 147.237731934, 147.667297363, 148.108474731, 148.538040161, 148.979232788, 149.420410156, 149.861587524, 150.302764893, 150.755554199, 151.208343506, 151.661132812, 152.113922119, 152.566711426, 153.019500732, 153.460678101, 153.901855469, 154.343032837, 154.784210205, 155.225387573, 155.6665802, 156.107757568, 156.548934937, 156.990112305, 157.431289673, 157.872467041, 158.313644409, 158.754821777, 159.195999146, 159.648788452, 160.101577759, 160.554367065, 160.995559692, 161.436737061, 161.889526367, 162.342315674, 162.771881104, 163.22467041, 163.665847778, 164.118637085, 164.559814453, 165.000991821, 165.442169189, 165.883346558, 166.324539185, 166.777328491, 167.230117798, 167.671295166, 168.112472534, 168.553649902, 168.994827271, 169.436004639, 169.877182007, 170.329971313, 170.78276062, 171.223937988, 171.665115356, 172.129516602, 172.582305908, 173.035095215, 173.49949646, 173.963897705, 174.439910889, 174.915908813, 175.426757812, 175.937591553, 176.448425293, 176.924438477, 177.40045166, 177.876464844, 178.422134399, 178.967803955, 179.513473511, 180.105575562, 180.697677612, 181.289794922, 181.870285034, 182.439178467, 183.019683838, 183.588562012, 184.157455444],
    "bpm_histogram": [0, 0, 0, 0, 0, 0, 0, 0, 0, 0, 0, 0, 0, 0, 0, 0, 0, 0, 0, 0, 0, 0, 0, 0, 0, 0, 0, 0, 0, 0, 0, 0, 0, 0, 0, 0, 0, 0, 0, 0, 0, 0, 0, 0, 0, 0, 0, 0, 0, 0, 0, 0, 0, 0, 0, 0, 0, 0, 0, 0, 0, 0, 0, 0, 0, 0, 0, 0, 0, 0, 0, 0, 0, 0, 0, 0, 0, 0, 0, 0, 0, 0, 0, 0, 0, 0, 0, 0, 0, 0, 0, 0, 0, 0, 0, 0, 0, 0, 0, 0, 0, 0.00733496341854, 0, 0.00488997576758, 0, 0.00733496341854, 0, 0, 0, 0, 0.00733496341854, 0, 0, 0, 0, 0, 0, 0.00733496341854, 0, 0, 0, 0, 0, 0, 0, 0, 0.0146699268371, 0, 0, 0.0317848399282, 0, 0, 0, 0.286063581705, 0, 0, 0.579462110996, 0, 0, 0, 0.0537897311151, 0, 0, 0, 0, 0, 0, 0, 0, 0, 0, 0, 0, 0, 0, 0, 0, 0, 0, 0, 0, 0, 0, 0, 0, 0, 0, 0, 0, 0, 0, 0, 0, 0, 0, 0, 0, 0, 0, 0, 0, 0, 0, 0, 0, 0, 0, 0, 0, 0, 0, 0, 0, 0, 0, 0, 0, 0, 0, 0, 0, 0, 0, 0, 0, 0, 0, 0, 0, 0, 0, 0, 0, 0, 0, 0, 0, 0, 0, 0, 0, 0, 0, 0, 0, 0, 0, 0, 0, 0, 0, 0, 0, 0, 0, 0, 0, 0, 0, 0, 0, 0, 0, 0, 0, 0, 0, 0, 0, 0]
},
"tonal": {
    "chords_changes_rate": 0.0550113022327,
    "chords_number_rate": 0.00251193158329,
    "chords_strength": {
        "mean": 0.492593407631
    },
    "hpcp_crest": {
        "mean": 13.3149824142
    },
    "hpcp_entropy": {
        "mean": 1.99273812771
    },
    "key_edma": {
        "strength": 0.821356594563,
        "key": "Ab",
        "scale": "major"
    },
    "key_krumhansl": {
        "strength": 0.824265062809,
        "key": "Ab",
        "scale": "major"
    },
    "key_temperley": {
        "strength": 0.826598465443,
        "key": "Ab",
        "scale": "major"
    },
    "tuning_diatonic_strength": 0.64765650034,
    "tuning_equal_tempered_deviation": 0.0517719313502,
    "tuning_frequency": 442.03793335,
    "tuning_nontempered_energy_ratio": 0.694576144218,
    "hpcp": {
        "mean": [0.0535749420524, 0.0426016040146, 0.131260290742, 0.236079275608, 0.151711151004, 0.049350976944, 0.0435805283487, 0.0474908463657, 0.131768330932, 0.192602649331, 0.116811826825, 0.054513566196, 0.0538956671953, 0.0588917471468, 0.0947464779019, 0.109393298626, 0.0868996307254, 0.178477466106, 0.249555245042, 0.154852971435, 0.0767911225557, 0.0593670681119, 0.0600718222558, 0.147114127874, 0.194003462791, 0.111514255404, 0.0568360164762, 0.05594407022, 0.0671154409647, 0.145929768682, 0.191035315394, 0.139865413308, 0.205701649189, 0.337004154921, 0.231985524297, 0.0763527005911]
    },
    "chords_histogram": [32.9063034058, 15.5739765167, 20.8992710114, 2.81336355209, 5.2499370575, 0.0251193158329, 0.577744305134, 1.78347146511, 2.81336355209, 0, 0.226073846221, 0, 0, 0, 0, 0.150715902448, 0, 1.08013057709, 0, 0, 0, 0.200954526663, 2.63752818108, 13.0620450974],
    "thpcp": [1, 0.68837583065, 0.226563081145, 0.158974125981, 0.126412689686, 0.38949161768, 0.70052331686, 0.450175911188, 0.146440267563, 0.129317477345, 0.140920653939, 0.390999138355, 0.571514189243, 0.346618354321, 0.161759331822, 0.159925818443, 0.174750804901, 0.28114336729, 0.324605196714, 0.257859230042, 0.529600203037, 0.740510880947, 0.45949870348, 0.227864027023, 0.17616122961, 0.178252473474, 0.436535060406, 0.575670838356, 0.330898761749, 0.168650791049, 0.166004091501, 0.199153155088, 0.433020681143, 0.566863358021, 0.415025770664, 0.610383152962],
    "chords_key": "Ab",
    "chords_scale": "major"
}
}