{
"metadata": {
    "version": {
        "essentia": "2.1-beta6-dev",
        "essentia_git_sha": "v2.1_beta5-1177-g1d1cc983",
        "extractor": "music 2.0"
    },
    "audio_properties": {
        "analysis": {
            "equal_loudness": 0,
            "length": 247,
            "sample_rate": 44100,
            "start_time": 0,
            "downmix": "mix"
        },
        "bit_rate": 1411200,
        "length": 247,
        "lossless": 1,
        "number_channels": 2,
        "replay_gain": -14.6375656128,
        "sample_rate": 44100,
        "codec": "pcm_s16le",
        "md5_encoded": "3b2093f04611885547be3bfeeba49a4d"
    },
    "tags": {
        "file_name": "01 - All Get Out - Room To Talk.wav",
        "album": ["Nobody Likes A Quitter"],
        "albumartist": ["All Get Out"],
        "artist": ["All Get Out"],
        "composer": ["Nathan Hussey"],
        "copyright": ["2016 Bad Timing Records and Many Hats Distribution 2016 Bad Timing Records and Many Hats Distribution"],
        "date": ["2016"],
        "discnumber": ["1"],
        "disctotal": ["1"],
        "genre": ["Alternative & Indie"],
        "isrc": ["QM87M1604201"],
        "title": ["Room To Talk"],
        "tracknumber": ["1"],
        "tracktotal": ["10"]
    }
},
"lowlevel": {
    "average_loudness": 0.8877363801,
    "barkbands_crest": {
        "mean": 9.99436378479
    },
    "barkbands_flatness_db": {
        "mean": 0.148771196604
    },
    "barkbands_kurtosis": {
        "mean": 6.30626106262
    },
    "barkbands_skewness": {
        "mean": 1.97275793552
    },
    "barkbands_spread": {
        "mean": 19.3041648865
    },
    "dissonance": {
        "mean": 0.460269629955
    },
    "dynamic_complexity": 4.34634780884,
    "erbbands_crest": {
        "mean": 7.43425416946
    },
    "erbbands_flatness_db": {
        "mean": 0.153775051236
    },
    "erbbands_kurtosis": {
        "mean": -0.265074491501
    },
    "erbbands_skewness": {
        "mean": 0.207384184003
    },
    "erbbands_spread": {
        "mean": 44.6661911011
    },
    "hfc": {
        "mean": 15.9479389191
    },
    "loudness_ebu128": {
        "integrated": -7.95372533798,
        "loudness_range": 5.13205766678,
        "momentary": {
            "mean": -10.3600873947
        },
        "short_term": {
            "mean": -9.50327968597
        }
    },
    "melbands_crest": {
        "mean": 14.2660140991
    },
    "melbands_flatness_db": {
        "mean": 0.227677986026
    },
    "melbands_kurtosis": {
        "mean": 19.9717979431
    },
    "melbands_skewness": {
        "mean": 3.26458454132
    },
    "melbands_spread": {
        "mean": 17.1362915039
    },
    "pitch_salience": {
        "mean": 0.548777520657
    },
    "silence_rate_20dB": {
        "mean": 1
    },
    "silence_rate_30dB": {
        "mean": 0.99182254076
    },
    "silence_rate_60dB": {
        "mean": 0.0882601737976
    },
    "spectral_centroid": {
        "mean": 1203.28442383
    },
    "spectral_complexity": {
        "mean": 19.7635116577
    },
    "spectral_decrease": {
        "mean": -8.22997048289e-09
    },
    "spectral_energy": {
        "mean": 0.0325083844364
    },
    "spectral_energyband_high": {
        "mean": 0.000443564524176
    },
    "spectral_energyband_low": {
        "mean": 0.0161193348467
    },
    "spectral_energyband_middle_high": {
        "mean": 0.00411878572777
    },
    "spectral_energyband_middle_low": {
        "mean": 0.0145977083594
    },
    "spectral_entropy": {
        "mean": 7.45695543289
    },
    "spectral_flux": {
        "mean": 0.0844060331583
    },
    "spectral_kurtosis": {
        "mean": 5.23671293259
    },
    "spectral_rms": {
        "mean": 0.00507722096518
    },
    "spectral_rolloff": {
        "mean": 1140.73962402
    },
    "spectral_skewness": {
        "mean": 1.54259204865
    },
    "spectral_spread": {
        "mean": 4084148.5
    },
    "spectral_strongpeak": {
        "mean": 0.584832549095
    },
    "zerocrossingrate": {
        "mean": 0.0460308901966
    },
    "barkbands": {
        "mean": [0.000251478166319, 0.00750458892435, 0.00563298957422, 0.00496203219518, 0.00430024508387, 0.00179221224971, 0.00124541204423, 0.000907812674996, 0.00131238298491, 0.000437786540715, 0.000709044397809, 0.000456099427538, 0.000287831935566, 0.000422497629188, 0.000315831304761, 0.000305863301037, 0.000258302636212, 0.000424838566687, 0.000373202521587, 0.000243460890488, 0.000126872691908, 9.29778834688e-05, 5.62093082408e-05, 5.12473052368e-05, 2.53827547567e-05, 9.4095703389e-06, 2.27090185945e-06]
    },
    "erbbands": {
        "mean": [0.158718004823, 1.87952339649, 6.04255390167, 13.0385055542, 15.1373176575, 14.7069816589, 14.1122846603, 13.5628938675, 13.3543901443, 22.6605052948, 28.048406601, 22.0446014404, 17.3201656342, 23.1327857971, 20.3155212402, 17.1950645447, 14.8930749893, 19.7139186859, 17.9980144501, 16.7248764038, 17.0845851898, 16.8636264801, 22.5065040588, 20.137468338, 19.5782146454, 9.88529968262, 6.49193191528, 4.08139514923, 3.49117302895, 2.23014807701, 1.53716611862, 1.09476649761, 0.837392091751, 0.394791841507, 0.124676629901, 0.0453715547919, 0.0159159004688, 0.00384292448871, 0.000389855529647, 5.44139438716e-05]
    },
    "gfcc": {
        "mean": [-23.475566864, 111.635894775, -116.201690674, 37.5791893005, -49.5482673645, 6.03215074539, -32.388420105, 8.95065498352, -24.1613941193, -4.06784772873, -10.0600194931, -7.18962097168, -11.058218956],
        "cov": [[17923.3027344, 37.4007644653, -70.210975647, 1252.671875, -424.498626709, 818.992370605, -539.816345215, 480.972320557, -422.990692139, -30.2946453094, -339.219787598, -183.761734009, -538.171203613], [37.4007644653, 1116.10827637, 13.6709403992, -24.4773006439, 338.616027832, 38.6768951416, 157.800308228, 67.2019958496, 124.123886108, -21.9064769745, 110.747276306, -116.736625671, 43.4315414429], [-70.210975647, 13.6709403992, 1417.92565918, 237.68762207, 365.881469727, 342.243682861, 65.4049758911, 147.411026001, 107.161911011, 105.947616577, -3.54780292511, -34.9005966187, -103.244338989], [1252.671875, -24.4773006439, 237.68762207, 460.546356201, 81.9735946655, 104.656974792, -18.6410522461, 30.0960998535, 16.0680427551, -4.73124217987, -27.5586776733, -6.83224344254, -21.5364303589], [-424.498626709, 338.616027832, 365.881469727, 81.9735946655, 450.63873291, 121.130851746, 98.9932098389, 88.4749984741, 77.9935913086, 17.8868980408, 49.6993141174, -49.3079948425, -1.11095952988], [818.992370605, 38.6768951416, 342.243682861, 104.656974792, 121.130851746, 267.904388428, 35.998752594, 76.3768310547, 14.8090162277, 24.6688995361, -12.9173583984, -31.0410404205, -54.0016441345], [-539.816345215, 157.800308228, 65.4049758911, -18.6410522461, 98.9932098389, 35.998752594, 184.673416138, 48.9338760376, 36.6277351379, 4.13728761673, 24.8683319092, -0.0753560066223, -1.84031665325], [480.972320557, 67.2019958496, 147.411026001, 30.0960998535, 88.4749984741, 76.3768310547, 48.9338760376, 218.794250488, 17.1927566528, 8.3899307251, 42.0481872559, -69.0324630737, -51.3773193359], [-422.990692139, 124.123886108, 107.161911011, 16.0680427551, 77.9935913086, 14.8090162277, 36.6277351379, 17.1927566528, 113.275779724, 34.7533149719, 7.34909629822, -10.751206398, 16.4335098267], [-30.2946453094, -21.9064769745, 105.947616577, -4.73124217987, 17.8868980408, 24.6688995361, 4.13728761673, 8.3899307251, 34.7533149719, 76.8481750488, 10.6544513702, 11.1574811935, -7.01255226135], [-339.219787598, 110.747276306, -3.54780292511, -27.5586776733, 49.6993141174, -12.9173583984, 24.8683319092, 42.0481872559, 7.34909629822, 10.6544513702, 92.0215835571, -5.58810043335, 13.6270294189], [-183.761734009, -116.736625671, -34.9005966187, -6.83224344254, -49.3079948425, -31.0410404205, -0.0753560066223, -69.0324630737, -10.751206398, 11.1574811935, -5.58810043335, 116.58177948, 32.8270301819], [-538.171203613, 43.4315414429, -103.244338989, -21.5364303589, -1.11095952988, -54.0016441345, -1.84031665325, -51.3773193359, 16.4335098267, -7.01255226135, 13.6270294189, 32.8270301819, 85.8310394287]],
        "icov": [[0.000249933014857, -0.000504631898366, 0.000273636629572, -0.000610823452007, 0.000326446053805, -0.000652963120956, 0.000867200898938, -0.00082519184798, 0.000957802752964, -0.000678978336509, 0.00105087528937, -0.00065618212102, 0.000961660349276], [-0.000504631898366, 0.00277781137265, -0.000271322234767, 0.00130301516037, -0.00155175512191, 0.00100912747439, -0.00252583459951, 0.00237936456688, -0.0033345958218, 0.0023533157073, -0.00373882101849, 0.00293118786067, -0.00228095636703], [0.000273636629572, -0.000271322234767, 0.00172389484942, -0.000916659482755, -0.00054915464716, -0.00178135256283, 0.00107950856909, -0.000960950157605, 0.000251349527389, -0.00159416534007, 0.00112258153968, -0.000998302362859, 0.00204193918034], [-0.000610823452007, 0.00130301516037, -0.000916659482755, 0.00410150783136, -0.00110456184484, 0.00091928296024, -0.0014776031021, 0.00177201454062, -0.00280320760794, 0.00264791678637, -0.0019726480823, 0.00119161431212, -0.0023591753561], [0.000326446053805, -0.00155175512191, -0.00054915464716, -0.00110456184484, 0.00473673082888, -0.00140588812064, 0.000284883397399, -0.00143638520967, 0.000695266993716, -0.000450031831861, 0.000497956934851, -0.000391964160372, 0.000118395997561], [-0.000652963120956, 0.00100912747439, -0.00178135256283, 0.00091928296024, -0.00140588812064, 0.00815515313298, -0.00285910745151, 0.00114358682185, -0.00110883882735, 0.000547677511349, -0.000962590565905, 0.00185764324851, -0.00108152930625], [0.000867200898938, -0.00252583459951, 0.00107950856909, -0.0014776031021, 0.000284883397399, -0.00285910745151, 0.0103860544041, -0.00441208062693, 0.00178830255754, -0.00138378911652, 0.00357447564602, -0.00491014355794, 0.00428482471034], [-0.00082519184798, 0.00237936456688, -0.000960950157605, 0.00177201454062, -0.00143638520967, 0.00114358682185, -0.00441208062693, 0.0108505198732, -0.00425057299435, 0.0029632805381, -0.00789008010179, 0.0059507614933, 4.46407393611e-05], [0.000957802752964, -0.0033345958218, 0.000251349527389, -0.00280320760794, 0.000695266993716, -0.00110883882735, 0.00178830255754, -0.00425057299435, 0.0185307227075, -0.00985645409673, 0.00737949181348, -0.00115132809151, -0.000987294013612], [-0.000678978336509, 0.0023533157073, -0.00159416534007, 0.00264791678637, -0.000450031831861, 0.000547677511349, -0.00138378911652, 0.0029632805381, -0.00985645409673, 0.0210173223168, -0.0070047872141, -0.000684055383317, 0.00035964732524], [0.00105087528937, -0.00373882101849, 0.00112258153968, -0.0019726480823, 0.000497956934851, -0.000962590565905, 0.00357447564602, -0.00789008010179, 0.00737949181348, -0.0070047872141, 0.02081505768, -0.00436622509733, 0.000470914877951], [-0.00065618212102, 0.00293118786067, -0.000998302362859, 0.00119161431212, -0.000391964160372, 0.00185764324851, -0.00491014355794, 0.0059507614933, -0.00115132809151, -0.000684055383317, -0.00436622509733, 0.0158424265683, -0.0070803030394], [0.000961660349276, -0.00228095636703, 0.00204193918034, -0.0023591753561, 0.000118395997561, -0.00108152930625, 0.00428482471034, 4.46407393611e-05, -0.000987294013612, 0.00035964732524, 0.000470914877951, -0.0070803030394, 0.022990224883]]
    },
    "melbands": {
        "mean": [0.00177171174437, 0.00303725316189, 0.00230641406961, 0.00106373627204, 0.000516927975696, 0.000315861194395, 0.000214788364246, 0.000231200945564, 0.000252697733231, 0.000136700924486, 8.62514643813e-05, 9.10200542421e-05, 8.68246061145e-05, 3.95482638851e-05, 5.02174370922e-05, 2.86879112537e-05, 3.75977979274e-05, 3.02162643493e-05, 2.37420335907e-05, 2.06917229661e-05, 1.86691831914e-05, 1.56848163897e-05, 2.13959119719e-05, 1.79746275535e-05, 1.60564941325e-05, 1.47965465658e-05, 1.26066825032e-05, 5.02001239511e-06, 4.32661408922e-06, 2.79709661299e-06, 2.23298934543e-06, 2.09327981793e-06, 1.54853250933e-06, 1.1239307014e-06, 9.17056695471e-07, 7.49470586925e-07, 6.3071081513e-07, 6.07580602718e-07, 4.8206561587e-07, 2.82706281496e-07]
    },
    "melbands128": {
        "mean": [0.000238363165408, 0.00103078095708, 0.00228600134142, 0.0034222912509, 0.00310535612516, 0.00280888308771, 0.00275779119693, 0.0023293311242, 0.00138927064836, 0.00108558556531, 0.000784346368164, 0.000546627270523, 0.000466445519123, 0.000475077715237, 0.000278011022601, 0.000262825458776, 0.000227801501751, 0.000156377907842, 0.000247707415838, 0.000318417063681, 0.000165325080161, 0.000169787206687, 0.000291711476166, 0.000340243423125, 7.90686317487e-05, 9.74748109002e-05, 0.000138410439831, 5.2142477216e-05, 9.10409289645e-05, 5.84894696658e-05, 9.81058037723e-05, 0.000141367185279, 0.000103868987935, 2.57749688899e-05, 4.89941703563e-05, 3.31306473527e-05, 3.76465541194e-05, 8.36020699353e-05, 2.76751379715e-05, 2.42052483372e-05, 2.57084338955e-05, 4.06873259635e-05, 3.87366235373e-05, 3.26035260514e-05, 4.14505520894e-05, 2.9568982427e-05, 1.81132727448e-05, 2.67891919066e-05, 2.33099744946e-05, 2.27303244174e-05, 1.76391404239e-05, 2.10732341657e-05, 2.70154087048e-05, 1.3487166143e-05, 9.71979352471e-06, 1.81676241482e-05, 1.82382427738e-05, 1.72483560164e-05, 2.60906490439e-05, 2.32246857195e-05, 1.44925470522e-05, 1.58084421855e-05, 1.98035577341e-05, 1.32834038595e-05, 1.57712293003e-05, 1.58638631547e-05, 1.21056982607e-05, 1.78049685928e-05, 1.19645164887e-05, 6.58507997287e-06, 5.29444196218e-06, 3.97545500164e-06, 4.06386243412e-06, 4.9018253776e-06, 4.01330908062e-06, 2.74115791399e-06, 2.32505772146e-06, 2.31389117289e-06, 2.10912162402e-06, 2.39588530349e-06, 2.0517811663e-06, 2.08875167118e-06, 1.80705103503e-06, 1.52095788053e-06, 1.35090090225e-06, 1.07503194613e-06, 1.12002533115e-06, 1.05944832285e-06, 9.19818546663e-07, 7.90301328379e-07, 7.77172601829e-07, 7.59184445087e-07, 6.74655382227e-07, 6.22416393981e-07, 6.03867704285e-07, 6.0148721559e-07, 6.17509385847e-07, 6.15292435668e-07, 4.95180131566e-07, 4.13806304778e-07, 3.57218027602e-07, 2.532030976e-07, 2.09079416891e-07, 1.71549316974e-07, 1.33731063556e-07, 9.89684494357e-08, 8.51471710916e-08, 8.58050697161e-08, 7.61455112297e-08, 7.13092944693e-08, 6.21770794851e-08, 5.30907371399e-08, 4.96629191105e-08, 4.16301269013e-08, 4.40690115511e-08, 3.78458651085e-08, 2.66897970391e-08, 1.99841494464e-08, 1.44196743435e-08, 1.09574269658e-08, 8.77566996849e-09, 6.70392275026e-09, 4.78534634141e-09, 3.6863523345e-09, 2.77088019196e-09, 1.8914438904e-09, 1.34654842832e-09, 3.96589733276e-10]
    },
    "mfcc": {
        "mean": [-660.764770508, 135.674423218, -2.84789848328, 30.9788780212, 6.60077810287, -0.643552005291, 6.52822685242, 4.59360742569, -3.85660099983, 2.63295936584, 0.614169836044, -3.05200052261, -1.96079707146],
        "cov": [[12611.4228516, -64.5590820312, 604.887878418, 707.217590332, 535.281433105, 287.586883545, 205.185333252, 259.515472412, -1.238270998, 116.050666809, -60.7652359009, 55.9014091492, -139.811157227], [-64.5590820312, 1134.88806152, -0.324324607849, 0.455675542355, 206.919021606, 19.3519744873, 151.970962524, 72.183265686, 52.9279937744, 130.374359131, 75.7680206299, 61.5752716064, 34.272819519], [604.887878418, -0.324324607849, 933.661315918, 103.516899109, 293.388366699, 187.642242432, 99.4477615356, 73.5939865112, 79.9267501831, 131.921417236, 64.7793273926, 154.743682861, 23.858001709], [707.217590332, 0.455675542355, 103.516899109, 324.376373291, 118.364585876, 69.882019043, 13.8140687943, 40.1132583618, 38.9180374146, 4.36475324631, -9.63841152191, 48.4430885315, 18.7042713165], [535.281433105, 206.919021606, 293.388366699, 118.364585876, 407.718505859, 90.705291748, 119.902503967, 63.9539146423, 53.3990707397, 127.269317627, 42.1406898499, 80.7509765625, 5.73314285278], [287.586883545, 19.3519744873, 187.642242432, 69.882019043, 90.705291748, 262.427368164, 3.12743735313, 25.3885917664, 59.8727264404, -13.650841713, -1.4502120018, 33.9345436096, 6.60946083069], [205.185333252, 151.970962524, 99.4477615356, 13.8140687943, 119.902503967, 3.12743735313, 195.635757446, 92.2025680542, 15.3650684357, 83.254989624, 55.8114585876, 32.7513008118, 5.86657619476], [259.515472412, 72.183265686, 73.5939865112, 40.1132583618, 63.9539146423, 25.3885917664, 92.2025680542, 128.100280762, 37.3041038513, 44.3016815186, 33.2242126465, 22.3794174194, 9.47105121613], [-1.238270998, 52.9279937744, 79.9267501831, 38.9180374146, 53.3990707397, 59.8727264404, 15.3650684357, 37.3041038513, 97.5648040771, 46.3557472229, 15.2165174484, 25.1680145264, 11.1000623703], [116.050666809, 130.374359131, 131.921417236, 4.36475324631, 127.269317627, -13.650841713, 83.254989624, 44.3016815186, 46.3557472229, 156.728057861, 58.7184028625, 36.0445899963, 7.31199598312], [-60.7652359009, 75.7680206299, 64.7793273926, -9.63841152191, 42.1406898499, -1.4502120018, 55.8114585876, 33.2242126465, 15.2165174484, 58.7184028625, 86.9964828491, 32.3910675049, 2.64794969559], [55.9014091492, 61.5752716064, 154.743682861, 48.4430885315, 80.7509765625, 33.9345436096, 32.7513008118, 22.3794174194, 25.1680145264, 36.0445899963, 32.3910675049, 99.6348800659, 28.646774292], [-139.811157227, 34.272819519, 23.858001709, 18.7042713165, 5.73314285278, 6.60946083069, 5.86657619476, 9.47105121613, 11.1000623703, 7.31199598312, 2.64794969559, 28.646774292, 72.7686538696]],
        "icov": [[0.000104480081063, 8.05226682132e-06, -2.94573310384e-05, -0.000207982360735, -2.65811468125e-05, -8.46846960485e-05, 2.77265826298e-06, -0.000201050788746, 0.000250373122981, -0.000147627783008, 0.00018645975797, 3.50411428371e-05, 0.000251855875831], [8.05226682132e-06, 0.00113808817696, 0.000369409477571, 0.00019063113723, -0.000483934185468, -0.000148866718519, -0.000492133840453, 5.34803402843e-05, -0.000220955786062, -0.000368956068996, -0.00026427974808, -0.000400532153435, -0.000368228385923], [-2.94573310384e-05, 0.000369409477571, 0.00198526214808, 0.000226970587391, -0.000644133135211, -0.00105135526974, -1.69488976098e-05, -0.000148880077177, 0.000184999167686, -0.00105856335722, 7.18201699783e-05, -0.00222476618364, 0.000178528993274], [-0.000207982360735, 0.00019063113723, 0.000226970587391, 0.00443721516058, -0.00122789514717, -5.39405773452e-05, 0.000459207250969, -0.000776061206125, -0.00130209804047, 0.00119151442777, 0.000625545100775, -0.00152609089855, -0.000881796178874], [-2.65811468125e-05, -0.000483934185468, -0.000644133135211, -0.00122789514717, 0.00514961592853, -0.00111549533904, -0.00149157724809, 0.000454792287201, 0.000671410642099, -0.00310704857111, 0.00146207411308, -0.00134456984233, 0.00114621617831], [-8.46846960485e-05, -0.000148866718519, -0.00105135526974, -5.39405773452e-05, -0.00111549533904, 0.0061055496335, 9.618189506e-05, 0.000117847645015, -0.00402122829109, 0.00374353956431, -0.000610157905612, 0.000467640929855, -0.000148452949361], [2.77265826298e-06, -0.000492133840453, -1.69488976098e-05, 0.000459207250969, -0.00149157724809, 9.618189506e-05, 0.0108058201149, -0.0064198654145, 0.00308780139312, -0.0023862591479, -0.00217216671444, -5.85602138017e-05, 6.86833373038e-05], [-0.000201050788746, 5.34803402843e-05, -0.000148880077177, -0.000776061206125, 0.000454792287201, 0.000117847645015, -0.0064198654145, 0.0142881451175, -0.00476558180526, 0.00128883868456, -0.00207117642276, 0.000951883499511, -0.00125372118782], [0.000250373122981, -0.000220955786062, 0.000184999167686, -0.00130209804047, 0.000671410642099, -0.00402122829109, 0.00308780139312, -0.00476558180526, 0.0174708720297, -0.00675285374746, 0.00149193743709, -0.00122844544239, -1.43274010043e-05], [-0.000147627783008, -0.000368956068996, -0.00105856335722, 0.00119151442777, -0.00310704857111, 0.00374353956431, -0.0023862591479, 0.00128883868456, -0.00675285374746, 0.0153375258669, -0.00595413008705, 0.00150122924242, -0.00102507218253], [0.00018645975797, -0.00026427974808, 7.18201699783e-05, 0.000625545100775, 0.00146207411308, -0.000610157905612, -0.00217216671444, -0.00207117642276, 0.00149193743709, -0.00595413008705, 0.0189734734595, -0.00524408649653, 0.00242802593857], [3.50411428371e-05, -0.000400532153435, -0.00222476618364, -0.00152609089855, -0.00134456984233, 0.000467640929855, -5.85602138017e-05, 0.000951883499511, -0.00122844544239, 0.00150122924242, -0.00524408649653, 0.0182950794697, -0.00565291149542], [0.000251855875831, -0.000368228385923, 0.000178528993274, -0.000881796178874, 0.00114621617831, -0.000148452949361, 6.86833373038e-05, -0.00125372118782, -1.43274010043e-05, -0.00102507218253, 0.00242802593857, -0.00565291149542, 0.0168906543404]]
    },
    "spectral_contrast_coeffs": {
        "mean": [-0.695233106613, -0.748180091381, -0.762186408043, -0.80496352911, -0.783170640469, -0.777803897858]
    },
    "spectral_contrast_valleys": {
        "mean": [-6.60179233551, -6.893014431, -7.5898475647, -7.76346302032, -7.73159170151, -10.6606092453]
    }
},
"rhythm": {
    "beats_count": 670,
    "beats_loudness": {
        "mean": 0.0419837534428
    },
    "bpm": 155.780014038,
    "bpm_histogram_first_peak_bpm": 157,
    "bpm_histogram_first_peak_weight": 0.0614753961563,
    "bpm_histogram_second_peak_bpm": 172,
    "bpm_histogram_second_peak_spread": 0,
    "bpm_histogram_second_peak_weight": 0.316890895367,
    "danceability": 1.07319664955,
    "onset_rate": 3.3682320118,
    "beats_loudness_band_ratio": {
        "mean": [0.565352737904, 0.214651197195, 0.116238981485, 0.0697579309344, 0.0503584779799, 0.033591426909]
    },
    "beats_position": [0.406349211931, 0.812698423862, 1.21904754639, 1.62539684772, 2.02013611794, 2.40326523781, 2.7863945961, 3.16952371597, 3.55265307426, 3.94739222527, 4.33052158356, 4.71365070343, 5.0967798233, 5.47990942001, 5.86303853989, 6.24616765976, 6.62929677963, 7.01242637634, 7.39555549622, 7.77868461609, 8.16181373596, 8.54494285583, 8.93968200684, 9.33442115784, 9.72916126251, 10.1239004135, 10.5070295334, 10.8901586533, 11.2732877731, 11.656416893, 12.0395460129, 12.4226751328, 12.8058052063, 13.1889343262, 13.572063446, 13.9551925659, 14.3383216858, 14.7214508057, 15.1045799255, 15.4877090454, 15.870839119, 16.2539672852, 16.637096405, 17.0202255249, 17.4033565521, 17.786485672, 18.1696147919, 18.5527439117, 18.9358730316, 19.3190021515, 19.7021312714, 20.0852603912, 20.4799995422, 20.8747386932, 21.2578678131, 21.640996933, 22.0241260529, 22.4072551727, 22.7903842926, 23.1735134125, 23.5682544708, 23.9513835907, 24.3345127106, 24.7176418304, 25.1007709503, 25.4955101013, 25.8786392212, 26.2617683411, 26.6565074921, 27.0396366119, 27.4227657318, 27.8058948517, 28.1890239716, 28.5721530914, 28.9552822113, 29.3500213623, 29.7331504822, 30.1162815094, 30.4994106293, 30.8825397491, 31.265668869, 31.6487979889, 32.0319252014, 32.4150543213, 32.7981834412, 33.1813163757, 33.5644454956, 33.9475746155, 34.3423118591, 34.7370529175, 35.1201820374, 35.5033111572, 35.8748283386, 36.269569397, 36.6526985168, 37.0358276367, 37.4305648804, 37.8136940002, 38.1968231201, 38.57995224, 38.9630813599, 39.3462142944, 39.7293434143, 40.1124725342, 40.4956016541, 40.8787307739, 41.2618598938, 41.6449890137, 42.0281181335, 42.4112472534, 42.7943763733, 43.1775054932, 43.560634613, 43.9553718567, 44.3385009766, 44.7216300964, 45.1163711548, 45.4995002747, 45.8826293945, 46.2657585144, 46.6488876343, 47.0320167542, 47.415145874, 47.8098869324, 48.1930160522, 48.5761451721, 48.9708824158, 49.3540115356, 49.7371406555, 50.1202697754, 50.5033988953, 50.8749198914, 51.2580490112, 51.6411781311, 52.0359191895, 52.4190483093, 52.8021774292, 53.1969146729, 53.5800437927, 53.9631729126, 54.3463020325, 54.7294311523, 55.1125602722, 55.4956893921, 55.878818512, 56.2735595703, 56.6566886902, 57.0398178101, 57.4229469299, 57.8060760498, 58.1892051697, 58.583946228, 58.9670753479, 59.3502044678, 59.7217216492, 60.1164627075, 60.4995918274, 60.8827209473, 61.2774581909, 61.6605873108, 62.0553283691, 62.4152374268, 62.7519264221, 63.100227356, 63.4485244751, 63.7968254089, 64.1451263428, 64.5050354004, 64.864944458, 65.2248535156, 65.5731506348, 65.9214477539, 66.2697525024, 66.6180496216, 66.9779586792, 67.3262557983, 67.686164856, 68.0344696045, 68.3827667236, 68.7426757812, 69.1025848389, 69.450881958, 69.7991790771, 70.1474838257, 70.5073928833, 70.8673019409, 71.2155990601, 71.5638961792, 71.9122009277, 72.2721099854, 72.632019043, 72.9803161621, 73.3286132812, 73.6769180298, 74.0252151489, 74.3851242065, 74.7450332642, 75.0933303833, 75.4416275024, 75.8015441895, 76.1614532471, 76.5097503662, 76.8580474854, 77.217956543, 77.5662536621, 77.9261627197, 78.2744674683, 78.6227645874, 78.9710617065, 79.3309707642, 79.6908798218, 80.0391845703, 80.3874816895, 80.7357788086, 81.0956878662, 81.4555969238, 81.8039016724, 82.1521987915, 82.5004959106, 82.8604049683, 83.2203140259, 83.5686187744, 83.9169158936, 84.2768249512, 84.6367340088, 84.9850311279, 85.3333282471, 85.6816329956, 86.0299301147, 86.3898391724, 86.74974823, 87.0980453491, 87.4463500977, 87.7946472168, 88.1545562744, 88.5028533936, 88.8627624512, 89.2110671997, 89.5593643188, 89.907661438, 90.2675704956, 90.6274795532, 90.9757843018, 91.3240814209, 91.6839904785, 92.0438995361, 92.3921966553, 92.7404937744, 93.0887985229, 93.4487075806, 93.8086166382, 94.1569137573, 94.5052108765, 94.853515625, 95.2018127441, 95.5617218018, 95.9216308594, 96.2699279785, 96.6182327271, 96.9781417847, 97.3380508423, 97.6863479614, 98.0346450806, 98.3829498291, 98.7428588867, 99.1027679443, 99.4510650635, 99.7993621826, 100.147659302, 100.49596405, 100.855873108, 101.215782166, 101.564079285, 101.912376404, 102.272285461, 102.632194519, 102.980499268, 103.328796387, 103.677093506, 104.037002563, 104.396911621, 104.74521637, 105.093513489, 105.441810608, 105.801719666, 106.161628723, 106.509933472, 106.858230591, 107.20652771, 107.566436768, 107.926345825, 108.297866821, 108.704216003, 109.110565186, 109.516914368, 109.92326355, 110.318000793, 110.701133728, 111.084259033, 111.467391968, 111.850517273, 112.233650208, 112.616775513, 112.999908447, 113.383033752, 113.766166687, 114.149291992, 114.532424927, 114.915550232, 115.298683167, 115.681808472, 116.064941406, 116.448066711, 116.819587708, 117.214332581, 117.609069824, 117.992195129, 118.375328064, 118.770065308, 119.153198242, 119.536323547, 119.919456482, 120.302581787, 120.697319031, 121.092063904, 121.463577271, 121.846710205, 122.22983551, 122.624580383, 123.007705688, 123.390838623, 123.773963928, 124.157096863, 124.551834106, 124.934967041, 125.318092346, 125.701225281, 126.095962524, 126.47908783, 126.862220764, 127.245346069, 127.628479004, 128.011611938, 128.394729614, 128.777862549, 129.149383545, 129.544128418, 129.927261353, 130.310379028, 130.693511963, 131.076644897, 131.471374512, 131.866119385, 132.249252319, 132.632385254, 133.01550293, 133.398635864, 133.781768799, 134.164901733, 134.559631348, 134.942764282, 135.325897217, 135.709014893, 136.092147827, 136.475280762, 136.858413696, 137.253143311, 137.636276245, 138.01940918, 138.390930176, 138.77406311, 139.157180786, 139.540313721, 139.923446655, 140.31817627, 140.701309204, 141.084442139, 141.467575073, 141.850692749, 142.245437622, 142.628570557, 143.011703491, 143.394821167, 143.777954102, 144.161087036, 144.544219971, 144.938949585, 145.32208252, 145.705215454, 146.099945068, 146.483078003, 146.866210938, 147.249343872, 147.632461548, 148.003982544, 148.37550354, 148.770248413, 149.164993286, 149.548110962, 149.931243896, 150.32598877, 150.709106445, 151.09223938, 151.475372314, 151.858505249, 152.241622925, 152.624755859, 153.007888794, 153.391021729, 153.774139404, 154.157272339, 154.552017212, 154.935150146, 155.318267822, 155.701400757, 156.084533691, 156.467666626, 156.850784302, 157.245529175, 157.628662109, 158.011795044, 158.39491272, 158.778045654, 159.137954712, 159.49786377, 159.857772827, 160.217681885, 160.577590942, 160.9375, 161.285797119, 161.634094238, 161.982406616, 162.330703735, 162.679000854, 163.038909912, 163.39881897, 163.747116089, 164.095413208, 164.455322266, 164.815231323, 165.163528442, 165.51184082, 165.871749878, 166.231658936, 166.579956055, 166.928253174, 167.288162231, 167.648071289, 167.996368408, 168.344665527, 168.692962646, 169.041259766, 169.401168823, 169.761077881, 170.109390259, 170.457687378, 170.805984497, 171.154281616, 171.514190674, 171.874099731, 172.222396851, 172.57069397, 172.930603027, 173.278915405, 173.638824463, 173.987121582, 174.34703064, 174.695327759, 175.043624878, 175.403533936, 175.751831055, 176.100128174, 176.460037231, 176.819946289, 177.168243408, 177.516555786, 177.876464844, 178.224761963, 178.584671021, 178.93296814, 179.281265259, 179.629562378, 179.989471436, 180.349380493, 180.697677612, 181.04598999, 181.394287109, 181.754196167, 182.114105225, 182.462402344, 182.810699463, 183.158996582, 183.51890564, 183.878814697, 184.227111816, 184.575408936, 184.923721313, 185.272018433, 185.63192749, 185.991836548, 186.340133667, 186.688430786, 187.048339844, 187.408248901, 187.756546021, 188.10484314, 188.464752197, 188.824661255, 189.172973633, 189.521270752, 189.869567871, 190.21786499, 190.577774048, 190.937683105, 191.285980225, 191.634277344, 191.982574463, 192.330886841, 192.690795898, 193.050704956, 193.399002075, 193.747299194, 194.107208252, 194.46711731, 194.815414429, 195.163711548, 195.512008667, 195.860321045, 196.220230103, 196.58013916, 196.928436279, 197.288345337, 197.648254395, 197.996551514, 198.344848633, 198.693145752, 199.041442871, 199.38973999, 199.749649048, 200.109558105, 200.457870483, 200.806167603, 201.16607666, 201.525985718, 201.874282837, 202.222579956, 202.582489014, 202.930786133, 203.29069519, 203.63899231, 203.987304688, 204.335601807, 204.695510864, 205.055419922, 205.403717041, 205.75201416, 206.100311279, 206.448608398, 206.808517456, 207.168426514, 207.516723633, 207.865036011, 208.224945068, 208.584854126, 208.933151245, 209.281448364, 209.641357422, 210.001266479, 210.349563599, 210.697860718, 211.046157837, 211.394470215, 211.754379272, 212.11428833, 212.462585449, 212.810882568, 213.159179688, 213.507476807, 213.867385864, 214.227294922, 214.575592041, 214.92388916, 215.283798218, 215.643707275, 215.992019653, 216.340316772, 216.70022583, 217.060134888, 217.408432007, 217.756729126, 218.105026245, 218.464935303, 218.82484436, 219.173141479, 219.521453857, 219.869750977, 220.218048096, 220.577957153, 220.937866211, 221.28616333, 221.634460449, 221.982757568, 222.342666626, 222.702575684, 223.050872803, 223.399185181, 223.759094238, 224.119003296, 224.467300415, 224.815597534, 225.163894653, 225.512191772, 225.87210083, 226.232009888, 226.580307007, 226.928619385, 227.276916504, 227.636825562, 227.996734619, 228.345031738, 228.693328857, 229.041625977, 229.389923096, 229.749832153, 230.109741211, 230.45803833, 230.806350708, 231.166259766, 231.514556885, 231.874465942, 232.222763062, 232.571060181, 232.930969238, 233.290878296, 233.639175415, 233.987472534, 234.335784912, 234.684082031, 235.043991089, 235.403900146, 235.752197266, 236.100494385, 236.460403442, 236.8203125, 237.168609619, 237.516906738, 237.865203857, 238.225112915, 238.585037231, 238.933334351, 239.28163147, 239.641540527, 240.001449585, 240.349746704, 240.709655762, 241.069564819, 241.441085815, 241.812606812, 242.230560303, 242.648529053, 243.066482544, 243.484436035, 243.855957031, 244.227478027, 244.598999023, 244.982131958, 245.365249634, 245.748382568, 246.119903564, 246.503036499],
    "bpm_histogram": [0, 0, 0, 0, 0, 0, 0, 0, 0, 0, 0, 0, 0, 0, 0, 0, 0, 0, 0, 0, 0, 0, 0, 0, 0, 0, 0, 0, 0, 0, 0, 0, 0, 0, 0, 0, 0, 0, 0, 0, 0, 0, 0, 0, 0, 0, 0, 0, 0, 0, 0, 0, 0, 0, 0, 0, 0, 0, 0, 0, 0, 0, 0, 0, 0, 0, 0, 0, 0, 0, 0, 0, 0, 0, 0, 0, 0, 0, 0, 0, 0, 0, 0, 0, 0, 0, 0, 0, 0, 0, 0, 0, 0, 0, 0, 0, 0, 0, 0, 0, 0, 0, 0, 0, 0, 0, 0, 0, 0, 0, 0, 0, 0, 0, 0, 0, 0, 0, 0, 0, 0, 0, 0, 0, 0, 0, 0, 0, 0, 0, 0, 0, 0, 0, 0, 0, 0, 0, 0, 0, 0, 0, 0, 0, 0.0059790732339, 0, 0, 0, 0.0104633783922, 0, 0, 0, 0.0747384130955, 0, 0, 0, 0, 0.342301934958, 0, 0, 0, 0.0224215239286, 0.00149476830848, 0, 0, 0, 0, 0.224215239286, 0, 0, 0, 0, 0.316890895367, 0, 0, 0, 0, 0, 0.00149476830848, 0, 0, 0, 0, 0, 0, 0, 0, 0, 0, 0, 0, 0, 0, 0, 0, 0, 0, 0, 0, 0, 0, 0, 0, 0, 0, 0, 0, 0, 0, 0, 0, 0, 0, 0, 0, 0, 0, 0, 0, 0, 0, 0, 0, 0, 0, 0, 0, 0, 0, 0, 0, 0, 0, 0, 0, 0, 0, 0, 0, 0, 0, 0, 0, 0, 0, 0, 0, 0, 0, 0]
},
"tonal": {
    "chords_changes_rate": 0.0368421040475,
    "chords_number_rate": 0.00150375941303,
    "chords_strength": {
        "mean": 0.549553751945
    },
    "hpcp_crest": {
        "mean": 13.8894062042
    },
    "hpcp_entropy": {
        "mean": 1.9479624033
    },
    "key_edma": {
        "strength": 0.90217000246,
        "key": "E",
        "scale": "major"
    },
    "key_krumhansl": {
        "strength": 0.898391783237,
        "key": "E",
        "scale": "major"
    },
    "key_temperley": {
        "strength": 0.891264081001,
        "key": "E",
        "scale": "major"
    },
    "tuning_diatonic_strength": 0.60730612278,
    "tuning_equal_tempered_deviation": 0.00268451031297,
    "tuning_frequency": 441.017791748,
    "tuning_nontempered_energy_ratio": 0.646694004536,
    "hpcp": {
        "mean": [0.0349940620363, 0.0265379920602, 0.0535586029291, 0.0819840729237, 0.096839517355, 0.248060166836, 0.37729164958, 0.219188347459, 0.0599249526858, 0.0422184839845, 0.0401234664023, 0.0895021632314, 0.147026464343, 0.102472648025, 0.0452290065587, 0.0415253527462, 0.0533220097423, 0.167099177837, 0.269762039185, 0.201616376638, 0.231436640024, 0.304689317942, 0.190873667598, 0.0884913802147, 0.0637801140547, 0.0508556216955, 0.116463936865, 0.179736673832, 0.109412409365, 0.0483791455626, 0.0454716086388, 0.0469904579222, 0.118770435452, 0.17344853282, 0.132445111871, 0.0739306211472]
    },
    "chords_histogram": [11.5601501465, 27.8947372437, 43.7406005859, 2.14285707474, 3.3458647728, 0, 1.01503753662, 0, 0.0375939831138, 0, 2.48120307922, 0.0375939831138, 0.281954884529, 0, 0, 0, 0, 0.413533836603, 0, 0, 0, 0.263157904148, 0.0375939831138, 6.74812030792],
    "thpcp": [1, 0.580952048302, 0.158829256892, 0.111898802221, 0.106346026063, 0.237222746015, 0.389689147472, 0.27160063386, 0.119878098369, 0.110061682761, 0.141328364611, 0.442891269922, 0.714996039867, 0.534378051758, 0.613415777683, 0.807569742203, 0.505904853344, 0.234543696046, 0.169047251344, 0.134791269898, 0.308684110641, 0.476386576891, 0.289994239807, 0.128227442503, 0.120521113276, 0.124546773732, 0.314797401428, 0.459720045328, 0.351041734219, 0.195950850844, 0.0927506908774, 0.0703381374478, 0.141955435276, 0.217296287417, 0.256670176983, 0.657475888729],
    "chords_key": "B",
    "chords_scale": "major"
}
}