{
"metadata": {
    "version": {
        "essentia": "2.1-beta6-dev",
        "essentia_git_sha": "v2.1_beta5-1177-g1d1cc983",
        "extractor": "music 2.0"
    },
    "audio_properties": {
        "analysis": {
            "equal_loudness": 0,
            "length": 350.152770996,
            "sample_rate": 44100,
            "start_time": 0,
            "downmix": "mix"
        },
        "bit_rate": 1411200,
        "length": 350.152770996,
        "lossless": 1,
        "number_channels": 2,
        "replay_gain": -13.4009571075,
        "sample_rate": 44100,
        "codec": "pcm_s16le",
        "md5_encoded": "d1baae9ca1732e6a4416d2b7ef0bb18a"
    },
    "tags": {
        "file_name": "10 - All Get Out - Come and Gone.wav",
        "album": ["The Season"],
        "albumartist": ["All Get Out"],
        "artist": ["All Get Out"],
        "copyright": ["2011 All Get Out and Many Hats Distribution 2011 All Get Out and Many Hats Distribution"],
        "date": ["2011"],
        "discnumber": ["1"],
        "disctotal": ["1"],
        "genre": ["Alternative & Indie"],
        "isrc": ["US3DF1112377"],
        "title": ["Come and Gone"],
        "tracknumber": ["10"],
        "tracktotal": ["10"]
    }
},
"lowlevel": {
    "average_loudness": 0.536410748959,
    "barkbands_crest": {
        "mean": 11.6538057327
    },
    "barkbands_flatness_db": {
        "mean": 0.17111299932
    },
    "barkbands_kurtosis": {
        "mean": 17.6760120392
    },
    "barkbands_skewness": {
        "mean": 2.20417714119
    },
    "barkbands_spread": {
        "mean": 17.123878479
    },
    "dissonance": {
        "mean": 0.459795206785
    },
    "dynamic_complexity": 4.64553976059,
    "erbbands_crest": {
        "mean": 9.04679298401
    },
    "erbbands_flatness_db": {
        "mean": 0.17437286675
    },
    "erbbands_kurtosis": {
        "mean": 0.104295231402
    },
    "erbbands_skewness": {
        "mean": 0.208671867847
    },
    "erbbands_spread": {
        "mean": 36.0273628235
    },
    "hfc": {
        "mean": 12.4444599152
    },
    "loudness_ebu128": {
        "integrated": -10.2624435425,
        "loudness_range": 9.80606937408,
        "momentary": {
            "mean": -12.6563396454
        },
        "short_term": {
            "mean": -12.1837053299
        }
    },
    "melbands_crest": {
        "mean": 15.0259876251
    },
    "melbands_flatness_db": {
        "mean": 0.247182428837
    },
    "melbands_kurtosis": {
        "mean": 21.4412250519
    },
    "melbands_skewness": {
        "mean": 3.10759830475
    },
    "melbands_spread": {
        "mean": 17.0575218201
    },
    "pitch_salience": {
        "mean": 0.497173368931
    },
    "silence_rate_20dB": {
        "mean": 1
    },
    "silence_rate_30dB": {
        "mean": 0.987335085869
    },
    "silence_rate_60dB": {
        "mean": 0.115376964211
    },
    "spectral_centroid": {
        "mean": 1057.80712891
    },
    "spectral_complexity": {
        "mean": 15.6370925903
    },
    "spectral_decrease": {
        "mean": -5.19910248187e-09
    },
    "spectral_energy": {
        "mean": 0.0207513663918
    },
    "spectral_energyband_high": {
        "mean": 0.00046950133401
    },
    "spectral_energyband_low": {
        "mean": 0.00970348156989
    },
    "spectral_energyband_middle_high": {
        "mean": 0.00322206271812
    },
    "spectral_energyband_middle_low": {
        "mean": 0.00834930688143
    },
    "spectral_entropy": {
        "mean": 7.28486204147
    },
    "spectral_flux": {
        "mean": 0.0617999881506
    },
    "spectral_kurtosis": {
        "mean": 7.74041938782
    },
    "spectral_rms": {
        "mean": 0.00397893181071
    },
    "spectral_rolloff": {
        "mean": 1040.59301758
    },
    "spectral_skewness": {
        "mean": 1.89643776417
    },
    "spectral_spread": {
        "mean": 3683033
    },
    "spectral_strongpeak": {
        "mean": 0.589637041092
    },
    "zerocrossingrate": {
        "mean": 0.042249944061
    },
    "barkbands": {
        "mean": [0.000101896832348, 0.00681900745258, 0.00187810475472, 0.0016432577977, 0.0017096363008, 0.00216198270209, 0.000863569439389, 0.00114483607467, 0.000643208273686, 0.000432490516687, 0.000346062559402, 0.000264666974545, 0.00045348884305, 0.00045954369125, 0.000280057894997, 0.00032037353958, 0.000292137701763, 0.000161128817126, 0.000208883560845, 0.000171253224835, 9.21362225199e-05, 0.000108121654193, 9.11087190616e-05, 5.44531758351e-05, 3.56090677087e-05, 1.21999537441e-05, 2.03267836696e-06]
    },
    "erbbands": {
        "mean": [0.172806039453, 1.59424746037, 2.4453265667, 4.21042633057, 4.60134410858, 5.91793775558, 12.1069774628, 17.5623130798, 13.7234373093, 22.4598426819, 18.4656295776, 16.9787197113, 13.6691207886, 11.073884964, 15.7208795547, 13.2725200653, 22.4745883942, 24.3603191376, 16.355670929, 16.5769920349, 17.1780662537, 14.8689346313, 10.3118143082, 8.70438861847, 11.1699476242, 8.20235919952, 4.42683839798, 3.55854296684, 3.9067902565, 3.09975576401, 2.65092778206, 1.45947194099, 0.760260403156, 0.424677342176, 0.239725425839, 0.0778386741877, 0.01811372675, 0.00318635813892, 0.000364126230124, 4.06482067774e-05]
    },
    "gfcc": {
        "mean": [-62.2584724426, 120.70224762, -118.834983826, 25.6141777039, -43.0749130249, 8.63571357727, -36.9537277222, 3.23702025414, -18.3882102966, 3.78304195404, -9.14217948914, -3.4258916378, -7.62469387054],
        "cov": [[16641.8867188, -1876.52819824, -869.089782715, 330.627838135, -1522.15649414, 242.329193115, -555.392944336, 200.287750244, -196.783813477, 80.7425765991, -304.849456787, -86.9269714355, -219.732086182], [-1876.52819824, 1675.00244141, -141.047027588, -256.597137451, 611.180358887, -59.59116745, 74.4789886475, -123.515647888, 156.727645874, -57.2324256897, 243.543395996, -11.0426120758, 198.893478394], [-869.089782715, -141.047027588, 753.466674805, 242.369369507, 217.195053101, 292.73135376, 72.7285461426, 109.617835999, 10.106048584, 31.0085067749, -13.3976373672, 45.2208328247, -15.3614587784], [330.627838135, -256.597137451, 242.369369507, 549.341186523, 99.0543899536, 253.632400513, 110.837272644, 83.6543121338, 43.2787284851, -16.6560993195, -5.4386305809, 8.51282596588, -14.0660076141], [-1522.15649414, 611.180358887, 217.195053101, 99.0543899536, 607.352050781, 194.305465698, 120.126701355, 60.7788696289, 99.0019607544, -22.1447563171, 95.6865539551, 11.6284503937, 82.8942642212], [242.329193115, -59.59116745, 292.73135376, 253.632400513, 194.305465698, 403.529205322, 88.7860336304, 93.7717285156, 51.1116371155, -0.631748259068, 12.6924743652, 23.5305614471, 3.64690971375], [-555.392944336, 74.4789886475, 72.7285461426, 110.837272644, 120.126701355, 88.7860336304, 209.620773315, 74.4546890259, 33.2994918823, -27.9362945557, 5.56379413605, -7.11700630188, -12.6894197464], [200.287750244, -123.515647888, 109.617835999, 83.6543121338, 60.7788696289, 93.7717285156, 74.4546890259, 193.747772217, 23.2340812683, 5.31238651276, -13.3661441803, -8.8618221283, -21.6675300598], [-196.783813477, 156.727645874, 10.106048584, 43.2787284851, 99.0019607544, 51.1116371155, 33.2994918823, 23.2340812683, 131.342422485, 32.0806732178, 44.2357788086, 12.9931430817, 29.003742218], [80.7425765991, -57.2324256897, 31.0085067749, -16.6560993195, -22.1447563171, -0.631748259068, -27.9362945557, 5.31238651276, 32.0806732178, 96.5757675171, 28.086265564, 12.8119859695, 7.98882770538], [-304.849456787, 243.543395996, -13.3976373672, -5.4386305809, 95.6865539551, 12.6924743652, 5.56379413605, -13.3661441803, 44.2357788086, 28.086265564, 127.259666443, 32.0209274292, 52.630279541], [-86.9269714355, -11.0426120758, 45.2208328247, 8.51282596588, 11.6284503937, 23.5305614471, -7.11700630188, -8.8618221283, 12.9931430817, 12.8119859695, 32.0209274292, 81.7542419434, 32.7401885986], [-219.732086182, 198.893478394, -15.3614587784, -14.0660076141, 82.8942642212, 3.64690971375, -12.6894197464, -21.6675300598, 29.003742218, 7.98882770538, 52.630279541, 32.7401885986, 101.747833252]],
        "icov": [[0.000129706371808, -0.000130952103063, 0.000247380055953, -0.000183411117177, 0.000396471121348, -0.000382079713745, 0.000413411849877, -0.000368274748325, 0.00015801670088, -0.000186584235053, 0.000231536585488, -6.79008880979e-05, 8.3596620243e-05], [-0.000130952103063, 0.00272489525378, -0.000306096218992, 0.00152897706721, -0.00231882976368, 0.000870044052135, -0.00104237778578, 0.00190614524763, -0.00191009964328, 0.00258335657418, -0.00325685623102, 0.00243675592355, -0.00206808606163], [0.000247380055953, -0.000306096218992, 0.00280312588438, -0.00081969081657, -7.31299369363e-05, -0.00174957734998, 0.000900245911907, -0.00114705169108, 0.00142644927837, -0.00188923929818, 0.00145025062375, -0.00165765522979, 0.000957719807047], [-0.000183411117177, 0.00152897706721, -0.00081969081657, 0.00377396401018, -0.00110564625356, -0.000621351471636, -0.00167297781445, 0.00124707899522, -0.00177502038423, 0.00221677846275, -0.00198303675279, 0.00157149566803, -0.00115494034253], [0.000396471121348, -0.00231882976368, -7.31299369363e-05, -0.00110564625356, 0.0057926219888, -0.00229882542044, 0.000786081014667, -0.00237751216628, 0.000342849118169, -0.000577753060497, 0.00117182417307, -0.000366075109923, -0.000360751582775], [-0.000382079713745, 0.000870044052135, -0.00174957734998, -0.000621351471636, -0.00229882542044, 0.00600953679532, -0.00142446754035, 0.000588116527069, -0.0014489418827, 0.00121070444584, -0.0011392578017, -9.97191091301e-05, -0.000331503746565], [0.000413411849877, -0.00104237778578, 0.000900245911907, -0.00167297781445, 0.000786081014667, -0.00142446754035, 0.00841409899294, -0.0033810143359, -0.000213694511331, 0.000960312259849, 0.000930784270167, -0.000774292217102, 0.00232823914848], [-0.000368274748325, 0.00190614524763, -0.00114705169108, 0.00124707899522, -0.00237751216628, 0.000588116527069, -0.0033810143359, 0.00878224801272, -0.00206538871862, 0.000926587556023, -0.00163248286117, 0.00222502509132, -0.000513277074788], [0.00015801670088, -0.00191009964328, 0.00142644927837, -0.00177502038423, 0.000342849118169, -0.0014489418827, -0.000213694511331, -0.00206538871862, 0.0125778010115, -0.00616711890325, 0.00118864909746, -0.00220441631973, 0.000344496802427], [-0.000186584235053, 0.00258335657418, -0.00188923929818, 0.00221677846275, -0.000577753060497, 0.00121070444584, 0.000960312259849, 0.000926587556023, -0.00616711890325, 0.0169285349548, -0.00667813280597, 0.00246495264582, -0.00159720797092], [0.000231536585488, -0.00325685623102, 0.00145025062375, -0.00198303675279, 0.00117182417307, -0.0011392578017, 0.000930784270167, -0.00163248286117, 0.00118864909746, -0.00667813280597, 0.0166566651314, -0.00606485363096, -0.000812997284811], [-6.79008880979e-05, 0.00243675592355, -0.00165765522979, 0.00157149566803, -0.000366075109923, -9.97191091301e-05, -0.000774292217102, 0.00222502509132, -0.00220441631973, 0.00246495264582, -0.00606485363096, 0.0184966437519, -0.0066437185742], [8.3596620243e-05, -0.00206808606163, 0.000957719807047, -0.00115494034253, -0.000360751582775, -0.000331503746565, 0.00232823914848, -0.000513277074788, 0.000344496802427, -0.00159720797092, -0.000812997284811, -0.0066437185742, 0.0171086993068]]
    },
    "melbands": {
        "mean": [0.00178527308162, 0.00158102985006, 0.000736574293114, 0.000347752473317, 0.000412481924286, 0.000405549566494, 0.000199639704078, 0.000255892897258, 0.000141888463986, 9.88332976704e-05, 6.5929190896e-05, 4.3923031626e-05, 4.87434444949e-05, 3.72159011022e-05, 4.03057892981e-05, 4.20840078732e-05, 4.82137656945e-05, 2.73300374829e-05, 1.84110958799e-05, 2.46237468673e-05, 1.94251970242e-05, 1.57437989401e-05, 1.29082836793e-05, 7.08653305992e-06, 6.76070339978e-06, 8.54619429447e-06, 7.22368395145e-06, 5.0245193961e-06, 2.82304154098e-06, 2.27396731134e-06, 2.00062913791e-06, 2.20312153942e-06, 2.06461527341e-06, 1.5837644014e-06, 1.58443424425e-06, 1.20384083857e-06, 7.88059821843e-07, 5.38606002465e-07, 4.45718058018e-07, 3.25952214553e-07]
    },
    "melbands128": {
        "mean": [9.48357192101e-05, 0.00107673706952, 0.00281189172529, 0.00258328882046, 0.00144454557449, 0.000885154120624, 0.000884282402694, 0.000769671634771, 0.000416935974499, 0.000276674516499, 0.000316677731462, 0.000398872653022, 0.000365302868886, 0.000544655078556, 0.00041188322939, 0.000358300691005, 0.00028824727633, 0.000130469110445, 0.00012924328621, 0.000296868238365, 0.00031720919651, 0.00014526299492, 0.00012635353778, 0.000110453409434, 0.000139268697239, 7.35068824724e-05, 6.03795378993e-05, 8.1787329691e-05, 4.83476978843e-05, 5.54835678486e-05, 3.5214710806e-05, 3.39884281857e-05, 4.8030186008e-05, 7.32755943318e-05, 2.58871714323e-05, 3.66101703548e-05, 3.58845973096e-05, 1.62611722772e-05, 7.14412817615e-05, 5.64212314202e-05, 3.32784256898e-05, 2.05659762287e-05, 4.74770859e-05, 7.75302614784e-05, 1.91107938008e-05, 2.48992946581e-05, 2.44143411692e-05, 1.14219537863e-05, 1.79022299562e-05, 2.8732307328e-05, 2.54989772657e-05, 2.20762940444e-05, 1.78561185749e-05, 2.03026738745e-05, 1.86619654414e-05, 1.38063769555e-05, 1.3164451957e-05, 1.85815551959e-05, 1.01398982224e-05, 8.28303927847e-06, 7.02512124917e-06, 5.68676159673e-06, 7.10752829036e-06, 6.10886945651e-06, 8.08581626188e-06, 8.86489760887e-06, 8.75711521076e-06, 8.16456486064e-06, 6.36739559923e-06, 7.06113587512e-06, 4.68682128485e-06, 4.81368761029e-06, 3.11834742206e-06, 2.34579988501e-06, 2.55231293522e-06, 2.3434540708e-06, 2.20028118747e-06, 1.83651422958e-06, 1.96759583559e-06, 2.18207947e-06, 2.07698553822e-06, 2.12545774048e-06, 2.65667404165e-06, 1.92095649254e-06, 1.80291101515e-06, 1.70231317043e-06, 1.40548399941e-06, 1.5252975345e-06, 1.59980618264e-06, 1.71486919953e-06, 1.35153572955e-06, 1.09219956812e-06, 8.68973700108e-07, 7.82958522905e-07, 7.78049809469e-07, 5.67745814806e-07, 4.6660321118e-07, 5.06845651671e-07, 4.75143224321e-07, 4.065036876e-07, 3.49920412646e-07, 3.08812531102e-07, 3.01203868958e-07, 2.92158944148e-07, 3.02800259533e-07, 2.50661656764e-07, 2.12961424495e-07, 1.61722468306e-07, 1.17800212251e-07, 1.00085472354e-07, 8.0623294707e-08, 6.38596375779e-08, 5.21657312902e-08, 4.19256700468e-08, 3.44183241907e-08, 2.67909321394e-08, 2.06866381802e-08, 1.72667586895e-08, 1.38853222253e-08, 1.09355831057e-08, 8.77424000123e-09, 6.37466701647e-09, 4.50515136308e-09, 3.40582584357e-09, 2.48299270034e-09, 1.81179304892e-09, 1.02359509757e-09, 3.08867792453e-10]
    },
    "mfcc": {
        "mean": [-703.02532959, 150.537734985, -9.39931869507, 22.4721755981, 11.2621736526, 6.97917795181, -0.872758626938, -2.2414495945, -1.79339146614, 1.06036829948, 0.366636663675, 2.58872675896, 2.07711958885],
        "cov": [[13445.0517578, -1481.18994141, -39.5523681641, 47.4353599548, -655.127746582, -204.678787231, -350.406219482, -87.6030578613, -155.187530518, 192.512802124, -118.68561554, -83.5605010986, -88.9134597778], [-1481.18994141, 1897.97766113, -430.877655029, -113.320236206, 303.70022583, -13.1460752487, 37.7888717651, -94.8424301147, -3.99193453789, -96.0487670898, 8.15610790253, 53.3577613831, 66.1051330566], [-39.5523681641, -430.877655029, 554.598327637, 61.8784408569, 99.2465209961, 159.037414551, 83.1384277344, 111.795310974, 33.7948074341, 45.9274711609, 57.4173622131, -0.780120193958, -18.8491268158], [47.4353599548, -113.320236206, 61.8784408569, 252.996871948, 57.9570884705, 61.6901626587, 52.6680603027, 65.4843521118, 29.1380081177, 33.3777313232, 27.1808700562, 9.62229347229, -10.3872766495], [-655.127746582, 303.70022583, 99.2465209961, 57.9570884705, 442.534179688, 186.70765686, 135.657333374, 116.216171265, 70.2407913208, 43.2635192871, 65.5181350708, 43.782283783, 20.1510486603], [-204.678787231, -13.1460752487, 159.037414551, 61.6901626587, 186.70765686, 297.093902588, 88.1113052368, 116.88735199, 41.5767707825, 37.9599342346, 49.2210998535, 26.746717453, -9.33544158936], [-350.406219482, 37.7888717651, 83.1384277344, 52.6680603027, 135.657333374, 88.1113052368, 207.621810913, 132.881210327, 53.211856842, 49.5914421082, 46.91664505, 10.2664232254, -5.40161848068], [-87.6030578613, -94.8424301147, 111.795310974, 65.4843521118, 116.216171265, 116.88735199, 132.881210327, 238.300613403, 78.1229476929, 66.1606826782, 50.5090293884, 14.3405237198, -7.44413805008], [-155.187530518, -3.99193453789, 33.7948074341, 29.1380081177, 70.2407913208, 41.5767707825, 53.211856842, 78.1229476929, 114.163246155, 54.8295631409, 26.8880443573, 14.0154838562, 3.66776323318], [192.512802124, -96.0487670898, 45.9274711609, 33.3777313232, 43.2635192871, 37.9599342346, 49.5914421082, 66.1606826782, 54.8295631409, 124.597831726, 43.3581619263, 21.0740032196, 3.42739486694], [-118.68561554, 8.15610790253, 57.4173622131, 27.1808700562, 65.5181350708, 49.2210998535, 46.91664505, 50.5090293884, 26.8880443573, 43.3581619263, 94.885559082, 32.6540565491, 4.61331510544], [-83.5605010986, 53.3577613831, -0.780120193958, 9.62229347229, 43.782283783, 26.746717453, 10.2664232254, 14.3405237198, 14.0154838562, 21.0740032196, 32.6540565491, 82.4169082642, 30.8506069183], [-88.9134597778, 66.1051330566, -18.8491268158, -10.3872766495, 20.1510486603, -9.33544158936, -5.40161848068, -7.44413805008, 3.66776323318, 3.42739486694, 4.61331510544, 30.8506069183, 74.6749267578]],
        "icov": [[9.28524750634e-05, 4.77767716802e-05, 3.24978791468e-05, -2.2303978767e-05, 5.57796665817e-05, -4.76068589705e-06, 0.000146883059642, -6.24370368314e-05, 0.000168368685991, -0.000264844973572, 8.92058378668e-05, 1.38438335853e-05, 5.47726704099e-05], [4.77767716802e-05, 0.000969056447502, 0.000802183407359, 0.000321985746268, -0.000812192971352, 1.22226754229e-06, -0.000293303572107, 0.000412025052356, -7.56131994422e-05, 0.000649622408673, -0.000330963288434, -0.000136400863994, -0.00026381117641], [3.24978791468e-05, 0.000802183407359, 0.00294124917127, 0.000129025385831, -0.000577850965783, -0.000981807592325, -0.000366555148503, -5.55065635126e-05, 0.000108186490252, 0.00037209916627, -0.00111968012061, 0.000575080746785, -0.000100723547803], [-2.2303978767e-05, 0.000321985746268, 0.000129025385831, 0.00454413658008, -0.000384831771953, -0.000340805330779, -0.000486704491777, -0.000344263680745, -0.000238469074247, -9.43967024796e-05, -0.000379724282539, -0.000299907784211, 0.000508188619278], [5.57796665817e-05, -0.000812192971352, -0.000577850965783, -0.000384831771953, 0.0045346012339, -0.0018225616077, -0.00113428011537, -0.000164375596796, -0.000875359226484, -0.000267763243755, -0.000402537116315, -0.000376257230528, -0.000728336686734], [-4.76068589705e-06, 1.22226754229e-06, -0.000981807592325, -0.000340805330779, -0.0018225616077, 0.00573426252231, 0.000177256573807, -0.00150007789489, 0.000440378324129, 9.10105882213e-05, -0.000160000447067, -0.00111900898628, 0.00121636339463], [0.000146883059642, -0.000293303572107, -0.000366555148503, -0.000486704491777, -0.00113428011537, 0.000177256573807, 0.00893800798804, -0.00382128357887, 0.000226994918194, -0.00132591486908, -0.00093416479649, 0.000939369085245, 0.00058748741867], [-6.24370368314e-05, 0.000412025052356, -5.55065635126e-05, -0.000344263680745, -0.000164375596796, -0.00150007789489, -0.00382128357887, 0.00871714949608, -0.00312330643646, -0.000439617753727, -0.000819050357677, 0.000173215361428, 0.000101042634924], [0.000168368685991, -7.56131994422e-05, 0.000108186490252, -0.000238469074247, -0.000875359226484, 0.000440378324129, 0.000226994918194, -0.00312330643646, 0.0135758630931, -0.00467171380296, 0.000499291869346, -0.000167701393366, -0.000156059832079], [-0.000264844973572, 0.000649622408673, 0.00037209916627, -9.43967024796e-05, -0.000267763243755, 9.10105882213e-05, -0.00132591486908, -0.000439617753727, -0.00467171380296, 0.0132655585185, -0.0038589630276, -0.00119707372505, -0.000512170197908], [8.92058378668e-05, -0.000330963288434, -0.00111968012061, -0.000379724282539, -0.000402537116315, -0.000160000447067, -0.00093416479649, -0.000819050357677, 0.000499291869346, -0.0038589630276, 0.0160241238773, -0.00505310390145, 0.00125339685474], [1.38438335853e-05, -0.000136400863994, 0.000575080746785, -0.000299907784211, -0.000376257230528, -0.00111900898628, 0.000939369085245, 0.000173215361428, -0.000167701393366, -0.00119707372505, -0.00505310390145, 0.0174845587462, -0.00656054774299], [5.47726704099e-05, -0.00026381117641, -0.000100723547803, 0.000508188619278, -0.000728336686734, 0.00121636339463, 0.00058748741867, 0.000101042634924, -0.000156059832079, -0.000512170197908, 0.00125339685474, -0.00656054774299, 0.0168006774038]]
    },
    "spectral_contrast_coeffs": {
        "mean": [-0.71827763319, -0.739984273911, -0.77111107111, -0.774846553802, -0.783297479153, -0.78136742115]
    },
    "spectral_contrast_valleys": {
        "mean": [-6.93983983994, -7.13858795166, -7.9667391777, -8.0740737915, -8.42126274109, -11.2768697739]
    }
},
"rhythm": {
    "beats_count": 692,
    "beats_loudness": {
        "mean": 0.0419824980199
    },
    "bpm": 118.00138092,
    "bpm_histogram_first_peak_bpm": 117,
    "bpm_histogram_first_peak_weight": 0.243369758129,
    "bpm_histogram_second_peak_bpm": 133,
    "bpm_histogram_second_peak_spread": 0.214285671711,
    "bpm_histogram_second_peak_weight": 0.0159189589322,
    "danceability": 1.16388690472,
    "onset_rate": 2.453104496,
    "beats_loudness_band_ratio": {
        "mean": [0.574574530125, 0.184360861778, 0.149540051818, 0.0695048123598, 0.0451106503606, 0.0193510651588]
    },
    "beats_position": [0.487619042397, 0.99845802784, 1.50929701328, 2.02013611794, 2.53097510338, 3.04181408882, 3.54104304314, 4.04027223587, 4.55111122131, 5.06195020676, 5.5727891922, 6.08362817764, 6.59446716309, 7.10530614853, 7.60453510284, 8.10376358032, 8.6146030426, 9.12544155121, 9.63628101349, 10.1471195221, 10.6579589844, 11.1687984467, 11.6796369553, 12.1904764175, 12.689704895, 13.1889343262, 13.6997728348, 14.2106122971, 14.7214508057, 15.2322902679, 15.7431287766, 16.2539672852, 16.7648067474, 17.2640361786, 17.7632656097, 18.2741031647, 18.784942627, 19.2957820892, 19.8066215515, 20.3174591064, 20.8282985687, 21.339138031, 21.8499774933, 22.3608150482, 22.8716545105, 23.3824939728, 23.8817234039, 24.3809528351, 24.89179039, 25.4026298523, 25.9134693146, 26.4126987457, 26.9119262695, 27.4227657318, 27.9336051941, 28.4444446564, 28.9552822113, 29.4661216736, 29.9769611359, 30.4878005981, 30.9986381531, 31.5094776154, 32.0203170776, 32.5195465088, 33.0303840637, 33.5296134949, 34.0404510498, 34.5512924194, 35.0505218506, 35.5613594055, 36.0605888367, 36.5714263916, 37.0822677612, 37.5931053162, 38.1155548096, 38.638004303, 39.1488418579, 39.6596832275, 40.1589126587, 40.6581382751, 41.1573677063, 41.6682090759, 42.1790466309, 42.678276062, 43.1891136169, 43.6999549866, 44.2107925415, 44.7216300964, 45.2324714661, 45.743309021, 46.2541503906, 46.7649879456, 47.2758255005, 47.7750549316, 48.2742843628, 48.7851219177, 49.2959632874, 49.8068008423, 50.3176422119, 50.8284797668, 51.3393173218, 51.8501586914, 52.3493881226, 52.8486175537, 53.3594551086, 53.8702926636, 54.3811340332, 54.8919715881, 55.4028091431, 55.9136505127, 56.4244880676, 56.9353294373, 57.4461669922, 57.9570045471, 58.4678459167, 58.9786834717, 59.4895210266, 59.9887504578, 60.4879798889, 60.9988212585, 61.5096588135, 62.0204963684, 62.5197257996, 63.0305671692, 63.5414047241, 64.0522460938, 64.5514755249, 65.0623092651, 65.5731506348, 66.0839920044, 66.5948257446, 67.1056671143, 67.6048965454, 68.115737915, 68.6149673462, 69.1258010864, 69.6366424561, 70.1474838257, 70.6583175659, 71.1691589355, 71.6683883667, 72.1792297363, 72.6784591675, 73.1892929077, 73.7001342773, 74.210975647, 74.7218093872, 75.2326507568, 75.7434921265, 76.2427215576, 76.7535552979, 77.2643966675, 77.7636260986, 78.2744674683, 78.7853012085, 79.2961425781, 79.8069839478, 80.3178253174, 80.8286590576, 81.3395004272, 81.8503417969, 82.3611755371, 82.8720169067, 83.3712463379, 83.8820877075, 84.3929214478, 84.8921508789, 85.4029922485, 85.9138336182, 86.4246673584, 86.935508728, 87.4463500977, 87.9571838379, 88.4680252075, 88.9672546387, 89.4780960083, 89.9889297485, 90.4997711182, 90.9990005493, 91.5098419189, 92.0090713501, 92.5199050903, 93.03074646, 93.5415878296, 94.0524215698, 94.551651001, 95.0624923706, 95.5733337402, 96.0725631714, 96.5833969116, 97.0942382812, 97.6050796509, 98.1159133911, 98.6151428223, 99.1259841919, 99.6368255615, 100.147659302, 100.658500671, 101.169342041, 101.680175781, 102.191017151, 102.701858521, 103.21269989, 103.711929321, 104.222763062, 104.733604431, 105.244445801, 105.743675232, 106.254508972, 106.765350342, 107.276191711, 107.775421143, 108.274642944, 108.785484314, 109.296325684, 109.807167053, 110.318000793, 110.828842163, 111.339683533, 111.850517273, 112.349746704, 112.848976135, 113.359817505, 113.870658875, 114.381492615, 114.892333984, 115.403175354, 115.925621033, 116.436462402, 116.935691833, 117.446525574, 117.957366943, 118.468208313, 118.979042053, 119.489883423, 120.000724792, 120.511566162, 121.022399902, 121.521629333, 122.020858765, 122.531700134, 123.030929565, 123.541763306, 124.040992737, 124.551834106, 125.062675476, 125.573509216, 126.084350586, 126.595191956, 127.106025696, 127.616867065, 128.127700806, 128.638549805, 129.149383545, 129.660217285, 130.159454346, 130.670288086, 131.169525146, 131.668746948, 132.167984009, 132.678817749, 133.189651489, 133.700500488, 134.211334229, 134.722167969, 135.233016968, 135.743850708, 136.254684448, 136.765533447, 137.276367188, 137.775604248, 138.27482605, 138.78565979, 139.296508789, 139.807342529, 140.31817627, 140.829025269, 141.339859009, 141.850692749, 142.361541748, 142.872375488, 143.371612549, 143.870834351, 144.381668091, 144.89251709, 145.40335083, 145.914199829, 146.425033569, 146.93586731, 147.446716309, 147.957550049, 148.456771851, 148.956008911, 149.466842651, 149.97769165, 150.488525391, 150.999359131, 151.51020813, 152.02104187, 152.53187561, 153.042724609, 153.55355835, 154.06439209, 154.56362915, 155.062850952, 155.573699951, 156.084533691, 156.595367432, 157.106216431, 157.617050171, 158.127883911, 158.627120972, 159.137954712, 159.637191772, 160.148025513, 160.658859253, 161.169708252, 161.680541992, 162.191375732, 162.702224731, 163.213058472, 163.712280273, 164.211517334, 164.722351074, 165.233200073, 165.744033813, 166.254867554, 166.765716553, 167.276550293, 167.787384033, 168.298233032, 168.809066772, 169.319900513, 169.819137573, 170.318359375, 170.829208374, 171.340042114, 171.850875854, 172.361724854, 172.872558594, 173.383392334, 173.882629395, 174.393463135, 174.892700195, 175.403533936, 175.914367676, 176.425216675, 176.936050415, 177.446884155, 177.957733154, 178.468566895, 178.979400635, 179.478637695, 179.977859497, 180.488708496, 180.999542236, 181.510375977, 182.021224976, 182.532058716, 183.042892456, 183.553741455, 184.052963257, 184.552200317, 185.063034058, 185.573867798, 186.096328735, 186.607162476, 187.106384277, 187.617233276, 188.128067017, 188.627304077, 189.126525879, 189.637359619, 190.148208618, 190.659042358, 191.169876099, 191.680725098, 192.191558838, 192.702392578, 193.213241577, 193.724075317, 194.234924316, 194.745758057, 195.244979858, 195.744216919, 196.255050659, 196.765899658, 197.276733398, 197.787567139, 198.298416138, 198.797637939, 199.296859741, 199.80770874, 200.31854248, 200.829391479, 201.34022522, 201.85105896, 202.361907959, 202.872741699, 203.383575439, 203.8828125, 204.382034302, 204.892883301, 205.403717041, 205.914550781, 206.42539978, 206.936233521, 207.447067261, 207.95791626, 208.46875, 208.97958374, 209.490432739, 209.989654541, 210.500488281, 211.01133728, 211.510559082, 212.021408081, 212.532241821, 213.043075562, 213.553924561, 214.053146362, 214.563980103, 215.074829102, 215.574050903, 216.084899902, 216.595733643, 217.106567383, 217.617416382, 218.128250122, 218.639083862, 219.149932861, 219.649154663, 220.148391724, 220.659225464, 221.170059204, 221.680908203, 222.191741943, 222.702575684, 223.213424683, 223.724258423, 224.235092163, 224.734329224, 225.233551025, 225.744400024, 226.255233765, 226.766067505, 227.276916504, 227.787750244, 228.298583984, 228.809432983, 229.320266724, 229.819503784, 230.318725586, 230.829559326, 231.340408325, 231.851242065, 232.362075806, 232.872924805, 233.383758545, 233.882995605, 234.393829346, 234.893051147, 235.403900146, 235.914733887, 236.425567627, 236.936416626, 237.447250366, 237.958084106, 238.468933105, 238.979766846, 239.490600586, 240.001449585, 240.500671387, 240.999908447, 241.510742188, 242.021575928, 242.532424927, 243.043258667, 243.565704346, 244.088165283, 244.598999023, 245.109832764, 245.597457886, 246.096679688, 246.595916748, 247.106750488, 247.605987549, 248.105209351, 248.627655029, 249.138504028, 249.63772583, 250.14855957, 250.659408569, 251.17024231, 251.681091309, 252.191925049, 252.702758789, 253.213607788, 253.701217651, 254.212051392, 254.734512329, 255.245346069, 255.75617981, 256.255401611, 256.766265869, 257.277099609, 257.78793335, 258.29876709, 258.80960083, 259.32043457, 259.831298828, 260.330505371, 260.829742432, 261.328979492, 261.828216553, 262.339050293, 262.849884033, 263.372344971, 263.871551514, 264.382385254, 264.893249512, 265.404083252, 265.914916992, 266.425750732, 266.936584473, 267.447418213, 267.946655273, 268.457489014, 268.956726074, 269.467559814, 269.966796875, 270.466033936, 270.953643799, 271.452880859, 271.940490723, 272.358459473, 272.776397705, 273.194366455, 273.600708008, 274.007080078, 274.413421631, 274.819763184, 275.226104736, 275.632476807, 276.038818359, 276.433563232, 276.839904785, 277.234649658, 277.640991211, 278.047332764, 278.453704834, 278.848419189, 279.382476807, 279.916534424, 280.450592041, 280.984680176, 281.518737793, 282.05279541, 282.586853027, 283.132507324, 283.654968262, 284.165802002, 284.676635742, 285.175872803, 285.675109863, 286.174316406, 286.673553467, 287.184387207, 287.683624268, 288.182861328, 288.693695068, 289.204528809, 289.715362549, 290.226196289, 290.737060547, 291.259490967, 291.758728027, 292.257965088, 292.757171631, 293.268035889, 293.778869629, 294.289703369, 294.800537109, 295.31137085, 295.82220459, 296.333068848, 296.843902588, 297.354736328, 297.865570068, 298.376403809, 298.887237549, 299.409698486, 299.920532227, 300.431365967, 300.930603027, 301.441436768, 301.952270508, 302.451507568, 302.950744629, 303.461578369, 303.972412109, 304.48324585, 304.994110107, 305.504943848, 306.015777588, 306.526611328, 307.037445068, 307.548278809, 308.059143066, 308.558349609, 309.05758667, 309.56842041, 310.07925415, 310.590118408, 311.100952148, 311.600189209, 312.099395752, 312.610229492, 313.12109375, 313.63192749, 314.14276123, 314.641998291, 315.152832031, 315.652069092, 316.162902832, 316.673736572, 317.184570312, 317.695404053, 318.206237793, 318.717102051, 319.227935791, 319.738769531, 320.238006592, 320.737213135, 321.248077393, 321.747283936, 322.246520996, 322.757354736, 323.268188477, 323.779052734, 324.289886475, 324.800720215, 325.311553955, 325.822387695, 326.333221436, 326.844085693, 327.343292236, 327.842529297, 328.353363037, 328.864196777, 329.363433838, 329.862670898, 330.373504639, 330.884338379, 331.395172119, 331.906036377, 332.416870117, 332.927703857, 333.438537598, 333.949371338, 334.460235596, 334.971069336, 335.481903076, 335.992736816, 336.503570557, 337.014404297, 337.525268555, 338.036102295, 338.546936035, 339.069366455, 339.591827393, 340.12588501, 340.671569824, 341.217224121, 341.762908936, 342.250518799, 342.738128662, 343.214141846, 343.666931152, 344.119720459, 344.560913086, 345.002075195, 345.443267822, 345.896057129, 346.348846436, 346.801635742, 347.254425049, 347.707214355, 348.160003662, 348.612792969, 349.065582275, 349.518371582],
    "bpm_histogram": [0, 0, 0, 0, 0, 0, 0, 0, 0, 0, 0, 0, 0, 0, 0, 0, 0, 0, 0, 0, 0, 0, 0, 0, 0, 0, 0, 0, 0, 0, 0, 0, 0, 0, 0, 0, 0, 0, 0, 0, 0, 0, 0, 0, 0, 0, 0, 0, 0, 0, 0, 0, 0, 0, 0, 0, 0, 0, 0, 0, 0, 0, 0, 0, 0, 0, 0, 0, 0, 0, 0, 0, 0, 0, 0, 0, 0, 0, 0, 0, 0, 0, 0, 0, 0, 0, 0, 0, 0, 0, 0, 0, 0, 0, 0, 0, 0, 0, 0, 0, 0, 0, 0, 0, 0, 0, 0, 0, 0, 0, 0.00578871183097, 0, 0.0115774236619, 0, 0, 0.0202604923397, 0, 0.701881349087, 0, 0, 0.205499276519, 0, 0, 0.00868306774646, 0, 0, 0.00144717795774, 0, 0, 0, 0, 0, 0, 0.0159189589322, 0, 0, 0.00434153387323, 0, 0, 0, 0, 0, 0, 0, 0.00434153387323, 0, 0, 0, 0.0159189589322, 0, 0, 0, 0.00434153387323, 0, 0, 0, 0, 0, 0, 0, 0, 0, 0, 0, 0, 0, 0, 0, 0, 0, 0, 0, 0, 0, 0, 0, 0, 0, 0, 0, 0, 0, 0, 0, 0, 0, 0, 0, 0, 0, 0, 0, 0, 0, 0, 0, 0, 0, 0, 0, 0, 0, 0, 0, 0, 0, 0, 0, 0, 0, 0, 0, 0, 0, 0, 0, 0, 0, 0, 0, 0, 0, 0, 0, 0, 0, 0, 0, 0, 0, 0, 0, 0, 0, 0, 0, 0, 0, 0, 0, 0, 0, 0, 0, 0, 0, 0, 0, 0, 0]
},
"tonal": {
    "chords_changes_rate": 0.0291738491505,
    "chords_number_rate": 0.0011934756767,
    "chords_strength": {
        "mean": 0.565596282482
    },
    "hpcp_crest": {
        "mean": 13.693321228
    },
    "hpcp_entropy": {
        "mean": 1.95189082623
    },
    "key_edma": {
        "strength": 0.817913889885,
        "key": "C",
        "scale": "major"
    },
    "key_krumhansl": {
        "strength": 0.833594381809,
        "key": "C",
        "scale": "major"
    },
    "key_temperley": {
        "strength": 0.847666800022,
        "key": "C",
        "scale": "major"
    },
    "tuning_diatonic_strength": 0.636002242565,
    "tuning_equal_tempered_deviation": 0.0831945762038,
    "tuning_frequency": 438.984558105,
    "tuning_nontempered_energy_ratio": 0.706944406033,
    "hpcp": {
        "mean": [0.177960515022, 0.106205753982, 0.0420174822211, 0.0338403172791, 0.0415413789451, 0.0820632427931, 0.121775053442, 0.116841338575, 0.22985483706, 0.409646868706, 0.282619357109, 0.0853248685598, 0.0619834698737, 0.0542084574699, 0.0943436324596, 0.181105211377, 0.149602815509, 0.059660512954, 0.0409818440676, 0.043348710984, 0.130506277084, 0.284973651171, 0.219547793269, 0.117597281933, 0.157624870539, 0.101960465312, 0.0383193381131, 0.0330938100815, 0.0393133461475, 0.154278606176, 0.272738307714, 0.1634953022, 0.0391369760036, 0.0351997502148, 0.0425530895591, 0.119577758014]
    },
    "chords_histogram": [47.3146781921, 2.36042976379, 5.95411729813, 0.106086723506, 0.0397825203836, 0, 1.07412815094, 0, 1.19347572327, 0.0663042068481, 0, 0.623259544373, 0, 0.0265216808766, 0, 1.20673656464, 0, 0.106086723506, 0.464129418135, 0.145869255066, 0.371303528547, 4.68107700348, 12.4254074097, 21.8406047821],
    "thpcp": [1, 0.689909696579, 0.208288833499, 0.151309520006, 0.13232973218, 0.230304777622, 0.442100793123, 0.365199446678, 0.145638883114, 0.100041881204, 0.105819702148, 0.318582385778, 0.695656836033, 0.53594404459, 0.287069886923, 0.384782314301, 0.248898431659, 0.0935423672199, 0.080786190927, 0.0959688648582, 0.376613646746, 0.665788829327, 0.399112790823, 0.0955383256078, 0.085927054286, 0.103877492249, 0.291904479265, 0.434424191713, 0.259261727333, 0.102570004761, 0.0826085060835, 0.101407781243, 0.200326785445, 0.297268360853, 0.285224527121, 0.56110483408],
    "chords_key": "C",
    "chords_scale": "major"
}
}