{
"metadata": {
    "version": {
        "essentia": "2.1-beta6-dev",
        "essentia_git_sha": "v2.1_beta5-1177-g1d1cc983",
        "extractor": "music 2.0"
    },
    "audio_properties": {
        "analysis": {
            "equal_loudness": 0,
            "length": 251.197463989,
            "sample_rate": 44100,
            "start_time": 0,
            "downmix": "mix"
        },
        "bit_rate": 1411200,
        "length": 251.197463989,
        "lossless": 1,
        "number_channels": 2,
        "replay_gain": -8.29728889465,
        "sample_rate": 44100,
        "codec": "pcm_s16le",
        "md5_encoded": "0df699301cb6c59fd1c42c2d78e30341"
    },
    "tags": {
        "file_name": "01 - All Get Out - Rose.wav",
        "album": ["No Bouquet"],
        "albumartist": ["All Get Out"],
        "artist": ["All Get Out"],
        "composer": ["Nathan Michael Hussey"],
        "copyright": ["(C) 2018 Equal Vision Records, Inc. (P) 2018 Equal Vision Records, Inc."],
        "date": ["2018"],
        "discnumber": ["1"],
        "disctotal": ["1"],
        "genre": ["Alternative & Indie"],
        "isrc": ["US3X51838801"],
        "title": ["Rose"],
        "tracknumber": ["1"],
        "tracktotal": ["10"]
    }
},
"lowlevel": {
    "average_loudness": 0.78392469883,
    "barkbands_crest": {
        "mean": 9.83790683746
    },
    "barkbands_flatness_db": {
        "mean": 0.170024961233
    },
    "barkbands_kurtosis": {
        "mean": 6.38778209686
    },
    "barkbands_skewness": {
        "mean": 1.65753304958
    },
    "barkbands_spread": {
        "mean": 20.8834247589
    },
    "dissonance": {
        "mean": 0.457747787237
    },
    "dynamic_complexity": 5.25710535049,
    "erbbands_crest": {
        "mean": 9.5361289978
    },
    "erbbands_flatness_db": {
        "mean": 0.184912919998
    },
    "erbbands_kurtosis": {
        "mean": 1.39268565178
    },
    "erbbands_skewness": {
        "mean": 0.34057739377
    },
    "erbbands_spread": {
        "mean": 34.426738739
    },
    "hfc": {
        "mean": 18.3950977325
    },
    "loudness_ebu128": {
        "integrated": -14.2730407715,
        "loudness_range": 13.1195468903,
        "momentary": {
            "mean": -18.3044204712
        },
        "short_term": {
            "mean": -17.5582427979
        }
    },
    "melbands_crest": {
        "mean": 14.631529808
    },
    "melbands_flatness_db": {
        "mean": 0.238986894488
    },
    "melbands_kurtosis": {
        "mean": 13.807923317
    },
    "melbands_skewness": {
        "mean": 2.62131738663
    },
    "melbands_spread": {
        "mean": 22.7401981354
    },
    "pitch_salience": {
        "mean": 0.548624098301
    },
    "silence_rate_20dB": {
        "mean": 1
    },
    "silence_rate_30dB": {
        "mean": 0.995748639107
    },
    "silence_rate_60dB": {
        "mean": 0.191866919398
    },
    "spectral_centroid": {
        "mean": 1293.17407227
    },
    "spectral_complexity": {
        "mean": 19.2172832489
    },
    "spectral_decrease": {
        "mean": -6.14091844042e-09
    },
    "spectral_energy": {
        "mean": 0.0248457510024
    },
    "spectral_energyband_high": {
        "mean": 0.000831497251056
    },
    "spectral_energyband_low": {
        "mean": 0.0102126449347
    },
    "spectral_energyband_middle_high": {
        "mean": 0.00464572245255
    },
    "spectral_energyband_middle_low": {
        "mean": 0.0102804442868
    },
    "spectral_entropy": {
        "mean": 7.30852937698
    },
    "spectral_flux": {
        "mean": 0.0654297918081
    },
    "spectral_kurtosis": {
        "mean": 7.50333309174
    },
    "spectral_rms": {
        "mean": 0.0043570860289
    },
    "spectral_rolloff": {
        "mean": 1455.14831543
    },
    "spectral_skewness": {
        "mean": 1.70844304562
    },
    "spectral_spread": {
        "mean": 3714536.25
    },
    "spectral_strongpeak": {
        "mean": 0.601634204388
    },
    "zerocrossingrate": {
        "mean": 0.0526959709823
    },
    "barkbands": {
        "mean": [5.70037773286e-05, 0.00518972147256, 0.00391394458711, 0.00222091330215, 0.00314858974889, 0.00194703158922, 0.000934505660553, 0.000796202511992, 0.00110199442133, 0.00058872270165, 0.000564140907954, 0.000426018261351, 0.000352228613338, 0.000263973081019, 0.000441690906882, 0.000722540018614, 0.000492826977279, 0.00026464194525, 0.000403180223657, 0.000312774500344, 0.000225097988732, 0.000158483628184, 0.000122293335153, 0.000110681350634, 6.7747925641e-05, 1.42129902088e-05, 4.51772393717e-06]
    },
    "erbbands": {
        "mean": [0.0896011069417, 1.37545096874, 4.57305288315, 6.01096773148, 9.47127914429, 9.13571166992, 14.559431076, 17.1900310516, 13.2805900574, 16.0495319366, 16.5026779175, 24.6857814789, 20.6700000763, 23.1927719116, 19.6000099182, 15.8824729919, 16.7449932098, 12.8020734787, 19.3505420685, 26.6940727234, 41.1082000732, 29.1401538849, 16.5465717316, 14.9723558426, 23.0592384338, 14.2922439575, 9.86539459229, 8.03445339203, 5.95659780502, 4.20174598694, 3.34928441048, 2.49624609947, 1.73713684082, 1.01820516586, 0.32714626193, 0.0827332139015, 0.0222830381244, 0.00655302032828, 0.000783966737799, 5.51516095584e-05]
    },
    "gfcc": {
        "mean": [-58.2037658691, 118.040939331, -118.092445374, 36.5142173767, -51.4427032471, -4.21466159821, -32.7465934753, 1.77024710178, -20.8378238678, -6.46213817596, -17.4521770477, -5.24108505249, -4.65911436081],
        "cov": [[18819.6738281, -2001.23449707, -323.02456665, 1602.36328125, 59.2540092468, 1756.60998535, 22.7054481506, 949.893676758, -14.2468891144, 628.843139648, 214.435531616, 316.117004395, -31.0459194183], [-2001.23449707, 2672.83984375, -373.668640137, -412.874053955, 413.388519287, -596.268981934, 343.858154297, -258.159179688, 170.420379639, -242.035354614, 93.4311676025, -100.793525696, 167.855728149], [-323.02456665, -373.668640137, 1533.6015625, -95.6970977783, -333.785583496, 187.972229004, -458.957214355, 111.844223022, -60.9219703674, 3.16578841209, 77.1489715576, 60.6120147705, -60.4536857605], [1602.36328125, -412.874053955, -95.6970977783, 639.434997559, 103.889144897, 164.741775513, 118.986572266, 47.5243377686, 46.2301712036, 74.5824584961, 13.2336568832, 41.2983398438, 16.9353256226], [59.2540092468, 413.388519287, -333.785583496, 103.889144897, 404.016906738, -41.8169441223, 206.331039429, -17.5819740295, 73.1908874512, 18.8586387634, -0.594035804272, -10.0355710983, 41.8732337952], [1756.60998535, -596.268981934, 187.972229004, 164.741775513, -41.8169441223, 469.60333252, -15.2156915665, 157.103622437, -38.0478935242, 114.140075684, 39.5991439819, 28.6986064911, -49.8215522766], [22.7054481506, 343.858154297, -458.957214355, 118.986572266, 206.331039429, -15.2156915665, 409.673828125, -33.4754943848, 67.4581832886, 24.4140853882, -14.447183609, -15.6889181137, 28.2193050385], [949.893676758, -258.159179688, 111.844223022, 47.5243377686, -17.5819740295, 157.103622437, -33.4754943848, 212.113647461, 15.4950017929, 59.9877281189, 19.9749946594, 34.1641426086, -14.8746032715], [-14.2468891144, 170.420379639, -60.9219703674, 46.2301712036, 73.1908874512, -38.0478935242, 67.4581832886, 15.4950017929, 126.187728882, 28.9438495636, -0.258281856775, 0.36722150445, 23.9960231781], [628.843139648, -242.035354614, 3.16578841209, 74.5824584961, 18.8586387634, 114.140075684, 24.4140853882, 59.9877281189, 28.9438495636, 151.275512695, 14.2796192169, 14.2195186615, -19.0873088837], [214.435531616, 93.4311676025, 77.1489715576, 13.2336568832, -0.594035804272, 39.5991439819, -14.447183609, 19.9749946594, -0.258281856775, 14.2796192169, 111.762084961, 22.8782463074, 11.3866424561], [316.117004395, -100.793525696, 60.6120147705, 41.2983398438, -10.0355710983, 28.6986064911, -15.6889181137, 34.1641426086, 0.36722150445, 14.2195186615, 22.8782463074, 92.8499679565, 27.1204471588], [-31.0459194183, 167.855728149, -60.4536857605, 16.9353256226, 41.8732337952, -49.8215522766, 28.2193050385, -14.8746032715, 23.9960231781, -19.0873088837, 11.3866424561, 27.1204471588, 79.5300140381]],
        "icov": [[0.000141201366205, -0.000187957470189, 0.000189769387362, -0.000343545019859, 0.000158071808983, -0.000477846624563, 0.000312404241413, -0.000354714808054, 0.000186507924809, -0.0003041056043, 0.000168436657987, -0.000322753447108, 6.61503945594e-05], [-0.000187957470189, 0.00156550342217, -0.000559716077987, 0.00127126660664, -0.00112011807505, 0.0014544747537, -0.00142130628228, 0.000783115508966, -0.00125280371867, 0.00172086071689, -0.0019800697919, 0.00168504985049, -0.0014221087331], [0.000189769387362, -0.000559716077987, 0.00147347513121, -0.000603619439062, 0.000788296514656, -0.00122719071805, 0.00172464502975, -0.000555190781597, -4.45348450739e-05, -0.000421701231971, 0.000129920241307, -0.00122124154586, 0.000914469710551], [-0.000343545019859, 0.00127126660664, -0.000603619439062, 0.0033220956102, -0.00122032617219, 0.000855306629092, -0.00167443067767, 0.00132431264501, -0.00163274025545, 0.00129672128242, -0.00135035312269, 0.000802328286227, -0.00123976531904], [0.000158071808983, -0.00112011807505, 0.000788296514656, -0.00122032617219, 0.00455793458968, -0.000972814043052, -0.000108605891, -0.000709312560502, -9.84272410278e-05, -0.00141576922033, 0.00104669481516, -0.000721185992006, -3.24604698108e-05], [-0.000477846624563, 0.0014544747537, -0.00122719071805, 0.000855306629092, -0.000972814043052, 0.00624864641577, -0.00230800639838, -0.000855048128869, 0.00086489302339, -9.88924584817e-05, -0.00233576563187, 0.00208647409454, 5.25912691955e-05], [0.000312404241413, -0.00142130628228, 0.00172464502975, -0.00167443067767, -0.000108605891, -0.00230800639838, 0.00603238074109, -0.000326487817802, -0.00025110624847, -0.00167700706515, 0.00168201886117, -0.00165220245253, 0.00119497801643], [-0.000354714808054, 0.000783115508966, -0.000555190781597, 0.00132431264501, -0.000709312560502, -0.000855048128869, -0.000326487817802, 0.00811941735446, -0.00266357138753, 0.000370565772755, -0.000831470882986, -0.000957269687206, 0.000314992474159], [0.000186507924809, -0.00125280371867, -4.45348450739e-05, -0.00163274025545, -9.84272410278e-05, 0.00086489302339, -0.00025110624847, -0.00266357138753, 0.0123284924775, -0.0042875148356, 0.00178803014569, 0.000122108816868, -0.0018310782034], [-0.0003041056043, 0.00172086071689, -0.000421701231971, 0.00129672128242, -0.00141576922033, -9.88924584817e-05, -0.00167700706515, 0.000370565772755, -0.0042875148356, 0.0115479305387, -0.00271065114066, 0.000612570263911, 0.00124474707991], [0.000168436657987, -0.0019800697919, 0.000129920241307, -0.00135035312269, 0.00104669481516, -0.00233576563187, 0.00168201886117, -0.000831470882986, 0.00178803014569, -0.00271065114066, 0.0126095032319, -0.00349902105518, 6.23094529146e-05], [-0.000322753447108, 0.00168504985049, -0.00122124154586, 0.000802328286227, -0.000721185992006, 0.00208647409454, -0.00165220245253, -0.000957269687206, 0.000122108816868, 0.000612570263911, -0.00349902105518, 0.016507267952, -0.00770560838282], [6.61503945594e-05, -0.0014221087331, 0.000914469710551, -0.00123976531904, -3.24604698108e-05, 5.25912691955e-05, 0.00119497801643, 0.000314992474159, -0.0018310782034, 0.00124474707991, 6.23094529146e-05, -0.00770560838282, 0.019715230912]]
    },
    "melbands": {
        "mean": [0.00112951092888, 0.00220472039655, 0.00117411615793, 0.000662969716359, 0.000500339898281, 0.000373602786567, 0.000200865761144, 0.000183267926332, 0.000133229157655, 0.000162467811606, 0.000102449914266, 9.41991456784e-05, 6.6380831413e-05, 4.98583394801e-05, 4.16937655245e-05, 3.24352477037e-05, 2.25259282161e-05, 2.86356462311e-05, 3.62089194823e-05, 4.13670968555e-05, 4.80708913528e-05, 3.16127079714e-05, 1.8275461116e-05, 1.20132390293e-05, 1.11862591439e-05, 1.85580593097e-05, 1.38978075483e-05, 8.40537904878e-06, 5.78922845307e-06, 5.96694053456e-06, 4.27805980507e-06, 3.56974851456e-06, 2.5877943699e-06, 2.2731635454e-06, 2.00742692869e-06, 1.64689060966e-06, 1.46530157963e-06, 1.19788614938e-06, 1.14857914468e-06, 7.60587624882e-07]
    },
    "melbands128": {
        "mean": [5.52558121854e-05, 0.000491887214594, 0.00144651462324, 0.00258438964374, 0.00259610498324, 0.0017520111287, 0.00116048101336, 0.00114326132461, 0.000992556568235, 0.000629459798802, 0.000426892511314, 0.000550068740267, 0.000520375790074, 0.000431449268945, 0.000461626972537, 0.000280697830021, 0.000208843368455, 0.000182776318979, 0.000212585247937, 0.000146952472278, 0.000218116183532, 0.000146365491673, 0.000110773537017, 0.000136426780955, 0.000145649639308, 0.000210412326851, 0.000110830871563, 7.47957674321e-05, 0.000117089955893, 7.69426260376e-05, 0.000106801002403, 9.11355673452e-05, 3.86777719541e-05, 7.55488872528e-05, 6.47815613775e-05, 3.57162280125e-05, 3.33388525178e-05, 5.00884489156e-05, 4.08686792071e-05, 3.54051881004e-05, 3.46915767295e-05, 1.88893791346e-05, 2.21717764362e-05, 2.17317337956e-05, 2.91864216706e-05, 2.86264330498e-05, 2.93973971566e-05, 4.29516512668e-05, 3.69008048438e-05, 2.49212498602e-05, 4.56611778645e-05, 5.0929011195e-05, 5.83625696891e-05, 4.65172233817e-05, 2.53555590461e-05, 3.74510091206e-05, 2.84618599835e-05, 1.89357051568e-05, 1.48285589603e-05, 1.58777402248e-05, 1.15567690955e-05, 9.0663706942e-06, 1.16082828754e-05, 9.52489972406e-06, 1.4181880033e-05, 2.34158942476e-05, 1.70585390151e-05, 1.60033541761e-05, 1.38398390845e-05, 1.00597353594e-05, 8.39897984406e-06, 8.43039651954e-06, 4.95497988595e-06, 5.37888945473e-06, 6.29596297586e-06, 6.69596829539e-06, 5.7735755945e-06, 4.08938831242e-06, 4.14194937548e-06, 4.40732947027e-06, 3.64095558325e-06, 3.37148685503e-06, 2.94578853755e-06, 2.55704298979e-06, 2.22918447434e-06, 2.17597857954e-06, 2.42135411099e-06, 2.20609649659e-06, 2.05260676012e-06, 1.81438065283e-06, 1.60154786499e-06, 1.65550261499e-06, 1.62752098731e-06, 1.48594222082e-06, 1.36790856686e-06, 1.20855747809e-06, 1.13321914341e-06, 1.22048516005e-06, 1.20940762827e-06, 1.11396354896e-06, 9.10626567929e-07, 7.19338515864e-07, 5.55240546873e-07, 4.52911649518e-07, 3.56981956884e-07, 2.71987886435e-07, 2.09419653174e-07, 1.54845409384e-07, 1.31900677047e-07, 1.02857768525e-07, 8.4840003467e-08, 7.13467045443e-08, 6.29749692393e-08, 6.17922069068e-08, 5.98883218572e-08, 5.42555582683e-08, 5.12502964511e-08, 4.73162558023e-08, 3.682074734e-08, 2.5958319938e-08, 1.68116294219e-08, 9.87615944581e-09, 6.11940986772e-09, 3.83404152871e-09, 2.76414224842e-09, 1.84039317119e-09, 1.09745568189e-09, 6.41055097894e-10]
    },
    "mfcc": {
        "mean": [-699.122192383, 143.433609009, -5.09126758575, 37.2999572754, 1.84464168549, -0.348621755838, -2.7842798233, 0.377572268248, 3.52402377129, -3.172113657, -9.87629508972, -3.45193362236, 2.02628803253],
        "cov": [[19411.4902344, -2578.41137695, -470.636322021, 425.436218262, 447.597381592, 929.725585938, 731.283325195, 572.730834961, 347.908813477, 619.895019531, 462.739532471, 346.86138916, 218.451721191], [-2578.41137695, 2675.61132812, -450.565246582, 91.0313491821, -115.56060791, -211.404266357, -70.4500274658, -58.4358062744, 10.8566474915, -141.242416382, -105.435577393, -64.206237793, 63.3216629028], [-470.636322021, -450.565246582, 1596.96813965, -308.363189697, 250.468048096, -157.547943115, -158.974624634, -14.7985601425, -212.139968872, -46.3358573914, -45.5211372375, 82.3469619751, -33.4070739746], [425.436218262, 91.0313491821, -308.363189697, 539.964477539, -17.1298351288, 131.050460815, 38.4025382996, 35.7690238953, 111.794136047, -24.1486263275, 24.7388877869, 14.5897455215, 48.6741447449], [447.597381592, -115.56060791, 250.468048096, -17.1298351288, 298.872924805, -1.03494000435, -0.615175485611, 16.9427185059, -23.5794734955, 34.5738296509, 2.38726735115, 32.2374076843, 21.8403396606], [929.725585938, -211.404266357, -157.547943115, 131.050460815, -1.03494000435, 295.94543457, 128.118453979, 43.8957366943, 69.0315322876, 66.1692886353, 77.8843612671, 10.0731601715, 11.3909683228], [731.283325195, -70.4500274658, -158.974624634, 38.4025382996, -0.615175485611, 128.118453979, 212.348953247, 70.7543334961, 40.3807601929, 62.5454292297, 68.7841186523, 18.2258911133, 9.62627315521], [572.730834961, -58.4358062744, -14.7985601425, 35.7690238953, 16.9427185059, 43.8957366943, 70.7543334961, 143.015487671, 43.1472625732, 23.1430587769, 13.2939796448, 30.5826702118, 26.10546875], [347.908813477, 10.8566474915, -212.139968872, 111.794136047, -23.5794734955, 69.0315322876, 40.3807601929, 43.1472625732, 165.969894409, 47.2766532898, 36.8524665833, 6.90836143494, 26.1397304535], [619.895019531, -141.242416382, -46.3358573914, -24.1486263275, 34.5738296509, 66.1692886353, 62.5454292297, 23.1430587769, 47.2766532898, 143.2631073, 74.2992630005, 14.908572197, 5.02085113525], [462.739532471, -105.435577393, -45.5211372375, 24.7388877869, 2.38726735115, 77.8843612671, 68.7841186523, 13.2939796448, 36.8524665833, 74.2992630005, 124.485404968, 30.0834674835, 1.639351964], [346.86138916, -64.206237793, 82.3469619751, 14.5897455215, 32.2374076843, 10.0731601715, 18.2258911133, 30.5826702118, 6.90836143494, 14.908572197, 30.0834674835, 87.0273132324, 34.2361106873], [218.451721191, 63.3216629028, -33.4070739746, 48.6741447449, 21.8403396606, 11.3909683228, 9.62627315521, 26.10546875, 26.1397304535, 5.02085113525, 1.639351964, 34.2361106873, 88.3645706177]],
        "icov": [[8.29138007248e-05, 5.96450081503e-05, 3.97779731429e-05, -2.01497496164e-05, -8.20082204882e-05, -0.000103013182525, -5.71188320464e-05, -0.000167892954778, 4.08528212574e-05, -0.000166961399373, 1.90804985323e-06, -0.000153038665303, -7.55489018047e-05], [5.96450081503e-05, 0.000506748212501, 0.000155940186232, -5.84788867855e-05, -3.27775087499e-05, 0.000317560217809, -0.000158952840138, 9.41269809118e-06, -7.94762854639e-06, 0.00021014153026, 8.21099183668e-06, 0.000167037156643, -0.000512177299242], [3.97779731429e-05, 0.000155940186232, 0.00112678913865, 0.000376007985324, -0.000762707728427, -3.83824699384e-05, 0.000755385437515, -0.000478295638459, 0.000886560475919, 0.000246898795012, -0.000156308800797, -0.0010969277937, 0.00041287127533], [-2.01497496164e-05, -5.84788867855e-05, 0.000376007985324, 0.00276392721571, -0.000364075909602, -0.00112454092596, 0.000496222928632, -0.0001118131986, -0.00128373131156, 0.00178320286795, -0.000530394958332, -0.000345036445651, -0.000652716553304], [-8.20082204882e-05, -3.27775087499e-05, -0.000762707728427, -0.000364075909602, 0.00437404355034, 0.000127939638332, -0.000177708585397, 0.000125882696011, 0.000436205329606, -0.00158537062816, 0.000883141008671, -0.000258269428741, -0.000932273105718], [-0.000103013182525, 0.000317560217809, -3.83824699384e-05, -0.00112454092596, 0.000127939638332, 0.00602433411404, -0.00251920428127, 0.00037579331547, -0.000655246607494, -0.000377127202228, -0.00143331626896, 0.00122997991275, -0.00024746026611], [-5.71188320464e-05, -0.000158952840138, 0.000755385437515, 0.000496222928632, -0.000177708585397, -0.00251920428127, 0.00882110279053, -0.00351797742769, 0.00125638081226, -0.000750695122406, -0.00253562023863, -0.000243035101448, 0.000526584044565], [-0.000167892954778, 9.41269809118e-06, -0.000478295638459, -0.0001118131986, 0.000125882696011, 0.00037579331547, -0.00351797742769, 0.0103962114081, -0.00245732278563, 0.000108254054794, 0.00225131725892, -0.00206833775155, -0.000998218194582], [4.08528212574e-05, -7.94762854639e-06, 0.000886560475919, -0.00128373131156, 0.000436205329606, -0.000655246607494, 0.00125638081226, -0.00245732278563, 0.00979912932962, -0.00283632799983, -0.000858151412103, 0.000238994980464, -0.00130151864141], [-0.000166961399373, 0.00021014153026, 0.000246898795012, 0.00178320286795, -0.00158537062816, -0.000377127202228, -0.000750695122406, 0.000108254054794, -0.00283632799983, 0.0131404362619, -0.00610577641055, 0.00129250437021, -0.000431576743722], [1.90804985323e-06, 8.21099183668e-06, -0.000156308800797, -0.000530394958332, 0.000883141008671, -0.00143331626896, -0.00253562023863, 0.00225131725892, -0.000858151412103, -0.00610577641055, 0.0152429351583, -0.00517659122124, 0.00212369556539], [-0.000153038665303, 0.000167037156643, -0.0010969277937, -0.000345036445651, -0.000258269428741, 0.00122997991275, -0.000243035101448, -0.00206833775155, 0.000238994980464, 0.00129250437021, -0.00517659122124, 0.0181595645845, -0.00650707818568], [-7.55489018047e-05, -0.000512177299242, 0.00041287127533, -0.000652716553304, -0.000932273105718, -0.00024746026611, 0.000526584044565, -0.000998218194582, -0.00130151864141, -0.000431576743722, 0.00212369556539, -0.00650707818568, 0.0157772805542]]
    },
    "spectral_contrast_coeffs": {
        "mean": [-0.688865661621, -0.749608039856, -0.7774553895, -0.789420425892, -0.807254016399, -0.754329502583]
    },
    "spectral_contrast_valleys": {
        "mean": [-6.94851779938, -7.04343605042, -7.81313037872, -8.06565666199, -7.92957639694, -11.1810264587]
    }
},
"rhythm": {
    "beats_count": 514,
    "beats_loudness": {
        "mean": 0.0336088947952
    },
    "bpm": 121.962249756,
    "bpm_histogram_first_peak_bpm": 123,
    "bpm_histogram_first_peak_weight": 0.440298497677,
    "bpm_histogram_second_peak_bpm": 117,
    "bpm_histogram_second_peak_spread": 0.149999976158,
    "bpm_histogram_second_peak_weight": 0.0662768036127,
    "danceability": 1.05246424675,
    "onset_rate": 2.10177111626,
    "beats_loudness_band_ratio": {
        "mean": [0.504426717758, 0.24428203702, 0.117197990417, 0.0667270123959, 0.0728992894292, 0.048695858568]
    },
    "beats_position": [0.49922901392, 1.01006805897, 1.52090704441, 2.03174591064, 2.55419492722, 3.07664394379, 3.59909296036, 4.1099319458, 4.60916090012, 5.10838985443, 5.59600877762, 6.09523820877, 6.59446716309, 7.08208608627, 7.56970500946, 8.05732440948, 8.54494285583, 9.04417228699, 9.54340076447, 10.0310201645, 10.5186395645, 11.0062580109, 11.4938774109, 11.9931058884, 12.4923353195, 12.9915647507, 13.479183197, 13.9784126282, 14.4660310745, 14.9536504745, 15.4412698746, 15.9288883209, 16.4281177521, 16.9273471832, 17.4149665833, 17.9025840759, 18.390203476, 18.8894329071, 19.3886623383, 19.8762817383, 20.363899231, 20.851518631, 21.339138031, 21.8383674622, 22.3375968933, 22.825214386, 23.3244438171, 23.8120632172, 24.3112926483, 24.7989120483, 25.286529541, 25.774148941, 26.2617683411, 26.7493877411, 27.2486171722, 27.747844696, 28.2470741272, 28.7346935272, 29.2223129272, 29.7099323273, 30.2091598511, 30.7083892822, 31.1960086823, 31.6952381134, 32.1828575134, 32.6704750061, 33.1580963135, 33.6457138062, 34.1333312988, 34.63256073, 35.1317901611, 35.6194114685, 36.1070289612, 36.6062583923, 37.093875885, 37.5814971924, 38.0807266235, 38.57995224, 39.0791816711, 39.5784111023, 40.0776405334, 40.5652618408, 41.0528793335, 41.5404968262, 42.0397262573, 42.5389556885, 43.0265769958, 43.5258026123, 44.0250320435, 44.5242614746, 45.011882782, 45.4878921509, 45.9755096436, 46.4631271362, 46.9507484436, 47.4383659363, 47.9259872437, 48.4019927979, 48.8780021667, 49.3772315979, 49.8764610291, 50.3640823364, 50.8633079529, 51.362537384, 51.8617668152, 52.3609962463, 52.8602256775, 53.3478431702, 53.8354644775, 54.3230819702, 54.8107032776, 55.2867126465, 55.7743301392, 56.2619476318, 56.761177063, 57.2604064941, 57.7480278015, 58.2356452942, 58.7232627869, 59.2108840942, 59.7101135254, 60.2093429565, 60.6969604492, 61.1961898804, 61.6954193115, 62.1830368042, 62.6822662354, 63.1814956665, 63.6923332214, 64.2031707764, 64.714012146, 65.2248535156, 65.7356872559, 66.2465286255, 66.7573699951, 67.2798156738, 67.7906570435, 68.2898864746, 68.7891159058, 69.2883453369, 69.7875747681, 70.2868041992, 70.7976379395, 71.2968673706, 71.7960968018, 72.3069381714, 72.817779541, 73.3286132812, 73.8394546509, 74.3502960205, 74.8611297607, 75.3603591919, 75.9292526245, 76.4749221802, 77.0321960449, 77.5894775391, 78.1583633423, 78.7156448364, 79.2729263306, 79.8302001953, 80.3410415649, 80.8518829346, 81.3511123657, 81.8503417969, 82.3611755371, 82.8720169067, 83.3944625854, 83.9169158936, 84.4509735107, 84.9618148804, 85.4726486206, 85.9834899902, 86.4943313599, 86.993560791, 87.4927902222, 87.9804077148, 88.479637146, 88.9788665771, 89.4664840698, 89.9541015625, 90.4417190552, 90.9293441772, 91.4169616699, 91.9161911011, 92.4038085938, 92.9030380249, 93.3906555176, 93.8782730103, 94.3658905029, 94.8651199341, 95.3643493652, 95.8519744873, 96.33959198, 96.8388214111, 97.3380508423, 97.8488845825, 98.3481140137, 98.8357315063, 99.3233566284, 99.8806304932, 100.437911987, 101.006797791, 101.506027222, 102.005256653, 102.492874146, 102.992103577, 103.491333008, 103.990562439, 104.478187561, 104.977409363, 105.465034485, 105.952651978, 106.44026947, 106.927886963, 107.415504456, 107.903129578, 108.39074707, 108.889976501, 109.389205933, 109.876823425, 110.364440918, 110.852058411, 111.339683533, 111.838912964, 112.326530457, 112.825759888, 113.31337738, 113.812606812, 114.300224304, 114.799453735, 115.287071228, 115.786300659, 116.273918152, 116.761543274, 117.249160767, 117.748390198, 118.23600769, 118.723625183, 119.211242676, 119.698867798, 120.1980896, 120.697319031, 121.196548462, 121.695777893, 122.183395386, 122.671020508, 123.158638, 123.646255493, 124.145484924, 124.633102417, 125.132331848, 125.631561279, 126.119178772, 126.618408203, 127.106025696, 127.593650818, 128.081268311, 128.568893433, 129.056503296, 129.555740356, 130.054962158, 130.54258728, 131.030197144, 131.517822266, 132.005432129, 132.493057251, 132.980682373, 133.479904175, 133.979141235, 134.466751099, 134.954376221, 135.441986084, 135.929611206, 136.417236328, 136.928070068, 137.438903809, 137.949752808, 138.448974609, 138.94821167, 139.447433472, 139.935058594, 140.422668457, 140.898681641, 141.386306763, 141.873916626, 142.361541748, 142.849151611, 143.336776733, 143.824401855, 144.30039978, 144.776412964, 145.275650024, 145.763259888, 146.262496948, 146.750106812, 147.237731934, 147.725341797, 148.224578857, 148.723800659, 149.211425781, 149.699050903, 150.198272705, 150.685897827, 151.17350769, 151.672744751, 152.171966553, 152.671203613, 153.158813477, 153.646438599, 154.1456604, 154.644897461, 155.132507324, 155.620132446, 156.09614563, 156.595367432, 157.082992554, 157.570602417, 158.058227539, 158.545852661, 159.045074463, 159.532699585, 160.031921387, 160.519546509, 161.007156372, 161.494781494, 161.994003296, 162.493240356, 162.992462158, 163.491699219, 163.979324341, 164.466934204, 164.954559326, 165.442169189, 165.929794312, 166.417419434, 166.916641235, 167.415863037, 167.903488159, 168.391113281, 168.890335083, 169.389572144, 169.888793945, 170.388031006, 170.887252808, 171.363265991, 171.850875854, 172.338500977, 172.837722778, 173.336959839, 173.824569702, 174.312194824, 174.799819946, 175.28742981, 175.775054932, 176.262680054, 176.738677979, 177.237915039, 177.725524902, 178.213150024, 178.712371826, 179.199996948, 179.69921875, 180.186843872, 180.686080933, 181.185302734, 181.684524536, 182.183761597, 182.671386719, 183.158996582, 183.646621704, 184.134231567, 184.621856689, 185.109481812, 185.608703613, 186.096328735, 186.595550537, 187.094787598, 187.594009399, 188.081634521, 188.569244385, 189.056869507, 189.54447937, 190.032104492, 190.519729614, 191.007339478, 191.4949646, 191.982574463, 192.481811523, 192.981033325, 193.480270386, 193.979492188, 194.46711731, 194.954742432, 195.442352295, 195.929977417, 196.429199219, 196.916824341, 197.404434204, 197.892059326, 198.379684448, 198.867294312, 199.366531372, 199.854141235, 200.341766357, 200.840988159, 201.328613281, 201.827835083, 202.315460205, 202.814697266, 203.313919067, 203.801544189, 204.289154053, 204.788391113, 205.287612915, 205.775238037, 206.2628479, 206.750473022, 207.238098145, 207.737319946, 208.236557007, 208.735778809, 209.23500061, 209.722625732, 210.210250854, 210.697860718, 211.18548584, 211.673095703, 212.160720825, 212.659957886, 213.159179688, 213.64680481, 214.134414673, 214.622039795, 215.121261597, 215.620498657, 216.108108521, 216.595733643, 217.094955444, 217.594192505, 218.081817627, 218.56942749, 219.068664551, 219.567886353, 220.055511475, 220.543121338, 221.03074646, 221.518356323, 222.017593384, 222.516815186, 223.027664185, 223.538497925, 224.049331665, 224.502120972, 224.954910278, 225.407699585, 225.87210083, 226.255233765, 226.638366699, 227.021499634, 227.40461731, 227.799362183, 228.182495117, 228.577224731, 228.960357666, 229.343490601, 229.726623535, 230.109741211, 230.504486084, 230.899230957, 231.293960571, 231.688705444, 232.083435059, 232.478179932, 232.872924805, 233.256057739, 233.639175415, 234.02230835, 234.417053223, 234.811782837, 235.20652771, 235.589660645, 235.97277832, 236.367523193, 236.762268066, 237.156997681, 237.540130615, 237.92326355, 238.306396484, 238.68951416, 239.072647095, 239.490600586, 239.908569336, 240.338134766, 240.744491577, 241.139221191, 241.533966064, 241.928695679, 242.323440552, 242.718185425, 243.124526978, 243.530883789, 243.972061157, 244.401626587, 244.842803955, 245.318817139, 245.794830322, 246.282440186, 246.909378052, 247.536315918, 248.151657104, 248.766983032, 249.38230896, 249.997634888, 250.612960815],
    "bpm_histogram": [0, 0, 0, 0, 0, 0, 0, 0, 0, 0, 0, 0, 0, 0, 0, 0, 0, 0, 0, 0, 0, 0, 0, 0, 0, 0, 0, 0, 0, 0, 0, 0, 0, 0, 0, 0, 0, 0, 0, 0, 0, 0, 0, 0, 0, 0, 0, 0, 0, 0, 0, 0, 0, 0, 0, 0, 0, 0, 0, 0, 0, 0, 0, 0, 0, 0, 0, 0, 0, 0, 0, 0, 0, 0, 0, 0, 0, 0, 0, 0, 0, 0, 0, 0, 0, 0, 0, 0, 0, 0, 0, 0, 0, 0, 0, 0, 0.00389863550663, 0, 0.00974658876657, 0, 0, 0, 0, 0, 0, 0.00584795325994, 0, 0, 0.0136452242732, 0, 0.00194931775331, 0, 0.00194931775331, 0, 0, 0.0116959065199, 0, 0.0662768036127, 0, 0, 0.321637421846, 0, 0, 0.438596487045, 0, 0, 0.0233918130398, 0, 0, 0.00194931775331, 0, 0, 0, 0.00584795325994, 0, 0, 0.00389863550663, 0, 0, 0, 0.00389863550663, 0, 0, 0, 0.00389863550663, 0, 0, 0, 0.00584795325994, 0, 0, 0, 0.0389863550663, 0, 0, 0, 0, 0.037037037313, 0, 0, 0, 0, 0, 0, 0, 0, 0, 0, 0, 0, 0, 0, 0, 0, 0, 0, 0, 0, 0, 0, 0, 0, 0, 0, 0, 0, 0, 0, 0, 0, 0, 0, 0, 0, 0, 0, 0, 0, 0, 0, 0, 0, 0, 0, 0, 0, 0, 0, 0, 0, 0, 0, 0, 0, 0, 0, 0, 0, 0, 0, 0, 0, 0, 0, 0, 0, 0, 0, 0, 0, 0, 0, 0, 0, 0, 0, 0, 0, 0, 0, 0, 0, 0, 0, 0, 0, 0, 0, 0, 0]
},
"tonal": {
    "chords_changes_rate": 0.0550730004907,
    "chords_number_rate": 0.00221770466305,
    "chords_strength": {
        "mean": 0.517872333527
    },
    "hpcp_crest": {
        "mean": 14.1695737839
    },
    "hpcp_entropy": {
        "mean": 1.96556949615
    },
    "key_edma": {
        "strength": 0.601095855236,
        "key": "Bb",
        "scale": "minor"
    },
    "key_krumhansl": {
        "strength": 0.624338746071,
        "key": "Bb",
        "scale": "minor"
    },
    "key_temperley": {
        "strength": 0.642063140869,
        "key": "Bb",
        "scale": "minor"
    },
    "tuning_diatonic_strength": 0.52481418848,
    "tuning_equal_tempered_deviation": 0.0284507777542,
    "tuning_frequency": 441.527557373,
    "tuning_nontempered_energy_ratio": 0.70325756073,
    "hpcp": {
        "mean": [0.0611842572689, 0.0549488477409, 0.173272520304, 0.302629262209, 0.203663721681, 0.0648189261556, 0.0423651710153, 0.0466221868992, 0.091436073184, 0.120183780789, 0.0936975553632, 0.147211953998, 0.206713795662, 0.127138853073, 0.0612108334899, 0.0593056082726, 0.0783607959747, 0.207646220922, 0.280496656895, 0.173977464437, 0.0849282518029, 0.0620284676552, 0.0689485967159, 0.225025758147, 0.328546732664, 0.192446425557, 0.122774623334, 0.144009485841, 0.104237034917, 0.0741744115949, 0.0697716400027, 0.0666799470782, 0.116166450083, 0.165419906378, 0.134162917733, 0.0876711159945]
    },
    "chords_histogram": [23.821844101, 11.4396600723, 10.2199220657, 7.28146362305, 0.813158392906, 7.48475313187, 0.092404358089, 4.52781391144, 0.184808716178, 4.93439292908, 0.221770465374, 0.0739234909415, 0, 0, 0.203289598227, 0, 0.554426193237, 1.2382184267, 0.683792293072, 0.591387927532, 1.33062279224, 2.56884121895, 14.5444469452, 7.18905925751],
    "thpcp": [1, 0.585750520229, 0.373689979315, 0.43832269311, 0.317267000675, 0.225765183568, 0.212364435196, 0.202954217792, 0.353576630354, 0.503489732742, 0.408352613449, 0.266845196486, 0.186226949096, 0.167248189449, 0.527390778065, 0.921114802361, 0.619892716408, 0.197289824486, 0.128947168589, 0.14190427959, 0.278304606676, 0.365804225206, 0.285187900066, 0.448070049286, 0.629176259041, 0.386973410845, 0.1863078475, 0.180508896708, 0.238507300615, 0.632014274597, 0.853749632835, 0.529536426067, 0.25849673152, 0.188796490431, 0.209859326482, 0.684912502766],
    "chords_key": "Bb",
    "chords_scale": "minor"
}
}