{
"metadata": {
    "version": {
        "essentia": "2.1-beta6-dev",
        "essentia_git_sha": "v2.1_beta5-1177-g1d1cc983",
        "extractor": "music 2.0"
    },
    "audio_properties": {
        "analysis": {
            "equal_loudness": 0,
            "length": 222.773330688,
            "sample_rate": 44100,
            "start_time": 0,
            "downmix": "mix"
        },
        "bit_rate": 1411200,
        "length": 222.773330688,
        "lossless": 1,
        "number_channels": 2,
        "replay_gain": -16.3420124054,
        "sample_rate": 44100,
        "codec": "pcm_s16le",
        "md5_encoded": "47ce42d170f33ba7ee2c3f57f5861390"
    },
    "tags": {
        "file_name": "All Get Out - All Get Out - 04 Like A Child.wav"
    }
},
"lowlevel": {
    "average_loudness": 0.922765314579,
    "barkbands_crest": {
        "mean": 8.13058185577
    },
    "barkbands_flatness_db": {
        "mean": 0.110586851835
    },
    "barkbands_kurtosis": {
        "mean": 3.56560635567
    },
    "barkbands_skewness": {
        "mean": 0.859424471855
    },
    "barkbands_spread": {
        "mean": 26.3964500427
    },
    "dissonance": {
        "mean": 0.470614880323
    },
    "dynamic_complexity": 3.20149755478,
    "erbbands_crest": {
        "mean": 8.53136634827
    },
    "erbbands_flatness_db": {
        "mean": 0.159557774663
    },
    "erbbands_kurtosis": {
        "mean": 0.493748247623
    },
    "erbbands_skewness": {
        "mean": 0.0601185746491
    },
    "erbbands_spread": {
        "mean": 34.7221717834
    },
    "hfc": {
        "mean": 25.5586585999
    },
    "loudness_ebu128": {
        "integrated": -6.16123247147,
        "loudness_range": 4.84244632721,
        "momentary": {
            "mean": -8.19403743744
        },
        "short_term": {
            "mean": -7.24638938904
        }
    },
    "melbands_crest": {
        "mean": 12.701212883
    },
    "melbands_flatness_db": {
        "mean": 0.162887573242
    },
    "melbands_kurtosis": {
        "mean": 7.68332242966
    },
    "melbands_skewness": {
        "mean": 1.90442454815
    },
    "melbands_spread": {
        "mean": 33.3857345581
    },
    "pitch_salience": {
        "mean": 0.589540719986
    },
    "silence_rate_20dB": {
        "mean": 1
    },
    "silence_rate_30dB": {
        "mean": 1
    },
    "silence_rate_60dB": {
        "mean": 0.0720091685653
    },
    "spectral_centroid": {
        "mean": 1735.43041992
    },
    "spectral_complexity": {
        "mean": 24.4477901459
    },
    "spectral_decrease": {
        "mean": -6.50944498304e-09
    },
    "spectral_energy": {
        "mean": 0.0268864408135
    },
    "spectral_energyband_high": {
        "mean": 0.00117818429135
    },
    "spectral_energyband_low": {
        "mean": 0.00877644959837
    },
    "spectral_energyband_middle_high": {
        "mean": 0.00753681221977
    },
    "spectral_energyband_middle_low": {
        "mean": 0.0112534295768
    },
    "spectral_entropy": {
        "mean": 7.74590873718
    },
    "spectral_flux": {
        "mean": 0.0871739536524
    },
    "spectral_kurtosis": {
        "mean": 4.69050598145
    },
    "spectral_rms": {
        "mean": 0.00473170401528
    },
    "spectral_rolloff": {
        "mean": 2248.09033203
    },
    "spectral_skewness": {
        "mean": 1.44388914108
    },
    "spectral_spread": {
        "mean": 4564891.5
    },
    "spectral_strongpeak": {
        "mean": 1.10855352879
    },
    "zerocrossingrate": {
        "mean": 0.0816765874624
    },
    "barkbands": {
        "mean": [0.00125920842402, 0.00375100411475, 0.00230055348948, 0.00315183005296, 0.00205499911681, 0.00159485335462, 0.00102771155071, 0.00106330006383, 0.00156656419858, 0.00179310864769, 0.00113893370144, 0.000630016671494, 0.000632218027022, 0.00055756769143, 0.000856810482219, 0.000660381279886, 0.000483511394123, 0.000449446786661, 0.000499329995364, 0.000413992733229, 0.00022016649018, 0.00021826736338, 0.000210663070902, 0.000162984171766, 0.000131499095005, 4.81207207486e-05, 9.09851405595e-06]
    },
    "erbbands": {
        "mean": [0.157621666789, 0.661787450314, 2.34786987305, 7.42079687119, 7.63125991821, 6.98173379898, 11.0967979431, 12.7407436371, 13.8114776611, 21.2422409058, 22.3304347992, 35.9749794006, 55.3933334351, 46.0524291992, 43.795753479, 30.918598175, 30.7003822327, 30.9533557892, 26.7878284454, 58.8728179932, 31.3357086182, 23.7797317505, 22.7240066528, 23.4065761566, 27.3066501617, 21.1080799103, 10.2104139328, 8.66597938538, 7.96464443207, 6.28551244736, 6.14000654221, 4.13622140884, 2.34587168694, 1.66050565243, 0.830126464367, 0.275688260794, 0.0760954171419, 0.0148632153869, 0.00153801089618, 0.000104347869637]
    },
    "gfcc": {
        "mean": [-2.88217449188, 79.2393798828, -132.071884155, 23.8700828552, -55.4169311523, 9.36448192596, -33.5035743713, 8.96655368805, -25.2989902496, -2.44637441635, -18.8977527618, -3.70936632156, -9.32254314423],
        "cov": [[24621.8945312, 999.779968262, -863.967346191, 992.677001953, -1306.4407959, 644.611633301, -481.785095215, 423.889953613, -434.528717041, 58.8248748779, -225.541656494, 2.81908202171, -346.855743408], [999.779968262, 2174.14208984, -758.757507324, 95.6969299316, 311.292205811, -201.008148193, 252.911727905, -89.394241333, 101.942153931, -77.824508667, 55.2149238586, -123.985694885, 141.535293579], [-863.967346191, -758.757507324, 1550.81762695, 250.510650635, 99.3595504761, 353.393127441, -47.5056762695, 149.994613647, -7.28634691238, 117.738174438, 0.811766445637, 114.315841675, -126.063232422], [992.677001953, 95.6969299316, 250.510650635, 592.360534668, 5.7979631424, 211.474243164, 47.7728347778, 29.8334522247, 56.0556144714, 6.4893951416, 16.1624641418, 20.532787323, -41.325050354], [-1306.4407959, 311.292205811, 99.3595504761, 5.7979631424, 429.161315918, 38.5803527832, 148.116836548, 30.1216220856, 82.5776901245, 18.7063083649, 27.7183456421, -9.42574882507, 45.6847877502], [644.611633301, -201.008148193, 353.393127441, 211.474243164, 38.5803527832, 355.421600342, 63.4884719849, 95.0652389526, 33.2138938904, 35.3866691589, 7.8826007843, 34.7221260071, -64.5926361084], [-481.785095215, 252.911727905, -47.5056762695, 47.7728347778, 148.116836548, 63.4884719849, 197.3697052, 18.3323307037, 65.1086883545, -5.60365247726, 21.2352676392, -9.49827098846, 18.5840320587], [423.889953613, -89.394241333, 149.994613647, 29.8334522247, 30.1216220856, 95.0652389526, 18.3323307037, 164.730041504, 16.7251472473, 37.1081466675, 27.5947628021, 12.582698822, -8.25749206543], [-434.528717041, 101.942153931, -7.28634691238, 56.0556144714, 82.5776901245, 33.2138938904, 65.1086883545, 16.7251472473, 120.952033997, 25.6431465149, 18.1894645691, 7.91997766495, 18.8091468811], [58.8248748779, -77.824508667, 117.738174438, 6.4893951416, 18.7063083649, 35.3866691589, -5.60365247726, 37.1081466675, 25.6431465149, 83.0276260376, 30.7418937683, 16.561290741, -13.6128969193], [-225.541656494, 55.2149238586, 0.811766445637, 16.1624641418, 27.7183456421, 7.8826007843, 21.2352676392, 27.5947628021, 18.1894645691, 30.7418937683, 95.804977417, 21.5839385986, 15.7687273026], [2.81908202171, -123.985694885, 114.315841675, 20.532787323, -9.42574882507, 34.7221260071, -9.49827098846, 12.582698822, 7.91997766495, 16.561290741, 21.5839385986, 77.6030960083, 13.0462665558], [-346.855743408, 141.535293579, -126.063232422, -41.325050354, 45.6847877502, -64.5926361084, 18.5840320587, -8.25749206543, 18.8091468811, -13.6128969193, 15.7687273026, 13.0462665558, 91.7041854858]],
        "icov": [[0.000111494795419, -0.000181954834261, 0.000180631715921, -0.000157161368406, 0.000255874852883, -0.000268816103926, 0.00025891471887, -0.000431131018559, 0.000453251850558, -0.000423039426096, 0.00050189968897, -0.0004103378742, 0.000288231909508], [-0.000181954834261, 0.00113754638005, -3.61221937055e-05, -0.00013775829575, -0.000817612453829, 0.000797606306151, -0.00103599380236, 0.000864126544911, -0.000705859507434, 0.00082641793415, -0.00122881075367, 0.00160429114476, -0.00104823848233], [0.000180631715921, -3.61221937055e-05, 0.00158377503976, -0.000626325199846, -0.000385653314879, -0.000896302168258, 0.000841803383082, -0.00108605984133, 0.00131360173691, -0.0016007082304, 0.00132311612833, -0.00200707931072, 0.00147728656884], [-0.000157161368406, -0.00013775829575, -0.000626325199846, 0.00275557581335, 0.000161601827131, -0.00108688662294, -7.8082390246e-05, 0.00101515895221, -0.0018513695104, 0.00155658239964, -0.00124813127331, 0.000512719270773, 1.25822871269e-05], [0.000255874852883, -0.000817612453829, -0.000385653314879, 0.000161601827131, 0.00462673325092, -0.000716117210686, -0.00158462254331, -0.000954303017352, -0.000152734995936, -0.00141122180503, 0.0010091724107, 0.000289835734293, -0.0011946799932], [-0.000268816103926, 0.000797606306151, -0.000896302168258, -0.00108688662294, -0.000716117210686, 0.00665530469269, -0.0028606755659, -0.00109755888116, -0.00125199521426, 0.000998360686935, -0.000586824142374, -0.000628643669188, 0.00215101800859], [0.00025891471887, -0.00103599380236, 0.000841803383082, -7.8082390246e-05, -0.00158462254331, -0.0028606755659, 0.00999175477773, -0.00114853668492, -0.00184710079338, 0.00131324201357, -7.44286589907e-05, -0.000630314752925, 0.0010227363091], [-0.000431131018559, 0.000864126544911, -0.00108605984133, 0.00101515895221, -0.000954303017352, -0.00109755888116, -0.00114853668492, 0.00990562979132, -0.00175959756598, -0.000385735416785, -0.00370749388821, 0.00309836468659, -0.00267246738076], [0.000453251850558, -0.000705859507434, 0.00131360173691, -0.0018513695104, -0.000152734995936, -0.00125199521426, -0.00184710079338, -0.00175959756598, 0.0143818696961, -0.00661889882758, 0.00299024465494, -0.00272870855406, -0.00087297311984], [-0.000423039426096, 0.00082641793415, -0.0016007082304, 0.00155658239964, -0.00141122180503, 0.000998360686935, 0.00131324201357, -0.000385735416785, -0.00661889882758, 0.0204149950296, -0.00744457356632, 0.000894428405445, 0.00227173487656], [0.00050189968897, -0.00122881075367, 0.00132311612833, -0.00124813127331, 0.0010091724107, -0.000586824142374, -7.44286589907e-05, -0.00370749388821, 0.00299024465494, -0.00744457356632, 0.0165118444711, -0.00594974122941, 0.000105222068669], [-0.0004103378742, 0.00160429114476, -0.00200707931072, 0.000512719270773, 0.000289835734293, -0.000628643669188, -0.000630314752925, 0.00309836468659, -0.00272870855406, 0.000894428405445, -0.00594974122941, 0.0211135484278, -0.00802475493401], [0.000288231909508, -0.00104823848233, 0.00147728656884, 1.25822871269e-05, -0.0011946799932, 0.00215101800859, 0.0010227363091, -0.00267246738076, -0.00087297311984, 0.00227173487656, 0.000105222068669, -0.00802475493401, 0.0189512819052]]
    },
    "melbands": {
        "mean": [0.00125821726397, 0.00114788603969, 0.001291534747, 0.000477770256111, 0.000383871170925, 0.000290951429633, 0.000209546356928, 0.000233873070101, 0.000189136626432, 0.000230221805396, 0.000275335798506, 0.000184447402717, 0.000162172989803, 7.78576941229e-05, 7.34456843929e-05, 6.12496660324e-05, 5.73804209125e-05, 3.79805387638e-05, 6.56429765513e-05, 7.06089122104e-05, 3.28108399117e-05, 2.68733710982e-05, 1.77069905476e-05, 2.4546719942e-05, 1.74349042936e-05, 2.09608115256e-05, 1.75178902282e-05, 1.28978290377e-05, 6.2519156927e-06, 5.04239915244e-06, 5.03638284499e-06, 4.60650699097e-06, 3.9142305468e-06, 3.29132740262e-06, 3.61364095625e-06, 3.32563490701e-06, 2.21492314267e-06, 1.61702303103e-06, 1.5766688648e-06, 1.32636955641e-06]
    },
    "melbands128": {
        "mean": [0.00101120991167, 0.0015403428115, 0.00117313978262, 0.001073824591, 0.00109127676114, 0.00117365003098, 0.00158024940174, 0.00149629032239, 0.000660488964058, 0.000363999017281, 0.00038057481288, 0.000390848697862, 0.000377284624847, 0.000393016234739, 0.000301957828924, 0.000234495484619, 0.00021814268257, 0.000213617982809, 0.000171500607394, 0.000278896593954, 0.000240015157033, 0.00016697688261, 0.000169561622897, 0.000211240898352, 0.000264323607553, 0.000182774951099, 0.000298910745187, 0.000347751250956, 0.000165622463101, 0.000252444500802, 0.000132202927489, 0.000162731448654, 0.00022456800798, 0.000123291378259, 4.47170787083e-05, 8.53257370181e-05, 9.68008171185e-05, 5.0481827202e-05, 8.4714658442e-05, 7.06620630808e-05, 4.24001227657e-05, 7.1607879363e-05, 5.5686050473e-05, 5.82229040447e-05, 3.62345999747e-05, 2.9767250453e-05, 4.51401683677e-05, 4.80994858663e-05, 7.60485927458e-05, 0.000119695447211, 6.6281609179e-05, 3.18409256579e-05, 2.096931712e-05, 4.27774975833e-05, 3.90331842937e-05, 2.18724835577e-05, 1.84282162081e-05, 2.18427649088e-05, 1.50167970787e-05, 1.54157823999e-05, 2.95228528557e-05, 2.79683954432e-05, 1.75702371052e-05, 1.42139324453e-05, 1.61143052537e-05, 2.408358705e-05, 2.14004739973e-05, 1.93300165847e-05, 1.41281998367e-05, 1.94001404452e-05, 1.57535359904e-05, 7.73363353801e-06, 6.5794092734e-06, 5.79241350351e-06, 6.60715795675e-06, 4.47876800536e-06, 4.60460523755e-06, 5.39902202945e-06, 4.97256633025e-06, 4.83140229335e-06, 4.94259074912e-06, 4.30822501585e-06, 4.41474549007e-06, 3.92761421608e-06, 3.46483489011e-06, 3.42723365065e-06, 2.94914730148e-06, 3.36247080668e-06, 4.29357487519e-06, 2.90000434688e-06, 3.83183078156e-06, 3.6724727579e-06, 2.33560945162e-06, 2.27224472837e-06, 1.99087776309e-06, 1.76869218649e-06, 1.48755270857e-06, 1.41787211305e-06, 1.68146539181e-06, 1.58613818257e-06, 1.51905840085e-06, 1.29431441565e-06, 1.08608037408e-06, 1.03736385881e-06, 1.02764727217e-06, 8.58749558574e-07, 6.14063822013e-07, 5.60985427001e-07, 4.82976815874e-07, 3.34752826348e-07, 2.94497596087e-07, 2.71983594757e-07, 2.37928148294e-07, 1.92323824422e-07, 1.57859744832e-07, 1.3232403262e-07, 9.99603244622e-08, 7.99300821086e-08, 6.4068565564e-08, 4.50316157696e-08, 3.3352907991e-08, 2.78055409808e-08, 2.12543866951e-08, 1.60435131846e-08, 1.02955555192e-08, 6.90532120373e-09, 4.44697390023e-09, 3.0342848234e-09]
    },
    "mfcc": {
        "mean": [-634.533813477, 112.573654175, -17.5509624481, 16.958650589, -1.61702466011, 0.280231744051, 0.882602989674, 4.24292993546, 0.899934113026, 3.54460644722, -6.50033712387, -5.78089809418, -0.0641363710165],
        "cov": [[13482.9169922, -149.280593872, 650.528686523, 32.328327179, -65.9890136719, 179.997390747, 32.9928398132, 306.033538818, -127.495025635, 189.975387573, 90.024307251, 29.5280036926, -75.2147369385], [-149.280593872, 1673.58215332, -552.975097656, 117.539199829, 49.6346473694, -41.1639251709, 97.7011032104, -28.0607471466, 117.936958313, 20.85795784, -39.5961761475, 0.0543344803154, 48.4658813477], [650.528686523, -552.975097656, 1142.87561035, 126.282844543, 197.577041626, 186.517410278, 60.4304847717, 120.99269104, -35.8622970581, 41.9361076355, 106.078300476, 78.3881454468, -38.6929168701], [32.328327179, 117.539199829, 126.282844543, 316.852355957, 90.9696960449, 97.6465072632, 28.7328891754, 46.9876861572, 33.5877380371, 13.4945659637, 17.462015152, 32.9786071777, 14.5427713394], [-65.9890136719, 49.6346473694, 197.577041626, 90.9696960449, 259.053375244, 81.0200958252, 83.5433959961, 63.8040237427, 46.5592041016, 59.2819061279, 29.8553180695, 42.0016822815, 22.7306194305], [179.997390747, -41.1639251709, 186.517410278, 97.6465072632, 81.0200958252, 265.706237793, 54.2938652039, 99.9780960083, 47.1346092224, 35.8576583862, 40.8822822571, 45.0923881531, 12.5739679337], [32.9928398132, 97.7011032104, 60.4304847717, 28.7328891754, 83.5433959961, 54.2938652039, 162.346878052, 68.4212036133, 32.1248283386, 47.6339149475, 36.3328475952, 25.3576869965, 10.8847484589], [306.033538818, -28.0607471466, 120.99269104, 46.9876861572, 63.8040237427, 99.9780960083, 68.4212036133, 153.899459839, 46.3657341003, 53.9556655884, 21.9890804291, 42.4366035461, 15.4960327148], [-127.495025635, 117.936958313, -35.8622970581, 33.5877380371, 46.5592041016, 47.1346092224, 32.1248283386, 46.3657341003, 118.049285889, 36.2821502686, 2.37602519989, 10.0841560364, 22.7755413055], [189.975387573, 20.85795784, 41.9361076355, 13.4945659637, 59.2819061279, 35.8576583862, 47.6339149475, 53.9556655884, 36.2821502686, 111.536109924, 41.8484611511, 32.864315033, 8.17685222626], [90.024307251, -39.5961761475, 106.078300476, 17.462015152, 29.8553180695, 40.8822822571, 36.3328475952, 21.9890804291, 2.37602519989, 41.8484611511, 92.9259185791, 37.0361175537, -0.122799314559], [29.5280036926, 0.0543344803154, 78.3881454468, 32.9786071777, 42.0016822815, 45.0923881531, 25.3576869965, 42.4366035461, 10.0841560364, 32.864315033, 37.0361175537, 83.4204177856, 28.2759113312], [-75.2147369385, 48.4658813477, -38.6929168701, 14.5427713394, 22.7306194305, 12.5739679337, 10.8847484589, 15.4960327148, 22.7755413055, 8.17685222626, -0.122799314559, 28.2759113312, 74.8585891724]],
        "icov": [[8.61458684085e-05, -3.30018774548e-05, -5.42215166206e-05, 4.63058768219e-06, 9.29859961616e-05, -1.53968321683e-05, 7.08061925252e-05, -0.000222480972297, 0.000191202896531, -0.000184402335435, -5.04425952386e-06, 0.000121875629702, 5.03249748363e-06], [-3.30018774548e-05, 0.000886723340955, 0.000477902358398, -0.000414926209487, -0.000223688854021, 0.000115556824312, -0.000672167632729, 0.00051636720309, -0.000662020116579, 0.000117674884677, 0.000217733875616, -0.00037584733218, 9.06200293684e-05], [-5.42215166206e-05, 0.000477902358398, 0.00164179480635, -0.000325152970618, -0.00114243244752, -0.00037052037078, 3.3638531022e-05, -0.000475549866678, 0.000487591722049, 0.00069209333742, -0.000995414331555, -0.000639303412754, 0.00106647319626], [4.63058768219e-06, -0.000414926209487, -0.000325152970618, 0.00405767839402, -0.000892461219337, -0.00100328668486, 0.000517374021001, -0.000278818042716, -0.000264586735284, 0.000680890283547, -8.06888929219e-05, -0.000501963426359, -6.54599862173e-05], [9.29859961616e-05, -0.000223688854021, -0.00114243244752, -0.000892461219337, 0.00644617667422, -0.000296331971185, -0.00201454223134, 0.000492257298902, -0.00090840557823, -0.00222438434139, 0.00123526074458, -0.000489069672767, -0.00118932628538], [-1.53968321683e-05, 0.000115556824312, -0.00037052037078, -0.00100328668486, -0.000296331971185, 0.00593262817711, -0.000101329504105, -0.00260154204443, -0.00139258336276, 0.000938986078836, -0.00133238558192, -0.000598879880272, 0.000105001003249], [7.08061925252e-05, -0.000672167632729, 3.3638531022e-05, 0.000517374021001, -0.00201454223134, -0.000101329504105, 0.00963377021253, -0.00363401509821, 0.000461700226879, -0.000761360744946, -0.00289728376083, 0.00131115468685, -0.000153915185365], [-0.000222480972297, 0.00051636720309, -0.000475549866678, -0.000278818042716, 0.000492257298902, -0.00260154204443, -0.00363401509821, 0.0130446860567, -0.00298977992497, -0.00282063055784, 0.00315466546454, -0.00365502783097, -3.03832821373e-05], [0.000191202896531, -0.000662020116579, 0.000487591722049, -0.000264586735284, -0.00090840557823, -0.00139258336276, 0.000461700226879, -0.00298977992497, 0.0127195026726, -0.00304631516337, 0.000530522200279, 0.00243412284181, -0.00247001973912], [-0.000184402335435, 0.000117674884677, 0.00069209333742, 0.000680890283547, -0.00222438434139, 0.000938986078836, -0.000761360744946, -0.00282063055784, -0.00304631516337, 0.0149936787784, -0.00519889127463, -0.00224889768288, 0.00130628084298], [-5.04425952386e-06, 0.000217733875616, -0.000995414331555, -8.06888929219e-05, 0.00123526074458, -0.00133238558192, -0.00289728376083, 0.00315466546454, 0.000530522200279, -0.00519889127463, 0.0172635912895, -0.00589054776356, 0.00163188530132], [0.000121875629702, -0.00037584733218, -0.000639303412754, -0.000501963426359, -0.000489069672767, -0.000598879880272, 0.00131115468685, -0.00365502783097, 0.00243412284181, -0.00224889768288, -0.00589054776356, 0.0204493664205, -0.00728089222685], [5.03249748363e-06, 9.06200293684e-05, 0.00106647319626, -6.54599862173e-05, -0.00118932628538, 0.000105001003249, -0.000153915185365, -3.03832821373e-05, -0.00247001973912, 0.00130628084298, 0.00163188530132, -0.00728089222685, 0.0176026895642]]
    },
    "spectral_contrast_coeffs": {
        "mean": [-0.696843445301, -0.774168014526, -0.749464392662, -0.782331764698, -0.788010954857, -0.762800574303]
    },
    "spectral_contrast_valleys": {
        "mean": [-7.13848781586, -6.77116394043, -7.20801734924, -7.43424510956, -7.38741397858, -10.2337970734]
    }
},
"rhythm": {
    "beats_count": 438,
    "beats_loudness": {
        "mean": 0.0445745401084
    },
    "bpm": 117.984375,
    "bpm_histogram_first_peak_bpm": 117,
    "bpm_histogram_first_peak_weight": 0.302158236504,
    "bpm_histogram_second_peak_bpm": 136,
    "bpm_histogram_second_peak_spread": 0.333333313465,
    "bpm_histogram_second_peak_weight": 0.0183066353202,
    "danceability": 1.01910078526,
    "onset_rate": 2.93542766571,
    "beats_loudness_band_ratio": {
        "mean": [0.560535132885, 0.092162899673, 0.125380963087, 0.109170876443, 0.0813360288739, 0.0586128681898]
    },
    "beats_position": [0.476009070873, 0.975238084793, 1.47446703911, 1.97369611263, 2.48453521729, 2.99537420273, 3.49460315704, 3.99383211136, 4.5046710968, 5.01551008224, 5.52634906769, 6.03718805313, 6.54802703857, 7.05886602402, 7.56970500946, 8.06893444061, 8.56816291809, 9.07900238037, 9.58984088898, 10.1006803513, 10.623128891, 11.1455783844, 11.6796369553, 12.1672563553, 12.6664848328, 13.1657142639, 13.6765527725, 14.1757822037, 14.6750106812, 15.1858501434, 15.696688652, 16.2075271606, 16.7183666229, 17.2292060852, 17.7400455475, 18.2392749786, 18.7501125336, 19.2609519958, 19.7717914581, 20.2826309204, 20.7934684753, 21.2926979065, 21.8035373688, 22.3143768311, 22.825214386, 23.3360538483, 23.8468933105, 24.3577327728, 24.8569602966, 25.3677997589, 25.8786392212, 26.3894786835, 26.8887062073, 27.3879356384, 27.8871650696, 28.3980045319, 28.9088420868, 29.4196815491, 29.9305210114, 30.4413604736, 30.9521980286, 31.4630374908, 31.9738769531, 32.4847145081, 32.9955558777, 33.4947853088, 34.0172348022, 34.5280723572, 35.0389099121, 35.5497512817, 36.0605888367, 36.5714263916, 37.0706558228, 37.5698852539, 38.0691146851, 38.57995224, 39.0907936096, 39.6016311646, 40.1008605957, 40.6116981506, 41.1225395203, 41.6333770752, 42.1442184448, 42.6550559998, 43.1658935547, 43.6767349243, 44.1875724792, 44.6984100342, 45.1976394653, 45.6968688965, 46.2077102661, 46.718547821, 47.229385376, 47.7402267456, 48.2510643005, 48.7619056702, 49.2727432251, 49.78358078, 50.3060302734, 50.8168716431, 51.3160972595, 51.8269386292, 52.3261680603, 52.8253974915, 53.3362350464, 53.8470726013, 54.3579139709, 54.8687515259, 55.3795890808, 55.878818512, 56.3896598816, 56.8888893127, 57.3997268677, 57.9105644226, 58.4214057922, 58.9322433472, 59.4314727783, 59.9307022095, 60.4415397644, 60.952381134, 61.463218689, 61.9740562439, 62.4848976135, 62.9957351685, 63.5065765381, 64.0174102783, 64.5282516479, 65.0274810791, 65.5383224487, 66.0375518799, 66.5483856201, 67.0476150513, 67.5468444824, 68.0576858521, 68.5801315308, 69.1025848389, 69.6134262085, 70.1242599487, 70.6351013184, 71.145942688, 71.6567764282, 72.1676177979, 72.6784591675, 73.1776885986, 73.6769180298, 74.18775177, 74.6869812012, 75.1978225708, 75.7086639404, 76.2311096191, 76.7419509888, 77.252784729, 77.7636260986, 78.2744674683, 78.7853012085, 79.2845306396, 79.7837600708, 80.2946014404, 80.8054428101, 81.3162765503, 81.8271179199, 82.3379592896, 82.8487930298, 83.3480224609, 83.8472518921, 84.3580932617, 84.8689346313, 85.3681640625, 85.8789978027, 86.3898391724, 86.8890686035, 87.3999099731, 87.9107437134, 88.421585083, 88.9324264526, 89.4432601929, 89.942489624, 90.4417190552, 90.9525604248, 91.4634017944, 91.9742355347, 92.4850769043, 92.9959182739, 93.5067520142, 94.0175933838, 94.5284347534, 95.039276123, 95.5501098633, 96.0609512329, 96.5717926025, 97.0710220337, 97.5702438354, 98.0810852051, 98.5919265747, 99.1027679443, 99.6136016846, 100.112831116, 100.612060547, 101.122901917, 101.633743286, 102.144577026, 102.655418396, 103.166259766, 103.677093506, 104.187934875, 104.698776245, 105.209609985, 105.720451355, 106.231292725, 106.742126465, 107.241355896, 107.740585327, 108.251426697, 108.762268066, 109.273101807, 109.783943176, 110.294784546, 110.805618286, 111.304847717, 111.804077148, 112.314918518, 112.825759888, 113.336593628, 113.847434998, 114.358276367, 114.857505798, 115.368339539, 115.86756897, 116.378410339, 116.877639771, 117.38848114, 117.89931488, 118.398544312, 118.909385681, 119.420227051, 119.931060791, 120.441902161, 120.95274353, 121.463577271, 121.962806702, 122.462036133, 122.972877502, 123.483718872, 123.982948303, 124.482177734, 124.993011475, 125.515464783, 126.037910461, 126.548751831, 127.059593201, 127.570426941, 128.081268311, 128.592102051, 129.091339111, 129.590560913, 130.101409912, 130.612243652, 131.123077393, 131.633926392, 132.144760132, 132.655593872, 133.154830933, 133.654052734, 134.164901733, 134.664123535, 135.174957275, 135.674194336, 136.173416138, 136.672653198, 137.195098877, 137.717544556, 138.228393555, 138.727615356, 139.226852417, 139.749298096, 140.271743774, 140.782577515, 141.281814575, 141.781036377, 142.291885376, 142.802719116, 143.325164795, 143.847610474, 144.358459473, 144.869293213, 145.380126953, 145.890975952, 146.390197754, 146.889434814, 147.400268555, 147.911102295, 148.421951294, 148.932785034, 149.443618774, 149.954467773, 150.465301514, 150.964538574, 151.475372314, 151.986206055, 152.497055054, 152.996276855, 153.507110596, 154.017959595, 154.528793335, 155.039627075, 155.550476074, 156.061309814, 156.572158813, 157.082992554, 157.593826294, 158.104675293, 158.615509033, 159.126342773, 159.625579834, 160.124801636, 160.624038696, 161.134872437, 161.657318115, 162.168167114, 162.679000854, 163.189834595, 163.689071655, 164.188293457, 164.699142456, 165.209976196, 165.720809937, 166.231658936, 166.742492676, 167.241714478, 167.740951538, 168.251785278, 168.762634277, 169.273468018, 169.784301758, 170.295150757, 170.805984497, 171.316818237, 171.827667236, 172.326889038, 172.826126099, 173.336959839, 173.847793579, 174.358642578, 174.869476318, 175.380310059, 175.891159058, 176.401992798, 176.9012146, 177.412063599, 177.9112854, 178.422134399, 178.93296814, 179.44380188, 179.954650879, 180.453872681, 180.953109741, 181.463943481, 181.974777222, 182.485626221, 182.996459961, 183.507293701, 184.0181427, 184.52897644, 185.028198242, 185.527435303, 186.038269043, 186.560714722, 187.083175659, 187.594009399, 188.10484314, 188.615692139, 189.126525879, 189.637359619, 190.13659668, 190.64743042, 191.14666748, 191.645889282, 192.145126343, 192.655960083, 193.166793823, 193.677642822, 194.188476562, 194.699310303, 195.198547363, 195.697769165, 196.208618164, 196.719451904, 197.230285645, 197.741134644, 198.263580322, 198.797637939, 199.343307495, 199.888977051, 200.434646606, 200.968704224, 201.502761841, 202.02520752, 202.547653198, 203.058502197, 203.569335938, 204.080184937, 204.591018677, 205.101852417, 205.612701416, 206.123535156, 206.634368896, 207.145217896, 207.656051636, 208.166885376, 208.677734375, 209.188568115, 209.699401855, 210.210250854, 210.709472656, 211.220306396, 211.719543457, 212.218765259, 212.718002319, 213.22883606, 213.739685059, 214.250518799, 214.761352539, 215.272201538, 215.783035278, 216.305480957, 216.827926636, 217.280715942, 217.733505249, 218.186294556, 218.627471924, 219.068664551, 219.509841919, 219.951019287, 220.392196655, 220.833374023, 221.274551392, 221.71572876, 222.145309448],
    "bpm_histogram": [0, 0, 0, 0, 0, 0, 0, 0, 0, 0, 0, 0, 0, 0, 0, 0, 0, 0, 0, 0, 0, 0, 0, 0, 0, 0, 0, 0, 0, 0, 0, 0, 0, 0, 0, 0, 0, 0, 0, 0, 0, 0, 0, 0, 0, 0, 0, 0, 0, 0, 0, 0, 0, 0, 0, 0, 0, 0, 0, 0, 0, 0, 0, 0, 0, 0, 0, 0, 0, 0, 0, 0, 0, 0, 0, 0, 0, 0, 0, 0, 0, 0, 0, 0, 0, 0, 0, 0, 0, 0, 0, 0, 0, 0, 0, 0, 0, 0, 0, 0, 0, 0, 0, 0, 0, 0, 0, 0, 0, 0, 0.00686498871073, 0, 0.00915331766009, 0, 0, 0.0526315793395, 0, 0.665903866291, 0, 0, 0.235697939992, 0, 0, 0.00228832941502, 0, 0, 0, 0, 0, 0, 0, 0, 0, 0.00686498871073, 0, 0, 0.0183066353202, 0, 0, 0, 0.00228832941502, 0, 0, 0, 0, 0, 0, 0, 0, 0, 0, 0, 0, 0, 0, 0, 0, 0, 0, 0, 0, 0, 0, 0, 0, 0, 0, 0, 0, 0, 0, 0, 0, 0, 0, 0, 0, 0, 0, 0, 0, 0, 0, 0, 0, 0, 0, 0, 0, 0, 0, 0, 0, 0, 0, 0, 0, 0, 0, 0, 0, 0, 0, 0, 0, 0, 0, 0, 0, 0, 0, 0, 0, 0, 0, 0, 0, 0, 0, 0, 0, 0, 0, 0, 0, 0, 0, 0, 0, 0, 0, 0, 0, 0, 0, 0, 0, 0, 0, 0, 0, 0, 0, 0, 0, 0, 0, 0, 0, 0]
},
"tonal": {
    "chords_changes_rate": 0.0585538670421,
    "chords_number_rate": 0.0025005210191,
    "chords_strength": {
        "mean": 0.516012310982
    },
    "hpcp_crest": {
        "mean": 12.7954292297
    },
    "hpcp_entropy": {
        "mean": 2.09294366837
    },
    "key_edma": {
        "strength": 0.664848566055,
        "key": "C",
        "scale": "major"
    },
    "key_krumhansl": {
        "strength": 0.668572843075,
        "key": "C",
        "scale": "major"
    },
    "key_temperley": {
        "strength": 0.675037264824,
        "key": "C",
        "scale": "major"
    },
    "tuning_diatonic_strength": 0.605286061764,
    "tuning_equal_tempered_deviation": 0.199874848127,
    "tuning_frequency": 434.193115234,
    "tuning_nontempered_energy_ratio": 0.934084296227,
    "hpcp": {
        "mean": [0.21710819006, 0.23419418931, 0.111911579967, 0.0793611109257, 0.0747914016247, 0.083930015564, 0.207398727536, 0.243378162384, 0.15180067718, 0.212255567312, 0.21393764019, 0.100444674492, 0.0796778872609, 0.0912362858653, 0.0995156764984, 0.214569970965, 0.257767230272, 0.14157538116, 0.0786400809884, 0.0733688697219, 0.0923033133149, 0.206439808011, 0.252531141043, 0.197765350342, 0.216057792306, 0.166702955961, 0.0861415863037, 0.122596949339, 0.12831351161, 0.092450208962, 0.226252049208, 0.255816489458, 0.10946919024, 0.0754212662578, 0.0717737525702, 0.0838847011328]
    },
    "chords_histogram": [18.0037498474, 12.8776826859, 10.5021877289, 16.1283607483, 5.43863296509, 0, 0.25005209446, 3.20900177956, 3.85496973991, 0, 0, 0, 0, 0.270889759064, 0.25005209446, 0.791831612587, 0.166701391339, 0.95853304863, 0, 1.04188370705, 1.87539064884, 7.6057510376, 8.68931007385, 8.08501815796],
    "thpcp": [1, 0.549237310886, 0.305081754923, 0.284632265568, 0.358087837696, 0.80087685585, 0.979686737061, 0.767224550247, 0.838189542294, 0.646718978882, 0.334183633327, 0.475611060858, 0.497788310051, 0.358657717705, 0.877737820148, 0.992432177067, 0.424682348967, 0.292594462633, 0.278444051743, 0.32542809844, 0.842264533043, 0.908549129963, 0.434157520533, 0.3078789711, 0.290150940418, 0.32560390234, 0.804596960545, 0.944178044796, 0.588906049728, 0.823438882828, 0.829964458942, 0.389672011137, 0.309107899666, 0.353948354721, 0.386067986488, 0.832417547703],
    "chords_key": "C",
    "chords_scale": "major"
}
}