{
"metadata": {
    "version": {
        "essentia": "2.1-beta6-dev",
        "essentia_git_sha": "v2.1_beta5-1177-g1d1cc983",
        "extractor": "music 2.0"
    },
    "audio_properties": {
        "analysis": {
            "equal_loudness": 0,
            "length": 229.818344116,
            "sample_rate": 44100,
            "start_time": 0,
            "downmix": "mix"
        },
        "bit_rate": 1411200,
        "length": 229.818344116,
        "lossless": 1,
        "number_channels": 2,
        "replay_gain": -14.7589836121,
        "sample_rate": 44100,
        "codec": "pcm_s16le",
        "md5_encoded": "fd73cf5f9604111590a292f06c28ad72"
    },
    "tags": {
        "file_name": "06 - All Get Out - Me and My Lovers.wav",
        "album": ["The Season"],
        "albumartist": ["All Get Out"],
        "artist": ["All Get Out"],
        "copyright": ["2011 All Get Out and Many Hats Distribution 2011 All Get Out and Many Hats Distribution"],
        "date": ["2011"],
        "discnumber": ["1"],
        "disctotal": ["1"],
        "genre": ["Alternative & Indie"],
        "isrc": ["US3DF1112373"],
        "title": ["Me and My Lovers"],
        "tracknumber": ["6"],
        "tracktotal": ["10"]
    }
},
"lowlevel": {
    "average_loudness": 0.8902323246,
    "barkbands_crest": {
        "mean": 9.49676513672
    },
    "barkbands_flatness_db": {
        "mean": 0.116967186332
    },
    "barkbands_kurtosis": {
        "mean": 3.03396916389
    },
    "barkbands_skewness": {
        "mean": 1.42340195179
    },
    "barkbands_spread": {
        "mean": 26.5961360931
    },
    "dissonance": {
        "mean": 0.474383473396
    },
    "dynamic_complexity": 4.78341245651,
    "erbbands_crest": {
        "mean": 7.74962043762
    },
    "erbbands_flatness_db": {
        "mean": 0.142712160945
    },
    "erbbands_kurtosis": {
        "mean": -0.0487583018839
    },
    "erbbands_skewness": {
        "mean": 0.107273265719
    },
    "erbbands_spread": {
        "mean": 42.040561676
    },
    "hfc": {
        "mean": 23.5347156525
    },
    "loudness_ebu128": {
        "integrated": -7.42498970032,
        "loudness_range": 6.14495325089,
        "momentary": {
            "mean": -10.1737222672
        },
        "short_term": {
            "mean": -9.63360023499
        }
    },
    "melbands_crest": {
        "mean": 13.9171361923
    },
    "melbands_flatness_db": {
        "mean": 0.179131314158
    },
    "melbands_kurtosis": {
        "mean": 11.9005908966
    },
    "melbands_skewness": {
        "mean": 2.64439320564
    },
    "melbands_spread": {
        "mean": 27.053232193
    },
    "pitch_salience": {
        "mean": 0.558541119099
    },
    "silence_rate_20dB": {
        "mean": 1
    },
    "silence_rate_30dB": {
        "mean": 1
    },
    "silence_rate_60dB": {
        "mean": 0.122941710055
    },
    "spectral_centroid": {
        "mean": 1525.90881348
    },
    "spectral_complexity": {
        "mean": 24.148399353
    },
    "spectral_decrease": {
        "mean": -6.85395651345e-09
    },
    "spectral_energy": {
        "mean": 0.0280030649155
    },
    "spectral_energyband_high": {
        "mean": 0.000987550942227
    },
    "spectral_energyband_low": {
        "mean": 0.0109946755692
    },
    "spectral_energyband_middle_high": {
        "mean": 0.00696785142645
    },
    "spectral_energyband_middle_low": {
        "mean": 0.0102868610993
    },
    "spectral_entropy": {
        "mean": 7.73153305054
    },
    "spectral_flux": {
        "mean": 0.0845332741737
    },
    "spectral_kurtosis": {
        "mean": 4.23899793625
    },
    "spectral_rms": {
        "mean": 0.00471579376608
    },
    "spectral_rolloff": {
        "mean": 1697.2746582
    },
    "spectral_skewness": {
        "mean": 1.44623553753
    },
    "spectral_spread": {
        "mean": 4513864.5
    },
    "spectral_strongpeak": {
        "mean": 0.779478192329
    },
    "zerocrossingrate": {
        "mean": 0.0662143677473
    },
    "barkbands": {
        "mean": [8.04137598607e-05, 0.00617366796359, 0.00363704841584, 0.00243316311389, 0.00265715667047, 0.00153584894724, 0.00118694524281, 0.000729855848476, 0.00152131007053, 0.00138583953958, 0.00100599369034, 0.00054180418374, 0.000527496857103, 0.000598623068072, 0.000476982881082, 0.000592167431023, 0.000633960182313, 0.000564237125218, 0.000525741896126, 0.000342723331414, 0.0001783802727, 0.000202635288588, 0.000197572502657, 0.000138419913128, 9.57166048465e-05, 3.43589454133e-05, 4.9860332183e-06]
    },
    "erbbands": {
        "mean": [0.113128066063, 1.60628974438, 4.51626682281, 5.99463033676, 8.90904998779, 8.78737545013, 9.84201526642, 13.6776285172, 16.0018997192, 17.4611206055, 18.6227397919, 29.9931716919, 44.8068733215, 39.524723053, 34.7188186646, 22.0754623413, 24.9499816895, 25.6834583282, 27.1969985962, 31.1264591217, 32.3207893372, 38.3920555115, 31.4235534668, 28.3684272766, 24.3128986359, 16.424287796, 8.49517631531, 6.50921869278, 7.07196760178, 6.82259893417, 5.1840467453, 3.5452709198, 2.01897382736, 1.10064280033, 0.659194111824, 0.231240212917, 0.0462681949139, 0.0078605376184, 0.00086559454212, 8.17191976239e-05]
    },
    "gfcc": {
        "mean": [-5.93781089783, 86.9495620728, -120.43409729, 35.2936248779, -51.6556663513, 7.93770027161, -37.8003730774, 10.5894088745, -24.3331279755, -2.70402216911, -16.209066391, -2.20973515511, -11.6820373535],
        "cov": [[16217.5400391, -1782.67407227, 448.916534424, 447.615539551, -304.783172607, 1426.55578613, -75.6778335571, 725.887756348, -54.995098114, 5.18874120712, -156.550552368, -98.8406143188, -499.897918701], [-1782.67407227, 1820.54272461, -360.032775879, 18.9684715271, 326.423736572, -533.425048828, 203.575241089, -249.142990112, 22.514421463, -96.7181854248, 83.2587051392, -134.803100586, 119.545043945], [448.916534424, -360.032775879, 641.280151367, 41.8478813171, -10.7099571228, 191.87322998, -53.3587608337, 51.5211296082, 8.97884941101, 64.671043396, -82.2370834351, 71.1652832031, -74.8780059814], [447.615539551, 18.9684715271, 41.8478813171, 297.005950928, 49.5087661743, 39.7347869873, 4.59352827072, -24.3103675842, 52.055606842, 2.09739971161, 15.5676403046, -0.379385977983, -3.97845101357], [-304.783172607, 326.423736572, -10.7099571228, 49.5087661743, 257.013824463, -66.086555481, 97.4036331177, -8.85309505463, 27.3383922577, 19.789358139, 23.6495552063, 2.46319937706, 22.4010543823], [1426.55578613, -533.425048828, 191.87322998, 39.7347869873, -66.086555481, 400.67767334, 18.031042099, 154.493667603, -3.3114490509, 33.9095954895, -11.4265670776, 33.0451278687, -70.0167617798], [-75.6778335571, 203.575241089, -53.3587608337, 4.59352827072, 97.4036331177, 18.031042099, 176.487579346, 29.9030208588, 17.7463970184, -7.8990650177, 18.7819709778, -2.19504404068, 12.0197467804], [725.887756348, -249.142990112, 51.5211296082, -24.3103675842, -8.85309505463, 154.493667603, 29.9030208588, 209.94670105, 34.6511001587, 31.4827461243, 8.60428333282, 8.64252758026, -20.8420333862], [-54.995098114, 22.514421463, 8.97884941101, 52.055606842, 27.3383922577, -3.3114490509, 17.7463970184, 34.6511001587, 101.647338867, 39.5260391235, 13.2601032257, 5.40252590179, 4.58633041382], [5.18874120712, -96.7181854248, 64.671043396, 2.09739971161, 19.789358139, 33.9095954895, -7.8990650177, 31.4827461243, 39.5260391235, 86.2743453979, 25.0465278625, 24.1556358337, -11.2752094269], [-156.550552368, 83.2587051392, -82.2370834351, 15.5676403046, 23.6495552063, -11.4265670776, 18.7819709778, 8.60428333282, 13.2601032257, 25.0465278625, 98.2754516602, 17.9442863464, 22.1318225861], [-98.8406143188, -134.803100586, 71.1652832031, -0.379385977983, 2.46319937706, 33.0451278687, -2.19504404068, 8.64252758026, 5.40252590179, 24.1556358337, 17.9442863464, 84.705657959, 18.2597503662], [-499.897918701, 119.545043945, -74.8780059814, -3.97845101357, 22.4010543823, -70.0167617798, 12.0197467804, -20.8420333862, 4.58633041382, -11.2752094269, 22.1318225861, 18.2597503662, 83.2112884521]],
        "icov": [[0.000118527117593, -7.55161527195e-05, 0.000116656301543, -0.000216759552131, 3.75881463697e-05, -0.000343389809132, 0.000174222179339, -0.000316725549055, 0.000186052478966, 1.90829377971e-05, 0.000208964993362, -7.28246304789e-05, 0.000464337790618], [-7.55161527195e-05, 0.00204587564804, -0.000598012353294, 0.000451794447144, -0.00136637559626, 0.00184536376037, -0.00173879053909, 0.00146773806773, -0.000912368996069, 0.00168904324528, -0.00229149824008, 0.00311005394906, -0.00116384599824], [0.000116656301543, -0.000598012353294, 0.00310519966297, -0.000689389766194, -0.000141512515256, -0.0015216456959, 0.00128759059589, -0.000607241992839, 0.00068842631299, -0.0021526098717, 0.00364969228394, -0.00340944295749, 0.00218868767843], [-0.000216759552131, 0.000451794447144, -0.000689389766194, 0.00515436613932, -0.00158033729531, -0.000734552158974, 0.0003987364762, 0.00269215041772, -0.00415149889886, 0.00267581827939, -0.00227977358736, 0.00133600155823, -0.00099653180223], [3.75881463697e-05, -0.00136637559626, -0.000141512515256, -0.00158033729531, 0.00706926593557, 0.000585416157264, -0.00262103858404, -0.00134371523745, 0.00147330551408, -0.00354966893792, 0.00134431803599, -0.00176857376937, 8.58030543895e-05], [-0.000343389809132, 0.00184536376037, -0.0015216456959, -0.000734552158974, 0.000585416157264, 0.00788279157132, -0.0034768350888, -0.00173921184614, 0.00134761177469, 0.000194716325495, -0.00225647771731, 0.00097883224953, 0.000760871334933], [0.000174222179339, -0.00173879053909, 0.00128759059589, 0.0003987364762, -0.00262103858404, -0.0034768350888, 0.0101949572563, -0.00183435587678, -0.00112844910473, 0.00171625614166, 0.00114758592099, -0.00266733858734, 0.00114520289935], [-0.000316725549055, 0.00146773806773, -0.000607241992839, 0.00269215041772, -0.00134371523745, -0.00173921184614, -0.00183435587678, 0.00991106126457, -0.00465965084732, 0.000972351524979, -0.00275830482133, 0.00326398713514, -0.00237740622833], [0.000186052478966, -0.000912368996069, 0.00068842631299, -0.00415149889886, 0.00147330551408, 0.00134761177469, -0.00112844910473, -0.00465965084732, 0.016814801842, -0.00900615379214, 0.0029770731926, -0.00106251472607, -0.000123114674352], [1.90829377971e-05, 0.00168904324528, -0.0021526098717, 0.00267581827939, -0.00354966893792, 0.000194716325495, 0.00171625614166, 0.000972351524979, -0.00900615379214, 0.0225186906755, -0.00827842019498, -0.000190715203644, 0.00278542586602], [0.000208964993362, -0.00229149824008, 0.00364969228394, -0.00227977358736, 0.00134431803599, -0.00225647771731, 0.00114758592099, -0.00275830482133, 0.0029770731926, -0.00827842019498, 0.0182938799262, -0.00703089265153, -3.20790650221e-06], [-7.28246304789e-05, 0.00311005394906, -0.00340944295749, 0.00133600155823, -0.00176857376937, 0.00097883224953, -0.00266733858734, 0.00326398713514, -0.00106251472607, -0.000190715203644, -0.00703089265153, 0.0222262963653, -0.00838166940957], [0.000464337790618, -0.00116384599824, 0.00218868767843, -0.00099653180223, 8.58030543895e-05, 0.000760871334933, 0.00114520289935, -0.00237740622833, -0.000123114674352, 0.00278542586602, -3.20790650221e-06, -0.00838166940957, 0.0204815864563]]
    },
    "melbands": {
        "mean": [0.00139182247221, 0.00228607747704, 0.00116539362352, 0.000616667908616, 0.000365091837011, 0.00031063213828, 0.000237801563344, 0.000185918528587, 0.00016257322568, 0.000196389228222, 0.000232806865824, 0.000170558574609, 0.000140965537867, 5.65759946767e-05, 6.62413440295e-05, 4.76223394799e-05, 4.79533300677e-05, 4.71486491733e-05, 3.77454089175e-05, 4.13540110458e-05, 3.55656411557e-05, 4.17571318394e-05, 2.87610873784e-05, 2.87139973807e-05, 2.21144873649e-05, 1.99168898689e-05, 1.49588431668e-05, 9.72044108494e-06, 5.53633981326e-06, 3.99446071242e-06, 3.6540138808e-06, 3.69838949155e-06, 4.41355768999e-06, 3.71087799067e-06, 3.00531883113e-06, 2.81724533124e-06, 1.90739638128e-06, 1.46888066865e-06, 1.11259555524e-06, 8.58118482938e-07]
    },
    "melbands128": {
        "mean": [7.06334394636e-05, 0.000614139426034, 0.00190440751612, 0.00295022875071, 0.00266419351101, 0.00156854186207, 0.00113913964015, 0.00127626792528, 0.000885479152203, 0.000538060558029, 0.000484197604237, 0.000404130725656, 0.000287484348519, 0.00038593300269, 0.000313856231514, 0.000260055239778, 0.000297053426038, 0.000217360749957, 0.00017736927839, 0.000222460570512, 0.000162070253282, 0.000175452849362, 0.000113553913252, 0.000221578331548, 0.000198080408154, 0.00016278977273, 0.0002666755463, 0.000163847609656, 0.000336619908921, 0.000167815349414, 9.33040500968e-05, 0.000188731661183, 0.000198768815608, 5.27356460225e-05, 6.8678673415e-05, 5.23090893694e-05, 4.5057033276e-05, 7.60278489906e-05, 7.99446570454e-05, 4.30049367424e-05, 3.10140458168e-05, 6.87937790644e-05, 3.78664590244e-05, 3.69150584447e-05, 7.72227358539e-05, 3.99203490815e-05, 2.78066017927e-05, 3.67184147763e-05, 3.96862014895e-05, 4.96484099131e-05, 4.10244865634e-05, 3.0632589187e-05, 4.74298176414e-05, 2.9614817322e-05, 2.86084086838e-05, 5.82493557886e-05, 3.38686659234e-05, 3.2012230804e-05, 2.58826166828e-05, 2.39574219449e-05, 3.57772587449e-05, 2.50927914749e-05, 2.02286355488e-05, 2.05520736927e-05, 2.70785003522e-05, 1.90685059351e-05, 1.63995682669e-05, 1.77557576535e-05, 1.28295960167e-05, 1.43396500789e-05, 1.05739882201e-05, 7.29127123122e-06, 5.71962618778e-06, 5.76448519496e-06, 4.49355138699e-06, 3.87379350286e-06, 3.91205185224e-06, 3.75521108253e-06, 3.67261395695e-06, 3.34379114975e-06, 3.62973059964e-06, 3.4690206121e-06, 4.81973665956e-06, 4.94032747156e-06, 3.80186634175e-06, 3.07958543999e-06, 4.15906970375e-06, 3.96119366997e-06, 2.64191658061e-06, 2.46085460276e-06, 3.20728008774e-06, 2.90212938125e-06, 2.23737924898e-06, 1.85601834346e-06, 1.78142806817e-06, 1.51948017901e-06, 1.43692125221e-06, 1.34699678256e-06, 1.1057171605e-06, 1.02608407815e-06, 9.00494853795e-07, 8.06985667623e-07, 8.39469180391e-07, 8.08482809589e-07, 8.64565947722e-07, 5.58601925604e-07, 7.48276193008e-07, 5.3104821518e-07, 3.53150738874e-07, 2.55571109165e-07, 2.12560550494e-07, 1.72914823793e-07, 1.18506164881e-07, 1.04476995944e-07, 8.0175112771e-08, 7.33667988584e-08, 4.78438089146e-08, 4.36583960095e-08, 2.71645603789e-08, 2.32601209404e-08, 1.92828171208e-08, 2.35904220602e-08, 1.58580544252e-08, 1.19675114263e-08, 6.36755359551e-09, 3.23487014953e-09, 1.91248417103e-09, 6.74242273124e-10]
    },
    "mfcc": {
        "mean": [-646.762756348, 117.07585144, -7.66087961197, 28.0574207306, 7.09900522232, 0.425617784262, 0.028124505654, 6.28864049911, -2.14686131477, 1.9434620142, -2.25792312622, -3.16528558731, -1.63782727718],
        "cov": [[16001.3193359, -1716.0020752, 549.020751953, -579.515686035, 251.522277832, 324.303283691, 297.668731689, 646.856140137, 90.1099243164, 476.459777832, 198.417175293, 19.1628494263, 178.113235474], [-1716.0020752, 1600.11694336, -448.232788086, 388.961547852, -70.455696106, -89.1812896729, 44.9967155457, -161.977981567, 21.4246120453, -124.198020935, -24.1590843201, 4.14334058762, -29.6902713776], [549.020751953, -448.232788086, 592.837646484, -130.827789307, 76.9290084839, 102.215835571, -32.9160385132, 70.0299301147, 19.7762546539, 21.7376213074, 50.0757026672, -1.55109083652, 2.21384835243], [-579.515686035, 388.961547852, -130.827789307, 369.829193115, 31.8966197968, 33.7501182556, -38.9560546875, -58.8794898987, 11.706445694, -53.4118080139, -10.0685472488, 31.0557632446, 4.97499275208], [251.522277832, -70.455696106, 76.9290084839, 31.8966197968, 143.425003052, 33.5199432373, 8.29491996765, 15.409075737, 15.31407547, 26.7675666809, 25.5117454529, 19.1444015503, 18.1648159027], [324.303283691, -89.1812896729, 102.215835571, 33.7501182556, 33.5199432373, 182.016540527, 26.6573352814, 41.6190185547, 7.44671106339, -2.89429402351, 29.1812610626, 10.17877388, 13.3868455887], [297.668731689, 44.9967155457, -32.9160385132, -38.9560546875, 8.29491996765, 26.6573352814, 155.005081177, 68.0336837769, 18.6195831299, 24.415687561, 22.8973255157, 7.697742939, 12.8082351685], [646.856140137, -161.977981567, 70.0299301147, -58.8794898987, 15.409075737, 41.6190185547, 68.0336837769, 144.911956787, 44.0531272888, 51.4251861572, 24.891582489, 8.65097904205, 19.3440589905], [90.1099243164, 21.4246120453, 19.7762546539, 11.706445694, 15.31407547, 7.44671106339, 18.6195831299, 44.0531272888, 91.1873703003, 39.2048530579, 16.5370483398, 1.33427536488, 5.94459295273], [476.459777832, -124.198020935, 21.7376213074, -53.4118080139, 26.7675666809, -2.89429402351, 24.415687561, 51.4251861572, 39.2048530579, 117.896377563, 38.8223381042, 15.9195375443, 14.7956962585], [198.417175293, -24.1590843201, 50.0757026672, -10.0685472488, 25.5117454529, 29.1812610626, 22.8973255157, 24.891582489, 16.5370483398, 38.8223381042, 85.2431335449, 30.64336586, 13.6480665207], [19.1628494263, 4.14334058762, -1.55109083652, 31.0557632446, 19.1444015503, 10.17877388, 7.697742939, 8.65097904205, 1.33427536488, 15.9195375443, 30.64336586, 75.9714355469, 32.3560562134], [178.113235474, -29.6902713776, 2.21384835243, 4.97499275208, 18.1648159027, 13.3868455887, 12.8082351685, 19.3440589905, 5.94459295273, 14.7956962585, 13.6480665207, 32.3560562134, 69.369354248]],
        "icov": [[8.77953061718e-05, 3.30248076352e-05, 1.06383149614e-05, 2.97438382404e-05, -7.50893304939e-05, -7.90853664512e-05, -9.32582952373e-06, -0.000269213021966, 0.000155552523211, -0.000219796100282, -2.44612983806e-05, 0.000131708729896, -0.000125114267576], [3.30248076352e-05, 0.00131035060622, 0.000442787713837, -0.00109595106915, 0.000438395014498, 0.000523155205883, -0.00114863505587, 0.00107416161336, -0.00094420555979, 0.000852024182677, -0.000733131892048, 0.000255755701801, 0.00016143132234], [1.06383149614e-05, 0.000442787713837, 0.00283475453034, 0.000933116825763, -0.00125263456721, -0.00112764223013, 0.00133334146813, -0.000764720200095, -0.000778216694016, 0.00126993341837, -0.00139537849464, 0.000160163879627, 0.000513148319442], [2.97438382404e-05, -0.00109595106915, 0.000933116825763, 0.00523273972794, -0.00189329369459, -0.00198953947984, 0.0021536082495, -3.16679943353e-05, -0.00127736653667, 0.00130960880779, 0.000774131971411, -0.00220873230137, 0.000248459778959], [-7.50893304939e-05, 0.000438395014498, -0.00125263456721, -0.00189329369459, 0.00907698553056, -0.000181450814125, -0.00123658974189, 0.00138380867429, -0.000508326280396, -0.001660688431, -0.000727505714167, -0.000379753299057, -0.0012251912849], [-7.90853664512e-05, 0.000523155205883, -0.00112764223013, -0.00198953947984, -0.000181450814125, 0.00778072746471, -0.00155718752649, -0.00115400005598, 0.000378891068976, 0.00179360015318, -0.00218647741713, 0.000834720907733, -0.00061322998954], [-9.32582952373e-06, -0.00114863505587, 0.00133334146813, 0.0021536082495, -0.00123658974189, -0.00155718752649, 0.0104085402563, -0.00533446762711, 0.0006552633713, 0.000236396648688, -0.00131190463435, -0.00013647020387, -0.000259438500507], [-0.000269213021966, 0.00107416161336, -0.000764720200095, -3.16679943353e-05, 0.00138380867429, -0.00115400005598, -0.00533446762711, 0.0145515017211, -0.00530738895759, -0.00146252696868, 0.000666009145789, -0.000720051524695, -0.001063257223], [0.000155552523211, -0.00094420555979, -0.000778216694016, -0.00127736653667, -0.000508326280396, 0.000378891068976, 0.0006552633713, -0.00530738895759, 0.0161868687719, -0.0052417004481, -0.000440420466475, 0.00236047711223, -0.000551559787709], [-0.000219796100282, 0.000852024182677, 0.00126993341837, 0.00130960880779, -0.001660688431, 0.00179360015318, 0.000236396648688, -0.00146252696868, -0.0052417004481, 0.0152105866, -0.00505855400115, -0.0012470537331, 2.93400462397e-05], [-2.44612983806e-05, -0.000733131892048, -0.00139537849464, 0.000774131971411, -0.000727505714167, -0.00218647741713, -0.00131190463435, 0.000666009145789, -0.000440420466475, -0.00505855400115, 0.0181637722999, -0.00642796745524, 0.000948243017774], [0.000131708729896, 0.000255755701801, 0.000160163879627, -0.00220873230137, -0.000379753299057, 0.000834720907733, -0.00013647020387, -0.000720051524695, 0.00236047711223, -0.0012470537331, -0.00642796745524, 0.0203538201749, -0.00807636603713], [-0.000125114267576, 0.00016143132234, 0.000513148319442, 0.000248459778959, -0.0012251912849, -0.00061322998954, -0.000259438500507, -0.001063257223, -0.000551559787709, 2.93400462397e-05, 0.000948243017774, -0.00807636603713, 0.0191768109798]]
    },
    "spectral_contrast_coeffs": {
        "mean": [-0.706363201141, -0.777311682701, -0.770496368408, -0.801071226597, -0.791213870049, -0.771551370621]
    },
    "spectral_contrast_valleys": {
        "mean": [-6.79345750809, -6.72968530655, -7.4132771492, -7.48749732971, -7.38214302063, -10.2568807602]
    }
},
"rhythm": {
    "beats_count": 464,
    "beats_loudness": {
        "mean": 0.0376124419272
    },
    "bpm": 121.208213806,
    "bpm_histogram_first_peak_bpm": 120,
    "bpm_histogram_first_peak_weight": 0.493975877762,
    "bpm_histogram_second_peak_bpm": 133,
    "bpm_histogram_second_peak_spread": 0.25,
    "bpm_histogram_second_peak_weight": 0.0259179268032,
    "danceability": 1.11097073555,
    "onset_rate": 2.70633506775,
    "beats_loudness_band_ratio": {
        "mean": [0.513437628746, 0.169335797429, 0.12263661623, 0.0956031531096, 0.081910662353, 0.0515363737941]
    },
    "beats_position": [0.476009070873, 0.952018141747, 1.42802715302, 1.90403628349, 2.38004541397, 2.85605430603, 3.33206343651, 3.80807256699, 4.29569149017, 4.78331041336, 5.27092981339, 5.7701587677, 6.26938772202, 6.7570066452, 7.24462556839, 7.73224496841, 8.2198638916, 8.71909236908, 9.21832180023, 9.70594120026, 10.1935596466, 10.6811790466, 11.1687984467, 11.6680269241, 12.1672563553, 12.6664848328, 13.1541042328, 13.6533327103, 14.1409521103, 14.6285715103, 15.1161899567, 15.6038093567, 16.0914287567, 16.5906581879, 17.0898857117, 17.5775051117, 18.0651245117, 18.5527439117, 19.0519733429, 19.5395908356, 20.0388202667, 20.5264396667, 21.0140590668, 21.5016784668, 22.0009059906, 22.5001354218, 22.9877548218, 23.4753742218, 23.9629936218, 24.4506111145, 24.9498405457, 25.4490699768, 25.9366893768, 26.4243087769, 26.9119262695, 27.3995456696, 27.8987751007, 28.3980045319, 28.8856239319, 29.3732414246, 29.8608608246, 30.3600902557, 30.8593196869, 31.3469390869, 31.8345565796, 32.322177887, 32.8214035034, 33.3206329346, 33.8082542419, 34.2958717346, 34.783493042, 35.2827186584, 35.7703399658, 36.269569397, 36.7571868896, 37.244808197, 37.7324256897, 38.2200431824, 38.7192726135, 39.2185020447, 39.7061233521, 40.1937408447, 40.6813583374, 41.1805877686, 41.6798171997, 42.1674385071, 42.6550559998, 43.1426734924, 43.6419029236, 44.1411323547, 44.6287536621, 45.1163711548, 45.6039886475, 46.0916099548, 46.5792274475, 47.0784568787, 47.5660743713, 48.0653038025, 48.5645332336, 49.052154541, 49.5397720337, 50.0273895264, 50.5266189575, 51.0258483887, 51.5250778198, 52.0126991272, 52.5235366821, 53.0227661133, 53.5219955444, 54.0212249756, 54.5204544067, 55.0196800232, 55.5189094543, 56.0181388855, 56.5173683167, 57.0165977478, 57.515827179, 58.0150566101, 58.5142860413, 59.0135154724, 59.5127410889, 60.0235824585, 60.5228118896, 61.0220413208, 61.5212669373, 62.0204963684, 62.5197257996, 63.0189552307, 63.5181846619, 64.0174102783, 64.5282516479, 65.0158691406, 65.5150985718, 66.0143280029, 66.5251693726, 67.0127868652, 67.5120162964, 68.0112457275, 68.4988632202, 68.9864807129, 69.474105835, 69.9617233276, 70.4609527588, 70.9601821899, 71.4477996826, 71.9354171753, 72.423034668, 72.91065979, 73.3982772827, 73.8975067139, 74.396736145, 74.8843536377, 75.3719711304, 75.8712005615, 76.3704299927, 76.8580474854, 77.345664978, 77.8332901001, 78.3209075928, 78.8201370239, 79.3193664551, 79.8069839478, 80.2946014404, 80.7822189331, 81.2698364258, 81.7690658569, 82.2682952881, 82.7559204102, 83.2435379028, 83.742767334, 84.2303848267, 84.7296142578, 85.2172317505, 85.7048492432, 86.1924667358, 86.691696167, 87.1909255981, 87.6785507202, 88.1661682129, 88.6537857056, 89.1414031982, 89.6406326294, 90.1398620605, 90.6274795532, 91.1150970459, 91.6143264771, 92.1019515991, 92.6011810303, 93.0887985229, 93.5764160156, 94.0640335083, 94.5632629395, 95.0624923706, 95.5501098633, 96.037727356, 96.525352478, 97.0129699707, 97.5121994019, 98.011428833, 98.4990463257, 98.9982757568, 99.497505188, 99.9967346191, 100.49596405, 100.995193481, 101.494422913, 101.993652344, 102.492874146, 103.003715515, 103.502944946, 104.002174377, 104.501403809, 105.00063324, 105.499862671, 105.999092102, 106.498321533, 106.997550964, 107.496780396, 107.996009827, 108.495239258, 108.994468689, 109.505302429, 110.00453186, 110.503761292, 111.002990723, 111.502220154, 112.013061523, 112.500679016, 112.999908447, 113.499137878, 113.986755371, 114.485984802, 114.973602295, 115.461219788, 115.960449219, 116.448066711, 116.924079895, 117.423309326, 117.922538757, 118.421768188, 118.92099762, 119.43183136, 119.942672729, 120.441902161, 120.929519653, 121.405532837, 121.881538391, 122.369155884, 122.856781006, 123.344398499, 123.84362793, 124.342857361, 124.830474854, 125.329704285, 125.828933716, 126.328163147, 126.827392578, 127.315010071, 127.802627563, 128.290252686, 128.777862549, 129.265487671, 129.753097534, 130.240722656, 130.728347778, 131.215957642, 131.715194702, 132.214416504, 132.702041626, 133.189651489, 133.677276611, 134.176498413, 134.675735474, 135.163360596, 135.650970459, 136.138595581, 136.637817383, 137.137054443, 137.624664307, 138.112289429, 138.599899292, 139.087524414, 139.575149536, 140.074371338, 140.573608398, 141.061218262, 141.548843384, 142.036453247, 142.535690308, 143.02331543, 143.522537231, 144.010162354, 144.497772217, 144.997009277, 145.496231079, 145.983856201, 146.471466064, 146.959091187, 147.458312988, 147.957550049, 148.445159912, 148.932785034, 149.420410156, 149.90802002, 150.395645142, 150.894866943, 151.394104004, 151.881713867, 152.369338989, 152.856964111, 153.344573975, 153.843811035, 154.343032837, 154.830657959, 155.318267822, 155.805892944, 156.305114746, 156.804351807, 157.291976929, 157.779586792, 158.267211914, 158.754821777, 159.242446899, 159.75328064, 160.240905762, 160.728515625, 161.216140747, 161.703765869, 162.214599609, 162.71383667, 163.213058472, 163.712280273, 164.211517334, 164.722351074, 165.209976196, 165.720809937, 166.208435059, 166.719268799, 167.218505859, 167.717727661, 168.216964722, 168.716186523, 169.215423584, 169.714645386, 170.213867188, 170.713104248, 171.223937988, 171.723175049, 172.222396851, 172.721633911, 173.220855713, 173.708480835, 174.207702637, 174.718551636, 175.217773438, 175.728607178, 176.227844238, 176.72706604, 177.214691162, 177.725524902, 178.224761963, 178.723983765, 179.211608887, 179.710830688, 180.210067749, 180.709289551, 181.22013855, 181.719360352, 182.206985474, 182.717819214, 183.217056274, 183.716278076, 184.203903198, 184.714736938, 185.21395874, 185.713195801, 186.212417603, 186.711654663, 187.210876465, 187.710113525, 188.209335327, 188.708572388, 189.219406128, 189.718643188, 190.21786499, 190.705490112, 191.204711914, 191.703948975, 192.203170776, 192.702392578, 193.213241577, 193.724075317, 194.234924316, 194.72253418, 195.22177124, 195.720993042, 196.220230103, 196.719451904, 197.218673706, 197.717910767, 198.217132568, 198.70475769, 199.203994751, 199.703216553, 200.202438354, 200.724899292, 201.258956909, 201.793014526, 202.373504639, 202.942398071, 203.522903442, 204.033737183, 204.544570923, 205.043807983, 205.49659729, 205.949386597, 206.402175903, 206.820129395, 207.226486206, 207.632827759, 208.085617065, 208.538406372, 208.991195679, 209.443984985, 209.885162354, 210.326339722, 210.76751709, 211.220306396, 211.673095703, 212.137496948, 212.590286255, 213.043075562, 213.495864868, 214.029922485, 214.552383423, 215.08644104, 215.608886719, 216.119720459, 216.630569458, 217.118179321, 217.605804443, 218.105026245, 218.639083862, 219.1615448, 219.683990479, 220.206436157, 220.728881836, 221.251327515, 221.773788452, 222.296234131, 222.81867981, 223.31791687, 223.817138672, 224.316360474, 224.815597534, 225.314819336, 225.814056396, 226.313278198, 226.812515259, 227.311737061, 227.810974121, 228.310195923, 228.809432983, 229.308654785],
    "bpm_histogram": [0, 0, 0, 0, 0, 0, 0, 0, 0, 0, 0, 0, 0, 0, 0, 0, 0, 0, 0, 0, 0, 0, 0, 0, 0, 0, 0, 0, 0, 0, 0, 0, 0, 0, 0, 0, 0, 0, 0, 0, 0, 0, 0, 0, 0, 0, 0, 0, 0, 0, 0, 0, 0, 0, 0, 0, 0, 0, 0, 0, 0, 0, 0, 0, 0, 0, 0, 0, 0, 0, 0, 0, 0, 0, 0, 0, 0, 0, 0, 0, 0, 0, 0, 0, 0, 0, 0, 0, 0, 0, 0, 0, 0, 0, 0, 0, 0, 0, 0, 0, 0, 0, 0, 0.00431965431198, 0, 0.00215982715599, 0, 0, 0, 0, 0, 0, 0.0107991360128, 0, 0, 0.0237580984831, 0, 0.0626349896193, 0, 0, 0.453563719988, 0, 0, 0.380129575729, 0, 0, 0.0215982720256, 0, 0, 0.00215982715599, 0, 0, 0, 0.0259179268032, 0, 0, 0.00647948170081, 0, 0, 0, 0, 0, 0, 0, 0.00215982715599, 0, 0, 0, 0.00431965431198, 0, 0, 0, 0, 0, 0, 0, 0, 0, 0, 0, 0, 0, 0, 0, 0, 0, 0, 0, 0, 0, 0, 0, 0, 0, 0, 0, 0, 0, 0, 0, 0, 0, 0, 0, 0, 0, 0, 0, 0, 0, 0, 0, 0, 0, 0, 0, 0, 0, 0, 0, 0, 0, 0, 0, 0, 0, 0, 0, 0, 0, 0, 0, 0, 0, 0, 0, 0, 0, 0, 0, 0, 0, 0, 0, 0, 0, 0, 0, 0, 0, 0, 0, 0, 0, 0, 0, 0, 0, 0, 0, 0, 0, 0, 0, 0, 0, 0, 0, 0, 0]
},
"tonal": {
    "chords_changes_rate": 0.0535353533924,
    "chords_number_rate": 0.00181818183046,
    "chords_strength": {
        "mean": 0.511041641235
    },
    "hpcp_crest": {
        "mean": 12.8239498138
    },
    "hpcp_entropy": {
        "mean": 2.12122344971
    },
    "key_edma": {
        "strength": 0.867990076542,
        "key": "E",
        "scale": "major"
    },
    "key_krumhansl": {
        "strength": 0.875075161457,
        "key": "E",
        "scale": "major"
    },
    "key_temperley": {
        "strength": 0.883557796478,
        "key": "E",
        "scale": "major"
    },
    "tuning_diatonic_strength": 0.699756741524,
    "tuning_equal_tempered_deviation": 0.0183956120163,
    "tuning_frequency": 440.254241943,
    "tuning_nontempered_energy_ratio": 0.708031713963,
    "hpcp": {
        "mean": [0.185236051679, 0.0982228070498, 0.0622012168169, 0.0751975923777, 0.103257291019, 0.215454593301, 0.297548174858, 0.183909222484, 0.0717681869864, 0.0586052909493, 0.0534031614661, 0.100782565773, 0.176858171821, 0.146108910441, 0.0743878409266, 0.058001704514, 0.0627168938518, 0.0981998369098, 0.130983427167, 0.134077146649, 0.222137540579, 0.305247038603, 0.200201272964, 0.0914228931069, 0.0700696259737, 0.0680371373892, 0.172605887055, 0.304928421974, 0.219884485006, 0.0825434550643, 0.059276048094, 0.0620572865009, 0.152308210731, 0.218641862273, 0.15483237803, 0.168236032128]
    },
    "chords_histogram": [25.5555553436, 2.40404033661, 17.4949493408, 0, 7.69696950912, 0.868686854839, 0.505050480366, 0, 0.747474730015, 0, 0, 0.808080792427, 1.53535354137, 0, 0, 0.707070708275, 0.101010099053, 3.09090900421, 0.0202020201832, 0.868686854839, 0.464646458626, 10.848484993, 15.7575759888, 10.5252523422],
    "thpcp": [1, 0.655866384506, 0.299504607916, 0.229550555348, 0.222892045975, 0.565462946892, 0.998956203461, 0.720349252224, 0.270415246487, 0.19419041276, 0.203301846981, 0.498967051506, 0.7162784338, 0.507236301899, 0.551147162914, 0.606839776039, 0.321781367064, 0.203773364425, 0.246349945664, 0.338274508715, 0.705836772919, 0.974778234959, 0.602493047714, 0.235115095973, 0.191992983222, 0.174950629473, 0.330167204142, 0.579393565655, 0.478657901287, 0.243697181344, 0.190015614033, 0.205462738872, 0.321706116199, 0.429106295109, 0.439241439104, 0.72773039341],
    "chords_key": "E",
    "chords_scale": "major"
}
}