{
"metadata": {
    "version": {
        "essentia": "2.1-beta6-dev",
        "essentia_git_sha": "v2.1_beta5-1177-g1d1cc983",
        "extractor": "music 2.0"
    },
    "audio_properties": {
        "analysis": {
            "equal_loudness": 0,
            "length": 193.613327026,
            "sample_rate": 44100,
            "start_time": 0,
            "downmix": "mix"
        },
        "bit_rate": 1411200,
        "length": 193.613327026,
        "lossless": 1,
        "number_channels": 2,
        "replay_gain": -15.444355011,
        "sample_rate": 44100,
        "codec": "pcm_s16le",
        "md5_encoded": "54efe552079dc7e95ed1cb161e8a647f"
    },
    "tags": {
        "file_name": "01 - All Get Out - My Friends.wav",
        "album": ["The Season"],
        "albumartist": ["All Get Out"],
        "artist": ["All Get Out"],
        "copyright": ["2011 All Get Out and Many Hats Distribution 2011 All Get Out and Many Hats Distribution"],
        "date": ["2011"],
        "discnumber": ["1"],
        "disctotal": ["1"],
        "genre": ["Alternative & Indie"],
        "isrc": ["US3DF1112368"],
        "title": ["My Friends"],
        "tracknumber": ["1"],
        "tracktotal": ["10"]
    }
},
"lowlevel": {
    "average_loudness": 0.9635861516,
    "barkbands_crest": {
        "mean": 8.91822814941
    },
    "barkbands_flatness_db": {
        "mean": 0.103889457881
    },
    "barkbands_kurtosis": {
        "mean": 5.86891365051
    },
    "barkbands_skewness": {
        "mean": 1.40896749496
    },
    "barkbands_spread": {
        "mean": 27.9545917511
    },
    "dissonance": {
        "mean": 0.47535404563
    },
    "dynamic_complexity": 2.28462529182,
    "erbbands_crest": {
        "mean": 7.37507677078
    },
    "erbbands_flatness_db": {
        "mean": 0.132716223598
    },
    "erbbands_kurtosis": {
        "mean": 0.231403231621
    },
    "erbbands_skewness": {
        "mean": -0.0107439905405
    },
    "erbbands_spread": {
        "mean": 42.0599327087
    },
    "hfc": {
        "mean": 28.4887809753
    },
    "loudness_ebu128": {
        "integrated": -6.1270198822,
        "loudness_range": 3.07332468033,
        "momentary": {
            "mean": -7.13881158829
        },
        "short_term": {
            "mean": -6.60537338257
        }
    },
    "melbands_crest": {
        "mean": 13.3750047684
    },
    "melbands_flatness_db": {
        "mean": 0.167164549232
    },
    "melbands_kurtosis": {
        "mean": 12.9652261734
    },
    "melbands_skewness": {
        "mean": 2.59812474251
    },
    "melbands_spread": {
        "mean": 29.2157440186
    },
    "pitch_salience": {
        "mean": 0.58639383316
    },
    "silence_rate_20dB": {
        "mean": 1
    },
    "silence_rate_30dB": {
        "mean": 0.999760210514
    },
    "silence_rate_60dB": {
        "mean": 0.0465227812529
    },
    "spectral_centroid": {
        "mean": 1549.90441895
    },
    "spectral_complexity": {
        "mean": 29.5893287659
    },
    "spectral_decrease": {
        "mean": -7.93430832147e-09
    },
    "spectral_energy": {
        "mean": 0.0325299054384
    },
    "spectral_energyband_high": {
        "mean": 0.0012217144249
    },
    "spectral_energyband_low": {
        "mean": 0.0098721133545
    },
    "spectral_energyband_middle_high": {
        "mean": 0.00733692618087
    },
    "spectral_energyband_middle_low": {
        "mean": 0.016236782074
    },
    "spectral_entropy": {
        "mean": 7.78249788284
    },
    "spectral_flux": {
        "mean": 0.102614097297
    },
    "spectral_kurtosis": {
        "mean": 4.88531303406
    },
    "spectral_rms": {
        "mean": 0.0053524216637
    },
    "spectral_rolloff": {
        "mean": 1914.05834961
    },
    "spectral_skewness": {
        "mean": 1.55028855801
    },
    "spectral_spread": {
        "mean": 4736290
    },
    "spectral_strongpeak": {
        "mean": 0.796344935894
    },
    "zerocrossingrate": {
        "mean": 0.072132371366
    },
    "barkbands": {
        "mean": [8.11320496723e-05, 0.00453805597499, 0.00340668926947, 0.00476766377687, 0.00545788835734, 0.00190274475608, 0.00105501944199, 0.00103749136906, 0.0014495018404, 0.00108096178155, 0.000869745446835, 0.00064775737701, 0.000679868389852, 0.000657755765133, 0.000653353228699, 0.000805357994977, 0.000757603265811, 0.000531880476046, 0.000712424051017, 0.000364422448911, 0.000204195850529, 0.000215507738176, 0.000213284511119, 0.000178112735739, 0.000164837198099, 8.08088007034e-05, 1.55358047778e-05]
    },
    "erbbands": {
        "mean": [0.102324165404, 1.14067316055, 3.71445941925, 9.8634557724, 20.091840744, 16.181634903, 16.0349655151, 15.138053894, 15.2314949036, 17.7996082306, 24.8300590515, 35.9912719727, 37.6289901733, 26.009185791, 36.0076904297, 31.2598133087, 33.4596481323, 32.6511573792, 31.8630428314, 40.9107704163, 44.0668945312, 40.3305740356, 31.0370521545, 34.2310142517, 31.7989501953, 17.9724197388, 10.2509450912, 6.97636842728, 7.40705394745, 7.48172616959, 5.61970806122, 4.18898534775, 2.77079033852, 1.74837195873, 1.23265337944, 0.494449973106, 0.111982598901, 0.0229315850884, 0.00253559439443, 0.000182498202776]
    },
    "gfcc": {
        "mean": [37.0997161865, 73.6257858276, -116.208854675, 29.1567115784, -49.5696983337, 7.3445854187, -44.0531463623, 6.1418466568, -31.8204364777, -5.3061299324, -20.6279449463, -5.2151260376, -14.3861751556],
        "cov": [[9837.97070312, -1075.55969238, -591.63671875, -171.035690308, -627.569152832, 233.962402344, -196.310165405, 34.4109153748, -169.430984497, 39.4627761841, -134.026123047, 56.8533058167, -186.392669678], [-1075.55969238, 1046.89111328, -109.868873596, 92.3832550049, 208.788269043, -85.853225708, 98.7851028442, 0.483792513609, 56.4799613953, -35.3770980835, 91.01197052, -93.4039382935, 81.8345870972], [-591.63671875, -109.868873596, 692.520690918, 135.218338013, 127.129722595, 83.6703872681, 16.1558170319, -16.2064228058, 57.9251289368, 34.2668418884, -17.4485435486, 42.4961128235, -9.03974914551], [-171.035690308, 92.3832550049, 135.218338013, 280.509277344, 106.314842224, 46.5154304504, 43.0110168457, 24.5726165771, 57.5097122192, 18.9246063232, 32.9592628479, 9.90843105316, 21.1237220764], [-627.569152832, 208.788269043, 127.129722595, 106.314842224, 294.561859131, 21.3477020264, 103.217163086, 35.5448417664, 42.9795150757, 27.0052661896, 38.589805603, 10.7496414185, 27.524766922], [233.962402344, -85.853225708, 83.6703872681, 46.5154304504, 21.3477020264, 178.883560181, 68.1777420044, 29.1204013824, 18.7605762482, 12.0020027161, 7.91160678864, 15.3685331345, -4.14728307724], [-196.310165405, 98.7851028442, 16.1558170319, 43.0110168457, 103.217163086, 68.1777420044, 158.920578003, 63.924861908, 37.9793624878, 20.9407482147, 25.649230957, 7.18245077133, 14.1530914307], [34.4109153748, 0.483792513609, -16.2064228058, 24.5726165771, 35.5448417664, 29.1204013824, 63.924861908, 126.211868286, 50.5144920349, 27.2429141998, 20.2609500885, 4.22291374207, 10.0958900452], [-169.430984497, 56.4799613953, 57.9251289368, 57.5097122192, 42.9795150757, 18.7605762482, 37.9793624878, 50.5144920349, 98.7634048462, 38.8448257446, 17.6182899475, 4.39687395096, 11.829202652], [39.4627761841, -35.3770980835, 34.2668418884, 18.9246063232, 27.0052661896, 12.0020027161, 20.9407482147, 27.2429141998, 38.8448257446, 82.5194778442, 25.4514484406, 21.373506546, 0.84200823307], [-134.026123047, 91.01197052, -17.4485435486, 32.9592628479, 38.589805603, 7.91160678864, 25.649230957, 20.2609500885, 17.6182899475, 25.4514484406, 75.7929763794, 21.8531131744, 20.3194980621], [56.8533058167, -93.4039382935, 42.4961128235, 9.90843105316, 10.7496414185, 15.3685331345, 7.18245077133, 4.22291374207, 4.39687395096, 21.373506546, 21.8531131744, 71.371673584, 17.981798172], [-186.392669678, 81.8345870972, -9.03974914551, 21.1237220764, 27.524766922, -4.14728307724, 14.1530914307, 10.0958900452, 11.829202652, 0.84200823307, 20.3194980621, 17.981798172, 56.623500824]],
        "icov": [[0.000151469634147, -2.0022530407e-06, 0.000164483964909, -0.00010715987446, 0.000196984779905, -0.000297370017506, 0.000185211320058, -0.000187582103536, 0.000236191321164, -0.000247604009928, 0.000285518181045, -0.000304577639326, 0.000385957158869], [-2.0022530407e-06, 0.00235849968158, 0.000150844105519, -5.32712829227e-06, -0.000996137037873, 0.0011783222435, -0.00124438677449, 0.00145493261516, -0.00138929381501, 0.00146879965905, -0.0030270263087, 0.00419887527823, -0.00274574616924], [0.000164483964909, 0.000150844105519, 0.00228487863205, -0.000708081701305, -0.000851915800013, -0.00114300986752, 0.000862466869876, 0.000652581336908, -0.000980584067293, -0.000425531878136, 0.00154411466792, -0.00150528969243, 0.00108594191261], [-0.00010715987446, -5.32712829227e-06, -0.000708081701305, 0.00502961780876, -0.00130411866121, -0.000712072243914, 0.000349413166987, 0.00035983370617, -0.00227458728477, 0.000931321992539, -0.00172545295209, 0.000752272084355, -0.00106251321267], [0.000196984779905, -0.000996137037873, -0.000851915800013, -0.00130411866121, 0.0063564046286, 0.00053237559041, -0.00295981485397, -0.000531891884748, 0.00124640960712, -0.00142528687138, 0.00025359497522, -0.00132107536774, 0.000311707757646], [-0.000297370017506, 0.0011783222435, -0.00114300986752, -0.000712072243914, 0.00053237559041, 0.00888948142529, -0.00490428321064, 0.000646004802547, -0.000628384645097, 0.00144882278983, -0.00219017127529, 0.00146215152927, -0.000664372870233], [0.000185211320058, -0.00124438677449, 0.000862466869876, 0.000349413166987, -0.00295981485397, -0.00490428321064, 0.0128772361204, -0.00461323466152, 2.35135903495e-05, -0.000973425980192, 0.00139600841794, -0.0023365826346, 0.00134950177744], [-0.000187582103536, 0.00145493261516, 0.000652581336908, 0.00035983370617, -0.000531891884748, 0.000646004802547, -0.00461323466152, 0.0132363699377, -0.00607287650928, 0.000197020723135, -0.00274409516715, 0.00298408907838, -0.0023485107813], [0.000236191321164, -0.00138929381501, -0.000980584067293, -0.00227458728477, 0.00124640960712, -0.000628384645097, 2.35135903495e-05, -0.00607287650928, 0.0184948388487, -0.00744713004678, 0.00233821640722, -0.000275548751233, -0.000602222629823], [-0.000247604009928, 0.00146879965905, -0.000425531878136, 0.000931321992539, -0.00142528687138, 0.00144882278983, -0.000973425980192, 0.000197020723135, -0.00744713004678, 0.0191746503115, -0.00660971272737, -0.00147144554649, 0.00176377396565], [0.000285518181045, -0.0030270263087, 0.00154411466792, -0.00172545295209, 0.00025359497522, -0.00219017127529, 0.00139600841794, -0.00274409516715, 0.00233821640722, -0.00660971272737, 0.0231745038182, -0.00979084335268, 0.000464331533294], [-0.000304577639326, 0.00419887527823, -0.00150528969243, 0.000752272084355, -0.00132107536774, 0.00146215152927, -0.0023365826346, 0.00298408907838, -0.000275548751233, -0.00147144554649, -0.00979084335268, 0.0268965028226, -0.0117392493412], [0.000385957158869, -0.00274574616924, 0.00108594191261, -0.00106251321267, 0.000311707757646, -0.000664372870233, 0.00134950177744, -0.0023485107813, -0.000602222629823, 0.00176377396565, 0.000464331533294, -0.0117392493412, 0.0270112175494]]
    },
    "melbands": {
        "mean": [0.00111460557673, 0.00181972130667, 0.00211566127837, 0.00129189435393, 0.000607623835094, 0.000345525302691, 0.000226156189456, 0.000197284534806, 0.000216255881242, 0.000217580178287, 0.000182396819582, 9.94603688014e-05, 0.000126247323351, 7.90344420238e-05, 7.94039733591e-05, 6.09709713899e-05, 6.29973728792e-05, 5.11627658852e-05, 4.7890451242e-05, 5.9528327256e-05, 5.00885216752e-05, 4.18956624344e-05, 3.61409474863e-05, 2.38989960053e-05, 2.79731229966e-05, 2.65087001026e-05, 1.73104035639e-05, 1.04292457763e-05, 6.75407727613e-06, 4.59651892015e-06, 3.87942372981e-06, 3.91967296309e-06, 4.61623858428e-06, 4.08060168411e-06, 3.2162554362e-06, 3.1141485124e-06, 2.32136949307e-06, 1.98904626814e-06, 1.63052038715e-06, 1.4046280512e-06]
    },
    "melbands128": {
        "mean": [7.06119681126e-05, 0.000621746876277, 0.00162978447042, 0.0019226197619, 0.00188730040099, 0.00163551117294, 0.00177295494359, 0.00268853083253, 0.0021014995873, 0.0011505454313, 0.000809666002169, 0.000747183396015, 0.000499101937748, 0.000524147530086, 0.000365325133316, 0.000236104839132, 0.000247162388405, 0.000240767738433, 0.000171416642843, 0.000209170408198, 0.000198956942768, 0.000186893856153, 0.000210885191336, 0.000239760396653, 0.000292948127026, 0.000153674205649, 0.000182738775038, 0.000248968892265, 0.000106432045868, 0.000113511341624, 7.64988726587e-05, 0.000105770828668, 0.000170197177795, 0.000115457500215, 5.03632873006e-05, 8.48680501804e-05, 9.84050857369e-05, 5.01045578858e-05, 0.000105529659777, 7.46694786358e-05, 4.58288195659e-05, 4.57363203168e-05, 5.93402728555e-05, 8.09365446912e-05, 5.32359626959e-05, 4.40908261226e-05, 5.12608567078e-05, 4.01334073103e-05, 4.78378133266e-05, 6.55338153592e-05, 6.09029484622e-05, 5.58660212846e-05, 5.11398393428e-05, 4.67946047138e-05, 4.82223622384e-05, 3.83330261684e-05, 3.76326424885e-05, 4.84808588226e-05, 3.11411458824e-05, 2.27443724725e-05, 2.35250900005e-05, 2.17610686377e-05, 3.14210883516e-05, 2.73121768259e-05, 2.80946060229e-05, 2.73733185168e-05, 2.6695226552e-05, 1.88916092156e-05, 1.48873396029e-05, 1.53900036821e-05, 1.09695001811e-05, 7.56102508603e-06, 7.23484163245e-06, 6.88474801791e-06, 5.9114454416e-06, 4.80092785438e-06, 3.95601909986e-06, 3.75356148652e-06, 4.02508521802e-06, 3.69290478375e-06, 3.90210925616e-06, 3.64719312529e-06, 4.84225847686e-06, 4.99076759297e-06, 4.28027624366e-06, 3.7687832446e-06, 4.39921086581e-06, 3.92576748709e-06, 2.94087840302e-06, 2.73004320661e-06, 3.45772923538e-06, 3.14672888635e-06, 2.73872751677e-06, 2.2301539957e-06, 2.20236438508e-06, 1.95771372091e-06, 2.01946409106e-06, 1.91437902686e-06, 1.62403330251e-06, 1.48498338604e-06, 1.47596790612e-06, 1.36172423026e-06, 1.37612460094e-06, 1.43780277995e-06, 1.60762579071e-06, 1.13507462629e-06, 1.51727749653e-06, 1.22862331864e-06, 7.07902245267e-07, 5.77822447667e-07, 4.9178242989e-07, 4.16509237766e-07, 2.95731865663e-07, 2.70974197747e-07, 2.16632983552e-07, 2.19082622266e-07, 1.57012848945e-07, 1.38267182592e-07, 8.07354254562e-08, 6.84270275997e-08, 6.13258919202e-08, 6.39215969045e-08, 4.59382505369e-08, 3.97256521012e-08, 2.24626326428e-08, 1.20641079349e-08, 7.06775926673e-09, 2.6882889248e-09]
    },
    "mfcc": {
        "mean": [-605.869262695, 109.31072998, -7.88594865799, 23.170747757, 10.4623298645, 0.569408357143, -0.00338484579697, 2.10156559944, -5.35096168518, -0.94237858057, -6.48236131668, -6.52496957779, -3.42634391785],
        "cov": [[7705.36914062, -514.420227051, -359.528411865, -248.027252197, -266.899414062, -71.3964996338, -63.1099739075, 59.6709327698, -140.275054932, 49.3712005615, -18.2314071655, -87.8762054443, -4.82921695709], [-514.420227051, 811.311584473, -167.349609375, 119.668830872, 52.2904701233, -28.4422092438, 64.3097457886, -33.8456687927, 24.2975769043, 14.9800367355, -7.93234443665, 12.3065891266, 0.385362386703], [-359.528411865, -167.349609375, 542.503540039, 44.7104644775, 99.7398529053, 105.790786743, -22.4935474396, 19.8599777222, 29.7697734833, -11.4989347458, 33.1392745972, 3.2245452404, -5.39143753052], [-248.027252197, 119.668830872, 44.7104644775, 257.215698242, 103.336898804, 40.3626365662, 24.2112197876, 14.4349718094, 35.6945343018, 16.4511680603, 19.9205646515, 37.3074226379, 29.3993148804], [-266.899414062, 52.2904701233, 99.7398529053, 103.336898804, 160.154800415, 55.3544464111, 25.3364334106, 15.8381700516, 25.4885692596, 11.0311098099, 14.6441526413, 18.9577217102, 16.3368663788], [-71.3964996338, -28.4422092438, 105.790786743, 40.3626365662, 55.3544464111, 163.511581421, 48.824180603, 39.6829948425, 24.7931556702, 10.8608360291, 22.9290103912, 13.4383964539, 13.7991199493], [-63.1099739075, 64.3097457886, -22.4935474396, 24.2112197876, 25.3364334106, 48.824180603, 125.694274902, 53.9445838928, 22.8053150177, 25.8709201813, 22.523399353, 14.7386512756, 8.68947792053], [59.6709327698, -33.8456687927, 19.8599777222, 14.4349718094, 15.8381700516, 39.6829948425, 53.9445838928, 111.276420593, 40.595161438, 36.1311798096, 22.6592788696, 14.6876897812, 11.5798816681], [-140.275054932, 24.2975769043, 29.7697734833, 35.6945343018, 25.4885692596, 24.7931556702, 22.8053150177, 40.595161438, 89.5509719849, 44.7249794006, 23.570400238, 19.0458469391, 14.0036668777], [49.3712005615, 14.9800367355, -11.4989347458, 16.4511680603, 11.0311098099, 10.8608360291, 25.8709201813, 36.1311798096, 44.7249794006, 91.9209213257, 39.442401886, 20.8352718353, 12.273229599], [-18.2314071655, -7.93234443665, 33.1392745972, 19.9205646515, 14.6441526413, 22.9290103912, 22.523399353, 22.6592788696, 23.570400238, 39.442401886, 69.0019302368, 29.8261909485, 13.8480787277], [-87.8762054443, 12.3065891266, 3.2245452404, 37.3074226379, 18.9577217102, 13.4383964539, 14.7386512756, 14.6876897812, 19.0458469391, 20.8352718353, 29.8261909485, 66.7945022583, 32.5261383057], [-4.82921695709, 0.385362386703, -5.39143753052, 29.3993148804, 16.3368663788, 13.7991199493, 8.68947792053, 11.5798816681, 14.0036668777, 12.273229599, 13.8480787277, 32.5261383057, 55.9276657104]],
        "icov": [[0.000156544090714, 8.47820774652e-05, 0.000101605182863, 1.18955128414e-07, 0.000145957164932, -5.33181337232e-05, 9.83227873803e-05, -0.000174574452103, 0.000309507915517, -0.000225082301768, -3.77949836547e-05, 0.00024061408476, -0.000144625475514], [8.47820774652e-05, 0.0016789912479, 0.000563507608604, -0.000659354845993, -0.000364796811482, 0.000319417216815, -0.00103551102802, 0.00102070521098, -0.000490625796374, -0.000181965893717, 0.000272025819868, 4.63145152025e-05, 0.000442462129286], [0.000101605182863, 0.000563507608604, 0.00285645900294, 2.01011607714e-05, -0.00146809162106, -0.00139354856219, 0.00128364900593, -0.000229448734899, -0.000743203854654, 0.00110180000775, -0.00162791565526, 0.000470665894682, 0.000964084290899], [1.18955128414e-07, -0.000659354845993, 2.01011607714e-05, 0.00594040704891, -0.00315516069531, -0.000256419385551, 0.000317343423376, -1.99862570298e-05, -0.000957829353865, 0.000405414495617, -0.000148687919136, -0.00158250017557, -0.00106841803063], [0.000145957164932, -0.000364796811482, -0.00146809162106, -0.00315516069531, 0.0102779269218, -0.00150464684702, -0.00087230122881, 0.000149001265527, 3.51409616997e-05, -0.000717383110896, 0.000767198449466, 1.8350478058e-05, -0.0010461837519], [-5.33181337232e-05, 0.000319417216815, -0.00139354856219, -0.000256419385551, -0.00150464684702, 0.00898083951324, -0.00307103781961, -0.000929917790927, -0.000596055237111, 0.000918133591767, -0.000860041123815, 0.000439664145233, -0.00120798603166], [9.83227873803e-05, -0.00103551102802, 0.00128364900593, 0.000317343423376, -0.00087230122881, -0.00307103781961, 0.0126423006877, -0.00536520918831, 0.000843643443659, -0.000304722198052, -0.00212986418046, -0.000151444837684, 0.000602795684244], [-0.000174574452103, 0.00102070521098, -0.000229448734899, -1.99862570298e-05, 0.000149001265527, -0.000929917790927, -0.00536520918831, 0.0146650681272, -0.00443288497627, -0.00212794798426, 0.000352400558768, -0.00034598770435, -0.000359748810297], [0.000309507915517, -0.000490625796374, -0.000743203854654, -0.000957829353865, 3.51409616997e-05, -0.000596055237111, 0.000843643443659, -0.00443288497627, 0.018146250397, -0.00714243110269, 0.000400609365897, -0.000467717298307, -0.00141788914334], [-0.000225082301768, -0.000181965893717, 0.00110180000775, 0.000405414495617, -0.000717383110896, 0.000918133591767, -0.000304722198052, -0.00212794798426, -0.00714243110269, 0.0191567782313, -0.00854119937867, -0.000188647187315, 0.000154914378072], [-3.77949836547e-05, 0.000272025819868, -0.00162791565526, -0.000148687919136, 0.000767198449466, -0.000860041123815, -0.00212986418046, 0.000352400558768, 0.000400609365897, -0.00854119937867, 0.0241813026369, -0.00818285066634, 0.00070766499266], [0.00024061408476, 4.63145152025e-05, 0.000470665894682, -0.00158250017557, 1.8350478058e-05, 0.000439664145233, -0.000151444837684, -0.00034598770435, -0.000467717298307, -0.000188647187315, -0.00818285066634, 0.0258240327239, -0.0119549492374], [-0.000144625475514, 0.000442462129286, 0.000964084290899, -0.00106841803063, -0.0010461837519, -0.00120798603166, 0.000602795684244, -0.000359748810297, -0.00141788914334, 0.000154914378072, 0.00070766499266, -0.0119549492374, 0.0262022539973]]
    },
    "spectral_contrast_coeffs": {
        "mean": [-0.670798361301, -0.776055037975, -0.776223421097, -0.795439958572, -0.790989518166, -0.783961057663]
    },
    "spectral_contrast_valleys": {
        "mean": [-6.4968662262, -6.48138237, -7.04750347137, -7.03539228439, -6.97569608688, -9.67304229736]
    }
},
"rhythm": {
    "beats_count": 508,
    "beats_loudness": {
        "mean": 0.0450879298151
    },
    "bpm": 156.352706909,
    "bpm_histogram_first_peak_bpm": 157,
    "bpm_histogram_first_peak_weight": 0.299785852432,
    "bpm_histogram_second_peak_bpm": 152,
    "bpm_histogram_second_peak_spread": 0.173913061619,
    "bpm_histogram_second_peak_weight": 0.0374753437936,
    "danceability": 1.14330685139,
    "onset_rate": 2.80946469307,
    "beats_loudness_band_ratio": {
        "mean": [0.559897899628, 0.160678103566, 0.107399307191, 0.0908302739263, 0.0856504514813, 0.0541216880083]
    },
    "beats_position": [0.406349211931, 0.789478421211, 1.17260766029, 1.55573689938, 1.95047616959, 2.32199549675, 2.69351458549, 3.07664394379, 3.45977306366, 3.84290242195, 4.22603178024, 4.59755086899, 4.98067998886, 5.36380958557, 5.74693870544, 6.13006782532, 6.51319694519, 6.88471651077, 7.25623559952, 7.63936471939, 8.01088428497, 8.39401340485, 8.77714252472, 9.16027164459, 9.54340076447, 9.91492080688, 10.2980499268, 10.6811790466, 11.0526981354, 11.4358272552, 11.8189563751, 12.1904764175, 12.5736055374, 12.9567346573, 13.328253746, 13.722992897, 14.0945119858, 14.4660310745, 14.8607711792, 15.2322902679, 15.6154193878, 15.9985485077, 16.3700675964, 16.7531967163, 17.1363258362, 17.5078449249, 17.8909740448, 18.2741031647, 18.6456241608, 19.0287532806, 19.4118824005, 19.7950115204, 20.1781406403, 20.549659729, 20.9211788177, 21.3043079376, 21.6874370575, 22.0705661774, 22.4536952972, 22.825214386, 23.2083435059, 23.5914726257, 23.974603653, 24.3577327728, 24.7292518616, 25.1007709503, 25.4955101013, 25.8786392212, 26.2617683411, 26.6332874298, 27.0048065186, 27.3763256073, 27.7594547272, 28.142583847, 28.5257129669, 28.9088420868, 29.291973114, 29.6751022339, 30.0466213226, 30.4181404114, 30.8012695312, 31.1843986511, 31.567527771, 31.9506568909, 32.322177887, 32.7053070068, 33.0884361267, 33.4715652466, 33.8546943665, 34.2262115479, 34.6093406677, 34.9924697876, 35.3639907837, 35.7471199036, 36.1302490234, 36.5133781433, 36.8965072632, 37.2680282593, 37.6395454407, 38.0226745605, 38.3941955566, 38.7773246765, 39.1604537964, 39.5435829163, 39.9151000977, 40.2866210938, 40.6697502136, 41.0528793335, 41.4360084534, 41.8075294495, 42.1906585693, 42.585395813, 42.9569168091, 43.340045929, 43.7231750488, 44.0946922302, 44.4778213501, 44.86095047, 45.2324714661, 45.6156005859, 45.9987297058, 46.3702468872, 46.7533760071, 47.1365089417, 47.508026123, 47.8911552429, 48.2742843628, 48.6574134827, 49.0289344788, 49.4120635986, 49.7951927185, 50.1783218384, 50.5614509583, 50.9445800781, 51.327709198, 51.6992263794, 52.0823554993, 52.4538764954, 52.8253974915, 53.2085266113, 53.5916557312, 53.9631729126, 54.3463020325, 54.7294311523, 55.1009521484, 55.4956893921, 55.8672103882, 56.2503395081, 56.6334686279, 57.0049858093, 57.3881187439, 57.7712478638, 58.1427650452, 58.525894165, 58.9090232849, 59.280544281, 59.6636734009, 60.0468025208, 60.4183197021, 60.801448822, 61.1845779419, 61.5677070618, 61.9508361816, 62.3223571777, 62.6938781738, 63.0770072937, 63.4601364136, 63.8432655334, 64.2263946533, 64.5979156494, 64.9810409546, 65.3641738892, 65.7472991943, 66.1304321289, 66.5135574341, 66.8966903687, 67.2682037354, 67.6397247314, 68.0112457275, 68.4059829712, 68.7775039673, 69.1606369019, 69.543762207, 69.9268951416, 70.3100204468, 70.6815414429, 71.064666748, 71.4477996826, 71.8193206787, 72.1908340454, 72.57396698, 72.9454879761, 73.3286132812, 73.7233581543, 74.094871521, 74.4780044556, 74.8611297607, 75.2326507568, 75.6157836914, 75.9989089966, 76.3704299927, 76.7535552979, 77.1366882324, 77.5082092285, 77.8913345337, 78.2744674683, 78.6575927734, 79.040725708, 79.4122467041, 79.7953720093, 80.1785049438, 80.5500183105, 80.9331512451, 81.3162765503, 81.6994094849, 82.08253479, 82.4540557861, 82.8255767822, 83.2087097168, 83.591835022, 83.9633560181, 84.3464813232, 84.7180023193, 85.1011352539, 85.4842605591, 85.8673934937, 86.2389068604, 86.6220397949, 87.0051651001, 87.3882980347, 87.7714233398, 88.1429443359, 88.5260772705, 88.9092025757, 89.2923355103, 89.6754608154, 90.0469818115, 90.4301147461, 90.8132400513, 91.1963729858, 91.579498291, 91.9510192871, 92.3225402832, 92.6940536499, 93.0771865845, 93.460319519, 93.8434448242, 94.2265777588, 94.5980911255, 94.9812240601, 95.3643493652, 95.7474822998, 96.130607605, 96.5021286011, 96.8852615356, 97.2683868408, 97.6515197754, 98.0346450806, 98.4177780151, 98.8009033203, 99.1840362549, 99.5671615601, 99.9502944946, 100.3334198, 100.704940796, 101.076461792, 101.447982788, 101.819496155, 102.202629089, 102.585754395, 102.957275391, 103.340408325, 103.72353363, 104.106666565, 104.48979187, 104.861312866, 105.232833862, 105.604354858, 105.987480164, 106.370613098, 106.753738403, 107.136871338, 107.519996643, 107.903129578, 108.274642944, 108.64616394, 109.029296875, 109.41242218, 109.795555115, 110.167076111, 110.550201416, 110.933334351, 111.316459656, 111.687980652, 112.071105957, 112.454238892, 112.837364197, 113.220497131, 113.592018127, 113.975143433, 114.346664429, 114.729797363, 115.112922668, 115.496055603, 115.879180908, 116.262313843, 116.633827209, 117.005348206, 117.38848114, 117.771606445, 118.143127441, 118.526252747, 118.909385681, 119.280906677, 119.652427673, 120.035552979, 120.418685913, 120.801811218, 121.184944153, 121.579681396, 121.951202393, 122.322715759, 122.705848694, 123.088973999, 123.460494995, 123.84362793, 124.226753235, 124.609886169, 124.981407166, 125.364532471, 125.736053467, 126.119178772, 126.502311707, 126.873832703, 127.256958008, 127.640090942, 128.023223877, 128.406341553, 128.801086426, 129.18421936, 129.567337036, 129.950469971, 130.321990967, 130.705123901, 131.076644897, 131.448165894, 131.831283569, 132.214416504, 132.5859375, 132.969070435, 133.352203369, 133.735321045, 134.118453979, 134.501586914, 134.87310791, 135.256240845, 135.627746582, 135.999267578, 136.382400513, 136.765533447, 137.148666382, 137.531784058, 137.914916992, 138.298049927, 138.681182861, 139.052688599, 139.435821533, 139.818954468, 140.190475464, 140.573608398, 140.945129395, 141.32824707, 141.711380005, 142.082901001, 142.466033936, 142.849151611, 143.220672607, 143.603805542, 143.986938477, 144.370071411, 144.753189087, 145.136322021, 145.507843018, 145.879364014, 146.262496948, 146.634017944, 147.01713562, 147.400268555, 147.771789551, 148.143310547, 148.526443481, 148.909561157, 149.292694092, 149.675827026, 150.058959961, 150.442077637, 150.813598633, 151.185119629, 151.568252563, 151.951385498, 152.322906494, 152.70602417, 153.089157104, 153.460678101, 153.843811035, 154.226928711, 154.610061646, 154.99319458, 155.364715576, 155.747848511, 156.130966187, 156.514099121, 156.897232056, 157.268753052, 157.651885986, 158.035003662, 158.406524658, 158.778045654, 159.161178589, 159.544311523, 159.915817261, 160.287338257, 160.68208313, 161.065216064, 161.448348999, 161.819854736, 162.202987671, 162.586120605, 162.96925354, 163.352371216, 163.723892212, 164.095413208, 164.478546143, 164.861679077, 165.244796753, 165.627929688, 165.999450684, 166.382583618, 166.754104614, 167.137237549, 167.520355225, 167.903488159, 168.275009155, 168.669754028, 169.041259766, 169.4243927, 169.807525635, 170.179046631, 170.562179565, 170.945297241, 171.328430176, 171.71156311, 172.083084106, 172.454605103, 172.849334717, 173.220855713, 173.592376709, 173.975509644, 174.358642578, 174.741760254, 175.124893188, 175.496414185, 175.867935181, 176.262680054, 176.634185791, 177.028930664, 177.40045166, 177.771972656, 178.155105591, 178.538223267, 178.921356201, 179.304489136, 179.676010132, 180.047531128, 180.430648804, 180.813781738, 181.196914673, 181.580047607, 181.951568604, 182.334686279, 182.717819214, 183.08934021, 183.460861206, 183.843994141, 184.227111816, 184.610244751, 184.993377686, 185.364898682, 185.748016357, 186.131149292, 186.502670288, 186.885803223, 187.268936157, 187.652053833, 188.035186768, 188.406707764, 188.789840698, 189.172973633, 189.556091309, 189.939224243, 190.333969116, 190.72869873, 191.123443604, 191.518188477, 191.924530029, 192.330886841, 192.737228394, 193.143585205],
    "bpm_histogram": [0, 0, 0, 0, 0, 0, 0, 0, 0, 0, 0, 0, 0, 0, 0, 0, 0, 0, 0, 0, 0, 0, 0, 0, 0, 0, 0, 0, 0, 0, 0, 0, 0, 0, 0, 0, 0, 0, 0, 0, 0, 0, 0, 0, 0, 0, 0, 0, 0, 0, 0, 0, 0, 0, 0, 0, 0, 0, 0, 0, 0, 0, 0, 0, 0, 0, 0, 0, 0, 0, 0, 0, 0, 0, 0, 0, 0, 0, 0, 0, 0, 0, 0, 0, 0, 0, 0, 0, 0, 0, 0, 0, 0, 0, 0, 0, 0, 0, 0, 0, 0, 0, 0, 0, 0, 0, 0, 0, 0, 0, 0, 0, 0, 0, 0, 0, 0, 0, 0, 0, 0, 0, 0, 0, 0, 0, 0, 0, 0, 0, 0, 0, 0, 0, 0, 0, 0, 0, 0, 0, 0, 0, 0, 0, 0, 0, 0, 0, 0.00788954645395, 0, 0, 0, 0.0374753437936, 0, 0, 0, 0, 0.644970417023, 0, 0, 0, 0.276134133339, 0.0335305705667, 0, 0, 0, 0, 0, 0, 0, 0, 0, 0, 0, 0, 0, 0, 0, 0, 0, 0, 0, 0, 0, 0, 0, 0, 0, 0, 0, 0, 0, 0, 0, 0, 0, 0, 0, 0, 0, 0, 0, 0, 0, 0, 0, 0, 0, 0, 0, 0, 0, 0, 0, 0, 0, 0, 0, 0, 0, 0, 0, 0, 0, 0, 0, 0, 0, 0, 0, 0, 0, 0, 0, 0, 0, 0, 0, 0, 0, 0, 0, 0, 0, 0, 0, 0, 0, 0, 0]
},
"tonal": {
    "chords_changes_rate": 0.0510668903589,
    "chords_number_rate": 0.0023975064978,
    "chords_strength": {
        "mean": 0.581320881844
    },
    "hpcp_crest": {
        "mean": 12.4933824539
    },
    "hpcp_entropy": {
        "mean": 2.22800397873
    },
    "key_edma": {
        "strength": 0.73991394043,
        "key": "C",
        "scale": "major"
    },
    "key_krumhansl": {
        "strength": 0.75416880846,
        "key": "C",
        "scale": "major"
    },
    "key_temperley": {
        "strength": 0.767320632935,
        "key": "C",
        "scale": "major"
    },
    "tuning_diatonic_strength": 0.648915708065,
    "tuning_equal_tempered_deviation": 0.0195803903043,
    "tuning_frequency": 441.527557373,
    "tuning_nontempered_energy_ratio": 0.716814756393,
    "hpcp": {
        "mean": [0.25671043992, 0.140442013741, 0.0644462332129, 0.0549817234278, 0.057502374053, 0.109186910093, 0.158561438322, 0.147636502981, 0.225721403956, 0.289320468903, 0.178378164768, 0.0931980982423, 0.085577942431, 0.0796153172851, 0.134593516588, 0.206149458885, 0.165947452188, 0.0934091359377, 0.0725921615958, 0.0848711431026, 0.210653424263, 0.31333771348, 0.230259999633, 0.180517375469, 0.173289135098, 0.118512831628, 0.100791431963, 0.0971752032638, 0.0909036323428, 0.175191566348, 0.252833604813, 0.168081969023, 0.0873431116343, 0.0812368318439, 0.094571724534, 0.207812517881]
    },
    "chords_histogram": [34.9556465149, 3.97986102104, 10.7648048401, 0.83912730217, 1.67825460434, 0, 6.80891895294, 0, 1.84608006477, 0, 0.287700802088, 0, 0, 0.575401604176, 0, 1.7741549015, 0.335650920868, 0.167825460434, 0, 0.0959002673626, 0.0239750668406, 7.0726442337, 5.39438962936, 23.3996639252],
    "thpcp": [1, 0.734862089157, 0.576111257076, 0.553042709827, 0.37822714448, 0.321670293808, 0.310129284859, 0.290113925934, 0.559114217758, 0.806904494762, 0.536424338818, 0.27875071764, 0.259262859821, 0.301820427179, 0.663222193718, 0.81927716732, 0.448212921619, 0.205676585436, 0.175471127033, 0.183515653014, 0.348463982344, 0.506040096283, 0.471173733473, 0.720377385616, 0.923350274563, 0.569284081459, 0.297436594963, 0.273117274046, 0.254087895155, 0.42954775691, 0.657914578915, 0.529612123966, 0.298110097647, 0.23167386651, 0.270861566067, 0.672288775444],
    "chords_key": "C",
    "chords_scale": "major"
}
}