{
"metadata": {
    "version": {
        "essentia": "2.1-beta6-dev",
        "essentia_git_sha": "v2.1_beta5-1177-g1d1cc983",
        "extractor": "music 2.0"
    },
    "audio_properties": {
        "analysis": {
            "equal_loudness": 0,
            "length": 233.31199646,
            "sample_rate": 44100,
            "start_time": 0,
            "downmix": "mix"
        },
        "bit_rate": 1411200,
        "length": 233.31199646,
        "lossless": 1,
        "number_channels": 2,
        "replay_gain": -9.42615127563,
        "sample_rate": 44100,
        "codec": "pcm_s16le",
        "md5_encoded": "026246a837f35f746cdf74548fea60bc"
    },
    "tags": {
        "file_name": "08 - All Get Out - Namesake.wav",
        "album": ["No Bouquet"],
        "albumartist": ["All Get Out"],
        "artist": ["All Get Out"],
        "composer": ["Nathan Michael Hussey"],
        "copyright": ["(C) 2018 Equal Vision Records, Inc. (P) 2018 Equal Vision Records, Inc."],
        "date": ["2018"],
        "discnumber": ["1"],
        "disctotal": ["1"],
        "genre": ["Alternative & Indie"],
        "isrc": ["US3X51838808"],
        "title": ["Namesake"],
        "tracknumber": ["8"],
        "tracktotal": ["10"]
    }
},
"lowlevel": {
    "average_loudness": 0.864021420479,
    "barkbands_crest": {
        "mean": 10.0009460449
    },
    "barkbands_flatness_db": {
        "mean": 0.146427482367
    },
    "barkbands_kurtosis": {
        "mean": 11.8034725189
    },
    "barkbands_skewness": {
        "mean": 1.8485404253
    },
    "barkbands_spread": {
        "mean": 24.9092826843
    },
    "dissonance": {
        "mean": 0.466818839312
    },
    "dynamic_complexity": 5.31490182877,
    "erbbands_crest": {
        "mean": 9.10983467102
    },
    "erbbands_flatness_db": {
        "mean": 0.160630166531
    },
    "erbbands_kurtosis": {
        "mean": 2.00584292412
    },
    "erbbands_skewness": {
        "mean": 0.342129945755
    },
    "erbbands_spread": {
        "mean": 40.5405654907
    },
    "hfc": {
        "mean": 21.8838443756
    },
    "loudness_ebu128": {
        "integrated": -12.4963417053,
        "loudness_range": 15.9157485962,
        "momentary": {
            "mean": -16.7234230042
        },
        "short_term": {
            "mean": -15.9240255356
        }
    },
    "melbands_crest": {
        "mean": 15.9204006195
    },
    "melbands_flatness_db": {
        "mean": 0.20794056356
    },
    "melbands_kurtosis": {
        "mean": 30.480386734
    },
    "melbands_skewness": {
        "mean": 3.1710050106
    },
    "melbands_spread": {
        "mean": 25.6818084717
    },
    "pitch_salience": {
        "mean": 0.50183904171
    },
    "silence_rate_20dB": {
        "mean": 1
    },
    "silence_rate_30dB": {
        "mean": 0.99383020401
    },
    "silence_rate_60dB": {
        "mean": 0.208876505494
    },
    "spectral_centroid": {
        "mean": 1495.72851562
    },
    "spectral_complexity": {
        "mean": 22.0464725494
    },
    "spectral_decrease": {
        "mean": -6.52569687176e-09
    },
    "spectral_energy": {
        "mean": 0.0266143735498
    },
    "spectral_energyband_high": {
        "mean": 0.00104416790418
    },
    "spectral_energyband_low": {
        "mean": 0.012332345359
    },
    "spectral_energyband_middle_high": {
        "mean": 0.00602756766602
    },
    "spectral_energyband_middle_low": {
        "mean": 0.0089512206614
    },
    "spectral_entropy": {
        "mean": 7.55323457718
    },
    "spectral_flux": {
        "mean": 0.0751744583249
    },
    "spectral_kurtosis": {
        "mean": 4.60435342789
    },
    "spectral_rms": {
        "mean": 0.00449755555019
    },
    "spectral_rolloff": {
        "mean": 1587.79943848
    },
    "spectral_skewness": {
        "mean": 1.43619632721
    },
    "spectral_spread": {
        "mean": 4384578.5
    },
    "spectral_strongpeak": {
        "mean": 0.606602072716
    },
    "zerocrossingrate": {
        "mean": 0.0602783672512
    },
    "barkbands": {
        "mean": [4.91007886012e-05, 0.00508816400543, 0.00552134681493, 0.00325871445239, 0.00213745585643, 0.000945146020968, 0.000510940619279, 0.000735355599318, 0.00125849992037, 0.00082689570263, 0.000770618615206, 0.000603790394962, 0.000534651917405, 0.000387519859942, 0.000553442398086, 0.000591424293816, 0.000423284247518, 0.000386338069802, 0.000707968953066, 0.000447589787655, 0.000283741304884, 0.000188987585716, 0.000160256910021, 0.000154163644766, 7.11188913556e-05, 1.50580999616e-05, 2.74978856396e-06]
    },
    "erbbands": {
        "mean": [0.0858663618565, 1.39657044411, 5.93082666397, 9.06878757477, 10.2752990723, 5.20047330856, 7.396671772, 7.44775819778, 6.29775524139, 11.6761302948, 17.9431495667, 28.6244869232, 23.452960968, 33.3245811462, 26.8136138916, 22.4425067902, 25.0176334381, 19.7948513031, 27.0763912201, 27.6018638611, 32.7234916687, 25.0435123444, 22.4806900024, 25.0829696655, 38.9531860352, 20.3403244019, 12.7508153915, 10.0031242371, 7.13329935074, 5.12379455566, 4.64559316635, 3.60389518738, 2.29072523117, 1.10210514069, 0.345239758492, 0.0900467634201, 0.0236698798835, 0.00485908752307, 0.000469699065434, 4.91986502311e-05]
    },
    "gfcc": {
        "mean": [-34.8639907837, 89.895111084, -117.750038147, 43.1730499268, -54.910736084, 14.6293725967, -31.8108272552, 8.06885147095, -27.3055534363, -7.90429925919, -18.7757663727, -9.91908740997, -11.1115274429],
        "cov": [[18479.375, -1695.2076416, -871.335205078, 1535.72924805, 98.1510696411, 1153.33740234, 103.933502197, 789.394287109, 311.045715332, 703.610839844, 204.651351929, 160.990493774, -166.970718384], [-1695.2076416, 1396.95495605, -94.1200561523, -352.815490723, 179.792129517, -226.238586426, 171.589477539, -100.034301758, 98.7958908081, -89.7069473267, 89.3173370361, -121.908355713, 115.557159424], [-871.335205078, -94.1200561523, 1388.57189941, 521.789367676, 82.1019897461, 16.2979869843, -132.967834473, -191.212051392, 25.8005580902, 72.0452041626, -1.15945017338, 40.7853851318, -22.1628284454], [1535.72924805, -352.815490723, 521.789367676, 775.237243652, 119.738853455, 131.216949463, -81.7104797363, -10.9413375854, 43.927936554, 90.5797958374, 36.6107978821, 41.2267417908, -28.3063163757], [98.1510696411, 179.792129517, 82.1019897461, 119.738853455, 260.184387207, 42.7887916565, 57.9915046692, 19.4270954132, 57.0572891235, 28.6308193207, 25.6271934509, -12.7136583328, 27.4253120422], [1153.33740234, -226.238586426, 16.2979869843, 131.216949463, 42.7887916565, 240.315689087, 66.6036148071, 76.9025421143, 27.1720142365, 61.5808944702, 3.46664524078, 22.7219371796, -26.8322715759], [103.933502197, 171.589477539, -132.967834473, -81.7104797363, 57.9915046692, 66.6036148071, 210.16973877, 84.2835769653, 33.5515289307, -9.68869590759, 8.84543800354, -11.7750310898, 20.8374500275], [789.394287109, -100.034301758, -191.212051392, -10.9413375854, 19.4270954132, 76.9025421143, 84.2835769653, 174.083236694, 53.9410400391, 30.2154006958, -1.33975422382, 5.73335027695, -8.83917617798], [311.045715332, 98.7958908081, 25.8005580902, 43.927936554, 57.0572891235, 27.1720142365, 33.5515289307, 53.9410400391, 113.443237305, 53.5521202087, 21.941865921, -9.34709262848, 7.19827413559], [703.610839844, -89.7069473267, 72.0452041626, 90.5797958374, 28.6308193207, 61.5808944702, -9.68869590759, 30.2154006958, 53.5521202087, 113.637687683, 32.8994064331, 16.3053073883, -14.3736362457], [204.651351929, 89.3173370361, -1.15945017338, 36.6107978821, 25.6271934509, 3.46664524078, 8.84543800354, -1.33975422382, 21.941865921, 32.8994064331, 78.9001541138, 22.2208366394, 15.2622365952], [160.990493774, -121.908355713, 40.7853851318, 41.2267417908, -12.7136583328, 22.7219371796, -11.7750310898, 5.73335027695, -9.34709262848, 16.3053073883, 22.2208366394, 79.8158798218, 21.8921089172], [-166.970718384, 115.557159424, -22.1628284454, -28.3063163757, 27.4253120422, -26.8322715759, 20.8374500275, -8.83917617798, 7.19827413559, -14.3736362457, 15.2622365952, 21.8921089172, 77.6326293945]],
        "icov": [[0.000146579288412, -0.00010191459296, 0.000204356969334, -0.000358619145118, 0.000204891752219, -0.000448294595117, 0.000186440927791, -0.000395778362872, 0.000219595181989, -0.000650199246593, 5.26681906194e-05, 1.21742823467e-05, -8.24231974548e-05], [-0.00010191459296, 0.00277323601767, -0.00036636547884, 0.00124470028095, -0.00126809952781, 0.00173821661156, -0.00201123324223, 0.00230958429165, -0.00279228202999, 0.00231681857258, -0.0037081297487, 0.00353146600537, -0.00172536843456], [0.000204356969334, -0.00036636547884, 0.00164832617156, -0.00137239659671, 0.000241768197156, -0.000535134226084, 0.000112440873636, 0.00121988879982, -0.000378036405891, -0.00159050093498, 0.00151461665519, -0.00129102717619, 0.000600250903517], [-0.000358619145118, 0.00124470028095, -0.00137239659671, 0.00356789212674, -0.00175408925861, 0.000473281485029, 0.000156142414198, 0.000941938895267, -0.00146046455484, 0.00242126989178, -0.00249604461715, 0.00107976584695, -9.64165228652e-05], [0.000204891752219, -0.00126809952781, 0.000241768197156, -0.00175408925861, 0.00612820778042, -0.00167959183455, -0.00022891710978, -0.00109668297227, -2.16615007957e-05, -0.00190163124353, 0.000782119110227, 0.000570483796764, -0.00171586428769], [-0.000448294595117, 0.00173821661156, -0.000535134226084, 0.000473281485029, -0.00167959183455, 0.00934372283518, -0.00436870707199, 0.00110677792691, -0.000895467761438, -0.000431150838267, -0.000155377827468, -0.000522643676959, 0.00177084666211], [0.000186440927791, -0.00201123324223, 0.000112440873636, 0.000156142414198, -0.00022891710978, -0.00436870707199, 0.0099333235994, -0.00539327412844, 0.00153765908908, 0.000840973400045, 0.00031466857763, -0.000277240382275, -0.00119615753647], [-0.000395778362872, 0.00230958429165, 0.00121988879982, 0.000941938895267, -0.00109668297227, 0.00110677792691, -0.00539327412844, 0.0147380512208, -0.00791470240802, 0.00197787862271, 0.000516790547408, -0.00103892839979, 0.00158971350174], [0.000219595181989, -0.00279228202999, -0.000378036405891, -0.00146046455484, -2.16615007957e-05, -0.000895467761438, 0.00153765908908, -0.00791470240802, 0.0192175097764, -0.00938434991986, 0.00149804807734, 0.00155262532644, -0.00187926448416], [-0.000650199246593, 0.00231681857258, -0.00159050093498, 0.00242126989178, -0.00190163124353, -0.000431150838267, 0.000840973400045, 0.00197787862271, -0.00938434991986, 0.0210358090699, -0.00825751759112, 0.000469325430458, 0.0023599229753], [5.26681906194e-05, -0.0037081297487, 0.00151461665519, -0.00249604461715, 0.000782119110227, -0.000155377827468, 0.00031466857763, 0.000516790547408, 0.00149804807734, -0.00825751759112, 0.0232324246317, -0.010066980496, 0.00140322709922], [1.21742823467e-05, 0.00353146600537, -0.00129102717619, 0.00107976584695, 0.000570483796764, -0.000522643676959, -0.000277240382275, -0.00103892839979, 0.00155262532644, 0.000469325430458, -0.010066980496, 0.024038830772, -0.0104881683365], [-8.24231974548e-05, -0.00172536843456, 0.000600250903517, -9.64165228652e-05, -0.00171586428769, 0.00177084666211, -0.00119615753647, 0.00158971350174, -0.00187926448416, 0.0023599229753, 0.00140322709922, -0.0104881683365, 0.0204215794802]]
    },
    "melbands": {
        "mean": [0.00110223866068, 0.00267604039982, 0.00164888158906, 0.000534828810487, 0.000243163362029, 0.000167152364156, 9.90193148027e-05, 0.000141404394526, 0.000152802138473, 0.00018540682504, 0.000118187264889, 0.000138265590067, 8.83814427652e-05, 6.92107932991e-05, 6.0484806454e-05, 5.29134449607e-05, 3.41807535733e-05, 4.12966983276e-05, 4.32195920439e-05, 3.73701695935e-05, 3.72118956875e-05, 2.57493011304e-05, 2.14138581214e-05, 1.80651950359e-05, 1.90754581126e-05, 3.20437939081e-05, 2.22883172682e-05, 1.1275925317e-05, 7.79960828368e-06, 7.15254691386e-06, 5.37715368409e-06, 4.13235738961e-06, 3.29370050167e-06, 2.6918301046e-06, 2.75319757748e-06, 2.36101391238e-06, 2.13544126382e-06, 1.61015600497e-06, 1.34063702717e-06, 7.99285885478e-07]
    },
    "melbands128": {
        "mean": [4.76570676256e-05, 0.000443938159151, 0.00143712421414, 0.00254866620526, 0.00311893457547, 0.00256984285079, 0.00183893286157, 0.00160288950428, 0.00104189303238, 0.000458786002127, 0.000208373356145, 0.000221276801312, 0.000269701326033, 0.000247654534178, 0.0001924510143, 0.000103567865153, 8.66386544658e-05, 9.31488466449e-05, 0.000129271880724, 0.000106812949525, 0.000183180804015, 0.000146955819218, 0.000140643111081, 0.000178100352059, 0.000164548211615, 0.000248289463343, 8.60137297423e-05, 7.463854854e-05, 0.000183173280675, 0.000120509488625, 0.000155376110342, 0.000113037356641, 4.82359173475e-05, 0.000109473534394, 8.9049412054e-05, 4.77388020954e-05, 4.35504589404e-05, 8.5945619503e-05, 4.72104729852e-05, 5.13652958034e-05, 6.70187946525e-05, 3.06593428832e-05, 3.16979785566e-05, 3.38945937983e-05, 4.22891425842e-05, 4.11760520365e-05, 4.25931575592e-05, 5.36445295438e-05, 3.87731415685e-05, 2.44725069933e-05, 4.28979474236e-05, 4.16548355133e-05, 4.50582483609e-05, 3.41939921782e-05, 2.131110341e-05, 2.78404968412e-05, 2.63914553216e-05, 2.00589292945e-05, 1.96972123376e-05, 2.3844289899e-05, 1.69404738699e-05, 1.43924562508e-05, 1.82549520105e-05, 1.69882605405e-05, 2.60538545263e-05, 3.92692927562e-05, 3.01521649817e-05, 2.62360408669e-05, 2.15732343349e-05, 1.55742691277e-05, 1.05679109765e-05, 1.02256153696e-05, 7.58258147471e-06, 7.34558761906e-06, 7.90046124166e-06, 7.47252988731e-06, 7.24665096641e-06, 5.18429897056e-06, 5.6369349295e-06, 4.75884871776e-06, 4.1548714762e-06, 3.94374001189e-06, 3.80951109946e-06, 3.27133875544e-06, 2.88621822619e-06, 2.51280266639e-06, 2.72927559308e-06, 2.81104803435e-06, 2.75713523479e-06, 2.81609300146e-06, 2.30333944273e-06, 2.25184930969e-06, 2.39779978983e-06, 2.2833373805e-06, 1.84361226729e-06, 1.6827783611e-06, 1.464422553e-06, 1.71682745531e-06, 1.42707688155e-06, 1.1263784927e-06, 9.49442892306e-07, 7.50195397359e-07, 6.27161512057e-07, 4.80853941554e-07, 3.61704820762e-07, 2.76541527455e-07, 2.3539520555e-07, 1.69768284763e-07, 1.3901367879e-07, 1.14483434288e-07, 9.88878809949e-08, 8.64756088959e-08, 6.70454340934e-08, 6.03490590834e-08, 4.72469494639e-08, 4.08373850291e-08, 3.57125067296e-08, 2.88732273646e-08, 2.06732053698e-08, 1.39637750252e-08, 8.73025030046e-09, 5.5976112634e-09, 3.48118156523e-09, 2.62175281485e-09, 2.09949346797e-09, 1.40630629364e-09, 7.39339922617e-10, 4.88653228992e-10]
    },
    "mfcc": {
        "mean": [-672.859313965, 111.607772827, 0.881988048553, 29.1757049561, 4.38845729828, 5.6981883049, 7.13346099854, 7.15491199493, 1.73676776886, 3.31638908386, -8.2471036911, -4.41636419296, -1.9184666872],
        "cov": [[18802.4941406, -1865.7869873, -990.240539551, 322.619232178, 281.363342285, 485.259643555, 401.562042236, 361.730407715, 303.701538086, 685.661743164, 548.148620605, 379.650085449, 261.829620361], [-1865.7869873, 1528.51672363, -247.069915771, -145.038116455, -110.931350708, -125.274894714, -1.52533245087, -61.609752655, 26.7483463287, 16.0569019318, -38.0980834961, -19.5748119354, 41.5968933105], [-990.240539551, -247.069915771, 1083.45495605, 394.548156738, 221.655151367, 216.272720337, -65.6560668945, -83.8117599487, -59.1018600464, -70.9381561279, -9.01340484619, 26.6177101135, -2.40787172318], [322.619232178, -145.038116455, 394.548156738, 500.885101318, 231.551254272, 141.400436401, -3.13272190094, -23.3512802124, -12.8311290741, -4.20669794083, 30.1249065399, 33.2959632874, 15.380941391], [281.363342285, -110.931350708, 221.655151367, 231.551254272, 264.622283936, 122.567230225, -2.79033517838, -21.1197433472, 6.58062696457, 20.1162548065, 31.7196979523, 20.817817688, 19.8247203827], [485.259643555, -125.274894714, 216.272720337, 141.400436401, 122.567230225, 209.593399048, 50.4216423035, 8.35156154633, 14.5271883011, 25.1880645752, 42.8546791077, 32.7593307495, 10.9995336533], [401.562042236, -1.52533245087, -65.6560668945, -3.13272190094, -2.79033517838, 50.4216423035, 125.351448059, 67.8955307007, 37.9466514587, 33.4106407166, 28.0758914948, 10.5765991211, 6.29904603958], [361.730407715, -61.609752655, -83.8117599487, -23.3512802124, -21.1197433472, 8.35156154633, 67.8955307007, 129.257232666, 60.8420448303, 33.0170631409, 19.171251297, 17.3764247894, 7.66013908386], [303.701538086, 26.7483463287, -59.1018600464, -12.8311290741, 6.58062696457, 14.5271883011, 37.9466514587, 60.8420448303, 112.346290588, 66.2982711792, 26.6056556702, 13.7108926773, 18.4243965149], [685.661743164, 16.0569019318, -70.9381561279, -4.20669794083, 20.1162548065, 25.1880645752, 33.4106407166, 33.0170631409, 66.2982711792, 124.45513916, 63.5988998413, 22.6630725861, 19.7654666901], [548.148620605, -38.0980834961, -9.01340484619, 30.1249065399, 31.7196979523, 42.8546791077, 28.0758914948, 19.171251297, 26.6056556702, 63.5988998413, 96.3203353882, 47.2405433655, 15.2201662064], [379.650085449, -19.5748119354, 26.6177101135, 33.2959632874, 20.817817688, 32.7593307495, 10.5765991211, 17.3764247894, 13.7108926773, 22.6630725861, 47.2405433655, 79.4470825195, 38.7671661377], [261.829620361, 41.5968933105, -2.40787172318, 15.380941391, 19.8247203827, 10.9995336533, 6.29904603958, 7.66013908386, 18.4243965149, 19.7654666901, 15.2201662064, 38.7671661377, 78.9909896851]],
        "icov": [[0.000104920247395, 0.000139453535667, 0.000176404908416, -0.000117651383334, 5.33826823812e-05, -0.00018838820688, -6.54339091852e-05, 2.02992614504e-05, 0.000116891060316, -0.000443409779109, -2.00004178623e-05, -0.000196543041966, -0.000192841878743], [0.000139453535667, 0.00096018332988, 0.000315648387186, -0.000155271438416, 0.000245555478614, 0.0001030509884, -0.000536503561307, 0.000917941506486, -0.000302265776554, -0.000714127963874, 0.000322987150867, -0.000291401345748, -0.000720260723028], [0.000176404908416, 0.000315648387186, 0.00200668745674, -0.00109105417505, 0.000130627202452, -0.00185108697042, 0.000939536374062, 0.000404633145081, 9.95629015961e-05, -3.44230575138e-05, 0.00041124978452, -0.000646995031275, -0.000142828270327], [-0.000117651383334, -0.000155271438416, -0.00109105417505, 0.00415612198412, -0.0028161786031, 0.00021999522869, -0.000310658011585, -0.000246858922765, 0.000224973715376, 0.00077849655645, -0.000269629526883, -0.00037840672303, 0.000344474537997], [5.33826823812e-05, 0.000245555478614, 0.000130627202452, -0.0028161786031, 0.00782154034823, -0.00294368853793, 0.00127028231509, 0.000904186570551, -0.000682594371028, -0.000794291205239, -0.000837018247694, 0.00139118114021, -0.00165951310191], [-0.00018838820688, 0.0001030509884, -0.00185108697042, 0.00021999522869, -0.00294368853793, 0.0102700190619, -0.00486954115331, 0.00134079530835, -0.00061196484603, 0.000272934674285, -0.000992277287878, -0.00155829393771, 0.00106831081212], [-6.54339091852e-05, -0.000536503561307, 0.000939536374062, -0.000310658011585, 0.00127028231509, -0.00486954115331, 0.0144921354949, -0.00678851548582, 0.000236682826653, 0.00027945797774, -0.00228601275012, 0.00275006634183, -0.000583853805438], [2.02992614504e-05, 0.000917941506486, 0.000404633145081, -0.000246858922765, 0.000904186570551, 0.00134079530835, -0.00678851548582, 0.0151382815093, -0.0067215654999, 0.000760966620874, 0.0013053661678, -0.00340474536642, 0.00096623157151], [0.000116891060316, -0.000302265776554, 9.95629015961e-05, 0.000224973715376, -0.000682594371028, -0.00061196484603, 0.000236682826653, -0.0067215654999, 0.017248570919, -0.00853012315929, 0.00192798255011, 0.000288517068839, -0.00178139097989], [-0.000443409779109, -0.000714127963874, -3.44230575138e-05, 0.00077849655645, -0.000794291205239, 0.000272934674285, 0.00027945797774, 0.000760966620874, -0.00853012315929, 0.019832758233, -0.0107778860256, 0.00436914013699, -0.00128214468714], [-2.00004178623e-05, 0.000322987150867, 0.00041124978452, -0.000269629526883, -0.000837018247694, -0.000992277287878, -0.00228601275012, 0.0013053661678, 0.00192798255011, -0.0107778860256, 0.0240933839232, -0.012881112285, 0.00429181149229], [-0.000196543041966, -0.000291401345748, -0.000646995031275, -0.00037840672303, 0.00139118114021, -0.00155829393771, 0.00275006634183, -0.00340474536642, 0.000288517068839, 0.00436914013699, -0.012881112285, 0.026029644534, -0.0106158116832], [-0.000192841878743, -0.000720260723028, -0.000142828270327, 0.000344474537997, -0.00165951310191, 0.00106831081212, -0.000583853805438, 0.00096623157151, -0.00178139097989, -0.00128214468714, 0.00429181149229, -0.0106158116832, 0.0189467296004]]
    },
    "spectral_contrast_coeffs": {
        "mean": [-0.682887852192, -0.767621457577, -0.76653367281, -0.801325261593, -0.805892705917, -0.774246692657]
    },
    "spectral_contrast_valleys": {
        "mean": [-7.0921664238, -7.26304101944, -7.72294950485, -7.86601495743, -7.60514259338, -10.3503990173]
    }
},
"rhythm": {
    "beats_count": 538,
    "beats_loudness": {
        "mean": 0.0339932590723
    },
    "bpm": 139.926940918,
    "bpm_histogram_first_peak_bpm": 140,
    "bpm_histogram_first_peak_weight": 0.304093539715,
    "bpm_histogram_second_peak_bpm": 115,
    "bpm_histogram_second_peak_spread": 0.5,
    "bpm_histogram_second_peak_weight": 0.0186219736934,
    "danceability": 0.997834742069,
    "onset_rate": 2.63580036163,
    "beats_loudness_band_ratio": {
        "mean": [0.582848608494, 0.100815042853, 0.10511316359, 0.118193931878, 0.0683163404465, 0.0612650029361]
    },
    "beats_position": [0.441179126501, 0.882358253002, 1.3235373497, 1.764716506, 2.19428563118, 2.62385487556, 3.05342388153, 3.48299312592, 3.9125623703, 4.34213161469, 4.76009082794, 5.17804956436, 5.60761880875, 6.03718805313, 6.46675729752, 6.8963265419, 7.32589578629, 7.75546455383, 8.18503379822, 8.6146030426, 9.04417228699, 9.47374153137, 9.90331077576, 10.3328800201, 10.7624483109, 11.1920175552, 11.6215867996, 12.051156044, 12.4807252884, 12.9102945328, 13.3398637772, 13.7694330215, 14.1990022659, 14.6285715103, 15.0581407547, 15.4877090454, 15.9056682587, 16.3352375031, 16.7648067474, 17.1827659607, 17.6123352051, 18.0419044495, 18.4714736938, 18.9010429382, 19.3306121826, 19.760181427, 20.1897506714, 20.6193199158, 21.0488891602, 21.4784584045, 21.9080276489, 22.3375968933, 22.7555541992, 23.1851234436, 23.614692688, 24.0442619324, 24.4738311768, 24.89179039, 25.3329696655, 25.7625389099, 26.1921081543, 26.6100673676, 27.0396366119, 27.4692058563, 27.8987751007, 28.3283443451, 28.7579135895, 29.1874828339, 29.6054420471, 30.0234012604, 30.4645805359, 30.9057598114, 31.3353290558, 31.7648983002, 32.1944656372, 32.6240348816, 33.053604126, 33.4831733704, 33.9127426147, 34.3307037354, 34.7486610413, 35.1782302856, 35.60779953, 36.0373687744, 36.4669380188, 36.8965072632, 37.3260765076, 37.755645752, 38.1852149963, 38.6147842407, 39.0327415466, 39.462310791, 39.8918800354, 40.309841156, 40.7394104004, 41.1689796448, 41.5985488892, 42.0281181335, 42.4692955017, 42.8988647461, 43.3284339905, 43.7696151733, 44.1991844177, 44.6287536621, 45.046710968, 45.4646720886, 45.894241333, 46.3238105774, 46.7533760071, 47.1829452515, 47.6125144958, 48.0420837402, 48.4716529846, 48.901222229, 49.3307914734, 49.7603607178, 50.1899299622, 50.6194992065, 51.0490684509, 51.4670295715, 51.8965988159, 52.3145561218, 52.7441253662, 53.1736946106, 53.603263855, 54.0328330994, 54.4624023438, 54.8919715881, 55.333152771, 55.7627182007, 56.1922874451, 56.6218566895, 57.0514259338, 57.4693870544, 57.8873443604, 58.305305481, 58.7464828491, 59.1760520935, 59.6172332764, 60.0468025208, 60.4763717651, 60.9175491333, 61.3471183777, 61.7766876221, 62.2062568665, 62.6242179871, 63.0537872314, 63.4833564758, 63.9013137817, 64.3192749023, 64.7604522705, 65.1900177002, 65.6195907593, 66.049156189, 66.478729248, 66.8966903687, 67.3146438599, 67.7442169189, 68.1853942871, 68.6149673462, 69.0445327759, 69.474105835, 69.8920593262, 70.3216323853, 70.7511978149, 71.180770874, 71.6103363037, 72.0399093628, 72.4694747925, 72.8990478516, 73.3286132812, 73.7465744019, 74.1761474609, 74.6057128906, 75.0352783203, 75.4648513794, 75.8828125, 76.3123779297, 76.7419509888, 77.1831283569, 77.6126937866, 78.0422668457, 78.4718322754, 78.9014053345, 79.3425827026, 79.7721557617, 80.2017211914, 80.6312942505, 81.0608596802, 81.4788208008, 81.9083862305, 82.3379592896, 82.7675247192, 83.1970977783, 83.6382751465, 84.0678405762, 84.4974136353, 84.9153747559, 85.3449401855, 85.7629013062, 86.1924667358, 86.6220397949, 87.0516052246, 87.4811782837, 87.9107437134, 88.328704834, 88.7582778931, 89.1878433228, 89.6058044434, 90.035369873, 90.4649429321, 90.8945083618, 91.3240814209, 91.7420425415, 92.1599960327, 92.5895690918, 93.03074646, 93.460319519, 93.8898849487, 94.3194503784, 94.760635376, 95.1902008057, 95.6197738647, 96.037727356, 96.467300415, 96.8852615356, 97.3148269653, 97.7327880859, 98.1739654541, 98.6035385132, 99.0331039429, 99.4510650635, 99.8922424316, 100.321815491, 100.75138092, 101.169342041, 101.598907471, 102.02848053, 102.469657898, 102.899223328, 103.340408325, 103.769973755, 104.199546814, 104.617500305, 105.047073364, 105.476638794, 105.906211853, 106.324172974, 106.765350342, 107.20652771, 107.624488831, 108.05405426, 108.483627319, 108.90158844, 109.342765808, 109.772331238, 110.213516235, 110.643081665, 111.072654724, 111.490608215, 111.920181274, 112.349746704, 112.779319763, 113.197273254, 113.626846313, 114.056411743, 114.474372864, 114.892333984, 115.321899414, 115.751472473, 116.181037903, 116.598999023, 117.028572083, 117.469749451, 117.89931488, 118.328887939, 118.758453369, 119.188026428, 119.617591858, 120.047164917, 120.476730347, 120.906303406, 121.335868835, 121.753829956, 122.183395386, 122.601356506, 123.030929565, 123.460494995, 123.901672363, 124.342857361, 124.772422791, 125.20199585, 125.631561279, 126.061134338, 126.490699768, 126.920272827, 127.349838257, 127.779411316, 128.208984375, 128.638549805, 129.056503296, 129.486068726, 129.904037476, 130.333602905, 130.763168335, 131.192733765, 131.622314453, 132.051879883, 132.481445312, 132.911010742, 133.340591431, 133.77015686, 134.19972229, 134.62928772, 135.04725647, 135.476821899, 135.906387329, 136.324356079, 136.753921509, 137.183486938, 137.613052368, 138.042633057, 138.472198486, 138.913375854, 139.342941284, 139.760910034, 140.190475464, 140.620040894, 141.037994385, 141.455963135, 141.885528564, 142.315093994, 142.744674683, 143.174240112, 143.603805542, 144.033370972, 144.451339722, 144.880905151, 145.310470581, 145.728439331, 146.146392822, 146.564346313, 146.993927002, 147.423492432, 147.841445923, 148.271011353, 148.700592041, 149.130157471, 149.5597229, 150.000900269, 150.442077637, 150.871658325, 151.301223755, 151.742401123, 152.171966553, 152.601531982, 153.042724609, 153.460678101, 153.901855469, 154.331420898, 154.749389648, 155.178955078, 155.596908569, 156.038085938, 156.467666626, 156.897232056, 157.315185547, 157.744766235, 158.174331665, 158.603897095, 159.045074463, 159.474639893, 159.892608643, 160.322174072, 160.751739502, 161.181304932, 161.61088562, 162.028839111, 162.458404541, 162.887985229, 163.317550659, 163.747116089, 164.188293457, 164.617858887, 165.047439575, 165.477005005, 165.906570435, 166.336135864, 166.765716553, 167.183670044, 167.601623535, 168.019592285, 168.437545776, 168.855514526, 169.273468018, 169.703033447, 170.132598877, 170.562179565, 171.003356934, 171.45614624, 171.908935547, 172.361724854, 172.791290283, 173.220855713, 173.650421143, 174.184494019, 174.718551636, 175.252609253, 175.717010498, 176.158187866, 176.587753296, 177.017318726, 177.446884155, 177.888076782, 178.32925415, 178.770431519, 179.18838501, 179.617950439, 180.047531128, 180.477096558, 180.906661987, 181.336227417, 181.765808105, 182.195373535, 182.624938965, 183.042892456, 183.472473145, 183.902038574, 184.331604004, 184.761169434, 185.202362061, 185.63192749, 186.06149292, 186.49105835, 186.920639038, 187.338592529, 187.768157959, 188.197723389, 188.627304077, 189.056869507, 189.486434937, 189.916000366, 190.333969116, 190.763534546, 191.193099976, 191.611068726, 192.040634155, 192.470199585, 192.888153076, 193.329345703, 193.758911133, 194.188476562, 194.606430054, 195.047622681, 195.47718811, 195.90675354, 196.33631897, 196.765899658, 197.183853149, 197.613418579, 198.042984009, 198.472564697, 198.902130127, 199.331695557, 199.761260986, 200.190841675, 200.620407104, 201.038360596, 201.467926025, 201.897506714, 202.338684082, 202.77986145, 203.221038818, 203.662216187, 204.091781616, 204.509750366, 204.939315796, 205.368881226, 205.786849976, 206.216415405, 206.634368896, 207.063934326, 207.493515015, 207.923080444, 208.352645874, 208.782211304, 209.211791992, 209.629745483, 210.047698975, 210.477279663, 210.906845093, 211.324798584, 211.754379272, 212.183944702, 212.62512207, 213.066299438, 213.495864868, 213.925445557, 214.355010986, 214.784576416, 215.225753784, 215.666931152, 216.108108521, 216.549285889, 216.990478516, 217.420043945, 217.849609375, 218.290786743, 218.708755493, 219.138320923, 219.579498291, 220.020675659, 220.450241089, 220.879821777, 221.309387207, 221.727340698, 222.145309448, 222.574874878, 223.016052246, 223.457229614, 223.886795044, 224.397644043, 224.920089722, 225.4425354, 225.953369141, 226.46421814, 226.97505188, 227.497497559, 228.019943237, 228.542404175, 229.053237915, 229.575683594, 230.086532593, 230.597366333, 231.119812012, 231.64225769, 232.164718628, 232.687164307],
    "bpm_histogram": [0, 0, 0, 0, 0, 0, 0, 0, 0, 0, 0, 0, 0, 0, 0, 0, 0, 0, 0, 0, 0, 0, 0, 0, 0, 0, 0, 0, 0, 0, 0, 0, 0, 0, 0, 0, 0, 0, 0, 0, 0, 0, 0, 0, 0, 0, 0, 0, 0, 0, 0, 0, 0, 0, 0, 0, 0, 0, 0, 0, 0, 0, 0, 0, 0, 0, 0, 0, 0, 0, 0, 0, 0, 0, 0, 0, 0, 0, 0, 0, 0, 0, 0, 0, 0, 0, 0, 0, 0, 0, 0, 0, 0, 0, 0, 0, 0, 0, 0, 0, 0, 0, 0, 0, 0, 0, 0, 0, 0, 0, 0, 0, 0.00558659201488, 0, 0, 0.0186219736934, 0, 0.0130353821442, 0, 0, 0, 0, 0, 0, 0, 0, 0, 0, 0, 0.0018621974159, 0, 0, 0, 0.00558659201488, 0, 0, 0.117318436503, 0, 0, 0, 0.664804458618, 0, 0, 0, 0.173184350133, 0, 0, 0, 0, 0, 0, 0, 0, 0, 0, 0, 0, 0, 0, 0, 0, 0, 0, 0, 0, 0, 0, 0, 0, 0, 0, 0, 0, 0, 0, 0, 0, 0, 0, 0, 0, 0, 0, 0, 0, 0, 0, 0, 0, 0, 0, 0, 0, 0, 0, 0, 0, 0, 0, 0, 0, 0, 0, 0, 0, 0, 0, 0, 0, 0, 0, 0, 0, 0, 0, 0, 0, 0, 0, 0, 0, 0, 0, 0, 0, 0, 0, 0, 0, 0, 0, 0, 0, 0, 0, 0, 0, 0, 0, 0, 0, 0, 0, 0, 0, 0, 0, 0, 0, 0]
},
"tonal": {
    "chords_changes_rate": 0.0567164197564,
    "chords_number_rate": 0.00238805962726,
    "chords_strength": {
        "mean": 0.5164514184
    },
    "hpcp_crest": {
        "mean": 13.2601928711
    },
    "hpcp_entropy": {
        "mean": 2.02963590622
    },
    "key_edma": {
        "strength": 0.770973622799,
        "key": "C#",
        "scale": "major"
    },
    "key_krumhansl": {
        "strength": 0.782076001167,
        "key": "C#",
        "scale": "major"
    },
    "key_temperley": {
        "strength": 0.794393599033,
        "key": "C#",
        "scale": "major"
    },
    "tuning_diatonic_strength": 0.648550450802,
    "tuning_equal_tempered_deviation": 0.117040880024,
    "tuning_frequency": 443.060424805,
    "tuning_nontempered_energy_ratio": 0.744570314884,
    "hpcp": {
        "mean": [0.0466110408306, 0.0555106960237, 0.216227844357, 0.290618181229, 0.134654566646, 0.0342381559312, 0.0266969688237, 0.0322248078883, 0.0765388831496, 0.0980347841978, 0.0810444280505, 0.237099736929, 0.303133010864, 0.131073787808, 0.0488836728036, 0.0458272136748, 0.0665270984173, 0.198968201876, 0.235475942492, 0.11496783793, 0.0568768158555, 0.0470331981778, 0.0761725753546, 0.211164802313, 0.240109845996, 0.131111323833, 0.10725248605, 0.113768860698, 0.0831008478999, 0.054748468101, 0.0494460426271, 0.0615869946778, 0.201292127371, 0.271261543036, 0.148167178035, 0.0689726546407]
    },
    "chords_histogram": [31.4626865387, 4.93532323837, 10.3283586502, 0.0995024889708, 3.72139310837, 0, 1.23383080959, 0.258706480265, 2.08955216408, 2.14925384521, 2.20895528793, 0, 0.0199004970491, 0, 0, 0.139303475618, 0, 1.6915422678, 0, 0, 0.119402982295, 14.0696516037, 1.75124382973, 23.7213935852],
    "thpcp": [1, 0.432396948338, 0.161261469126, 0.151178568602, 0.219465047121, 0.656372606754, 0.776807308197, 0.37926530838, 0.187629893422, 0.155156970024, 0.251284331083, 0.696607768536, 0.792094051838, 0.432520776987, 0.353813290596, 0.37531003356, 0.274139881134, 0.180608734488, 0.163116648793, 0.203168228269, 0.664038956165, 0.894859790802, 0.488786011934, 0.2275326401, 0.1537643224, 0.183123230934, 0.71331012249, 0.958715081215, 0.444209516048, 0.112947635353, 0.0880701467395, 0.106305837631, 0.252492725849, 0.323405176401, 0.267356008291, 0.782164037228],
    "chords_key": "C#",
    "chords_scale": "major"
}
}