{
"metadata": {
    "version": {
        "essentia": "2.1-beta6-dev",
        "essentia_git_sha": "v2.1_beta5-1177-g1d1cc983",
        "extractor": "music 2.0"
    },
    "audio_properties": {
        "analysis": {
            "equal_loudness": 0,
            "length": 200.375015259,
            "sample_rate": 44100,
            "start_time": 0,
            "downmix": "mix"
        },
        "bit_rate": 1411200,
        "length": 200.375015259,
        "lossless": 1,
        "number_channels": 2,
        "replay_gain": -13.0418586731,
        "sample_rate": 44100,
        "codec": "pcm_s16le",
        "md5_encoded": "3698c4e9dea34dbc32b366ce115c4a63"
    },
    "tags": {
        "file_name": "05 - All Get Out - Empty Nest.wav",
        "album": ["Nobody Likes A Quitter"],
        "albumartist": ["All Get Out"],
        "artist": ["All Get Out"],
        "composer": ["Nathan Hussey"],
        "copyright": ["2016 Bad Timing Records and Many Hats Distribution 2016 Bad Timing Records and Many Hats Distribution"],
        "date": ["2016"],
        "discnumber": ["1"],
        "disctotal": ["1"],
        "genre": ["Alternative & Indie"],
        "isrc": ["QM87M1604205"],
        "title": ["Empty Nest"],
        "tracknumber": ["5"],
        "tracktotal": ["10"]
    }
},
"lowlevel": {
    "average_loudness": 0.748893916607,
    "barkbands_crest": {
        "mean": 9.32427978516
    },
    "barkbands_flatness_db": {
        "mean": 0.185896992683
    },
    "barkbands_kurtosis": {
        "mean": 3.50358366966
    },
    "barkbands_skewness": {
        "mean": 1.32888686657
    },
    "barkbands_spread": {
        "mean": 14.9316253662
    },
    "dissonance": {
        "mean": 0.441910475492
    },
    "dynamic_complexity": 5.12539196014,
    "erbbands_crest": {
        "mean": 9.9575586319
    },
    "erbbands_flatness_db": {
        "mean": 0.213366240263
    },
    "erbbands_kurtosis": {
        "mean": 1.13816928864
    },
    "erbbands_skewness": {
        "mean": 0.668209910393
    },
    "erbbands_spread": {
        "mean": 27.4953346252
    },
    "hfc": {
        "mean": 17.0643997192
    },
    "loudness_ebu128": {
        "integrated": -10.6825704575,
        "loudness_range": 8.41728782654,
        "momentary": {
            "mean": -13.8418111801
        },
        "short_term": {
            "mean": -12.6692771912
        }
    },
    "melbands_crest": {
        "mean": 12.1513538361
    },
    "melbands_flatness_db": {
        "mean": 0.240902498364
    },
    "melbands_kurtosis": {
        "mean": 9.83761882782
    },
    "melbands_skewness": {
        "mean": 1.84037458897
    },
    "melbands_spread": {
        "mean": 17.2455005646
    },
    "pitch_salience": {
        "mean": 0.579400777817
    },
    "silence_rate_20dB": {
        "mean": 1
    },
    "silence_rate_30dB": {
        "mean": 1
    },
    "silence_rate_60dB": {
        "mean": 0.114586956799
    },
    "spectral_centroid": {
        "mean": 955.583374023
    },
    "spectral_complexity": {
        "mean": 16.8622398376
    },
    "spectral_decrease": {
        "mean": -5.52476953075e-09
    },
    "spectral_energy": {
        "mean": 0.0223994925618
    },
    "spectral_energyband_high": {
        "mean": 0.000434143235907
    },
    "spectral_energyband_low": {
        "mean": 0.00227073277347
    },
    "spectral_energyband_middle_high": {
        "mean": 0.00477650528774
    },
    "spectral_energyband_middle_low": {
        "mean": 0.0160171780735
    },
    "spectral_entropy": {
        "mean": 7.10399627686
    },
    "spectral_flux": {
        "mean": 0.0590781867504
    },
    "spectral_kurtosis": {
        "mean": 11.8817071915
    },
    "spectral_rms": {
        "mean": 0.00426688371226
    },
    "spectral_rolloff": {
        "mean": 1511.81091309
    },
    "spectral_skewness": {
        "mean": 2.28558778763
    },
    "spectral_spread": {
        "mean": 3605908.25
    },
    "spectral_strongpeak": {
        "mean": 1.15868449211
    },
    "zerocrossingrate": {
        "mean": 0.0504096224904
    },
    "barkbands": {
        "mean": [2.16998387259e-07, 0.000194296328118, 0.00105170765892, 0.0023322023917, 0.00312927458435, 0.00182809005491, 0.00240549258888, 0.00340000353754, 0.00274142599665, 0.00130955188069, 0.000596596801188, 0.000972152571194, 0.000293185934424, 0.000320920313243, 0.000347513152519, 0.000213282459299, 0.000249339354923, 0.000330575188855, 0.000171961422893, 0.000133010238642, 8.8811328169e-05, 7.60673719924e-05, 6.21743383817e-05, 8.83585234988e-05, 4.55904810224e-05, 1.63609693118e-05, 1.38556345064e-06]
    },
    "erbbands": {
        "mean": [0.00124412565492, 0.073990367353, 0.949602782726, 4.84498167038, 11.0936822891, 8.30669021606, 12.670337677, 15.0485553741, 28.8056945801, 41.6031990051, 86.6061859131, 61.4132423401, 48.3945121765, 40.366973877, 33.9827690125, 31.3769226074, 14.4446172714, 15.6658687592, 18.0504760742, 14.1829900742, 13.0424461365, 14.2332906723, 19.23478508, 10.6118059158, 8.66350078583, 6.21116876602, 3.45046615601, 3.8708384037, 3.18444466591, 1.43804848194, 1.92630076408, 1.75108933449, 1.48106241226, 0.683881640434, 0.23372477293, 0.0923958644271, 0.0251909960061, 0.00413073785603, 0.000224422401516, 3.39053331118e-05]
    },
    "gfcc": {
        "mean": [-64.6821289062, 123.679046631, -131.293151855, -2.13107180595, -66.8187408447, -8.01788425446, -42.9158744812, 3.20031714439, -32.9973831177, -13.8771858215, -17.9496803284, -15.4779968262, -13.5805978775],
        "cov": [[23738.1191406, -818.55480957, -2368.41308594, 465.303619385, -1594.26855469, 483.156524658, -929.269287109, 1023.6774292, -507.503997803, -66.4612197876, -468.080078125, -473.956817627, -490.855041504], [-818.55480957, 2356.63549805, -660.321411133, -521.706054688, 487.524261475, -417.415130615, 224.721847534, -250.353469849, 104.858512878, -218.08366394, 179.846588135, -164.550170898, 73.2798156738], [-2368.41308594, -660.321411133, 1353.68920898, 160.963943481, -72.5329818726, 261.866119385, -100.682579041, -6.51825284958, -11.3468437195, 104.999664307, -69.5399093628, 90.6717605591, -63.3066635132], [465.303619385, -521.706054688, 160.963943481, 452.4559021, -85.1050796509, 61.1039543152, -62.593372345, 61.0498275757, -22.651599884, 12.8321418762, -20.0868091583, 10.481007576, 5.98617458344], [-1594.26855469, 487.524261475, -72.5329818726, -85.1050796509, 406.712371826, -124.124504089, 119.425697327, -62.9060325623, 76.5539550781, -39.2587547302, 79.2957305908, 0.896385729313, 47.1604042053], [483.156524658, -417.415130615, 261.866119385, 61.1039543152, -124.124504089, 276.490600586, -23.8314056396, 51.6022186279, -0.84324157238, 59.9688529968, -58.6832809448, 20.4157829285, -54.7961502075], [-929.269287109, 224.721847534, -100.682579041, -62.593372345, 119.425697327, -23.8314056396, 247.732299805, -34.1212768555, 74.7001419067, 0.705034971237, 31.1370735168, 24.2482872009, 36.5153808594], [1023.6774292, -250.353469849, -6.51825284958, 61.0498275757, -62.9060325623, 51.6022186279, -34.1212768555, 202.307266235, 9.70575046539, 11.7142391205, -17.5116138458, -21.8119926453, -22.6080207825], [-507.503997803, 104.858512878, -11.3468437195, -22.651599884, 76.5539550781, -0.84324157238, 74.7001419067, 9.70575046539, 152.776397705, 16.7499370575, 6.18942213058, 16.1590137482, 17.1860542297], [-66.4612197876, -218.08366394, 104.999664307, 12.8321418762, -39.2587547302, 59.9688529968, 0.705034971237, 11.7142391205, 16.7499370575, 100.298446655, -15.1070861816, 23.5949478149, -8.28170681], [-468.080078125, 179.846588135, -69.5399093628, -20.0868091583, 79.2957305908, -58.6832809448, 31.1370735168, -17.5116138458, 6.18942213058, -15.1070861816, 99.0355758667, -0.542925000191, 17.0834293365], [-473.956817627, -164.550170898, 90.6717605591, 10.481007576, 0.896385729313, 20.4157829285, 24.2482872009, -21.8119926453, 16.1590137482, 23.5949478149, -0.542925000191, 116.443847656, 20.321641922], [-490.855041504, 73.2798156738, -63.3066635132, 5.98617458344, 47.1604042053, -54.7961502075, 36.5153808594, -22.6080207825, 17.1860542297, -8.28170681, 17.0834293365, 20.321641922, 86.0833816528]],
        "icov": [[0.000283959612716, -0.000471129867947, 0.000702015007846, -0.000530975405127, 0.00064085284248, -0.000647797598504, 0.000707166909706, -0.00120919814799, 0.000602084503043, -0.00050952041056, 0.00097219995223, -0.000411576591432, 0.00092743296409], [-0.000471129867947, 0.00227750954218, -0.00107504124753, 0.00199100817554, -0.00159302109387, 0.00178843818139, -0.00155004917178, 0.00317240552977, -0.00183445878793, 0.00265803234652, -0.00253239134327, 0.00254538981244, -0.00152878148947], [0.000702015007846, -0.00107504124753, 0.0028089818079, -0.00152225489728, 0.00119033909868, -0.00239233928733, 0.00219231750816, -0.0025981485378, 0.00147964269854, -0.00170009233989, 0.00258855498396, -0.00156481249724, 0.00269918888807], [-0.000530975405127, 0.00199100817554, -0.00152225489728, 0.00438233511522, -0.00127199327108, 0.0014663930051, -0.00121420493815, 0.00242200493813, -0.00158494943753, 0.00250882818364, -0.00263565708883, 0.00208639609627, -0.00277704233304], [0.00064085284248, -0.00159302109387, 0.00119033909868, -0.00127199327108, 0.00566030945629, -0.000597222184297, 0.000629973248579, -0.00263463077135, 0.000149099432747, -0.000786820950452, 0.000539068481885, -0.00115562474821, 0.00159419665579], [-0.000647797598504, 0.00178843818139, -0.00239233928733, 0.0014663930051, -0.000597222184297, 0.00815407000482, -0.0027239327319, 0.00244362070225, -0.00201646191999, 0.000317647441989, -0.0010075320024, 0.00133526045829, 0.00055516656721], [0.000707166909706, -0.00155004917178, 0.00219231750816, -0.00121420493815, 0.000629973248579, -0.0027239327319, 0.00764128286391, -0.00271621346474, -0.000239355955273, -0.00194429513067, 0.00197891425341, -0.00227889581583, 0.0010207882151], [-0.00120919814799, 0.00317240552977, -0.0025981485378, 0.00242200493813, -0.00263463077135, 0.00244362070225, -0.00271621346474, 0.0119589427486, -0.00438252324238, 0.00336891761981, -0.00491938041523, 0.00422591296956, -0.00320513732731], [0.000602084503043, -0.00183445878793, 0.00147964269854, -0.00158494943753, 0.000149099432747, -0.00201646191999, -0.000239355955273, -0.00438252324238, 0.0103742033243, -0.00368980434723, 0.0034400545992, -0.0024641843047, 0.00125130964443], [-0.00050952041056, 0.00265803234652, -0.00170009233989, 0.00250882818364, -0.000786820950452, 0.000317647441989, -0.00194429513067, 0.00336891761981, -0.00368980434723, 0.0156924258918, -0.00296205212362, 0.0013893682044, -0.0017437901115], [0.00097219995223, -0.00253239134327, 0.00258855498396, -0.00263565708883, 0.000539068481885, -0.0010075320024, 0.00197891425341, -0.00491938041523, 0.0034400545992, -0.00296205212362, 0.0168379116803, -0.00289877131581, 0.00308920932002], [-0.000411576591432, 0.00254538981244, -0.00156481249724, 0.00208639609627, -0.00115562474821, 0.00133526045829, -0.00227889581583, 0.00422591296956, -0.0024641843047, 0.0013893682044, -0.00289877131581, 0.0133616598323, -0.00420331489295], [0.00092743296409, -0.00152878148947, 0.00269918888807, -0.00277704233304, 0.00159419665579, 0.00055516656721, 0.0010207882151, -0.00320513732731, 0.00125130964443, -0.0017437901115, 0.00308920932002, -0.00420331489295, 0.0185513570905]]
    },
    "melbands": {
        "mean": [2.88818937406e-05, 0.000393092253944, 0.00104481773451, 0.000715195492376, 0.000408834661357, 0.000332257448463, 0.000462709256681, 0.000496442080475, 0.000675743678585, 0.000370301131625, 0.000243307033088, 0.000172599058715, 0.000104534366983, 0.000128886473249, 3.7039808376e-05, 2.84186007775e-05, 2.86368485831e-05, 2.80250878859e-05, 2.56243693002e-05, 1.38321402119e-05, 1.54970184667e-05, 1.34033671202e-05, 1.79107519216e-05, 1.60979980137e-05, 7.57569887355e-06, 6.60921705276e-06, 5.68775249121e-06, 3.74288310923e-06, 2.07730840884e-06, 2.10122652788e-06, 2.29028341892e-06, 1.99692317437e-06, 1.06767129182e-06, 7.37696041142e-07, 1.13876455998e-06, 1.04894502329e-06, 1.09917880309e-06, 1.09387383418e-06, 8.59030080846e-07, 4.82240011479e-07]
    },
    "melbands128": {
        "mean": [1.56739289991e-07, 7.06784248905e-07, 1.28301489895e-05, 0.000132274872158, 0.000351680937456, 0.000566685688682, 0.0009193571168, 0.00124791974667, 0.00121389946435, 0.000728161889128, 0.000361966987839, 0.000353095558239, 0.000483564857859, 0.000391768058762, 0.000325899018208, 0.00032519758679, 0.000282755820081, 0.000630924885627, 0.000435113266576, 0.000468397745863, 0.000396521150833, 0.000942480517551, 0.000723309582099, 0.000399211858166, 0.00043074140558, 0.000282309105387, 0.000448770588264, 0.000124236787087, 0.000206807701034, 0.000261704088189, 0.000105857237941, 0.000102263773442, 0.000127691222588, 4.46382800874e-05, 0.000216572108911, 0.000126936196466, 4.89916601509e-05, 2.14811570913e-05, 4.67847094114e-05, 2.58199124801e-05, 1.53241780936e-05, 4.64144104626e-05, 2.65189883066e-05, 1.8810860638e-05, 3.33507196046e-05, 2.38566899498e-05, 3.20093749906e-05, 3.17741942126e-05, 1.93812156795e-05, 1.68394581124e-05, 1.21988323372e-05, 9.44413295656e-06, 2.13912935578e-05, 1.41799810081e-05, 1.24691232486e-05, 1.19451142382e-05, 1.4689992895e-05, 1.85613407666e-05, 1.9726854589e-05, 1.72562758962e-05, 1.95489283215e-05, 1.13580899779e-05, 7.32041416995e-06, 6.42701297693e-06, 8.35079390527e-06, 5.79334619033e-06, 6.34045181869e-06, 6.47311344437e-06, 5.42885527466e-06, 4.9224936447e-06, 4.00552062274e-06, 3.07979416903e-06, 2.30229466069e-06, 1.85877183867e-06, 1.81824964329e-06, 2.05289188671e-06, 2.24743689614e-06, 2.32652678278e-06, 2.32261277233e-06, 2.22116068471e-06, 2.12069562622e-06, 1.95476945919e-06, 1.57842157478e-06, 1.07797086457e-06, 5.25488360381e-07, 4.79722075397e-07, 8.80837490058e-07, 1.09304642137e-06, 1.18743582789e-06, 1.15121088129e-06, 1.091811896e-06, 1.00632803424e-06, 9.89682121144e-07, 1.07288258278e-06, 1.20856498143e-06, 1.15660679967e-06, 1.06239099296e-06, 1.00621207366e-06, 9.48462854922e-07, 7.59066153933e-07, 5.45837451682e-07, 4.53951770396e-07, 3.70673717498e-07, 3.18658834431e-07, 2.51593320399e-07, 1.9862804379e-07, 1.69710972386e-07, 1.67063220147e-07, 1.6649282486e-07, 1.53149557036e-07, 1.21774490935e-07, 8.92022953281e-08, 7.00616027416e-08, 5.68175373417e-08, 5.23229282123e-08, 4.02825719448e-08, 2.64405155548e-08, 1.61399071885e-08, 8.32513524784e-09, 4.23081036871e-09, 2.49674969588e-09, 1.64129454472e-09, 1.13625164833e-09, 7.85455755992e-10, 5.12528852692e-10, 3.60076995998e-10, 2.33738500777e-10, 7.31048555025e-11]
    },
    "mfcc": {
        "mean": [-700.414123535, 159.656921387, -15.1641798019, 3.19243502617, -8.69332790375, -20.6969242096, -2.78080296516, -5.36267185211, -7.92370510101, -4.41831970215, -11.554019928, -4.99246644974, -10.5181026459],
        "cov": [[17495.9414062, -733.778259277, -347.075531006, -41.6715545654, -180.647323608, -629.293518066, 35.3354072571, 218.150161743, 228.151855469, 420.320892334, -44.8067779541, 124.354095459, -150.394348145], [-733.778259277, 2695.53613281, -792.425415039, -29.3324241638, 6.08599376678, -81.3400878906, 42.8875923157, -30.899810791, -122.510574341, -38.6675415039, -35.4216766357, -57.2166442871, 5.99524402618], [-347.075531006, -792.425415039, 1044.57958984, -62.3196334839, 48.3566970825, 122.476951599, -54.3500442505, -16.98462677, 3.34870553017, -23.3365516663, 9.61489772797, 28.2173957825, -49.3614807129], [-41.6715545654, -29.3324241638, -62.3196334839, 324.755218506, 47.5915184021, -32.9328842163, 12.234120369, 0.197870373726, 5.65193986893, -23.9279842377, -27.9540634155, 5.3346157074, 6.86682224274], [-180.647323608, 6.08599376678, 48.3566970825, 47.5915184021, 215.786743164, -31.4408779144, -8.36765480042, -3.35646820068, -23.3045349121, 13.6156101227, -5.55946016312, 5.71135950089, 0.963209748268], [-629.293518066, -81.3400878906, 122.476951599, -32.9328842163, -31.4408779144, 242.976135254, -12.7756280899, 13.7274589539, 23.9505386353, -11.7899532318, 37.5471839905, 4.06007909775, 19.6683444977], [35.3354072571, 42.8875923157, -54.3500442505, 12.234120369, -8.36765480042, -12.7756280899, 129.633422852, 12.8769159317, -9.66697788239, 7.38405513763, 5.40151691437, 16.1495094299, -0.582854866982], [218.150161743, -30.899810791, -16.98462677, 0.197870373726, -3.35646820068, 13.7274589539, 12.8769159317, 136.848342896, 53.1444244385, 25.4878578186, 36.8559150696, 21.6071681976, 29.9814605713], [228.151855469, -122.510574341, 3.34870553017, 5.65193986893, -23.3045349121, 23.9505386353, -9.66697788239, 53.1444244385, 137.722045898, 50.569858551, 18.6330165863, 17.0869064331, 29.2152862549], [420.320892334, -38.6675415039, -23.3365516663, -23.9279842377, 13.6156101227, -11.7899532318, 7.38405513763, 25.4878578186, 50.569858551, 139.628997803, 32.6491203308, 12.3205547333, 14.8066425323], [-44.8067779541, -35.4216766357, 9.61489772797, -27.9540634155, -5.55946016312, 37.5471839905, 5.40151691437, 36.8559150696, 18.6330165863, 32.6491203308, 103.371086121, 21.2696990967, 6.8658657074], [124.354095459, -57.2166442871, 28.2173957825, 5.3346157074, 5.71135950089, 4.06007909775, 16.1495094299, 21.6071681976, 17.0869064331, 12.3205547333, 21.2696990967, 92.5754318237, 19.3667945862], [-150.394348145, 5.99524402618, -49.3614807129, 6.86682224274, 0.963209748268, 19.6683444977, -0.582854866982, 29.9814605713, 29.2152862549, 14.8066425323, 6.8658657074, 19.3667945862, 101.453742981]],
        "icov": [[7.58179667173e-05, 2.58686959569e-05, 2.59700209426e-05, 1.22605761135e-05, 9.52571135713e-05, 0.000177736423211, 3.78969307349e-05, -0.000132752364152, -2.56305229414e-05, -0.000212505066884, 0.000111821718747, -0.000113973939733, 0.000179340291652], [2.58686959569e-05, 0.000521085574292, 0.000418278214056, 0.00014174185344, -7.94609295554e-05, -2.43907488766e-05, 6.01654676302e-07, -8.84234104888e-05, 0.000383926468203, -5.0250177992e-06, 0.000139628027682, 5.42367997696e-05, 0.000103460799437], [2.59700209426e-05, 0.000418278214056, 0.0014762977371, 0.000333494797815, -0.000448261736892, -0.00063775567105, 0.00041379162576, -1.05668232209e-05, 0.00013818476873, 0.000152657303261, 0.000279836414848, -0.000551169388928, 0.000867087102961], [1.22605761135e-05, 0.00014174185344, 0.000333494797815, 0.00347474985756, -0.00091035279911, 0.000242472931859, -0.000363790459232, -3.05799148919e-05, -0.000633740623016, 0.000869114592206, 0.000754996784963, -0.000279099360341, -3.67077300325e-05], [9.52571135713e-05, -7.94609295554e-05, -0.000448261736892, -0.00091035279911, 0.00542097492144, 0.000863385037519, 0.000609420414548, -0.000456463225419, 0.00140581466258, -0.00144473777618, 0.000224960109335, -0.000433444103692, -0.000217488777707], [0.000177736423211, -2.43907488766e-05, -0.00063775567105, 0.000242472931859, 0.000863385037519, 0.00550645776093, 0.000204990195925, -4.81411625515e-05, -0.000913253577892, 0.000585426983889, -0.00177512736991, 0.000289845658699, -0.000879744300619], [3.78969307349e-05, 6.01654676302e-07, 0.00041379162576, -0.000363790459232, 0.000609420414548, 0.000204990195925, 0.00844526477158, -0.00109423988033, 0.00139607000165, -0.000845123489853, 0.000114468355605, -0.00172801676672, 0.000651891750749], [-0.000132752364152, -8.84234104888e-05, -1.05668232209e-05, -3.05799148919e-05, -0.000456463225419, -4.81411625515e-05, -0.00109423988033, 0.0100554246455, -0.0032751141116, 0.000786266406067, -0.00307757547125, -0.000360625737812, -0.00205333414488], [-2.56305229414e-05, 0.000383926468203, 0.00013818476873, -0.000633740623016, 0.00140581466258, -0.000913253577892, 0.00139607000165, -0.0032751141116, 0.0110037904233, -0.00355933886021, 0.000818027940113, -0.000716484966688, -0.00137882155832], [-0.000212505066884, -5.0250177992e-06, 0.000152657303261, 0.000869114592206, -0.00144473777618, 0.000585426983889, -0.000845123489853, 0.000786266406067, -0.00355933886021, 0.0101166218519, -0.00297321239486, 0.000408567138948, -0.000964537728578], [0.000111821718747, 0.000139628027682, 0.000279836414848, 0.000754996784963, 0.000224960109335, -0.00177512736991, 0.000114468355605, -0.00307757547125, 0.000818027940113, -0.00297321239486, 0.0129004865885, -0.00241774599999, 0.0012815532973], [-0.000113973939733, 5.42367997696e-05, -0.000551169388928, -0.000279099360341, -0.000433444103692, 0.000289845658699, -0.00172801676672, -0.000360625737812, -0.000716484966688, 0.000408567138948, -0.00241774599999, 0.0127279181033, -0.00249621993862], [0.000179340291652, 0.000103460799437, 0.000867087102961, -3.67077300325e-05, -0.000217488777707, -0.000879744300619, 0.000651891750749, -0.00205333414488, -0.00137882155832, -0.000964537728578, 0.0012815532973, -0.00249621993862, 0.0122515717521]]
    },
    "spectral_contrast_coeffs": {
        "mean": [-0.638868689537, -0.726196885109, -0.717978179455, -0.781340479851, -0.779470682144, -0.799668729305]
    },
    "spectral_contrast_valleys": {
        "mean": [-7.44681835175, -6.70966291428, -7.58455228806, -8.22006416321, -8.42951774597, -11.3013782501]
    }
},
"rhythm": {
    "beats_count": 347,
    "beats_loudness": {
        "mean": 0.023978272453
    },
    "bpm": 104.806098938,
    "bpm_histogram_first_peak_bpm": 105,
    "bpm_histogram_first_peak_weight": 0.484567940235,
    "bpm_histogram_second_peak_bpm": 92,
    "bpm_histogram_second_peak_spread": 0.199999988079,
    "bpm_histogram_second_peak_weight": 0.0231213867664,
    "danceability": 0.874917924404,
    "onset_rate": 2.96424627304,
    "beats_loudness_band_ratio": {
        "mean": [0.252540379763, 0.214872866869, 0.344550281763, 0.143902182579, 0.0560878328979, 0.0334196910262]
    },
    "beats_position": [0.580498874187, 1.17260766029, 1.764716506, 2.34521532059, 2.93732428551, 3.51782298088, 4.09832191467, 4.69043064117, 5.27092981339, 5.83981847763, 6.40870714188, 6.97759628296, 7.5464849472, 8.11537361145, 8.68426322937, 9.25315189362, 9.82204055786, 10.4025392532, 10.9830379486, 11.5519275665, 12.1208162308, 12.689704895, 13.2585935593, 13.8390922546, 14.4079818726, 14.9768705368, 15.5573692322, 16.1262588501, 16.6951465607, 17.2640361786, 17.8329238892, 18.4018135071, 18.970703125, 19.5395908356, 20.1084804535, 20.6889801025, 21.2694778442, 21.8383674622, 22.4072551727, 22.9877548218, 23.5566444397, 24.1255321503, 24.7060317993, 25.2749195099, 25.8438091278, 26.4126987457, 26.9815864563, 27.5620861053, 28.142583847, 28.711473465, 29.2803630829, 29.8608608246, 30.4297504425, 31.0102481842, 31.6023578644, 32.1944656372, 32.8562355042, 33.5180053711, 34.1797714233, 34.8299331665, 35.480091095, 36.0722007751, 36.6759185791, 37.2680282593, 37.8601341248, 38.4290237427, 38.9863014221, 39.5668029785, 40.124080658, 40.6929702759, 41.2734680176, 41.8423576355, 42.4228553772, 43.0033569336, 43.5722427368, 44.1411323547, 44.6984100342, 45.2789115906, 45.8594093323, 46.4166870117, 46.9739685059, 47.5428581238, 48.1349639893, 48.7154655457, 49.2959632874, 49.8648529053, 50.4337387085, 51.0026283264, 51.5715179443, 52.152015686, 52.720905304, 53.2897949219, 53.8586845398, 54.4159622192, 54.9848518372, 55.5653495789, 56.1342391968, 56.7031288147, 57.2604064941, 57.8409042358, 58.4097938538, 58.9902954102, 59.5707931519, 60.1396827698, 60.6969604492, 61.2658500671, 61.8231277466, 62.3920173645, 62.9609069824, 63.5297966003, 64.1102905273, 64.6907958984, 65.2712936401, 65.8285675049, 66.3974609375, 66.9663467407, 67.5352401733, 68.115737915, 68.6962356567, 69.2767333984, 69.8456192017, 70.4145126343, 70.995010376, 71.5638961792, 72.1327896118, 72.701675415, 73.2705688477, 73.8278427124, 74.396736145, 74.9656219482, 75.5345077515, 76.1034011841, 76.6722869873, 77.2411804199, 77.8100662231, 78.3905639648, 78.9710617065, 79.5399551392, 80.1204528809, 80.6893386841, 81.2698364258, 81.8387298584, 82.4076156616, 82.9765090942, 83.5453948975, 84.1142807007, 84.6831741333, 85.2520599365, 85.8209533691, 86.3898391724, 86.9587249756, 87.5392303467, 88.1197280884, 88.6886138916, 89.2691116333, 89.8380050659, 90.4068908691, 90.9873886108, 91.5678863525, 92.1367797852, 92.6940536499, 93.2629470825, 93.8434448242, 94.4123306274, 94.9928359985, 95.5617218018, 96.130607605, 96.6995010376, 97.2683868408, 97.825668335, 98.3945541382, 98.9634475708, 99.532333374, 100.101219177, 100.67011261, 101.250610352, 101.819496155, 102.400001526, 102.980499268, 103.560997009, 104.118278503, 104.687164307, 105.25605011, 105.836547852, 106.417053223, 106.985939026, 107.636100769, 108.286254883, 108.936416626, 109.574966431, 110.132240295, 110.701133728, 111.270019531, 111.838912964, 112.407798767, 112.988296509, 113.56879425, 114.137687683, 114.706573486, 115.287071228, 115.855964661, 116.448066711, 117.05178833, 117.667114258, 118.294059753, 118.909385681, 119.524711609, 120.140045166, 120.708930969, 121.277824402, 121.835098267, 122.403991699, 122.972877502, 123.553375244, 124.133872986, 124.714370728, 125.294876099, 125.87537384, 126.455871582, 127.024757385, 127.593650818, 128.139312744, 128.696594238, 129.253875732, 129.822769165, 130.391647339, 130.960540771, 131.541046143, 132.121536255, 132.702041626, 133.282531738, 133.851425171, 134.420318604, 135.000808716, 135.581314087, 136.15020752, 136.719085693, 137.276367188, 137.856872559, 138.425750732, 138.994644165, 139.563537598, 140.13243103, 140.701309204, 141.270202637, 141.839096069, 142.407974243, 142.988479614, 143.557373047, 144.137863159, 144.729980469, 145.32208252, 145.914199829, 146.517913818, 147.121627808, 147.713745117, 148.305847168, 148.886352539, 149.466842651, 150.047348022, 150.616226196, 151.185119629, 151.765625, 152.346115112, 152.938232422, 153.530334473, 154.110839844, 154.691329956, 155.24861145, 155.817504883, 156.386398315, 156.943664551, 157.500946045, 158.069839478, 158.63873291, 159.207611084, 159.776504517, 160.345397949, 160.914276123, 161.471557617, 162.028839111, 162.597732544, 163.155014038, 163.723892212, 164.304397583, 164.861679077, 165.430557251, 165.999450684, 166.579956055, 167.160446167, 167.752563477, 168.344665527, 168.925170898, 169.505661011, 170.086166382, 170.666656494, 171.247161865, 171.827667236, 172.408157349, 172.98866272, 173.569152832, 174.138046265, 174.706939697, 175.264221191, 175.821487427, 176.390380859, 176.959274292, 177.528152466, 178.097045898, 178.67755127, 179.246429443, 179.815322876, 180.395828247, 180.976318359, 181.55682373, 182.137313843, 182.717819214, 183.298324585, 183.878814697, 184.44770813, 185.004989624, 185.562271118, 186.119537354, 186.676818848, 187.234100342, 187.802993774, 188.383483887, 188.963989258, 189.53288269, 190.101760864, 190.693878174, 191.285980225, 191.854873657, 192.42376709, 192.992645264, 193.538314819, 194.095596313, 194.652877808, 195.152099609, 195.65133667, 196.220230103, 196.789108276, 197.358001709, 197.926895142, 198.495773315, 199.064666748, 199.633560181],
    "bpm_histogram": [0, 0, 0, 0, 0, 0, 0, 0, 0, 0, 0, 0, 0, 0, 0, 0, 0, 0, 0, 0, 0, 0, 0, 0, 0, 0, 0, 0, 0, 0, 0, 0, 0, 0, 0, 0, 0, 0, 0, 0, 0, 0, 0, 0, 0, 0, 0, 0, 0, 0, 0, 0, 0, 0, 0, 0, 0, 0, 0, 0, 0, 0, 0, 0, 0, 0, 0, 0, 0, 0, 0, 0, 0, 0, 0, 0, 0, 0, 0, 0, 0, 0, 0, 0, 0, 0, 0, 0, 0, 0, 0, 0.00867052003741, 0.014450866729, 0, 0.0028901733458, 0, 0.0028901733458, 0, 0.0115606933832, 0.0115606933832, 0, 0.0635838136077, 0, 0.289017349482, 0, 0.482658952475, 0, 0, 0.101156070828, 0, 0.00578034669161, 0, 0, 0, 0, 0, 0, 0, 0, 0, 0.00578034669161, 0, 0, 0, 0, 0, 0, 0, 0, 0, 0, 0, 0, 0, 0, 0, 0, 0, 0, 0, 0, 0, 0, 0, 0, 0, 0, 0, 0, 0, 0, 0, 0, 0, 0, 0, 0, 0, 0, 0, 0, 0, 0, 0, 0, 0, 0, 0, 0, 0, 0, 0, 0, 0, 0, 0, 0, 0, 0, 0, 0, 0, 0, 0, 0, 0, 0, 0, 0, 0, 0, 0, 0, 0, 0, 0, 0, 0, 0, 0, 0, 0, 0, 0, 0, 0, 0, 0, 0, 0, 0, 0, 0, 0, 0, 0, 0, 0, 0, 0, 0, 0, 0, 0, 0, 0, 0, 0, 0, 0, 0, 0, 0, 0, 0, 0, 0, 0, 0, 0, 0, 0, 0, 0, 0, 0, 0, 0, 0, 0]
},
"tonal": {
    "chords_changes_rate": 0.0461075082421,
    "chords_number_rate": 0.00231696013361,
    "chords_strength": {
        "mean": 0.520119309425
    },
    "hpcp_crest": {
        "mean": 15.6990776062
    },
    "hpcp_entropy": {
        "mean": 1.6930475235
    },
    "key_edma": {
        "strength": 0.802848160267,
        "key": "D",
        "scale": "major"
    },
    "key_krumhansl": {
        "strength": 0.808670938015,
        "key": "D",
        "scale": "major"
    },
    "key_temperley": {
        "strength": 0.816362559795,
        "key": "D",
        "scale": "major"
    },
    "tuning_diatonic_strength": 0.59954482317,
    "tuning_equal_tempered_deviation": 0.0134480949491,
    "tuning_frequency": 440.254241943,
    "tuning_nontempered_energy_ratio": 0.609923481941,
    "hpcp": {
        "mean": [0.325692296028, 0.163041338325, 0.0297371074557, 0.0273119453341, 0.0401604883373, 0.166671931744, 0.266718924046, 0.147092297673, 0.0344061329961, 0.0251644458622, 0.0241656005383, 0.134914726019, 0.252620100975, 0.17502181232, 0.236706465483, 0.332196354866, 0.161260485649, 0.0447800196707, 0.0373965725303, 0.0578661635518, 0.22813141346, 0.309255182743, 0.146380618215, 0.0477201044559, 0.0434515997767, 0.0500841103494, 0.184171497822, 0.290863722563, 0.177909463644, 0.123064734042, 0.124507054687, 0.0569556802511, 0.0631426498294, 0.0878712013364, 0.0591090545058, 0.195792213082]
    },
    "chords_histogram": [21.7330856323, 5.63021326065, 26.0658016205, 0.301204830408, 3.66079711914, 0, 2.03892493248, 1.83039855957, 3.05838727951, 0.069508805871, 0, 0, 0, 0, 0, 0.185356810689, 0, 0.301204830408, 0, 0.25486561656, 0, 2.34012985229, 10.8433732986, 21.6867465973],
    "thpcp": [1, 0.485437244177, 0.134799852967, 0.112573698163, 0.174192652106, 0.686736643314, 0.930940926075, 0.440644860268, 0.14365029335, 0.130800947547, 0.150766581297, 0.554405510426, 0.875577688217, 0.535555124283, 0.370457798243, 0.374799579382, 0.171451851726, 0.190076291561, 0.264515846968, 0.177934080362, 0.589386999607, 0.980421066284, 0.490798085928, 0.0895166546106, 0.082216270268, 0.120893828571, 0.501727163792, 0.802895367146, 0.442787200212, 0.103571675718, 0.075751721859, 0.0727449283004, 0.406129449606, 0.760454177856, 0.526862502098, 0.712549865246],
    "chords_key": "A",
    "chords_scale": "major"
}
}