{
"metadata": {
    "version": {
        "essentia": "2.1-beta6-dev",
        "essentia_git_sha": "v2.1_beta5-1177-g1d1cc983",
        "extractor": "music 2.0"
    },
    "audio_properties": {
        "analysis": {
            "equal_loudness": 0,
            "length": 164.396026611,
            "sample_rate": 44100,
            "start_time": 0,
            "downmix": "mix"
        },
        "bit_rate": 1411200,
        "length": 164.396026611,
        "lossless": 1,
        "number_channels": 2,
        "replay_gain": -15.7006034851,
        "sample_rate": 44100,
        "codec": "pcm_s16le",
        "md5_encoded": "e55a1cc2675c10b5c6ee2e3109c8b660"
    },
    "tags": {
        "file_name": "04 - All Get Out - Subject to Change.wav",
        "album": ["The Season"],
        "albumartist": ["All Get Out"],
        "artist": ["All Get Out"],
        "copyright": ["2011 All Get Out and Many Hats Distribution 2011 All Get Out and Many Hats Distribution"],
        "date": ["2011"],
        "discnumber": ["1"],
        "disctotal": ["1"],
        "genre": ["Alternative & Indie"],
        "isrc": ["US3DF1112371"],
        "title": ["Subject to Change"],
        "tracknumber": ["4"],
        "tracktotal": ["10"]
    }
},
"lowlevel": {
    "average_loudness": 0.923501610756,
    "barkbands_crest": {
        "mean": 9.27724933624
    },
    "barkbands_flatness_db": {
        "mean": 0.121697641909
    },
    "barkbands_kurtosis": {
        "mean": 8.20832920074
    },
    "barkbands_skewness": {
        "mean": 1.43668746948
    },
    "barkbands_spread": {
        "mean": 27.8904590607
    },
    "dissonance": {
        "mean": 0.473640143871
    },
    "dynamic_complexity": 2.81472277641,
    "erbbands_crest": {
        "mean": 8.42984199524
    },
    "erbbands_flatness_db": {
        "mean": 0.148711547256
    },
    "erbbands_kurtosis": {
        "mean": 0.201614543796
    },
    "erbbands_skewness": {
        "mean": -0.121201850474
    },
    "erbbands_spread": {
        "mean": 42.5511894226
    },
    "hfc": {
        "mean": 24.0922088623
    },
    "loudness_ebu128": {
        "integrated": -6.36524248123,
        "loudness_range": 3.67153549194,
        "momentary": {
            "mean": -7.40432739258
        },
        "short_term": {
            "mean": -6.88174962997
        }
    },
    "melbands_crest": {
        "mean": 13.5906915665
    },
    "melbands_flatness_db": {
        "mean": 0.18262796104
    },
    "melbands_kurtosis": {
        "mean": 14.8112421036
    },
    "melbands_skewness": {
        "mean": 2.6954638958
    },
    "melbands_spread": {
        "mean": 29.6252498627
    },
    "pitch_salience": {
        "mean": 0.532602190971
    },
    "silence_rate_20dB": {
        "mean": 1
    },
    "silence_rate_30dB": {
        "mean": 0.999858796597
    },
    "silence_rate_60dB": {
        "mean": 0.0700466036797
    },
    "spectral_centroid": {
        "mean": 1658.04931641
    },
    "spectral_complexity": {
        "mean": 24.3074417114
    },
    "spectral_decrease": {
        "mean": -7.58994733729e-09
    },
    "spectral_energy": {
        "mean": 0.0308314431459
    },
    "spectral_energyband_high": {
        "mean": 0.000934695650358
    },
    "spectral_energyband_low": {
        "mean": 0.0107820369303
    },
    "spectral_energyband_middle_high": {
        "mean": 0.00699261249974
    },
    "spectral_energyband_middle_low": {
        "mean": 0.0130532514304
    },
    "spectral_entropy": {
        "mean": 7.67474603653
    },
    "spectral_flux": {
        "mean": 0.0909297317266
    },
    "spectral_kurtosis": {
        "mean": 4.4315404892
    },
    "spectral_rms": {
        "mean": 0.00510285701603
    },
    "spectral_rolloff": {
        "mean": 1765.65795898
    },
    "spectral_skewness": {
        "mean": 1.38497817516
    },
    "spectral_spread": {
        "mean": 4430500.5
    },
    "spectral_strongpeak": {
        "mean": 0.924126625061
    },
    "zerocrossingrate": {
        "mean": 0.0671650469303
    },
    "barkbands": {
        "mean": [0.000109155487735, 0.0067234444432, 0.00310233794153, 0.00346324313432, 0.0049421871081, 0.00183292326983, 0.00079912453657, 0.000641340098809, 0.00122682889923, 0.00101297802757, 0.00105440325569, 0.000536413339432, 0.000455090281321, 0.00050291052321, 0.000544444425032, 0.000679470773321, 0.000746286881622, 0.000643222068902, 0.000612842151895, 0.000438411545474, 0.000195453569177, 0.000180174887646, 0.000160236726515, 0.000107949541416, 7.60692637414e-05, 3.76407624572e-05, 6.6981629061e-06]
    },
    "erbbands": {
        "mean": [0.152588516474, 1.65317714214, 3.8104839325, 6.58616733551, 19.9133472443, 12.2632761002, 12.7934484482, 16.8641262054, 12.376282692, 12.0110006332, 16.6546669006, 23.5043792725, 35.437664032, 41.9591331482, 29.0096111298, 19.3617248535, 21.1719894409, 22.2302646637, 28.0846595764, 29.9311847687, 41.1534309387, 46.5008049011, 36.7859725952, 30.7480621338, 31.0141181946, 19.3019142151, 10.0272445679, 6.67635011673, 6.27460193634, 5.77944278717, 4.26414346695, 2.7207403183, 1.60471177101, 0.876834154129, 0.52848893404, 0.217763319612, 0.0578272305429, 0.0110646430403, 0.0011810179567, 8.87353889993e-05]
    },
    "gfcc": {
        "mean": [14.1026506424, 81.5474700928, -121.674453735, 42.3988075256, -46.2236251831, 8.28572463989, -37.9058761597, 10.136343956, -27.533454895, -5.36307477951, -16.6945323944, -2.10791325569, -10.2971687317],
        "cov": [[10637.6210938, -1260.97875977, 665.570739746, 260.987609863, -396.270263672, 927.330444336, -197.18762207, 352.238952637, -138.559707642, 111.4894104, -216.071243286, 314.890075684, -174.537796021], [-1260.97875977, 1088.72338867, -435.129638672, -90.2671966553, 141.399307251, -289.286102295, 84.6656417847, -43.6176261902, 14.0128965378, -74.318321228, 150.296432495, -113.529190063, 123.830696106], [665.570739746, -435.129638672, 1314.79016113, 187.357254028, 7.22387552261, 314.597137451, -127.107246399, 109.902893066, -34.7924194336, 74.0341720581, -85.1847610474, 70.3507080078, -152.357559204], [260.987609863, -90.2671966553, 187.357254028, 386.680297852, 29.8628559113, 161.627029419, 27.2009983063, 51.4668693542, 47.9779663086, 2.88356280327, 37.5866622925, 39.548625946, 28.9709949493], [-396.270263672, 141.399307251, 7.22387552261, 29.8628559113, 246.237258911, -28.401517868, 57.2210845947, 26.9787960052, 16.3179340363, 26.043794632, 29.7068252563, 8.16205024719, 12.4320058823], [927.330444336, -289.286102295, 314.597137451, 161.627029419, -28.401517868, 446.015014648, 95.4012908936, 110.613594055, 4.76086997986, 10.3590536118, -29.1096382141, 47.0802307129, -3.46931028366], [-197.18762207, 84.6656417847, -127.107246399, 27.2009983063, 57.2210845947, 95.4012908936, 208.842666626, 57.2524757385, 33.3254127502, -16.0975971222, 13.7289209366, 6.01789999008, 48.2687263489], [352.238952637, -43.6176261902, 109.902893066, 51.4668693542, 26.9787960052, 110.613594055, 57.2524757385, 211.578735352, 49.4122314453, 23.2294044495, 11.5745162964, 4.58744907379, 14.0626239777], [-138.559707642, 14.0128965378, -34.7924194336, 47.9779663086, 16.3179340363, 4.76086997986, 33.3254127502, 49.4122314453, 133.450073242, 63.8044242859, 23.403886795, 19.5865688324, 17.434305191], [111.4894104, -74.318321228, 74.0341720581, 2.88356280327, 26.043794632, 10.3590536118, -16.0975971222, 23.2294044495, 63.8044242859, 127.751029968, 49.369342804, 44.1645317078, -13.919921875], [-216.071243286, 150.296432495, -85.1847610474, 37.5866622925, 29.7068252563, -29.1096382141, 13.7289209366, 11.5745162964, 23.403886795, 49.369342804, 147.795684814, 43.5727310181, 41.9767379761], [314.890075684, -113.529190063, 70.3507080078, 39.548625946, 8.16205024719, 47.0802307129, 6.01789999008, 4.58744907379, 19.5865688324, 44.1645317078, 43.5727310181, 124.38041687, 23.04438591], [-174.537796021, 123.830696106, -152.357559204, 28.9709949493, 12.4320058823, -3.46931028366, 48.2687263489, 14.0626239777, 17.434305191, -13.919921875, 41.9767379761, 23.04438591, 103.80165863]],
        "icov": [[0.00019482029893, -0.000179493188625, 0.000248076335993, -0.000186447883607, 0.000272594741546, -0.000430966116255, 0.000416275666794, -0.000504620198626, 0.000592776283156, -0.000503719842527, 0.000694308604579, -0.000849606236443, 0.000526337942574], [-0.000179493188625, 0.00262723769993, -0.00064716883935, 0.000916506629437, -0.00129133777227, 0.00134788267314, -0.00105524261016, 0.001136497478, -0.00180928176269, 0.00271751382388, -0.00396741181612, 0.00371283828281, -0.00265680602752], [0.000248076335993, -0.00064716883935, 0.00194825825747, -0.000944812316447, 0.000150794177898, -0.00150865421165, 0.00174066156615, -0.00150477839634, 0.00175820931327, -0.00171679991763, 0.0022505200468, -0.00245252321474, 0.00274727377109], [-0.000186447883607, 0.000916506629437, -0.000944812316447, 0.00436862092465, -0.00127508293372, -0.000802744994871, 0.000181960800546, 0.00116973230615, -0.00346300331876, 0.0035255679395, -0.00340103032067, 0.00165761250537, -0.00206832843833], [0.000272594741546, -0.00129133777227, 0.000150794177898, -0.00127508293372, 0.00585472257808, 0.000435422320152, -0.00143763551023, -0.00144404813182, 0.00241157389246, -0.00333284749649, 0.00224543176591, -0.00223376695067, 0.00148945406545], [-0.000430966116255, 0.00134788267314, -0.00150865421165, -0.000802744994871, 0.000435422320152, 0.0059107830748, -0.00402345694602, 3.09476235998e-05, -2.66011393251e-05, 0.000599796650931, -0.00141640484799, 0.0020349023398, -0.00210484792478], [0.000416275666794, -0.00105524261016, 0.00174066156615, 0.000181960800546, -0.00143763551023, -0.00402345694602, 0.00949168670923, -0.00213980232365, -0.000710791908205, 0.000816895219032, 0.001953846775, -0.00276461569592, 0.000429360574344], [-0.000504620198626, 0.001136497478, -0.00150477839634, 0.00116973230615, -0.00144404813182, 3.09476235998e-05, -0.00213980232365, 0.00814690534025, -0.00443495297804, 0.00224211416207, -0.00366965960711, 0.00444827275351, -0.00313212512992], [0.000592776283156, -0.00180928176269, 0.00175820931327, -0.00346300331876, 0.00241157389246, -2.66011393251e-05, -0.000710791908205, -0.00443495297804, 0.0162410419434, -0.0113867064938, 0.00657442491502, -0.00405998760834, 0.00133183191065], [-0.000503719842527, 0.00271751382388, -0.00171679991763, 0.0035255679395, -0.00333284749649, 0.000599796650931, 0.000816895219032, 0.00224211416207, -0.0113867064938, 0.0203623920679, -0.0105121433735, 0.00159409618936, 0.000683136226144], [0.000694308604579, -0.00396741181612, 0.0022505200468, -0.00340103032067, 0.00224543176591, -0.00141640484799, 0.001953846775, -0.00366965960711, 0.00657442491502, -0.0105121433735, 0.0180323440582, -0.00906289834529, 0.00163111835718], [-0.000849606236443, 0.00371283828281, -0.00245252321474, 0.00165761250537, -0.00223376695067, 0.0020349023398, -0.00276461569592, 0.00444827275351, -0.00405998760834, 0.00159409618936, -0.00906289834529, 0.0186035241932, -0.00847113598138], [0.000526337942574, -0.00265680602752, 0.00274727377109, -0.00206832843833, 0.00148945406545, -0.00210484792478, 0.000429360574344, -0.00313212512992, 0.00133183191065, 0.000683136226144, 0.00163111835718, -0.00847113598138, 0.0193627364933]]
    },
    "melbands": {
        "mean": [0.00166906043887, 0.00204090983607, 0.00170078489464, 0.00113416940439, 0.000465935445391, 0.000362222112017, 0.000190540653421, 0.000134678339236, 0.000134822315886, 0.000164056167705, 0.00018203574291, 0.000172689455212, 0.000118323579954, 6.13316879026e-05, 4.3635511247e-05, 5.05776042701e-05, 3.98822885472e-05, 4.51999549114e-05, 4.57957830804e-05, 4.11145156249e-05, 4.61259951408e-05, 4.99954294355e-05, 3.65926171071e-05, 2.81444226857e-05, 2.42876540142e-05, 2.44266811933e-05, 1.99620662897e-05, 1.11277122414e-05, 6.7190981099e-06, 4.56541602034e-06, 3.62009245691e-06, 3.43537749359e-06, 3.61876982424e-06, 3.10912719215e-06, 2.47145885623e-06, 2.16877083403e-06, 1.47665707573e-06, 1.15711986837e-06, 9.08173035441e-07, 6.7571403406e-07]
    },
    "melbands128": {
        "mean": [9.62075864663e-05, 0.000911043083761, 0.00250964006409, 0.00280042621307, 0.00219919416122, 0.00138128327671, 0.000933396804612, 0.00223545311019, 0.00234924163669, 0.00083674013149, 0.00059426156804, 0.000566091155633, 0.00045148274512, 0.000306218309561, 0.000388803367969, 0.000422200158937, 0.000202058959985, 0.000148308376083, 0.000174436747329, 0.000114201007818, 0.000127028572024, 0.000163842254551, 0.000127891791635, 0.00012844268349, 0.00010641253175, 0.000211318765651, 0.000216587970499, 0.000114732552902, 0.000263738184003, 0.000105599719973, 0.000191531493329, 0.000199649395654, 0.00010822936747, 5.60298358323e-05, 8.78542050486e-05, 5.19241330039e-05, 3.56201308023e-05, 5.94849625486e-05, 2.97533370031e-05, 4.80191229144e-05, 6.06771100138e-05, 4.45880796178e-05, 3.28015339619e-05, 3.35154618369e-05, 6.70608205837e-05, 4.01492179662e-05, 2.79726573353e-05, 6.66574633215e-05, 4.05300270359e-05, 2.6201862056e-05, 4.51825690106e-05, 4.50266925327e-05, 6.5478583565e-05, 3.44231266354e-05, 3.35555487254e-05, 6.7257664341e-05, 4.83369185531e-05, 2.80050044239e-05, 4.10249558627e-05, 3.62207683793e-05, 2.51436595136e-05, 2.33149203268e-05, 2.40791505348e-05, 2.22270973609e-05, 2.99627481581e-05, 2.45978244493e-05, 2.04311545531e-05, 2.42604419327e-05, 2.02368955797e-05, 1.37871365951e-05, 1.0899139852e-05, 1.10327564471e-05, 6.79445429341e-06, 6.61215017317e-06, 5.11722146257e-06, 4.80739390696e-06, 4.42078544438e-06, 3.50860341314e-06, 3.55942597707e-06, 3.53330915459e-06, 3.53402356268e-06, 3.01259797197e-06, 4.05616401622e-06, 3.70664656657e-06, 3.41911777468e-06, 2.96818188872e-06, 3.19717742059e-06, 2.94027540804e-06, 2.23003485189e-06, 2.25783651331e-06, 2.59315720541e-06, 2.04055140784e-06, 1.68041049164e-06, 1.4509820403e-06, 1.43058548474e-06, 1.17171089187e-06, 1.09149686978e-06, 1.13400540158e-06, 9.0791996854e-07, 8.25906226964e-07, 7.19600791399e-07, 6.38477217763e-07, 6.39834695448e-07, 6.27176632406e-07, 7.10748054189e-07, 4.39746827396e-07, 6.09236224136e-07, 4.5287993089e-07, 3.58708263093e-07, 2.89321775426e-07, 2.40029550014e-07, 2.2681547307e-07, 1.53994392349e-07, 1.54164084165e-07, 1.03803543539e-07, 1.0348466617e-07, 6.89888253191e-08, 6.97006186101e-08, 4.08508284977e-08, 3.37372121351e-08, 2.85757266738e-08, 2.36756765304e-08, 1.45351144454e-08, 1.12103197836e-08, 6.58218679561e-09, 4.22867696415e-09, 2.96398727784e-09, 1.06650999143e-09]
    },
    "mfcc": {
        "mean": [-625.145263672, 109.193450928, -11.1737995148, 33.6036224365, 11.3491516113, 1.62595963478, 3.35052347183, 7.43902254105, -2.74934196472, 0.839196264744, -5.40030813217, -4.38108778, -2.74563789368],
        "cov": [[8113.26318359, -856.17401123, 881.916687012, -204.883453369, 83.1547851562, 439.146881104, 56.6704902649, 434.832458496, 58.1521072388, 140.154586792, -8.22397136688, -71.8319168091, 128.183273315], [-856.17401123, 986.650024414, -394.08215332, 43.7453231812, -9.88228130341, -231.149215698, 36.340473175, -137.200469971, -52.5354652405, -40.2400588989, -22.157951355, 22.4127388, -48.9692611694], [881.916687012, -394.08215332, 1053.39453125, -1.18213760853, 192.733169556, 177.538314819, 18.3227043152, 130.071640015, -1.04013252258, 46.553062439, 40.8062438965, -11.5370807648, 53.218460083], [-204.883453369, 43.7453231812, -1.18213760853, 257.054534912, 81.8554763794, -1.71299612522, -3.62563729286, -4.10746145248, -4.21506786346, -17.4661598206, 17.2733650208, 31.0356636047, 29.5780181885], [83.1547851562, -9.88228130341, 192.733169556, 81.8554763794, 215.484237671, 17.4786281586, 27.2567844391, 15.8511190414, 1.75090038776, 20.6743450165, 25.3992576599, 16.9207382202, 34.733669281], [439.146881104, -231.149215698, 177.538314819, -1.71299612522, 17.4786281586, 273.56539917, 43.0242805481, 87.2242431641, 22.8706150055, 22.1676769257, 13.652381897, -16.1118507385, 24.2492027283], [56.6704902649, 36.340473175, 18.3227043152, -3.62563729286, 27.2567844391, 43.0242805481, 185.728210449, 93.1711807251, 29.0221576691, 42.1151351929, -12.9624462128, -9.91767215729, 10.4094171524], [434.832458496, -137.200469971, 130.071640015, -4.10746145248, 15.8511190414, 87.2242431641, 93.1711807251, 187.670547485, 75.145072937, 55.8242988586, -0.527483940125, -16.66340065, 16.286693573], [58.1521072388, -52.5354652405, -1.04013252258, -4.21506786346, 1.75090038776, 22.8706150055, 29.0221576691, 75.145072937, 132.261566162, 69.8747406006, 9.60776901245, -13.6059827805, -1.97927892208], [140.154586792, -40.2400588989, 46.553062439, -17.4661598206, 20.6743450165, 22.1676769257, 42.1151351929, 55.8242988586, 69.8747406006, 135.561248779, 30.0713920593, 1.77375221252, 16.4944515228], [-8.22397136688, -22.157951355, 40.8062438965, 17.2733650208, 25.3992576599, 13.652381897, -12.9624462128, -0.527483940125, 9.60776901245, 30.0713920593, 100.007522583, 46.6782646179, 10.6267938614], [-71.8319168091, 22.4127388, -11.5370807648, 31.0356636047, 16.9207382202, -16.1118507385, -9.91767215729, -16.66340065, -13.6059827805, 1.77375221252, 46.6782646179, 93.7770385742, 42.9683761597], [128.183273315, -48.9692611694, 53.218460083, 29.5780181885, 34.733669281, 24.2492027283, 10.4094171524, 16.286693573, -1.97927892208, 16.4944515228, 10.6267938614, 42.9683761597, 98.5757217407]],
        "icov": [[0.000163951932336, 3.10747491312e-05, -4.44560719188e-05, 0.000134175497806, -3.94722410419e-05, -0.000100545177702, 0.000185637327377, -0.000396426068619, 0.000200320297154, -9.62745107245e-05, 4.77852881886e-05, 8.35780010675e-05, -0.000150932013639], [3.10747491312e-05, 0.00159234809689, 0.000351065973518, -0.000192633771803, -0.000272995908745, 0.000892461917829, -0.000985533348285, 0.000783713592682, 0.000222771544941, -4.44637371402e-05, 0.000152790496941, -0.000335400662152, 0.000611763680354], [-4.44560719188e-05, 0.000351065973518, 0.00157567323186, 0.000347706896719, -0.00142880051862, -0.000345553155057, 0.000452234729892, -0.00090330617968, 0.000837761268485, -0.000179703216418, -0.000371347123291, 0.000414340029238, -0.0001265341416], [0.000134175497806, -0.000192633771803, 0.000347706896719, 0.00498829968274, -0.00213333265856, -0.000297164253425, 0.000614022719674, -0.000793874147348, -0.000251046032645, 0.0011497118976, -0.000274454097962, -0.000698381627444, -0.000926942913793], [-3.94722410419e-05, -0.000272995908745, -0.00142880051862, -0.00213333265856, 0.00714295962825, 0.00041174821672, -0.00137430545874, 0.00115971360356, -0.000339395424817, -0.000452066888101, -0.0010945557151, 0.000548837706447, -0.00138984085061], [-0.000100545177702, 0.000892461917829, -0.000345553155057, -0.000297164253425, 0.00041174821672, 0.00540734222159, -0.00108459498733, -0.000901699298993, 0.000152443171828, 0.000530034652911, -0.0013655734947, 0.0014679619344, -0.000940231373534], [0.000185637327377, -0.000985533348285, 0.000452234729892, 0.000614022719674, -0.00137430545874, -0.00108459498733, 0.00892638787627, -0.00536560593173, 0.00175265246071, -0.00197976455092, 0.00165238394402, -0.000152247710503, -0.000209728226764], [-0.000396426068619, 0.000783713592682, -0.00090330617968, -0.000793874147348, 0.00115971360356, -0.000901699298993, -0.00536560593173, 0.0126137733459, -0.0054385480471, 6.348612078e-05, 0.000304305111058, 0.000165283985552, -0.000298247352475], [0.000200320297154, 0.000222771544941, 0.000837761268485, -0.000251046032645, -0.000339395424817, 0.000152443171828, 0.00175265246071, -0.0054385480471, 0.0134514588863, -0.00574551522732, -0.000265829236014, 0.00135560077615, 0.000938022858463], [-9.62745107245e-05, -4.44637371402e-05, -0.000179703216418, 0.0011497118976, -0.000452066888101, 0.000530034652911, -0.00197976455092, 6.348612078e-05, -0.00574551522732, 0.0123459482566, -0.00395843479782, 0.00147206604015, -0.00231349514797], [4.77852881886e-05, 0.000152790496941, -0.000371347123291, -0.000274454097962, -0.0010945557151, -0.0013655734947, 0.00165238394402, 0.000304305111058, -0.000265829236014, -0.00395843479782, 0.0161799564958, -0.00955401267856, 0.00387071003206], [8.35780010675e-05, -0.000335400662152, 0.000414340029238, -0.000698381627444, 0.000548837706447, 0.0014679619344, -0.000152247710503, 0.000165283985552, 0.00135560077615, 0.00147206604015, -0.00955401267856, 0.0202443450689, -0.00886865984648], [-0.000150932013639, 0.000611763680354, -0.0001265341416, -0.000926942913793, -0.00138984085061, -0.000940231373534, -0.000209728226764, -0.000298247352475, 0.000938022858463, -0.00231349514797, 0.00387071003206, -0.00886865984648, 0.0156379826367]]
    },
    "spectral_contrast_coeffs": {
        "mean": [-0.689973831177, -0.757221460342, -0.755592286587, -0.788396656513, -0.773718297482, -0.764226794243]
    },
    "spectral_contrast_valleys": {
        "mean": [-6.66466617584, -6.94257068634, -7.38940429688, -7.36270236969, -7.14872550964, -10.0608549118]
    }
},
"rhythm": {
    "beats_count": 401,
    "beats_loudness": {
        "mean": 0.0451944172382
    },
    "bpm": 147.464401245,
    "bpm_histogram_first_peak_bpm": 148,
    "bpm_histogram_first_peak_weight": 0.494818627834,
    "bpm_histogram_second_peak_bpm": 136,
    "bpm_histogram_second_peak_spread": 0.5,
    "bpm_histogram_second_peak_weight": 0.00999999977648,
    "danceability": 1.0022521019,
    "onset_rate": 2.40862894058,
    "beats_loudness_band_ratio": {
        "mean": [0.587302446365, 0.154670462012, 0.0879079028964, 0.0868979021907, 0.095642387867, 0.0530014894903]
    },
    "beats_position": [0.441179126501, 0.882358253002, 1.3235373497, 1.764716506, 2.19428563118, 2.61224484444, 3.01859402657, 3.43655323982, 3.85451245308, 4.2492518425, 4.6439909935, 5.05034017563, 5.44507932663, 5.85142850876, 6.24616765976, 6.64090681076, 7.04725599289, 7.45360517502, 7.84834432602, 8.24308395386, 8.63782310486, 9.04417228699, 9.45052146912, 9.84526062012, 10.2399997711, 10.6347389221, 11.0410881042, 11.4474372864, 11.8421764374, 12.2485256195, 12.6548748016, 13.0496139526, 13.4443531036, 13.8390922546, 14.2338323593, 14.6401815414, 15.0465307236, 15.4412698746, 15.8592290878, 16.2539672852, 16.6487064362, 17.0434455872, 17.4497947693, 17.8561439514, 18.2508831024, 18.6456241608, 19.0403633118, 19.4467124939, 19.853061676, 20.247800827, 20.642539978, 21.0488891602, 21.4552383423, 21.8499774933, 22.2447166443, 22.6510658264, 23.0574150085, 23.4521541595, 23.8468933105, 24.2416324615, 24.6479816437, 25.0543308258, 25.4490699768, 25.8438091278, 26.2385482788, 26.6448974609, 27.0512466431, 27.4459857941, 27.8407249451, 28.2470741272, 28.6534233093, 29.0597724915, 29.4545116425, 29.8608608246, 30.2788200378, 30.6967792511, 31.1031284332, 31.5094776154, 31.9274368286, 32.3453979492, 32.7517471313, 33.1580963135, 33.5760536194, 33.9824028015, 34.3887519836, 34.7951011658, 35.2014503479, 35.6194114685, 36.0257606506, 36.4321098328, 36.8500671387, 37.2680282593, 37.6743774414, 38.0807266235, 38.4986839294, 38.91664505, 39.3229942322, 39.7293434143, 40.1356925964, 40.5420417786, 40.9599990845, 41.3779602051, 41.7843093872, 42.1790466309, 42.5737876892, 42.9801368713, 43.3864860535, 43.7928352356, 44.1991844177, 44.6055335999, 45.0002708435, 45.3950119019, 45.801361084, 46.2077102661, 46.6024475098, 46.9971885681, 47.3919258118, 47.7982749939, 48.204624176, 48.5993652344, 48.994102478, 49.4004516602, 49.8068008423, 50.2015419006, 50.5962791443, 50.9910202026, 51.3973693848, 51.7921066284, 52.1984558105, 52.6048049927, 53.0111541748, 53.4058952332, 53.8006324768, 54.1953735352, 54.5901107788, 54.9964599609, 55.4028091431, 55.7975502014, 56.1922874451, 56.6102485657, 57.0049858093, 57.3997268677, 57.8060760498, 58.2008171082, 58.6071662903, 59.0135154724, 59.4198646545, 59.8378219604, 60.2441711426, 60.6621322632, 61.0684814453, 61.4864387512, 61.8927879333, 62.2991371155, 62.7170982361, 63.1234474182, 63.5297966003, 63.9477539062, 64.3657150269, 64.772064209, 65.1784133911, 65.5847625732, 65.9911117554, 66.409072876, 66.8270263672, 67.2333755493, 67.6397247314, 68.0576858521, 68.4640350342, 68.8703842163, 69.2883453369, 69.7062988281, 70.1242599487, 70.5306091309, 70.936958313, 71.3433074951, 71.7496566772, 72.1676177979, 72.57396698, 72.9803161621, 73.3982772827, 73.8162307739, 74.2341918945, 74.6405410767, 75.0468902588, 75.4532394409, 75.859588623, 76.2775497437, 76.6838989258, 77.0902481079, 77.49659729, 77.9029464722, 78.3209075928, 78.738861084, 79.1568222046, 79.5747833252, 79.9811325073, 80.3874816895, 80.8054428101, 81.2233963013, 81.6181411743, 82.0360946655, 82.4424438477, 82.8487930298, 83.2667541504, 83.6731033325, 84.0794525146, 84.4858016968, 84.8921508789, 85.3101119995, 85.7164611816, 86.1228103638, 86.5407714844, 86.9587249756, 87.3650741577, 87.7714233398, 88.1893844604, 88.6073455811, 89.0136947632, 89.4200439453, 89.8380050659, 90.244354248, 90.6623077393, 91.0686569214, 91.486618042, 91.9045791626, 92.3109283447, 92.7172775269, 93.123626709, 93.5299758911, 93.9479370117, 94.3658905029, 94.7722396851, 95.1785888672, 95.5965499878, 96.0145111084, 96.4208602905, 96.8272094727, 97.2451705933, 97.6631240845, 98.0578689575, 98.4758224487, 98.8937835693, 99.3001327515, 99.7064819336, 100.124443054, 100.530792236, 100.937141418, 101.355102539, 101.761451721, 102.167800903, 102.585754395, 103.003715515, 103.410064697, 103.816413879, 104.234375, 104.640724182, 105.047073364, 105.465034485, 105.871383667, 106.277732849, 106.69568634, 107.113647461, 107.519996643, 107.926345825, 108.344306946, 108.750656128, 109.15700531, 109.574966431, 109.981315613, 110.387664795, 110.805618286, 111.211967468, 111.61831665, 112.024665833, 112.431015015, 112.825759888, 113.266937256, 113.731338501, 114.195732117, 114.660133362, 115.112922668, 115.565711975, 116.053329468, 116.54094696, 117.028572083, 117.434921265, 117.841270447, 118.247619629, 118.653968811, 119.060317993, 119.466667175, 119.873016357, 120.267753601, 120.674102783, 121.068840027, 121.463577271, 121.858322144, 122.264671326, 122.671020508, 123.065757751, 123.460494995, 123.866844177, 124.273193359, 124.667930603, 125.062675476, 125.469024658, 125.87537384, 126.270111084, 126.664848328, 127.07119751, 127.477546692, 127.872291565, 128.267028809, 128.673370361, 129.079727173, 129.474472046, 129.86920166, 130.263946533, 130.670288086, 131.076644897, 131.471374512, 131.866119385, 132.272476196, 132.678817749, 133.073562622, 133.468292236, 133.886260986, 134.292602539, 134.698959351, 135.116912842, 135.534866333, 135.941223145, 136.347564697, 136.753921509, 137.160263062, 137.578231812, 137.996185303, 138.402542114, 138.808883667, 139.226852417, 139.621582031, 140.039550781, 140.457504272, 140.863845825, 141.270202637, 141.688156128, 142.106124878, 142.512466431, 142.918823242, 143.325164795, 143.731521606, 144.149475098, 144.567428589, 144.985397339, 145.391738892, 145.798095703, 146.216049194, 146.622406006, 147.040359497, 147.446716309, 147.8646698, 148.271011353, 148.677368164, 149.083709717, 149.490066528, 149.90802002, 150.314376831, 150.720718384, 151.138687134, 151.533416748, 151.951385498, 152.369338989, 152.78729248, 153.20526123, 153.611602783, 154.017959595, 154.424301147, 154.830657959, 155.24861145, 155.654968262, 156.061309814, 156.479278564, 156.874008179, 157.291976929, 157.70993042, 158.116271973, 158.534240723, 158.940582275, 159.335327148, 159.75328064, 160.17124939, 160.589202881, 161.007156372, 161.436737061, 161.854690552, 162.272644043, 162.690612793, 163.108566284, 163.526535034, 163.944488525],
    "bpm_histogram": [0, 0, 0, 0, 0, 0, 0, 0, 0, 0, 0, 0, 0, 0, 0, 0, 0, 0, 0, 0, 0, 0, 0, 0, 0, 0, 0, 0, 0, 0, 0, 0, 0, 0, 0, 0, 0, 0, 0, 0, 0, 0, 0, 0, 0, 0, 0, 0, 0, 0, 0, 0, 0, 0, 0, 0, 0, 0, 0, 0, 0, 0, 0, 0, 0, 0, 0, 0, 0, 0, 0, 0, 0, 0, 0, 0, 0, 0, 0, 0, 0, 0, 0, 0, 0, 0, 0, 0, 0, 0, 0, 0, 0, 0, 0, 0, 0, 0, 0, 0, 0, 0, 0, 0, 0, 0, 0, 0, 0, 0, 0, 0, 0, 0, 0, 0, 0, 0, 0, 0, 0, 0, 0, 0.00749999983236, 0, 0, 0, 0, 0, 0.00749999983236, 0, 0, 0, 0.00499999988824, 0, 0, 0.00999999977648, 0, 0, 0, 0.00499999988824, 0, 0, 0, 0.267500013113, 0, 0, 0, 0.487500011921, 0, 0, 0, 0.209999993443, 0, 0, 0, 0, 0, 0, 0, 0, 0, 0, 0, 0, 0, 0, 0, 0, 0, 0, 0, 0, 0, 0, 0, 0, 0, 0, 0, 0, 0, 0, 0, 0, 0, 0, 0, 0, 0, 0, 0, 0, 0, 0, 0, 0, 0, 0, 0, 0, 0, 0, 0, 0, 0, 0, 0, 0, 0, 0, 0, 0, 0, 0, 0, 0, 0, 0, 0, 0, 0, 0, 0, 0, 0, 0, 0, 0, 0, 0, 0, 0, 0, 0, 0, 0, 0, 0, 0, 0, 0, 0, 0, 0, 0, 0, 0, 0, 0]
},
"tonal": {
    "chords_changes_rate": 0.0629765614867,
    "chords_number_rate": 0.0036712794099,
    "chords_strength": {
        "mean": 0.519858837128
    },
    "hpcp_crest": {
        "mean": 12.5994977951
    },
    "hpcp_entropy": {
        "mean": 2.1519138813
    },
    "key_edma": {
        "strength": 0.792088150978,
        "key": "F#",
        "scale": "major"
    },
    "key_krumhansl": {
        "strength": 0.810254752636,
        "key": "F#",
        "scale": "major"
    },
    "key_temperley": {
        "strength": 0.833002030849,
        "key": "F#",
        "scale": "major"
    },
    "tuning_diatonic_strength": 0.740254163742,
    "tuning_equal_tempered_deviation": 0.0541664734483,
    "tuning_frequency": 439.745910645,
    "tuning_nontempered_energy_ratio": 0.728412270546,
    "hpcp": {
        "mean": [0.060804516077, 0.0450618900359, 0.109582707286, 0.203123256564, 0.163798570633, 0.135595276952, 0.196614816785, 0.156469300389, 0.0961886420846, 0.0998950973153, 0.098612293601, 0.14205648005, 0.217557877302, 0.165751829743, 0.0926625207067, 0.0936114415526, 0.0802684798837, 0.115963235497, 0.168399184942, 0.127416133881, 0.0721704363823, 0.0576314367354, 0.0622415542603, 0.107126116753, 0.160479277372, 0.2069619596, 0.308359473944, 0.352494329214, 0.209026813507, 0.088730327785, 0.076148763299, 0.0777624323964, 0.139040544629, 0.219338327646, 0.169438764453, 0.0864051505923]
    },
    "chords_histogram": [27.7322788239, 5.47867822647, 20.8415699005, 1.21434617043, 2.79582047462, 1.63795542717, 3.44535446167, 0, 2.00508332253, 0, 0.56481218338, 0, 0, 0, 0, 6.49534034729, 0, 0.90369951725, 0, 1.0449025631, 0, 4.26433229446, 12.6235523224, 8.95227336884],
    "thpcp": [1, 0.592993378639, 0.251721292734, 0.21602833271, 0.220606192946, 0.394447594881, 0.622246384621, 0.480685085058, 0.245124936104, 0.172497853637, 0.127837210894, 0.310877919197, 0.576245486736, 0.464684277773, 0.384673655033, 0.557781517506, 0.44389167428, 0.272879958153, 0.283394902945, 0.279755681753, 0.40300360322, 0.617195367813, 0.470225512981, 0.262876629829, 0.265568643808, 0.227715656161, 0.32897901535, 0.477735877037, 0.361470013857, 0.204742118716, 0.16349606216, 0.176574632525, 0.303908765316, 0.455267697573, 0.58713555336, 0.874792695045],
    "chords_key": "F#",
    "chords_scale": "major"
}
}