{
"metadata": {
    "version": {
        "essentia": "2.1-beta6-dev",
        "essentia_git_sha": "v2.1_beta5-1177-g1d1cc983",
        "extractor": "music 2.0"
    },
    "audio_properties": {
        "analysis": {
            "equal_loudness": 0,
            "length": 237.346664429,
            "sample_rate": 44100,
            "start_time": 0,
            "downmix": "mix"
        },
        "bit_rate": 1411200,
        "length": 237.346664429,
        "lossless": 1,
        "number_channels": 2,
        "replay_gain": -9.78859519958,
        "sample_rate": 44100,
        "codec": "pcm_s16le",
        "md5_encoded": "0cbbc54d4d01dcca389ea3ab58efab37"
    },
    "tags": {
        "file_name": "01 - Manchester Orchestra - Top Notch.wav",
        "album": ["HOPE"],
        "albumartist": ["Manchester Orchestra"],
        "artist": ["Manchester Orchestra"],
        "composer": ["Andy Hull"],
        "copyright": ["℗ 2014 Seven Four Entertainment LLC. Manufactured and Distributed by Concord Music Group, Inc."],
        "date": ["2014"],
        "discnumber": ["1"],
        "disctotal": ["1"],
        "genre": ["Rock"],
        "isrc": ["USC4R1400105"],
        "title": ["Top Notch"],
        "tracknumber": ["1"],
        "tracktotal": ["11"]
    }
},
"lowlevel": {
    "average_loudness": 0.631053864956,
    "barkbands_crest": {
        "mean": 9.91855239868
    },
    "barkbands_flatness_db": {
        "mean": 0.228245064616
    },
    "barkbands_kurtosis": {
        "mean": 25.3625335693
    },
    "barkbands_skewness": {
        "mean": 1.06674981117
    },
    "barkbands_spread": {
        "mean": 12.7806739807
    },
    "dissonance": {
        "mean": 0.429803550243
    },
    "dynamic_complexity": 5.33569049835,
    "erbbands_crest": {
        "mean": 9.94611263275
    },
    "erbbands_flatness_db": {
        "mean": 0.232546895742
    },
    "erbbands_kurtosis": {
        "mean": 1.93053674698
    },
    "erbbands_skewness": {
        "mean": 0.493595540524
    },
    "erbbands_spread": {
        "mean": 25.4314556122
    },
    "hfc": {
        "mean": 12.1199588776
    },
    "loudness_ebu128": {
        "integrated": -13.9357042313,
        "loudness_range": 10.4114627838,
        "momentary": {
            "mean": -17.5032711029
        },
        "short_term": {
            "mean": -16.180721283
        }
    },
    "melbands_crest": {
        "mean": 12.8994483948
    },
    "melbands_flatness_db": {
        "mean": 0.316570401192
    },
    "melbands_kurtosis": {
        "mean": 11.8382387161
    },
    "melbands_skewness": {
        "mean": 2.14187669754
    },
    "melbands_spread": {
        "mean": 17.5737419128
    },
    "pitch_salience": {
        "mean": 0.578074097633
    },
    "silence_rate_20dB": {
        "mean": 1
    },
    "silence_rate_30dB": {
        "mean": 0.998434901237
    },
    "silence_rate_60dB": {
        "mean": 0.125501319766
    },
    "spectral_centroid": {
        "mean": 876.032775879
    },
    "spectral_complexity": {
        "mean": 13.1333265305
    },
    "spectral_decrease": {
        "mean": -5.76292302767e-09
    },
    "spectral_energy": {
        "mean": 0.022849932313
    },
    "spectral_energyband_high": {
        "mean": 0.000114965310786
    },
    "spectral_energyband_low": {
        "mean": 0.00571094406769
    },
    "spectral_energyband_middle_high": {
        "mean": 0.00381158362143
    },
    "spectral_energyband_middle_low": {
        "mean": 0.0144791835919
    },
    "spectral_entropy": {
        "mean": 6.60933065414
    },
    "spectral_flux": {
        "mean": 0.0555492341518
    },
    "spectral_kurtosis": {
        "mean": 28.6866836548
    },
    "spectral_rms": {
        "mean": 0.0042075375095
    },
    "spectral_rolloff": {
        "mean": 1302.80480957
    },
    "spectral_skewness": {
        "mean": 3.29496407509
    },
    "spectral_spread": {
        "mean": 3150107.25
    },
    "spectral_strongpeak": {
        "mean": 0.790724039078
    },
    "zerocrossingrate": {
        "mean": 0.0454096794128
    },
    "barkbands": {
        "mean": [1.33629428092e-05, 0.00148337229621, 0.00298243644647, 0.00242453650571, 0.00499532278627, 0.00237120012753, 0.00216167257167, 0.0012187861139, 0.00124471646268, 0.000475386506878, 0.000639858888462, 0.000745641707908, 0.000309113005642, 0.000471440551337, 0.000224532690481, 0.000336798140779, 0.000258986110566, 0.0002604565816, 9.65796716628e-05, 3.2014111639e-05, 2.73499899777e-05, 3.08480884996e-05, 1.24338976093e-05, 1.91316430573e-05, 1.04118244053e-05, 3.20640219797e-06, 3.6586556007e-07]
    },
    "erbbands": {
        "mean": [0.019759580493, 0.449452310801, 2.87879920006, 6.42751502991, 11.4298353195, 19.8605518341, 16.9635314941, 19.6423587799, 19.6438884735, 42.0938186646, 34.8545417786, 21.4695987701, 14.7968626022, 23.6751060486, 19.9823799133, 28.5115356445, 18.7969989777, 22.5016498566, 13.9065160751, 13.1350889206, 19.3789405823, 17.8243427277, 14.9458084106, 7.41725635529, 3.98290014267, 1.40873551369, 0.995050489902, 1.25077152252, 1.26842463017, 0.451368659735, 0.390153735876, 0.351888418198, 0.342981696129, 0.165495425463, 0.0476315766573, 0.0178196225315, 0.00477178860456, 0.00094299443299, 6.37327611912e-05, 2.80167332676e-05]
    },
    "gfcc": {
        "mean": [-108.609596252, 154.13168335, -101.008331299, 9.77613162994, -40.531337738, -5.91525411606, -36.8593902588, -1.45532155037, -21.5981903076, -10.2388792038, -13.1986989975, -7.7282538414, -11.9419660568],
        "cov": [[28867.7167969, 845.238891602, -5513.30078125, 1430.47363281, -1269.48815918, 457.568572998, -1019.87145996, 826.563598633, -483.484802246, 338.226837158, -274.984130859, 185.938461304, -539.528869629], [845.238891602, 3257.92089844, 50.8656082153, -789.362365723, 493.270874023, -443.211273193, 270.46395874, -296.889892578, -30.5136623383, -50.5150947571, 56.6551170349, -193.564605713, 90.5423736572], [-5513.30078125, 50.8656082153, 2223.99829102, -40.4332313538, -19.5135536194, -31.3612003326, 211.902496338, -210.36541748, -16.7965698242, 13.7716579437, 2.46769309044, -63.7089920044, 129.53414917], [1430.47363281, -789.362365723, -40.4332313538, 858.519470215, -111.028831482, 55.4762649536, -113.165267944, 195.816314697, -15.653588295, 16.1494197845, -60.4857406616, 69.4370727539, -3.43972706795], [-1269.48815918, 493.270874023, -19.5135536194, -111.028831482, 517.518737793, -94.9123153687, 87.101524353, -6.90877151489, 77.1278076172, -81.8704071045, 26.1842403412, -25.6625041962, 56.6967697144], [457.568572998, -443.211273193, -31.3612003326, 55.4762649536, -94.9123153687, 350.8253479, 46.18567276, 40.7229652405, -23.8637924194, -3.54214262962, -8.95255184174, 31.3481216431, -61.2135887146], [-1019.87145996, 270.46395874, 211.902496338, -113.165267944, 87.101524353, 46.18567276, 258.865661621, -74.5135574341, -10.4933013916, -16.2151641846, 12.1622591019, -27.3743343353, 12.5527734756], [826.563598633, -296.889892578, -210.36541748, 195.816314697, -6.90877151489, 40.7229652405, -74.5135574341, 261.999633789, 46.0661239624, -30.4539070129, 1.85522651672, 39.612323761, -36.2955932617], [-483.484802246, -30.5136623383, -16.7965698242, -15.653588295, 77.1278076172, -23.8637924194, -10.4933013916, 46.0661239624, 144.761947632, -5.28761529922, 4.83914232254, 8.0902633667, 6.09158372879], [338.226837158, -50.5150947571, 13.7716579437, 16.1494197845, -81.8704071045, -3.54214262962, -16.2151641846, -30.4539070129, -5.28761529922, 189.665725708, -8.78949737549, -19.8546962738, 39.5957603455], [-274.984130859, 56.6551170349, 2.46769309044, -60.4857406616, 26.1842403412, -8.95255184174, 12.1622591019, 1.85522651672, 4.83914232254, -8.78949737549, 90.4641342163, 11.4248867035, -7.05298471451], [185.938461304, -193.564605713, -63.7089920044, 69.4370727539, -25.6625041962, 31.3481216431, -27.3743343353, 39.612323761, 8.0902633667, -19.8546962738, 11.4248867035, 95.7758026123, -4.86958312988], [-539.528869629, 90.5423736572, 129.53414917, -3.43972706795, 56.6967697144, -61.2135887146, 12.5527734756, -36.2955932617, 6.09158372879, 39.5957603455, -7.05298471451, -4.86958312988, 118.832962036]],
        "icov": [[0.000323890242726, -0.000601250561886, 0.00066415918991, -0.000642406987026, 0.000729873310775, -0.00072685041232, 0.000761723320466, -0.000404017482651, 0.000601655978244, -0.000508343044203, 0.000526927120518, -0.000316008459777, 0.000416434806539], [-0.000601250561886, 0.00173281750176, -0.00116663298104, 0.00155695760623, -0.00169278855901, 0.00201823562384, -0.00185836455785, 0.000855751510244, -0.00074537738692, 0.000973141111899, -0.000980462064035, 0.00110994477291, -0.000727124337573], [0.00066415918991, -0.00116663298104, 0.00193662673701, -0.00140910118353, 0.00169042381458, -0.0014330081176, 0.00110673450399, -0.000446007412393, 0.00107729132287, -0.000788693025243, 0.000899049744476, -0.000265939219389, 0.000204717478482], [-0.000642406987026, 0.00155695760623, -0.00140910118353, 0.00316094490699, -0.00157759292051, 0.00179584510624, -0.00145273900125, -0.000422576849815, -0.000408605381381, 0.000759411486797, 7.43299242458e-05, 4.61511772301e-05, -0.000999107491225], [0.000729873310775, -0.00169278855901, 0.00169042381458, -0.00157759292051, 0.00476388121024, -0.00154713040683, 0.000959369819611, -0.00107132911216, -0.000238900189288, 0.000388598971767, 0.000531077210326, -7.67396632e-05, -0.00087203271687], [-0.00072685041232, 0.00201823562384, -0.0014330081176, 0.00179584510624, -0.00154713040683, 0.00602086121216, -0.00342617114075, 0.000441877928097, -0.000534389226232, 0.000791022146586, -0.000568092742469, 7.31741101845e-06, 0.000843142217491], [0.000761723320466, -0.00185836455785, 0.00110673450399, -0.00145273900125, 0.000959369819611, -0.00342617114075, 0.00741786835715, -9.01893581613e-05, 0.00153152423445, -0.000973388087004, 0.000793856510427, -0.000290712225251, 0.000873174227308], [-0.000404017482651, 0.000855751510244, -0.000446007412393, -0.000422576849815, -0.00107132911216, 0.000441877928097, -9.01893581613e-05, 0.00656922347844, -0.00263490760699, 0.00140526669566, -0.00150806480087, 5.92367796344e-05, 0.000322089501424], [0.000601655978244, -0.00074537738692, 0.00107729132287, -0.000408605381381, -0.000238900189288, -0.000534389226232, 0.00153152423445, -0.00263490760699, 0.00974601600319, -0.00175062869675, 0.00141880463343, -0.00132273591589, 0.0010993120959], [-0.000508343044203, 0.000973141111899, -0.000788693025243, 0.000759411486797, 0.000388598971767, 0.000791022146586, -0.000973388087004, 0.00140526669566, -0.00175062869675, 0.00772257335484, -0.00134072767105, 0.00257613067515, -0.00387112470344], [0.000526927120518, -0.000980462064035, 0.000899049744476, 7.43299242458e-05, 0.000531077210326, -0.000568092742469, 0.000793856510427, -0.00150806480087, 0.00141880463343, -0.00134072767105, 0.0133674414828, -0.00316663621925, 0.00210868893191], [-0.000316008459777, 0.00110994477291, -0.000265939219389, 4.61511772301e-05, -7.67396632e-05, 7.31741101845e-06, -0.000290712225251, 5.92367796344e-05, -0.00132273591589, 0.00257613067515, -0.00316663621925, 0.0138629013672, -0.00231048394926], [0.000416434806539, -0.000727124337573, 0.000204717478482, -0.000999107491225, -0.00087203271687, 0.000843142217491, 0.000873174227308, 0.000322089501424, 0.0010993120959, -0.00387112470344, 0.00210868893191, -0.00231048394926, 0.0127283493057]]
    },
    "melbands": {
        "mean": [0.000295784295304, 0.00121730472893, 0.00124671217054, 0.00112645805348, 0.000670761393849, 0.00044663096196, 0.000331677059876, 0.000407142244512, 0.000306542147882, 0.000122457786347, 7.28264494683e-05, 9.40289173741e-05, 7.5905736594e-05, 5.23496055393e-05, 9.58048985922e-05, 2.32334987231e-05, 4.53683423984e-05, 2.27896434808e-05, 1.99859987333e-05, 1.95051943592e-05, 2.08830824704e-05, 1.90281189134e-05, 1.43495035445e-05, 1.09089678517e-05, 5.54847065359e-06, 3.47718560079e-06, 1.88613876162e-06, 7.02364559402e-07, 6.3436829123e-07, 5.44499584976e-07, 8.00487896413e-07, 7.86416535448e-07, 4.63849943344e-07, 1.75382353973e-07, 2.26594565333e-07, 2.08416864211e-07, 2.19056630613e-07, 2.52794990274e-07, 1.98648763217e-07, 1.21625575389e-07]
    },
    "melbands128": {
        "mean": [1.1255926438e-05, 7.55657383706e-05, 0.000359078054316, 0.00081380456686, 0.00133095262572, 0.00149139331188, 0.00130176614039, 0.00119976780843, 0.00111173419282, 0.00112947367597, 0.00121711171232, 0.000792256032582, 0.000507138262037, 0.000571570009924, 0.000414167065173, 0.00042145352927, 0.000334362615831, 0.000195855551283, 0.000430891144788, 0.000672549242154, 0.000230229139561, 0.000179338865564, 0.00038467059494, 0.000381264544558, 7.86792370491e-05, 5.82825341553e-05, 8.81872547325e-05, 5.00063033542e-05, 0.00010361574823, 5.01847607666e-05, 0.000129136053147, 0.000101526151411, 7.53255517338e-05, 4.89980739076e-05, 5.48131720279e-05, 2.78603492916e-05, 7.85742158769e-05, 0.000171177773154, 4.62847638119e-05, 1.55823072419e-05, 1.45647300087e-05, 3.66382737411e-05, 5.76123857172e-05, 3.5480781662e-05, 4.40247313236e-05, 1.13702753879e-05, 1.14832728286e-05, 3.19833270623e-05, 1.64114353538e-05, 1.07229589048e-05, 1.81599989446e-05, 2.98764152831e-05, 2.95213503705e-05, 1.45563426486e-05, 7.34989453122e-06, 3.03198467009e-05, 1.66563204402e-05, 8.59648662299e-06, 1.81699633686e-05, 1.65804540302e-05, 8.84704695636e-06, 8.39165659272e-06, 6.97540235706e-06, 3.97517396777e-06, 4.6087411647e-06, 3.77854439648e-06, 2.36731057157e-06, 3.03516367239e-06, 1.48500987507e-06, 9.02987039808e-07, 6.13656879977e-07, 6.79295396822e-07, 6.17590103502e-07, 6.84903909587e-07, 5.77862863338e-07, 4.48434917644e-07, 5.49282219708e-07, 7.25151494407e-07, 8.65931838234e-07, 8.56231565649e-07, 8.0032191363e-07, 7.5902255503e-07, 7.25736811091e-07, 4.58881203258e-07, 2.48288216653e-07, 1.21722180779e-07, 1.77421156877e-07, 2.06606458164e-07, 2.35669588733e-07, 2.36457452729e-07, 2.19587533934e-07, 1.9831063014e-07, 1.94115912677e-07, 2.16662115804e-07, 2.34628629414e-07, 2.44550818707e-07, 2.72747087138e-07, 2.42889456104e-07, 2.07196251267e-07, 1.76043101874e-07, 1.37203187478e-07, 1.17478592188e-07, 9.5622553431e-08, 7.08847593955e-08, 4.33291802437e-08, 3.28009299722e-08, 3.16699129144e-08, 3.4884134692e-08, 3.16625801133e-08, 2.87740764549e-08, 2.31718395582e-08, 1.69010370143e-08, 1.28878783201e-08, 1.00749755205e-08, 1.09380620117e-08, 9.606401008e-09, 6.52515730337e-09, 4.43616787749e-09, 2.52193843586e-09, 9.2285118436e-10, 5.59371937658e-10, 4.1968775677e-10, 3.24271082208e-10, 2.5138124915e-10, 2.14977910473e-10, 1.8865564666e-10, 1.56252538686e-10, 1.22718946116e-10]
    },
    "mfcc": {
        "mean": [-753.111633301, 189.997940063, 0.642198622227, 22.123664856, 10.8239583969, -3.02267670631, -3.00627660751, 2.07487368584, -4.92346811295, -6.26487970352, -2.18199682236, -2.17291092873, -4.89330816269],
        "cov": [[19155.765625, -951.870544434, -3347.82226562, -162.708114624, -266.958709717, -406.200073242, -449.074737549, 58.1729278564, -232.16317749, 14.4754905701, 197.855239868, 205.640182495, 20.6850090027], [-951.870544434, 3669.45556641, -63.8283233643, -306.195892334, -10.9926185608, 1.32522535324, 105.021659851, -189.064498901, -17.5642337799, 7.0795879364, -38.1368942261, -20.6793308258, 59.2130775452], [-3347.82226562, -63.8283233643, 1871.58325195, 125.29107666, -102.858207703, 168.528564453, 110.018295288, -99.7961349487, 57.5644073486, -27.084154129, -60.2986564636, 0.0437102541327, -13.8533725739], [-162.708114624, -306.195892334, 125.29107666, 574.744262695, 151.532104492, -48.8466682434, 2.13010501862, 9.81180858612, 84.7866744995, -6.13856697083, -14.1847734451, 1.6933504343, 11.08568573], [-266.958709717, -10.9926185608, -102.858207703, 151.532104492, 355.931915283, -55.6331443787, -32.2090911865, 124.508987427, 26.7351570129, 35.2570724487, 9.70450782776, -30.2519435883, -26.443189621], [-406.200073242, 1.32522535324, 168.528564453, -48.8466682434, -55.6331443787, 261.690948486, 92.1782455444, -22.9741134644, 26.2068691254, -8.89114761353, -8.69258403778, -1.25688898563, -21.6904125214], [-449.074737549, 105.021659851, 110.018295288, 2.13010501862, -32.2090911865, 92.1782455444, 208.668930054, 9.91162967682, 17.2599830627, 0.871097743511, -17.2292575836, -1.35406589508, 4.59760046005], [58.1729278564, -189.064498901, -99.7961349487, 9.81180858612, 124.508987427, -22.9741134644, 9.91162967682, 357.303253174, -47.5623550415, 11.8617887497, 55.3720092773, -41.9704704285, -38.5231018066], [-232.16317749, -17.5642337799, 57.5644073486, 84.7866744995, 26.7351570129, 26.2068691254, 17.2599830627, -47.5623550415, 157.942977905, 20.10638237, -21.8412132263, 16.5524520874, 8.64063167572], [14.4754905701, 7.0795879364, -27.084154129, -6.13856697083, 35.2570724487, -8.89114761353, 0.871097743511, 11.8617887497, 20.10638237, 106.43687439, 31.8932209015, -13.046795845, 3.66477680206], [197.855239868, -38.1368942261, -60.2986564636, -14.1847734451, 9.70450782776, -8.69258403778, -17.2292575836, 55.3720092773, -21.8412132263, 31.8932209015, 101.171226501, 3.16733241081, -4.93841028214], [205.640182495, -20.6793308258, 0.0437102541327, 1.6933504343, -30.2519435883, -1.25688898563, -1.35406589508, -41.9704704285, 16.5524520874, -13.046795845, 3.16733241081, 93.9592590332, 16.2148895264], [20.6850090027, 59.2130775452, -13.8533725739, 11.08568573, -26.443189621, -21.6904125214, 4.59760046005, -38.5231018066, 8.64063167572, 3.66477680206, -4.93841028214, 16.2148895264, 78.2391662598]],
        "icov": [[8.78156133695e-05, 1.65961573657e-05, 0.000157412374392, -4.95140229759e-05, 0.000136310030939, 1.18806747196e-05, 0.000103010570456, -6.78841661284e-06, 7.93345170678e-05, -5.09040328325e-05, -2.73816258414e-05, -0.00017702144396, 6.76602576277e-05], [1.65961573657e-05, 0.000316405232297, 3.23954955093e-05, 0.000211543258047, -0.000157803704496, 8.83467509993e-05, -0.000217198423343, 0.000233750950429, 2.67333889497e-05, 5.90558083786e-05, -3.28872156388e-05, 0.000120579083159, -0.000201856615604], [0.000157412374392, 3.23954955093e-05, 0.000889949093107, -0.000288457638817, 0.000431305263191, -0.000285991991404, 4.40411095042e-05, 6.94558839314e-05, 0.000103918391687, -0.000101442950836, 0.000174262037035, -0.000253741891356, 0.000287273374852], [-4.95140229759e-05, 0.000211543258047, -0.000288457638817, 0.0024523078464, -0.00121479912195, 0.000576698512305, -0.000455021159723, 0.000269566196948, -0.00115800264757, 0.000838259642478, -0.000263803987764, 0.000278010615148, -0.000622427440248], [0.000136310030939, -0.000157803704496, 0.000431305263191, -0.00121479912195, 0.00446233665571, 0.000366054155165, 0.000832010933664, -0.00147983804345, -0.000479898240883, -0.00141213450115, 0.000717124319635, 0.00012057278218, 0.00130343448836], [1.18806747196e-05, 8.83467509993e-05, -0.000285991991404, 0.000576698512305, 0.000366054155165, 0.0052432809025, -0.0021489711944, 0.000363132130587, -0.00104280619416, 0.000593586592004, -0.000568992225453, 0.000299633044051, 0.00166939757764], [0.000103010570456, -0.000217198423343, 4.40411095042e-05, -0.000455021159723, 0.000832010933664, -0.0021489711944, 0.00635915016755, -0.00102084246464, -7.05615966581e-05, -0.000796338950749, 0.00126681686379, -0.000397567317123, -0.000774019921664], [-6.78841661284e-06, 0.000233750950429, 6.94558839314e-05, 0.000269566196948, -0.00147983804345, 0.000363132130587, -0.00102084246464, 0.00418093893677, 0.000833868631162, 0.000688848551363, -0.0021376144141, 0.00129247014411, 0.000990947242826], [7.93345170678e-05, 2.67333889497e-05, 0.000103918391687, -0.00115800264757, -0.000479898240883, -0.00104280619416, -7.05615966581e-05, 0.000833868631162, 0.00830441433936, -0.0024013496004, 0.00183691456914, -0.00176457501948, -0.000218299828703], [-5.09040328325e-05, 5.90558083786e-05, -0.000101442950836, 0.000838259642478, -0.00141213450115, 0.000593586592004, -0.000796338950749, 0.000688848551363, -0.0024013496004, 0.012033992447, -0.00459254952148, 0.00241182884201, -0.00118291715626], [-2.73816258414e-05, -3.28872156388e-05, 0.000174262037035, -0.000263803987764, 0.000717124319635, -0.000568992225453, 0.00126681686379, -0.0021376144141, 0.00183691456914, -0.00459254952148, 0.0131876757368, -0.00212086457759, 0.000342234328855], [-0.00017702144396, 0.000120579083159, -0.000253741891356, 0.000278010615148, 0.00012057278218, 0.000299633044051, -0.000397567317123, 0.00129247014411, -0.00176457501948, 0.00241182884201, -0.00212086457759, 0.0127351125702, -0.00203649769537], [6.76602576277e-05, -0.000201856615604, 0.000287273374852, -0.000622427440248, 0.00130343448836, 0.00166939757764, -0.000774019921664, 0.000990947242826, -0.000218299828703, -0.00118291715626, 0.000342234328855, -0.00203649769537, 0.0150151867419]]
    },
    "spectral_contrast_coeffs": {
        "mean": [-0.686202466488, -0.726189732552, -0.748008728027, -0.772614121437, -0.767695963383, -0.792281210423]
    },
    "spectral_contrast_valleys": {
        "mean": [-6.83707857132, -7.26351976395, -8.31341743469, -8.85424518585, -9.40201187134, -12.2307357788]
    }
},
"rhythm": {
    "beats_count": 449,
    "beats_loudness": {
        "mean": 0.0311248600483
    },
    "bpm": 113.875862122,
    "bpm_histogram_first_peak_bpm": 115,
    "bpm_histogram_first_peak_weight": 0.441463410854,
    "bpm_histogram_second_peak_bpm": 110,
    "bpm_histogram_second_peak_spread": 0.368421077728,
    "bpm_histogram_second_peak_weight": 0.0267857145518,
    "danceability": 0.996554374695,
    "onset_rate": 2.42663240433,
    "beats_loudness_band_ratio": {
        "mean": [0.428653329611, 0.322068929672, 0.156203687191, 0.0872883349657, 0.0515035912395, 0.0280544534326]
    },
    "beats_position": [0.510838985443, 1.03328800201, 1.5673469305, 2.10140585899, 2.63546490669, 3.15791368484, 3.66875267029, 4.17959165573, 4.71365070343, 5.24770975113, 5.7701587677, 6.29260778427, 6.81505680084, 7.33750534058, 7.87156438828, 8.40562343597, 8.93968200684, 9.47374153137, 9.99619007111, 10.5186395645, 11.0410881042, 11.5635375977, 12.0975961685, 12.6200447083, 13.1424942017, 13.6649427414, 14.1990022659, 14.7330608368, 15.2555103302, 15.7663488388, 16.3004074097, 16.8344669342, 17.3685264587, 17.8793640137, 18.3785934448, 18.877822876, 19.4351024628, 19.96916008, 20.4916095734, 21.0140590668, 21.548116684, 22.0821762085, 22.616235733, 23.1386852264, 23.6611328125, 24.1835823059, 24.7060317993, 25.2168693542, 25.7973690033, 26.3894786835, 26.9119262695, 27.4343757629, 27.9568252563, 28.4560546875, 28.9668922424, 29.4777317047, 30.0001811981, 30.5110206604, 31.0334682465, 31.5559177399, 32.0899772644, 32.6008148193, 33.1232643127, 33.6457138062, 34.1797714233, 34.7138328552, 35.2478904724, 35.7819480896, 36.304397583, 36.8268470764, 37.3492965698, 37.8717460632, 38.3941955566, 38.91664505, 39.4507026672, 39.9731521606, 40.5072097778, 41.0296592712, 41.5637168884, 42.0977783203, 42.6202278137, 43.1426734924, 43.6651229858, 44.1875724792, 44.7216300964, 45.2440795898, 45.7781410217, 46.3005905151, 46.8230361938, 47.3454856873, 47.8795471191, 48.4136047363, 48.9476623535, 49.4701118469, 49.9925613403, 50.5150108337, 51.0374603271, 51.5599098206, 52.0939674377, 52.6164169312, 53.1504745483, 53.7658042908, 54.3811340332, 54.9848518372, 55.6117897034, 56.2271194458, 56.7727890015, 57.3068466187, 57.8409042358, 58.3749656677, 58.9206352234, 59.4430847168, 59.977142334, 60.4995918274, 61.0568695068, 61.6141471863, 62.1830368042, 62.7403144836, 63.2975959778, 63.8548736572, 64.4005432129, 64.9462127686, 65.4802703857, 66.0143280029, 66.5483856201, 67.0824508667, 67.6165084839, 68.1505661011, 68.6846237183, 69.2186813354, 69.7759628296, 70.3100204468, 70.844078064, 71.3781356812, 71.9122009277, 72.4578704834, 73.0035324097, 73.5492019653, 74.094871521, 74.6405410767, 75.1862106323, 75.7202682495, 76.2659378052, 76.7999954224, 77.345664978, 77.8797302246, 78.4137878418, 78.9362335205, 79.4702911377, 79.9927444458, 80.5151901245, 81.0376434326, 81.5600891113, 82.08253479, 82.6166000366, 83.1506576538, 83.684715271, 84.2187728882, 84.7528305054, 85.2752838135, 85.7977294922, 86.3201828003, 86.842628479, 87.3650741577, 87.8991394043, 88.4331970215, 88.9556427002, 89.4780960083, 90.000541687, 90.5229949951, 91.0454406738, 91.579498291, 92.1135559082, 92.6360092163, 93.158454895, 93.6809082031, 94.2033538818, 94.7257995605, 95.2482528687, 95.7823104858, 96.316368103, 96.8504257202, 97.3728790283, 97.895324707, 98.4177780151, 98.9402236938, 99.474281311, 100.008346558, 100.530792236, 101.053237915, 101.575691223, 102.098136902, 102.632194519, 103.166259766, 103.688705444, 104.211151123, 104.733604431, 105.25605011, 105.778503418, 106.300949097, 106.835006714, 107.357460022, 107.891517639, 108.413963318, 108.948028564, 109.470474243, 109.992919922, 110.51537323, 111.049430847, 111.571876526, 112.105941772, 112.628387451, 113.15083313, 113.673286438, 114.195732117, 114.729797363, 115.252243042, 115.774688721, 116.297142029, 116.819587708, 117.330429077, 117.852874756, 118.375328064, 118.909385681, 119.443443298, 119.977500916, 120.499954224, 121.022399902, 121.55645752, 122.090522766, 122.624580383, 123.147026062, 123.681083679, 124.215148926, 124.737594604, 125.260040283, 125.782493591, 126.30493927, 126.827392578, 127.349838257, 127.872291565, 128.406341553, 128.94039917, 129.462860107, 129.996917725, 130.530975342, 131.053421021, 131.564254761, 132.07510376, 132.597549438, 133.131607056, 133.654052734, 134.188110352, 134.710571289, 135.233016968, 135.755462646, 136.289520264, 136.811965942, 137.334411621, 137.868484497, 138.402542114, 138.936599731, 139.45904541, 139.981491089, 140.515548706, 141.037994385, 141.560455322, 142.082901001, 142.60534668, 143.139404297, 143.673461914, 144.195922852, 144.729980469, 145.252426147, 145.774871826, 146.308929443, 146.842987061, 147.365432739, 147.887893677, 148.398727417, 148.932785034, 149.466842651, 149.98928833, 150.511749268, 151.045806885, 151.568252563, 152.090698242, 152.613143921, 153.135604858, 153.669662476, 154.192108154, 154.714553833, 155.236999512, 155.759460449, 156.293518066, 156.827575684, 157.361633301, 157.884078979, 158.406524658, 158.917373657, 159.451431274, 159.962265015, 160.496322632, 161.018768311, 161.552825928, 162.086883545, 162.620956421, 163.1434021, 163.665847778, 164.188293457, 164.722351074, 165.256408691, 165.778869629, 166.301315308, 166.823760986, 167.346206665, 167.880264282, 168.414321899, 168.948379517, 169.470840454, 170.004898071, 170.52734375, 171.049789429, 171.572235107, 172.106307983, 172.640365601, 173.174423218, 173.696868896, 174.219314575, 174.741760254, 175.264221191, 175.78666687, 176.320724487, 176.843170166, 177.365615845, 177.888076782, 178.410522461, 178.93296814, 179.467025757, 179.989471436, 180.511917114, 181.04598999, 181.580047607, 182.102493286, 182.624938965, 183.147384644, 183.669830322, 184.19229126, 184.726348877, 185.248794556, 185.782852173, 186.305297852, 186.839355469, 187.361816406, 187.895874023, 188.418319702, 188.940765381, 189.474822998, 189.997268677, 190.519729614, 191.053787231, 191.587844849, 192.110290527, 192.632736206, 193.155181885, 193.677642822, 194.200088501, 194.72253418, 195.256591797, 195.790649414, 196.313110352, 196.83555603, 197.369613647, 197.892059326, 198.414505005, 198.948562622, 199.482620239, 200.016693115, 200.539138794, 201.061584473, 201.59564209, 202.118087769, 202.640533447, 203.162994385, 203.697052002, 204.219497681, 204.741943359, 205.252792358, 205.775238037, 206.309295654, 206.843353271, 207.377410889, 207.899856567, 208.422302246, 208.944763184, 209.467208862, 209.989654541, 210.51210022, 211.034561157, 211.557006836, 212.091064453, 212.613510132, 213.135955811, 213.670013428, 214.192474365, 214.726531982, 215.248977661, 215.759811401, 216.293869019, 216.816329956, 217.338775635, 217.872833252, 218.406890869, 218.929336548, 219.451782227, 219.974243164, 220.508300781, 221.03074646, 221.564804077, 222.087249756, 222.609695435, 223.132156372, 223.666213989, 224.188659668, 224.711105347, 225.245162964, 225.767608643, 226.29006958, 226.812515259, 227.334960938, 227.869018555, 228.391464233, 228.925521851, 229.459594727, 229.993652344, 230.516098022, 231.05015564, 231.584213257, 232.095046997, 232.605895996, 233.116729736, 233.557907104, 233.999084473, 234.440261841, 234.881454468, 235.322631836, 235.763809204, 236.204986572, 236.64616394],
    "bpm_histogram": [0, 0, 0, 0, 0, 0, 0, 0, 0, 0, 0, 0, 0, 0, 0, 0, 0, 0, 0, 0, 0, 0, 0, 0, 0, 0, 0, 0, 0, 0, 0, 0, 0, 0, 0, 0, 0, 0, 0, 0, 0, 0, 0, 0, 0, 0, 0, 0, 0, 0, 0, 0, 0, 0, 0, 0, 0, 0, 0, 0, 0, 0, 0, 0, 0, 0, 0, 0, 0, 0, 0, 0, 0, 0, 0, 0, 0, 0, 0, 0, 0, 0, 0, 0, 0, 0, 0, 0, 0, 0, 0, 0, 0, 0, 0, 0, 0.00223214295693, 0, 0.00669642863795, 0.00223214295693, 0, 0.00223214295693, 0, 0.00223214295693, 0, 0.00223214295693, 0, 0, 0.015625, 0, 0.0267857145518, 0, 0.359375, 0, 0, 0.511160731316, 0, 0.0446428582072, 0, 0, 0.00669642863795, 0, 0, 0, 0, 0, 0, 0, 0, 0, 0, 0, 0, 0, 0, 0, 0.0178571436554, 0, 0, 0, 0, 0, 0, 0, 0, 0, 0, 0, 0, 0, 0, 0, 0, 0, 0, 0, 0, 0, 0, 0, 0, 0, 0, 0, 0, 0, 0, 0, 0, 0, 0, 0, 0, 0, 0, 0, 0, 0, 0, 0, 0, 0, 0, 0, 0, 0, 0, 0, 0, 0, 0, 0, 0, 0, 0, 0, 0, 0, 0, 0, 0, 0, 0, 0, 0, 0, 0, 0, 0, 0, 0, 0, 0, 0, 0, 0, 0, 0, 0, 0, 0, 0, 0, 0, 0, 0, 0, 0, 0, 0, 0, 0, 0, 0, 0, 0, 0, 0, 0, 0, 0, 0, 0, 0, 0, 0, 0, 0, 0, 0]
},
"tonal": {
    "chords_changes_rate": 0.0346244126558,
    "chords_number_rate": 0.00117370893713,
    "chords_strength": {
        "mean": 0.562274336815
    },
    "hpcp_crest": {
        "mean": 14.1597881317
    },
    "hpcp_entropy": {
        "mean": 1.82146716118
    },
    "key_edma": {
        "strength": 0.820725858212,
        "key": "E",
        "scale": "major"
    },
    "key_krumhansl": {
        "strength": 0.810085535049,
        "key": "E",
        "scale": "major"
    },
    "key_temperley": {
        "strength": 0.791335165501,
        "key": "E",
        "scale": "major"
    },
    "tuning_diatonic_strength": 0.525094330311,
    "tuning_equal_tempered_deviation": 0.033988405019,
    "tuning_frequency": 440,
    "tuning_nontempered_energy_ratio": 0.639314055443,
    "hpcp": {
        "mean": [0.0191661473364, 0.0245469212532, 0.065060608089, 0.0845573022962, 0.0708754062653, 0.284155189991, 0.494238257408, 0.271317988634, 0.0494172647595, 0.038409113884, 0.0411295630038, 0.112346641719, 0.153842374682, 0.0827340111136, 0.0270046032965, 0.0223628021777, 0.0441543869674, 0.224737390876, 0.3297265172, 0.170729294419, 0.15084682405, 0.231438338757, 0.134479656816, 0.0404038131237, 0.0342772006989, 0.0304952953011, 0.112291432917, 0.175990477204, 0.0958649665117, 0.0379174090922, 0.0333580300212, 0.036227658391, 0.199383869767, 0.340981960297, 0.197249412537, 0.0430140607059]
    },
    "chords_histogram": [15.8841943741, 38.2824745178, 22.8677616119, 0.273865401745, 0.156494528055, 0, 0.743348956108, 0.489045381546, 9.40923309326, 0, 0.234741777182, 0.0586854442954, 0, 0.293427228928, 0, 1.21283257008, 0, 0.371674478054, 0, 0.0586854442954, 0, 0, 0, 9.66353702545],
    "thpcp": [1, 0.548961937428, 0.0999867245555, 0.0777137577534, 0.0832180902362, 0.227312713861, 0.311271697283, 0.167397022247, 0.0546388365328, 0.0452470071614, 0.0893382653594, 0.454714685678, 0.667140841484, 0.345439255238, 0.305210739374, 0.468272805214, 0.272094786167, 0.0817496702075, 0.069353595376, 0.0617016069591, 0.227201014757, 0.356084287167, 0.193965092301, 0.0767188891768, 0.0674938261509, 0.0732999891043, 0.403416514397, 0.689914107323, 0.399097830057, 0.0870310217142, 0.0387791655958, 0.0496661700308, 0.131638139486, 0.171086117625, 0.143403321505, 0.574935615063],
    "chords_key": "Ab",
    "chords_scale": "minor"
}
}