{
"metadata": {
    "version": {
        "essentia": "2.1-beta6-dev",
        "essentia_git_sha": "v2.1_beta5-1177-g1d1cc983",
        "extractor": "music 2.0"
    },
    "audio_properties": {
        "analysis": {
            "equal_loudness": 0,
            "length": 189.240005493,
            "sample_rate": 44100,
            "start_time": 0,
            "downmix": "mix"
        },
        "bit_rate": 1411200,
        "length": 189.240005493,
        "lossless": 1,
        "number_channels": 2,
        "replay_gain": -13.6117839813,
        "sample_rate": 44100,
        "codec": "pcm_s16le",
        "md5_encoded": "a7ae978c4a7fecc66b30ce0b337908c3"
    },
    "tags": {
        "file_name": "09 - Manchester Orchestra - Tony The Tiger (Album Version).wav",
        "album": ["Mean Everything To Nothing"],
        "albumartist": ["Manchester Orchestra"],
        "artist": ["Manchester Orchestra"],
        "composer": ["Andy Hull"],
        "copyright": ["(P) 2009 Sony Music Entertainment"],
        "date": ["2009"],
        "discnumber": ["1"],
        "disctotal": ["1"],
        "genre": ["Pop\/Rock"],
        "isrc": ["USSM10900806"],
        "title": ["Tony The Tiger (Album Version)"],
        "tracknumber": ["9"],
        "tracktotal": ["12"]
    }
},
"lowlevel": {
    "average_loudness": 0.956108212471,
    "barkbands_crest": {
        "mean": 11.5324869156
    },
    "barkbands_flatness_db": {
        "mean": 0.153055533767
    },
    "barkbands_kurtosis": {
        "mean": 13.6489591599
    },
    "barkbands_skewness": {
        "mean": 2.66854047775
    },
    "barkbands_spread": {
        "mean": 23.9986038208
    },
    "dissonance": {
        "mean": 0.465645432472
    },
    "dynamic_complexity": 2.31878113747,
    "erbbands_crest": {
        "mean": 7.57652139664
    },
    "erbbands_flatness_db": {
        "mean": 0.122596643865
    },
    "erbbands_kurtosis": {
        "mean": 1.1071280241
    },
    "erbbands_skewness": {
        "mean": 0.425681114197
    },
    "erbbands_spread": {
        "mean": 62.5327262878
    },
    "hfc": {
        "mean": 23.7023677826
    },
    "loudness_ebu128": {
        "integrated": -8.25832080841,
        "loudness_range": 3.89197301865,
        "momentary": {
            "mean": -8.69777488708
        },
        "short_term": {
            "mean": -8.47700023651
        }
    },
    "melbands_crest": {
        "mean": 16.5610561371
    },
    "melbands_flatness_db": {
        "mean": 0.231973111629
    },
    "melbands_kurtosis": {
        "mean": 42.2186813354
    },
    "melbands_skewness": {
        "mean": 4.62458229065
    },
    "melbands_spread": {
        "mean": 17.633190155
    },
    "pitch_salience": {
        "mean": 0.513220310211
    },
    "silence_rate_20dB": {
        "mean": 1
    },
    "silence_rate_30dB": {
        "mean": 0.929824590683
    },
    "silence_rate_60dB": {
        "mean": 0.0164397004992
    },
    "spectral_centroid": {
        "mean": 1297.51696777
    },
    "spectral_complexity": {
        "mean": 20.0706653595
    },
    "spectral_decrease": {
        "mean": -1.05609405665e-08
    },
    "spectral_energy": {
        "mean": 0.0420093685389
    },
    "spectral_energyband_high": {
        "mean": 0.0016642609844
    },
    "spectral_energyband_low": {
        "mean": 0.0248844046146
    },
    "spectral_energyband_middle_high": {
        "mean": 0.00326781836338
    },
    "spectral_energyband_middle_low": {
        "mean": 0.013611077331
    },
    "spectral_entropy": {
        "mean": 7.66457891464
    },
    "spectral_flux": {
        "mean": 0.0986945852637
    },
    "spectral_kurtosis": {
        "mean": 3.36056804657
    },
    "spectral_rms": {
        "mean": 0.00589885748923
    },
    "spectral_rolloff": {
        "mean": 1239.88378906
    },
    "spectral_skewness": {
        "mean": 1.33059704304
    },
    "spectral_spread": {
        "mean": 5845988.5
    },
    "spectral_strongpeak": {
        "mean": 0.609781682491
    },
    "zerocrossingrate": {
        "mean": 0.0620798915625
    },
    "barkbands": {
        "mean": [9.43649502005e-05, 0.0150055922568, 0.0084168529138, 0.00298386556096, 0.00561882881448, 0.00226172222756, 0.00122975220438, 0.000534671067726, 0.000891213712748, 0.000401163677452, 0.000447903963504, 0.000359268800821, 0.000250635668635, 0.000185813914868, 0.000299883860862, 0.00032236170955, 0.000296018144581, 0.000262454646872, 0.000319402810419, 0.000378324009944, 0.000391485722503, 0.000331015733536, 0.000264917529421, 0.000186605859199, 0.000181147668627, 8.55646503624e-05, 8.32762543723e-06]
    },
    "erbbands": {
        "mean": [0.258741050959, 3.94561266899, 10.6147174835, 9.30608940125, 16.5408363342, 17.1417274475, 18.6395778656, 19.0783557892, 17.3388996124, 15.1896123886, 13.4467220306, 17.1906375885, 18.1217079163, 17.9063777924, 13.6060686111, 13.4333562851, 11.9497823715, 9.99176502228, 13.0963935852, 15.5381393433, 18.619436264, 17.8849754333, 15.4230499268, 16.2245540619, 15.5740699768, 17.8019485474, 18.4491252899, 12.954331398, 12.3556070328, 9.68248748779, 7.31220340729, 4.28063154221, 3.07140088081, 2.02770972252, 1.29309546947, 0.548949420452, 0.116195723414, 0.0157982222736, 0.00149503001012, 0.000121015618788]
    },
    "gfcc": {
        "mean": [15.921787262, 75.410949707, -79.9249572754, 52.761920929, -57.8942375183, 12.0060043335, -35.0313987732, 7.07419252396, -26.3015785217, 2.1044678688, -20.0383834839, 0.209618791938, -10.1099834442],
        "cov": [[7264.84375, -1289.95007324, -1644.81408691, -416.030181885, -586.676208496, 274.678070068, -57.8476524353, 422.773010254, -80.985168457, 267.852661133, -64.7032241821, 296.31854248, -104.569015503], [-1289.95007324, 1617.47143555, -229.773239136, -158.369598389, 293.727081299, -105.122169495, 135.480407715, -35.9918670654, 162.837051392, -146.254821777, 184.249542236, -54.2390174866, 99.8530883789], [-1644.81408691, -229.773239136, 1301.30419922, 321.087921143, 145.093032837, 11.2503185272, 20.8864974976, -58.0251808167, -54.4572792053, 34.5173416138, -43.4431495667, -38.0598258972, -26.1873474121], [-416.030181885, -158.369598389, 321.087921143, 463.32434082, 87.7146148682, 35.8740577698, 56.2407875061, -25.6343364716, 14.1728687286, -16.4030056, -17.0858669281, -50.7166595459, 20.6603298187], [-586.676208496, 293.727081299, 145.093032837, 87.7146148682, 309.217987061, 36.031162262, 51.6708564758, -6.79587078094, 54.9960327148, -28.2228279114, 20.3801994324, -24.893819809, 28.611448288], [274.678070068, -105.122169495, 11.2503185272, 35.8740577698, 36.031162262, 179.568405151, 67.4585266113, 46.555229187, 19.4029483795, 34.919090271, 4.68197059631, 17.579334259, 2.2413444519], [-57.8476524353, 135.480407715, 20.8864974976, 56.2407875061, 51.6708564758, 67.4585266113, 169.387512207, 35.8356132507, 36.0369567871, -1.4758194685, 36.3530845642, 4.63770532608, 13.8464870453], [422.773010254, -35.9918670654, -58.0251808167, -25.6343364716, -6.79587078094, 46.555229187, 35.8356132507, 137.961700439, 47.3680839539, 43.641998291, 27.7873973846, 39.3615150452, -7.57849311829], [-80.985168457, 162.837051392, -54.4572792053, 14.1728687286, 54.9960327148, 19.4029483795, 36.0369567871, 47.3680839539, 107.730201721, 18.8316688538, 36.4329109192, 2.02827429771, 20.8007068634], [267.852661133, -146.254821777, 34.5173416138, -16.4030056, -28.2228279114, 34.919090271, -1.4758194685, 43.641998291, 18.8316688538, 93.3358917236, 17.527097702, 30.0435886383, -11.8786296844], [-64.7032241821, 184.249542236, -43.4431495667, -17.0858669281, 20.3801994324, 4.68197059631, 36.3530845642, 27.7873973846, 36.4329109192, 17.527097702, 92.810585022, 23.0220870972, 10.9830617905], [296.31854248, -54.2390174866, -38.0598258972, -50.7166595459, -24.893819809, 17.579334259, 4.63770532608, 39.3615150452, 2.02827429771, 30.0435886383, 23.0220870972, 73.7053604126, 15.0491037369], [-104.569015503, 99.8530883789, -26.1873474121, 20.6603298187, 28.611448288, 2.2413444519, 13.8464870453, -7.57849311829, 20.8007068634, -11.8786296844, 10.9830617905, 15.0491037369, 68.0118789673]],
        "icov": [[0.000448906910606, 4.10593856941e-05, 0.000634097785223, -0.00024862709688, 0.000212084662053, -0.000333798525389, 3.35496442858e-05, -0.000862739281729, 0.000757498666644, -0.000804279756267, 0.000750367122237, -0.00103879324161, 0.000504949013703], [4.10593856941e-05, 0.00220638141036, 7.22760842109e-06, 0.00139795592986, -0.00121240259614, 0.00105945614632, -0.00106109061744, 0.000384076323826, -0.00183224817738, 0.00282713468187, -0.00369547726586, 0.00201479508542, -0.00165904837195], [0.000634097785223, 7.22760842109e-06, 0.0020154134836, -0.00111174816266, -0.000326260720612, -0.000167513018823, -0.000126628699945, -0.000918053265195, 0.00195999071002, -0.00233830022626, 0.00150798726827, -0.00166982028168, 0.00126243883278], [-0.00024862709688, 0.00139795592986, -0.00111174816266, 0.00415440835059, -0.000928246299736, 0.000386657600757, -0.0013541696826, 0.000697982788552, -0.00195129727945, 0.00248502427712, -0.00256819021888, 0.00404293043539, -0.00284260534681], [0.000212084662053, -0.00121240259614, -0.000326260720612, -0.000928246299736, 0.00535563752055, -0.00187317410018, 0.000441698386567, -0.000258522806689, -0.00106263696216, 6.61726298858e-05, 0.00161672465038, -0.000727431033738, 0.000188857287867], [-0.000333798525389, 0.00105945614632, -0.000167513018823, 0.000386657600757, -0.00187317410018, 0.00869658961892, -0.0035675119143, -0.000463675009087, -0.000623613712378, -0.00116063549649, -0.000461504474515, 0.000950387911871, -0.00122233561706], [3.35496442858e-05, -0.00106109061744, -0.000126628699945, -0.0013541696826, 0.000441698386567, -0.0035675119143, 0.00912413746119, -0.00168534636032, 5.16265790793e-05, 0.000926387961954, -0.00124024134129, -0.000649719266221, 0.000348489149474], [-0.000862739281729, 0.000384076323826, -0.000918053265195, 0.000697982788552, -0.000258522806689, -0.000463675009087, -0.00168534636032, 0.0142961014062, -0.00722097232938, 0.000301490130369, -0.00186293385923, -0.00369975110516, 0.00298488046974], [0.000757498666644, -0.00183224817738, 0.00195999071002, -0.00195129727945, -0.00106263696216, -0.000623613712378, 5.16265790793e-05, -0.00722097232938, 0.0192911121994, -0.00789176858962, 0.000924534047954, 0.00192820653319, -0.00299967988394], [-0.000804279756267, 0.00282713468187, -0.00233830022626, 0.00248502427712, 6.61726298858e-05, -0.00116063549649, 0.000926387961954, 0.000301490130369, -0.00789176858962, 0.0225038565695, -0.00829778145999, -0.000596051802859, 0.000628772249911], [0.000750367122237, -0.00369547726586, 0.00150798726827, -0.00256819021888, 0.00161672465038, -0.000461504474515, -0.00124024134129, -0.00186293385923, 0.000924534047954, -0.00829778145999, 0.0226728990674, -0.00954532343894, 0.0040387888439], [-0.00103879324161, 0.00201479508542, -0.00166982028168, 0.00404293043539, -0.000727431033738, 0.000950387911871, -0.000649719266221, -0.00369975110516, 0.00192820653319, -0.000596051802859, -0.00954532343894, 0.0282796751708, -0.0118414647877], [0.000504949013703, -0.00165904837195, 0.00126243883278, -0.00284260534681, 0.000188857287867, -0.00122233561706, 0.000348489149474, 0.00298488046974, -0.00299967988394, 0.000628772249911, 0.0040387888439, -0.0118414647877, 0.0224827416241]]
    },
    "melbands": {
        "mean": [0.00331270997413, 0.00542190903798, 0.00188550737221, 0.00121227069758, 0.000679610529914, 0.000423056917498, 0.000267921917839, 0.000155298548634, 0.000107828134787, 0.000118738200399, 9.00855739019e-05, 7.10161475581e-05, 5.10140962433e-05, 3.97176772822e-05, 2.93506891467e-05, 2.69059692073e-05, 1.66055815498e-05, 1.91796189029e-05, 2.42679670919e-05, 1.9400520614e-05, 2.12012946577e-05, 1.81484974746e-05, 1.51226167873e-05, 1.27544444695e-05, 1.32447548822e-05, 1.16899882414e-05, 1.13760170279e-05, 1.19130299936e-05, 1.17905201478e-05, 9.28678582568e-06, 6.88268619342e-06, 7.1170238698e-06, 6.12217081652e-06, 5.08045604874e-06, 4.30210729974e-06, 3.37095912073e-06, 2.37710582951e-06, 2.23030701818e-06, 1.88062585949e-06, 1.64901734934e-06]
    },
    "melbands128": {
        "mean": [8.61121588969e-05, 0.00130714604165, 0.00455675693229, 0.0073309969157, 0.00643567554653, 0.00357882492244, 0.00171908771154, 0.00155902607366, 0.0018705513794, 0.00112621497829, 0.000916179269552, 0.000787291035522, 0.000672622409184, 0.0004626372247, 0.000432732194895, 0.000413485453464, 0.000287060480332, 0.000229698998737, 0.000275289581623, 0.000147331680637, 0.000112910245662, 0.000124217956909, 0.000103817001218, 0.000104035854747, 8.24602539069e-05, 0.000146317572217, 0.000147805461893, 5.71316486457e-05, 8.39060303406e-05, 4.24050995207e-05, 9.12833493203e-05, 7.94315637904e-05, 4.21524528065e-05, 3.03249453282e-05, 5.02919465362e-05, 3.75337549485e-05, 3.12505035254e-05, 3.70098641724e-05, 1.93007126654e-05, 2.63521724264e-05, 2.96238940791e-05, 2.64836198767e-05, 1.4733759599e-05, 1.12876941785e-05, 1.91852304852e-05, 1.76571011252e-05, 2.26889660553e-05, 3.11017975037e-05, 1.97530844162e-05, 1.9510203856e-05, 1.74563519977e-05, 1.91558392544e-05, 3.2425239624e-05, 1.50725491039e-05, 1.30599601107e-05, 2.02385799639e-05, 2.14392475755e-05, 1.53192886501e-05, 1.24030448205e-05, 1.54411991389e-05, 1.2548790437e-05, 1.19017677207e-05, 9.88391730061e-06, 1.67757807503e-05, 1.33267385536e-05, 1.16679657367e-05, 1.0009761354e-05, 1.05266744868e-05, 1.29744012156e-05, 1.0392223885e-05, 1.25631995616e-05, 1.23802537928e-05, 1.04591226773e-05, 1.24689395307e-05, 1.27054745462e-05, 8.97312929737e-06, 8.54602239997e-06, 7.22969707567e-06, 6.6796073952e-06, 6.11871064393e-06, 7.24513984096e-06, 7.78073354013e-06, 6.51528807794e-06, 5.84175995755e-06, 6.16996294411e-06, 5.08012681166e-06, 4.86718863613e-06, 4.23369101554e-06, 4.41918109573e-06, 4.05849596063e-06, 4.47856882602e-06, 2.7789849355e-06, 2.3869472443e-06, 2.4444234441e-06, 2.12856343751e-06, 2.65864491666e-06, 2.11263568417e-06, 1.92170932678e-06, 1.94166432266e-06, 1.91162394003e-06, 1.59634203101e-06, 1.71065437371e-06, 1.475516342e-06, 1.55017846737e-06, 1.59210958373e-06, 1.39037661029e-06, 1.19303467727e-06, 1.22377514344e-06, 9.9544593013e-07, 7.08173786279e-07, 5.72935277887e-07, 4.18758304477e-07, 3.26583290189e-07, 2.358198401e-07, 1.80344684964e-07, 1.36580382559e-07, 9.63772350815e-08, 6.30620604625e-08, 5.06572845893e-08, 4.05712583529e-08, 3.86414775733e-08, 2.76355418549e-08, 1.92087856732e-08, 1.39059128657e-08, 1.05643636061e-08, 7.78794184697e-09, 4.90856599811e-09, 2.09650785621e-09]
    },
    "mfcc": {
        "mean": [-635.715637207, 103.573249817, 31.9768352509, 41.9163093567, 5.94742774963, 10.7097997665, 2.0023560524, 4.14066362381, 1.59979128838, 0.414873182774, -4.18819904327, -2.6904232502, -0.699976563454],
        "cov": [[8391.4375, -1179.75854492, -1514.0333252, -821.576416016, -692.604248047, -318.801025391, -162.971130371, 114.568199158, 28.3242511749, 37.2238273621, 47.0520477295, 180.422973633, 94.6246109009], [-1179.75854492, 1486.95947266, -289.380432129, -37.5759620667, 100.791252136, -51.7003707886, 22.4533290863, 86.0654754639, -37.7272377014, 0.648320317268, 48.1687660217, 23.322807312, 14.6857357025], [-1514.0333252, -289.380432129, 938.912719727, 293.658569336, 143.893280029, 119.241317749, 88.1414260864, -48.4555168152, 24.3041496277, -3.76790475845, 3.21523022652, -18.8330497742, -10.561337471], [-821.576416016, -37.5759620667, 293.658569336, 390.949707031, 137.400939941, 81.7545013428, 52.5317726135, 5.4283208847, 28.1560821533, 13.5832214355, -7.5277967453, -21.1512031555, -11.6436271667], [-692.604248047, 100.791252136, 143.893280029, 137.400939941, 241.636276245, 70.2755355835, 29.5048503876, 10.724404335, 24.0665206909, 20.7936649323, 10.6056890488, -10.0988492966, 0.556370019913], [-318.801025391, -51.7003707886, 119.241317749, 81.7545013428, 70.2755355835, 164.578170776, 71.0936355591, 19.9474830627, 36.2601890564, 22.7985363007, -5.76011514664, -10.4987421036, 0.515410840511], [-162.971130371, 22.4533290863, 88.1414260864, 52.5317726135, 29.5048503876, 71.0936355591, 120.901130676, 48.2140693665, 21.8514404297, 14.0062093735, 16.892244339, 10.8695116043, 12.5496759415], [114.568199158, 86.0654754639, -48.4555168152, 5.4283208847, 10.724404335, 19.9474830627, 48.2140693665, 107.362915039, 37.5187301636, 24.6911029816, 19.0513877869, 26.1224098206, 22.0253391266], [28.3242511749, -37.7272377014, 24.3041496277, 28.1560821533, 24.0665206909, 36.2601890564, 21.8514404297, 37.5187301636, 87.9692230225, 33.9124259949, 1.52700459957, 8.79270362854, 19.3189086914], [37.2238273621, 0.648320317268, -3.76790475845, 13.5832214355, 20.7936649323, 22.7985363007, 14.0062093735, 24.6911029816, 33.9124259949, 74.9649200439, 30.6244392395, 18.3884754181, 11.5939884186], [47.0520477295, 48.1687660217, 3.21523022652, -7.5277967453, 10.6056890488, -5.76011514664, 16.892244339, 19.0513877869, 1.52700459957, 30.6244392395, 75.7762451172, 39.5409660339, 11.5808877945], [180.422973633, 23.322807312, -18.8330497742, -21.1512031555, -10.0988492966, -10.4987421036, 10.8695116043, 26.1224098206, 8.79270362854, 18.3884754181, 39.5409660339, 75.0950088501, 36.2539138794], [94.6246109009, 14.6857357025, -10.561337471, -11.6436271667, 0.556370019913, 0.515410840511, 12.5496759415, 22.0253391266, 19.3189086914, 11.5939884186, 11.5808877945, 36.2539138794, 66.6443328857]],
        "icov": [[0.000329511298332, 0.00037319920375, 0.000493854749948, 0.000184762466233, 0.000349656824255, 0.000220919871936, -7.55902801757e-05, -0.000295361736789, -0.000132805449539, 6.19986212769e-06, -0.000157673712238, -0.000425701000495, -3.59330297215e-05], [0.00037319920375, 0.00127284182236, 0.000852127792314, 0.000208633340662, -0.000225394484005, 0.000595898658503, -0.000330488401232, -0.00097610487137, 0.000430906628026, 0.000210216720006, -0.000570383155718, -0.000307354726829, -0.000151945350808], [0.000493854749948, 0.000852127792314, 0.00247068004683, -0.000669684784953, 4.64012518933e-05, 0.000115487724543, -0.00120485865045, 0.000826681789476, -0.000524865579791, 0.000662182457745, -0.000812353566289, -0.000746290199459, -7.79556430643e-05], [0.000184762466233, 0.000208633340662, -0.000669684784953, 0.00411455193534, -0.00133835664019, -0.000110532782855, -0.000546343624592, -0.000521932670381, -0.000314391800202, -0.000439232331701, 0.000698591524269, 2.16568587348e-05, 0.000626204884611], [0.000349656824255, -0.000225394484005, 4.64012518933e-05, -0.00133835664019, 0.00657917512581, -0.00174620957114, 0.00100161519367, -0.000315851881169, -0.000719487317838, -0.000446259538876, -0.00152111111674, 0.000792675884441, -0.000679594348185], [0.000220919871936, 0.000595898658503, 0.000115487724543, -0.000110532782855, -0.00174620957114, 0.010665429756, -0.00578327709809, 0.000694192422088, -0.00195653736591, -0.00224392442033, 0.00228372588754, 0.000369322893675, 0.000705493672285], [-7.55902801757e-05, -0.000330488401232, -0.00120485865045, -0.000546343624592, 0.00100161519367, -0.00578327709809, 0.0150428107008, -0.00604436406866, 0.00103321357165, 0.00151625555009, -0.00302795972675, 0.000863201508764, -0.00141164136585], [-0.000295361736789, -0.00097610487137, 0.000826681789476, -0.000521932670381, -0.000315851881169, 0.000694192422088, -0.00604436406866, 0.0162089020014, -0.00527323316783, -0.000950102403294, -2.16064272536e-05, -0.00255160219967, -0.000461441435618], [-0.000132805449539, 0.000430906628026, -0.000524865579791, -0.000314391800202, -0.000719487317838, -0.00195653736591, 0.00103321357165, -0.00527323316783, 0.0180861968547, -0.00676226196811, 0.00336210499518, 0.00075473630568, -0.00353639642708], [6.19986212769e-06, 0.000210216720006, 0.000662182457745, -0.000439232331701, -0.000446259538876, -0.00224392442033, 0.00151625555009, -0.000950102403294, -0.00676226196811, 0.020925424993, -0.00873635150492, 4.69495680591e-05, -0.000164889323059], [-0.000157673712238, -0.000570383155718, -0.000812353566289, 0.000698591524269, -0.00152111111674, 0.00228372588754, -0.00302795972675, -2.16064272536e-05, 0.00336210499518, -0.00873635150492, 0.0236426703632, -0.0112771168351, 0.0034867094364], [-0.000425701000495, -0.000307354726829, -0.000746290199459, 2.16568587348e-05, 0.000792675884441, 0.000369322893675, 0.000863201508764, -0.00255160219967, 0.00075473630568, 4.69495680591e-05, -0.0112771168351, 0.026557425037, -0.0114853745326], [-3.59330297215e-05, -0.000151945350808, -7.79556430643e-05, 0.000626204884611, -0.000679594348185, 0.000705493672285, -0.00141164136585, -0.000461441435618, -0.00353639642708, -0.000164889323059, 0.0034867094364, -0.0114853745326, 0.022300992161]]
    },
    "spectral_contrast_coeffs": {
        "mean": [-0.679406166077, -0.754794001579, -0.789198935032, -0.819616615772, -0.809721410275, -0.761840879917]
    },
    "spectral_contrast_valleys": {
        "mean": [-6.29750299454, -6.90187072754, -7.63548946381, -7.82279634476, -7.3368730545, -9.70666408539]
    }
},
"rhythm": {
    "beats_count": 421,
    "beats_loudness": {
        "mean": 0.0521424934268
    },
    "bpm": 133.912857056,
    "bpm_histogram_first_peak_bpm": 133,
    "bpm_histogram_first_peak_weight": 0.468292713165,
    "bpm_histogram_second_peak_bpm": 140,
    "bpm_histogram_second_peak_spread": 0,
    "bpm_histogram_second_peak_weight": 0.0119047621265,
    "danceability": 1.40347576141,
    "onset_rate": 3.33413934708,
    "beats_loudness_band_ratio": {
        "mean": [0.659109592438, 0.205639079213, 0.0610680915415, 0.0315760150552, 0.0298532694578, 0.085941106081]
    },
    "beats_position": [0.452789098024, 0.917188167572, 1.38158726692, 1.86920630932, 2.36843538284, 2.87927436829, 3.35528349876, 3.80807256699, 4.26086139679, 4.71365070343, 5.15482997894, 5.60761880875, 6.04879808426, 6.5015873909, 6.94276618958, 7.38394546509, 7.83673477173, 8.28952407837, 8.73070240021, 9.18349170685, 9.62467098236, 10.077460289, 10.5302495956, 10.9830379486, 11.4242172241, 11.8653964996, 12.3181858063, 12.7709751129, 13.2121543884, 13.6649427414, 14.117732048, 14.5589113235, 15.0000905991, 15.4412698746, 15.8940582275, 16.3468475342, 16.7996368408, 17.2408161163, 17.693605423, 18.1347846985, 18.5875740051, 19.0403633118, 19.4931507111, 19.9459400177, 20.3871192932, 20.8399085999, 21.2926979065, 21.733877182, 22.1750564575, 22.616235733, 23.0690250397, 23.5218143463, 23.9629936218, 24.40417099, 24.8569602966, 25.3097496033, 25.7509288788, 26.2037181854, 26.6565074921, 27.1092967987, 27.5620861053, 28.0032653809, 28.4560546875, 28.9088420868, 29.3500213623, 29.8028106689, 30.2555999756, 30.7083892822, 31.1495685577, 31.5907478333, 32.0435371399, 32.4847145081, 32.9258956909, 33.3786849976, 33.8314743042, 34.2726516724, 34.7138328552, 35.1550102234, 35.60779953, 36.0605888367, 36.5133781433, 36.9545555115, 37.4073448181, 37.8601341248, 38.3013153076, 38.7424926758, 39.1952819824, 39.6480712891, 40.1008605957, 40.5420417786, 40.9948310852, 41.4360084534, 41.88879776, 42.3415870667, 42.7943763733, 43.2355537415, 43.6883430481, 44.1411323547, 44.5939216614, 45.046710968, 45.4878921509, 45.929069519, 46.3818588257, 46.8346481323, 47.2758255005, 47.7170066833, 48.16979599, 48.6225852966, 49.0637626648, 49.5049438477, 49.9461212158, 50.3989105225, 50.8516998291, 51.3044891357, 51.7572784424, 52.1984558105, 52.6396369934, 53.0808143616, 53.5336036682, 53.9863929749, 54.4275741577, 54.8687515259, 55.3215408325, 55.7743301392, 56.2155075073, 56.6566886902, 57.1094779968, 57.550655365, 58.0034446716, 58.4562339783, 58.9090232849, 59.3502044678, 59.7913818359, 60.2441711426, 60.6969604492, 61.1497497559, 61.590927124, 62.0437164307, 62.4965057373, 62.9492950439, 63.4020843506, 63.8432655334, 64.2960510254, 64.7372360229, 65.1784133911, 65.6195907593, 66.0607681274, 66.5251693726, 66.9663467407, 67.4191360474, 67.871925354, 68.3131027222, 68.7658920288, 69.2186813354, 69.6714706421, 70.1126480103, 70.5654373169, 71.0066223145, 71.4477996826, 71.9005889893, 72.3533782959, 72.7945556641, 73.2473449707, 73.6885223389, 74.1413116455, 74.5824966431, 75.0352783203, 75.488067627, 75.9292526245, 76.3820419312, 76.8348312378, 77.276008606, 77.7171859741, 78.1583633423, 78.6111526489, 79.0639419556, 79.5051269531, 79.9463043213, 80.3990936279, 80.8402709961, 81.2930603027, 81.7342376709, 82.198638916, 82.6514282227, 83.1042175293, 83.5453948975, 83.9981842041, 84.4509735107, 84.8921508789, 85.3449401855, 85.7977294922, 86.2505187988, 86.7033081055, 87.1444854736, 87.5972747803, 88.0500640869, 88.4912490845, 88.9324264526, 89.3852157593, 89.8380050659, 90.2791824341, 90.7203598022, 91.1731491089, 91.6259384155, 92.0671157837, 92.5083007812, 92.9494781494, 93.3906555176, 93.8434448242, 94.2962341309, 94.7490234375, 95.2018127441, 95.6429901123, 96.0841674805, 96.5369567871, 96.9897460938, 97.4309310913, 97.8721084595, 98.3248977661, 98.7660751343, 99.1956481934, 99.6600418091, 100.112831116, 100.554008484, 101.006797791, 101.459587097, 101.912376404, 102.36516571, 102.817955017, 103.270744324, 103.746757507, 104.176322937, 104.605895996, 105.047073364, 105.488250732, 105.929428101, 106.370613098, 106.823402405, 107.276191711, 107.728981018, 108.181770325, 108.622947693, 109.075737, 109.528526306, 109.969703674, 110.422492981, 110.886894226, 111.328071594, 111.780860901, 112.222038269, 112.663215637, 113.104400635, 113.545578003, 113.99836731, 114.451156616, 114.892333984, 115.345123291, 115.797912598, 116.239089966, 116.680267334, 117.133056641, 117.585845947, 118.027030945, 118.468208313, 118.909385681, 119.350563049, 119.803352356, 120.256141663, 120.708930969, 121.150108337, 121.591293335, 122.044082642, 122.508476257, 122.949661255, 123.414054871, 123.866844177, 124.319633484, 124.760810852, 125.213600159, 125.666389465, 126.119178772, 126.571968079, 127.001541138, 127.442718506, 127.872291565, 128.313461304, 128.754638672, 129.195831299, 129.648620605, 130.113006592, 130.577407837, 131.030197144, 131.48298645, 131.935775757, 132.376953125, 132.818145752, 133.25932312, 133.700500488, 134.153289795, 134.606079102, 135.058868408, 135.511657715, 135.952835083, 136.394012451, 136.835189819, 137.276367188, 137.740768433, 138.193557739, 138.646347046, 139.087524414, 139.540313721, 139.993103027, 140.434280396, 140.875457764, 141.32824707, 141.769424438, 142.222213745, 142.663391113, 143.10458374, 143.545761108, 143.986938477, 144.439727783, 144.89251709, 145.345306396, 145.798095703, 146.25088501, 146.703674316, 147.144851685, 147.586029053, 148.027206421, 148.468383789, 148.909561157, 149.362350464, 149.815139771, 150.256317139, 150.697509766, 151.138687134, 151.603088379, 152.055877686, 152.508651733, 152.96144104, 153.414230347, 153.867019653, 154.31980896, 154.761001587, 155.202178955, 155.643356323, 156.09614563, 156.548934937, 156.990112305, 157.431289673, 157.872467041, 158.313644409, 158.754821777, 159.219223022, 159.672012329, 160.124801636, 160.589202881, 161.030380249, 161.471557617, 161.912734985, 162.365524292, 162.80670166, 163.259490967, 163.712280273, 164.16506958, 164.606262207, 165.047439575, 165.500228882, 165.953018188, 166.405807495, 166.858596802, 167.311386108, 167.764175415, 168.205352783, 168.65814209, 169.099319458, 169.552108765, 169.993286133, 170.434463501, 170.875640869, 171.328430176, 171.781219482, 172.222396851, 172.663574219, 173.104751587, 173.557540894, 174.0103302, 174.463119507, 174.915908813, 175.36869812, 175.821487427, 176.262680054, 176.703857422, 177.156646729, 177.609436035, 178.050613403, 178.491790771, 178.944580078, 179.397369385, 179.838546753, 180.279724121, 180.732513428, 181.185302734, 181.626480103, 182.067657471, 182.508834839, 182.961624146, 183.414413452, 183.85559082, 184.308380127, 184.761169434, 185.202362061, 185.643539429, 186.096328735, 186.549118042, 187.001907349, 187.454696655, 187.895874023, 188.337051392, 188.789840698],
    "bpm_histogram": [0, 0, 0, 0, 0, 0, 0, 0, 0, 0, 0, 0, 0, 0, 0, 0, 0, 0, 0, 0, 0, 0, 0, 0, 0, 0, 0, 0, 0, 0, 0, 0, 0, 0, 0, 0, 0, 0, 0, 0, 0, 0, 0, 0, 0, 0, 0, 0, 0, 0, 0, 0, 0, 0, 0, 0, 0, 0, 0, 0, 0, 0, 0, 0, 0, 0, 0, 0, 0, 0, 0, 0, 0, 0, 0, 0, 0, 0, 0, 0, 0, 0, 0, 0, 0, 0, 0, 0, 0, 0, 0, 0, 0, 0, 0, 0, 0, 0, 0, 0, 0, 0, 0, 0, 0, 0, 0, 0, 0, 0, 0, 0, 0, 0, 0, 0, 0, 0.00238095247187, 0, 0, 0.00238095247187, 0, 0, 0.00238095247187, 0, 0, 0.00476190494373, 0, 0, 0.0333333350718, 0, 0, 0, 0.519047617912, 0, 0, 0.423809528351, 0, 0, 0, 0.0119047621265, 0, 0, 0, 0, 0, 0, 0, 0, 0, 0, 0, 0, 0, 0, 0, 0, 0, 0, 0, 0, 0, 0, 0, 0, 0, 0, 0, 0, 0, 0, 0, 0, 0, 0, 0, 0, 0, 0, 0, 0, 0, 0, 0, 0, 0, 0, 0, 0, 0, 0, 0, 0, 0, 0, 0, 0, 0, 0, 0, 0, 0, 0, 0, 0, 0, 0, 0, 0, 0, 0, 0, 0, 0, 0, 0, 0, 0, 0, 0, 0, 0, 0, 0, 0, 0, 0, 0, 0, 0, 0, 0, 0, 0, 0, 0, 0, 0, 0, 0, 0, 0, 0, 0, 0, 0, 0, 0, 0, 0]
},
"tonal": {
    "chords_changes_rate": 0.0721295401454,
    "chords_number_rate": 0.00343474000692,
    "chords_strength": {
        "mean": 0.51215082407
    },
    "hpcp_crest": {
        "mean": 13.2906847
    },
    "hpcp_entropy": {
        "mean": 2.10021090508
    },
    "key_edma": {
        "strength": 0.778604388237,
        "key": "B",
        "scale": "major"
    },
    "key_krumhansl": {
        "strength": 0.761243700981,
        "key": "B",
        "scale": "major"
    },
    "key_temperley": {
        "strength": 0.764923751354,
        "key": "F#",
        "scale": "major"
    },
    "tuning_diatonic_strength": 0.695626854897,
    "tuning_equal_tempered_deviation": 0.111911535263,
    "tuning_frequency": 441.782684326,
    "tuning_nontempered_energy_ratio": 0.75866740942,
    "hpcp": {
        "mean": [0.0492136999965, 0.0744660273194, 0.179442450404, 0.205476045609, 0.11491125077, 0.132741138339, 0.149212002754, 0.0874332785606, 0.0595496185124, 0.0508496314287, 0.060337588191, 0.155149325728, 0.186457365751, 0.0913252234459, 0.0445593670011, 0.0472280606627, 0.0833219364285, 0.176415577531, 0.164804905653, 0.0685225278139, 0.0412286631763, 0.0422436259687, 0.0524144992232, 0.0799205973744, 0.0847941190004, 0.0872348323464, 0.208500117064, 0.291238069534, 0.175931721926, 0.0761169344187, 0.0609461739659, 0.0542167648673, 0.0978731438518, 0.115934856236, 0.0687685087323, 0.0457556433976]
    },
    "chords_histogram": [28.336605072, 3.01766443253, 9.5436706543, 1.91364085674, 1.39842987061, 0.515210986137, 1.8155053854, 1.37389600277, 6.50147199631, 2.62512278557, 0.981354296207, 0.147203147411, 0.858684957027, 0.417075574398, 0.956820428371, 1.59470069408, 0.0981354266405, 2.89499497414, 0.564278721809, 0.0981354266405, 0.711481869221, 4.56329727173, 21.6388607025, 7.43375873566],
    "thpcp": [1, 0.604082167149, 0.261356413364, 0.209265828133, 0.186159610748, 0.336058884859, 0.398075908422, 0.23612472415, 0.15710735321, 0.168981000781, 0.255687832832, 0.616136670113, 0.705526053905, 0.394561231136, 0.455782234669, 0.512336850166, 0.30021238327, 0.204470589757, 0.174598157406, 0.207176178694, 0.532723367214, 0.64022320509, 0.313575834036, 0.152999803424, 0.162163078785, 0.286095619202, 0.605743527412, 0.565876960754, 0.235280126333, 0.14156344533, 0.145048439503, 0.179971322417, 0.274416714907, 0.291150540113, 0.299531012774, 0.715909540653],
    "chords_key": "F#",
    "chords_scale": "major"
}
}