{
"metadata": {
    "version": {
        "essentia": "2.1-beta6-dev",
        "essentia_git_sha": "v2.1_beta5-1177-g1d1cc983",
        "extractor": "music 2.0"
    },
    "audio_properties": {
        "analysis": {
            "equal_loudness": 0,
            "length": 249.559997559,
            "sample_rate": 44100,
            "start_time": 0,
            "downmix": "mix"
        },
        "bit_rate": 1411200,
        "length": 249.559997559,
        "lossless": 1,
        "number_channels": 2,
        "replay_gain": -12.6851711273,
        "sample_rate": 44100,
        "codec": "pcm_s16le",
        "md5_encoded": "5a1d1e3c838ea6216b5427a448f03849"
    },
    "tags": {
        "file_name": "12 - Manchester Orchestra - Jimmy, He Whispers (Album Version).wav",
        "album": ["Mean Everything To Nothing"],
        "albumartist": ["Manchester Orchestra"],
        "artist": ["Manchester Orchestra"],
        "composer": ["Andy Hull"],
        "copyright": ["(P) 2009 Sony Music Entertainment"],
        "date": ["2009"],
        "discnumber": ["1"],
        "disctotal": ["1"],
        "genre": ["Pop\/Rock"],
        "isrc": ["USSM10900809"],
        "title": ["Jimmy, He Whispers (Album Version)"],
        "tracknumber": ["12"],
        "tracktotal": ["12"]
    }
},
"lowlevel": {
    "average_loudness": 0.228489309549,
    "barkbands_crest": {
        "mean": 13.7586603165
    },
    "barkbands_flatness_db": {
        "mean": 0.240105688572
    },
    "barkbands_kurtosis": {
        "mean": 43.7115364075
    },
    "barkbands_skewness": {
        "mean": 3.90340805054
    },
    "barkbands_spread": {
        "mean": 10.6084699631
    },
    "dissonance": {
        "mean": 0.421022117138
    },
    "dynamic_complexity": 9.37440681458,
    "erbbands_crest": {
        "mean": 13.4350996017
    },
    "erbbands_flatness_db": {
        "mean": 0.19918525219
    },
    "erbbands_kurtosis": {
        "mean": 7.23802089691
    },
    "erbbands_skewness": {
        "mean": 1.47705507278
    },
    "erbbands_spread": {
        "mean": 34.7042427063
    },
    "hfc": {
        "mean": 9.55294418335
    },
    "loudness_ebu128": {
        "integrated": -11.8431425095,
        "loudness_range": 11.9714250565,
        "momentary": {
            "mean": -19.3451461792
        },
        "short_term": {
            "mean": -15.9753484726
        }
    },
    "melbands_crest": {
        "mean": 17.7309875488
    },
    "melbands_flatness_db": {
        "mean": 0.338951408863
    },
    "melbands_kurtosis": {
        "mean": 60.8496551514
    },
    "melbands_skewness": {
        "mean": 4.58296632767
    },
    "melbands_spread": {
        "mean": 11.4563655853
    },
    "pitch_salience": {
        "mean": 0.457301497459
    },
    "silence_rate_20dB": {
        "mean": 1
    },
    "silence_rate_30dB": {
        "mean": 0.991534113884
    },
    "silence_rate_60dB": {
        "mean": 0.353521257639
    },
    "spectral_centroid": {
        "mean": 675.719116211
    },
    "spectral_complexity": {
        "mean": 5.65801477432
    },
    "spectral_decrease": {
        "mean": -4.45015713169e-09
    },
    "spectral_energy": {
        "mean": 0.0176623482257
    },
    "spectral_energyband_high": {
        "mean": 0.000428914034273
    },
    "spectral_energyband_low": {
        "mean": 0.00516774971038
    },
    "spectral_energyband_middle_high": {
        "mean": 0.00145173154306
    },
    "spectral_energyband_middle_low": {
        "mean": 0.0121179511771
    },
    "spectral_entropy": {
        "mean": 6.47989654541
    },
    "spectral_flux": {
        "mean": 0.0434689708054
    },
    "spectral_kurtosis": {
        "mean": 10.6621952057
    },
    "spectral_rms": {
        "mean": 0.00326327537186
    },
    "spectral_rolloff": {
        "mean": 885.145751953
    },
    "spectral_skewness": {
        "mean": 2.52666854858
    },
    "spectral_spread": {
        "mean": 4873616
    },
    "spectral_strongpeak": {
        "mean": 0.713035702705
    },
    "zerocrossingrate": {
        "mean": 0.0398955643177
    },
    "barkbands": {
        "mean": [1.69276099768e-05, 0.000875091878697, 0.0028802214656, 0.00301237590611, 0.00361010828055, 0.00167802139185, 0.00178678042721, 0.00119770900346, 0.000605745124631, 0.00039333497989, 0.000255022489, 0.000262066459982, 0.000179689959623, 6.0024936829e-05, 4.23357851105e-05, 0.000231970785535, 5.37644991709e-05, 3.27964989992e-05, 3.52083770849e-05, 5.04435956827e-05, 4.56240341009e-05, 8.6802894657e-05, 9.43599661696e-05, 0.000109705171781, 5.44993235962e-05, 1.11528133857e-05, 5.86873738939e-07]
    },
    "erbbands": {
        "mean": [0.0115057900548, 0.275862783194, 2.40582990646, 7.68551206589, 14.8436641693, 8.83718109131, 5.80774354935, 16.8056716919, 27.1928024292, 23.3601608276, 27.3343429565, 13.8064670563, 14.7996082306, 8.38681602478, 9.82160949707, 11.6551790237, 9.25810909271, 4.06732320786, 2.49089765549, 7.77160215378, 7.67562007904, 3.07417106628, 1.98639512062, 1.97969961166, 1.91171693802, 2.41473293304, 1.44978880882, 2.54764771461, 3.08260369301, 2.55609560013, 2.90840029716, 2.32192277908, 1.77141737938, 0.787607252598, 0.291884750128, 0.0937881991267, 0.0107990410179, 0.00108521955553, 0.000118677031423, 2.77040126093e-05]
    },
    "gfcc": {
        "mean": [-167.41784668, 96.5133666992, -68.5018920898, 28.036901474, -42.6740341187, 11.6417722702, -46.1194076538, -5.35266590118, -30.9043540955, -12.1994085312, -23.0414390564, -2.86839199066, -15.6265830994],
        "cov": [[31257.6640625, 2228.15161133, -1791.23181152, 1567.9666748, -3006.55419922, -675.095336914, -1666.94177246, 1244.60571289, 555.921447754, -233.238632202, -672.232971191, -442.206787109, -215.986236572], [2228.15161133, 1534.88696289, -12.255361557, -347.506225586, 12.2518024445, -258.287017822, -7.30286216736, 40.9055938721, 110.531112671, -171.440505981, -51.4514083862, -84.071395874, -91.0559234619], [-1791.23181152, -12.255361557, 1523.35510254, 380.882965088, -8.36429023743, -168.003601074, -88.6700820923, -28.3852138519, -179.594604492, -46.6824455261, -58.7267532349, 21.1333713531, -20.3693351746], [1567.9666748, -347.506225586, 380.882965088, 1276.4152832, 118.979484558, -181.968322754, -137.394241333, 21.7487621307, 15.1995544434, -1.37653648853, -146.215789795, -22.9381446838, 129.159851074], [-3006.55419922, 12.2518024445, -8.36429023743, 118.979484558, 960.634643555, 128.986251831, 266.396850586, -214.007537842, -19.6496124268, -2.14952898026, -10.3593645096, 20.7489700317, 74.0890350342], [-675.095336914, -258.287017822, -168.003601074, -181.968322754, 128.986251831, 376.955200195, 167.230224609, -82.5160522461, -16.4646015167, 24.1069393158, 29.0995178223, 17.1661968231, -12.2031116486], [-1666.94177246, -7.30286216736, -88.6700820923, -137.394241333, 266.396850586, 167.230224609, 371.701904297, -72.1133346558, -20.22315979, -5.5476064682, 38.890083313, 32.1098442078, 0.305335253477], [1244.60571289, 40.9055938721, -28.3852138519, 21.7487621307, -214.007537842, -82.5160522461, -72.1133346558, 272.973480225, 84.1959991455, 10.7405309677, -21.7216567993, -9.96088504791, -16.5719070435], [555.921447754, 110.531112671, -179.594604492, 15.1995544434, -19.6496124268, -16.4646015167, -20.22315979, 84.1959991455, 229.88432312, 53.5336914062, -25.8623371124, 7.39642095566, 24.2260074615], [-233.238632202, -171.440505981, -46.6824455261, -1.37653648853, -2.14952898026, 24.1069393158, -5.5476064682, 10.7405309677, 53.5336914062, 135.415084839, 38.9778289795, 17.1826038361, 23.8152713776], [-672.232971191, -51.4514083862, -58.7267532349, -146.215789795, -10.3593645096, 29.0995178223, 38.890083313, -21.7216567993, -25.8623371124, 38.9778289795, 142.74798584, 29.7322406769, -10.9942245483], [-442.206787109, -84.071395874, 21.1333713531, -22.9381446838, 20.7489700317, 17.1661968231, 32.1098442078, -9.96088504791, 7.39642095566, 17.1826038361, 29.7322406769, 113.756080627, 49.7906761169], [-215.986236572, -91.0559234619, -20.3693351746, 129.159851074, 74.0890350342, -12.2031116486, 0.305335253477, -16.5719070435, 24.2260074615, 23.8152713776, -10.9942245483, 49.7906761169, 127.33001709]],
        "icov": [[0.00028013062547, -0.000816090090666, 0.000570026400965, -0.000804566545412, 0.000747835205402, -0.000901396793779, 0.000808536889963, -0.000630225520581, 0.000720367243048, -0.000633915478829, 0.000772989762481, -0.000392099289456, 0.000394978997065], [-0.000816090090666, 0.00366919231601, -0.0017729899846, 0.0028822903987, -0.00234251772054, 0.00375055451877, -0.00260505778715, 0.00208882708102, -0.00334040937014, 0.0035737156868, -0.00225567957386, 0.00190823688172, -0.000940978876315], [0.000570026400965, -0.0017729899846, 0.00204450427555, -0.00192784331739, 0.00150566746015, -0.00160093849991, 0.00171433121432, -0.00128747860435, 0.00234299711883, -0.00164889625739, 0.00198780605569, -0.00153479923028, 0.00141485081986], [-0.000804566545412, 0.0028822903987, -0.00192784331739, 0.00369791314006, -0.00239483360201, 0.00333835207857, -0.00220547639765, 0.00180406053551, -0.00253854924813, 0.00232794973999, -0.00142007088289, 0.00199589971453, -0.00226504937746], [0.000747835205402, -0.00234251772054, 0.00150566746015, -0.00239483360201, 0.00367691623978, -0.00255108065903, 0.00107250886504, -0.000624901731499, 0.00179763860069, -0.00189772329759, 0.00227679731324, -0.000793260638602, 0.00031530650449], [-0.000901396793779, 0.00375055451877, -0.00160093849991, 0.00333835207857, -0.00255108065903, 0.00768243148923, -0.00422106869519, 0.00303615024313, -0.00302869128063, 0.0024831732735, -0.00185683695599, 0.00153269828297, -0.000511291786097], [0.000808536889963, -0.00260505778715, 0.00171433121432, -0.00220547639765, 0.00107250886504, -0.00422106869519, 0.00670839566737, -0.00214782101102, 0.00237428746186, -0.00148219498806, 0.00149940804113, -0.0021631710697, 0.00149660324678], [-0.000630225520581, 0.00208882708102, -0.00128747860435, 0.00180406053551, -0.000624901731499, 0.00303615024313, -0.00214782101102, 0.00679468363523, -0.00366705935448, 0.00168171152472, -0.00127438106574, 0.000942529586609, -0.000162600699696], [0.000720367243048, -0.00334040937014, 0.00234299711883, -0.00253854924813, 0.00179763860069, -0.00302869128063, 0.00237428746186, -0.00366705935448, 0.00956443231553, -0.00597660895437, 0.00402767723426, -0.00250795064494, 0.000590353272855], [-0.000633915478829, 0.0035737156868, -0.00164889625739, 0.00232794973999, -0.00189772329759, 0.0024831732735, -0.00148219498806, 0.00168171152472, -0.00597660895437, 0.0136618800461, -0.00544223515317, 0.00226798211224, -0.0023551278282], [0.000772989762481, -0.00225567957386, 0.00198780605569, -0.00142007088289, 0.00227679731324, -0.00185683695599, 0.00149940804113, -0.00127438106574, 0.00402767723426, -0.00544223515317, 0.0123392837122, -0.00378208886832, 0.00258033676073], [-0.000392099289456, 0.00190823688172, -0.00153479923028, 0.00199589971453, -0.000793260638602, 0.00153269828297, -0.0021631710697, 0.000942529586609, -0.00250795064494, 0.00226798211224, -0.00378208886832, 0.0135910240933, -0.0064224563539], [0.000394978997065, -0.000940978876315, 0.00141485081986, -0.00226504937746, 0.00031530650449, -0.000511291786097, 0.00149660324678, -0.000162600699696, 0.000590353272855, -0.0023551278282, 0.00258033676073, -0.0064224563539, 0.0131797911599]]
    },
    "melbands": {
        "mean": [0.000170188854099, 0.00101701135281, 0.0015688103158, 0.000889820163138, 0.000223180730245, 0.000386224215617, 0.000406300125178, 0.000243092013989, 0.000219803143409, 7.71658596932e-05, 7.20170719433e-05, 3.22613341268e-05, 3.37054916599e-05, 2.94825240417e-05, 2.4946346457e-05, 1.74216966116e-05, 6.50000583846e-06, 3.93212712879e-06, 3.20934373121e-06, 2.17276719923e-05, 5.38551466889e-06, 3.06066681333e-06, 2.33858554566e-06, 1.6220830048e-06, 1.59359683494e-06, 1.13000135116e-06, 1.65560459209e-06, 1.6193139345e-06, 8.8424161504e-07, 9.31948932248e-07, 1.72304055468e-06, 1.85501744454e-06, 1.48063725192e-06, 1.37795473165e-06, 1.7433277435e-06, 1.38893904023e-06, 1.48109177189e-06, 1.35348830099e-06, 9.1355815357e-07, 5.80271034778e-07]
    },
    "melbands128": {
        "mean": [1.18466505228e-05, 4.84018091811e-05, 0.000185135591892, 0.000493183906656, 0.000894078344572, 0.00161247630604, 0.00152125023305, 0.00156722893007, 0.00167675642297, 0.000919735233765, 0.000349989248207, 0.000279661704553, 0.000147493876284, 0.000202269031433, 0.000325650238665, 0.000529439479578, 0.0005616179551, 0.000321130821249, 0.000326444016537, 0.000252643832937, 0.000204173251404, 0.000184335789527, 0.000304607703583, 0.000146793929162, 6.45638210699e-05, 5.37862761121e-05, 6.78695723764e-05, 0.000101065714261, 4.86436510982e-05, 2.4258497433e-05, 2.9710941817e-05, 3.85884086427e-05, 3.58499237336e-05, 3.24476495734e-05, 1.81378563866e-05, 3.47299574059e-05, 3.730656681e-05, 2.31899812206e-05, 1.64457633218e-05, 2.56523962889e-05, 1.81225241249e-05, 5.83468226978e-06, 5.47066565559e-06, 7.95428331912e-06, 4.78533229398e-06, 2.82458472611e-06, 3.33223556481e-06, 3.26745362145e-06, 3.28126725435e-06, 3.59123851013e-06, 4.34909343312e-05, 1.60962645168e-05, 2.79059963759e-06, 2.81603638541e-06, 2.66821029982e-06, 2.93787911687e-06, 3.48175262843e-06, 3.28071996591e-06, 1.43886234127e-06, 1.56500266257e-06, 1.6219379404e-06, 1.22830374494e-06, 2.87800344267e-06, 1.06516517917e-06, 8.87961618901e-07, 1.02003104985e-06, 1.27517296278e-06, 1.72111549546e-06, 1.66269330748e-06, 1.74608089765e-06, 1.62750893651e-06, 1.79243045295e-06, 9.78800130724e-07, 7.08812819994e-07, 6.61782564748e-07, 8.87195085397e-07, 9.94657739284e-07, 1.32200102598e-06, 1.83816507615e-06, 2.11279643736e-06, 2.01275179279e-06, 1.69998349975e-06, 1.59356704899e-06, 1.40813847338e-06, 1.49317372689e-06, 1.27269652239e-06, 1.28981150738e-06, 1.64400591984e-06, 1.76364494564e-06, 1.87309092325e-06, 1.66893164533e-06, 1.01595799151e-06, 1.29348177325e-06, 1.58020725394e-06, 1.53340943143e-06, 1.53959217641e-06, 1.31542719828e-06, 1.11608483166e-06, 9.54726033342e-07, 7.96906874712e-07, 6.60965156385e-07, 5.48630850972e-07, 4.81889969706e-07, 3.8065576291e-07, 2.84340018197e-07, 2.70409628911e-07, 2.821776377e-07, 2.10581546867e-07, 1.59978171155e-07, 1.07829698948e-07, 5.56325900902e-08, 3.52898261724e-08, 2.15983035901e-08, 1.34935538298e-08, 1.14663878392e-08, 8.79942252396e-09, 5.23682430753e-09, 4.58785764934e-09, 3.66141361674e-09, 3.16053716531e-09, 2.39250108613e-09, 1.95765759159e-09, 1.74880476767e-09, 1.4092720324e-09, 1.13490705722e-09, 6.86125045668e-10, 8.39776748141e-10, 7.71436137192e-10]
    },
    "mfcc": {
        "mean": [-826.65625, 135.767669678, 32.3462181091, 25.7836723328, 20.8781356812, 11.4290447235, -1.1954356432, 5.91305923462, -6.25874710083, -10.7867116928, -10.1600522995, -6.63250780106, 0.360161691904],
        "cov": [[26301.8027344, 483.961120605, 88.2493896484, 309.246917725, -780.937866211, -1585.09130859, -1880.40820312, 169.421829224, 223.451080322, 439.806671143, 60.0651054382, -274.177520752, -26.638174057], [483.961120605, 2040.90100098, 39.896194458, -150.977523804, -12.1283912659, -275.62588501, -134.480743408, 119.31300354, -7.81178188324, -34.9186019897, 40.1995391846, -44.274307251, -17.8967971802], [88.2493896484, 39.896194458, 1094.19445801, 268.951141357, 15.4930496216, -142.829162598, -108.977127075, -43.2783813477, -24.9915771484, -78.2480621338, -52.5880393982, -64.2444763184, -80.9240646362], [309.246917725, -150.977523804, 268.951141357, 1071.46374512, 360.763427734, 60.4927597046, -65.0096282959, -20.266336441, 160.067489624, -7.62499046326, -171.425109863, -68.9297790527, 3.06705784798], [-780.937866211, -12.1283912659, 15.4930496216, 360.763427734, 433.482513428, 149.010803223, 42.1460609436, -26.0738830566, 67.9980316162, 2.47169303894, -58.0790328979, -23.8130168915, -14.4094266891], [-1585.09130859, -275.62588501, -142.829162598, 60.4927597046, 149.010803223, 508.016235352, 245.156585693, -2.42576813698, 45.0302505493, -39.7579269409, -20.8522129059, 45.3908882141, 24.0040245056], [-1880.40820312, -134.480743408, -108.977127075, -65.0096282959, 42.1460609436, 245.156585693, 388.585205078, 31.3190879822, -30.4755382538, -41.6559104919, -10.6914691925, 53.4043731689, 20.1490707397], [169.421829224, 119.31300354, -43.2783813477, -20.266336441, -26.0738830566, -2.42576813698, 31.3190879822, 184.622375488, 59.6762084961, 13.7478485107, 20.2715435028, -1.38414406776, 27.2761554718], [223.451080322, -7.81178188324, -24.9915771484, 160.067489624, 67.9980316162, 45.0302505493, -30.4755382538, 59.6762084961, 201.837387085, 47.6292304993, -15.1966619492, -8.89375114441, 29.3561820984], [439.806671143, -34.9186019897, -78.2480621338, -7.62499046326, 2.47169303894, -39.7579269409, -41.6559104919, 13.7478485107, 47.6292304993, 161.830856323, 48.9795532227, -2.84937858582, 17.5717144012], [60.0651054382, 40.1995391846, -52.5880393982, -171.425109863, -58.0790328979, -20.8522129059, -10.6914691925, 20.2715435028, -15.1966619492, 48.9795532227, 133.97883606, 26.7503051758, -0.146194204688], [-274.177520752, -44.274307251, -64.2444763184, -68.9297790527, -23.8130168915, 45.3908882141, 53.4043731689, -1.38414406776, -8.89375114441, -2.84937858582, 26.7503051758, 112.868095398, 34.7479400635], [-26.638174057, -17.8967971802, -80.9240646362, 3.06705784798, -14.4094266891, 24.0040245056, 20.1490707397, 27.2761554718, 29.3561820984, 17.5717144012, -0.146194204688, 34.7479400635, 131.782989502]],
        "icov": [[6.71221132507e-05, 9.95640675683e-06, 3.28572459694e-05, -4.63754040538e-05, 0.000113885878818, 5.02341827087e-05, 0.000284372450551, -0.000103892372863, 1.40876500154e-05, -9.67485102592e-05, 5.23850831087e-05, 3.45776311406e-06, 2.6410947612e-05], [9.95640675683e-06, 0.000587557675317, 1.45726053233e-05, 0.00013125660189, -0.000245334085776, 0.00035999584361, 0.000123790319776, -0.000422283163061, -2.40064218815e-05, 0.000321483996231, -0.000128103711177, 0.000121216959087, -5.84448298468e-06], [3.28572459694e-05, 1.45726053233e-05, 0.00115030643065, -0.000393895810703, 0.000217434659135, 0.00030258129118, 0.000204004056286, 6.38739875285e-05, 8.88655486051e-05, 0.000541584624443, -0.000157707050676, 0.000233982267673, 0.000494525651447], [-4.63754040538e-05, 0.00013125660189, -0.000393895810703, 0.00191710412037, -0.00133963080589, 7.76654560468e-05, 8.28379488667e-05, 3.44117179338e-05, -0.00088682025671, -7.79984329711e-05, 0.00160600943491, 0.000170733081177, -0.000293746066745], [0.000113885878818, -0.000245334085776, 0.000217434659135, -0.00133963080589, 0.0040332749486, -0.000951891764998, 0.000263454712695, 0.000485925498651, -0.000229585348279, -0.000609695736784, 7.03312180121e-05, 0.000344834756106, 0.000669528264552], [5.02341827087e-05, 0.00035999584361, 0.00030258129118, 7.76654560468e-05, -0.000951891764998, 0.0037387998309, -0.00176919391379, 0.000397747353418, -0.00123037770391, 0.0010260543786, -0.000396322458982, -0.000315436744131, -0.000133875757456], [0.000284372450551, 0.000123790319776, 0.000204004056286, 8.28379488667e-05, 0.000263454712695, -0.00176919391379, 0.0055596367456, -0.00178554991726, 0.00139961100649, -0.000263313821051, 0.00106025091372, -0.00115710264072, 9.78304160526e-05], [-0.000103892372863, -0.000422283163061, 6.38739875285e-05, 3.44117179338e-05, 0.000485925498651, 0.000397747353418, -0.00178554991726, 0.00731685152277, -0.00265692430548, 0.000584347755648, -0.00144801440183, 0.000987965730019, -0.00104883010499], [1.40876500154e-05, -2.40064218815e-05, 8.88655486051e-05, -0.00088682025671, -0.000229585348279, -0.00123037770391, 0.00139961100649, -0.00265692430548, 0.00768531160429, -0.00218120380305, 0.00081546214642, -0.000117405077617, -0.000779558555223], [-9.67485102592e-05, 0.000321483996231, 0.000541584624443, -7.79984329711e-05, -0.000609695736784, 0.0010260543786, -0.000263313821051, 0.000584347755648, -0.00218120380305, 0.00883331429213, -0.00382927106693, 0.000987950130366, -0.000932434108108], [5.23850831087e-05, -0.000128103711177, -0.000157707050676, 0.00160600943491, 7.03312180121e-05, -0.000396322458982, 0.00106025091372, -0.00144801440183, 0.00081546214642, -0.00382927106693, 0.0117423031479, -0.00252645672299, 0.00108457519673], [3.45776311406e-06, 0.000121216959087, 0.000233982267673, 0.000170733081177, 0.000344834756106, -0.000315436744131, -0.00115710264072, 0.000987965730019, -0.000117405077617, 0.000987950130366, -0.00252645672299, 0.0114181311801, -0.00289460248314], [2.6410947612e-05, -5.84448298468e-06, 0.000494525651447, -0.000293746066745, 0.000669528264552, -0.000133875757456, 9.78304160526e-05, -0.00104883010499, -0.000779558555223, -0.000932434108108, 0.00108457519673, -0.00289460248314, 0.00926543120295]]
    },
    "spectral_contrast_coeffs": {
        "mean": [-0.650363981724, -0.736394286156, -0.770085334778, -0.790929436684, -0.798411309719, -0.815918803215]
    },
    "spectral_contrast_valleys": {
        "mean": [-7.88994598389, -8.83586215973, -9.47318267822, -9.80153465271, -10.0119247437, -11.8672523499]
    }
},
"rhythm": {
    "beats_count": 552,
    "beats_loudness": {
        "mean": 0.0233861524612
    },
    "bpm": 132.102584839,
    "bpm_histogram_first_peak_bpm": 133,
    "bpm_histogram_first_peak_weight": 0.602787494659,
    "bpm_histogram_second_peak_bpm": 167,
    "bpm_histogram_second_peak_spread": 0,
    "bpm_histogram_second_peak_weight": 0.0725952833891,
    "danceability": 0.861625730991,
    "onset_rate": 2.64444613457,
    "beats_loudness_band_ratio": {
        "mean": [0.656358599663, 0.236002773046, 0.094394735992, 0.0589877776802, 0.026476662606, 0.0428769402206]
    },
    "beats_position": [0.476009070873, 0.952018141747, 1.42802715302, 1.90403628349, 2.36843538284, 2.83283448219, 3.29723358154, 3.76163268089, 4.22603178024, 4.69043064117, 5.15482997894, 5.61922883987, 6.08362817764, 6.53641700745, 6.98920631409, 7.45360517502, 7.91800451279, 8.38240337372, 8.84680271149, 9.32281208038, 9.77560043335, 10.2399997711, 10.7043991089, 11.1687984467, 11.6331968307, 12.1208162308, 12.6084346771, 13.0960540771, 13.4675731659, 13.8390922546, 14.1990022659, 14.5705213547, 14.9188203812, 15.2787294388, 15.6270294189, 15.9753284454, 16.3352375031, 16.6951465607, 17.0550556183, 17.4149665833, 17.7748756409, 18.1347846985, 18.4946937561, 18.8546028137, 19.3190021515, 19.760181427, 20.2013607025, 20.642539978, 21.1069393158, 21.5597267151, 22.0125160217, 22.4769153595, 22.9297046661, 23.3824939728, 23.8236732483, 24.2648525238, 24.7176418304, 25.1704311371, 25.6232185364, 26.0876178741, 26.5520172119, 27.0048065186, 27.4575958252, 27.921995163, 28.3747844696, 28.8159637451, 29.2687530518, 29.7563705444, 30.2323799133, 30.7199993134, 31.2076187134, 31.6952381134, 32.1828575134, 32.6588668823, 33.1348762512, 33.6224937439, 34.1101112366, 34.5280723572, 34.9576416016, 35.3639907837, 35.7703399658, 36.1766891479, 36.5830383301, 36.9777755737, 37.3841247559, 37.7788658142, 38.1736030579, 38.5683441162, 39.0327415466, 39.4971427917, 39.9731521606, 40.4143295288, 40.8671188354, 41.3315200806, 41.795917511, 42.2603149414, 42.7247161865, 43.1775054932, 43.6302947998, 44.0830841064, 44.5823135376, 45.0815429688, 45.5807685852, 46.0683898926, 46.5560073853, 47.0552368164, 47.5544662476, 48.0536956787, 48.5529251099, 49.052154541, 49.5513839722, 50.0390014648, 50.5266189575, 51.0142402649, 51.5018577576, 51.9894790649, 52.4074363708, 52.8253974915, 53.2433547974, 53.6729240417, 54.1024932861, 54.5320625305, 54.9964599609, 55.4492492676, 55.9136505127, 56.3780479431, 56.8424491882, 57.3068466187, 57.7828559875, 58.247253418, 58.7000427246, 59.1644439697, 59.6172332764, 60.070022583, 60.5111999512, 60.952381134, 61.3935585022, 61.8347396851, 62.2759170532, 62.7403144836, 63.1931037903, 63.6458930969, 64.0986862183, 64.5514755249, 65.0158691406, 65.4802703857, 65.9446716309, 66.409072876, 66.9547348022, 67.5004043579, 68.0344696045, 68.5685272217, 69.1141967773, 69.659866333, 70.2171401978, 70.7744216919, 71.3200912476, 71.7960968018, 72.2604980469, 72.724899292, 73.1776885986, 73.6304779053, 74.0832672119, 74.5360565186, 74.9772338867, 75.4184112549, 75.859588623, 76.3239898682, 76.7651672363, 77.217956543, 77.5778656006, 77.9377746582, 78.2976837158, 78.6575927734, 79.0175018311, 79.3774108887, 79.7373199463, 80.1088409424, 80.4571380615, 80.8054428101, 81.1421279907, 81.4788208008, 81.8271179199, 82.1754150391, 82.5237197876, 82.8720169067, 83.2319259644, 83.5802230835, 83.928527832, 84.2768249512, 84.6251220703, 85.0895233154, 85.5539245605, 86.0299301147, 86.5059356689, 86.9819488525, 87.4463500977, 87.9223556519, 88.386756897, 88.8511581421, 89.3039474487, 89.7451248169, 90.1863021851, 90.6390914917, 91.0918807983, 91.5330581665, 91.9858474731, 92.4386367798, 92.8914260864, 93.3442153931, 93.7970046997, 94.2497940063, 94.702583313, 95.1553726196, 95.6081619263, 96.0609512329, 96.5137405396, 96.9549179077, 97.3960952759, 97.8372802734, 98.2784576416, 98.7196350098, 99.1608123779, 99.6019973755, 100.031562805, 100.472740173, 100.913917542, 101.355102539, 101.796279907, 102.249069214, 102.701858521, 103.166259766, 103.630653381, 104.095054626, 104.559455872, 105.023849487, 105.476638794, 105.952651978, 106.417053223, 106.869842529, 107.311019897, 107.763809204, 108.216598511, 108.657775879, 109.087341309, 109.516914368, 109.958091736, 110.399269104, 110.828842163, 111.270019531, 111.69959259, 112.12915802, 112.547119141, 112.988296509, 113.441085815, 113.893875122, 114.33505249, 114.799453735, 115.26385498, 115.728248596, 116.192649841, 116.657051086, 117.109840393, 117.551017761, 118.003807068, 118.468208313, 118.932601929, 119.397003174, 119.838180542, 120.290969849, 120.79019928, 121.289428711, 121.788658142, 122.287887573, 122.787117004, 123.286346436, 123.785575867, 124.296417236, 124.784034729, 125.248435974, 125.71282959, 126.188842773, 126.722900391, 127.245346069, 127.779411316, 128.348297119, 128.917190552, 129.474472046, 130.031738281, 130.589019775, 131.065032959, 131.552658081, 132.028656006, 132.493057251, 132.957458496, 133.421859741, 133.886260986, 134.339050293, 134.780227661, 135.233016968, 135.685806274, 136.15020752, 136.626205444, 137.078994751, 137.531784058, 137.984573364, 138.437362671, 138.878540039, 139.319732666, 139.760910034, 140.202087402, 140.643264771, 141.084442139, 141.548843384, 142.013244629, 142.477645874, 142.953643799, 143.418045044, 143.870834351, 144.323623657, 144.776412964, 145.240814209, 145.705215454, 146.169616699, 146.622406006, 147.075195312, 147.516372681, 147.969161987, 148.421951294, 148.874740601, 149.327529907, 149.791931152, 150.244720459, 150.697509766, 151.150299072, 151.603088379, 152.055877686, 152.508651733, 152.96144104, 153.414230347, 153.867019653, 154.31980896, 154.772598267, 155.225387573, 155.67817688, 156.142578125, 156.595367432, 157.059768677, 157.524169922, 157.988571167, 158.452972412, 158.928970337, 159.288879395, 159.637191772, 159.99710083, 160.345397949, 160.705307007, 161.053604126, 161.390289307, 161.726974487, 162.063674927, 162.400360107, 162.737045288, 163.073745728, 163.410430908, 163.770339966, 164.130249023, 164.490158081, 164.8384552, 165.209976196, 165.569885254, 165.929794312, 166.289703369, 166.649612427, 167.021133423, 167.404266357, 167.787384033, 168.158905029, 168.518814087, 168.867111206, 169.227020264, 169.586929321, 169.946838379, 170.306747437, 170.666656494, 171.026565552, 171.398086548, 171.757995605, 172.129516602, 172.489425659, 172.860946655, 173.220855713, 173.592376709, 173.952285767, 174.312194824, 174.68371582, 175.055236816, 175.473190308, 175.891159058, 176.309112549, 176.703857422, 177.098587036, 177.493331909, 177.888076782, 178.282806396, 178.67755127, 179.060684204, 179.432189941, 179.86177063, 180.302947998, 180.744125366, 181.196914673, 181.649703979, 182.090881348, 182.532058716, 182.973236084, 183.437637329, 183.902038574, 184.366439819, 184.819229126, 185.272018433, 185.748016357, 186.212417603, 186.688430786, 187.16444397, 187.652053833, 188.128067017, 188.592468262, 189.03364563, 189.474822998, 189.916000366, 190.368789673, 190.821578979, 191.274368286, 191.727157593, 192.191558838, 192.644348145, 193.097137451, 193.561538696, 194.025939941, 194.490341187, 194.966339111, 195.442352295, 195.918365479, 196.394378662, 196.870376587, 197.346389771, 197.834014893, 198.321624756, 198.809249878, 199.273651123, 199.738052368, 200.190841675, 200.643630981, 201.108016968, 201.572418213, 202.02520752, 202.477996826, 202.919174194, 203.360351562, 203.801544189, 204.242721558, 204.683898926, 205.125076294, 205.566253662, 206.019042969, 206.471832275, 206.901397705, 207.330978394, 207.760543823, 208.21333313, 208.666122437, 209.118911743, 209.57170105, 210.047698975, 210.523712158, 211.01133728, 211.498947144, 211.974960327, 212.439361572, 212.903762817, 213.344940186, 213.774505615, 214.192474365, 214.610427856, 215.028381348, 215.457962036, 215.922348022, 216.386749268, 216.839538574, 217.292327881, 217.756729126, 218.221130371, 218.685531616, 219.149932861, 219.637542725, 220.206436157, 220.77532959, 221.320999146, 221.878265381, 222.447158813, 223.004440308, 223.57333374, 224.142211914, 224.711105347, 225.279998779, 225.930160522, 226.568710327, 227.195648193, 227.834197998, 228.461135864, 229.08807373, 229.715011597, 230.330337524, 230.852783203, 231.375228882, 231.828018188, 232.292419434, 232.756820679, 233.209609985, 233.639175415, 234.057144165, 234.498321533, 234.939498901, 235.38067627, 235.833465576, 236.286254883, 236.739044189, 237.191833496, 237.633010864, 238.155456543, 238.701126099, 239.223571777, 239.746032715, 240.280090332, 240.814147949, 241.336593628, 241.870651245, 242.381484985, 242.892333984, 243.403167725, 243.914016724, 244.424850464, 244.924072266, 245.411697388, 245.89932251, 246.386932373, 246.874557495, 247.362167358, 247.84979248, 248.337417603, 248.825027466],
    "bpm_histogram": [0, 0, 0, 0, 0, 0, 0, 0, 0, 0, 0, 0, 0, 0, 0, 0, 0, 0, 0, 0, 0, 0, 0, 0, 0, 0, 0, 0, 0, 0, 0, 0, 0, 0, 0, 0, 0, 0, 0, 0, 0, 0, 0, 0, 0, 0, 0, 0, 0, 0, 0, 0, 0, 0, 0, 0, 0, 0, 0, 0, 0, 0, 0, 0, 0, 0, 0, 0, 0, 0, 0, 0, 0, 0, 0, 0, 0, 0, 0, 0, 0, 0, 0, 0, 0, 0, 0, 0, 0, 0, 0, 0, 0.00181488203816, 0, 0.00362976407632, 0, 0.00725952815264, 0, 0.00181488203816, 0, 0, 0, 0, 0, 0, 0.016333937645, 0, 0, 0.0127041740343, 0, 0.0127041740343, 0, 0.0127041740343, 0, 0, 0.0127041740343, 0, 0.0108892917633, 0, 0, 0.0308529939502, 0, 0, 0.0617059879005, 0, 0, 0.0617059879005, 0, 0, 0.192377492785, 0, 0, 0, 0.206896558404, 0, 0, 0.121597096324, 0, 0, 0, 0.0308529939502, 0, 0, 0, 0.0217785835266, 0, 0, 0, 0.00907441042364, 0, 0, 0, 0.0181488208473, 0, 0, 0, 0, 0.00544464588165, 0, 0, 0, 0.0235934667289, 0.00181488203816, 0, 0, 0, 0, 0.0725952833891, 0, 0, 0, 0, 0.0326678752899, 0, 0, 0, 0, 0, 0.016333937645, 0, 0, 0, 0, 0, 0, 0, 0, 0, 0, 0, 0, 0, 0, 0, 0, 0, 0, 0, 0, 0, 0, 0, 0, 0, 0, 0, 0, 0, 0, 0, 0, 0, 0, 0, 0, 0, 0, 0, 0, 0, 0, 0, 0, 0, 0, 0, 0, 0, 0, 0, 0, 0, 0, 0, 0, 0, 0, 0, 0, 0, 0, 0, 0, 0, 0, 0, 0, 0, 0, 0]
},
"tonal": {
    "chords_changes_rate": 0.0478139519691,
    "chords_number_rate": 0.00167441857047,
    "chords_strength": {
        "mean": 0.530578136444
    },
    "hpcp_crest": {
        "mean": 18.8576107025
    },
    "hpcp_entropy": {
        "mean": 1.42744064331
    },
    "key_edma": {
        "strength": 0.693900287151,
        "key": "F",
        "scale": "minor"
    },
    "key_krumhansl": {
        "strength": 0.704754292965,
        "key": "C",
        "scale": "minor"
    },
    "key_temperley": {
        "strength": 0.712299525738,
        "key": "C",
        "scale": "minor"
    },
    "tuning_diatonic_strength": 0.526408493519,
    "tuning_equal_tempered_deviation": 0.0578750036657,
    "tuning_frequency": 439.491973877,
    "tuning_nontempered_energy_ratio": 0.655938029289,
    "hpcp": {
        "mean": [0.0165711827576, 0.0215262807906, 0.0312796533108, 0.0567043572664, 0.0556996166706, 0.0328284054995, 0.0267952736467, 0.033952806145, 0.254678815603, 0.478885442019, 0.26817753911, 0.0388578996062, 0.0561728589237, 0.0495203770697, 0.0258180461824, 0.0461046248674, 0.0532768778503, 0.088263720274, 0.14592474699, 0.0970744490623, 0.0305307935923, 0.0243618879467, 0.033183850348, 0.100252531469, 0.118611030281, 0.0623311586678, 0.0411146879196, 0.042213447392, 0.0670409724116, 0.155700579286, 0.260213464499, 0.191348671913, 0.0786295458674, 0.0902594849467, 0.0654212012887, 0.0189537927508]
    },
    "chords_histogram": [44.9488372803, 8.26046466827, 1.07906973362, 3.34883713722, 0.613953471184, 0.818604648113, 0.837209284306, 10.2697677612, 0, 0.744186043739, 0.037209302187, 0.297674417496, 1.26511633396, 0.204651162028, 0.204651162028, 0, 0.0558139532804, 0.279069781303, 0, 3.83255815506, 0.837209284306, 0, 13.3023252487, 8.76279067993],
    "thpcp": [1, 0.560003519058, 0.081142373383, 0.117299154401, 0.103407561779, 0.053912781179, 0.0962748527527, 0.111251823604, 0.184310719371, 0.304717451334, 0.202709123492, 0.0637538582087, 0.0508720576763, 0.069293923676, 0.209345534444, 0.247681424022, 0.130158811808, 0.0858549550176, 0.0881493613124, 0.13999375701, 0.3251311481, 0.54337310791, 0.39957088232, 0.164192810655, 0.188478246331, 0.136611387134, 0.0395789705217, 0.0346036478877, 0.0449507944286, 0.0653176084161, 0.118409022689, 0.116310939193, 0.0685516893864, 0.0559534095228, 0.0708996430039, 0.531815767288],
    "chords_key": "C",
    "chords_scale": "minor"
}
}