{
"metadata": {
    "version": {
        "essentia": "2.1-beta6-dev",
        "essentia_git_sha": "v2.1_beta5-1177-g1d1cc983",
        "extractor": "music 2.0"
    },
    "audio_properties": {
        "analysis": {
            "equal_loudness": 0,
            "length": 248.293334961,
            "sample_rate": 44100,
            "start_time": 0,
            "downmix": "mix"
        },
        "bit_rate": 1411200,
        "length": 248.293334961,
        "lossless": 1,
        "number_channels": 2,
        "replay_gain": -5.10348701477,
        "sample_rate": 44100,
        "codec": "pcm_s16le",
        "md5_encoded": "1b5b9c5e60fdc20c0eac4006c672765d"
    },
    "tags": {
        "file_name": "07 - Manchester Orchestra - Sleeper 1972.wav",
        "album": ["I'm Like a Virgin Losing a Child"],
        "albumartist": ["Manchester Orchestra"],
        "artist": ["Manchester Orchestra"],
        "copyright": ["2006 Favorite Gentlemen 2006 Favorite Gentlemen"],
        "date": ["2006"],
        "discnumber": ["1"],
        "disctotal": ["1"],
        "genre": ["Alternative & Indie"],
        "isrc": ["USTC10665310"],
        "title": ["Sleeper 1972"],
        "tracknumber": ["7"],
        "tracktotal": ["11"]
    }
},
"lowlevel": {
    "average_loudness": 0.188573867083,
    "barkbands_crest": {
        "mean": 15.6588315964
    },
    "barkbands_flatness_db": {
        "mean": 0.335988044739
    },
    "barkbands_kurtosis": {
        "mean": 37.3232192993
    },
    "barkbands_skewness": {
        "mean": 4.19446372986
    },
    "barkbands_spread": {
        "mean": 6.16604232788
    },
    "dissonance": {
        "mean": 0.385165154934
    },
    "dynamic_complexity": 4.06677818298,
    "erbbands_crest": {
        "mean": 14.8710699081
    },
    "erbbands_flatness_db": {
        "mean": 0.260224759579
    },
    "erbbands_kurtosis": {
        "mean": 4.8292760849
    },
    "erbbands_skewness": {
        "mean": 1.6736959219
    },
    "erbbands_spread": {
        "mean": 24.2045440674
    },
    "hfc": {
        "mean": 8.94637107849
    },
    "loudness_ebu128": {
        "integrated": -17.6458148956,
        "loudness_range": 4.09100532532,
        "momentary": {
            "mean": -19.7569675446
        },
        "short_term": {
            "mean": -18.7533550262
        }
    },
    "melbands_crest": {
        "mean": 22.1097335815
    },
    "melbands_flatness_db": {
        "mean": 0.428933173418
    },
    "melbands_kurtosis": {
        "mean": 57.3063278198
    },
    "melbands_skewness": {
        "mean": 5.01490688324
    },
    "melbands_spread": {
        "mean": 4.95815515518
    },
    "pitch_salience": {
        "mean": 0.369207113981
    },
    "silence_rate_20dB": {
        "mean": 1
    },
    "silence_rate_30dB": {
        "mean": 0.984198212624
    },
    "silence_rate_60dB": {
        "mean": 0.058532025665
    },
    "spectral_centroid": {
        "mean": 432.015991211
    },
    "spectral_complexity": {
        "mean": 7.05853223801
    },
    "spectral_decrease": {
        "mean": -8.20167844751e-09
    },
    "spectral_energy": {
        "mean": 0.0317662768066
    },
    "spectral_energyband_high": {
        "mean": 0.000165775316418
    },
    "spectral_energyband_low": {
        "mean": 0.0124195767567
    },
    "spectral_energyband_middle_high": {
        "mean": 0.00135088595562
    },
    "spectral_energyband_middle_low": {
        "mean": 0.0211689919233
    },
    "spectral_entropy": {
        "mean": 5.78891563416
    },
    "spectral_flux": {
        "mean": 0.0297808982432
    },
    "spectral_kurtosis": {
        "mean": 26.3219223022
    },
    "spectral_rms": {
        "mean": 0.00521131139249
    },
    "spectral_rolloff": {
        "mean": 543.150390625
    },
    "spectral_skewness": {
        "mean": 3.62030124664
    },
    "spectral_spread": {
        "mean": 3029990
    },
    "spectral_strongpeak": {
        "mean": 0.975416302681
    },
    "zerocrossingrate": {
        "mean": 0.0206635873765
    },
    "barkbands": {
        "mean": [2.72778788712e-06, 0.00193431775551, 0.00720586068928, 0.00757098291069, 0.00962666515261, 0.00160650024191, 0.000414120033383, 0.0014342305949, 0.000412003340898, 0.000767148449086, 0.000107819912955, 0.000117080824566, 8.54157915455e-05, 7.05849961378e-05, 6.97092982591e-05, 3.44265790773e-05, 6.87300707796e-05, 4.66493220301e-05, 1.30058215291e-05, 3.6359513615e-05, 5.03090632265e-05, 2.80618223769e-05, 1.68375408975e-05, 2.77404869848e-05, 1.26614077089e-05, 6.36301319901e-06, 1.8624351128e-07]
    },
    "erbbands": {
        "mean": [0.0111338794231, 0.684696257114, 6.80614423752, 17.8648433685, 38.3950881958, 23.7715873718, 22.6591300964, 7.06334686279, 6.81351089478, 9.70794582367, 33.9754676819, 10.7081108093, 16.3659248352, 20.9780426025, 4.94604444504, 4.75350952148, 3.86741566658, 4.15433263779, 3.66168880463, 2.99404573441, 2.80389618874, 2.97485136986, 2.94567298889, 0.824451506138, 0.921130478382, 1.63301122189, 1.75413048267, 2.29150700569, 1.18729567528, 0.379757732153, 0.519198596478, 0.366229116917, 0.592316567898, 0.203934237361, 0.0664415583014, 0.0368525497615, 0.0102743944153, 0.000854497891851, 4.82334835397e-05, 3.70388879674e-05]
    },
    "gfcc": {
        "mean": [-141.521820068, 158.594772339, -80.5405197144, 26.1678581238, -36.6436767578, -8.08958244324, -36.3277244568, -9.99185180664, -24.0397605896, -29.0483760834, -23.460100174, -9.87130260468, -1.49018383026],
        "cov": [[14275.1191406, -1231.69726562, 62.2836418152, -907.444519043, -1693.43579102, 1105.56005859, -1514.39257812, 582.648742676, -1113.89794922, 334.594268799, -674.786499023, -364.639129639, -832.319519043], [-1231.69726562, 3349.02368164, 47.2511177063, -386.532165527, 832.24987793, -645.239135742, 681.023376465, -377.968231201, 450.10635376, -523.647888184, 117.142883301, -30.4407787323, 317.193481445], [62.2836418152, 47.2511177063, 522.715148926, 162.134857178, 57.7045669556, 70.2951049805, 33.9753761292, 51.3412590027, -29.6879730225, 43.1743049622, -17.0259189606, -39.2434005737, -72.7433242798], [-907.444519043, -386.532165527, 162.134857178, 578.891784668, 83.1370315552, -7.06962585449, 92.2775039673, -22.4203205109, 46.5593948364, 28.3254127502, 11.5828876495, 33.5633544922, 90.5480728149], [-1693.43579102, 832.24987793, 57.7045669556, 83.1370315552, 573.523864746, -200.57951355, 280.363739014, -156.547317505, 197.775299072, -149.778564453, 46.0276451111, 0.334116071463, 124.514434814], [1105.56005859, -645.239135742, 70.2951049805, -7.06962585449, -200.57951355, 374.779327393, -115.705123901, 154.589538574, -126.603538513, 164.23538208, -32.2665061951, -38.7299919128, -155.23223877], [-1514.39257812, 681.023376465, 33.9753761292, 92.2775039673, 280.363739014, -115.705123901, 475.18270874, -59.8250427246, 193.935287476, -87.8287734985, 98.8417892456, 30.5981311798, 110.174224854], [582.648742676, -377.968231201, 51.3412590027, -22.4203205109, -156.547317505, 154.589538574, -59.8250427246, 242.153427124, 8.74116134644, 101.965797424, -9.38794898987, 22.9068946838, -81.607208252], [-1113.89794922, 450.10635376, -29.6879730225, 46.5593948364, 197.775299072, -126.603538513, 193.935287476, 8.74116134644, 276.066192627, -27.5632839203, 67.2538070679, 47.8434944153, 120.263244629], [334.594268799, -523.647888184, 43.1743049622, 28.3254127502, -149.778564453, 164.23538208, -87.8287734985, 101.965797424, -27.5632839203, 222.173553467, 31.5537452698, -1.46913230419, -97.5213088989], [-674.786499023, 117.142883301, -17.0259189606, 11.5828876495, 46.0276451111, -32.2665061951, 98.8417892456, -9.38794898987, 67.2538070679, 31.5537452698, 137.162597656, 51.6628646851, 23.3745040894], [-364.639129639, -30.4407787323, -39.2434005737, 33.5633544922, 0.334116071463, -38.7299919128, 30.5981311798, 22.9068946838, 47.8434944153, -1.46913230419, 51.6628646851, 135.979797363, 88.1728134155], [-832.319519043, 317.193481445, -72.7433242798, 90.5480728149, 124.514434814, -155.23223877, 110.174224854, -81.607208252, 120.263244629, -97.5213088989, 23.3745040894, 88.1728134155, 222.507171631]],
        "icov": [[0.000744139950257, -0.0017438638024, 0.000850610376801, -0.00105376925785, 0.00151892111171, -0.00163696066011, 0.00174864393193, -0.00126706296578, 0.00202128221281, -0.00143146922346, 0.00261482945643, -0.000924498250242, 0.00102564936969], [-0.0017438638024, 0.00560271507129, -0.00293320021592, 0.00403634086251, -0.00392653187737, 0.00438218936324, -0.00496004475281, 0.0038348142989, -0.00605695741251, 0.00520682195202, -0.00679576257244, 0.00316374911927, -0.00297864200547], [0.000850610376801, -0.00293320021592, 0.00408318359405, -0.00296281953342, 0.00126180204097, -0.00203271233477, 0.0022368056234, -0.00288341776468, 0.00385344028473, -0.00307407462969, 0.00366952782497, -0.00136639829725, 0.00234043388627], [-0.00105376925785, 0.00403634086251, -0.00296281953342, 0.00542527483776, -0.00269201514311, 0.00274936552159, -0.00370415556245, 0.00285549112596, -0.00387327442877, 0.00282355165109, -0.00405517686158, 0.00239741313271, -0.00375925493427], [0.00151892111171, -0.00392653187737, 0.00126180204097, -0.00269201514311, 0.00717842159793, -0.00372805306688, 0.002934477292, -0.000337085686624, 0.00162785267457, -0.00171076983679, 0.00570810679346, -0.00235877698287, 0.00329808448441], [-0.00163696066011, 0.00438218936324, -0.00203271233477, 0.00274936552159, -0.00372805306688, 0.0100816711783, -0.00499771116301, 0.000107011372165, -0.00207241694443, 0.000474665983347, -0.00502140261233, 0.00321143842302, -0.001937046065], [0.00174864393193, -0.00496004475281, 0.0022368056234, -0.00370415556245, 0.002934477292, -0.00499771116301, 0.00874198414385, -0.00336528057232, 0.00366197503172, -0.00266920612194, 0.00392426969483, -0.00206766393967, 0.00241680489853], [-0.00126706296578, 0.0038348142989, -0.00288341776468, 0.00285549112596, -0.000337085686624, 0.000107011372165, -0.00336528057232, 0.0126059614122, -0.00953903608024, 0.0039117471315, -0.00229511107318, -0.00271617714316, 0.00242964900099], [0.00202128221281, -0.00605695741251, 0.00385344028473, -0.00387327442877, 0.00162785267457, -0.00207241694443, 0.00366197503172, -0.00953903608024, 0.0170308928937, -0.00872492510825, 0.0058543109335, -0.000686936371494, -0.0020090402104], [-0.00143146922346, 0.00520682195202, -0.00307407462969, 0.00282355165109, -0.00171076983679, 0.000474665983347, -0.00266920612194, 0.0039117471315, -0.00872492510825, 0.0153901670128, -0.00944007094949, 0.00219498737715, 0.000696534407325], [0.00261482945643, -0.00679576257244, 0.00366952782497, -0.00405517686158, 0.00570810679346, -0.00502140261233, 0.00392426969483, -0.00229511107318, 0.0058543109335, -0.00944007094949, 0.0223976299167, -0.00958848837763, 0.00698150601238], [-0.000924498250242, 0.00316374911927, -0.00136639829725, 0.00239741313271, -0.00235877698287, 0.00321143842302, -0.00206766393967, -0.00271617714316, -0.000686936371494, 0.00219498737715, -0.00958848837763, 0.0169485565275, -0.0101781729609], [0.00102564936969, -0.00297864200547, 0.00234043388627, -0.00375925493427, 0.00329808448441, -0.001937046065, 0.00241680489853, 0.00242964900099, -0.0020090402104, 0.000696534407325, 0.00698150601238, -0.0101781729609, 0.0160604435951]]
    },
    "melbands": {
        "mean": [0.000284386245767, 0.00271080224775, 0.00381401646882, 0.00230722781271, 0.000761359115131, 0.000184245305718, 0.000101302095572, 0.000147600730998, 0.000248456693953, 5.83050059504e-05, 8.66488117026e-05, 9.45028295973e-05, 1.58566490427e-05, 1.37748747875e-05, 8.73153931025e-06, 8.53616074892e-06, 7.5125544754e-06, 5.7599372667e-06, 4.44637225883e-06, 3.26494432557e-06, 3.67421034753e-06, 3.19872265209e-06, 3.47858440364e-06, 1.79151993507e-06, 5.16047293786e-07, 4.85950749862e-07, 8.72236739724e-07, 1.15398586331e-06, 1.21219557059e-06, 1.05522042304e-06, 1.42365979627e-06, 8.03841771813e-07, 2.43906015385e-07, 1.99677884893e-07, 3.15463296374e-07, 2.48116947432e-07, 2.06657475132e-07, 4.2330535166e-07, 3.5147107269e-07, 1.15352094099e-07]
    },
    "melbands128": {
        "mean": [1.88666831491e-06, 1.16856936074e-05, 0.000108884196379, 0.00132445723284, 0.00303196907043, 0.00361726037227, 0.0033723753877, 0.00407913280651, 0.00436687609181, 0.00229064142331, 0.00101649388671, 0.000748363963794, 0.00101263367105, 0.000331639428623, 8.94105542102e-05, 0.000156889655045, 0.000109041437099, 0.000104105289211, 7.00730961398e-05, 5.91275565966e-05, 0.000186251054402, 0.000412004126702, 0.000285334215732, 5.37186315341e-05, 4.56701855001e-05, 6.36555996607e-05, 7.47347366996e-05, 6.54268806102e-05, 0.000111048029794, 0.000162983589689, 5.94979028392e-05, 2.0364044758e-05, 1.62488740898e-05, 8.80856259755e-06, 1.51355807247e-05, 1.51410804392e-05, 1.41704049383e-05, 4.7183211791e-06, 8.80336392584e-06, 9.35744537855e-06, 6.84264750817e-06, 1.05791777969e-05, 7.71681425249e-06, 6.23039613856e-06, 5.01701060784e-06, 5.92833339397e-06, 6.77032403473e-06, 3.64942820852e-06, 3.82552707379e-06, 4.89325202579e-06, 2.81388042822e-06, 2.12455051951e-06, 2.01803209166e-06, 5.37919186172e-06, 5.85416682952e-06, 1.55993950557e-06, 2.30039086091e-06, 3.67160396308e-06, 4.27933991887e-06, 2.6401814921e-06, 1.84547991466e-06, 8.86453619842e-07, 6.02587590492e-07, 4.25030975748e-07, 3.35986101163e-07, 3.61752910294e-07, 6.45700083624e-07, 8.44673252232e-07, 9.11638039724e-07, 9.3461301276e-07, 1.07396306248e-06, 1.22270500924e-06, 1.63103402429e-06, 1.30023386191e-06, 5.77547382363e-07, 8.72383566275e-07, 1.33143214498e-06, 1.49548998252e-06, 1.50417724853e-06, 1.30243790863e-06, 9.73796318249e-07, 5.86312637552e-07, 3.73059862113e-07, 2.08160784609e-07, 1.31065817754e-07, 1.43389002005e-07, 2.31140745655e-07, 2.97456864473e-07, 3.27692760038e-07, 3.2875155398e-07, 2.9317217809e-07, 2.18016694475e-07, 1.82186795428e-07, 1.85366587857e-07, 2.19714010541e-07, 3.22212798665e-07, 4.98704366692e-07, 5.33623904175e-07, 4.00691163804e-07, 2.4273293775e-07, 1.42605188103e-07, 9.98241844741e-08, 6.89658889996e-08, 6.18207351977e-08, 6.85877523665e-08, 7.97441046529e-08, 7.5322574844e-08, 6.83096388343e-08, 6.66332979904e-08, 5.77318601813e-08, 5.42075007104e-08, 4.26991988434e-08, 3.15198924739e-08, 1.88945090684e-08, 1.05584136989e-08, 6.55335519184e-09, 3.80225140262e-09, 1.68891589603e-09, 7.75619568572e-10, 4.69891459076e-10, 3.24023780029e-10, 2.92122992462e-10, 2.90722418361e-10, 2.22529522587e-10, 2.00619312829e-10, 2.07044298373e-10, 8.04576474889e-11, 3.66864490176e-11]
    },
    "mfcc": {
        "mean": [-803.334716797, 189.720870972, 23.0569419861, 39.8549079895, 16.6613502502, 1.4410135746, -3.59163308144, 6.83853197098, 2.31236314774, -11.7100152969, -20.2616043091, -11.3479480743, -11.8079681396],
        "cov": [[12461.6992188, -1327.88903809, 618.63079834, -1857.13818359, -45.4595298767, -468.049407959, -113.823379517, -506.965026855, -454.151855469, 104.442504883, -24.225736618, 255.786560059, -704.655761719], [-1327.88903809, 3379.8840332, -249.647720337, 507.189300537, -31.0406951904, 32.4718818665, -36.547996521, 287.545776367, 173.686553955, -80.0151290894, -81.4426727295, -174.549728394, 194.55821228], [618.63079834, -249.647720337, 476.342437744, 53.3450317383, 12.9999704361, 11.4695768356, 47.5320587158, -7.67847919464, 13.3493747711, 20.5874423981, 53.5617866516, 103.88433075, -2.18809580803], [-1857.13818359, 507.189300537, 53.3450317383, 795.613586426, 59.7532615662, 159.728790283, 10.4819736481, 118.676246643, 157.646575928, -79.1676254272, -90.433013916, -87.0198974609, 150.188217163], [-45.4595298767, -31.0406951904, 12.9999704361, 59.7532615662, 238.605667114, 35.9997940063, -21.0968074799, -21.5742969513, 4.0194311142, 9.02183628082, 7.90559768677, -26.8792877197, -22.9796562195], [-468.049407959, 32.4718818665, 11.4695768356, 159.728790283, 35.9997940063, 206.681671143, 77.6712799072, 21.9567050934, 40.0891838074, 13.1911792755, 8.82632350922, -21.2441921234, 14.2092514038], [-113.823379517, -36.547996521, 47.5320587158, 10.4819736481, -21.0968074799, 77.6712799072, 168.685333252, 42.3470993042, -13.4436321259, 21.8140163422, 48.6919898987, 36.9755210876, 5.94710731506], [-506.965026855, 287.545776367, -7.67847919464, 118.676246643, -21.5742969513, 21.9567050934, 42.3470993042, 187.637817383, 93.6507720947, 6.81669044495, 4.05917358398, 10.5991458893, 75.5646133423], [-454.151855469, 173.686553955, 13.3493747711, 157.646575928, 4.0194311142, 40.0891838074, -13.4436321259, 93.6507720947, 178.062332153, 40.0766487122, -2.6689209938, -13.1354427338, 56.0438461304], [104.442504883, -80.0151290894, 20.5874423981, -79.1676254272, 9.02183628082, 13.1911792755, 21.8140163422, 6.81669044495, 40.0766487122, 153.131195068, 107.25138092, 28.2475280762, -12.8760738373], [-24.225736618, -81.4426727295, 53.5617866516, -90.433013916, 7.90559768677, 8.82632350922, 48.6919898987, 4.05917358398, -2.6689209938, 107.25138092, 203.34828186, 95.93309021, -7.44509124756], [255.786560059, -174.549728394, 103.88433075, -87.0198974609, -26.8792877197, -21.2441921234, 36.9755210876, 10.5991458893, -13.1354427338, 28.2475280762, 95.93309021, 163.080383301, 31.6362037659], [-704.655761719, 194.55821228, -2.18809580803, 150.188217163, -22.9796562195, 14.2092514038, 5.94710731506, 75.5646133423, 56.0438461304, -12.8760738373, -7.44509124756, 31.6362037659, 162.785934448]],
        "icov": [[0.000196180539206, -5.81282001804e-05, -0.000292750657536, 0.000367541157175, -3.97742369387e-05, 6.35870092083e-05, 5.33517668373e-05, 0.000122232610011, 2.45126520895e-05, -0.00022124357929, 0.000553187623154, -0.000403972633649, 0.000583668588661], [-5.81282001804e-05, 0.000422526383772, 0.00020257588767, -0.000244276336161, 7.94875450083e-05, 7.75543012423e-05, 0.000101331796031, -0.00054716039449, 1.76508383447e-05, 0.000291114643915, -0.000487425306346, 0.000635656469967, -0.000402658974053], [-0.000292750657536, 0.00020257588767, 0.00322743831202, -0.0012394702062, -0.000151496642502, 0.000316289108014, -0.000782535411417, 0.000291420263238, -0.000512762111612, 5.50099503016e-05, -0.000431375723565, -0.00166494667064, 6.62316961098e-06], [0.000367541157175, -0.000244276336161, -0.0012394702062, 0.00338848680258, -0.000529918761458, -0.00137262314092, 0.000221967886318, 0.000173753956915, -0.00145487126429, 0.00136470061261, 0.000620193430223, 0.000875880534295, -0.000836765218992], [-3.97742369387e-05, 7.94875450083e-05, -0.000151496642502, -0.000529918761458, 0.00476227095351, -0.000945852021687, 0.00118628970813, 5.71167911403e-05, 0.000363285362255, -0.000131889493787, -0.000886276073288, 0.000812999962363, 0.000570635253098], [6.35870092083e-05, 7.75543012423e-05, 0.000316289108014, -0.00137262314092, -0.000945852021687, 0.00804505590349, -0.00435746693984, 0.00144860194996, -0.00158883142285, -0.000483853684273, -4.39190480392e-05, 0.000725825608242, 0.000469871534733], [5.33517668373e-05, 0.000101331796031, -0.000782535411417, 0.000221967886318, 0.00118628970813, -0.00435746693984, 0.0101038254797, -0.00370895047672, 0.00342736928724, -0.000735555600841, -0.000938937126193, -0.000960282224696, 0.000700425414834], [0.000122232610011, -0.00054716039449, 0.000291420263238, 0.000173753956915, 5.71167911403e-05, 0.00144860194996, -0.00370895047672, 0.0103139774874, -0.00503067858517, 0.000738377508242, 0.000302881991956, -0.000869322451763, -0.00177075399552], [2.45126520895e-05, 1.76508383447e-05, -0.000512762111612, -0.00145487126429, 0.000363285362255, -0.00158883142285, 0.00342736928724, -0.00503067858517, 0.0115321567282, -0.00507469847798, 0.00173731008545, -0.000196458742721, -0.000433667330071], [-0.00022124357929, 0.000291114643915, 5.50099503016e-05, 0.00136470061261, -0.000131889493787, -0.000483853684273, -0.000735555600841, 0.000738377508242, -0.00507469847798, 0.0141044473276, -0.00842176470906, 0.0037011236418, -0.0010979573708], [0.000553187623154, -0.000487425306346, -0.000431375723565, 0.000620193430223, -0.000886276073288, -4.39190480392e-05, -0.000938937126193, 0.000302881991956, 0.00173731008545, -0.00842176470906, 0.0136803342029, -0.00778186321259, 0.0030453458894], [-0.000403972633649, 0.000635656469967, -0.00166494667064, 0.000875880534295, 0.000812999962363, 0.000725825608242, -0.000960282224696, -0.000869322451763, -0.000196458742721, 0.0037011236418, -0.00778186321259, 0.0144957825541, -0.00566152017564], [0.000583668588661, -0.000402658974053, 6.62316961098e-06, -0.000836765218992, 0.000570635253098, 0.000469871534733, 0.000700425414834, -0.00177075399552, -0.000433667330071, -0.0010979573708, 0.0030453458894, -0.00566152017564, 0.0120608638972]]
    },
    "spectral_contrast_coeffs": {
        "mean": [-0.538599848747, -0.71026724577, -0.708461225033, -0.798852324486, -0.783000946045, -0.798238813877]
    },
    "spectral_contrast_valleys": {
        "mean": [-7.43817663193, -8.45855045319, -9.28268241882, -9.6983423233, -9.67923355103, -12.4336872101]
    }
},
"rhythm": {
    "beats_count": 482,
    "beats_loudness": {
        "mean": 0.0341506935656
    },
    "bpm": 114.963920593,
    "bpm_histogram_first_peak_bpm": 115,
    "bpm_histogram_first_peak_weight": 0.547854781151,
    "bpm_histogram_second_peak_bpm": 120,
    "bpm_histogram_second_peak_spread": 0.16279065609,
    "bpm_histogram_second_peak_weight": 0.0748440772295,
    "danceability": 0.837442576885,
    "onset_rate": 1.84846460819,
    "beats_loudness_band_ratio": {
        "mean": [0.691426515579, 0.306800812483, 0.053838133812, 0.0311184655875, 0.0111254528165, 0.0171406771988]
    },
    "beats_position": [0.49922901392, 1.01006805897, 1.53251695633, 2.04335594177, 2.55419492722, 3.07664394379, 3.59909296036, 4.1099319458, 4.62077093124, 5.14321994781, 5.66566896439, 6.17650794983, 6.6989569664, 7.22140598297, 7.73224496841, 8.25469398499, 8.77714252472, 9.287981987, 9.79882049561, 10.3096599579, 10.8321084976, 11.354557991, 11.8653964996, 12.3762359619, 12.8870744705, 13.3979139328, 13.9203624725, 14.4428119659, 14.9536504745, 15.4760990143, 16.0101585388, 16.5442180634, 17.0666656494, 17.600725174, 18.0999546051, 18.5991840363, 19.0984115601, 19.6092510223, 20.1317005157, 20.642539978, 21.1649875641, 21.6758270264, 22.1982765198, 22.7207260132, 23.2431735992, 23.7656230927, 24.3345127106, 24.9034004211, 25.4722900391, 26.0411777496, 26.6100673676, 27.1905670166, 27.7710647583, 28.3283443451, 28.8856239319, 29.4429016113, 30.0001811981, 30.5690689087, 31.1379585266, 31.6371879578, 32.1364173889, 32.6356468201, 33.1348762512, 33.6224937439, 34.1101112366, 34.6441726685, 35.1782302856, 35.7122879028, 36.2463493347, 36.7804069519, 37.2796363831, 37.7788658142, 38.2780952454, 38.7773246765, 39.2881622314, 39.7989997864, 40.3214492798, 40.8438987732, 41.3547401428, 41.8655776978, 42.3880271912, 42.9104766846, 43.4213142395, 43.9321517944, 44.4429931641, 44.9654426575, 45.4878921509, 46.0103378296, 46.532787323, 47.0552368164, 47.5776863098, 48.1001358032, 48.6341934204, 49.0985946655, 49.5629920959, 50.0157814026, 50.5266189575, 51.0374603271, 51.5482978821, 52.0823554993, 52.6164169312, 53.1620864868, 53.7077522278, 54.2418136597, 54.7758712769, 55.3099327087, 55.8439903259, 56.3780479431, 56.8888893127, 57.3997268677, 57.9221763611, 58.433013916, 58.9438552856, 59.4663009644, 59.977142334, 60.4879798889, 60.9988212585, 61.5212669373, 62.0437164307, 62.5545578003, 63.0653953552, 63.5878448486, 64.1102905273, 64.6443557739, 65.1784133911, 65.6776428223, 66.1768722534, 66.6644897461, 67.1637191772, 67.6745529175, 68.1737823486, 68.6381835938, 69.1141967773, 69.5785903931, 70.0894317627, 70.5886611938, 71.0995025635, 71.6103363037, 72.1327896118, 72.6552352905, 73.1892929077, 73.7117462158, 74.245803833, 74.7682495117, 75.3023147583, 75.8363723755, 76.3588180542, 76.8928756714, 77.4385452271, 77.9842147827, 78.5298843384, 79.075553894, 79.6096115112, 80.1436691284, 80.6661224365, 81.1885681152, 81.7110214233, 82.2334671021, 82.7559204102, 83.2667541504, 83.77759552, 84.2884368896, 84.7412261963, 85.1940155029, 85.6468048096, 86.0995864868, 86.4943313599, 86.8890686035, 87.2838058472, 87.6785507202, 88.0732879639, 88.479637146, 88.8859863281, 89.2807235718, 89.6754608154, 90.0702056885, 90.4649429321, 90.8480682373, 91.2312011719, 91.6143264771, 92.0206756592, 92.5431289673, 93.065574646, 93.5880279541, 94.1104736328, 94.6329269409, 95.1553726196, 95.6778182983, 96.188659668, 96.7111129761, 97.2335586548, 97.7560043335, 98.2668457031, 98.7660751343, 99.2769165039, 99.7761459351, 100.263763428, 100.75138092, 101.227394104, 101.703399658, 102.191017151, 102.62059021, 103.061767578, 103.502944946, 103.944122314, 104.373695374, 104.814872742, 105.25605011, 105.720451355, 106.1848526, 106.649246216, 107.125259399, 107.612876892, 108.088890076, 108.588119507, 109.087341309, 109.58657074, 110.109024048, 110.631469727, 111.153923035, 111.687980652, 112.198822021, 112.7212677, 113.243713379, 113.754554749, 114.265396118, 114.787841797, 115.310295105, 115.832740784, 116.355194092, 116.866027832, 117.376869202, 117.89931488, 118.421768188, 118.944213867, 119.455055237, 119.965896606, 120.476730347, 120.999183655, 121.510017395, 122.032470703, 122.554916382, 123.065757751, 123.576599121, 124.0990448, 124.621498108, 125.143943787, 125.666389465, 126.188842773, 126.711288452, 127.222129822, 127.732971191, 128.162536621, 128.603713989, 129.033279419, 129.474472046, 129.904037476, 130.345214844, 130.774780273, 131.204345703, 131.622314453, 132.051879883, 132.493057251, 132.934234619, 133.387023926, 133.921081543, 134.45513916, 134.977600098, 135.500045776, 136.022491455, 136.544937134, 137.078994751, 137.624664307, 138.170333862, 138.716003418, 139.261672974, 139.842178345, 140.422668457, 141.003173828, 141.595275879, 142.199005127, 142.721450806, 143.243896484, 143.766342163, 144.288803101, 144.811248779, 145.333694458, 145.844528198, 146.355377197, 146.866210938, 147.400268555, 147.934326172, 148.456771851, 148.96762085, 149.466842651, 149.966079712, 150.488525391, 150.999359131, 151.51020813, 152.032653809, 152.555099487, 153.077545166, 153.599990845, 154.110839844, 154.621673584, 155.144119263, 155.6665802, 156.189025879, 156.711471558, 157.233917236, 157.744766235, 158.255599976, 158.766433716, 159.277282715, 159.788116455, 160.298950195, 160.821395874, 161.343856812, 161.86630249, 162.388748169, 162.911193848, 163.433654785, 163.956100464, 164.490158081, 165.024215698, 165.558273315, 166.092330933, 166.62638855, 167.160446167, 167.694503784, 168.228561401, 168.751022339, 169.273468018, 169.703033447, 170.132598877, 170.573776245, 171.014968872, 171.45614624, 171.88571167, 172.3152771, 172.756454468, 173.186035156, 173.615600586, 174.033554077, 174.451522827, 174.869476318, 175.380310059, 175.879547119, 176.378768921, 176.878005981, 177.377227783, 177.876464844, 178.398910522, 178.93296814, 179.455413818, 179.989471436, 180.511917114, 181.022766113, 181.545211792, 182.067657471, 182.590103149, 183.124176025, 183.658233643, 184.19229126, 184.691513062, 185.190750122, 185.689971924, 186.212417603, 186.73487854, 187.24571228, 187.756546021, 188.26739502, 188.789840698, 189.323898315, 189.857955933, 190.39201355, 190.926071167, 191.460128784, 192.00579834, 192.551467896, 193.1900177, 193.816955566, 194.443893433, 194.966339111, 195.500411987, 196.034469604, 196.568527222, 197.102584839, 197.648254395, 198.182312012, 198.716369629, 199.250427246, 199.796096802, 200.341766357, 200.806167603, 201.270568848, 201.734954834, 202.199356079, 202.640533447, 203.081726074, 203.522903442, 203.964080811, 204.405258179, 204.858047485, 205.310836792, 205.75201416, 206.193191528, 206.704025269, 207.226486206, 207.748931885, 208.341033936, 208.933151245, 209.57170105, 210.198638916, 210.837188721, 211.464126587, 212.091064453, 212.718002319, 213.344940186, 213.971878052, 214.598815918, 215.214141846, 215.713378906, 216.224212646, 216.735046387, 217.257507324, 217.779953003, 218.31401062, 218.82484436, 219.335693359, 219.858139038, 220.380584717, 220.903030396, 221.425476074, 221.936325073, 222.447158813, 222.969604492, 223.480453491, 223.991287231, 224.490524292, 224.989746094, 225.500579834, 226.023040771, 226.533874512, 227.05632019, 227.578765869, 228.089614868, 228.600448608, 229.122894287, 229.633743286, 230.156188965, 230.678634644, 231.212692261, 231.746749878, 232.280807495, 232.814865112, 233.33732605, 233.84815979, 234.35899353, 234.858230591, 235.357452393, 235.868301392, 236.379135132, 236.889968872, 237.400817871, 237.911651611, 238.422485352, 238.933334351, 239.444168091, 239.96661377, 240.489059448, 241.023132324, 241.557189941, 242.230560303, 242.880722046, 243.530883789, 244.192642212, 244.854415894, 245.527801514, 246.201171875, 246.874557495, 247.547927856],
    "bpm_histogram": [0, 0, 0, 0, 0, 0, 0, 0, 0, 0, 0, 0, 0, 0, 0, 0, 0, 0, 0, 0, 0, 0, 0, 0, 0, 0, 0, 0, 0, 0, 0, 0, 0, 0, 0, 0, 0, 0, 0, 0, 0, 0, 0, 0, 0, 0, 0, 0, 0, 0, 0, 0, 0, 0, 0, 0, 0, 0, 0, 0, 0, 0, 0, 0, 0, 0, 0, 0, 0, 0, 0, 0, 0, 0, 0, 0, 0, 0, 0, 0, 0, 0, 0, 0, 0, 0, 0, 0, 0, 0.010395010002, 0, 0.00415800418705, 0.00415800418705, 0, 0.00623700628057, 0, 0.0187110193074, 0, 0.00207900209352, 0.00207900209352, 0, 0.00623700628057, 0, 0.010395010002, 0, 0.014553014189, 0, 0, 0.00831600837409, 0, 0.0311850309372, 0, 0.130977123976, 0, 0, 0.284823298454, 0, 0.214137211442, 0, 0, 0.0748440772295, 0, 0, 0.014553014189, 0, 0, 0.010395010002, 0, 0, 0.0228690225631, 0, 0, 0, 0.0166320167482, 0, 0, 0.043659042567, 0, 0, 0, 0.029106028378, 0, 0, 0, 0.00831600837409, 0, 0, 0, 0.00623700628057, 0, 0, 0, 0.0187110193074, 0, 0, 0, 0, 0.00623700628057, 0, 0, 0, 0, 0, 0, 0, 0, 0, 0, 0, 0, 0, 0, 0, 0, 0, 0, 0, 0, 0, 0, 0, 0, 0, 0, 0, 0, 0, 0, 0, 0, 0, 0, 0, 0, 0, 0, 0, 0, 0, 0, 0, 0, 0, 0, 0, 0, 0, 0, 0, 0, 0, 0, 0, 0, 0, 0, 0, 0, 0, 0, 0, 0, 0, 0, 0, 0, 0, 0, 0, 0, 0, 0, 0, 0, 0, 0, 0, 0, 0, 0, 0, 0, 0, 0, 0, 0, 0, 0, 0, 0]
},
"tonal": {
    "chords_changes_rate": 0.043567687273,
    "chords_number_rate": 0.00168287206907,
    "chords_strength": {
        "mean": 0.506853938103
    },
    "hpcp_crest": {
        "mean": 16.853805542
    },
    "hpcp_entropy": {
        "mean": 1.46556186676
    },
    "key_edma": {
        "strength": 0.784259915352,
        "key": "G",
        "scale": "major"
    },
    "key_krumhansl": {
        "strength": 0.791373133659,
        "key": "G",
        "scale": "major"
    },
    "key_temperley": {
        "strength": 0.794890105724,
        "key": "G",
        "scale": "major"
    },
    "tuning_diatonic_strength": 0.602359712124,
    "tuning_equal_tempered_deviation": 0.0438893064857,
    "tuning_frequency": 438.984558105,
    "tuning_nontempered_energy_ratio": 0.667998850346,
    "hpcp": {
        "mean": [0.154000923038, 0.0780983194709, 0.00603055441752, 0.00692232884467, 0.0191952195019, 0.0906128436327, 0.155299216509, 0.0829631909728, 0.00583261903375, 0.00296925846487, 0.00376639934257, 0.0238933246583, 0.0554948113859, 0.0383591502905, 0.0808997228742, 0.198359072208, 0.124933488667, 0.00500055681914, 0.00289315567352, 0.00497177429497, 0.0745822638273, 0.127913624048, 0.061776150018, 0.00852703675628, 0.00658869603649, 0.00804677978158, 0.0609680786729, 0.104687824845, 0.0571212545037, 0.188833683729, 0.345404535532, 0.170240283012, 0.012023142539, 0.0113143036142, 0.0102813933045, 0.0853780433536]
    },
    "chords_histogram": [26.963350296, 4.03889322281, 27.5617046356, 3.88930439949, 7.3485417366, 0, 1.25280475616, 0, 0, 0, 0, 0, 0, 0, 0, 0, 0.804038882256, 14.9588632584, 0.0373971574008, 8.76963329315, 0, 4.00149583817, 0, 0.373971581459],
    "thpcp": [1, 0.492872178555, 0.0348088741302, 0.0327566750348, 0.0297662373632, 0.247182756662, 0.445856690407, 0.226106822491, 0.0174593962729, 0.0200412217528, 0.0555731542408, 0.26233831048, 0.449615448713, 0.240191370249, 0.0168863423169, 0.00859646592289, 0.0109043130651, 0.069174900651, 0.160666137934, 0.111055724323, 0.234217315912, 0.574280440807, 0.36170193553, 0.0144773917273, 0.00837613735348, 0.0143940616399, 0.215927287936, 0.370329886675, 0.178851589561, 0.0246871020645, 0.0190753024071, 0.0232966821641, 0.176512092352, 0.303087592125, 0.165374934673, 0.546702980995],
    "chords_key": "D",
    "chords_scale": "major"
}
}