{
"metadata": {
    "version": {
        "essentia": "2.1-beta6-dev",
        "essentia_git_sha": "v2.1_beta5-1177-g1d1cc983",
        "extractor": "music 2.0"
    },
    "audio_properties": {
        "analysis": {
            "equal_loudness": 0,
            "length": 229.066665649,
            "sample_rate": 44100,
            "start_time": 0,
            "downmix": "mix"
        },
        "bit_rate": 1411200,
        "length": 229.066665649,
        "lossless": 1,
        "number_channels": 2,
        "replay_gain": -13.9378986359,
        "sample_rate": 44100,
        "codec": "pcm_s16le",
        "md5_encoded": "43e3594841fc8246aa11f27fe4ab72e1"
    },
    "tags": {
        "file_name": "09 - Manchester Orchestra - Indentions.wav",
        "album": ["Cope (Deluxe Version)"],
        "albumartist": ["Manchester Orchestra"],
        "artist": ["Manchester Orchestra"],
        "composer": ["Manchester Orchestra"],
        "copyright": ["℗ 2013 Seven Four Entertainment and Republic Records"],
        "date": ["2012"],
        "discnumber": ["1"],
        "disctotal": ["1"],
        "genre": ["Alternative & Indie"],
        "isrc": ["USUG11301019"],
        "title": ["Indentions"],
        "tracknumber": ["9"],
        "tracktotal": ["13"]
    }
},
"lowlevel": {
    "average_loudness": 0.938395380974,
    "barkbands_crest": {
        "mean": 9.83474159241
    },
    "barkbands_flatness_db": {
        "mean": 0.204017087817
    },
    "barkbands_kurtosis": {
        "mean": 10.123752594
    },
    "barkbands_skewness": {
        "mean": 2.19993400574
    },
    "barkbands_spread": {
        "mean": 12.0926380157
    },
    "dissonance": {
        "mean": 0.448848843575
    },
    "dynamic_complexity": 2.80736136436,
    "erbbands_crest": {
        "mean": 9.1792049408
    },
    "erbbands_flatness_db": {
        "mean": 0.182375490665
    },
    "erbbands_kurtosis": {
        "mean": 1.89465510845
    },
    "erbbands_skewness": {
        "mean": 0.710081458092
    },
    "erbbands_spread": {
        "mean": 33.3033676147
    },
    "hfc": {
        "mean": 15.8939094543
    },
    "loudness_ebu128": {
        "integrated": -7.7835187912,
        "loudness_range": 4.37654876709,
        "momentary": {
            "mean": -8.81611728668
        },
        "short_term": {
            "mean": -8.45435810089
        }
    },
    "melbands_crest": {
        "mean": 16.0900802612
    },
    "melbands_flatness_db": {
        "mean": 0.302500247955
    },
    "melbands_kurtosis": {
        "mean": 20.8589763641
    },
    "melbands_skewness": {
        "mean": 3.09720849991
    },
    "melbands_spread": {
        "mean": 11.3454399109
    },
    "pitch_salience": {
        "mean": 0.5276491642
    },
    "silence_rate_20dB": {
        "mean": 1
    },
    "silence_rate_30dB": {
        "mean": 0.999898672104
    },
    "silence_rate_60dB": {
        "mean": 0.0246275458485
    },
    "spectral_centroid": {
        "mean": 783.713867188
    },
    "spectral_complexity": {
        "mean": 18.7798728943
    },
    "spectral_decrease": {
        "mean": -9.63878665772e-09
    },
    "spectral_energy": {
        "mean": 0.0378205999732
    },
    "spectral_energyband_high": {
        "mean": 0.000255916820606
    },
    "spectral_energyband_low": {
        "mean": 0.0191814880818
    },
    "spectral_energyband_middle_high": {
        "mean": 0.00448357826099
    },
    "spectral_energyband_middle_low": {
        "mean": 0.0173717010766
    },
    "spectral_entropy": {
        "mean": 6.96818399429
    },
    "spectral_flux": {
        "mean": 0.079482331872
    },
    "spectral_kurtosis": {
        "mean": 14.776342392
    },
    "spectral_rms": {
        "mean": 0.00584837654606
    },
    "spectral_rolloff": {
        "mean": 620.987731934
    },
    "spectral_skewness": {
        "mean": 2.46743488312
    },
    "spectral_spread": {
        "mean": 3276552.5
    },
    "spectral_strongpeak": {
        "mean": 0.743030369282
    },
    "zerocrossingrate": {
        "mean": 0.0296218506992
    },
    "barkbands": {
        "mean": [6.47395354463e-05, 0.00818662624806, 0.00756658567116, 0.00525050237775, 0.00473982188851, 0.00279062520713, 0.00132355303504, 0.00152735749725, 0.00153654790483, 0.00103603489697, 0.000632807437796, 0.000569107825868, 0.000355096446583, 0.000322675477946, 0.000263345631538, 0.000311509356834, 0.000361014652299, 0.000426752492785, 0.000229889570619, 0.000140128104249, 8.07786855148e-05, 4.19828684244e-05, 2.39501132455e-05, 1.85919161595e-05, 9.16789940675e-06, 5.77219589104e-06, 4.5103197408e-06]
    },
    "erbbands": {
        "mean": [0.10077022016, 2.28911972046, 8.70518398285, 14.9710512161, 14.4261302948, 11.8713884354, 26.5042304993, 23.7185592651, 21.6593418121, 22.47473526, 29.7912807465, 34.9540748596, 37.2226295471, 26.660741806, 26.5650615692, 19.6119270325, 16.629119873, 16.6639041901, 15.3535900116, 13.8748903275, 17.9342899323, 22.1527309418, 24.9119949341, 15.5541419983, 9.34472846985, 6.59110212326, 4.35206747055, 2.51607441902, 1.65436291695, 0.968964993954, 0.672794222832, 0.476843327284, 0.250388622284, 0.122286900878, 0.05621772632, 0.0275582261384, 0.00967007223517, 0.00334186339751, 0.000720585812815, 9.45715291891e-05]
    },
    "gfcc": {
        "mean": [-33.0881538391, 137.821655273, -91.9099655151, 29.3490962982, -37.4210510254, -1.95880270004, -29.4100914001, 2.19337272644, -20.3332080841, -6.64886903763, -13.6014413834, -3.38436794281, -10.872013092],
        "cov": [[12977.2783203, -2378.23852539, -3333.16259766, 418.994354248, -523.533325195, 284.127380371, -85.3450012207, 519.897094727, -129.539047241, 184.649291992, -177.758041382, 78.9334411621, -269.444732666], [-2378.23852539, 1688.11621094, 365.637512207, -384.706573486, 274.486846924, -128.374450684, 147.371536255, -182.01020813, 138.306472778, -77.9140930176, 158.885726929, -74.8162155151, 116.878890991], [-3333.16259766, 365.637512207, 1598.9519043, -65.6544876099, 125.765113831, -44.8169593811, -21.0775947571, -183.956542969, -22.8871383667, -4.82816696167, -11.5160884857, 16.5717544556, 54.5316925049], [418.994354248, -384.706573486, -65.6544876099, 478.883789062, -35.053604126, -30.877407074, -76.9765701294, 51.120174408, -18.112575531, -28.2590332031, -25.9078140259, 15.5558929443, 15.0043296814], [-523.533325195, 274.486846924, 125.765113831, -35.053604126, 279.987457275, -4.86065006256, 15.7724180222, -31.9688014984, 24.61444664, -19.2413063049, 19.8247699738, 6.40721273422, 20.9741077423], [284.127380371, -128.374450684, -44.8169593811, -30.877407074, -4.86065006256, 170.755966187, 39.7810173035, 5.31963205338, -31.5239143372, 5.44727659225, -8.49481773376, 5.67457389832, -9.11665534973], [-85.3450012207, 147.371536255, -21.0775947571, -76.9765701294, 15.7724180222, 39.7810173035, 135.442657471, 17.83659935, 16.8548660278, 5.12001991272, 21.703130722, -9.17009449005, -0.0245364569128], [519.897094727, -182.01020813, -183.956542969, 51.120174408, -31.9688014984, 5.31963205338, 17.83659935, 144.666702271, 32.4409637451, 0.340900063515, -7.88614940643, 9.4771232605, -25.3723220825], [-129.539047241, 138.306472778, -22.8871383667, -18.112575531, 24.61444664, -31.5239143372, 16.8548660278, 32.4409637451, 95.1079406738, 32.4190597534, 21.5205612183, -13.1687669754, 3.25350546837], [184.649291992, -77.9140930176, -4.82816696167, -28.2590332031, -19.2413063049, 5.44727659225, 5.12001991272, 0.340900063515, 32.4190597534, 109.827095032, 17.7877368927, 1.02671980858, -13.8653154373], [-177.758041382, 158.885726929, -11.5160884857, -25.9078140259, 19.8247699738, -8.49481773376, 21.703130722, -7.88614940643, 21.5205612183, 17.7877368927, 71.8742675781, 15.5221567154, 12.5478439331], [78.9334411621, -74.8162155151, 16.5717544556, 15.5558929443, 6.40721273422, 5.67457389832, -9.17009449005, 9.4771232605, -13.1687669754, 1.02671980858, 15.5221567154, 61.1767234802, 13.6948671341], [-269.444732666, 116.878890991, 54.5316925049, 15.0043296814, 20.9741077423, -9.11665534973, -0.0245364569128, -25.3723220825, 3.25350546837, -13.8653154373, 12.5478439331, 13.6948671341, 60.1179237366]],
        "icov": [[0.000257245963439, 1.77876627276e-05, 0.000501748931129, -0.000102384852653, 6.95424823789e-05, -0.000152166787302, 5.37319428986e-05, -0.000143056313391, 0.000346363231074, -0.000555273145437, 0.000651553447824, -0.000559757114388, 0.000425823789556], [1.77876627276e-05, 0.00320022925735, -0.000209149045986, 0.00176279817242, -0.00125954824034, 0.00157819467131, -0.00174354761839, 0.00258359918371, -0.00351324281655, 0.00389026571065, -0.00529298232868, 0.00409789197147, -0.00336522562429], [0.000501748931129, -0.000209149045986, 0.00177559698932, -0.000319666869473, 8.63192053657e-06, -0.000209365811315, 9.14268021006e-05, 0.000548708427232, 0.000757287954912, -0.00144750485197, 0.00227047735825, -0.00194966187701, 0.000916866119951], [-0.000102384852653, 0.00176279817242, -0.000319666869473, 0.0036147357896, -0.000627641740721, 0.00119162525516, 0.000460241717519, 2.91089108941e-05, -0.00135519984178, 0.0025662786793, -0.00292515009642, 0.00264652399346, -0.00341322505847], [6.95424823789e-05, -0.00125954824034, 8.63192053657e-06, -0.000627641740721, 0.00468648737296, -0.000981203746051, 0.000405304628657, 5.91883399466e-05, -0.000559702457394, -0.000246104696998, 0.00177883729339, -0.00269469991326, 0.00136668479536], [-0.000152166787302, 0.00157819467131, -0.000209365811315, 0.00119162525516, -0.000981203746051, 0.00815469026566, -0.00336797186173, 0.000936368189286, 0.00129234383348, 0.000921597937122, -0.0017878866056, 0.00168536836281, -0.00175314210355], [5.37319428986e-05, -0.00174354761839, 9.14268021006e-05, 0.000460241717519, 0.000405304628657, -0.00336797186173, 0.010999080725, -0.00388207333162, 0.00161887914874, -0.00182056089398, -0.00033693088335, 0.000508254626766, 0.000593752192799], [-0.000143056313391, 0.00258359918371, 0.000548708427232, 2.91089108941e-05, 5.91883399466e-05, 0.000936368189286, -0.00388207333162, 0.0145332077518, -0.00976237654686, 0.00571614643559, -0.00161560834385, -0.00214264704846, 0.00275628548115], [0.000346363231074, -0.00351324281655, 0.000757287954912, -0.00135519984178, -0.000559702457394, 0.00129234383348, 0.00161887914874, -0.00976237654686, 0.0230128057301, -0.0108542079106, 0.00249852775596, 0.00166883610655, -0.000344671076164], [-0.000555273145437, 0.00389026571065, -0.00144750485197, 0.0025662786793, -0.000246104696998, 0.000921597937122, -0.00182056089398, 0.00571614643559, -0.0108542079106, 0.0180283803493, -0.00986274145544, 0.00405169744045, -0.000861185893882], [0.000651553447824, -0.00529298232868, 0.00227047735825, -0.00292515009642, 0.00177883729339, -0.0017878866056, -0.00033693088335, -0.00161560834385, 0.00249852775596, -0.00986274145544, 0.029800735414, -0.0150042008609, 0.00509548466653], [-0.000559757114388, 0.00409789197147, -0.00194966187701, 0.00264652399346, -0.00269469991326, 0.00168536836281, 0.000508254626766, -0.00214264704846, 0.00166883610655, 0.00405169744045, -0.0150042008609, 0.0291979014874, -0.0117515996099], [0.000425823789556, -0.00336522562429, 0.000916866119951, -0.00341322505847, 0.00136668479536, -0.00175314210355, 0.000593752192799, 0.00275628548115, -0.000344671076164, -0.000861185893882, 0.00509548466653, -0.0117515996099, 0.0269595943391]]
    },
    "melbands": {
        "mean": [0.00156326673459, 0.00416850717738, 0.00251304451376, 0.000892960350029, 0.00087993289344, 0.000528580276296, 0.0003044125624, 0.000285905349301, 0.00022164589609, 0.000232052028878, 0.000189546801266, 0.000115721122711, 8.18004336907e-05, 7.51835177653e-05, 3.8012265577e-05, 3.69382214558e-05, 2.97708102153e-05, 2.49450531555e-05, 1.97324570763e-05, 2.06095737667e-05, 1.98783291125e-05, 2.30740770348e-05, 2.29629695241e-05, 1.87395926332e-05, 1.21904076877e-05, 7.89518162492e-06, 5.1407164392e-06, 4.20625519837e-06, 2.9583968626e-06, 1.90347384432e-06, 1.28543774736e-06, 9.66746256381e-07, 7.17419709417e-07, 4.69686341376e-07, 4.07664344948e-07, 3.20458866554e-07, 2.75065900723e-07, 1.84797428915e-07, 1.30236315954e-07, 9.39005673217e-08]
    },
    "melbands128": {
        "mean": [6.08325062785e-05, 0.000456119800219, 0.00163523573428, 0.00466210395098, 0.00482908543199, 0.00350824650377, 0.00330101093277, 0.00219620042481, 0.00142201082781, 0.000802886323072, 0.000439455092419, 0.00104938854929, 0.00104744848795, 0.000598228769377, 0.000574706180487, 0.000428648490924, 0.000432789529441, 0.000264148577116, 0.00018477368576, 0.000189201644389, 0.00041064695688, 0.000380815967219, 0.000136188435135, 0.000155143017764, 0.000197597837541, 0.000321199797327, 0.000173831242137, 0.000139680632856, 0.000274673569947, 9.10897215363e-05, 9.20300954022e-05, 8.58807179611e-05, 5.55581500521e-05, 0.000103418329672, 0.000107405518065, 5.77656173846e-05, 3.22880332533e-05, 4.75998494949e-05, 3.17532103509e-05, 3.43088286172e-05, 4.1375093133e-05, 3.39261750923e-05, 3.04688674078e-05, 2.53500511462e-05, 3.04227760353e-05, 2.32722904911e-05, 2.13265211642e-05, 2.36444411712e-05, 1.68007118191e-05, 1.41823838931e-05, 2.30803361774e-05, 2.41322413785e-05, 2.28705048357e-05, 1.49640418385e-05, 1.9653720301e-05, 2.83022109215e-05, 2.17512897507e-05, 1.69471804838e-05, 2.61115073954e-05, 3.08874223265e-05, 1.42323942782e-05, 1.43081679198e-05, 1.47286145875e-05, 1.10032824523e-05, 9.25627591641e-06, 8.69713221618e-06, 6.25848042546e-06, 5.58565307074e-06, 4.8910633268e-06, 4.54223527413e-06, 4.24203744842e-06, 4.30112822869e-06, 3.24174106936e-06, 2.75202683042e-06, 2.57104579759e-06, 1.94537938114e-06, 1.61894445228e-06, 1.52567986333e-06, 1.3032906736e-06, 9.67110622696e-07, 9.8207578958e-07, 9.74429326561e-07, 8.64183789417e-07, 7.17174543752e-07, 6.07835431765e-07, 4.22421720714e-07, 4.62841256876e-07, 4.5548296157e-07, 4.2900788344e-07, 3.54929483137e-07, 3.08651692649e-07, 3.06869566202e-07, 3.47005055801e-07, 2.75775420278e-07, 2.40524087758e-07, 2.08591686146e-07, 1.71302062313e-07, 1.52141652165e-07, 1.40378475066e-07, 1.10356332073e-07, 1.03759404624e-07, 9.15693405545e-08, 8.4550322299e-08, 6.85634446995e-08, 5.92727964488e-08, 5.54452768142e-08, 5.36281525854e-08, 5.22904883837e-08, 4.8680323772e-08, 4.37896936489e-08, 3.92529493354e-08, 3.13651433714e-08, 2.93892679082e-08, 2.58845958001e-08, 2.54705323499e-08, 2.50737155483e-08, 2.53704612874e-08, 2.82172774035e-08, 2.89383166319e-08, 2.07028474364e-08, 2.29577370447e-08, 1.60338959887e-08, 1.41644820317e-08, 1.30447501689e-08, 1.26933556999e-08, 1.51976298213e-08, 1.7880427805e-08, 1.75372889544e-08]
    },
    "mfcc": {
        "mean": [-684.855285645, 171.48916626, 6.75326824188, 38.6404724121, 11.2675294876, 4.72482252121, 1.75437819958, 6.6656293869, -1.19095826149, -0.973950326443, -2.19636845589, -0.828783690929, -3.49321603775],
        "cov": [[13241.2900391, -2610.22412109, -2589.48095703, -364.148986816, -652.165893555, -360.760467529, -76.9135665894, 148.514770508, 68.3347625732, 143.32824707, 119.035133362, 190.329696655, 8.26428604126], [-2610.22412109, 1989.32897949, 205.556060791, -135.989242554, 96.4307785034, 97.9359130859, 37.5512542725, -38.0004806519, -29.0602359772, 6.71052789688, 9.87230491638, -7.8492770195, 54.1903457642], [-2589.48095703, 205.556060791, 1072.95178223, 139.869003296, 109.157836914, 97.2917785645, 9.51525878906, -64.2327270508, -13.6960535049, -43.7675476074, -55.1847114563, -48.9758720398, -20.4962940216], [-364.148986816, -135.989242554, 139.869003296, 358.162200928, 112.961860657, -30.7834701538, -35.8597373962, 0.653482079506, 11.8060331345, -35.751499176, -8.49153423309, -2.82288575172, -8.31560230255], [-652.165893555, 96.4307785034, 109.157836914, 112.961860657, 228.502502441, 39.6530380249, -10.3113832474, 15.5190315247, -6.12748384476, -28.5406570435, -11.782371521, -31.6642818451, -3.74803924561], [-360.760467529, 97.9359130859, 97.2917785645, -30.7834701538, 39.6530380249, 151.78187561, 52.9780921936, -27.8132419586, -5.18692922592, -6.91044521332, -20.3916854858, -4.30724143982, -7.42570924759], [-76.9135665894, 37.5512542725, 9.51525878906, -35.8597373962, -10.3113832474, 52.9780921936, 102.37348938, 35.1716423035, 1.56015479565, -4.34239721298, -5.55098962784, 1.43706095219, -1.35819518566], [148.514770508, -38.0004806519, -64.2327270508, 0.653482079506, 15.5190315247, -27.8132419586, 35.1716423035, 127.818710327, 19.5660018921, -10.9621562958, 12.4794359207, -14.4652643204, -10.6307144165], [68.3347625732, -29.0602359772, -13.6960535049, 11.8060331345, -6.12748384476, -5.18692922592, 1.56015479565, 19.5660018921, 65.4853820801, 31.0470905304, 5.23842287064, 8.46306610107, 2.31315565109], [143.32824707, 6.71052789688, -43.7675476074, -35.751499176, -28.5406570435, -6.91044521332, -4.34239721298, -10.9621562958, 31.0470905304, 82.2959823608, 32.5961875916, 14.5031499863, 11.4542961121], [119.035133362, 9.87230491638, -55.1847114563, -8.49153423309, -11.782371521, -20.3916854858, -5.55098962784, 12.4794359207, 5.23842287064, 32.5961875916, 73.4230575562, 33.3613128662, 8.58593940735], [190.329696655, -7.8492770195, -48.9758720398, -2.82288575172, -31.6642818451, -4.30724143982, 1.43706095219, -14.4652643204, 8.46306610107, 14.5031499863, 33.3613128662, 74.2180557251, 30.725189209], [8.26428604126, 54.1903457642, -20.4962940216, -8.31560230255, -3.74803924561, -7.42570924759, -1.35819518566, -10.6307144165, 2.31315565109, 11.4542961121, 8.58593940735, 30.725189209, 61.0003662109]],
        "icov": [[0.000239021901507, 0.00024835349177, 0.00048011704348, 5.57561033929e-05, 0.000302375672618, -2.61109398707e-05, 0.00015243384405, -0.000111566259875, 8.11651916592e-05, -0.000121995552036, 0.000172360800207, -0.000241239991738, 3.23420899804e-05], [0.00024835349177, 0.000844156718813, 0.000388647837099, 0.000385804916732, -1.37859178722e-05, -0.000164818266057, 1.62228589033e-05, 6.24706517556e-05, 0.000145311729284, -4.52725835203e-05, -0.000174921762664, 4.03826088586e-05, -0.000602774205618], [0.00048011704348, 0.000388647837099, 0.00212477846071, -0.000369660119759, 0.000514634302817, -0.000578867038712, 0.000130689892103, 0.000404311140301, -4.26579608757e-05, 7.92712089606e-05, 0.000449829472927, 0.00020204091561, 0.000109410240839], [5.57561033929e-05, 0.000385804916732, -0.000369660119759, 0.00425500795245, -0.00224898592569, 0.00164132437203, 0.000209897916648, 0.000769841601141, -0.00176994188223, 0.00184758310206, -0.000138467381475, -0.00128674553707, 0.000693801208399], [0.000302375672618, -1.37859178722e-05, 0.000514634302817, -0.00224898592569, 0.00741863669828, -0.00336857163347, 0.00250805681571, -0.00210944376886, 0.00051700923359, 0.000918407051358, -0.00118354591541, 0.00311888754368, -0.00202482007444], [-2.61109398707e-05, -0.000164818266057, -0.000578867038712, 0.00164132437203, -0.00336857163347, 0.0119141535833, -0.00729317963123, 0.00476976810023, -0.00122200779151, 0.00027702623629, 0.00165866815951, -0.00173356989399, 0.00272545730695], [0.00015243384405, 1.62228589033e-05, 0.000130689892103, 0.000209897916648, 0.00250805681571, -0.00729317963123, 0.0165923014283, -0.00747224316001, 0.00197675987147, -0.00109685503412, 0.00216199457645, -0.00210059783421, -0.000744283548556], [-0.000111566259875, 6.24706517556e-05, 0.000404311140301, 0.000769841601141, -0.00210944376886, 0.00476976810023, -0.00747224316001, 0.0142244640738, -0.00675703212619, 0.00583577947691, -0.00584256090224, 0.00495167309418, 0.000452677137218], [8.11651916592e-05, 0.000145311729284, -4.26579608757e-05, -0.00176994188223, 0.00051700923359, -0.00122200779151, 0.00197675987147, -0.00675703212619, 0.0235112272203, -0.0124940685928, 0.00681645562872, -0.00545909209177, 0.00159851682838], [-0.000121995552036, -4.52725835203e-05, 7.92712089606e-05, 0.00184758310206, 0.000918407051358, 0.00027702623629, -0.00109685503412, 0.00583577947691, -0.0124940685928, 0.0232334230095, -0.0120040774345, 0.0058132847771, -0.00370934815146], [0.000172360800207, -0.000174921762664, 0.000449829472927, -0.000138467381475, -0.00118354591541, 0.00165866815951, 0.00216199457645, -0.00584256090224, 0.00681645562872, -0.0120040774345, 0.0256052333862, -0.0136388121173, 0.00468473415822], [-0.000241239991738, 4.03826088586e-05, 0.00020204091561, -0.00128674553707, 0.00311888754368, -0.00173356989399, -0.00210059783421, 0.00495167309418, -0.00545909209177, 0.0058132847771, -0.0136388121173, 0.0269388630986, -0.0118476189673], [3.23420899804e-05, -0.000602774205618, 0.000109410240839, 0.000693801208399, -0.00202482007444, 0.00272545730695, -0.000744283548556, 0.000452677137218, 0.00159851682838, -0.00370934815146, 0.00468473415822, -0.0118476189673, 0.0232694949955]]
    },
    "spectral_contrast_coeffs": {
        "mean": [-0.689621925354, -0.747834324837, -0.771976292133, -0.817366838455, -0.803471624851, -0.781327307224]
    },
    "spectral_contrast_valleys": {
        "mean": [-6.10342931747, -6.70153808594, -7.58350419998, -7.89583587646, -8.08411502838, -11.1734695435]
    }
},
"rhythm": {
    "beats_count": 466,
    "beats_loudness": {
        "mean": 0.0426797419786
    },
    "bpm": 123.039764404,
    "bpm_histogram_first_peak_bpm": 123,
    "bpm_histogram_first_peak_weight": 0.0810811519623,
    "bpm_histogram_second_peak_bpm": 105,
    "bpm_histogram_second_peak_spread": 0.400000035763,
    "bpm_histogram_second_peak_weight": 0.0129032256082,
    "danceability": 1.06584596634,
    "onset_rate": 3.20837306976,
    "beats_loudness_band_ratio": {
        "mean": [0.624618291855, 0.197907119989, 0.110792554915, 0.059327468276, 0.0368823185563, 0.012283038348]
    },
    "beats_position": [0.487619042397, 0.975238084793, 1.46285712719, 1.95047616959, 2.43809509277, 2.92571425438, 3.41333317757, 3.90095233917, 4.38857126236, 4.87619018555, 5.36380958557, 5.85142850876, 6.33904743195, 6.82666635513, 7.31428575516, 7.80190467834, 8.28952407837, 8.77714252472, 9.26476192474, 9.75238037109, 10.2399997711, 10.7276191711, 11.2152376175, 11.7028570175, 12.1904764175, 12.6780948639, 13.177324295, 13.6649427414, 14.1525621414, 14.6401815414, 15.1277999878, 15.6038093567, 16.0914287567, 16.5790481567, 17.0666656494, 17.5542850494, 18.0419044495, 18.5295238495, 19.0171432495, 19.5047607422, 19.9923801422, 20.4799995422, 20.9676189423, 21.4552383423, 21.942855835, 22.430475235, 22.918094635, 23.405714035, 23.8933334351, 24.3809528351, 24.8685703278, 25.3561897278, 25.8438091278, 26.3314285278, 26.8190479279, 27.3066654205, 27.7942848206, 28.2819042206, 28.7695236206, 29.2571430206, 29.7447605133, 30.2323799133, 30.7199993134, 31.2076187134, 31.6952381134, 32.1828575134, 32.6704750061, 33.1697044373, 33.6573219299, 34.1449432373, 34.63256073, 35.1201820374, 35.60779953, 36.0838088989, 36.5714263916, 37.059047699, 37.5466651917, 38.034286499, 38.5219039917, 39.0095214844, 39.4971427917, 39.9847602844, 40.4723815918, 40.9599990845, 41.4476165771, 41.9352378845, 42.4228553772, 42.9104766846, 43.3980941772, 43.8857116699, 44.3733329773, 44.86095047, 45.3485717773, 45.83618927, 46.3238105774, 46.8114280701, 47.2990455627, 47.7866668701, 48.2742843628, 48.7619056702, 49.2495231628, 49.7371406555, 50.2247619629, 50.7123794556, 51.2000007629, 51.6876182556, 52.1752357483, 52.6628570557, 53.1504745483, 53.6380958557, 54.1257133484, 54.6133308411, 55.1009521484, 55.5885696411, 56.0761909485, 56.5638084412, 57.0514259338, 57.5390472412, 58.0266647339, 58.5142860413, 59.0019035339, 59.4895210266, 59.977142334, 60.4647598267, 60.952381134, 61.4399986267, 61.9276161194, 62.4152374268, 62.9028549194, 63.3904762268, 63.8780937195, 64.3657150269, 64.8533325195, 65.3409500122, 65.8285675049, 66.316192627, 66.8038101196, 67.2914276123, 67.779045105, 68.2666625977, 68.7542877197, 69.2419052124, 69.7295227051, 70.2171401978, 70.7047576904, 71.1923828125, 71.6800003052, 72.1676177979, 72.6552352905, 73.1428527832, 73.6304779053, 74.1180953979, 74.6057128906, 75.0817184448, 75.5693435669, 76.0569610596, 76.5445785522, 77.0205917358, 77.5082092285, 77.9958267212, 78.4834442139, 78.9710617065, 79.4702911377, 79.9579086304, 80.4571380615, 80.9447631836, 81.4323806763, 81.9199981689, 82.4076156616, 82.8952331543, 83.3828582764, 83.870475769, 84.3697052002, 84.8689346313, 85.3797683716, 85.9022216797, 86.4246673584, 86.9587249756, 87.4927902222, 88.0036239624, 88.4912490845, 88.9788665771, 89.4664840698, 89.9541015625, 90.4417190552, 90.9293441772, 91.4169616699, 91.9045791626, 92.3921966553, 92.8798141479, 93.36743927, 93.8550567627, 94.3426742554, 94.830291748, 95.3179092407, 95.8055343628, 96.2931518555, 96.7807693481, 97.2683868408, 97.7560043335, 98.2436294556, 98.7312469482, 99.2188644409, 99.7064819336, 100.194099426, 100.681724548, 101.169342041, 101.656959534, 102.144577026, 102.632194519, 103.119819641, 103.607437134, 104.106666565, 104.594284058, 105.070289612, 105.557914734, 106.045532227, 106.533149719, 107.020767212, 107.508384705, 107.996009827, 108.472015381, 108.948028564, 109.435646057, 109.934875488, 110.434104919, 110.921722412, 111.397727966, 111.87374115, 112.361358643, 112.848976135, 113.336593628, 113.82421875, 114.311836243, 114.799453735, 115.287071228, 115.774688721, 116.262313843, 116.749931335, 117.237548828, 117.725166321, 118.212783813, 118.712013245, 119.211242676, 119.698867798, 120.186485291, 120.674102783, 121.161720276, 121.649337769, 122.125350952, 122.601356506, 123.088973999, 123.576599121, 124.064216614, 124.551834106, 125.039451599, 125.527069092, 126.014694214, 126.502311707, 126.989929199, 127.477546692, 127.965164185, 128.452789307, 128.94039917, 129.428024292, 129.915649414, 130.403259277, 130.890884399, 131.390106201, 131.889343262, 132.376953125, 132.864578247, 133.352203369, 133.839813232, 134.327438354, 134.815048218, 135.291061401, 135.767074585, 136.254684448, 136.74230957, 137.229934692, 137.729156494, 138.216781616, 138.692779541, 139.180404663, 139.668029785, 140.155639648, 140.643264771, 141.130874634, 141.618499756, 142.106124878, 142.593734741, 143.081359863, 143.568969727, 144.056594849, 144.544219971, 145.031829834, 145.519454956, 146.007064819, 146.494689941, 146.982315063, 147.469924927, 147.957550049, 148.445159912, 148.932785034, 149.420410156, 149.90802002, 150.395645142, 150.883255005, 151.370880127, 151.858505249, 152.346115112, 152.833740234, 153.321365356, 153.80897522, 154.296600342, 154.784210205, 155.271835327, 155.759460449, 156.247070312, 156.734695435, 157.222305298, 157.70993042, 158.197555542, 158.685165405, 159.172790527, 159.660400391, 160.148025513, 160.635650635, 161.123260498, 161.61088562, 162.098495483, 162.597732544, 163.085342407, 163.561355591, 164.048980713, 164.536590576, 165.024215698, 165.51184082, 165.999450684, 166.475463867, 166.96307373, 167.462310791, 167.949935913, 168.437545776, 168.925170898, 169.412780762, 169.900405884, 170.388031006, 170.875640869, 171.363265991, 171.850875854, 172.338500977, 172.826126099, 173.313735962, 173.801361084, 174.288970947, 174.776596069, 175.264221191, 175.751831055, 176.239456177, 176.72706604, 177.214691162, 177.702316284, 178.189926147, 178.67755127, 179.153549194, 179.641174316, 180.128799438, 180.62802124, 181.115646362, 181.603256226, 182.090881348, 182.57850647, 183.066116333, 183.553741455, 184.041351318, 184.52897644, 185.016601562, 185.504211426, 185.991836548, 186.479446411, 186.967071533, 187.454696655, 187.942306519, 188.429931641, 188.917541504, 189.405166626, 189.892791748, 190.380401611, 190.868026733, 191.355636597, 191.843261719, 192.330886841, 192.818496704, 193.306121826, 193.793731689, 194.281356812, 194.768981934, 195.256591797, 195.744216919, 196.231826782, 196.719451904, 197.207077026, 197.69468689, 198.182312012, 198.669921875, 199.157546997, 199.645172119, 200.132781982, 200.620407104, 201.108016968, 201.59564209, 202.083267212, 202.570877075, 203.058502197, 203.546112061, 204.033737183, 204.521362305, 205.008972168, 205.49659729, 205.984207153, 206.471832275, 206.959457397, 207.447067261, 207.934692383, 208.422302246, 208.909927368, 209.39755249, 209.885162354, 210.372787476, 210.860397339, 211.348022461, 211.835647583, 212.323257446, 212.810882568, 213.298492432, 213.786117554, 214.273742676, 214.761352539, 215.248977661, 215.736587524, 216.224212646, 216.711837769, 217.199447632, 217.687072754, 218.174682617, 218.662307739, 219.149932861, 219.649154663, 220.148391724, 220.659225464, 221.170059204, 221.71572876, 222.249786377, 222.783843994, 223.352737427, 223.910018921, 224.478912354, 225.047790527, 225.61668396, 226.185577393, 226.742858887, 227.300125122, 227.857406616, 228.426300049],
    "bpm_histogram": [0, 0, 0, 0, 0, 0, 0, 0, 0, 0, 0, 0, 0, 0, 0, 0, 0, 0, 0, 0, 0, 0, 0, 0, 0, 0, 0, 0, 0, 0, 0, 0, 0, 0, 0, 0, 0, 0, 0, 0, 0, 0, 0, 0, 0, 0, 0, 0, 0, 0, 0, 0, 0, 0, 0, 0, 0, 0, 0, 0, 0, 0, 0, 0, 0, 0, 0, 0, 0, 0, 0, 0, 0, 0, 0, 0, 0, 0, 0, 0, 0, 0, 0, 0, 0, 0, 0, 0, 0, 0, 0, 0, 0, 0, 0, 0, 0, 0, 0, 0, 0, 0, 0, 0, 0, 0.0129032256082, 0, 0, 0.00860215071589, 0, 0.00215053767897, 0, 0.00860215071589, 0, 0, 0.00430107535794, 0, 0.00860215071589, 0, 0, 0.0408602133393, 0, 0, 0.877419352531, 0, 0, 0.036559138447, 0, 0, 0, 0, 0, 0, 0, 0, 0, 0, 0, 0, 0, 0, 0, 0, 0, 0, 0, 0, 0, 0, 0, 0, 0, 0, 0, 0, 0, 0, 0, 0, 0, 0, 0, 0, 0, 0, 0, 0, 0, 0, 0, 0, 0, 0, 0, 0, 0, 0, 0, 0, 0, 0, 0, 0, 0, 0, 0, 0, 0, 0, 0, 0, 0, 0, 0, 0, 0, 0, 0, 0, 0, 0, 0, 0, 0, 0, 0, 0, 0, 0, 0, 0, 0, 0, 0, 0, 0, 0, 0, 0, 0, 0, 0, 0, 0, 0, 0, 0, 0, 0, 0, 0, 0, 0, 0, 0, 0, 0, 0, 0, 0, 0, 0, 0, 0, 0, 0, 0, 0, 0, 0]
},
"tonal": {
    "chords_changes_rate": 0.049250099808,
    "chords_number_rate": 0.00141872721724,
    "chords_strength": {
        "mean": 0.49060562253
    },
    "hpcp_crest": {
        "mean": 13.8114767075
    },
    "hpcp_entropy": {
        "mean": 1.93765735626
    },
    "key_edma": {
        "strength": 0.831017196178,
        "key": "F#",
        "scale": "major"
    },
    "key_krumhansl": {
        "strength": 0.832598745823,
        "key": "F#",
        "scale": "major"
    },
    "key_temperley": {
        "strength": 0.836800098419,
        "key": "F#",
        "scale": "major"
    },
    "tuning_diatonic_strength": 0.612806618214,
    "tuning_equal_tempered_deviation": 0.0272774454206,
    "tuning_frequency": 440,
    "tuning_nontempered_energy_ratio": 0.664195120335,
    "hpcp": {
        "mean": [0.0283314492553, 0.0233495216817, 0.0380531176925, 0.0547097548842, 0.0393109358847, 0.0234468821436, 0.0204324238002, 0.0210933554918, 0.0487958416343, 0.0770483911037, 0.0768283754587, 0.218455508351, 0.434573382139, 0.292397260666, 0.0569794923067, 0.0322336740792, 0.0415239073336, 0.0935535803437, 0.153517276049, 0.124959722161, 0.0614564530551, 0.0369640961289, 0.0345476567745, 0.104619517922, 0.148966431618, 0.115267403424, 0.228698611259, 0.363386213779, 0.226268529892, 0.0637659877539, 0.044154599309, 0.0399108678102, 0.131679564714, 0.25991165638, 0.174026250839, 0.0430686548352]
    },
    "chords_histogram": [27.1382236481, 0.70936357975, 36.562625885, 3.66842317581, 18.1597080231, 0.081070125103, 0, 0, 0, 0, 0.121605187654, 0, 0.202675312757, 0, 0, 1.01337659359, 0, 9.62707710266, 0, 1.27685451508, 0, 0, 0.587758421898, 0.851236343384],
    "thpcp": [1, 0.672837495804, 0.131115928292, 0.0741731449962, 0.095550969243, 0.215276837349, 0.35325974226, 0.287545740604, 0.141417890787, 0.0850583538413, 0.0794978663325, 0.24074074626, 0.342787742615, 0.265242666006, 0.526260077953, 0.836190700531, 0.520668148994, 0.146732389927, 0.101604469121, 0.0918391942978, 0.303008824587, 0.598084628582, 0.400453090668, 0.0991055965424, 0.0651937052608, 0.0537297539413, 0.0875643119216, 0.125893011689, 0.0904586836696, 0.0539537928998, 0.0470172017813, 0.0485380738974, 0.112284466624, 0.177296623588, 0.176790341735, 0.502689599991],
    "chords_key": "C#",
    "chords_scale": "major"
}
}