{
"metadata": {
    "version": {
        "essentia": "2.1-beta6-dev",
        "essentia_git_sha": "v2.1_beta5-1177-g1d1cc983",
        "extractor": "music 2.0"
    },
    "audio_properties": {
        "analysis": {
            "equal_loudness": 0,
            "length": 219.746673584,
            "sample_rate": 44100,
            "start_time": 0,
            "downmix": "mix"
        },
        "bit_rate": 1411200,
        "length": 219.746673584,
        "lossless": 1,
        "number_channels": 2,
        "replay_gain": -14.0484390259,
        "sample_rate": 44100,
        "codec": "pcm_s16le",
        "md5_encoded": "e1e1ada3f2f99c4e2c940113250e63f8"
    },
    "tags": {
        "file_name": "02 - Manchester Orchestra - Mighty.wav",
        "album": ["Simple Math"],
        "albumartist": ["Manchester Orchestra"],
        "artist": ["Manchester Orchestra"],
        "composer": ["Andy Hull"],
        "copyright": ["(P) 2011 Sony Music Entertainment"],
        "date": ["2011"],
        "discnumber": ["1"],
        "disctotal": ["1"],
        "genre": ["Alternative & Indie"],
        "isrc": ["USSM11101284"],
        "title": ["Mighty"],
        "tracknumber": ["2"],
        "tracktotal": ["10"]
    }
},
"lowlevel": {
    "average_loudness": 0.897419631481,
    "barkbands_crest": {
        "mean": 13.0154037476
    },
    "barkbands_flatness_db": {
        "mean": 0.171168267727
    },
    "barkbands_kurtosis": {
        "mean": 10.4779319763
    },
    "barkbands_skewness": {
        "mean": 2.45904707909
    },
    "barkbands_spread": {
        "mean": 19.1894283295
    },
    "dissonance": {
        "mean": 0.467970192432
    },
    "dynamic_complexity": 2.97130513191,
    "erbbands_crest": {
        "mean": 8.38213443756
    },
    "erbbands_flatness_db": {
        "mean": 0.147842645645
    },
    "erbbands_kurtosis": {
        "mean": 0.636479973793
    },
    "erbbands_skewness": {
        "mean": 0.192049756646
    },
    "erbbands_spread": {
        "mean": 46.2746391296
    },
    "hfc": {
        "mean": 21.402929306
    },
    "loudness_ebu128": {
        "integrated": -7.39838409424,
        "loudness_range": 5.50708818436,
        "momentary": {
            "mean": -8.49503421783
        },
        "short_term": {
            "mean": -8.1340379715
        }
    },
    "melbands_crest": {
        "mean": 18.0081615448
    },
    "melbands_flatness_db": {
        "mean": 0.254501640797
    },
    "melbands_kurtosis": {
        "mean": 29.8680496216
    },
    "melbands_skewness": {
        "mean": 4.06411075592
    },
    "melbands_spread": {
        "mean": 15.4002752304
    },
    "pitch_salience": {
        "mean": 0.44315803051
    },
    "silence_rate_20dB": {
        "mean": 1
    },
    "silence_rate_30dB": {
        "mean": 0.892023265362
    },
    "silence_rate_60dB": {
        "mean": 0.0282091926783
    },
    "spectral_centroid": {
        "mean": 1239.29785156
    },
    "spectral_complexity": {
        "mean": 21.0389862061
    },
    "spectral_decrease": {
        "mean": -1.32189210689e-08
    },
    "spectral_energy": {
        "mean": 0.0518325716257
    },
    "spectral_energyband_high": {
        "mean": 0.000844441005029
    },
    "spectral_energyband_low": {
        "mean": 0.0362915582955
    },
    "spectral_energyband_middle_high": {
        "mean": 0.00536274537444
    },
    "spectral_energyband_middle_low": {
        "mean": 0.0111333485693
    },
    "spectral_entropy": {
        "mean": 7.52967166901
    },
    "spectral_flux": {
        "mean": 0.105833612382
    },
    "spectral_kurtosis": {
        "mean": 5.6886100769
    },
    "spectral_rms": {
        "mean": 0.0065194373019
    },
    "spectral_rolloff": {
        "mean": 861.778381348
    },
    "spectral_skewness": {
        "mean": 1.51491200924
    },
    "spectral_spread": {
        "mean": 4289044
    },
    "spectral_strongpeak": {
        "mean": 0.696120560169
    },
    "zerocrossingrate": {
        "mean": 0.0416979789734
    },
    "barkbands": {
        "mean": [0.000595165474806, 0.025430707261, 0.00919919461012, 0.0020889446605, 0.00288202241063, 0.00153179233894, 0.00072684593033, 0.000915982644074, 0.00153421983123, 0.00204880489036, 0.000632815936115, 0.000502184790093, 0.000341017381288, 0.000445343728643, 0.000343490246451, 0.000508914177772, 0.000396802584874, 0.000351812661393, 0.000379101285944, 0.000251326186117, 0.000198466485017, 0.000144834615639, 0.000123531950521, 0.000156355599756, 8.85552799446e-05, 1.35511036206e-05, 9.89736804513e-07]
    },
    "erbbands": {
        "mean": [0.549556314945, 6.25173950195, 12.5620117188, 7.99296522141, 9.87425327301, 7.83770656586, 9.94316291809, 12.6620349884, 11.0201263428, 17.5545864105, 20.1177692413, 33.6815109253, 78.3695678711, 28.4284076691, 23.7461795807, 20.9238319397, 16.4788551331, 23.1567001343, 16.2668743134, 23.7265777588, 27.1456394196, 21.4604034424, 19.947681427, 23.0619907379, 14.2815294266, 11.9157733917, 9.14555740356, 6.91548013687, 5.33913850784, 4.14871168137, 3.44493103027, 2.99762153625, 2.76585030556, 1.39070343971, 0.429318189621, 0.103221938014, 0.017892094329, 0.00221911072731, 0.000205391086638, 6.82108802721e-05]
    },
    "gfcc": {
        "mean": [-1.13340091705, 113.099761963, -107.194763184, 52.5155715942, -45.3949699402, 16.2894954681, -26.044467926, 14.1209621429, -13.9813156128, -1.64297127724, -11.4648303986, -3.92425298691, -6.07610654831],
        "cov": [[12284.7783203, -2334.25244141, -2174.26123047, 7.62722492218, -976.059814453, 962.471069336, -240.248046875, 499.284667969, -357.749389648, 199.951370239, -299.922576904, 167.208465576, -55.0388908386], [-2334.25244141, 1493.52270508, -59.7091293335, -108.787231445, 425.409820557, -374.082702637, 286.730163574, -218.340270996, 198.645339966, -127.282203674, 157.338912964, -93.8076019287, 80.8382492065], [-2174.26123047, -59.7091293335, 1049.09301758, 89.1193237305, 61.5766525269, -61.7556915283, -88.2631072998, -1.26501727104, 6.54477930069, 40.5909843445, -3.31979513168, -11.7534704208, -28.5627937317], [7.62722492218, -108.787231445, 89.1193237305, 263.019836426, 13.6012296677, -18.6677570343, -31.6760482788, -13.8314352036, 24.2656803131, -8.37073040009, 24.5284042358, -14.9008216858, 28.7432861328], [-976.059814453, 425.409820557, 61.5766525269, 13.6012296677, 294.293334961, -92.4161529541, 101.433357239, -53.0891876221, 73.8027114868, -20.196931839, 62.1443634033, -8.59910583496, 24.4218864441], [962.471069336, -374.082702637, -61.7556915283, -18.6677570343, -92.4161529541, 232.919876099, -8.5733089447, 73.6539459229, -48.2355079651, 31.4257049561, -27.7461071014, 33.1973876953, -24.9638595581], [-240.248046875, 286.730163574, -88.2631072998, -31.6760482788, 101.433357239, -8.5733089447, 218.984130859, -20.8850383759, 47.2432479858, -32.3898849487, 30.3454265594, -11.9284801483, 18.1261901855], [499.284667969, -218.340270996, -1.26501727104, -13.8314352036, -53.0891876221, 73.6539459229, -20.8850383759, 134.637634277, 10.2369260788, 28.1887779236, -31.243303299, 15.7285737991, -4.41150140762], [-357.749389648, 198.645339966, 6.54477930069, 24.2656803131, 73.8027114868, -48.2355079651, 47.2432479858, 10.2369260788, 120.140716553, 1.76380169392, 28.065782547, -21.0996322632, 16.7876682281], [199.951370239, -127.282203674, 40.5909843445, -8.37073040009, -20.196931839, 31.4257049561, -32.3898849487, 28.1887779236, 1.76380169392, 79.3594055176, 5.70099639893, 13.1583538055, -7.44431447983], [-299.922576904, 157.338912964, -3.31979513168, 24.5284042358, 62.1443634033, -27.7461071014, 30.3454265594, -31.243303299, 28.065782547, 5.70099639893, 91.9140930176, 15.5754585266, 19.5202922821], [167.208465576, -93.8076019287, -11.7534704208, -14.9008216858, -8.59910583496, 33.1973876953, -11.9284801483, 15.7285737991, -21.0996322632, 13.1583538055, 15.5754585266, 71.3612365723, 11.5274171829], [-55.0388908386, 80.8382492065, -28.5627937317, 28.7432861328, 24.4218864441, -24.9638595581, 18.1261901855, -4.41150140762, 16.7876682281, -7.44431447983, 19.5202922821, 11.5274171829, 68.0337600708]],
        "icov": [[0.000412620953284, -0.000246874406002, 0.000862347427756, -0.000749018916395, 0.000630386930425, -0.00096662651049, 0.000148680381244, -0.000778424669988, 0.000697861600202, -0.00107122701593, 0.000852807075717, -0.000392913469113, 0.000167043952388], [-0.000246874406002, 0.00571074848995, -0.000512213329785, 0.00460027810186, -0.00333691993728, 0.00465016718954, -0.00232848944142, 0.00384028838016, -0.0041659520939, 0.00493112998083, -0.00526309804991, 0.00466648489237, -0.00308337621391], [0.000862347427756, -0.000512213329785, 0.00291136745363, -0.00198273942806, 0.000870761810802, -0.00165057601407, 0.000684928556439, -0.00177808315493, 0.00162281165831, -0.00285311508924, 0.00201956206001, -0.000845898524858, 0.00100145325996], [-0.000749018916395, 0.00460027810186, -0.00198273942806, 0.00911190081388, -0.00325672212057, 0.00405002897605, -0.000651537440717, 0.00430158805102, -0.00495499838144, 0.00620488263667, -0.0065222484991, 0.00563929276541, -0.00482896249741], [0.000630386930425, -0.00333691993728, 0.000870761810802, -0.00325672212057, 0.00810635089874, -0.00252601900138, -0.000485308439238, -0.00193281122483, 0.0010410360992, -0.00357555528171, 0.00208233273588, -0.00367521657608, 0.00176073412877], [-0.00096662651049, 0.00465016718954, -0.00165057601407, 0.00405002897605, -0.00252601900138, 0.0123137831688, -0.00364398234524, 0.00114341266453, -0.00194699957501, 0.00382913788781, -0.00516916951165, 0.00193431775551, -0.000186485689483], [0.000148680381244, -0.00232848944142, 0.000684928556439, -0.000651537440717, -0.000485308439238, -0.00364398234524, 0.00784744136035, -0.00114625599235, -0.000109543296276, 0.000423755845986, 0.00102055119351, -0.000564374087844, -1.96602263713e-06], [-0.000778424669988, 0.00384028838016, -0.00177808315493, 0.00430158805102, -0.00193281122483, 0.00114341266453, -0.00114625599235, 0.0152158336714, -0.00798942428082, 0.00241159764118, -0.000317110941978, 0.000944174302276, -0.00318493507802], [0.000697861600202, -0.0041659520939, 0.00162281165831, -0.00495499838144, 0.0010410360992, -0.00194699957501, -0.000109543296276, -0.00798942428082, 0.0171600300819, -0.00644941627979, 0.00161931372713, 0.000609941780567, 0.00120433501434], [-0.00107122701593, 0.00493112998083, -0.00285311508924, 0.00620488263667, -0.00357555528171, 0.00382913788781, 0.000423755845986, 0.00241159764118, -0.00644941627979, 0.0222792178392, -0.00905564520508, 0.00339087587781, -0.00176015822217], [0.000852807075717, -0.00526309804991, 0.00201956206001, -0.0065222484991, 0.00208233273588, -0.00516916951165, 0.00102055119351, -0.000317110941978, 0.00161931372713, -0.00905564520508, 0.0225338097662, -0.0100552309304, 0.00145816605072], [-0.000392913469113, 0.00466648489237, -0.000845898524858, 0.00563929276541, -0.00367521657608, 0.00193431775551, -0.000564374087844, 0.000944174302276, 0.000609941780567, 0.00339087587781, -0.0100552309304, 0.0233764536679, -0.007214887999], [0.000167043952388, -0.00308337621391, 0.00100145325996, -0.00482896249741, 0.00176073412877, -0.000186485689483, -1.96602263713e-06, -0.00318493507802, 0.00120433501434, -0.00176015822217, 0.00145816605072, -0.007214887999, 0.0203658696264]]
    },
    "melbands": {
        "mean": [0.00617422908545, 0.00710358796641, 0.00148920505308, 0.00063371961005, 0.000353939685738, 0.000288767681923, 0.000163479198818, 0.000198669004021, 0.000181298324605, 0.000222184506129, 0.000389276188798, 0.000108590669697, 7.80740447226e-05, 6.28027846687e-05, 4.08312298532e-05, 3.48324465449e-05, 4.57800924778e-05, 2.5343910238e-05, 2.79118976323e-05, 3.83400401915e-05, 2.95317458949e-05, 2.29933193623e-05, 1.88445774256e-05, 1.63292570505e-05, 1.94899748749e-05, 1.22287929116e-05, 8.64039702719e-06, 7.64612104831e-06, 5.43729220226e-06, 5.3498674788e-06, 3.59206296707e-06, 3.27701309288e-06, 2.32617821894e-06, 2.24130963034e-06, 1.94596714209e-06, 1.92146808331e-06, 1.77650667865e-06, 1.97455051421e-06, 1.66205552432e-06, 1.02244916889e-06]
    },
    "melbands128": {
        "mean": [0.000551861885469, 0.00330835604109, 0.0088717173785, 0.0110579030588, 0.00800377782434, 0.00378569425084, 0.00150822452269, 0.0010066931136, 0.00111569289584, 0.000585984787904, 0.000357214885298, 0.000404710328439, 0.00031237694202, 0.000362929858966, 0.000291318807285, 0.000263638386969, 0.000210450074519, 0.000121679418953, 0.000138903982588, 0.000206385288038, 0.000255725433817, 9.6084906545e-05, 0.000181077572051, 0.000259737164015, 0.00017041436513, 0.000213373423321, 0.000313833123073, 0.000622072664555, 0.000218531655264, 7.95000159997e-05, 0.00010318562272, 8.69697105372e-05, 6.08255213592e-05, 9.58257514867e-05, 5.62060449738e-05, 5.85509042139e-05, 6.26549881417e-05, 3.50372538378e-05, 3.36373886967e-05, 3.39917460224e-05, 4.09814056184e-05, 2.34168746829e-05, 5.00812348037e-05, 5.93431577727e-05, 2.84768320853e-05, 1.86700726772e-05, 1.96680211957e-05, 3.13605851261e-05, 2.8357411793e-05, 2.84379366349e-05, 4.67815807497e-05, 4.12765803048e-05, 2.81000757241e-05, 2.72088091151e-05, 2.55807444773e-05, 2.34470808209e-05, 1.85914141184e-05, 1.97196040972e-05, 1.74340548256e-05, 2.17979868467e-05, 1.24535572468e-05, 1.39488392961e-05, 2.51155906881e-05, 1.76199864654e-05, 1.82964631676e-05, 1.23184054246e-05, 8.58839212015e-06, 8.25198367238e-06, 8.41569362819e-06, 9.89961245068e-06, 6.75600995237e-06, 8.29141845315e-06, 5.08572838953e-06, 4.1979665184e-06, 6.56979818814e-06, 6.2509889176e-06, 4.44559191237e-06, 3.84066697734e-06, 3.38848576575e-06, 3.33934667651e-06, 3.86950705433e-06, 3.02347461911e-06, 2.3830380087e-06, 2.06746540243e-06, 2.54300562119e-06, 2.37660651692e-06, 2.16130706576e-06, 1.9187568796e-06, 1.93342384591e-06, 1.88486637853e-06, 2.12179338632e-06, 1.8032128537e-06, 1.84618454568e-06, 1.80376923709e-06, 1.73860337327e-06, 1.7139383317e-06, 2.09686959352e-06, 2.26372071666e-06, 1.67669634266e-06, 1.37263225497e-06, 1.26994018501e-06, 9.77678382696e-07, 7.38656410704e-07, 5.52827543743e-07, 4.81140148167e-07, 3.53101398787e-07, 2.87293232759e-07, 2.00225429126e-07, 1.6549689974e-07, 1.14285626296e-07, 9.81813741419e-08, 6.08083965403e-08, 4.58270612569e-08, 3.23006865699e-08, 2.58452867996e-08, 1.83402821818e-08, 1.25830634801e-08, 8.88627482709e-09, 6.45752828987e-09, 4.73112971022e-09, 3.71902908469e-09, 2.62249466587e-09, 1.89341609058e-09, 1.34785871353e-09, 1.046720155e-09, 7.81712472531e-10, 5.63454782831e-10, 3.6579561602e-10]
    },
    "mfcc": {
        "mean": [-640.562805176, 130.845596313, 6.72436857224, 40.3144989014, 11.4418001175, 9.77512073517, 5.07286596298, 12.4940128326, 7.18730258942, 6.81961154938, 1.52547419071, 2.54428434372, -0.835539937019],
        "cov": [[10967.5898438, -1766.14575195, -1244.35961914, -830.674438477, -486.642547607, -83.2609939575, 32.276763916, 135.603881836, 77.0023269653, 113.811958313, -101.423545837, -39.901512146, -66.5227508545], [-1766.14575195, 1424.08691406, -356.101715088, 221.272445679, -17.9357070923, 36.3234024048, 2.56817555428, 21.5683498383, -10.0094804764, -10.3807640076, 62.6300125122, 13.647860527, 6.49995088577], [-1244.35961914, -356.101715088, 837.793823242, 53.5870056152, 130.042175293, -21.9283695221, -12.1162605286, -65.9376068115, 3.27528309822, -4.1429901123, -5.01521253586, 13.4897003174, 13.6056880951], [-830.674438477, 221.272445679, 53.5870056152, 316.038360596, 78.1526031494, 9.38363170624, -16.8517780304, -27.0193309784, 8.36117267609, -19.2020015717, 0.959495544434, 17.2555465698, 21.3639736176], [-486.642547607, -17.9357070923, 130.042175293, 78.1526031494, 183.105300903, 0.495921641588, -18.7075767517, -20.4174671173, -6.4172668457, 0.679355621338, 0.225355088711, 18.6934947968, 24.0222568512], [-83.2609939575, 36.3234024048, -21.9283695221, 9.38363170624, 0.495921641588, 117.007987976, 47.376991272, 19.7785682678, -8.94689464569, -0.595894932747, 9.91306591034, 7.95557260513, 3.94230890274], [32.276763916, 2.56817555428, -12.1162605286, -16.8517780304, -18.7075767517, 47.376991272, 111.892326355, 27.243888855, 8.0032749176, -12.4520168304, 5.95432710648, 11.4626026154, 3.12407183647], [135.603881836, 21.5683498383, -65.9376068115, -27.0193309784, -20.4174671173, 19.7785682678, 27.243888855, 112.368278503, 21.4160175323, 23.0056686401, 3.41687679291, -0.979621171951, 0.911541819572], [77.0023269653, -10.0094804764, 3.27528309822, 8.36117267609, -6.4172668457, -8.94689464569, 8.0032749176, 21.4160175323, 89.650932312, 34.7651634216, 3.83499240875, -3.37420105934, 1.2491736412], [113.811958313, -10.3807640076, -4.1429901123, -19.2020015717, 0.679355621338, -0.595894932747, -12.4520168304, 23.0056686401, 34.7651634216, 85.1679000854, 21.5363883972, -1.96383988857, -2.30197715759], [-101.423545837, 62.6300125122, -5.01521253586, 0.959495544434, 0.225355088711, 9.91306591034, 5.95432710648, 3.41687679291, 3.83499240875, 21.5363883972, 58.0986557007, 17.4848575592, 4.37026071548], [-39.901512146, 13.647860527, 13.4897003174, 17.2555465698, 18.6934947968, 7.95557260513, 11.4626026154, -0.979621171951, -3.37420105934, -1.96383988857, 17.4848575592, 60.9329833984, 28.0489215851], [-66.5227508545, 6.49995088577, 13.6056880951, 21.3639736176, 24.0222568512, 3.94230890274, 3.12407183647, 0.911541819572, 1.2491736412, -2.30197715759, 4.37026071548, 28.0489215851, 63.6063308716]],
        "icov": [[0.000234109116718, 0.000360940874089, 0.000457888207166, 0.000223062888836, 0.000263205292867, 0.000104767197627, -8.98187681742e-06, 6.13837401033e-05, -0.000114518479677, -0.000225807292736, 0.000203864488867, -0.000268475734629, 2.72166471404e-05], [0.000360940874089, 0.00154933019076, 0.0011406239355, -0.000459426984889, 0.000503805174958, 0.000109234038973, 1.92362149392e-05, -5.92265350861e-05, -5.94463972448e-06, -0.000109168177005, -0.000858108804096, -0.000198637600988, 7.50710678403e-05], [0.000457888207166, 0.0011406239355, 0.00248889205977, 0.000128275321913, -0.0004117784556, 0.000404327962315, -0.000277231651125, 0.000795253727119, -0.000377556716558, -0.000432340137195, 2.47294792644e-05, -0.000507915450726, 0.000133575900691], [0.000223062888836, -0.000459426984889, 0.000128275321913, 0.00466938363388, -0.00128096912522, -0.000603869266342, 0.00080029288074, 0.000753896078095, -0.00154034502339, 0.00101540447213, 0.000813599210232, -0.000841611239593, -0.000462211552076], [0.000263205292867, 0.000503805174958, -0.0004117784556, -0.00128096912522, 0.00756816053763, -0.000277398707112, 0.000953623617534, 0.000309535622364, 0.000706585706212, -0.00115530041512, 0.000730201310944, -0.00139985058922, -0.00163879117463], [0.000104767197627, 0.000109234038973, 0.000404327962315, -0.000603869266342, -0.000277398707112, 0.0110869929194, -0.00483343983069, -0.00102363794576, 0.00227307737805, -0.00129513791762, -0.000906608242076, 8.39860440465e-05, -0.000181847979547], [-8.98187681742e-06, 1.92362149392e-05, -0.000277231651125, 0.00080029288074, 0.000953623617534, -0.00483343983069, 0.0126855578274, -0.00230788579211, -0.00260648760013, 0.00391593715176, -0.00108334119432, -0.00211995164864, 0.000330769136781], [6.13837401033e-05, -5.92265350861e-05, 0.000795253727119, 0.000753896078095, 0.000309535622364, -0.00102363794576, -0.00230788579211, 0.0111506832764, -0.00161128793843, -0.00289630936459, 0.00118227477651, 9.25807253225e-05, -0.000648213201202], [-0.000114518479677, -5.94463972448e-06, -0.000377556716558, -0.00154034502339, 0.000706585706212, 0.00227307737805, -0.00260648760013, -0.00161128793843, 0.0148102380335, -0.00641606003046, 0.000888895883691, 0.00115660263691, -0.000871836615261], [-0.000225807292736, -0.000109168177005, -0.000432340137195, 0.00101540447213, -0.00115530041512, -0.00129513791762, 0.00391593715176, -0.00289630936459, -0.00641606003046, 0.018048601225, -0.00707614747807, 0.0014417800121, 0.000521790003404], [0.000203864488867, -0.000858108804096, 2.47294792644e-05, 0.000813599210232, 0.000730201310944, -0.000906608242076, -0.00108334119432, 0.00118227477651, 0.000888895883691, -0.00707614747807, 0.0233161281794, -0.00718313176185, 0.00113106553908], [-0.000268475734629, -0.000198637600988, -0.000507915450726, -0.000841611239593, -0.00139985058922, 8.39860440465e-05, -0.00211995164864, 9.25807253225e-05, 0.00115660263691, 0.0014417800121, -0.00718313176185, 0.0238795429468, -0.00925021246076], [2.72166471404e-05, 7.50710678403e-05, 0.000133575900691, -0.000462211552076, -0.00163879117463, -0.000181847979547, 0.000330769136781, -0.000648213201202, -0.000871836615261, 0.000521790003404, 0.00113106553908, -0.00925021246076, 0.0205298345536]]
    },
    "spectral_contrast_coeffs": {
        "mean": [-0.72505569458, -0.771788299084, -0.767426431179, -0.795481801033, -0.795139312744, -0.753890693188]
    },
    "spectral_contrast_valleys": {
        "mean": [-6.1523270607, -6.68076229095, -7.42650318146, -7.63624954224, -7.48739099503, -10.4362335205]
    }
},
"rhythm": {
    "beats_count": 468,
    "beats_loudness": {
        "mean": 0.0775790438056
    },
    "bpm": 125.319320679,
    "bpm_histogram_first_peak_bpm": 126,
    "bpm_histogram_first_peak_weight": 0.480663001537,
    "bpm_histogram_second_peak_bpm": 133,
    "bpm_histogram_second_peak_spread": 0.492753624916,
    "bpm_histogram_second_peak_weight": 0.0749464631081,
    "danceability": 1.2821264267,
    "onset_rate": 3.19431734085,
    "beats_loudness_band_ratio": {
        "mean": [0.777041077614, 0.0989788323641, 0.0685352608562, 0.0450326502323, 0.0362736657262, 0.0240513887256]
    },
    "beats_position": [0.476009070873, 0.975238084793, 1.46285712719, 1.95047616959, 2.43809509277, 2.92571425438, 3.41333317757, 3.90095233917, 4.38857126236, 4.88780021667, 5.38702917099, 5.87464857101, 6.3622674942, 6.84988641739, 7.32589578629, 7.80190467834, 8.27791404724, 8.75392246246, 9.24154186249, 9.72916126251, 10.2051696777, 10.6811790466, 11.1571884155, 11.6331968307, 12.1092061996, 12.5852155685, 13.0728340149, 13.5604534149, 14.0364627838, 14.512471199, 15.0000905991, 15.4760990143, 15.9521083832, 16.4397277832, 16.9157371521, 17.391746521, 17.8677539825, 18.3437633514, 18.8313827515, 19.3073921204, 19.7834014893, 20.2710208893, 20.758638382, 21.246257782, 21.7222671509, 22.1866664886, 22.6742858887, 23.1502952576, 23.6379127502, 24.1255321503, 24.6131515503, 25.0891609192, 25.5651702881, 26.0411777496, 26.5287971497, 27.0048065186, 27.4808158875, 27.9568252563, 28.4328346252, 28.9088420868, 29.3848514557, 29.8608608246, 30.3484802246, 30.8360996246, 31.3004989624, 31.776506424, 32.2525177002, 32.7401351929, 33.2277526855, 33.7153739929, 34.2029914856, 34.690612793, 35.1666221619, 35.6426315308, 36.1302490234, 36.5946464539, 37.0822677612, 37.5466651917, 38.034286499, 38.5102958679, 38.9863014221, 39.4739227295, 39.9615402222, 40.4375495911, 40.91355896, 41.3779602051, 41.8655776978, 42.3415870667, 42.8175964355, 43.3052139282, 43.7928352356, 44.2688446045, 44.7448501587, 45.2324714661, 45.7200889587, 46.2077102661, 46.683719635, 47.1597251892, 47.6357345581, 48.111743927, 48.5761451721, 49.0637626648, 49.5513839722, 50.0390014648, 50.5150108337, 50.9910202026, 51.4786376953, 51.9546470642, 52.4306564331, 52.906665802, 53.3826751709, 53.8702926636, 54.3463020325, 54.8223114014, 55.3099327087, 55.7859382629, 56.2619476318, 56.7379570007, 57.2139663696, 57.701587677, 58.1775970459, 58.6536026001, 59.1412239075, 59.6288414001, 60.104850769, 60.5808601379, 61.0684814453, 61.556098938, 62.0204963684, 62.5081176758, 62.9841270447, 63.4601364136, 63.9361457825, 64.4121551514, 64.8881607056, 65.3641738892, 65.8517913818, 66.3394088745, 66.8154220581, 67.2914276123, 67.7674331665, 68.2434463501, 68.7310638428, 69.2186813354, 69.694694519, 70.1707000732, 70.6467132568, 71.1343307495, 71.6103363037, 72.0863494873, 72.5623550415, 73.0499725342, 73.5375976562, 74.0136032104, 74.489616394, 74.9772338867, 75.4532394409, 75.9292526245, 76.4052581787, 76.8812713623, 77.368888855, 77.8565063477, 78.3325119019, 78.8085250854, 79.2845306396, 79.7605438232, 80.2481613159, 80.7357788086, 81.2233963013, 81.7110214233, 82.198638916, 82.6862564087, 83.1622695923, 83.6382751465, 84.1258926392, 84.6019058228, 85.077911377, 85.5539245605, 86.0299301147, 86.5175476074, 86.993560791, 87.4695663452, 87.9339675903, 88.421585083, 88.8975982666, 89.3736038208, 89.8612213135, 90.3488388062, 90.8248519897, 91.3008575439, 91.788482666, 92.2761001587, 92.7637176514, 93.2281188965, 93.7041244507, 94.1801376343, 94.6561431885, 95.1321487427, 95.6081619263, 96.0841674805, 96.5717926025, 97.0477981567, 97.5354156494, 98.011428833, 98.4874343872, 98.9634475708, 99.4510650635, 99.9386825562, 100.41469574, 100.890701294, 101.355102539, 101.842720032, 102.330337524, 102.817955017, 103.293968201, 103.769973755, 104.257591248, 104.74521637, 105.209609985, 105.685623169, 106.161628723, 106.637641907, 107.125259399, 107.601264954, 108.088890076, 108.576507568, 109.052513123, 109.528526306, 110.00453186, 110.480545044, 110.968162537, 111.444168091, 111.920181274, 112.396186829, 112.872200012, 113.348205566, 113.82421875, 114.311836243, 114.799453735, 115.287071228, 115.774688721, 116.262313843, 116.726707458, 117.214332581, 117.690338135, 118.166343689, 118.642356873, 119.118362427, 119.59437561, 120.081993103, 120.546394348, 121.022399902, 121.498413086, 121.997642517, 122.48526001, 122.972877502, 123.460494995, 123.936508179, 124.412513733, 124.900131226, 125.387756348, 125.863761902, 126.339767456, 126.827392578, 127.303398132, 127.779411316, 128.267028809, 128.743041992, 129.207427979, 129.683441162, 130.171066284, 130.647079468, 131.123077393, 131.610702515, 132.086715698, 132.562713623, 133.038726807, 133.51473999, 134.002349854, 134.489974976, 134.965988159, 135.441986084, 135.929611206, 136.40562439, 136.881637573, 137.369247437, 137.856872559, 138.344482422, 138.832107544, 139.308120728, 139.784118652, 140.260131836, 140.73614502, 141.212158203, 141.688156128, 142.164169312, 142.640182495, 143.127792358, 143.61541748, 144.091430664, 144.567428589, 145.055053711, 145.542678833, 146.018676758, 146.494689941, 146.982315063, 147.458312988, 147.934326172, 148.398727417, 148.874740601, 149.339141846, 149.803527832, 150.279541016, 150.755554199, 151.231567383, 151.719177246, 152.206802368, 152.694412231, 153.182037354, 153.669662476, 154.157272339, 154.644897461, 155.132507324, 155.608520508, 156.084533691, 156.572158813, 157.071380615, 157.547393799, 158.023391724, 158.499404907, 158.975418091, 159.451431274, 159.915817261, 160.380218506, 160.856231689, 161.343856812, 161.819854736, 162.307479858, 162.79510498, 163.271102905, 163.73550415, 164.188293457, 164.664306641, 165.128707886, 165.593109131, 166.045898438, 166.521896362, 166.986297607, 167.450698853, 167.903488159, 168.379501343, 168.843902588, 169.308303833, 169.761077881, 170.225479126, 170.678268433, 171.131057739, 171.595458984, 172.059860229, 172.535873413, 173.011871338, 173.476272583, 173.940673828, 174.405075073, 174.869476318, 175.333877563, 175.798278809, 176.251068115, 176.715454102, 177.168243408, 177.632644653, 178.08543396, 178.538223267, 178.991012573, 179.44380188, 179.908203125, 180.360992432, 180.825393677, 181.278182983, 181.73097229, 182.183761597, 182.648162842, 183.112564087, 183.565353394, 184.0181427, 184.470932007, 184.923721313, 185.3881073, 185.829299927, 186.270477295, 186.711654663, 187.152832031, 187.594009399, 188.046798706, 188.499588013, 188.929153442, 189.358734131, 189.799911499, 190.241088867, 190.682266235, 191.123443604, 191.564620972, 192.00579834, 192.458587646, 192.911376953, 193.352554321, 193.793731689, 194.234924316, 194.676101685, 195.117279053, 195.558456421, 195.999633789, 196.452423096, 196.905212402, 197.346389771, 197.787567139, 198.228744507, 198.669921875, 199.122711182, 199.575500488, 200.016693115, 200.457870483, 200.899047852, 201.351837158, 201.793014526, 202.245803833, 202.686981201, 203.128158569, 203.569335938, 204.010513306, 204.463302612, 204.916091919, 205.357269287, 205.798446655, 206.239639282, 206.692428589, 207.133605957, 207.586395264, 208.03918457, 208.433914185, 208.817047119, 209.211791992, 209.606521606, 210.001266479, 210.396011353, 210.779129028, 211.173873901, 211.557006836, 211.940139771, 212.323257446, 212.706390381, 213.089523315, 213.47265625, 213.855773926, 214.23890686, 214.622039795, 215.005172729, 215.388290405, 215.759811401, 216.131332397, 216.514465332, 216.897598267, 217.269119263, 217.652236938, 218.035369873, 218.418502808, 218.790023804, 219.1615448],
    "bpm_histogram": [0, 0, 0, 0, 0, 0, 0, 0, 0, 0, 0, 0, 0, 0, 0, 0, 0, 0, 0, 0, 0, 0, 0, 0, 0, 0, 0, 0, 0, 0, 0, 0, 0, 0, 0, 0, 0, 0, 0, 0, 0, 0, 0, 0, 0, 0, 0, 0, 0, 0, 0, 0, 0, 0, 0, 0, 0, 0, 0, 0, 0, 0, 0, 0, 0, 0, 0, 0, 0, 0, 0, 0, 0, 0, 0, 0, 0, 0, 0, 0, 0, 0, 0, 0, 0, 0, 0, 0, 0, 0, 0, 0, 0, 0, 0, 0, 0, 0, 0, 0, 0, 0, 0, 0, 0, 0, 0, 0, 0, 0, 0, 0, 0, 0, 0, 0, 0, 0, 0, 0, 0.010706637986, 0, 0, 0.282655239105, 0, 0, 0.402569591999, 0, 0, 0.0899357572198, 0, 0, 0, 0.0749464631081, 0, 0, 0.0728051364422, 0, 0, 0, 0.0042826551944, 0, 0, 0, 0, 0, 0, 0, 0, 0, 0, 0, 0.0128479655832, 0, 0, 0, 0, 0.0385438986123, 0, 0, 0, 0.010706637986, 0, 0, 0, 0, 0, 0, 0, 0, 0, 0, 0, 0, 0, 0, 0, 0, 0, 0, 0, 0, 0, 0, 0, 0, 0, 0, 0, 0, 0, 0, 0, 0, 0, 0, 0, 0, 0, 0, 0, 0, 0, 0, 0, 0, 0, 0, 0, 0, 0, 0, 0, 0, 0, 0, 0, 0, 0, 0, 0, 0, 0, 0, 0, 0, 0, 0, 0, 0, 0, 0, 0, 0, 0, 0, 0, 0, 0, 0, 0, 0, 0, 0, 0, 0, 0, 0, 0, 0]
},
"tonal": {
    "chords_changes_rate": 0.0629621818662,
    "chords_number_rate": 0.00190154241864,
    "chords_strength": {
        "mean": 0.526729047298
    },
    "hpcp_crest": {
        "mean": 14.384185791
    },
    "hpcp_entropy": {
        "mean": 1.88578343391
    },
    "key_edma": {
        "strength": 0.665446341038,
        "key": "F",
        "scale": "minor"
    },
    "key_krumhansl": {
        "strength": 0.657475173473,
        "key": "F",
        "scale": "minor"
    },
    "key_temperley": {
        "strength": 0.659744441509,
        "key": "C",
        "scale": "minor"
    },
    "tuning_diatonic_strength": 0.58170324564,
    "tuning_equal_tempered_deviation": 0.0254806764424,
    "tuning_frequency": 441.017791748,
    "tuning_nontempered_energy_ratio": 0.698870301247,
    "hpcp": {
        "mean": [0.0313197039068, 0.0319894738495, 0.0802687928081, 0.13849696517, 0.105278283358, 0.0643600523472, 0.0844553634524, 0.115523420274, 0.219195693731, 0.25946316123, 0.150126233697, 0.0747931972146, 0.0525126904249, 0.0404746420681, 0.0494491532445, 0.0637651458383, 0.0758870914578, 0.147012576461, 0.168543115258, 0.0922230929136, 0.0623298808932, 0.0599416568875, 0.0566510781646, 0.136268854141, 0.193658590317, 0.116451352835, 0.0559303388, 0.0605783984065, 0.0726306065917, 0.161872670054, 0.198439493775, 0.0987647920847, 0.0736374258995, 0.107179574668, 0.0754257589579, 0.0365807972848]
    },
    "chords_histogram": [23.76927948, 11.2613563538, 0.169025987387, 0.232410728931, 0, 7.41601514816, 1.75364458561, 18.170293808, 0.6127191782, 0.633847475052, 3.54954576492, 0, 0.380308479071, 0, 0.0633847489953, 0, 0.549334466457, 0.507077991962, 0, 1.85928583145, 0.971899449825, 0.0211282484233, 22.395942688, 5.68349885941],
    "thpcp": [1, 0.57860326767, 0.288261324167, 0.202389776707, 0.155993789434, 0.190582558513, 0.245757997036, 0.292477339506, 0.566602885723, 0.649583995342, 0.355438113213, 0.240226328373, 0.2310218364, 0.218339577317, 0.525195360184, 0.746381819248, 0.448816508055, 0.215561777353, 0.233475908637, 0.279926478863, 0.623875319958, 0.764807999134, 0.380650550127, 0.283806860447, 0.413082063198, 0.29069930315, 0.140986472368, 0.120709635317, 0.123291008174, 0.309364885092, 0.53378278017, 0.405754268169, 0.248050823808, 0.325500398874, 0.445240169764, 0.844804704189],
    "chords_key": "C",
    "chords_scale": "minor"
}
}