{
"metadata": {
    "version": {
        "essentia": "2.1-beta6-dev",
        "essentia_git_sha": "v2.1_beta5-1177-g1d1cc983",
        "extractor": "music 2.0"
    },
    "audio_properties": {
        "analysis": {
            "equal_loudness": 0,
            "length": 197.746673584,
            "sample_rate": 44100,
            "start_time": 0,
            "downmix": "mix"
        },
        "bit_rate": 1411200,
        "length": 197.746673584,
        "lossless": 1,
        "number_channels": 2,
        "replay_gain": -7.41660881042,
        "sample_rate": 44100,
        "codec": "pcm_s16le",
        "md5_encoded": "41523d642533222a7ffff9578c984ffd"
    },
    "tags": {
        "file_name": "01 - Manchester Orchestra - Deer.wav",
        "album": ["Simple Math"],
        "albumartist": ["Manchester Orchestra"],
        "artist": ["Manchester Orchestra"],
        "composer": ["Andy Hull"],
        "copyright": ["(P) 2011 Sony Music Entertainment"],
        "date": ["2011"],
        "discnumber": ["1"],
        "disctotal": ["1"],
        "genre": ["Alternative & Indie"],
        "isrc": ["USSM11101283"],
        "title": ["Deer"],
        "tracknumber": ["1"],
        "tracktotal": ["10"]
    }
},
"lowlevel": {
    "average_loudness": 0.55596101284,
    "barkbands_crest": {
        "mean": 12.0071058273
    },
    "barkbands_flatness_db": {
        "mean": 0.267989933491
    },
    "barkbands_kurtosis": {
        "mean": 8.34706306458
    },
    "barkbands_skewness": {
        "mean": 1.73748457432
    },
    "barkbands_spread": {
        "mean": 10.5692243576
    },
    "dissonance": {
        "mean": 0.417757749557
    },
    "dynamic_complexity": 4.97350978851,
    "erbbands_crest": {
        "mean": 11.7654314041
    },
    "erbbands_flatness_db": {
        "mean": 0.2666246593
    },
    "erbbands_kurtosis": {
        "mean": 2.32497310638
    },
    "erbbands_skewness": {
        "mean": 0.701583385468
    },
    "erbbands_spread": {
        "mean": 22.9063816071
    },
    "hfc": {
        "mean": 11.2133369446
    },
    "loudness_ebu128": {
        "integrated": -17.3623428345,
        "loudness_range": 8.59876251221,
        "momentary": {
            "mean": -20.2841339111
        },
        "short_term": {
            "mean": -19.1696624756
        }
    },
    "melbands_crest": {
        "mean": 15.2570371628
    },
    "melbands_flatness_db": {
        "mean": 0.35986289382
    },
    "melbands_kurtosis": {
        "mean": 11.8946285248
    },
    "melbands_skewness": {
        "mean": 2.25870299339
    },
    "melbands_spread": {
        "mean": 13.0250091553
    },
    "pitch_salience": {
        "mean": 0.537111401558
    },
    "silence_rate_20dB": {
        "mean": 1
    },
    "silence_rate_30dB": {
        "mean": 0.999295592308
    },
    "silence_rate_60dB": {
        "mean": 0.171519130468
    },
    "spectral_centroid": {
        "mean": 706.11328125
    },
    "spectral_complexity": {
        "mean": 10.6906547546
    },
    "spectral_decrease": {
        "mean": -4.33965707813e-09
    },
    "spectral_energy": {
        "mean": 0.0173958688974
    },
    "spectral_energyband_high": {
        "mean": 0.000165036646649
    },
    "spectral_energyband_low": {
        "mean": 0.00371482456103
    },
    "spectral_energyband_middle_high": {
        "mean": 0.00326707516797
    },
    "spectral_energyband_middle_low": {
        "mean": 0.0110618667677
    },
    "spectral_entropy": {
        "mean": 6.25598907471
    },
    "spectral_flux": {
        "mean": 0.0423906855285
    },
    "spectral_kurtosis": {
        "mean": 42.4399261475
    },
    "spectral_rms": {
        "mean": 0.00366071471944
    },
    "spectral_rolloff": {
        "mean": 931.018554688
    },
    "spectral_skewness": {
        "mean": 4.17485141754
    },
    "spectral_spread": {
        "mean": 2363063.25
    },
    "spectral_strongpeak": {
        "mean": 0.917676150799
    },
    "zerocrossingrate": {
        "mean": 0.0327289439738
    },
    "barkbands": {
        "mean": [1.03744366697e-06, 0.000397829164285, 0.00255462760106, 0.001225558226, 0.00531964050606, 0.00183007947635, 0.00101311854087, 0.000894342898391, 0.000697287032381, 0.00043575183372, 0.000237631858909, 0.000235283645452, 0.000276413367828, 0.000327385147102, 0.000332958297804, 0.000484765827423, 0.000507917371579, 0.000264899455942, 0.000170781422639, 4.03481935791e-05, 2.38627690123e-05, 2.60964079644e-05, 3.25054388668e-05, 3.78879412892e-05, 2.31023514061e-05, 4.61913896288e-06, 2.21692346258e-07]
    },
    "erbbands": {
        "mean": [0.00256386096589, 0.173278644681, 2.50552964211, 3.8959877491, 7.53997373581, 20.2014446259, 22.4436855316, 13.7157917023, 14.3383703232, 13.7695627213, 21.1911830902, 16.7339878082, 12.5551481247, 12.3013114929, 11.7812252045, 7.94684314728, 12.3483581543, 13.1029577255, 16.3171424866, 21.1908607483, 32.4951667786, 26.2731933594, 18.0393867493, 10.5168704987, 6.76544713974, 2.00306653976, 0.976494729519, 1.06342303753, 0.919267117977, 0.878430604935, 0.953736960888, 0.791989564896, 0.642738461494, 0.344759225845, 0.115838803351, 0.031560279429, 0.00681202625856, 0.00061016168911, 5.30673605681e-05, 2.2484569854e-05]
    },
    "gfcc": {
        "mean": [-140.705383301, 167.964050293, -99.8498687744, -3.95870780945, -44.8111495972, -16.1818447113, -45.9049034119, -5.29640722275, -26.4692306519, -15.6065664291, -15.6508350372, -9.30440139771, -12.1588573456],
        "cov": [[16753.0898438, -4575.92089844, -3346.62158203, 1912.2520752, -425.818054199, 507.504638672, -1789.16064453, 1236.01403809, -124.855964661, -278.309265137, -479.299255371, 413.911987305, -411.919342041], [-4575.92089844, 3671.2824707, 655.896484375, -1258.65441895, 960.845703125, -351.41116333, 832.834777832, -632.235839844, 150.187896729, -103.320861816, 230.395736694, -290.839324951, 212.070648193], [-3346.62158203, 655.896484375, 1416.45141602, -168.687088013, -142.880325317, 48.9247016907, 397.52444458, -201.197998047, -16.6602344513, 149.351364136, 58.9079437256, -78.6218261719, 85.8213195801], [1912.2520752, -1258.65441895, -168.687088013, 844.779663086, -191.036407471, 15.11054039, -330.714324951, 293.229614258, -24.9900875092, -10.5834274292, -90.7928924561, 76.8200302124, -27.1035404205], [-425.818054199, 960.845703125, -142.880325317, -191.036407471, 727.817321777, -115.871574402, 49.9141273499, -61.265411377, 55.4206695557, -98.4833297729, -3.96249008179, -92.6613922119, 68.2671051025], [507.504638672, -351.41116333, 48.9247016907, 15.11054039, -115.871574402, 353.774261475, 36.0765457153, 23.3822059631, -0.664380252361, 72.6543426514, -29.5733852386, 24.8633594513, -58.8706703186], [-1789.16064453, 832.834777832, 397.52444458, -330.714324951, 49.9141273499, 36.0765457153, 467.326202393, -182.983657837, 12.2284727097, 46.225605011, 89.7226867676, -58.7911529541, 31.5132312775], [1236.01403809, -632.235839844, -201.197998047, 293.229614258, -61.265411377, 23.3822059631, -182.983657837, 300.74911499, -0.284839183092, -16.1582679749, -36.027545929, 53.8593978882, -64.1701583862], [-124.855964661, 150.187896729, -16.6602344513, -24.9900875092, 55.4206695557, -0.664380252361, 12.2284727097, -0.284839183092, 132.314697266, 22.4188327789, 9.57148456573, -9.30266475677, 1.30328929424], [-278.309265137, -103.320861816, 149.351364136, -10.5834274292, -98.4833297729, 72.6543426514, 46.225605011, -16.1582679749, 22.4188327789, 151.138549805, 27.5987033844, -2.34314513206, -7.2104434967], [-479.299255371, 230.395736694, 58.9079437256, -90.7928924561, -3.96249008179, -29.5733852386, 89.7226867676, -36.027545929, 9.57148456573, 27.5987033844, 105.93775177, 1.9345266819, 6.20014858246], [413.911987305, -290.839324951, -78.6218261719, 76.8200302124, -92.6613922119, 24.8633594513, -58.7911529541, 53.8593978882, -9.30266475677, -2.34314513206, 1.9345266819, 108.152404785, -4.79730081558], [-411.919342041, 212.070648193, 85.8213195801, -27.1035404205, 68.2671051025, -58.8706703186, 31.5132312775, -64.1701583862, 1.30328929424, -7.2104434967, 6.20014858246, -4.79730081558, 108.515205383]],
        "icov": [[0.000284985697363, -0.000414322537836, 0.000603954948019, -0.000533808895852, 0.000389392691432, -0.000638151541352, 0.000614364049397, -0.000468796060886, 0.000466618686914, -0.000240333742113, 0.000570121512283, -0.0003068021324, 0.00016600714298], [-0.000414322537836, 0.00384438387118, -0.00156489945948, 0.00294533139095, -0.00308144791052, 0.00251897890121, -0.00323019223288, 0.00215634261258, -0.00281502422877, 0.00260326080024, -0.00318867363967, 0.00246791075915, -0.00109612860251], [0.000603954948019, -0.00156489945948, 0.00257745035924, -0.00176059617661, 0.00164646888152, -0.00164435757324, 0.000859034131281, -0.00116687966511, 0.00168365624268, -0.0017897374928, 0.00201105698943, -0.00050065596588, -0.000270858377917], [-0.000533808895852, 0.00294533139095, -0.00176059617661, 0.00474424893036, -0.00198853760958, 0.00227076071315, -0.00177720410284, 5.98617189098e-05, -0.00219308189116, 0.0018815821968, -0.00191044446547, 0.00189740024507, -0.00182619132102], [0.000389392691432, -0.00308144791052, 0.00164646888152, -0.00198853760958, 0.0045818798244, -0.00201916927472, 0.00250912294723, -0.0022147661075, 0.0014811650617, -0.000952272152063, 0.00272533018142, -0.000277718005236, -0.000563938636333], [-0.000638151541352, 0.00251897890121, -0.00164435757324, 0.00227076071315, -0.00201916927472, 0.00616189418361, -0.00339558813721, 0.00179126521107, -0.00195939722471, -0.000327260029735, -0.000191421175259, 0.000405085796956, 0.00121155078523], [0.000614364049397, -0.00323019223288, 0.000859034131281, -0.00177720410284, 0.00250912294723, -0.00339558813721, 0.00759155163541, -0.00123395666014, 0.0024020075798, -0.00161664607003, 0.000271834083833, -0.00127010454889, 0.000958677439485], [-0.000468796060886, 0.00215634261258, -0.00116687966511, 5.98617189098e-05, -0.0022147661075, 0.00179126521107, -0.00123395666014, 0.00802750699222, -0.00209998525679, 0.00155087735038, -0.00228345487267, -0.000263784837443, 0.00266170222312], [0.000466618686914, -0.00281502422877, 0.00168365624268, -0.00219308189116, 0.0014811650617, -0.00195939722471, 0.0024020075798, -0.00209998525679, 0.0105046052486, -0.00388248311356, 0.00221943971701, -0.00168473063968, 0.000873740296811], [-0.000240333742113, 0.00260326080024, -0.0017897374928, 0.0018815821968, -0.000952272152063, -0.000327260029735, -0.00161664607003, 0.00155087735038, -0.00388248311356, 0.0115351229906, -0.00501463282853, 0.00284878909588, -0.00108075374737], [0.000570121512283, -0.00318867363967, 0.00201105698943, -0.00191044446547, 0.00272533018142, -0.000191421175259, 0.000271834083833, -0.00228345487267, 0.00221943971701, -0.00501463282853, 0.0163331162184, -0.00441322149709, 0.00159232667647], [-0.0003068021324, 0.00246791075915, -0.00050065596588, 0.00189740024507, -0.000277718005236, 0.000405085796956, -0.00127010454889, -0.000263784837443, -0.00168473063968, 0.00284878909588, -0.00441322149709, 0.0142993982881, -0.00341660343111], [0.00016600714298, -0.00109612860251, -0.000270858377917, -0.00182619132102, -0.000563938636333, 0.00121155078523, 0.000958677439485, 0.00266170222312, 0.000873740296811, -0.00108075374737, 0.00159232667647, -0.00341660343111, 0.0137290153652]]
    },
    "melbands": {
        "mean": [5.65398768231e-05, 0.000906993867829, 0.000723400909919, 0.00108536542393, 0.000835262180772, 0.000304517481709, 0.000217424763832, 0.000161095304065, 0.000171096864506, 9.52561749727e-05, 6.32200317341e-05, 5.28800337634e-05, 3.93452683056e-05, 2.80070598819e-05, 2.17722426896e-05, 2.66710485448e-05, 2.50435823546e-05, 2.96703074127e-05, 2.29072848015e-05, 2.4643371944e-05, 4.31739645137e-05, 2.65213475359e-05, 2.23253155127e-05, 1.44558807733e-05, 7.6492815424e-06, 5.99464783591e-06, 2.72079250863e-06, 1.0417206795e-06, 6.16668216935e-07, 5.73608815557e-07, 6.2331338313e-07, 5.57245869004e-07, 4.33326533766e-07, 4.95462870731e-07, 5.30917418473e-07, 5.61985132208e-07, 4.50752139614e-07, 4.5340732413e-07, 4.0963493575e-07, 2.49359999316e-07]
    },
    "melbands128": {
        "mean": [9.20233958368e-07, 4.13526595366e-06, 1.16031169455e-05, 0.000277419574559, 0.00119790958706, 0.00116523145698, 0.000825601979159, 0.000526835792698, 0.000533410347998, 0.00148931529839, 0.00108070718125, 0.00101232586894, 0.0008067273302, 0.000546046532691, 0.000343311548932, 0.000145292404341, 0.000143085460877, 0.000322993728332, 0.000174782166141, 0.000121070916066, 0.000168051061337, 0.000232684848015, 0.000147001323057, 0.000144936653669, 0.00012984170462, 5.85675588809e-05, 6.49537105346e-05, 5.18280539836e-05, 7.58927271818e-05, 7.2654489486e-05, 2.94972414849e-05, 4.12918452639e-05, 4.43295430159e-05, 3.03219185298e-05, 4.86873359478e-05, 1.68426340679e-05, 1.50832775034e-05, 1.58857292263e-05, 3.2954474591e-05, 3.00069295918e-05, 2.24560990318e-05, 2.74113099294e-05, 1.54384888447e-05, 2.48367105087e-05, 5.13045015396e-05, 2.58738928096e-05, 1.50889072756e-05, 9.34898071137e-06, 3.5429457057e-05, 3.99976706831e-05, 1.08772737804e-05, 2.28813933063e-05, 4.40938965767e-05, 6.16033285041e-05, 2.39256060013e-05, 1.93177220353e-05, 2.61992117885e-05, 3.82786529372e-05, 1.28833253257e-05, 9.75263719738e-06, 2.16824300878e-05, 1.12525594886e-05, 4.54425799035e-06, 9.83511381492e-06, 6.94870595908e-06, 4.95105177833e-06, 6.68828170092e-06, 3.65287496606e-06, 1.73854823515e-06, 1.28991177917e-06, 1.02163608062e-06, 9.68434164861e-07, 7.98776625288e-07, 5.13541749569e-07, 4.40297071691e-07, 5.35815559033e-07, 6.71436453104e-07, 6.28075895293e-07, 6.09968083154e-07, 6.15698581896e-07, 6.3737667233e-07, 5.19090235684e-07, 3.94452627006e-07, 3.72173104779e-07, 5.3749528206e-07, 4.97501559948e-07, 4.87904856072e-07, 4.66813474986e-07, 5.2278488738e-07, 5.80286609875e-07, 6.10753772889e-07, 5.52179244551e-07, 4.90342813464e-07, 4.62738967144e-07, 4.0348965058e-07, 4.36054961028e-07, 4.77002572552e-07, 4.62364170062e-07, 4.27435139727e-07, 3.89200465634e-07, 3.02348098558e-07, 2.24297949103e-07, 1.85363958849e-07, 1.58573953968e-07, 1.36352255709e-07, 9.91506325931e-08, 6.68253221647e-08, 5.28874579686e-08, 4.94524670103e-08, 4.998330283e-08, 4.14269329951e-08, 2.80062870672e-08, 1.70356937446e-08, 1.00751043064e-08, 6.80824507882e-09, 4.8808717068e-09, 2.77370149071e-09, 1.94980454005e-09, 1.54593171597e-09, 1.14414755448e-09, 8.44422587409e-10, 5.98776472849e-10, 4.0469841367e-10, 2.68839034367e-10, 2.10274880841e-10, 1.8471085772e-10, 9.30292509693e-11, 3.06917304072e-11]
    },
    "mfcc": {
        "mean": [-793.585083008, 207.611968994, 3.08758211136, 14.7503499985, 10.8201742172, -12.4896268845, -10.3438873291, -1.26032030582, -12.6218767166, -6.7214756012, -9.17732143402, -9.15259552002, -7.00789880753],
        "cov": [[16732.3632812, -4646.55078125, -2811.03076172, 454.966644287, 889.311157227, -674.903320312, -897.12713623, 745.445129395, -186.599349976, 5.84853792191, 3.08586621284, -118.619483948, -119.554748535], [-4646.55078125, 4077.57714844, 24.882976532, -530.358581543, -8.3376493454, 326.419433594, 404.262390137, -152.585571289, 20.3645973206, 62.7444229126, 47.3611984253, -49.3124389648, 19.179901123], [-2811.03076172, 24.882976532, 1475.49804688, 1.63629209995, -418.50894165, 199.785736084, 233.911743164, -183.651977539, 104.637054443, -6.00210094452, 10.5979785919, 122.693962097, 69.931060791], [454.966644287, -530.358581543, 1.63629209995, 536.582275391, 170.398834229, -181.11618042, -80.2702484131, 26.282075882, 42.0809555054, -18.6074123383, -53.0784645081, -6.09999656677, 34.4800300598], [889.311157227, -8.3376493454, -418.50894165, 170.398834229, 527.649291992, -70.3858718872, -97.965713501, 79.8142776489, 35.3755531311, 46.8643722534, -27.2111244202, -71.4703521729, -24.9922103882], [-674.903320312, 326.419433594, 199.785736084, -181.11618042, -70.3858718872, 325.220397949, 115.665420532, -47.4716110229, 52.1244812012, 35.6911964417, 26.6051521301, 28.8899841309, -1.95438790321], [-897.12713623, 404.262390137, 233.911743164, -80.2702484131, -97.965713501, 115.665420532, 261.789306641, -10.6898059845, 23.3075389862, 14.3701429367, 37.2338294983, 27.0821762085, 18.2959156036], [745.445129395, -152.585571289, -183.651977539, 26.282075882, 79.8142776489, -47.4716110229, -10.6898059845, 199.35256958, -2.23828434944, 0.941782951355, 34.9961357117, -0.566464543343, -6.18455076218], [-186.599349976, 20.3645973206, 104.637054443, 42.0809555054, 35.3755531311, 52.1244812012, 23.3075389862, -2.23828434944, 123.083068848, 27.7937793732, -8.64835071564, 17.172870636, 24.8776550293], [5.84853792191, 62.7444229126, -6.00210094452, -18.6074123383, 46.8643722534, 35.6911964417, 14.3701429367, 0.941782951355, 27.7937793732, 123.545349121, 41.8410110474, 2.45496821404, 10.5062408447], [3.08586621284, 47.3611984253, 10.5979785919, -53.0784645081, -27.2111244202, 26.6051521301, 37.2338294983, 34.9961357117, -8.64835071564, 41.8410110474, 124.452903748, 34.0660171509, 9.07851028442], [-118.619483948, -49.3124389648, 122.693962097, -6.09999656677, -71.4703521729, 28.8899841309, 27.0821762085, -0.566464543343, 17.172870636, 2.45496821404, 34.0660171509, 115.859237671, 46.7431488037], [-119.554748535, 19.179901123, 69.931060791, 34.4800300598, -24.9922103882, -1.95438790321, 18.2959156036, -6.18455076218, 24.8776550293, 10.5062408447, 9.07851028442, 46.7431488037, 113.153175354]],
        "icov": [[0.000174124332261, 0.000193546278751, 0.000286057096673, 7.11993925506e-05, -4.81929491798e-05, -2.51752844633e-05, 5.81773929298e-05, -0.000236167878029, 7.50715844333e-06, -6.17778641754e-05, 1.31876013256e-05, -5.88931980019e-05, -5.33548409294e-05], [0.000193546278751, 0.00057643285254, 0.000391567882616, 0.000400852848543, -0.000235390441958, -6.15507087787e-05, -0.000501818547491, 7.19592208043e-05, -4.38967508671e-05, -2.23550323426e-05, -1.43520510392e-05, 0.000161578514962, -0.000279206986306], [0.000286057096673, 0.000391567882616, 0.00174767547287, -0.000286838563625, 0.000747478101403, -0.000379065197194, -0.00067252793815, 0.000437293638242, -0.000833322934341, -7.2820832429e-05, 1.65156434377e-05, -0.000551311299205, -4.92411963933e-05], [7.11993925506e-05, 0.000400852848543, -0.000286838563625, 0.00332575151697, -0.00123677181546, 0.00167969020549, -0.000247345305979, 7.53447311581e-05, -0.0010220000986, 0.000394827337004, 0.000594669836573, -8.93376854947e-05, -0.000851683260407], [-4.81929491798e-05, -0.000235390441958, 0.000747478101403, -0.00123677181546, 0.00348484748974, -0.000350405927747, 0.000563632987905, -0.000653919822071, -0.00114374910481, -0.00124178279657, 0.000384662649594, 0.000990004278719, 0.000467596924864], [-2.51752844633e-05, -6.15507087787e-05, -0.000379065197194, 0.00167969020549, -0.000350405927747, 0.0052237873897, -0.00129663222469, 0.000806766620371, -0.00207435153425, -0.000523468130268, -7.97403627075e-05, -0.000752441526856, 0.000794744933955], [5.81773929298e-05, -0.000501818547491, -0.00067252793815, -0.000247345305979, 0.000563632987905, -0.00129663222469, 0.00619906419888, -0.00122567254584, -1.05511044239e-05, -5.79038896831e-06, -0.00099427299574, 0.00018581772747, -0.000323827087414], [-0.000236167878029, 7.19592208043e-05, 0.000437293638242, 7.53447311581e-05, -0.000653919822071, 0.000806766620371, -0.00122567254584, 0.00714700948447, -0.00100926973391, 0.00112371006981, -0.0023867005948, -0.000253866368439, 0.000317293044645], [7.50715844333e-06, -4.38967508671e-05, -0.000833322934341, -0.0010220000986, -0.00114374910481, -0.00207435153425, -1.05511044239e-05, -0.00100926973391, 0.0115102604032, -0.00227328762412, 0.00208746944554, -0.00101167627145, -0.00156921194866], [-6.17778641754e-05, -2.23550323426e-05, -7.2820832429e-05, 0.000394827337004, -0.00124178279657, -0.000523468130268, -5.79038896831e-06, 0.00112371006981, -0.00227328762412, 0.0108204791322, -0.00433592218906, 0.00118407141417, -0.00100388412829], [1.31876013256e-05, -1.43520510392e-05, 1.65156434377e-05, 0.000594669836573, 0.000384662649594, -7.97403627075e-05, -0.00099427299574, -0.0023867005948, 0.00208746944554, -0.00433592218906, 0.0118534686044, -0.00332707678899, 0.000305868685246], [-5.88931980019e-05, 0.000161578514962, -0.000551311299205, -8.93376854947e-05, 0.000990004278719, -0.000752441526856, 0.00018581772747, -0.000253866368439, -0.00101167627145, 0.00118407141417, -0.00332707678899, 0.0128938416019, -0.00450689671561], [-5.33548409294e-05, -0.000279206986306, -4.92411963933e-05, -0.000851683260407, 0.000467596924864, 0.000794744933955, -0.000323827087414, 0.000317293044645, -0.00156921194866, -0.00100388412829, 0.000305868685246, -0.00450689671561, 0.011580651626]]
    },
    "spectral_contrast_coeffs": {
        "mean": [-0.633877933025, -0.73262321949, -0.752180755138, -0.759911239147, -0.754417896271, -0.819978117943]
    },
    "spectral_contrast_valleys": {
        "mean": [-7.18219280243, -7.21839475632, -8.4952249527, -9.23880672455, -9.96014976501, -12.67395401]
    }
},
"rhythm": {
    "beats_count": 429,
    "beats_loudness": {
        "mean": 0.0202704630792
    },
    "bpm": 135.525726318,
    "bpm_histogram_first_peak_bpm": 136,
    "bpm_histogram_first_peak_weight": 0.58571434021,
    "bpm_histogram_second_peak_bpm": 129,
    "bpm_histogram_second_peak_spread": 0.197530865669,
    "bpm_histogram_second_peak_weight": 0.151869162917,
    "danceability": 0.877366185188,
    "onset_rate": 2.19958734512,
    "beats_loudness_band_ratio": {
        "mean": [0.30318775773, 0.414975702763, 0.174994602799, 0.0621426142752, 0.0707816109061, 0.021306425333]
    },
    "beats_position": [0.417959183455, 0.835918366909, 1.25387752056, 1.67183673382, 2.08979582787, 2.50775504112, 2.93732428551, 3.3785033226, 3.80807256699, 4.23764181137, 4.7020406723, 5.17804956436, 5.64244890213, 6.10684776306, 6.57124710083, 7.03564596176, 7.50004529953, 7.96444416046, 8.42884349823, 8.893242836, 9.34603118896, 9.78721046448, 10.2399997711, 10.6927890778, 11.1455783844, 11.5983667374, 12.051156044, 12.5039453506, 12.9567346573, 13.4095239639, 13.8623123169, 14.3151016235, 14.7678909302, 15.2322902679, 15.696688652, 16.1610889435, 16.6254863739, 17.0898857117, 17.5542850494, 17.995464325, 18.4366436005, 18.877822876, 19.3190021515, 19.7717914581, 20.2245807648, 20.6657600403, 21.0953292847, 21.5248966217, 21.9544658661, 22.3840351105, 22.825214386, 23.2663936615, 23.707572937, 24.1719722748, 24.6247615814, 25.0775508881, 25.5303401947, 25.9831295013, 26.4243087769, 26.865486145, 27.3066654205, 27.747844696, 28.1774139404, 28.6069831848, 29.0365524292, 29.4661216736, 29.9073009491, 30.3368701935, 30.7664394379, 31.2076187134, 31.6371879578, 32.0667572021, 32.4963264465, 32.9375038147, 33.3902931213, 33.843082428, 34.2958717346, 34.7486610413, 35.1898422241, 35.6194114685, 36.0605888367, 36.5017662048, 36.9313354492, 37.3725166321, 37.8020858765, 38.2432632446, 38.6612243652, 39.0907936096, 39.520362854, 39.9615402222, 40.3911094666, 40.8206787109, 41.2502479553, 41.6798171997, 42.0977783203, 42.5273475647, 42.9685249329, 43.3980941772, 43.8160552979, 44.2340126038, 44.6635818481, 45.0931510925, 45.5227203369, 45.9638977051, 46.347026825, 46.718547821, 47.1016769409, 47.4848060608, 47.8795471191, 48.2742843628, 48.6690254211, 49.1334228516, 49.5978240967, 50.0506095886, 50.5266189575, 50.9910202026, 51.4554176331, 51.9082069397, 52.3609962463, 52.8021774292, 53.2433547974, 53.6845359802, 54.1373214722, 54.6017227173, 55.0661201477, 55.5305213928, 55.9949188232, 56.4593200684, 56.912109375, 57.3532867432, 57.8060760498, 58.2588653564, 58.7000427246, 59.1412239075, 59.5824012756, 60.0235824585, 60.4647598267, 60.9639892578, 61.463218689, 61.9624481201, 62.4616775513, 62.9725151062, 63.4833564758, 63.9941940308, 64.5050354004, 65.0274810791, 65.4106140137, 65.7937393188, 66.1768722534, 66.5483856201, 66.9199066162, 67.2914276123, 67.6745529175, 68.0576858521, 68.5453033447, 69.0329208374, 69.4973220825, 69.9617233276, 70.4377288818, 70.902130127, 71.3781356812, 71.8541488647, 72.3301544189, 72.8061676025, 73.3402252197, 73.8626708984, 74.4315643311, 74.9888458252, 75.5461196899, 76.1150131226, 76.6955108643, 77.2643966675, 77.8448944092, 78.4253921509, 79.0175018311, 79.6212234497, 80.2017211914, 80.7822189331, 81.3627166748, 81.9316101074, 82.5004959106, 83.0693893433, 83.649887085, 84.2303848267, 84.8108825684, 85.3913803101, 85.9834899902, 86.5755996704, 87.1677093506, 87.7249908447, 88.270652771, 88.8163223267, 89.3503875732, 89.872833252, 90.3952789307, 90.9293441772, 91.4750061035, 92.0090713501, 92.5431289673, 93.0771865845, 93.6112442017, 94.0640335083, 94.5168228149, 94.9812240601, 95.4456253052, 95.9100189209, 96.374420166, 96.8272094727, 97.2683868408, 97.709564209, 98.1507492065, 98.5919265747, 99.0563278198, 99.5207214355, 99.9502944946, 100.391471863, 100.832649231, 101.273826599, 101.726615906, 102.167800903, 102.585754395, 103.003715515, 103.421676636, 103.839637756, 104.257591248, 104.66394043, 105.070289612, 105.476638794, 105.882987976, 106.289337158, 106.69568634, 107.136871338, 107.601264954, 108.065666199, 108.530067444, 108.994468689, 109.458862305, 109.92326355, 110.364440918, 110.805618286, 111.246803284, 111.687980652, 112.12915802, 112.570335388, 112.999908447, 113.441085815, 113.882263184, 114.323448181, 114.753013611, 115.194190979, 115.635368347, 116.099769592, 116.564170837, 117.016960144, 117.481361389, 117.934150696, 118.386940002, 118.839729309, 119.292518616, 119.756912231, 120.221313477, 120.674102783, 121.115280151, 121.579681396, 122.055686951, 122.531700134, 122.99609375, 123.495323181, 123.982948303, 124.482177734, 124.900131226, 125.318092346, 125.736053467, 126.13079071, 126.537139893, 126.943489075, 127.361450195, 127.802627563, 128.232192993, 128.673370361, 129.10295105, 129.544128418, 129.985305786, 130.426483154, 130.879272461, 131.343673706, 131.808074951, 132.260864258, 132.713653564, 133.166442871, 133.619232178, 134.072021484, 134.524810791, 134.965988159, 135.407165527, 135.859954834, 136.301132202, 136.74230957, 137.183486938, 137.624664307, 138.065841675, 138.507034302, 138.94821167, 139.401000977, 139.853790283, 140.30657959, 140.759368896, 141.177322388, 141.595275879, 142.013244629, 142.442810059, 142.86076355, 143.2787323, 143.696685791, 144.126251221, 144.579040527, 145.043441772, 145.496231079, 145.949020386, 146.401809692, 146.854598999, 147.295776367, 147.736953735, 148.166534424, 148.596099854, 149.095321655, 149.594558716, 150.117004395, 150.639450073, 151.17350769, 151.719177246, 152.264846802, 152.810516357, 153.356185913, 153.901855469, 154.447525024, 154.969970703, 155.480819702, 155.980041504, 156.490875244, 157.001724243, 157.512557983, 158.000183105, 158.487792969, 158.975418091, 159.451431274, 159.915817261, 160.380218506, 160.856231689, 161.309020996, 161.761810303, 162.214599609, 162.679000854, 163.1434021, 163.584579468, 164.025756836, 164.466934204, 164.919723511, 165.360900879, 165.802078247, 166.220046997, 166.649612427, 167.090789795, 167.520355225, 167.949935913, 168.391113281, 168.832290649, 169.273468018, 169.714645386, 170.167434692, 170.620223999, 171.061401367, 171.502578735, 171.943756104, 172.384933472, 172.826126099, 173.267303467, 173.731704712, 174.184494019, 174.637283325, 175.101669312, 175.577682495, 176.053695679, 176.506484985, 176.959274292, 177.423675537, 177.888076782, 178.34085083, 178.793640137, 179.246429443, 179.69921875, 180.163619995, 180.616409302, 181.080810547, 181.55682373, 182.032836914, 182.508834839, 182.973236084, 183.437637329, 183.902038574, 184.389663696, 184.87727356, 185.364898682, 185.875732422, 186.386566162, 186.897415161, 187.385025024, 187.872650146, 188.360275269, 188.813064575, 189.265853882, 189.718643188, 190.171432495, 190.589385986, 191.018951416, 191.448516846, 191.878097534, 192.307662964, 192.725616455, 193.1900177, 193.654418945, 194.107208252, 194.559997559, 194.97795105, 195.3959198, 195.813873291, 196.231826782, 196.649795532, 197.067749023],
    "bpm_histogram": [0, 0, 0, 0, 0, 0, 0, 0, 0, 0, 0, 0, 0, 0, 0, 0, 0, 0, 0, 0, 0, 0, 0, 0, 0, 0, 0, 0, 0, 0, 0, 0, 0, 0, 0, 0, 0, 0, 0, 0, 0, 0, 0, 0, 0, 0, 0, 0, 0, 0, 0, 0, 0, 0, 0, 0, 0, 0, 0, 0, 0, 0, 0, 0, 0, 0, 0, 0, 0, 0, 0, 0, 0, 0, 0, 0, 0, 0, 0, 0, 0, 0, 0, 0, 0, 0, 0, 0, 0, 0, 0, 0, 0, 0, 0, 0, 0, 0, 0, 0.00233644852415, 0, 0.00934579409659, 0, 0.0233644861728, 0, 0.0140186911449, 0, 0, 0.00700934557244, 0, 0.0210280381143, 0, 0.0186915881932, 0, 0, 0.0163551401347, 0, 0.0257009342313, 0, 0, 0.0210280381143, 0, 0, 0.0280373822898, 0, 0, 0.0373831763864, 0, 0, 0.151869162917, 0, 0, 0, 0.17990654707, 0, 0, 0.20327103138, 0, 0, 0, 0.107476636767, 0, 0, 0, 0.0771028026938, 0, 0, 0, 0.0186915881932, 0, 0, 0, 0.00934579409659, 0, 0, 0, 0, 0.0186915881932, 0, 0, 0, 0.00700934557244, 0.00233644852415, 0, 0, 0, 0, 0, 0, 0, 0, 0, 0, 0, 0, 0, 0, 0, 0, 0, 0, 0, 0, 0, 0, 0, 0, 0, 0, 0, 0, 0, 0, 0, 0, 0, 0, 0, 0, 0, 0, 0, 0, 0, 0, 0, 0, 0, 0, 0, 0, 0, 0, 0, 0, 0, 0, 0, 0, 0, 0, 0, 0, 0, 0, 0, 0, 0, 0, 0, 0, 0, 0, 0, 0, 0, 0, 0, 0, 0, 0, 0, 0, 0, 0, 0, 0, 0, 0, 0]
},
"tonal": {
    "chords_changes_rate": 0.0295774638653,
    "chords_number_rate": 0.00234741787426,
    "chords_strength": {
        "mean": 0.584087848663
    },
    "hpcp_crest": {
        "mean": 16.0757064819
    },
    "hpcp_entropy": {
        "mean": 1.64777946472
    },
    "key_edma": {
        "strength": 0.726132631302,
        "key": "D",
        "scale": "major"
    },
    "key_krumhansl": {
        "strength": 0.727921783924,
        "key": "A",
        "scale": "major"
    },
    "key_temperley": {
        "strength": 0.734407424927,
        "key": "A",
        "scale": "major"
    },
    "tuning_diatonic_strength": 0.657934308052,
    "tuning_equal_tempered_deviation": 0.035310510546,
    "tuning_frequency": 437.971466064,
    "tuning_nontempered_energy_ratio": 0.683708548546,
    "hpcp": {
        "mean": [0.603744447231, 0.348686486483, 0.0495112501085, 0.0200718101114, 0.0269661862403, 0.0773364454508, 0.154417350888, 0.11078107357, 0.029899308458, 0.0239040292799, 0.0301465243101, 0.118545144796, 0.215944901109, 0.145681530237, 0.118089705706, 0.160411134362, 0.087803825736, 0.0310105662793, 0.0272146649659, 0.0317423641682, 0.124421425164, 0.27282372117, 0.2023524791, 0.0476532205939, 0.020786780864, 0.0195721015334, 0.0531879737973, 0.0777614042163, 0.0470144152641, 0.021456534043, 0.0192990787327, 0.0195086747408, 0.0470758788288, 0.0684633851051, 0.0598442181945, 0.322311252356]
    },
    "chords_histogram": [58.403755188, 0.0938967168331, 7.32394361496, 1.47887325287, 1.15023469925, 0, 0, 0, 0, 0, 0.0938967168331, 0, 0, 0, 0, 2.9812207222, 0, 1.22065722942, 0, 0, 1.03286385536, 4.17840385437, 14.1314554214, 7.91079807281],
    "thpcp": [1, 0.577539861202, 0.0820069685578, 0.0332455411553, 0.0446649007499, 0.128094673157, 0.255766093731, 0.183490008116, 0.0495231188834, 0.0395929589868, 0.0499325916171, 0.196349874139, 0.357675999403, 0.241296678782, 0.195595517755, 0.265693753958, 0.1454320997, 0.0513637289405, 0.0450764633715, 0.0525758266449, 0.2060829252, 0.451886087656, 0.335162460804, 0.0789294540882, 0.0344297662377, 0.0324178561568, 0.0880968347192, 0.128798544407, 0.0778713822365, 0.035539098084, 0.0319656431675, 0.0323128029704, 0.0779731869698, 0.113397955894, 0.0991217717528, 0.533853769302],
    "chords_key": "A",
    "chords_scale": "major"
}
}