{
"metadata": {
    "version": {
        "essentia": "2.1-beta6-dev",
        "essentia_git_sha": "v2.1_beta5-1177-g1d1cc983",
        "extractor": "music 2.0"
    },
    "audio_properties": {
        "analysis": {
            "equal_loudness": 0,
            "length": 261.440002441,
            "sample_rate": 44100,
            "start_time": 0,
            "downmix": "mix"
        },
        "bit_rate": 1411200,
        "length": 261.440002441,
        "lossless": 1,
        "number_channels": 2,
        "replay_gain": -13.8602409363,
        "sample_rate": 44100,
        "codec": "pcm_s16le",
        "md5_encoded": "33fab5e84a614c5e9024b3cefe3628b1"
    },
    "tags": {
        "file_name": "04 - Manchester Orchestra - April Fool.wav",
        "album": ["Simple Math"],
        "albumartist": ["Manchester Orchestra"],
        "artist": ["Manchester Orchestra"],
        "composer": ["Andy Hull"],
        "copyright": ["(P) 2011 Sony Music Entertainment"],
        "date": ["2011"],
        "discnumber": ["1"],
        "disctotal": ["1"],
        "genre": ["Alternative & Indie"],
        "isrc": ["USSM11101286"],
        "title": ["April Fool"],
        "tracknumber": ["4"],
        "tracktotal": ["10"]
    }
},
"lowlevel": {
    "average_loudness": 0.881442546844,
    "barkbands_crest": {
        "mean": 10.1006040573
    },
    "barkbands_flatness_db": {
        "mean": 0.146734401584
    },
    "barkbands_kurtosis": {
        "mean": 4.04331302643
    },
    "barkbands_skewness": {
        "mean": 1.29968488216
    },
    "barkbands_spread": {
        "mean": 24.176574707
    },
    "dissonance": {
        "mean": 0.465940862894
    },
    "dynamic_complexity": 3.62221670151,
    "erbbands_crest": {
        "mean": 8.53508281708
    },
    "erbbands_flatness_db": {
        "mean": 0.173677936196
    },
    "erbbands_kurtosis": {
        "mean": 0.538550138474
    },
    "erbbands_skewness": {
        "mean": 0.0735067352653
    },
    "erbbands_spread": {
        "mean": 34.9069671631
    },
    "hfc": {
        "mean": 25.6852531433
    },
    "loudness_ebu128": {
        "integrated": -8.08309173584,
        "loudness_range": 8.364569664,
        "momentary": {
            "mean": -10.2956781387
        },
        "short_term": {
            "mean": -9.56685066223
        }
    },
    "melbands_crest": {
        "mean": 15.1443729401
    },
    "melbands_flatness_db": {
        "mean": 0.20219245553
    },
    "melbands_kurtosis": {
        "mean": 12.6890745163
    },
    "melbands_skewness": {
        "mean": 2.41629838943
    },
    "melbands_spread": {
        "mean": 27.3283252716
    },
    "pitch_salience": {
        "mean": 0.531144499779
    },
    "silence_rate_20dB": {
        "mean": 1
    },
    "silence_rate_30dB": {
        "mean": 0.972560167313
    },
    "silence_rate_60dB": {
        "mean": 0.0973270609975
    },
    "spectral_centroid": {
        "mean": 1494.625
    },
    "spectral_complexity": {
        "mean": 25.8518772125
    },
    "spectral_decrease": {
        "mean": -8.31173796456e-09
    },
    "spectral_energy": {
        "mean": 0.0337001495063
    },
    "spectral_energyband_high": {
        "mean": 0.00115725805517
    },
    "spectral_energyband_low": {
        "mean": 0.0161444433033
    },
    "spectral_energyband_middle_high": {
        "mean": 0.00783344078809
    },
    "spectral_energyband_middle_low": {
        "mean": 0.00949116051197
    },
    "spectral_entropy": {
        "mean": 7.54405021667
    },
    "spectral_flux": {
        "mean": 0.091806717217
    },
    "spectral_kurtosis": {
        "mean": 7.49725675583
    },
    "spectral_rms": {
        "mean": 0.00519319437444
    },
    "spectral_rolloff": {
        "mean": 1604.22558594
    },
    "spectral_skewness": {
        "mean": 1.62794780731
    },
    "spectral_spread": {
        "mean": 3892678.5
    },
    "spectral_strongpeak": {
        "mean": 0.844913601875
    },
    "zerocrossingrate": {
        "mean": 0.0593407638371
    },
    "barkbands": {
        "mean": [0.000136716727866, 0.00970438681543, 0.00559188425541, 0.00131727138069, 0.00261580734514, 0.00165760761593, 0.00118883245159, 0.00100626575295, 0.0012903502211, 0.00124905409757, 0.00109257316217, 0.00101064203773, 0.00085920287529, 0.0011171719525, 0.000521504087374, 0.000556216400582, 0.000416778784711, 0.000561734894291, 0.000510472455062, 0.000279544328805, 0.000247275456786, 0.000195969085325, 0.00022138125496, 0.000247388350544, 9.4626651844e-05, 9.02674491954e-06, 3.80972011271e-07]
    },
    "erbbands": {
        "mean": [0.171853065491, 2.54943108559, 7.3906583786, 4.61908578873, 6.81907844543, 8.30964756012, 12.6346225739, 12.5237770081, 16.1206016541, 20.6153087616, 23.1129264832, 27.0069160461, 40.0565605164, 35.6142425537, 42.6409912109, 40.6615600586, 41.8686828613, 51.2491950989, 43.0091056824, 25.6239929199, 29.7988376617, 25.1085319519, 30.5372467041, 29.739397049, 20.3507175446, 13.6166553497, 11.6447114944, 8.08245563507, 6.51976823807, 6.70297813416, 6.27581167221, 6.14777517319, 3.52716302872, 1.58229422569, 0.392577946186, 0.0773622617126, 0.0108015183359, 0.00106226466596, 9.50640969677e-05, 4.60060618934e-05]
    },
    "gfcc": {
        "mean": [-12.105260849, 108.748641968, -133.356124878, 38.285987854, -56.3167304993, 17.8196601868, -34.1307907104, 7.2245798111, -18.7316074371, -3.97033500671, -10.3152093887, -6.59802436829, -9.81792831421],
        "cov": [[17270.5253906, -2282.28857422, -1844.2935791, 1987.54455566, -876.822631836, 943.185791016, 5.94516134262, 495.034759521, -253.37538147, 607.823425293, 428.516693115, 400.524505615, -310.265197754], [-2282.28857422, 1693.38598633, -7.38251161575, -554.500976562, 381.345703125, -370.99911499, 122.952690125, -227.817474365, 136.469589233, -140.062438965, -11.4876155853, -134.492507935, 92.8622665405], [-1844.2935791, -7.38251161575, 830.242370605, 22.2973690033, 99.9959030151, 45.9435997009, 17.8001747131, 20.7403793335, 12.7040700912, 16.0422306061, -85.1190948486, -31.2182846069, 34.0029067993], [1987.54455566, -554.500976562, 22.2973690033, 773.91394043, -12.011803627, 217.72428894, 108.780883789, 110.148376465, 23.6671600342, 143.770172119, 75.6116333008, 33.584072113, -1.31524991989], [-876.822631836, 381.345703125, 99.9959030151, -12.011803627, 389.999633789, 28.6531105042, 129.176208496, -19.7138576508, 68.8889770508, 13.2721967697, -0.932312786579, -24.851398468, 26.8088588715], [943.185791016, -370.99911499, 45.9435997009, 217.72428894, 28.6531105042, 335.117706299, 120.233390808, 74.7564239502, -7.34282302856, 80.0302276611, 22.8507137299, 37.0498657227, -30.381521225], [5.94516134262, 122.952690125, 17.8001747131, 108.780883789, 129.176208496, 120.233390808, 257.319366455, 9.7168636322, 37.0671691895, 39.3202018738, 30.2387771606, -1.57530474663, -0.96900331974], [495.034759521, -227.817474365, 20.7403793335, 110.148376465, -19.7138576508, 74.7564239502, 9.7168636322, 140.750015259, 27.7586421967, 32.231048584, 11.1855554581, 34.0934867859, -4.67033910751], [-253.37538147, 136.469589233, 12.7040700912, 23.6671600342, 68.8889770508, -7.34282302856, 37.0671691895, 27.7586421967, 121.669540405, 18.4656162262, 11.0590276718, -18.7637710571, 22.3464508057], [607.823425293, -140.062438965, 16.0422306061, 143.770172119, 13.2721967697, 80.0302276611, 39.3202018738, 32.231048584, 18.4656162262, 127.918792725, 28.7117652893, 13.5932016373, -8.88447856903], [428.516693115, -11.4876155853, -85.1190948486, 75.6116333008, -0.932312786579, 22.8507137299, 30.2387771606, 11.1855554581, 11.0590276718, 28.7117652893, 94.1200180054, 32.7493629456, -8.20208263397], [400.524505615, -134.492507935, -31.2182846069, 33.584072113, -24.851398468, 37.0498657227, -1.57530474663, 34.0934867859, -18.7637710571, 13.5932016373, 32.7493629456, 83.1395187378, -0.429914593697], [-310.265197754, 92.8622665405, 34.0029067993, -1.31524991989, 26.8088588715, -30.381521225, -0.96900331974, -4.67033910751, 22.3464508057, -8.88447856903, -8.20208263397, -0.429914593697, 73.404045105]],
        "icov": [[0.000315044977469, -0.000543407688383, 0.000670046079904, -0.000827451120131, 0.000658071716316, -0.000795428350102, 0.000603429216426, -0.000727649196051, 0.000750090228394, -0.000874764635228, 0.000382713915315, -0.000784297124483, 0.0007899266202], [-0.000543407688383, 0.00329829705879, -0.00113234715536, 0.00255887699313, -0.00254963384941, 0.00315754953772, -0.00256243068725, 0.00295997224748, -0.00266662286595, 0.00215521873906, -0.0021181453485, 0.0029294216074, -0.00265340181068], [0.000670046079904, -0.00113234715536, 0.00286157219671, -0.00180638523307, 0.00103452685289, -0.00185756443534, 0.00133027648553, -0.00178347260226, 0.00172312092036, -0.00215734587982, 0.00215814006515, -0.00146468449384, 0.00111104513053], [-0.000827451120131, 0.00255887699313, -0.00180638523307, 0.00473732687533, -0.00213586096652, 0.00220815557986, -0.00260503380559, 0.00175447424408, -0.00231619877741, 0.00120482675266, -0.00292656407692, 0.00355744222179, -0.00349699961953], [0.000658071716316, -0.00254963384941, 0.00103452685289, -0.00213586096652, 0.00581398978829, -0.00284963310696, 0.00053903053049, -0.00175571138971, 0.000813982682303, -0.00232092058286, 0.00173311005346, -0.00241609290242, 0.00173290132079], [-0.000795428350102, 0.00315754953772, -0.00185756443534, 0.00220815557986, -0.00284963310696, 0.00856954883784, -0.00471772253513, 0.00151225924492, -0.00178550067358, 0.00122154457495, -0.00111919653136, 0.00180182780605, -0.00125816219952], [0.000603429216426, -0.00256243068725, 0.00133027648553, -0.00260503380559, 0.00053903053049, -0.00471772253513, 0.00817926321179, -0.00172776728868, 0.00138212798629, -0.00199458701536, 0.000246738374699, -0.00182047195267, 0.00233264197595], [-0.000727649196051, 0.00295997224748, -0.00178347260226, 0.00175447424408, -0.00175571138971, 0.00151225924492, -0.00172776728868, 0.0135936653242, -0.00680768722668, 0.00241092103533, -0.000261318258708, -0.00172614818439, -0.00152845785487], [0.000750090228394, -0.00266662286595, 0.00172312092036, -0.00231619877741, 0.000813982682303, -0.00178550067358, 0.00138212798629, -0.00680768722668, 0.0146837765351, -0.00397467846051, -0.000703146157321, 0.00174905860331, -0.000766492099501], [-0.000874764635228, 0.00215521873906, -0.00215734587982, 0.00120482675266, -0.00232092058286, 0.00122154457495, -0.00199458701536, 0.00241092103533, -0.00397467846051, 0.0136993648484, -0.00326710403897, 0.0022820874583, -0.00140633212868], [0.000382713915315, -0.0021181453485, 0.00215814006515, -0.00292656407692, 0.00173311005346, -0.00111919653136, 0.000246738374699, -0.000261318258708, -0.000703146157321, -0.00326710403897, 0.0176072493196, -0.00868916139007, 0.00387071631849], [-0.000784297124483, 0.0029294216074, -0.00146468449384, 0.00355744222179, -0.00241609290242, 0.00180182780605, -0.00182047195267, -0.00172614818439, 0.00174905860331, 0.0022820874583, -0.00868916139007, 0.0211202837527, -0.00588796660304], [0.0007899266202, -0.00265340181068, 0.00111104513053, -0.00349699961953, 0.00173290132079, -0.00125816219952, 0.00233264197595, -0.00152845785487, -0.000766492099501, -0.00140633212868, 0.00387071631849, -0.00588796660304, 0.0189826022834]]
    },
    "melbands": {
        "mean": [0.00215034559369, 0.00362095050514, 0.000886662804987, 0.000553128367756, 0.000427728809882, 0.000299312436255, 0.0002396095515, 0.000225471856538, 0.00019644065469, 0.000172906031366, 0.000203476040042, 0.000145026031532, 0.000144738340168, 0.000102205383882, 0.000121011267765, 8.16010579001e-05, 9.93322173599e-05, 7.70766782807e-05, 3.72077738575e-05, 3.71098612959e-05, 3.28263959091e-05, 2.63209640252e-05, 2.44620568992e-05, 2.67769810307e-05, 2.41670895775e-05, 1.82752137334e-05, 1.03995789686e-05, 8.57578743307e-06, 7.24899473425e-06, 6.27765621175e-06, 4.18976014771e-06, 3.67199982065e-06, 3.75350668946e-06, 3.5805958305e-06, 3.25891642206e-06, 4.23118763138e-06, 3.62397577192e-06, 2.62245225713e-06, 1.85069961844e-06, 1.14980753096e-06]
    },
    "melbands128": {
        "mean": [0.000126122395159, 0.000935929943807, 0.00284392340109, 0.00474434578791, 0.00462687434629, 0.00215754332021, 0.000859870749991, 0.000621952174697, 0.000728459388483, 0.000584313762374, 0.000416488008341, 0.000420663855039, 0.000446055433713, 0.000438946211943, 0.000254731363384, 0.000233986342209, 0.000308149436023, 0.000208692857996, 0.000203893083381, 0.000243797665462, 0.000242065216298, 0.000160310184583, 0.000203220493859, 0.000227765238378, 0.000141057244036, 0.000176486224518, 0.000170256244019, 0.000212807455682, 0.000245823408477, 0.000122934419778, 0.000123757243273, 0.000152501495904, 0.000145354846609, 0.000150919033331, 0.000105569401057, 8.05644813227e-05, 9.16903009056e-05, 0.000180189119419, 8.6128951807e-05, 7.74553991505e-05, 8.82874664967e-05, 7.05379716237e-05, 0.000101883568277, 0.000108390348032, 0.000109144988528, 7.00881064404e-05, 4.24606732849e-05, 4.74226180813e-05, 2.59539538092e-05, 2.71447661362e-05, 4.3714124331e-05, 4.09525855503e-05, 3.76367024728e-05, 2.74245248875e-05, 2.54529877566e-05, 3.07613918267e-05, 2.23072984227e-05, 1.80608421942e-05, 2.63833226199e-05, 3.53696086677e-05, 2.41436027864e-05, 2.26350639423e-05, 2.78997085843e-05, 2.25339608733e-05, 2.21175159822e-05, 2.14042902371e-05, 1.36449898491e-05, 1.07181613203e-05, 9.89487853076e-06, 9.48245633481e-06, 9.19407193578e-06, 7.88699253462e-06, 6.67713675284e-06, 7.44124326957e-06, 7.38340304451e-06, 7.15609894542e-06, 5.4884835663e-06, 4.21022059527e-06, 4.05854007113e-06, 4.08790856454e-06, 3.93655864173e-06, 3.37326764566e-06, 3.23378321809e-06, 3.6855997223e-06, 4.4823909775e-06, 3.73898342332e-06, 3.44242948813e-06, 2.83426084025e-06, 3.00103010886e-06, 3.64297557098e-06, 4.42034115622e-06, 4.4534326662e-06, 3.82979942515e-06, 3.74772980649e-06, 3.49717220161e-06, 2.80599147118e-06, 2.51259143624e-06, 2.20488345803e-06, 1.87667114915e-06, 1.67853511357e-06, 1.48175195136e-06, 1.08319295578e-06, 7.2878856372e-07, 5.45958926068e-07, 3.86164714428e-07, 2.95459585686e-07, 2.20573824095e-07, 1.59748580586e-07, 1.11390598079e-07, 8.08985376466e-08, 5.55217809506e-08, 3.7937045505e-08, 2.54781333808e-08, 1.64247317969e-08, 1.12960130139e-08, 8.51095105503e-09, 5.19698728496e-09, 3.35071481672e-09, 2.26665797243e-09, 1.60027757712e-09, 1.28673294242e-09, 1.00524877311e-09, 8.05778554991e-10, 6.03053329495e-10, 4.43581060772e-10, 3.84741211112e-10, 2.97228019974e-10, 2.31102234571e-10]
    },
    "mfcc": {
        "mean": [-642.801330566, 126.445922852, -9.2280664444, 22.3247470856, 3.79474306107, 8.04289245605, 0.32673728466, 8.44464874268, -3.31385731697, 5.52459859848, 1.23692047596, -1.22880411148, -5.66734075546],
        "cov": [[16186.4130859, -2714.69140625, -1028.90319824, 636.263916016, -267.303253174, 488.871276855, 464.422607422, 214.766189575, -220.174758911, -35.3098106384, 179.878845215, 734.172668457, 688.792602539], [-2714.69140625, 1922.79736328, -193.992431641, -145.505828857, -6.87110471725, -136.751754761, -157.85848999, -103.678039551, -22.8000507355, -31.6716270447, -6.28140258789, -153.38609314, -131.465011597], [-1028.90319824, -193.992431641, 668.69921875, 17.2346324921, 58.8267822266, 14.9965238571, 17.3419799805, -28.385061264, 94.1302642822, 32.9032211304, -13.6695566177, -21.3842353821, -47.1810379028], [636.263916016, -145.505828857, 17.2346324921, 389.108093262, 67.7432250977, 91.003364563, 70.3173294067, 1.73471415043, 73.3298339844, 20.8067855835, 23.2538700104, 64.5712509155, 81.1413650513], [-267.303253174, -6.87110471725, 58.8267822266, 67.7432250977, 200.785766602, 27.3125419617, 9.87439250946, 10.9820184708, 44.7864074707, 32.8667755127, 7.47168064117, -5.17288541794, -1.75328373909], [488.871276855, -136.751754761, 14.9965238571, 91.003364563, 27.3125419617, 261.664672852, 162.1612854, 30.4816741943, 68.4436187744, 36.0225982666, 48.8675880432, 76.5941925049, 33.3966712952], [464.422607422, -157.85848999, 17.3419799805, 70.3173294067, 9.87439250946, 162.1612854, 209.840255737, 48.1958084106, 49.4377098083, 9.45930671692, 39.4251098633, 72.2463760376, 40.4981079102], [214.766189575, -103.678039551, -28.385061264, 1.73471415043, 10.9820184708, 30.4816741943, 48.1958084106, 140.950561523, 9.45308685303, 11.3502960205, 18.3610897064, 16.3003311157, 16.9107189178], [-220.174758911, -22.8000507355, 94.1302642822, 73.3298339844, 44.7864074707, 68.4436187744, 49.4377098083, 9.45308685303, 152.199111938, 55.9024772644, 18.4128723145, 18.1909351349, -0.626430630684], [-35.3098106384, -31.6716270447, 32.9032211304, 20.8067855835, 32.8667755127, 36.0225982666, 9.45930671692, 11.3502960205, 55.9024772644, 92.8974609375, 29.3474025726, 3.10477519035, -4.60965776443], [179.878845215, -6.28140258789, -13.6695566177, 23.2538700104, 7.47168064117, 48.8675880432, 39.4251098633, 18.3610897064, 18.4128723145, 29.3474025726, 76.4876403809, 39.8362083435, 22.3838634491], [734.172668457, -153.38609314, -21.3842353821, 64.5712509155, -5.17288541794, 76.5941925049, 72.2463760376, 16.3003311157, 18.1909351349, 3.10477519035, 39.8362083435, 127.699913025, 73.5117034912], [688.792602539, -131.465011597, -47.1810379028, 81.1413650513, -1.75328373909, 33.3966712952, 40.4981079102, 16.9107189178, -0.626430630684, -4.60965776443, 22.3838634491, 73.5117034912, 111.813446045]],
        "icov": [[0.000139780706377, 0.000158979091793, 0.000198528170586, -0.000107407926407, 0.000133227018523, -8.14385784906e-05, 3.85528937841e-06, 1.28729243443e-05, 0.000227611220907, -0.000106531100755, 3.98793272325e-05, -0.000368232984329, -0.000258376006968], [0.000158979091793, 0.00086215994088, 0.000505274685565, -2.66087790806e-05, 6.83362595737e-05, -3.73536859115e-05, 0.000233502782066, 0.000442076154286, -0.000128916595713, 0.000385614519473, -0.000673140049912, 0.000185769313248, 0.00015545367205], [0.000198528170586, 0.000505274685565, 0.00214086845517, -8.02579743322e-05, -0.000173939581146, 0.000141482887557, -0.000237805623328, 0.000589003728237, -0.000853812671266, -3.3290922147e-05, 0.000161158284754, -0.00038227220648, 0.000497684755828], [-0.000107407926407, -2.66087790806e-05, -8.02579743322e-05, 0.00374888977967, -0.00106993748341, -0.000506640935782, -8.24401286081e-05, 0.000592790485825, -0.00163178809453, 0.00047176820226, 8.74827892403e-05, 0.000459374859929, -0.0023584801238], [0.000133227018523, 6.83362595737e-05, -0.000173939581146, -0.00106993748341, 0.00595166767016, -0.000411738496041, 0.000338150653988, -0.000564541493077, -0.000366481021047, -0.00137131300289, 0.000114063128422, 0.000341049570125, -0.000163751188666], [-8.14385784906e-05, -3.73536859115e-05, 0.000141482887557, -0.000506640935782, -0.000411738496041, 0.00856172293425, -0.00563014997169, 0.000577573140617, -0.000974808237515, -0.0016182132531, -0.000989129533991, -0.00173800101038, 0.00154177006334], [3.85528937841e-06, 0.000233502782066, -0.000237805623328, -8.24401286081e-05, 0.000338150653988, -0.00563014997169, 0.0108287902549, -0.00212809140794, -0.00138213892933, 0.0026938689407, -0.00135916203726, -0.00142273143865, -0.000392285233829], [1.28729243443e-05, 0.000442076154286, 0.000589003728237, 0.000592790485825, -0.000564541493077, 0.000577573140617, -0.00212809140794, 0.0083729904145, -0.000251786579611, -0.000530071847606, -0.00128266855609, 0.000928211142309, -0.00079482543515], [0.000227611220907, -0.000128916595713, -0.000853812671266, -0.00163178809453, -0.000366481021047, -0.000974808237515, -0.00138213892933, -0.000251786579611, 0.011383920908, -0.00580595107749, 0.00140809442382, -0.001782751875, 0.000808881537523], [-0.000106531100755, 0.000385614519473, -3.3290922147e-05, 0.00047176820226, -0.00137131300289, -0.0016182132531, 0.0026938689407, -0.000530071847606, -0.00580595107749, 0.0172055251896, -0.0065940679051, 0.00228869798593, 0.000811683712527], [3.98793272325e-05, -0.000673140049912, 0.000161158284754, 8.74827892403e-05, 0.000114063128422, -0.000989129533991, -0.00135916203726, -0.00128266855609, 0.00140809442382, -0.0065940679051, 0.0197187624872, -0.00525061320513, -0.000808532175142], [-0.000368232984329, 0.000185769313248, -0.00038227220648, 0.000459374859929, 0.000341049570125, -0.00173800101038, -0.00142273143865, 0.000928211142309, -0.001782751875, 0.00228869798593, -0.00525061320513, 0.0179161988199, -0.00775199476629], [-0.000258376006968, 0.00015545367205, 0.000497684755828, -0.0023584801238, -0.000163751188666, 0.00154177006334, -0.000392285233829, -0.00079482543515, 0.000808881537523, 0.000811683712527, -0.000808532175142, -0.00775199476629, 0.0177350342274]]
    },
    "spectral_contrast_coeffs": {
        "mean": [-0.699714362621, -0.770012140274, -0.75145316124, -0.782147824764, -0.787902712822, -0.753088116646]
    },
    "spectral_contrast_valleys": {
        "mean": [-6.75329208374, -6.73101139069, -7.32239437103, -7.51024150848, -7.5621099472, -10.4940137863]
    }
},
"rhythm": {
    "beats_count": 711,
    "beats_loudness": {
        "mean": 0.037896566093
    },
    "bpm": 165.287658691,
    "bpm_histogram_first_peak_bpm": 167,
    "bpm_histogram_first_peak_weight": 0,
    "bpm_histogram_second_peak_bpm": 172,
    "bpm_histogram_second_peak_spread": 0,
    "bpm_histogram_second_peak_weight": 0.235211268067,
    "danceability": 1.12791419029,
    "onset_rate": 3.18982076645,
    "beats_loudness_band_ratio": {
        "mean": [0.462236493826, 0.157959073782, 0.152415797114, 0.13928732276, 0.0878557488322, 0.0543520003557]
    },
    "beats_position": [0.325079351664, 0.673378646374, 1.03328800201, 1.39319729805, 1.764716506, 2.14784574509, 2.53097510338, 2.92571425438, 3.30884337425, 3.69197273254, 4.06349182129, 4.42340135574, 4.78331041336, 5.15482997894, 5.52634906769, 5.88625860214, 6.24616765976, 6.6176867485, 6.97759628296, 7.33750534058, 7.6858048439, 8.03410434723, 8.39401340485, 8.74231243134, 9.10222244263, 9.45052146912, 9.79882049561, 10.1471195221, 10.5070295334, 10.866938591, 11.2152376175, 11.5635375977, 11.9234466553, 12.2833557129, 12.6316547394, 12.9799547195, 13.3398637772, 13.6881628036, 14.0364627838, 14.3731517792, 14.7214508057, 15.0813598633, 15.4412698746, 15.7895689011, 16.1610889435, 16.5326080322, 16.9157371521, 17.298866272, 17.6703853607, 18.0419044495, 18.4018135071, 18.7617225647, 19.1216316223, 19.4815406799, 19.8414516449, 20.2013607025, 20.5612697601, 20.9211788177, 21.2694778442, 21.6177768707, 21.9776859283, 22.3375968933, 22.6975059509, 23.0574150085, 23.4173240662, 23.7772331238, 24.1371421814, 24.497051239, 24.8453502655, 25.1936511993, 25.553560257, 25.9134693146, 26.2849884033, 26.6565074921, 27.0396366119, 27.4227657318, 27.8175048828, 28.1890239716, 28.5605430603, 28.9204521179, 29.2803630829, 29.6518821716, 30.0001811981, 30.3600902557, 30.7199993134, 31.079908371, 31.4398174286, 31.7997264862, 32.1596374512, 32.5195465088, 32.8794555664, 33.239364624, 33.5992736816, 33.9475746155, 34.2958717346, 34.6557807922, 35.0156898499, 35.3872108459, 35.7587280273, 36.118637085, 36.4669380188, 36.8268470764, 37.186756134, 37.5466651917, 37.8949661255, 38.2432632446, 38.5915641785, 38.9398651123, 39.2881622314, 39.6480712891, 40.0079803467, 40.3795013428, 40.7394104004, 41.099319458, 41.4476165771, 41.795917511, 42.1442184448, 42.492515564, 42.8524246216, 43.2123336792, 43.5838546753, 43.9437637329, 44.3036727905, 44.6635818481, 45.0234909058, 45.3833999634, 45.743309021, 46.0916099548, 46.439907074, 46.7998161316, 47.1597251892, 47.508026123, 47.8679351807, 48.2278442383, 48.5877532959, 48.9476623535, 49.3191833496, 49.6790924072, 50.0390014648, 50.4221305847, 50.7936515808, 51.1651687622, 51.5366897583, 51.9082069397, 52.2797279358, 52.6628570557, 53.0343742371, 53.4175033569, 53.7774124146, 54.1373214722, 54.4972343445, 54.8571434021, 55.2170524597, 55.5653495789, 55.9252586365, 56.2851676941, 56.6334686279, 56.9933776855, 57.3416786194, 57.701587677, 58.0614967346, 58.4097938538, 58.7580947876, 59.094783783, 59.4430847168, 59.8029937744, 60.162902832, 60.5111999512, 60.859500885, 61.2077980042, 61.556098938, 61.9043960571, 62.2643089294, 62.6242179871, 62.9841270447, 63.3440361023, 63.6923332214, 64.0406341553, 64.3889312744, 64.748840332, 65.1087493896, 65.4570541382, 65.8053512573, 66.1536483765, 66.5135574341, 66.8618545532, 67.2217712402, 67.5700683594, 67.9183654785, 68.2666625977, 68.6265716553, 68.9864807129, 69.3463897705, 69.7062988281, 70.0662155151, 70.4261245728, 70.7860336304, 71.145942688, 71.4942398071, 71.8425369263, 72.2024459839, 72.5623550415, 72.9222640991, 73.2821731567, 73.6304779053, 73.9787750244, 74.338684082, 74.6985931396, 75.0585021973, 75.4067993164, 75.766708374, 76.1150131226, 76.4633102417, 76.8232192993, 77.1831283569, 77.5314254761, 77.8797302246, 78.2280273438, 78.5879364014, 78.9362335205, 79.2845306396, 79.6328353882, 79.9927444458, 80.3526535034, 80.712562561, 81.0608596802, 81.4323806763, 81.7922897339, 82.1521987915, 82.5004959106, 82.8604049683, 83.2203140259, 83.5802230835, 83.9401321411, 84.3000411987, 84.6599502563, 85.019859314, 85.3797683716, 85.7396774292, 86.0995864868, 86.4595031738, 86.8194122314, 87.1793212891, 87.5392303467, 87.8991394043, 88.2590484619, 88.6073455811, 88.9556427002, 89.3039474487, 89.6522445679, 90.0121536255, 90.3720626831, 90.7203598022, 91.0686569214, 91.4169616699, 91.7768707275, 92.1367797852, 92.4850769043, 92.8333740234, 93.181678772, 93.5299758911, 93.8898849487, 94.2497940063, 94.6213150024, 94.9812240601, 95.3411331177, 95.7010421753, 96.0609512329, 96.4208602905, 96.7807693481, 97.1406784058, 97.5005874634, 97.860496521, 98.1971893311, 98.5454864502, 98.8937835693, 99.2420806885, 99.6019973755, 99.9502944946, 100.310203552, 100.646888733, 100.983581543, 101.308662415, 101.645347595, 101.982040405, 102.330337524, 102.690246582, 103.05015564, 103.398452759, 103.746757507, 104.083442688, 104.443351746, 104.791656494, 105.151565552, 105.511474609, 105.871383667, 106.231292725, 106.579589844, 106.939498901, 107.299407959, 107.670928955, 108.042449951, 108.413963318, 108.762268066, 109.110565186, 109.458862305, 109.807167053, 110.155464172, 110.51537323, 110.875282288, 111.223579407, 111.571876526, 111.920181274, 112.268478394, 112.628387451, 112.988296509, 113.336593628, 113.684898376, 114.033195496, 114.393104553, 114.753013611, 115.10131073, 115.461219788, 115.821128845, 116.169433594, 116.529342651, 116.889251709, 117.249160767, 117.609069824, 117.957366943, 118.317276001, 118.677185059, 119.025482178, 119.373786926, 119.733695984, 120.093605042, 120.453514099, 120.801811218, 121.161720276, 121.510017395, 121.858322144, 122.206619263, 122.554916382, 122.914825439, 123.25151825, 123.599815369, 123.936508179, 124.273193359, 124.621498108, 124.969795227, 125.329704285, 125.689613342, 126.037910461, 126.386207581, 126.746116638, 127.106025696, 127.465942383, 127.82585144, 128.185760498, 128.545669556, 128.905578613, 129.265487671, 129.625396729, 129.985305786, 130.333602905, 130.681900024, 131.041809082, 131.40171814, 131.761627197, 132.121536255, 132.481445312, 132.84135437, 133.201263428, 133.561172485, 133.921081543, 134.280990601, 134.640899658, 135.000808716, 135.360717773, 135.720626831, 136.080535889, 136.440444946, 136.823577881, 137.206710815, 137.58984375, 137.972961426, 138.344482422, 138.716003418, 139.087524414, 139.45904541, 139.830566406, 140.202087402, 140.585220337, 140.956726074, 141.316635132, 141.688156128, 142.059677124, 142.442810059, 142.814331055, 143.185852051, 143.568969727, 143.940490723, 144.312011719, 144.683532715, 145.055053711, 145.426574707, 145.798095703, 146.169616699, 146.541137695, 146.912643433, 147.284164429, 147.655685425, 148.027206421, 148.398727417, 148.770248413, 149.153381348, 149.536499023, 149.919631958, 150.302764893, 150.674285889, 151.045806885, 151.417327881, 151.788833618, 152.160354614, 152.53187561, 152.915008545, 153.298141479, 153.669662476, 154.041183472, 154.412689209, 154.784210205, 155.155731201, 155.538864136, 155.92199707, 156.293518066, 156.665023804, 157.0365448, 157.408065796, 157.779586792, 158.151107788, 158.522628784, 158.882537842, 159.242446899, 159.590744019, 159.950653076, 160.310562134, 160.658859253, 161.018768311, 161.378677368, 161.726974487, 162.179763794, 162.632553101, 163.096954346, 163.584579468, 164.072189331, 164.559814453, 165.024215698, 165.488616943, 165.953018188, 166.417419434, 166.870193481, 167.334594727, 167.798995972, 168.182128906, 168.565261841, 168.948379517, 169.331512451, 169.714645386, 170.09777832, 170.469299316, 170.852416992, 171.235549927, 171.618682861, 172.001815796, 172.384933472, 172.779678345, 173.151199341, 173.545944214, 173.940673828, 174.335418701, 174.718551636, 175.101669312, 175.438369751, 175.763442993, 176.088516235, 176.425216675, 176.773513794, 177.110198975, 177.446884155, 177.771972656, 178.097045898, 178.456954956, 178.828475952, 179.199996948, 179.583129883, 179.94303894, 180.302947998, 180.662857056, 181.022766113, 181.394287109, 181.765808105, 182.137313843, 182.508834839, 182.868743896, 183.228652954, 183.60017395, 183.971694946, 184.354827881, 184.737960815, 185.109481812, 185.480987549, 185.864120483, 186.235641479, 186.595550537, 186.967071533, 187.326980591, 187.686889648, 188.046798706, 188.406707764, 188.755004883, 189.11491394, 189.486434937, 189.846343994, 190.206253052, 190.566162109, 190.914459229, 191.285980225, 191.645889282, 192.00579834, 192.365707397, 192.725616455, 193.073913574, 193.410614014, 193.747299194, 194.095596313, 194.443893433, 194.792190552, 195.152099609, 195.512008667, 195.860321045, 196.208618164, 196.556915283, 196.905212402, 197.26512146, 197.625030518, 197.984939575, 198.344848633, 198.70475769, 199.064666748, 199.424575806, 199.784484863, 200.156005859, 200.527526855, 200.899047852, 201.235733032, 201.584030151, 201.932327271, 202.28062439, 202.640533447, 203.012054443, 203.371963501, 203.731872559, 204.080184937, 204.428482056, 204.776779175, 205.113464355, 205.461761475, 205.798446655, 206.158370972, 206.518280029, 206.878189087, 207.238098145, 207.586395264, 207.946304321, 208.306213379, 208.654510498, 209.014419556, 209.374328613, 209.734237671, 210.094146729, 210.442443848, 210.802352905, 211.162261963, 211.522171021, 211.87046814, 212.230377197, 212.590286255, 212.950195312, 213.298492432, 213.64680481, 213.995101929, 214.343399048, 214.691696167, 215.039993286, 215.388290405, 215.736587524, 216.084899902, 216.433197021, 216.781494141, 217.118179321, 217.46647644, 217.826385498, 218.186294556, 218.546203613, 218.894515991, 219.254425049, 219.614334106, 219.962631226, 220.322540283, 220.682449341, 221.042358398, 221.402267456, 221.750564575, 222.110473633, 222.47038269, 222.830291748, 223.190200806, 223.538497925, 223.898406982, 224.25831604, 224.606613159, 224.978134155, 225.338043213, 225.697952271, 226.069473267, 226.440994263, 226.812515259, 227.184036255, 227.601989746, 228.019943237, 228.437911987, 228.855865479, 229.273834229, 229.703399658, 230.132965088, 230.492874146, 230.852783203, 231.224304199, 231.595825195, 231.967346191, 232.327255249, 232.687164307, 233.047073364, 233.406982422, 233.755279541, 234.10357666, 234.451873779, 234.800170898, 235.171691895, 235.543212891, 235.903121948, 236.263031006, 236.657775879, 237.052505493, 237.458862305, 237.865203857, 238.25994873, 238.654693604, 239.049423218, 239.455780029, 239.862121582, 240.256866455, 240.651611328, 241.046340942, 241.441085815, 241.835830688, 242.218948364, 242.648529053, 243.089706421, 243.519271851, 243.86756897, 244.227478027, 244.598999023, 244.97052002, 245.365249634, 245.748382568, 246.131515503, 246.514648438, 246.897766113, 247.269287109, 247.664031982, 248.058776855, 248.441894531, 248.813415527, 249.196548462, 249.568069458, 250.009246826, 250.438812256, 250.879989624, 251.321166992, 251.750747681, 252.191925049, 252.644714355, 253.097503662, 253.53868103, 253.979858398, 254.421035767, 254.873825073, 255.32661438, 255.779403687, 256.232208252, 256.696594238, 257.160980225, 257.625396729, 258.089782715, 258.554199219, 259.018585205, 259.483001709, 259.947387695, 260.411773682, 260.876190186],
    "bpm_histogram": [0, 0, 0, 0, 0, 0, 0, 0, 0, 0, 0, 0, 0, 0, 0, 0, 0, 0, 0, 0, 0, 0, 0, 0, 0, 0, 0, 0, 0, 0, 0, 0, 0, 0, 0, 0, 0, 0, 0, 0, 0, 0, 0, 0, 0, 0, 0, 0, 0, 0, 0, 0, 0, 0, 0, 0, 0, 0, 0, 0, 0, 0, 0, 0, 0, 0, 0, 0, 0, 0, 0, 0, 0, 0, 0, 0, 0, 0, 0, 0, 0, 0, 0, 0, 0, 0, 0, 0, 0, 0, 0, 0, 0, 0, 0, 0, 0, 0, 0, 0, 0, 0, 0, 0, 0, 0, 0, 0, 0, 0, 0, 0, 0, 0, 0, 0, 0, 0, 0, 0, 0, 0, 0, 0.00422535231337, 0, 0, 0, 0, 0, 0.0239436626434, 0, 0, 0, 0.0126760564744, 0, 0, 0.0112676052377, 0, 0, 0, 0.00845070462674, 0, 0, 0, 0.00704225338995, 0, 0, 0, 0.00563380261883, 0, 0, 0, 0.0267605632544, 0, 0, 0, 0, 0.0704225376248, 0, 0, 0, 0.14084507525, 0.0112676052377, 0, 0, 0, 0, 0.405633807182, 0, 0, 0, 0, 0.235211268067, 0, 0, 0, 0, 0, 0.0295774638653, 0, 0, 0, 0, 0, 0, 0.00704225338995, 0, 0, 0, 0, 0, 0, 0, 0, 0, 0, 0, 0, 0, 0, 0, 0, 0, 0, 0, 0, 0, 0, 0, 0, 0, 0, 0, 0, 0, 0, 0, 0, 0, 0, 0, 0, 0, 0, 0, 0, 0, 0, 0, 0, 0, 0, 0, 0, 0, 0, 0, 0, 0, 0, 0, 0, 0, 0, 0, 0, 0, 0, 0, 0]
},
"tonal": {
    "chords_changes_rate": 0.0621559210122,
    "chords_number_rate": 0.00213106023148,
    "chords_strength": {
        "mean": 0.532118022442
    },
    "hpcp_crest": {
        "mean": 14.2682247162
    },
    "hpcp_entropy": {
        "mean": 1.96090519428
    },
    "key_edma": {
        "strength": 0.697637319565,
        "key": "Ab",
        "scale": "major"
    },
    "key_krumhansl": {
        "strength": 0.707297205925,
        "key": "Ab",
        "scale": "major"
    },
    "key_temperley": {
        "strength": 0.714319169521,
        "key": "Ab",
        "scale": "major"
    },
    "tuning_diatonic_strength": 0.663817346096,
    "tuning_equal_tempered_deviation": 0.104933179915,
    "tuning_frequency": 443.316436768,
    "tuning_nontempered_energy_ratio": 0.781462132931,
    "hpcp": {
        "mean": [0.0419922210276, 0.0377453975379, 0.0720522627234, 0.0883859619498, 0.0647611543536, 0.0710840001702, 0.0831447020173, 0.0865443199873, 0.121796235442, 0.118596069515, 0.087843708694, 0.135577723384, 0.155225634575, 0.0919953286648, 0.0564505569637, 0.0568813346326, 0.106358490884, 0.259471744299, 0.265735894442, 0.115947604179, 0.0575188398361, 0.0473887547851, 0.0546512641013, 0.0867203995585, 0.0939401388168, 0.0799816846848, 0.118942439556, 0.166403844953, 0.142864957452, 0.146697476506, 0.152814179659, 0.124887898564, 0.263076007366, 0.347790598869, 0.188846111298, 0.0659148693085]
    },
    "chords_histogram": [36.6719932556, 7.15681028366, 5.91369199753, 0.923459410667, 0.0177588351071, 0, 0, 0, 0.479488551617, 0.390694379807, 3.67607879639, 7.38767528534, 2.25537204742, 1.04777121544, 0, 0.621559202671, 0, 4.84816217422, 6.89042806625, 1.81140112877, 2.4684779644, 0.355176687241, 16.1250228882, 0.958977103233],
    "thpcp": [1, 0.542987942696, 0.189524590969, 0.12073995173, 0.108529090881, 0.207171395421, 0.254135578871, 0.186207324266, 0.204387351871, 0.239065408707, 0.248840302229, 0.350199908018, 0.340998500586, 0.252576440573, 0.389825731516, 0.44631922245, 0.264513552189, 0.162311911583, 0.163550525904, 0.305811852217, 0.746057391167, 0.76406866312, 0.333383381367, 0.165383532643, 0.136256575584, 0.157138422132, 0.249346584082, 0.270105451345, 0.229970812798, 0.341994404793, 0.478459864855, 0.410778671503, 0.421798288822, 0.439385592937, 0.35908934474, 0.75642067194],
    "chords_key": "Ab",
    "chords_scale": "major"
}
}