{
"metadata": {
    "version": {
        "essentia": "2.1-beta6-dev",
        "essentia_git_sha": "v2.1_beta5-1177-g1d1cc983",
        "extractor": "music 2.0"
    },
    "audio_properties": {
        "analysis": {
            "equal_loudness": 0,
            "length": 243.21333313,
            "sample_rate": 44100,
            "start_time": 0,
            "downmix": "mix"
        },
        "bit_rate": 1411200,
        "length": 243.21333313,
        "lossless": 1,
        "number_channels": 2,
        "replay_gain": -13.3613395691,
        "sample_rate": 44100,
        "codec": "pcm_s16le",
        "md5_encoded": "8cf9851c7aee668eb680e7849829a0ae"
    },
    "tags": {
        "file_name": "01 - Manchester Orchestra - Wolves at Night.wav",
        "album": ["I'm Like a Virgin Losing a Child"],
        "albumartist": ["Manchester Orchestra"],
        "artist": ["Manchester Orchestra"],
        "copyright": ["2006 Favorite Gentlemen 2006 Favorite Gentlemen"],
        "date": ["2006"],
        "discnumber": ["1"],
        "disctotal": ["1"],
        "genre": ["Alternative & Indie"],
        "isrc": ["USTC10665300"],
        "title": ["Wolves at Night"],
        "tracknumber": ["1"],
        "tracktotal": ["11"]
    }
},
"lowlevel": {
    "average_loudness": 0.901433587074,
    "barkbands_crest": {
        "mean": 10.1274814606
    },
    "barkbands_flatness_db": {
        "mean": 0.117268517613
    },
    "barkbands_kurtosis": {
        "mean": 4.28743362427
    },
    "barkbands_skewness": {
        "mean": 1.40039789677
    },
    "barkbands_spread": {
        "mean": 26.4449310303
    },
    "dissonance": {
        "mean": 0.470029890537
    },
    "dynamic_complexity": 3.2620537281,
    "erbbands_crest": {
        "mean": 8.54306602478
    },
    "erbbands_flatness_db": {
        "mean": 0.141367554665
    },
    "erbbands_kurtosis": {
        "mean": 0.392109513283
    },
    "erbbands_skewness": {
        "mean": 0.322333246469
    },
    "erbbands_spread": {
        "mean": 39.762134552
    },
    "hfc": {
        "mean": 27.2758712769
    },
    "loudness_ebu128": {
        "integrated": -8.92210197449,
        "loudness_range": 4.52236127853,
        "momentary": {
            "mean": -10.173169136
        },
        "short_term": {
            "mean": -9.50559616089
        }
    },
    "melbands_crest": {
        "mean": 14.67233181
    },
    "melbands_flatness_db": {
        "mean": 0.185645133257
    },
    "melbands_kurtosis": {
        "mean": 15.1795396805
    },
    "melbands_skewness": {
        "mean": 2.58253955841
    },
    "melbands_spread": {
        "mean": 27.2124652863
    },
    "pitch_salience": {
        "mean": 0.539657115936
    },
    "silence_rate_20dB": {
        "mean": 1
    },
    "silence_rate_30dB": {
        "mean": 0.9866361022
    },
    "silence_rate_60dB": {
        "mean": 0.0407598316669
    },
    "spectral_centroid": {
        "mean": 1582.5604248
    },
    "spectral_complexity": {
        "mean": 24.2505722046
    },
    "spectral_decrease": {
        "mean": -9.24196541519e-09
    },
    "spectral_energy": {
        "mean": 0.0373552702367
    },
    "spectral_energyband_high": {
        "mean": 0.0013077511685
    },
    "spectral_energyband_low": {
        "mean": 0.0174337234348
    },
    "spectral_energyband_middle_high": {
        "mean": 0.00779733201489
    },
    "spectral_energyband_middle_low": {
        "mean": 0.012885492295
    },
    "spectral_entropy": {
        "mean": 7.78228807449
    },
    "spectral_flux": {
        "mean": 0.0933516696095
    },
    "spectral_kurtosis": {
        "mean": 4.08442163467
    },
    "spectral_rms": {
        "mean": 0.00560730881989
    },
    "spectral_rolloff": {
        "mean": 1707.79138184
    },
    "spectral_skewness": {
        "mean": 1.39124059677
    },
    "spectral_spread": {
        "mean": 4920423
    },
    "spectral_strongpeak": {
        "mean": 0.913271188736
    },
    "zerocrossingrate": {
        "mean": 0.0696772560477
    },
    "barkbands": {
        "mean": [0.00115642917808, 0.0107039688155, 0.00393148232251, 0.00380391743965, 0.00229959655553, 0.000940670259297, 0.00110974430572, 0.0013750216458, 0.00243182829581, 0.0019616484642, 0.00148902181536, 0.00082391750766, 0.000817003950942, 0.000858220155351, 0.000579825660679, 0.000424620840931, 0.000430895888712, 0.000313777622068, 0.000350975431502, 0.000459681585198, 0.000282332766801, 0.000200919239433, 0.000172073981958, 0.00022185841226, 0.000138327115565, 6.45489199087e-05, 1.29489326355e-05]
    },
    "erbbands": {
        "mean": [0.369793742895, 2.15844869614, 4.39595985413, 9.27698326111, 9.19753360748, 8.8180065155, 6.80442476273, 8.28862571716, 13.8742408752, 22.357049942, 35.5563812256, 59.3025588989, 65.5923156738, 47.6467552185, 57.9878997803, 40.0384941101, 42.197883606, 39.9449539185, 33.5384979248, 31.3560199738, 24.7211933136, 21.6492176056, 18.042640686, 15.7531385422, 20.6400375366, 21.5746192932, 14.7672071457, 9.40970039368, 7.53524637222, 5.62772083282, 4.92356729507, 4.43235111237, 3.65257763863, 1.75392019749, 0.879583477974, 0.379457682371, 0.100305788219, 0.0187158100307, 0.00217759795487, 0.000156276655616]
    },
    "gfcc": {
        "mean": [21.8205223083, 80.9337768555, -114.944732666, 31.2759132385, -52.64503479, 18.4368400574, -21.6005172729, 13.723906517, -21.6970272064, 3.72610282898, -16.4228610992, -3.23153066635, -8.84886932373],
        "cov": [[13451.4589844, -519.994812012, -877.884460449, 166.473846436, -466.961303711, 595.127380371, -362.945404053, 220.005783081, -141.286315918, 246.430435181, -259.895629883, -18.812620163, -258.348907471], [-519.994812012, 2092.14648438, -319.168731689, -24.591796875, 168.522079468, -193.467834473, 286.941680908, -83.2664108276, 152.062530518, -34.5494537354, 112.961273193, -110.711051941, 116.08719635], [-877.884460449, -319.168731689, 1145.17346191, 177.093093872, 119.138221741, 120.832015991, -58.345287323, 24.6161651611, -5.35654211044, 43.8578338623, -47.5219573975, 49.0980491638, -20.2444725037], [166.473846436, -24.591796875, 177.093093872, 481.515319824, 33.9878807068, 124.97681427, 10.4452457428, -14.5816860199, 33.2473106384, -31.8616676331, -0.570471465588, 14.8684635162, -3.54729819298], [-466.961303711, 168.522079468, 119.138221741, 33.9878807068, 223.647201538, 31.9571361542, 96.4324111938, 3.17577004433, 32.0838508606, 19.993188858, 32.4025001526, 6.17594575882, 25.2761135101], [595.127380371, -193.467834473, 120.832015991, 124.97681427, 31.9571361542, 252.39503479, 37.9440498352, 43.8296928406, -2.18932080269, 20.8646831512, 11.5002183914, 28.1943492889, -20.5407180786], [-362.945404053, 286.941680908, -58.345287323, 10.4452457428, 96.4324111938, 37.9440498352, 192.613479614, 28.6310596466, 46.7668762207, 4.76485157013, 51.5280303955, 3.78523111343, 32.3648834229], [220.005783081, -83.2664108276, 24.6161651611, -14.5816860199, 3.17577004433, 43.8296928406, 28.6310596466, 125.277015686, 44.4528656006, 42.0962905884, 15.0606889725, 14.7304773331, 9.69919109344], [-141.286315918, 152.062530518, -5.35654211044, 33.2473106384, 32.0838508606, -2.18932080269, 46.7668762207, 44.4528656006, 106.968078613, 30.0915546417, 24.8422813416, -6.28004693985, 23.1512508392], [246.430435181, -34.5494537354, 43.8578338623, -31.8616676331, 19.993188858, 20.8646831512, 4.76485157013, 42.0962905884, 30.0915546417, 97.4026947021, 29.7485866547, 16.5338134766, 0.432639569044], [-259.895629883, 112.961273193, -47.5219573975, -0.570471465588, 32.4025001526, 11.5002183914, 51.5280303955, 15.0606889725, 24.8422813416, 29.7485866547, 96.9510879517, 28.3178787231, 22.4258384705], [-18.812620163, -110.711051941, 49.0980491638, 14.8684635162, 6.17594575882, 28.1943492889, 3.78523111343, 14.7304773331, -6.28004693985, 16.5338134766, 28.3178787231, 69.3421859741, 23.8403568268], [-258.348907471, 116.08719635, -20.2444725037, -3.54729819298, 25.2761135101, -20.5407180786, 32.3648834229, 9.69919109344, 23.1512508392, 0.432639569044, 22.4258384705, 23.8403568268, 69.8296203613]],
        "icov": [[0.00016719258565, -0.000168595390278, 0.000249774311669, -0.000108395543066, 0.000129326203023, -0.000502814480569, 0.000403411424486, -0.000350218848325, 0.00032883908716, -0.000689266831614, 0.000769306032453, -0.000395116541767, 0.000415780901676], [-0.000168595390278, 0.00115915003698, -0.000240355482674, 6.13939773757e-05, -0.000168400991242, 0.00100197410211, -0.00152161775623, 0.001291534747, -0.00102422002237, 0.000725006510038, -0.00163440941833, 0.00235798256472, -0.00168084702455], [0.000249774311669, -0.000240355482674, 0.00156089977827, -0.00049874256365, -0.000736061483622, -0.000951691588853, 0.00120661105029, -0.000699450727552, 0.000505267933477, -0.00152333942242, 0.00210789474659, -0.00156601890922, 0.000974869471975], [-0.000108395543066, 6.13939773757e-05, -0.00049874256365, 0.00300560425967, -0.000152665306814, -0.00131064036395, 0.000225640105782, 0.00128592841793, -0.00230348831974, 0.00223976164125, -0.000674467242789, -0.000430642219726, 4.98160034113e-06], [0.000129326203023, -0.000168400991242, -0.000736061483622, -0.000152665306814, 0.0069372234866, -0.00065892515704, -0.00299882167019, 0.00116553751286, -2.74582725979e-05, -0.00185096880887, -1.59495593834e-05, 0.000731746375095, -0.0011637218995], [-0.000502814480569, 0.00100197410211, -0.000951691588853, -0.00131064036395, -0.00065892515704, 0.00782643444836, -0.00339895812795, -0.000695834343787, 0.000456988753285, 0.00115740927868, -0.00250228913501, 8.52697048686e-05, 0.000960056495387], [0.000403411424486, -0.00152161775623, 0.00120661105029, 0.000225640105782, -0.00299882167019, -0.00339895812795, 0.0113536659628, -0.00310258381069, -0.000466060388135, 0.000656788004562, -0.000388936605304, -0.00174974929541, 0.000510463141836], [-0.000350218848325, 0.001291534747, -0.000699450727552, 0.00128592841793, 0.00116553751286, -0.000695834343787, -0.00310258381069, 0.0136088896543, -0.00606520613655, -0.00164720811881, -0.00114374607801, 0.000833081430756, -0.00255512096919], [0.00032883908716, -0.00102422002237, 0.000505267933477, -0.00230348831974, -2.74582725979e-05, 0.000456988753285, -0.000466060388135, -0.00606520613655, 0.016961934045, -0.00556163722649, 0.000472795218229, 0.00332674663514, -0.00272510689683], [-0.000689266831614, 0.000725006510038, -0.00152333942242, 0.00223976164125, -0.00185096880887, 0.00115740927868, 0.000656788004562, -0.00164720811881, -0.00556163722649, 0.0185928270221, -0.00737437233329, -0.000763993128203, 0.00120944145601], [0.000769306032453, -0.00163440941833, 0.00210789474659, -0.000674467242789, -1.59495593834e-05, -0.00250228913501, -0.000388936605304, -0.00114374607801, 0.000472795218229, -0.00737437233329, 0.0204537715763, -0.00985396653414, 0.00243340036832], [-0.000395116541767, 0.00235798256472, -0.00156601890922, -0.000430642219726, 0.000731746375095, 8.52697048686e-05, -0.00174974929541, 0.000833081430756, 0.00332674663514, -0.000763993128203, -0.00985396653414, 0.0280449986458, -0.0129105877131], [0.000415780901676, -0.00168084702455, 0.000974869471975, 4.98160034113e-06, -0.0011637218995, 0.000960056495387, 0.000510463141836, -0.00255512096919, -0.00272510689683, 0.00120944145601, 0.00243340036832, -0.0129105877131, 0.0242802295834]]
    },
    "melbands": {
        "mean": [0.0031744716689, 0.00248850602657, 0.00163756276015, 0.000589078292251, 0.000290407129796, 0.000190286955331, 0.000211923499592, 0.000251985911746, 0.00032484807889, 0.000356318923878, 0.000320794904837, 0.000188159683603, 0.00021087040659, 9.95025839075e-05, 0.000114121481602, 6.74723924021e-05, 7.88563556853e-05, 5.84986119065e-05, 3.73038092221e-05, 3.83775295631e-05, 2.86477843474e-05, 2.35808292928e-05, 1.87683563126e-05, 1.49142015289e-05, 1.20835420603e-05, 1.38480700116e-05, 1.64438224601e-05, 1.37062543217e-05, 1.02678350231e-05, 6.19759657638e-06, 5.15794909006e-06, 4.36868185716e-06, 3.54823578164e-06, 3.00536839859e-06, 2.94072492579e-06, 2.56401676779e-06, 2.78261313724e-06, 2.65394191956e-06, 2.13296061702e-06, 1.24831944959e-06]
    },
    "melbands128": {
        "mean": [0.000881466141436, 0.00302712782286, 0.00425142236054, 0.00330042210408, 0.00229449989274, 0.00192543747835, 0.00190390716307, 0.00189337693155, 0.000760656665079, 0.000431322871009, 0.000535899947863, 0.000399332551751, 0.000172941116034, 0.000233041195315, 0.000181705167051, 0.000165866091265, 0.000222930451855, 0.00022498719045, 0.00017509573081, 0.000288451614324, 0.000246513955062, 0.000270935212029, 0.000276183040114, 0.000431852240581, 0.000512239930686, 0.000196173903532, 0.00034069197136, 0.000411652348703, 0.000217495660763, 0.000225913347094, 0.000124865662656, 0.00020500033861, 0.00027906690957, 0.000187357320101, 6.44248066237e-05, 9.11382667255e-05, 0.000118726435176, 8.96487690625e-05, 0.000157251241035, 8.37973639136e-05, 3.37190613209e-05, 5.70775700908e-05, 7.77922105044e-05, 9.42453334574e-05, 7.88088364061e-05, 4.85980017402e-05, 4.40712065028e-05, 2.30741261475e-05, 3.95972456317e-05, 5.85759626119e-05, 3.44500112988e-05, 2.52631234616e-05, 2.40890021814e-05, 3.34893047693e-05, 3.24840548274e-05, 1.97863537323e-05, 1.72255222424e-05, 2.36510477407e-05, 1.767584763e-05, 1.41250857268e-05, 1.54394783749e-05, 1.49359138959e-05, 1.19179621834e-05, 1.10673627205e-05, 1.25775313791e-05, 1.32351269713e-05, 1.49625284394e-05, 1.65329256561e-05, 1.6118550775e-05, 1.80730876309e-05, 1.30874241222e-05, 1.20458507809e-05, 1.19871292554e-05, 1.0220041986e-05, 8.4065950432e-06, 5.76648290007e-06, 5.40991504749e-06, 5.87524027651e-06, 4.98726240039e-06, 4.75671185995e-06, 4.30736281487e-06, 4.33112154496e-06, 4.18761692345e-06, 3.37367964676e-06, 3.20280696542e-06, 2.8052752441e-06, 2.86965951091e-06, 3.49572133018e-06, 3.01540239889e-06, 2.52301538239e-06, 2.47676734944e-06, 2.67374025498e-06, 2.5281553917e-06, 2.88121236736e-06, 2.86336012323e-06, 2.68466897069e-06, 2.61162062998e-06, 2.60846081801e-06, 2.31967760556e-06, 1.81357358997e-06, 1.46720321936e-06, 1.10675557607e-06, 1.05214871837e-06, 9.67128926277e-07, 1.04838250081e-06, 9.45105796291e-07, 9.61483124229e-07, 6.80886842019e-07, 6.54827658764e-07, 5.5212802863e-07, 5.22167852068e-07, 3.38636624519e-07, 2.80252862694e-07, 2.36597472281e-07, 1.90495939023e-07, 1.64907902445e-07, 1.29686185346e-07, 9.89225625858e-08, 8.17629839389e-08, 6.63696511083e-08, 5.47889733582e-08, 4.02626589846e-08, 3.95979107282e-08, 2.67517599184e-08, 1.9370615334e-08, 9.44055855712e-09, 9.21510368013e-10, 1.43837511346e-11]
    },
    "mfcc": {
        "mean": [-619.169250488, 112.3384552, -2.27573275566, 22.0409412384, -2.35546445847, 8.42831897736, 9.26811027527, 7.5144162178, 7.04691743851, 8.26623916626, -1.48911333084, 2.51638436317, 0.329777300358],
        "cov": [[10133.3466797, -87.8580093384, -510.52545166, -310.143249512, -192.105422974, 83.7501983643, -33.1729850769, -38.4619636536, 30.7122344971, 177.017471313, -36.6470489502, 48.540309906, -58.8312835693], [-87.8580093384, 1593.58056641, -296.513946533, 77.4824676514, -116.521339417, -19.3685245514, 36.9391098022, -44.7859077454, 58.6669273376, 49.468421936, 34.6592597961, 20.6488552094, 66.9915237427], [-510.52545166, -296.513946533, 856.049804688, 110.780952454, 221.778656006, 121.23500824, 18.9720954895, 41.5836410522, 27.5154953003, -16.9836349487, 16.7184963226, 17.7110691071, -19.5633068085], [-310.143249512, 77.4824676514, 110.780952454, 303.977264404, 69.1444320679, 82.4373779297, 6.54199934006, 35.5266036987, 29.2174530029, -12.3876886368, -3.62097859383, 7.86375379562, 14.5137443542], [-192.105422974, -116.521339417, 221.778656006, 69.1444320679, 187.662963867, 76.5503311157, 27.8707523346, 24.7108974457, 14.4265813828, 10.9266757965, 16.4193115234, 6.53140497208, -12.270067215], [83.7501983643, -19.3685245514, 121.23500824, 82.4373779297, 76.5503311157, 187.221496582, 71.5189056396, 51.4660987854, 11.7268753052, 6.45139312744, 14.3907413483, 4.61759567261, 1.39659285545], [-33.1729850769, 36.9391098022, 18.9720954895, 6.54199934006, 27.8707523346, 71.5189056396, 129.180664062, 49.6533660889, 11.2618999481, 13.6442775726, 24.5114364624, 19.1681137085, 13.134431839], [-38.4619636536, -44.7859077454, 41.5836410522, 35.5266036987, 24.7108974457, 51.4660987854, 49.6533660889, 104.232383728, 28.3053283691, 17.6885700226, 5.19752883911, 12.3372354507, 1.68853390217], [30.7122344971, 58.6669273376, 27.5154953003, 29.2174530029, 14.4265813828, 11.7268753052, 11.2618999481, 28.3053283691, 95.3903961182, 32.9103546143, 9.1877822876, 13.2005701065, 13.0058259964], [177.017471313, 49.468421936, -16.9836349487, -12.3876886368, 10.9266757965, 6.45139312744, 13.6442775726, 17.6885700226, 32.9103546143, 89.8771362305, 35.9350128174, 20.8909168243, -6.9321308136], [-36.6470489502, 34.6592597961, 16.7184963226, -3.62097859383, 16.4193115234, 14.3907413483, 24.5114364624, 5.19752883911, 9.1877822876, 35.9350128174, 67.7027816772, 27.678976059, 2.32221984863], [48.540309906, 20.6488552094, 17.7110691071, 7.86375379562, 6.53140497208, 4.61759567261, 19.1681137085, 12.3372354507, 13.2005701065, 20.8909168243, 27.678976059, 81.2332077026, 31.4105701447], [-58.8312835693, 66.9915237427, -19.5633068085, 14.5137443542, -12.270067215, 1.39659285545, 13.134431839, 1.68853390217, 13.0058259964, -6.9321308136, 2.32221984863, 31.4105701447, 75.0687637329]],
        "icov": [[0.000117910276458, 2.01905695576e-05, 6.08944174019e-05, 0.000117557159683, 0.0001054605018, -0.00025147467386, 8.02016584203e-05, 0.000117849653179, -5.44088688912e-05, -0.00027654771111, 0.000262024346739, -0.000190099744941, 0.000128087456687], [2.01905695576e-05, 0.000799524772447, 0.000196461565793, -0.000381203746656, 0.000456389825558, -4.41361080448e-05, -0.000432407367043, 0.000716790324077, -0.000448514678283, -0.000446930265753, -0.000228875185712, 0.000186147604836, -0.000472195330076], [6.08944174019e-05, 0.000196461565793, 0.00187645212281, -2.39164146478e-05, -0.00176381960046, -0.000625243410468, 0.00048598847934, -3.17231315421e-05, -0.000613832729869, 0.000824195507448, -0.000258780957665, -0.000626652559731, 0.000457722548163], [0.000117557159683, -0.000381203746656, -2.39164146478e-05, 0.00456916959956, -0.00110824557487, -0.00196417351253, 0.00166439195164, -0.00110717164353, -0.00095283635892, 0.00111325434409, 0.000466423982289, -0.00058094173437, -0.000371691276086], [0.0001054605018, 0.000456389825558, -0.00176381960046, -0.00110824557487, 0.00925776269287, -0.00196147407405, -0.00083340407582, 0.000852419587318, -0.000335075397743, -0.00154044642113, -0.000558250350878, -1.66015815921e-05, 0.00104631634895], [-0.00025147467386, -4.41361080448e-05, -0.000625243410468, -0.00196417351253, -0.00196147407405, 0.00960199534893, -0.00414444273338, -0.00192841992248, 0.000881364569068, 0.000320660154102, -0.000923085783143, 0.00163333618548, -0.000449574086815], [8.02016584203e-05, -0.000432407367043, 0.00048598847934, 0.00166439195164, -0.00083340407582, -0.00414444273338, 0.0127549832687, -0.0047427569516, 0.000406093487982, 0.000985344522633, -0.00309782428667, -0.000899923034012, -0.00143751024734], [0.000117849653179, 0.000716790324077, -3.17231315421e-05, -0.00110717164353, 0.000852419587318, -0.00192841992248, -0.0047427569516, 0.0146374776959, -0.00320390984416, -0.00238749827258, 0.0026938947849, -0.00144482066389, 0.00119009334594], [-5.44088688912e-05, -0.000448514678283, -0.000613832729869, -0.00095283635892, -0.000335075397743, 0.000881364569068, 0.000406093487982, -0.00320390984416, 0.0141337309033, -0.00529958913103, 0.00105632923078, 0.00056620221585, -0.00289595662616], [-0.00027654771111, -0.000446930265753, 0.000824195507448, 0.00111325434409, -0.00154044642113, 0.000320660154102, 0.000985344522633, -0.00238749827258, -0.00529958913103, 0.0188287422061, -0.0083833085373, -0.0023260768503, 0.003694715444], [0.000262024346739, -0.000228875185712, -0.000258780957665, 0.000466423982289, -0.000558250350878, -0.000923085783143, -0.00309782428667, 0.0026938947849, 0.00105632923078, -0.0083833085373, 0.0231421012431, -0.00617623561993, 0.00157056003809], [-0.000190099744941, 0.000186147604836, -0.000626652559731, -0.00058094173437, -1.66015815921e-05, 0.00163333618548, -0.000899923034012, -0.00144482066389, 0.00056620221585, -0.0023260768503, -0.00617623561993, 0.0186687875539, -0.00814253930002], [0.000128087456687, -0.000472195330076, 0.000457722548163, -0.000371691276086, 0.00104631634895, -0.000449574086815, -0.00143751024734, 0.00119009334594, -0.00289595662616, 0.003694715444, 0.00157056003809, -0.00814253930002, 0.0186395309865]]
    },
    "spectral_contrast_coeffs": {
        "mean": [-0.733442604542, -0.764710605145, -0.745668888092, -0.789316534996, -0.803278207779, -0.759172141552]
    },
    "spectral_contrast_valleys": {
        "mean": [-6.57109689713, -6.60209512711, -7.12825727463, -7.42324781418, -7.17737483978, -9.9495267868]
    }
},
"rhythm": {
    "beats_count": 525,
    "beats_loudness": {
        "mean": 0.0536606013775
    },
    "bpm": 130.030181885,
    "bpm_histogram_first_peak_bpm": 129,
    "bpm_histogram_first_peak_weight": 0.262327432632,
    "bpm_histogram_second_peak_bpm": 123,
    "bpm_histogram_second_peak_spread": 0,
    "bpm_histogram_second_peak_weight": 0.0114503819495,
    "danceability": 1.11316597462,
    "onset_rate": 3.4000878334,
    "beats_loudness_band_ratio": {
        "mean": [0.582092761993, 0.0674946382642, 0.136831402779, 0.110732644796, 0.062155470252, 0.0644291192293]
    },
    "beats_position": [0.417959183455, 0.847528338432, 1.27709746361, 1.71827661991, 2.15945577621, 2.60063481331, 3.05342388153, 3.50621318817, 3.95900225639, 4.41179132462, 4.86458063126, 5.31736946106, 5.78176879883, 6.23455762863, 6.6989569664, 7.16335582733, 7.6277551651, 8.09215450287, 8.55655288696, 9.0093421936, 9.47374153137, 9.93814086914, 10.4025392532, 10.866938591, 11.3313379288, 11.7957363129, 12.2485256195, 12.7013149261, 13.1657142639, 13.6301136017, 14.0945119858, 14.5589113235, 15.0233106613, 15.4877090454, 15.9521083832, 16.4048976898, 16.8692970276, 17.3336963654, 17.786485672, 18.2392749786, 18.6920623779, 19.1564617157, 19.6208610535, 20.0852603912, 20.549659729, 21.0024490356, 21.4668483734, 21.9312477112, 22.3840351105, 22.8484344482, 23.312833786, 23.7772331238, 24.2416324615, 24.6944217682, 25.158821106, 25.6232185364, 26.0876178741, 26.5520172119, 27.0164165497, 27.4692058563, 27.9336051941, 28.3980045319, 28.8624038696, 29.3268013, 29.7795906067, 30.2323799133, 30.6967792511, 31.1611785889, 31.6255779266, 32.0783653259, 32.542766571, 33.0071640015, 33.4599533081, 33.9243545532, 34.3887519836, 34.8531494141, 35.3175506592, 35.7703399658, 36.2231292725, 36.6875267029, 37.151927948, 37.6163253784, 38.0807266235, 38.545124054, 39.0095214844, 39.4739227295, 39.9267120361, 40.3911094666, 40.8555107117, 41.3199081421, 41.7726974487, 42.2370948792, 42.7014961243, 43.1542854309, 43.6186828613, 44.0830841064, 44.5358734131, 45.0002708435, 45.4646720886, 45.929069519, 46.3934669495, 46.8578681946, 47.322265625, 47.7866668701, 48.2394561768, 48.7038536072, 49.1682548523, 49.6210403442, 50.0854415894, 50.5498390198, 51.0142402649, 51.4786376953, 51.9430389404, 52.4074363708, 52.871837616, 53.3246231079, 53.7774124146, 54.2418136597, 54.7062110901, 55.1706123352, 55.6350097656, 56.0994110107, 56.5522003174, 57.0049858093, 57.4693870544, 57.9337844849, 58.39818573, 58.8625831604, 59.315372467, 59.7681617737, 60.2325630188, 60.6969604492, 61.1613578796, 61.6257591248, 62.0901565552, 62.5545578003, 63.0073471069, 63.4601364136, 63.924533844, 64.3889312744, 64.8533325195, 65.3177337646, 65.7821273804, 66.2465286255, 66.7109298706, 67.1637191772, 67.6281204224, 68.0925140381, 68.5569152832, 69.0097045898, 69.474105835, 69.9384994507, 70.4029006958, 70.8556900024, 71.3084793091, 71.7728805542, 72.2372741699, 72.701675415, 73.1660766602, 73.6304779053, 74.094871521, 74.5592727661, 75.0236740112, 75.488067627, 75.9408569336, 76.3936462402, 76.8580474854, 77.3224487305, 77.7752380371, 78.2280273438, 78.6924285889, 79.1568222046, 79.6212234497, 80.0856246948, 80.5500183105, 81.0144195557, 81.4788208008, 81.9432220459, 82.4076156616, 82.8604049683, 83.3131942749, 83.77759552, 84.2419967651, 84.7063903809, 85.170791626, 85.6235809326, 86.0763702393, 86.5407714844, 87.0051651001, 87.4695663452, 87.9339675903, 88.3983688354, 88.8627624512, 89.3155517578, 89.7683410645, 90.2327423096, 90.6971435547, 91.1615371704, 91.6259384155, 92.0903396606, 92.5431289673, 93.0075302124, 93.4719238281, 93.9363250732, 94.3891143799, 94.853515625, 95.3179092407, 95.7823104858, 96.2350997925, 96.6995010376, 97.1522903442, 97.61668396, 98.0810852051, 98.5338745117, 98.9982757568, 99.474281311, 99.9386825562, 100.403083801, 100.867477417, 101.320266724, 101.77305603, 102.237457275, 102.701858521, 103.166259766, 103.630653381, 104.095054626, 104.559455872, 105.012245178, 105.465034485, 105.929428101, 106.393829346, 106.858230591, 107.322631836, 107.787025452, 108.239814758, 108.692604065, 109.15700531, 109.621406555, 110.085800171, 110.550201416, 111.014602661, 111.479003906, 111.943397522, 112.396186829, 112.848976135, 113.31337738, 113.777778625, 114.242172241, 114.706573486, 115.170974731, 115.635368347, 116.088157654, 116.54094696, 117.005348206, 117.469749451, 117.934150696, 118.398544312, 118.862945557, 119.327346802, 119.791740417, 120.244529724, 120.708930969, 121.161720276, 121.626121521, 122.090522766, 122.554916382, 123.019317627, 123.483718872, 123.948112488, 124.400901794, 124.853691101, 125.318092346, 125.782493591, 126.246894836, 126.711288452, 127.175689697, 127.628479004, 128.081268311, 128.545669556, 129.010070801, 129.474472046, 129.938858032, 130.391647339, 130.844436646, 131.308837891, 131.773239136, 132.237640381, 132.702041626, 133.166442871, 133.630844116, 134.095230103, 134.559631348, 135.024032593, 135.476821899, 135.929611206, 136.394012451, 136.858413696, 137.322814941, 137.787200928, 138.251602173, 138.716003418, 139.168792725, 139.621582031, 140.085983276, 140.550384521, 141.014785767, 141.467575073, 141.92036438, 142.384765625, 142.849151611, 143.313552856, 143.777954102, 144.242355347, 144.706756592, 145.171157837, 145.635559082, 146.099945068, 146.564346313, 147.028747559, 147.481536865, 147.934326172, 148.398727417, 148.863128662, 149.327529907, 149.780319214, 150.233108521, 150.697509766, 151.161895752, 151.626296997, 152.090698242, 152.555099487, 153.007888794, 153.472290039, 153.925079346, 154.389480591, 154.853881836, 155.318267822, 155.782669067, 156.247070312, 156.711471558, 157.175872803, 157.640274048, 158.093063354, 158.545852661, 159.010253906, 159.463043213, 159.915817261, 160.380218506, 160.844619751, 161.309020996, 161.773422241, 162.237823486, 162.702224731, 163.166610718, 163.631011963, 164.095413208, 164.559814453, 165.01260376, 165.477005005, 165.94140625, 166.394195557, 166.858596802, 167.322982788, 167.787384033, 168.251785278, 168.716186523, 169.16897583, 169.633377075, 170.086166382, 170.550567627, 171.014968872, 171.479354858, 171.943756104, 172.408157349, 172.860946655, 173.3253479, 173.778137207, 174.242538452, 174.706939697, 175.171340942, 175.635726929, 176.088516235, 176.541305542, 177.005706787, 177.470108032, 177.934509277, 178.398910522, 178.851699829, 179.304489136, 179.768890381, 180.233291626, 180.697677612, 181.150466919, 181.603256226, 182.067657471, 182.532058716, 182.996459961, 183.460861206, 183.925262451, 184.389663696, 184.854049683, 185.318450928, 185.782852173, 186.235641479, 186.688430786, 187.152832031, 187.617233276, 188.081634521, 188.546035767, 189.010421753, 189.474822998, 189.939224243, 190.39201355, 190.844802856, 191.309204102, 191.773605347, 192.238006592, 192.702392578, 193.166793823, 193.631195068, 194.095596313, 194.559997559, 195.024398804, 195.47718811, 195.929977417, 196.394378662, 196.858764648, 197.323165894, 197.787567139, 198.251968384, 198.716369629, 199.169158936, 199.621948242, 200.086349487, 200.550750732, 201.015136719, 201.479537964, 201.932327271, 202.396728516, 202.849517822, 203.313919067, 203.778320312, 204.242721558, 204.707122803, 205.171508789, 205.635910034, 206.100311279, 206.553100586, 207.005889893, 207.470291138, 207.934692383, 208.387481689, 208.851882935, 209.304672241, 209.769073486, 210.233459473, 210.697860718, 211.162261963, 211.626663208, 212.091064453, 212.555465698, 213.019866943, 213.47265625, 213.925445557, 214.389831543, 214.854232788, 215.318634033, 215.783035278, 216.247436523, 216.711837769, 217.176239014, 217.640625, 218.093414307, 218.557815552, 219.010604858, 219.475006104, 219.939407349, 220.392196655, 220.844985962, 221.309387207, 221.773788452, 222.238174438, 222.702575684, 223.15536499, 223.631378174, 224.095779419, 224.560180664, 225.012969971, 225.465759277, 225.930160522, 226.394546509, 226.858947754, 227.323348999, 227.787750244, 228.252151489, 228.716552734, 229.180953979, 229.633743286, 230.086532593, 230.550918579, 231.015319824, 231.479721069, 231.944122314, 232.396911621, 232.861312866, 233.325714111, 233.778503418, 234.242904663, 234.707290649, 235.171691895, 235.63609314, 236.100494385, 236.611328125, 237.122177124, 237.633010864, 238.155456543, 238.677902222, 239.200363159, 239.687973022, 240.163986206, 240.651611328, 241.139221191, 241.626846313, 242.114456177, 242.602081299],
    "bpm_histogram": [0, 0, 0, 0, 0, 0, 0, 0, 0, 0, 0, 0, 0, 0, 0, 0, 0, 0, 0, 0, 0, 0, 0, 0, 0, 0, 0, 0, 0, 0, 0, 0, 0, 0, 0, 0, 0, 0, 0, 0, 0, 0, 0, 0, 0, 0, 0, 0, 0, 0, 0, 0, 0, 0, 0, 0, 0, 0, 0, 0, 0, 0, 0, 0, 0, 0, 0, 0, 0, 0, 0, 0, 0, 0, 0, 0, 0, 0, 0, 0, 0, 0, 0, 0, 0, 0, 0, 0, 0, 0, 0, 0, 0, 0, 0, 0, 0, 0, 0, 0, 0, 0, 0, 0, 0, 0, 0, 0, 0, 0, 0, 0, 0, 0, 0, 0.00572519097477, 0, 0.00572519097477, 0, 0, 0, 0, 0, 0.0114503819495, 0, 0, 0.00572519097477, 0, 0, 0.713740468025, 0, 0, 0, 0.248091608286, 0, 0, 0.00572519097477, 0, 0, 0, 0.00381679390557, 0, 0, 0, 0, 0, 0, 0, 0, 0, 0, 0, 0, 0, 0, 0, 0, 0, 0, 0, 0, 0, 0, 0, 0, 0, 0, 0, 0, 0, 0, 0, 0, 0, 0, 0, 0, 0, 0, 0, 0, 0, 0, 0, 0, 0, 0, 0, 0, 0, 0, 0, 0, 0, 0, 0, 0, 0, 0, 0, 0, 0, 0, 0, 0, 0, 0, 0, 0, 0, 0, 0, 0, 0, 0, 0, 0, 0, 0, 0, 0, 0, 0, 0, 0, 0, 0, 0, 0, 0, 0, 0, 0, 0, 0, 0, 0, 0, 0, 0, 0, 0, 0, 0, 0, 0, 0, 0, 0, 0]
},
"tonal": {
    "chords_changes_rate": 0.059362474829,
    "chords_number_rate": 0.00190876121633,
    "chords_strength": {
        "mean": 0.537568628788
    },
    "hpcp_crest": {
        "mean": 14.4581251144
    },
    "hpcp_entropy": {
        "mean": 1.90187549591
    },
    "key_edma": {
        "strength": 0.79385560751,
        "key": "A",
        "scale": "minor"
    },
    "key_krumhansl": {
        "strength": 0.783765614033,
        "key": "A",
        "scale": "minor"
    },
    "key_temperley": {
        "strength": 0.762637495995,
        "key": "A",
        "scale": "minor"
    },
    "tuning_diatonic_strength": 0.572299838066,
    "tuning_equal_tempered_deviation": 0.202010720968,
    "tuning_frequency": 434.193115234,
    "tuning_nontempered_energy_ratio": 0.961034536362,
    "hpcp": {
        "mean": [0.201940372586, 0.207082957029, 0.0949423462152, 0.0573149584234, 0.0535839274526, 0.0662072896957, 0.179083898664, 0.233073532581, 0.143225714564, 0.191560864449, 0.203467771411, 0.0907559022307, 0.070763386786, 0.0615054555237, 0.0485835522413, 0.105958871543, 0.127539426088, 0.0875285938382, 0.0829139202833, 0.088279388845, 0.112042836845, 0.290301501751, 0.355706930161, 0.199363097548, 0.123261705041, 0.0890267342329, 0.057528745383, 0.0723272636533, 0.0849866420031, 0.0905663967133, 0.152496352792, 0.154844552279, 0.0912930592895, 0.0958846583962, 0.093969784677, 0.0957494825125]
    },
    "chords_histogram": [25.4628753662, 20.6337089539, 21.2635993958, 4.69555234909, 0.839854955673, 0.89711779356, 0.400839865208, 8.85665225983, 2.3096010685, 9.92555809021, 0.152700901031, 0, 0, 0, 0, 0, 1.03073108196, 0.17178851366, 0.17178851366, 0, 0.496277928352, 0, 1.31704521179, 1.37430810928],
    "thpcp": [1, 0.560470104218, 0.346526026726, 0.250281125307, 0.161730736494, 0.203333854675, 0.238923206925, 0.254609584808, 0.428713470697, 0.43531498313, 0.256652474403, 0.269560843706, 0.264177560806, 0.269180804491, 0.567715585232, 0.582172989845, 0.266911715269, 0.16112972796, 0.150640666485, 0.186128765345, 0.503459095955, 0.655240356922, 0.402650892735, 0.538535654545, 0.572009563446, 0.255142360926, 0.19893732667, 0.172910481691, 0.136583089828, 0.297882497311, 0.358551979065, 0.246069401503, 0.233096167445, 0.248180121183, 0.314986377954, 0.816125512123],
    "chords_key": "A",
    "chords_scale": "minor"
}
}