{
"metadata": {
    "version": {
        "essentia": "2.1-beta6-dev",
        "essentia_git_sha": "v2.1_beta5-1177-g1d1cc983",
        "extractor": "music 2.0"
    },
    "audio_properties": {
        "analysis": {
            "equal_loudness": 0,
            "length": 194.906661987,
            "sample_rate": 44100,
            "start_time": 0,
            "downmix": "mix"
        },
        "bit_rate": 1411200,
        "length": 194.906661987,
        "lossless": 1,
        "number_channels": 2,
        "replay_gain": -15.1113128662,
        "sample_rate": 44100,
        "codec": "pcm_s16le",
        "md5_encoded": "78d40114060dec5e81bd201df439f4b8"
    },
    "tags": {
        "file_name": "02 - Manchester Orchestra - Choose You.wav",
        "album": ["Cope (Deluxe Version)"],
        "albumartist": ["Manchester Orchestra"],
        "artist": ["Manchester Orchestra"],
        "composer": ["Manchester Orchestra"],
        "copyright": ["℗ 2013 Seven Four Entertainment and Republic Records"],
        "date": ["2012"],
        "discnumber": ["1"],
        "disctotal": ["1"],
        "genre": ["Alternative & Indie"],
        "isrc": ["USUG11301012"],
        "title": ["Choose You"],
        "tracknumber": ["2"],
        "tracktotal": ["13"]
    }
},
"lowlevel": {
    "average_loudness": 0.946678638458,
    "barkbands_crest": {
        "mean": 8.57054424286
    },
    "barkbands_flatness_db": {
        "mean": 0.130891039968
    },
    "barkbands_kurtosis": {
        "mean": 3.32520747185
    },
    "barkbands_skewness": {
        "mean": 1.44616556168
    },
    "barkbands_spread": {
        "mean": 21.841878891
    },
    "dissonance": {
        "mean": 0.473124444485
    },
    "dynamic_complexity": 2.54369044304,
    "erbbands_crest": {
        "mean": 8.00565433502
    },
    "erbbands_flatness_db": {
        "mean": 0.157787874341
    },
    "erbbands_kurtosis": {
        "mean": 0.146364152431
    },
    "erbbands_skewness": {
        "mean": 0.00309208198451
    },
    "erbbands_spread": {
        "mean": 37.3854064941
    },
    "hfc": {
        "mean": 23.0490131378
    },
    "loudness_ebu128": {
        "integrated": -6.6837387085,
        "loudness_range": 4.10723209381,
        "momentary": {
            "mean": -7.79856824875
        },
        "short_term": {
            "mean": -7.06360578537
        }
    },
    "melbands_crest": {
        "mean": 13.0978603363
    },
    "melbands_flatness_db": {
        "mean": 0.200631007552
    },
    "melbands_kurtosis": {
        "mean": 11.0996837616
    },
    "melbands_skewness": {
        "mean": 2.50801205635
    },
    "melbands_spread": {
        "mean": 23.6907215118
    },
    "pitch_salience": {
        "mean": 0.562359511852
    },
    "silence_rate_20dB": {
        "mean": 1
    },
    "silence_rate_30dB": {
        "mean": 1
    },
    "silence_rate_60dB": {
        "mean": 0.0339487791061
    },
    "spectral_centroid": {
        "mean": 1289.27868652
    },
    "spectral_complexity": {
        "mean": 25.6298980713
    },
    "spectral_decrease": {
        "mean": -8.01415822593e-09
    },
    "spectral_energy": {
        "mean": 0.0323379039764
    },
    "spectral_energyband_high": {
        "mean": 0.000473949039588
    },
    "spectral_energyband_low": {
        "mean": 0.0113747473806
    },
    "spectral_energyband_middle_high": {
        "mean": 0.00739102996886
    },
    "spectral_energyband_middle_low": {
        "mean": 0.0147299403325
    },
    "spectral_entropy": {
        "mean": 7.52517843246
    },
    "spectral_flux": {
        "mean": 0.0835304483771
    },
    "spectral_kurtosis": {
        "mean": 5.60839605331
    },
    "spectral_rms": {
        "mean": 0.00541754299775
    },
    "spectral_rolloff": {
        "mean": 1312.07556152
    },
    "spectral_skewness": {
        "mean": 1.58177614212
    },
    "spectral_spread": {
        "mean": 3694912.5
    },
    "spectral_strongpeak": {
        "mean": 0.990696310997
    },
    "zerocrossingrate": {
        "mean": 0.0522024706006
    },
    "barkbands": {
        "mean": [3.22035957652e-05, 0.00373247056268, 0.00605098064989, 0.00273939990439, 0.00437695719302, 0.00223767245188, 0.00133953196928, 0.00187978520989, 0.00201829895377, 0.000677463773172, 0.000766011013184, 0.0010485406965, 0.000450036168331, 0.000564167683478, 0.000792122271378, 0.00102973065805, 0.000984093057923, 0.000603050226346, 0.000410554348491, 0.000218509827391, 0.000125818885863, 9.72088819253e-05, 6.06699104537e-05, 5.68826217204e-05, 2.71874778264e-05, 1.18016869237e-05, 5.91952357354e-06]
    },
    "erbbands": {
        "mean": [0.0518064945936, 1.08439779282, 5.97091150284, 9.14480686188, 10.7490100861, 14.9634552002, 18.7247161865, 19.3103065491, 17.1942615509, 24.9028739929, 54.0038414001, 39.4198532104, 23.7768535614, 32.5161705017, 27.0159130096, 37.0914497375, 24.4324607849, 28.7498970032, 39.2076683044, 40.9546661377, 57.0469207764, 58.747833252, 36.3087272644, 24.6111087799, 18.540643692, 9.70638179779, 5.93029737473, 4.52507972717, 3.54767727852, 2.43937683105, 1.80695021152, 1.3690829277, 0.816772997379, 0.385343492031, 0.153910189867, 0.0609394796193, 0.0195810329169, 0.00536644784734, 0.000959577097092, 9.84008947853e-05]
    },
    "gfcc": {
        "mean": [13.0244092941, 107.468986511, -123.945007324, 32.6178741455, -45.8792381287, -0.391021311283, -37.7554931641, 5.51432466507, -21.8570785522, -8.36932277679, -17.5704250336, -5.31914520264, -14.6093130112],
        "cov": [[9252.72558594, -399.014434814, -355.378936768, 49.3006477356, -500.276916504, 644.913513184, -46.3438720703, 150.329666138, -40.0833206177, -24.1001300812, -190.112503052, 66.1590270996, -128.055160522], [-399.014434814, 891.739135742, -250.719329834, 0.242362543941, 107.436386108, -72.2968139648, 101.866401672, -56.6651878357, 53.6042137146, -31.4053001404, 91.6040496826, -80.5285949707, 51.9677314758], [-355.378936768, -250.719329834, 661.105957031, 27.9911556244, 81.4920425415, 62.6739768982, 22.8522491455, 9.73072242737, -37.6475296021, 22.9923439026, -21.8539524078, 64.5316619873, -21.1769886017], [49.3006477356, 0.242362543941, 27.9911556244, 240.93157959, -2.88323307037, 11.8901491165, -15.0928354263, 32.1063346863, 39.5829811096, -6.83557415009, 2.28147244453, -1.28014838696, 37.9238853455], [-500.276916504, 107.436386108, 81.4920425415, -2.88323307037, 275.294494629, 8.88053894043, 19.8513031006, 16.555929184, 31.8257350922, -12.2314605713, 10.0685567856, 32.4767570496, 24.12449646], [644.913513184, -72.2968139648, 62.6739768982, 11.8901491165, 8.88053894043, 249.720504761, 47.0707931519, 47.065788269, -3.34048938751, -15.677485466, -6.10164785385, 30.2526187897, -16.4770374298], [-46.3438720703, 101.866401672, 22.8522491455, -15.0928354263, 19.8513031006, 47.0707931519, 149.482223511, 22.1324882507, 3.88964509964, 20.8934612274, 29.0918273926, -1.87048447132, -13.9654159546], [150.329666138, -56.6651878357, 9.73072242737, 32.1063346863, 16.555929184, 47.065788269, 22.1324882507, 114.123451233, 34.6440238953, 1.64786481857, -3.18091440201, 13.5649433136, -0.947106838226], [-40.0833206177, 53.6042137146, -37.6475296021, 39.5829811096, 31.8257350922, -3.34048938751, 3.88964509964, 34.6440238953, 82.1020202637, 15.6998100281, 2.65482854843, -1.47498500347, 17.7307605743], [-24.1001300812, -31.4053001404, 22.9923439026, -6.83557415009, -12.2314605713, -15.677485466, 20.8934612274, 1.64786481857, 15.6998100281, 84.0462341309, 18.5708236694, 4.5085568428, 2.48514962196], [-190.112503052, 91.6040496826, -21.8539524078, 2.28147244453, 10.0685567856, -6.10164785385, 29.0918273926, -3.18091440201, 2.65482854843, 18.5708236694, 69.2655944824, 12.8937072754, 7.38273382187], [66.1590270996, -80.5285949707, 64.5316619873, -1.28014838696, 32.4767570496, 30.2526187897, -1.87048447132, 13.5649433136, -1.47498500347, 4.5085568428, 12.8937072754, 78.1101913452, 20.2921829224], [-128.055160522, 51.9677314758, -21.1769886017, 37.9238853455, 24.12449646, -16.4770374298, -13.9654159546, -0.947106838226, 17.7307605743, 2.48514962196, 7.38273382187, 20.2921829224, 61.943145752]],
        "icov": [[0.000191738174181, -0.000169799604919, 0.000170869345311, -0.000131348686409, 0.000340394675732, -0.000489778758492, 0.000201077971724, -0.0001386362419, 0.000152035805513, -0.000335351913236, 0.000772458850406, -0.000651731912512, 0.000549402029719], [-0.000169799604919, 0.00278725242242, 0.000268769072136, 0.000527765136212, -0.00119189638644, 0.000597484933678, -0.00198121578433, 0.00161395559553, -0.00171204085927, 0.00243135401979, -0.00395311042666, 0.00404680892825, -0.00318155670539], [0.000170869345311, 0.000268769072136, 0.00228306115605, -0.000858940824401, -0.000616041885223, -0.000524293165654, -0.000404156249715, 0.000247195712291, 0.00129977043252, -0.00116289022844, 0.0015407812316, -0.00193214963656, 0.00157120404765], [-0.000131348686409, 0.000527765136212, -0.000858940824401, 0.00565253105015, 0.000429126725066, -9.1642687039e-05, 0.000233071041293, -0.000834953389131, -0.00257705058903, 0.00179658923298, -0.00214541028254, 0.00287250522524, -0.00464010657743], [0.000340394675732, -0.00119189638644, -0.000616041885223, 0.000429126725066, 0.00546865724027, -0.000727390754037, 0.000263803813141, -0.000701255805325, -0.0016956764739, 0.000551394827198, 0.00180114468094, -0.0033004085999, 0.000285519170575], [-0.000489778758492, 0.000597484933678, -0.000524293165654, -9.1642687039e-05, -0.000727390754037, 0.00642080465332, -0.00233576539904, -0.00102815683931, -0.000155669898959, 0.00223063235171, -0.0011896219803, -0.000558459491003, 9.17881552596e-05], [0.000201077971724, -0.00198121578433, -0.000404156249715, 0.000233071041293, 0.000263803813141, -0.00233576539904, 0.0102297374979, -0.00262308237143, 0.00146621069871, -0.00356556195766, -0.000927548797335, -0.000893434276804, 0.00346575328149], [-0.0001386362419, 0.00161395559553, 0.000247195712291, -0.000834953389131, -0.000701255805325, -0.00102815683931, -0.00262308237143, 0.0128122968599, -0.0060779643245, 0.00188702414744, -0.000986924394965, -0.00020107688033, 0.000406749895774], [0.000152035805513, -0.00171204085927, 0.00129977043252, -0.00257705058903, -0.0016956764739, -0.000155669898959, 0.00146621069871, -0.0060779643245, 0.0195813495666, -0.006074372679, 0.00363745586947, -0.000799225061201, -0.000903633132111], [-0.000335351913236, 0.00243135401979, -0.00116289022844, 0.00179658923298, 0.000551394827198, 0.00223063235171, -0.00356556195766, 0.00188702414744, -0.006074372679, 0.0172377247363, -0.00747564202175, 0.00338555919006, -0.00379792950116], [0.000772458850406, -0.00395311042666, 0.0015407812316, -0.00214541028254, 0.00180114468094, -0.0011896219803, -0.000927548797335, -0.000986924394965, 0.00363745586947, -0.00747564202175, 0.0257161781192, -0.0113287707791, 0.00541649060324], [-0.000651731912512, 0.00404680892825, -0.00193214963656, 0.00287250522524, -0.0033004085999, -0.000558459491003, -0.000893434276804, -0.00020107688033, -0.000799225061201, 0.00338555919006, -0.0113287707791, 0.02587717399, -0.0132633438334], [0.000549402029719, -0.00318155670539, 0.00157120404765, -0.00464010657743, 0.000285519170575, 9.17881552596e-05, 0.00346575328149, 0.000406749895774, -0.000903633132111, -0.00379792950116, 0.00541649060324, -0.0132633438334, 0.0281380750239]]
    },
    "melbands": {
        "mean": [0.000742639298551, 0.00257276766934, 0.00163121416699, 0.000877075537574, 0.000687869556714, 0.000420308235334, 0.000276854611002, 0.000297759805107, 0.000468274287414, 0.000238166016061, 0.000114968919661, 0.000129403662868, 9.06188361114e-05, 0.000104070473753, 8.40097345645e-05, 4.74320222565e-05, 5.29769458808e-05, 5.97767793806e-05, 5.78576473345e-05, 6.90353699611e-05, 6.11034411122e-05, 6.6345462983e-05, 3.83326514566e-05, 2.59504377027e-05, 1.93212781596e-05, 1.55789239216e-05, 1.02199992398e-05, 5.49941705685e-06, 3.87170166505e-06, 2.93609150503e-06, 2.48534456659e-06, 2.00477984436e-06, 1.83393365205e-06, 1.12980842459e-06, 1.04427761016e-06, 9.3177521876e-07, 8.00638304099e-07, 5.98455585532e-07, 4.44256926357e-07, 2.83892916286e-07]
    },
    "melbands128": {
        "mean": [2.95905647363e-05, 0.000242659021751, 0.00084415654419, 0.0020457257051, 0.00292103854008, 0.00298459804617, 0.00192102091387, 0.00125871296041, 0.00112489983439, 0.000718249415513, 0.000875385885593, 0.000834824808408, 0.000679800636135, 0.000437135255197, 0.000455696223071, 0.000418630981585, 0.000241349975113, 0.000240092849708, 0.000349827576429, 0.000205803968129, 0.000328356662067, 0.000421588076279, 0.000549690157641, 0.000483599113068, 0.000168751037563, 0.000225330964895, 0.000135461072205, 8.14221566543e-05, 0.000128654995933, 8.68308925419e-05, 0.000171373700141, 0.000137202529004, 5.56711893296e-05, 6.81116071064e-05, 0.000137043360155, 8.86675261427e-05, 9.1066242021e-05, 0.000132034270791, 3.32773270202e-05, 4.36740228906e-05, 5.52679193788e-05, 4.32109554822e-05, 6.11004943494e-05, 4.87177676405e-05, 4.98694025737e-05, 7.35274370527e-05, 5.15585234098e-05, 8.31656652736e-05, 4.38108763774e-05, 2.9119752071e-05, 9.33233532123e-05, 7.68594618421e-05, 7.95970117906e-05, 3.47880741174e-05, 6.26854744041e-05, 8.50331853144e-05, 5.70777265239e-05, 3.20793587889e-05, 3.81181198463e-05, 3.84377781302e-05, 2.01880211534e-05, 2.14836909436e-05, 2.22643411689e-05, 1.71391293406e-05, 1.78894370038e-05, 1.70827897819e-05, 1.24705184135e-05, 1.28523361127e-05, 9.76244427875e-06, 6.7626128839e-06, 5.61108390684e-06, 4.72774991067e-06, 4.41126803707e-06, 3.63496815226e-06, 3.40924248121e-06, 2.94356414088e-06, 2.7230591968e-06, 2.7931509976e-06, 2.56090356743e-06, 2.04859998121e-06, 2.0461168333e-06, 1.88361173059e-06, 2.04580737773e-06, 1.85569956557e-06, 1.81913048891e-06, 1.05148421881e-06, 9.69783400251e-07, 1.01220416582e-06, 1.03380875771e-06, 1.11639860734e-06, 9.56194526225e-07, 8.77556942669e-07, 8.9784003876e-07, 8.36236495161e-07, 7.18839999081e-07, 6.52459277717e-07, 5.65511413697e-07, 5.30212616923e-07, 4.79284665289e-07, 3.82797679777e-07, 3.25714012206e-07, 2.69896503369e-07, 2.32292094893e-07, 2.02260892479e-07, 1.66415532021e-07, 1.42573995277e-07, 1.29342311084e-07, 1.176472324e-07, 1.01888183224e-07, 9.06559449732e-08, 8.407989327e-08, 6.5707332908e-08, 5.83254475828e-08, 5.2375927595e-08, 4.65826772711e-08, 3.90364434111e-08, 3.80567755087e-08, 4.27532214076e-08, 4.41592327149e-08, 2.82894330184e-08, 2.58041676915e-08, 2.03836574286e-08, 1.70978253777e-08, 1.47820902185e-08, 1.42138247838e-08, 1.4228331402e-08, 1.46462175721e-08, 1.16478107159e-08]
    },
    "mfcc": {
        "mean": [-627.037231445, 136.870986938, -14.6357307434, 31.8699970245, 8.49319267273, -0.967989206314, -4.09430885315, 6.47857761383, -2.90609169006, -0.757417619228, -3.21264529228, -2.5296292305, -4.28872156143],
        "cov": [[8146.06054688, -399.160949707, -56.3502082825, -346.126037598, -262.818817139, 112.323379517, -49.5864295959, 225.478179932, 137.074554443, 86.8796920776, -66.501121521, 29.2370758057, -20.5990333557], [-399.160949707, 833.786865234, -191.590881348, 67.0498580933, 23.1481323242, 24.3858585358, 50.4144935608, -8.11347007751, -24.4565029144, 15.4930553436, 33.7885093689, -3.27194976807, -1.41331148148], [-56.3502082825, -191.590881348, 441.794281006, 25.757692337, 15.2792196274, 54.3945388794, 40.7023620605, 22.6049404144, 0.540249884129, -3.50780916214, 1.30716991425, 12.0339832306, -4.6300535202], [-346.126037598, 67.0498580933, 25.757692337, 225.874710083, 49.5022888184, -28.4415798187, -19.4010314941, -23.7123088837, 20.7101745605, 3.9406182766, 7.41125679016, -6.1174325943, 18.0000934601], [-262.818817139, 23.1481323242, 15.2792196274, 49.5022888184, 223.655654907, 28.4578590393, -18.8065757751, 59.5011444092, 16.6284561157, -2.62669658661, 0.925273060799, -31.7153091431, -9.79164791107], [112.323379517, 24.3858585358, 54.3945388794, -28.4415798187, 28.4578590393, 130.65914917, 51.1443977356, 35.0018119812, 13.8693790436, 5.74661111832, 4.55664253235, 14.2342624664, -10.5871591568], [-49.5864295959, 50.4144935608, 40.7023620605, -19.4010314941, -18.8065757751, 51.1443977356, 118.500480652, 41.4977035522, -0.226765796542, 14.3461904526, 15.7767248154, 25.3199100494, 6.50542020798], [225.478179932, -8.11347007751, 22.6049404144, -23.7123088837, 59.5011444092, 35.0018119812, 41.4977035522, 148.225708008, 28.2896575928, 11.324883461, 7.48916864395, 5.50486707687, -1.56521081924], [137.074554443, -24.4565029144, 0.540249884129, 20.7101745605, 16.6284561157, 13.8693790436, -0.226765796542, 28.2896575928, 78.9159927368, 35.5292930603, 0.583469688892, 4.50846624374, 14.2444992065], [86.8796920776, 15.4930553436, -3.50780916214, 3.9406182766, -2.62669658661, 5.74661111832, 14.3461904526, 11.324883461, 35.5292930603, 70.9937896729, 21.5080986023, 7.57057332993, 11.3123626709], [-66.501121521, 33.7885093689, 1.30716991425, 7.41125679016, 0.925273060799, 4.55664253235, 15.7767248154, 7.48916864395, 0.583469688892, 21.5080986023, 55.8686676025, 19.1547279358, 5.30439281464], [29.2370758057, -3.27194976807, 12.0339832306, -6.1174325943, -31.7153091431, 14.2342624664, 25.3199100494, 5.50486707687, 4.50846624374, 7.57057332993, 19.1547279358, 67.3769454956, 25.4227695465], [-20.5990333557, -1.41331148148, -4.6300535202, 18.0000934601, -9.79164791107, -10.5871591568, 6.50542020798, -1.56521081924, 14.2444992065, 11.3123626709, 5.30439281464, 25.4227695465, 58.3052024841]],
        "icov": [[0.000161432413734, 4.11082000937e-05, 3.32493145834e-05, 0.000130594489747, 0.000313099648338, -0.000211470978684, 0.000325171364238, -0.000365809799405, -0.000119367447041, -0.000195122338482, 0.000191695842659, -1.5786916947e-06, 3.87023937947e-05], [4.11082000937e-05, 0.00160158879589, 0.000877576414496, -0.000697905546986, -2.95207137242e-05, -0.000641576945782, -0.00077801651787, 4.28645471402e-05, 0.000869473384228, -0.000432719476521, -0.000558124214876, 0.000375465402612, 6.35931719444e-05], [3.32493145834e-05, 0.000877576414496, 0.00294962059706, -0.000893251504749, 2.27075033763e-05, -0.00125838082749, -0.000887915899511, -0.000176734101842, 0.0007058090996, -0.000110564476927, -2.51599794865e-05, -9.85478982329e-05, 0.000306931062369], [0.000130594489747, -0.000697905546986, -0.000893251504749, 0.00600807322189, -0.0014390067663, 0.00168908841442, 0.000195880580577, 0.00145131722093, -0.00272473529913, 0.000968073029071, -0.000851566204801, 0.000214010418858, -0.00135237642098], [0.000313099648338, -2.95207137242e-05, 2.27075033763e-05, -0.0014390067663, 0.00724537670612, -0.00266962917522, 0.00298541272059, -0.00393292726949, 2.48701962846e-05, 0.000175439883606, -0.000788988196291, 0.00331839220598, -0.000565955240745], [-0.000211470978684, -0.000641576945782, -0.00125838082749, 0.00168908841442, -0.00266962917522, 0.0118871061131, -0.00477379420772, 0.000974738853984, -0.00312682450749, 0.00118758727331, 0.000500151247252, -0.00293607544154, 0.00332551216707], [0.000325171364238, -0.00077801651787, -0.000887915899511, 0.000195880580577, 0.00298541272059, -0.00477379420772, 0.0142570920289, -0.00465800100937, 0.00264340243302, -0.00269218487665, -0.000457551243016, -0.00177241291385, -0.00142523413524], [-0.000365809799405, 4.28645471402e-05, -0.000176734101842, 0.00145131722093, -0.00393292726949, 0.000974738853984, -0.00465800100937, 0.0109183704481, -0.00378091610037, 0.00152518763207, -0.00117486657109, -0.0007633715868, 0.000806575582828], [-0.000119367447041, 0.000869473384228, 0.0007058090996, -0.00272473529913, 2.48701962846e-05, -0.00312682450749, 0.00264340243302, -0.00378091610037, 0.021240727976, -0.0108245303854, 0.00409001996741, -0.000385122140869, -0.00337720033713], [-0.000195122338482, -0.000432719476521, -0.000110564476927, 0.000968073029071, 0.000175439883606, 0.00118758727331, -0.00269218487665, 0.00152518763207, -0.0108245303854, 0.0227139536291, -0.00887475721538, 0.00223869597539, -0.00173180561978], [0.000191695842659, -0.000558124214876, -2.51599794865e-05, -0.000851566204801, -0.000788988196291, 0.000500151247252, -0.000457551243016, -0.00117486657109, 0.00409001996741, -0.00887475721538, 0.0245608668774, -0.00741046713665, 0.00201229657978], [-1.5786916947e-06, 0.000375465402612, -9.85478982329e-05, 0.000214010418858, 0.00331839220598, -0.00293607544154, -0.00177241291385, -0.0007633715868, -0.000385122140869, 0.00223869597539, -0.00741046713665, 0.0233545526862, -0.00971329398453], [3.87023937947e-05, 6.35931719444e-05, 0.000306931062369, -0.00135237642098, -0.000565955240745, 0.00332551216707, -0.00142523413524, 0.000806575582828, -0.00337720033713, -0.00173180561978, 0.00201229657978, -0.00971329398453, 0.0235109999776]]
    },
    "spectral_contrast_coeffs": {
        "mean": [-0.690100371838, -0.766155481339, -0.7829246521, -0.796882510185, -0.779209375381, -0.761374354362]
    },
    "spectral_contrast_valleys": {
        "mean": [-6.32647848129, -6.36046028137, -7.05458402634, -7.2181520462, -7.27683973312, -10.4427680969]
    }
},
"rhythm": {
    "beats_count": 498,
    "beats_loudness": {
        "mean": 0.0349165759981
    },
    "bpm": 155.547668457,
    "bpm_histogram_first_peak_bpm": 157,
    "bpm_histogram_first_peak_weight": 0.254480302334,
    "bpm_histogram_second_peak_bpm": 148,
    "bpm_histogram_second_peak_spread": 0.38916260004,
    "bpm_histogram_second_peak_weight": 0.249496981502,
    "danceability": 1.0023111105,
    "onset_rate": 2.46768021584,
    "beats_loudness_band_ratio": {
        "mean": [0.459086120129, 0.205649852753, 0.150878891349, 0.0877627953887, 0.10609600693, 0.0298965722322]
    },
    "beats_position": [0.383129239082, 0.777868449688, 1.17260766029, 1.5673469305, 1.9620860815, 2.35682535172, 2.76317453384, 3.15791368484, 3.55265307426, 3.94739222527, 4.34213161469, 4.73687076569, 5.13160991669, 5.52634906769, 5.92108821869, 6.30421733856, 6.68734693527, 7.05886602402, 7.44199514389, 7.8251247406, 8.20825386047, 8.59138298035, 8.97451210022, 9.35764122009, 9.72916126251, 10.1006803513, 10.4838094711, 10.866938591, 11.2500677109, 11.6331968307, 12.0163259506, 12.3994560242, 12.7709751129, 13.1424942017, 13.5140132904, 13.8971424103, 14.2802715302, 14.6517915726, 15.0233106613, 15.4180498123, 15.8011789322, 16.1843090057, 16.5558280945, 16.9389572144, 17.3220863342, 17.7052154541, 18.088344574, 18.4714736938, 18.8546028137, 19.2261219025, 19.6092510223, 19.9923801422, 20.3755092621, 20.7470283508, 21.1301574707, 21.5016784668, 21.8731975555, 22.2447166443, 22.616235733, 22.9993648529, 23.3824939728, 23.7656230927, 24.1487522125, 24.5318813324, 24.9150104523, 25.286529541, 25.6580486298, 26.0411777496, 26.4243087769, 26.8074378967, 27.1905670166, 27.5736961365, 27.9568252563, 28.3283443451, 28.6998634338, 29.0829925537, 29.4661216736, 29.8376407623, 30.2091598511, 30.5922889709, 30.9754180908, 31.3469390869, 31.7184581757, 32.0899772644, 32.4847145081, 32.8562355042, 33.239364624, 33.6224937439, 34.0056228638, 34.3771438599, 34.7602729797, 35.1317901611, 35.514919281, 35.8980484009, 36.2811775208, 36.6526985168, 37.0358276367, 37.4073448181, 37.790473938, 38.1619949341, 38.545124054, 38.91664505, 39.2881622314, 39.6712913513, 40.0544204712, 40.4259414673, 40.8090705872, 41.192199707, 41.5753288269, 41.9468460083, 42.3183670044, 42.7014961243, 43.0846252441, 43.467754364, 43.8392753601, 44.22240448, 44.6055335999, 44.9886627197, 45.3717918396, 45.743309021, 46.1264381409, 46.497959137, 46.8810882568, 47.2642173767, 47.6473464966, 48.0304756165, 48.4136047363, 48.7967338562, 49.1798629761, 49.5513839722, 49.9229011536, 50.3060302734, 50.6891593933, 51.0722885132, 51.4554176331, 51.8385467529, 52.2216758728, 52.5931968689, 52.9647140503, 53.3362350464, 53.73097229, 54.1257133484, 54.5204544067, 54.9151916504, 55.333152771, 55.7395019531, 56.1458511353, 56.5522003174, 56.9585494995, 57.3532867432, 57.7596359253, 58.1659851074, 58.5723342896, 58.9786834717, 59.3850326538, 59.7913818359, 60.1977310181, 60.6040802002, 61.0104293823, 61.4167785645, 61.8231277466, 62.2294769287, 62.6358261108, 63.042175293, 63.4485244751, 63.8548736572, 64.2612228394, 64.6675720215, 65.0855331421, 65.4802703857, 65.8750076294, 66.2813568115, 66.6761016846, 67.0708389282, 67.4539642334, 67.837097168, 68.2202224731, 68.6033554077, 68.9864807129, 69.358001709, 69.7411346436, 70.1242599487, 70.4957809448, 70.8789138794, 71.2620391846, 71.6451721191, 72.0282974243, 72.4114303589, 72.7945556641, 73.1660766602, 73.5375976562, 73.9207229614, 74.303855896, 74.6753692627, 75.0585021973, 75.4416275024, 75.824760437, 76.2078933716, 76.5794067383, 76.9509277344, 77.3340606689, 77.7171859741, 78.0887069702, 78.4718322754, 78.85496521, 79.2264862061, 79.6096115112, 79.9927444458, 80.3642578125, 80.7357788086, 81.1072998047, 81.4904327393, 81.8735580444, 82.2450790405, 82.6282043457, 83.0113372803, 83.3944625854, 83.77759552, 84.1491165161, 84.5206298828, 84.9037628174, 85.2868881226, 85.6700210571, 86.0531539917, 86.4362792969, 86.8194122314, 87.1909255981, 87.5740585327, 87.9571838379, 88.328704834, 88.7118377686, 89.0949630737, 89.4664840698, 89.849609375, 90.2327423096, 90.6158676147, 90.9990005493, 91.3821334839, 91.7652587891, 92.1367797852, 92.5199050903, 92.8914260864, 93.274559021, 93.6576843262, 94.0408172607, 94.4123306274, 94.7838516235, 95.1669845581, 95.5501098633, 95.9216308594, 96.2931518555, 96.6762771606, 97.0594100952, 97.4425354004, 97.8140563965, 98.1971893311, 98.5803146362, 98.9518356323, 99.3349609375, 99.7180938721, 100.101219177, 100.472740173, 100.855873108, 101.238998413, 101.622131348, 101.993652344, 102.376777649, 102.759910583, 103.143035889, 103.526168823, 103.920906067, 104.315643311, 104.721992493, 105.116729736, 105.523078918, 105.929428101, 106.335777283, 106.742126465, 107.148475647, 107.554824829, 107.949569702, 108.355918884, 108.762268066, 109.168617249, 109.574966431, 109.969703674, 110.387664795, 110.805618286, 111.211967468, 111.61831665, 112.024665833, 112.431015015, 112.848976135, 113.255325317, 113.6616745, 114.056411743, 114.451156616, 114.857505798, 115.26385498, 115.658592224, 116.064941406, 116.471290588, 116.877639771, 117.283988953, 117.690338135, 118.096687317, 118.503036499, 118.909385681, 119.327346802, 119.733695984, 120.140045166, 120.546394348, 120.95274353, 121.359092712, 121.765441895, 122.160179138, 122.56652832, 122.961265564, 123.367614746, 123.773963928, 124.18031311, 124.586662292, 124.993011475, 125.399360657, 125.805709839, 126.212059021, 126.618408203, 127.024757385, 127.431106567, 127.849067688, 128.278640747, 128.708206177, 129.137771606, 129.555740356, 129.962081909, 130.368438721, 130.774780273, 131.169525146, 131.564254761, 131.958999634, 132.342132568, 132.725265503, 133.108383179, 133.491516113, 133.874649048, 134.257781982, 134.62928772, 135.024032593, 135.407165527, 135.790298462, 136.173416138, 136.556549072, 136.939682007, 137.322814941, 137.705932617, 138.089065552, 138.472198486, 138.855331421, 139.238449097, 139.621582031, 140.004714966, 140.399459839, 140.782577515, 141.177322388, 141.560455322, 141.943572998, 142.338317871, 142.709838867, 143.092971802, 143.476104736, 143.847610474, 144.242355347, 144.613876343, 144.997009277, 145.391738892, 145.774871826, 146.169616699, 146.552734375, 146.947479248, 147.330612183, 147.702133179, 148.085250854, 148.468383789, 148.851516724, 149.234649658, 149.617782593, 150.000900269, 150.384033203, 150.767166138, 151.150299072, 151.533416748, 151.928161621, 152.322906494, 152.729248047, 153.147201538, 153.565170288, 153.983123779, 154.401092529, 154.830657959, 155.24861145, 155.654968262, 156.061309814, 156.467666626, 156.874008179, 157.28036499, 157.686706543, 158.093063354, 158.499404907, 158.89414978, 159.300491333, 159.706848145, 160.113189697, 160.50793457, 160.914276123, 161.332244873, 161.738586426, 162.144943237, 162.55128479, 162.957641602, 163.363983154, 163.770339966, 164.176681519, 164.58303833, 164.977767944, 165.384124756, 165.778869629, 166.185211182, 166.579956055, 166.986297607, 167.404266357, 167.81060791, 168.216964722, 168.623306274, 169.029663086, 169.436004639, 169.84236145, 170.237091064, 170.643447876, 171.049789429, 171.45614624, 171.862487793, 172.268844604, 172.663574219, 173.06993103, 173.476272583, 173.894241333, 174.300582886, 174.706939697, 175.11328125, 175.519638062, 175.925979614, 176.332336426, 176.738677979, 177.14503479, 177.539764404, 177.946121216, 178.352462769, 178.75881958, 179.165161133, 179.559906006, 179.966262817, 180.37260437, 180.778961182, 181.208526611, 181.638092041, 182.067657471, 182.485626221, 182.868743896, 183.251876831, 183.635009766, 184.0181427, 184.412872314, 184.807617188, 185.179138184, 185.55065918, 185.933776855, 186.31690979, 186.700042725, 187.083175659, 187.466293335, 187.84942627, 188.232559204, 188.615692139, 188.998809814, 189.381942749, 189.765075684, 190.13659668, 190.519729614, 190.90284729, 191.285980225, 191.669113159, 192.052246094, 192.43536377, 192.818496704, 193.213241577, 193.607971191, 194.002716064, 194.397460938],
    "bpm_histogram": [0, 0, 0, 0, 0, 0, 0, 0, 0, 0, 0, 0, 0, 0, 0, 0, 0, 0, 0, 0, 0, 0, 0, 0, 0, 0, 0, 0, 0, 0, 0, 0, 0, 0, 0, 0, 0, 0, 0, 0, 0, 0, 0, 0, 0, 0, 0, 0, 0, 0, 0, 0, 0, 0, 0, 0, 0, 0, 0, 0, 0, 0, 0, 0, 0, 0, 0, 0, 0, 0, 0, 0, 0, 0, 0, 0, 0, 0, 0, 0, 0, 0, 0, 0, 0, 0, 0, 0, 0, 0, 0, 0, 0, 0, 0, 0, 0, 0, 0, 0, 0, 0, 0, 0, 0, 0, 0, 0, 0, 0, 0, 0, 0, 0, 0, 0, 0, 0, 0, 0, 0, 0, 0, 0, 0, 0, 0, 0, 0, 0, 0, 0, 0, 0, 0, 0, 0, 0, 0, 0, 0.0140845067799, 0, 0, 0, 0.0342052318156, 0, 0, 0, 0.249496981502, 0, 0, 0, 0.124748490751, 0, 0, 0, 0, 0.41851106286, 0, 0, 0, 0.142857149243, 0.0160965789109, 0, 0, 0, 0, 0, 0, 0, 0, 0, 0, 0, 0, 0, 0, 0, 0, 0, 0, 0, 0, 0, 0, 0, 0, 0, 0, 0, 0, 0, 0, 0, 0, 0, 0, 0, 0, 0, 0, 0, 0, 0, 0, 0, 0, 0, 0, 0, 0, 0, 0, 0, 0, 0, 0, 0, 0, 0, 0, 0, 0, 0, 0, 0, 0, 0, 0, 0, 0, 0, 0, 0, 0, 0, 0, 0, 0, 0, 0, 0, 0, 0, 0, 0, 0, 0, 0, 0]
},
"tonal": {
    "chords_changes_rate": 0.0526441149414,
    "chords_number_rate": 0.00262029538862,
    "chords_strength": {
        "mean": 0.560581564903
    },
    "hpcp_crest": {
        "mean": 12.4618787766
    },
    "hpcp_entropy": {
        "mean": 2.12276411057
    },
    "key_edma": {
        "strength": 0.755884647369,
        "key": "B",
        "scale": "major"
    },
    "key_krumhansl": {
        "strength": 0.761352717876,
        "key": "F#",
        "scale": "major"
    },
    "key_temperley": {
        "strength": 0.782984316349,
        "key": "F#",
        "scale": "major"
    },
    "tuning_diatonic_strength": 0.648655653,
    "tuning_equal_tempered_deviation": 0.0456726402044,
    "tuning_frequency": 440.763122559,
    "tuning_nontempered_energy_ratio": 0.717421174049,
    "hpcp": {
        "mean": [0.0575034469366, 0.0579952225089, 0.161559998989, 0.268766403198, 0.20523005724, 0.182219386101, 0.217684626579, 0.142201200128, 0.0956632867455, 0.0961036905646, 0.0902626886964, 0.19747723639, 0.3185569942, 0.204203128815, 0.0737888142467, 0.0632926598191, 0.0925000309944, 0.24376873672, 0.279691100121, 0.137520238757, 0.0632909834385, 0.0430863648653, 0.0373856946826, 0.0966094732285, 0.138893544674, 0.108861006796, 0.206219539046, 0.322887808084, 0.215667247772, 0.104707352817, 0.0821479037404, 0.0585838966072, 0.0819642543793, 0.116617061198, 0.0934287980199, 0.0665377750993]
    },
    "chords_histogram": [31.7532157898, 3.09671282768, 9.0281085968, 0, 1.50071465969, 0.643163383007, 2.54883289337, 0.381133884192, 1.81038594246, 0.357313007116, 0.119104333222, 0, 0, 0, 0, 0.262029528618, 0.452596485615, 1.14340162277, 1.04811811447, 0, 0, 1.45307290554, 26.1791324615, 18.2229633331],
    "thpcp": [1, 0.667932450771, 0.324284017086, 0.254416257143, 0.181437313557, 0.25384747982, 0.361168980598, 0.289353758097, 0.206070885062, 0.178091108799, 0.179614156485, 0.500359535217, 0.832383275032, 0.63560795784, 0.564342737198, 0.674180388451, 0.440404355526, 0.296274065971, 0.29763802886, 0.27954813838, 0.611597061157, 0.986587226391, 0.632427513599, 0.228527724743, 0.196020588279, 0.286477297544, 0.754964232445, 0.86621761322, 0.425907194614, 0.196015402675, 0.133440673351, 0.11578540504, 0.299204468727, 0.430160373449, 0.337148100138, 0.638672411442],
    "chords_key": "F#",
    "chords_scale": "major"
}
}