{
"metadata": {
    "version": {
        "essentia": "2.1-beta6-dev",
        "essentia_git_sha": "v2.1_beta5-1177-g1d1cc983",
        "extractor": "music 2.0"
    },
    "audio_properties": {
        "analysis": {
            "equal_loudness": 0,
            "length": 200.85333252,
            "sample_rate": 44100,
            "start_time": 0,
            "downmix": "mix"
        },
        "bit_rate": 1411200,
        "length": 200.85333252,
        "lossless": 1,
        "number_channels": 2,
        "replay_gain": -14.4630641937,
        "sample_rate": 44100,
        "codec": "pcm_s16le",
        "md5_encoded": "b5f7a6ad0d7a608e9816870b644cbdc9"
    },
    "tags": {
        "file_name": "04 - Manchester Orchestra - The Mansion.wav",
        "album": ["Cope (Deluxe Version)"],
        "albumartist": ["Manchester Orchestra"],
        "artist": ["Manchester Orchestra"],
        "composer": ["Manchester Orchestra"],
        "copyright": ["℗ 2013 Seven Four Entertainment and Republic Records"],
        "date": ["2012"],
        "discnumber": ["1"],
        "disctotal": ["1"],
        "genre": ["Alternative & Indie"],
        "isrc": ["USUG11301014"],
        "title": ["The Mansion"],
        "tracknumber": ["4"],
        "tracktotal": ["13"]
    }
},
"lowlevel": {
    "average_loudness": 0.934629797935,
    "barkbands_crest": {
        "mean": 9.50773048401
    },
    "barkbands_flatness_db": {
        "mean": 0.18398308754
    },
    "barkbands_kurtosis": {
        "mean": 10.7749528885
    },
    "barkbands_skewness": {
        "mean": 2.05934405327
    },
    "barkbands_spread": {
        "mean": 15.8009595871
    },
    "dissonance": {
        "mean": 0.460636913776
    },
    "dynamic_complexity": 3.06479287148,
    "erbbands_crest": {
        "mean": 9.66740989685
    },
    "erbbands_flatness_db": {
        "mean": 0.173430785537
    },
    "erbbands_kurtosis": {
        "mean": 2.49824023247
    },
    "erbbands_skewness": {
        "mean": 0.473755449057
    },
    "erbbands_spread": {
        "mean": 34.5874595642
    },
    "hfc": {
        "mean": 19.1952838898
    },
    "loudness_ebu128": {
        "integrated": -7.16676616669,
        "loudness_range": 4.84881925583,
        "momentary": {
            "mean": -8.26410198212
        },
        "short_term": {
            "mean": -7.61724615097
        }
    },
    "melbands_crest": {
        "mean": 17.143201828
    },
    "melbands_flatness_db": {
        "mean": 0.272414118052
    },
    "melbands_kurtosis": {
        "mean": 24.8666000366
    },
    "melbands_skewness": {
        "mean": 3.1741809845
    },
    "melbands_spread": {
        "mean": 15.7649383545
    },
    "pitch_salience": {
        "mean": 0.482090950012
    },
    "silence_rate_20dB": {
        "mean": 1
    },
    "silence_rate_30dB": {
        "mean": 0.999768853188
    },
    "silence_rate_60dB": {
        "mean": 0.0195330567658
    },
    "spectral_centroid": {
        "mean": 952.002929688
    },
    "spectral_complexity": {
        "mean": 21.0293579102
    },
    "spectral_decrease": {
        "mean": -9.54748813342e-09
    },
    "spectral_energy": {
        "mean": 0.0377753823996
    },
    "spectral_energyband_high": {
        "mean": 0.000331967545208
    },
    "spectral_energyband_low": {
        "mean": 0.0186578184366
    },
    "spectral_energyband_middle_high": {
        "mean": 0.00621366873384
    },
    "spectral_energyband_middle_low": {
        "mean": 0.0150907346979
    },
    "spectral_entropy": {
        "mean": 7.1770157814
    },
    "spectral_flux": {
        "mean": 0.0774554163218
    },
    "spectral_kurtosis": {
        "mean": 9.32522106171
    },
    "spectral_rms": {
        "mean": 0.00583867216483
    },
    "spectral_rolloff": {
        "mean": 856.359680176
    },
    "spectral_skewness": {
        "mean": 2.04151773453
    },
    "spectral_spread": {
        "mean": 3501336.75
    },
    "spectral_strongpeak": {
        "mean": 0.739269793034
    },
    "zerocrossingrate": {
        "mean": 0.0359797589481
    },
    "barkbands": {
        "mean": [3.95773022319e-05, 0.00750643527135, 0.00896686408669, 0.00364555045962, 0.00355681334622, 0.00237801717594, 0.00145400012843, 0.00136953382753, 0.001873146859, 0.00142532330938, 0.000961571873631, 0.000631144968793, 0.000395189039409, 0.000577883096412, 0.000755086774006, 0.000671494170092, 0.000452232023235, 0.000443453754997, 0.00027131580282, 0.000141847500345, 9.16751960176e-05, 6.66568448651e-05, 4.15958020312e-05, 3.47166278516e-05, 1.57730828505e-05, 6.23908135822e-06, 2.16847911361e-06]
    },
    "erbbands": {
        "mean": [0.0789589136839, 2.23212575912, 10.8650608063, 10.7241439819, 12.4174156189, 10.4254541397, 19.5282440186, 14.7383460999, 20.8144016266, 20.7212944031, 39.3416137695, 41.9265403748, 54.0598831177, 30.7189998627, 35.8017463684, 27.6474266052, 20.333896637, 28.3166904449, 36.2051963806, 36.6336860657, 35.9004898071, 26.5881881714, 25.4698886871, 17.3771152496, 10.6279382706, 6.72724056244, 4.66610813141, 3.02456521988, 2.45934939384, 1.81607282162, 1.12080991268, 0.841727554798, 0.49592936039, 0.220161110163, 0.0935945361853, 0.0337050184608, 0.00992539152503, 0.00252609048039, 0.000356908218237, 6.41853039269e-05]
    },
    "gfcc": {
        "mean": [-20.079536438, 125.187705994, -104.963249207, 32.4513282776, -38.5898551941, 7.78839683533, -28.0210876465, 7.33437108994, -17.3154163361, -7.14819478989, -16.7450275421, -6.81772470474, -14.5908203125],
        "cov": [[14337.0322266, -1306.83435059, -2855.74047852, 42.3766784668, -1117.93603516, -26.9499053955, -662.168884277, 154.898040771, -149.890533447, 143.243423462, -134.289230347, 340.047271729, -18.1043739319], [-1306.83435059, 1109.89672852, 212.792175293, -186.584976196, 361.331390381, -59.8186645508, 160.403823853, -80.7058792114, 79.6363296509, -105.613609314, 72.1497879028, -122.096435547, 4.90507698059], [-2855.74047852, 212.792175293, 1343.92175293, 210.722244263, 212.355224609, 27.0542812347, 186.056930542, -70.4453125, -17.4737586975, 42.2663726807, 18.5894241333, -76.2270431519, -16.2413711548], [42.3766784668, -186.584976196, 210.722244263, 356.399414062, -0.625840246677, -42.910736084, -22.1485309601, 18.5712356567, -4.19212770462, 23.0649642944, -2.01608014107, -4.66444635391, 10.7598295212], [-1117.93603516, 361.331390381, 212.355224609, -0.625840246677, 385.568023682, 49.6368751526, 91.4628601074, -19.1480636597, 39.2430076599, -54.0760879517, 14.3564023972, -67.9459381104, -14.083562851], [-26.9499053955, -59.8186645508, 27.0542812347, -42.910736084, 49.6368751526, 223.631912231, 56.3383216858, -5.98468351364, -10.5678062439, -17.7401866913, -10.6444950104, -9.1201915741, -18.7081775665], [-662.168884277, 160.403823853, 186.056930542, -22.1485309601, 91.4628601074, 56.3383216858, 167.130584717, -3.96318697929, 4.26754188538, -5.14817667007, 12.265086174, -33.5552902222, -18.8042259216], [154.898040771, -80.7058792114, -70.4453125, 18.5712356567, -19.1480636597, -5.98468351364, -3.96318697929, 107.791496277, 36.7134590149, -1.70569598675, -8.80728340149, 1.50617265701, -0.286898702383], [-149.890533447, 79.6363296509, -17.4737586975, -4.19212770462, 39.2430076599, -10.5678062439, 4.26754188538, 36.7134590149, 91.9638748169, 9.8168964386, -8.53677272797, -20.2628192902, 4.85190916061], [143.243423462, -105.613609314, 42.2663726807, 23.0649642944, -54.0760879517, -17.7401866913, -5.14817667007, -1.70569598675, 9.8168964386, 90.4479675293, 13.021276474, 10.4590101242, -2.27465033531], [-134.289230347, 72.1497879028, 18.5894241333, -2.01608014107, 14.3564023972, -10.6444950104, 12.265086174, -8.80728340149, -8.53677272797, 13.021276474, 69.4067382812, 21.1746025085, -1.94728457928], [340.047271729, -122.096435547, -76.2270431519, -4.66444635391, -67.9459381104, -9.1201915741, -33.5552902222, 1.50617265701, -20.2628192902, 10.4590101242, 21.1746025085, 84.6820068359, 22.0744342804], [-18.1043739319, 4.90507698059, -16.2413711548, 10.7598295212, -14.083562851, -18.7081775665, -18.8042259216, -0.286898702383, 4.85190916061, -2.27465033531, -1.94728457928, 22.0744342804, 54.4488067627]],
        "icov": [[0.000232769161812, -0.000476325600175, 0.000501418136992, -0.000537073297892, 0.00038838427281, -0.000432878441643, 0.000445854995633, -0.000367892702343, 0.000729616149329, -0.000965724291746, 0.00110371946357, -0.000940942380112, 0.000795357686002], [-0.000476325600175, 0.00459570949897, -0.00121252471581, 0.00289902696386, -0.00207027909346, 0.00294177234173, -0.0027417037636, 0.00352692115121, -0.00465089501813, 0.00592280644923, -0.0071369423531, 0.00610388815403, -0.00402794778347], [0.000501418136992, -0.00121252471581, 0.002253849525, -0.00196558376774, 0.000467636273243, -0.00095272238832, -9.45899810176e-05, -0.000305530498736, 0.0021162526682, -0.00305288936943, 0.00273978267796, -0.00182384578511, 0.00161729264073], [-0.000537073297892, 0.00289902696386, -0.00196558376774, 0.005628074985, -0.00164671824314, 0.00244027888402, -0.000834236911032, 0.000923339626752, -0.00246297335252, 0.00352259981446, -0.00486180977896, 0.00462528550997, -0.00369135872461], [0.00038838427281, -0.00207027909346, 0.000467636273243, -0.00164671824314, 0.00540389679372, -0.00200568186119, 0.000451928412076, -0.000494946434628, -6.66540654493e-05, -3.59842415492e-05, 0.00146616180427, -0.000813674298115, 0.00202938169241], [-0.000432878441643, 0.00294177234173, -0.00095272238832, 0.00244027888402, -0.00200568186119, 0.00728716608137, -0.00357803842053, 0.002277957974, -0.00239762151614, 0.00434915721416, -0.00318336510099, 0.00301177031361, -0.00135355687235], [0.000445854995633, -0.0027417037636, -9.45899810176e-05, -0.000834236911032, 0.000451928412076, -0.00357803842053, 0.0109032578766, -0.00328312884085, 0.00332299876027, -0.00395242357627, 0.00252113980241, -0.00178296375088, 0.00351937511005], [-0.000367892702343, 0.00352692115121, -0.000305530498736, 0.000923339626752, -0.000494946434628, 0.002277957974, -0.00328312884085, 0.0148281091824, -0.00926469638944, 0.00612039212137, -0.0046640005894, 0.00320634292439, -0.00150014902465], [0.000729616149329, -0.00465089501813, 0.0021162526682, -0.00246297335252, -6.66540654493e-05, -0.00239762151614, 0.00332299876027, -0.00926469638944, 0.0209331903607, -0.0106377284974, 0.00899579841644, -0.0029474243056, 0.00124421180226], [-0.000965724291746, 0.00592280644923, -0.00305288936943, 0.00352259981446, -3.59842415492e-05, 0.00434915721416, -0.00395242357627, 0.00612039212137, -0.0106377284974, 0.0228013433516, -0.0129483547062, 0.00752687640488, -0.00392326200381], [0.00110371946357, -0.0071369423531, 0.00273978267796, -0.00486180977896, 0.00146616180427, -0.00318336510099, 0.00252113980241, -0.0046640005894, 0.00899579841644, -0.0129483547062, 0.0302132647485, -0.0168889369816, 0.00950454361737], [-0.000940942380112, 0.00610388815403, -0.00182384578511, 0.00462528550997, -0.000813674298115, 0.00301177031361, -0.00178296375088, 0.00320634292439, -0.0029474243056, 0.00752687640488, -0.0168889369816, 0.0280105955899, -0.013478170149], [0.000795357686002, -0.00402794778347, 0.00161729264073, -0.00369135872461, 0.00202938169241, -0.00135355687235, 0.00351937511005, -0.00150014902465, 0.00124421180226, -0.00392326200381, 0.00950454361737, -0.013478170149, 0.0270018689334]]
    },
    "melbands": {
        "mean": [0.00136012770236, 0.00464112218469, 0.00192732992582, 0.000799300672952, 0.000610615301412, 0.0003705326817, 0.000315768935252, 0.00022307310428, 0.00034042718471, 0.000261673296336, 0.000264095346211, 0.000117805262562, 0.00011914208153, 7.71954000811e-05, 6.22617371846e-05, 3.84278719139e-05, 5.48011739738e-05, 5.56330815016e-05, 5.68971372559e-05, 4.87748111482e-05, 3.80253623007e-05, 2.83112913166e-05, 2.48682517849e-05, 1.81244286068e-05, 1.38765808515e-05, 9.64156697592e-06, 5.18780461789e-06, 4.28739076597e-06, 3.09659685627e-06, 2.20954757424e-06, 1.56923022132e-06, 1.35900484111e-06, 1.29875468247e-06, 8.98033988506e-07, 6.3675867068e-07, 5.77777484523e-07, 4.88994999159e-07, 3.7458428892e-07, 2.46000610105e-07, 1.6592552754e-07]
    },
    "melbands128": {
        "mean": [3.60231679224e-05, 0.000291974545689, 0.00130894384347, 0.00446798186749, 0.00636666128412, 0.0035691219382, 0.00217850832269, 0.00163450709078, 0.00128500396386, 0.000755499931984, 0.000499868299812, 0.000479713169625, 0.000792624952737, 0.000605528242886, 0.0002469070605, 0.000313954340527, 0.000362759572454, 0.000309052556986, 0.000283279892756, 0.000214530271478, 0.000184658172657, 0.000244305032538, 0.000438501592726, 0.000350575981429, 0.000231704281759, 0.000246433977736, 0.000239980392507, 0.000365469808457, 0.000184721851838, 8.38399646454e-05, 0.000126592611196, 0.000113292728201, 0.000106818457425, 0.000157786154887, 5.38480271643e-05, 6.70134395477e-05, 8.11625286588e-05, 7.32396438252e-05, 3.99040218326e-05, 4.17433584516e-05, 3.80645469704e-05, 3.13763775921e-05, 6.24678577879e-05, 6.27633562544e-05, 4.57096903119e-05, 6.9255795097e-05, 4.23687124567e-05, 7.53601052566e-05, 5.03598894284e-05, 3.44644868164e-05, 5.59728068765e-05, 5.36471889063e-05, 4.35124456999e-05, 2.97582864732e-05, 3.02137032122e-05, 3.24613283738e-05, 2.21824720938e-05, 1.81604173122e-05, 3.07686677843e-05, 2.92511176667e-05, 1.33229059429e-05, 1.28188703457e-05, 1.80272018042e-05, 1.23782001538e-05, 1.08400345198e-05, 1.20669683383e-05, 6.75090404911e-06, 5.54653342988e-06, 4.91808850711e-06, 4.54870769317e-06, 4.31384933108e-06, 4.42906866738e-06, 3.35821118824e-06, 2.8411529911e-06, 2.77190224551e-06, 2.3183013127e-06, 1.93605501408e-06, 1.8092667915e-06, 1.55799955337e-06, 1.29231545998e-06, 1.25253859551e-06, 1.41864654779e-06, 1.49337370203e-06, 1.31716353735e-06, 1.19208243632e-06, 8.91270872216e-07, 8.70575490808e-07, 6.61876583763e-07, 6.37291407202e-07, 5.88225930187e-07, 6.31179489119e-07, 5.41678900845e-07, 5.67262304685e-07, 4.80281812543e-07, 4.63245243054e-07, 4.13780298913e-07, 3.5750679217e-07, 3.13637173122e-07, 2.62598803147e-07, 2.00687921392e-07, 1.8307152061e-07, 1.63822477361e-07, 1.39257267051e-07, 1.23576086253e-07, 1.04997504025e-07, 8.46634691243e-08, 7.95688208655e-08, 7.06855374233e-08, 5.35833457604e-08, 4.61935805163e-08, 4.07243447853e-08, 3.34937197977e-08, 2.84458785416e-08, 2.69743782866e-08, 2.48299727446e-08, 2.13312887354e-08, 1.83792749908e-08, 1.67817031382e-08, 1.37103191022e-08, 9.88853532391e-09, 9.15936482215e-09, 6.78702605228e-09, 5.81193049243e-09, 5.28456789439e-09, 4.90353180282e-09, 4.45966108487e-09, 3.51329343395e-09, 2.31797603334e-09]
    },
    "mfcc": {
        "mean": [-666.875, 156.020523071, -0.891867995262, 33.1636352539, 11.8796787262, 7.38270950317, 2.02355861664, 11.721997261, 2.11941623688, 4.64537811279, 0.79960745573, -0.450779795647, -3.42878389359],
        "cov": [[14353, -1778.89587402, -1912.89904785, -644.402954102, -751.143920898, -557.121520996, -694.012145996, -176.576095581, -218.243392944, -153.703735352, -232.382751465, -57.8521842957, 22.2482795715], [-1778.89587402, 1453.29174805, 12.6380634308, 20.0210895538, 173.95501709, 105.747589111, 129.662719727, 74.7638092041, 4.58337545395, 54.9615859985, 51.9090957642, -1.76443576813, -17.6729450226], [-1912.89904785, 12.6380634308, 891.434082031, 249.342529297, 53.9809532166, 127.251228333, 136.795059204, -51.0970115662, 50.1878967285, -7.52211856842, 34.1788063049, 51.534450531, 27.6183338165], [-644.402954102, 20.0210895538, 249.342529297, 381.6144104, 97.5050582886, -14.1459712982, 33.3163604736, -40.877117157, 31.7829017639, -11.2070932388, 25.4631633759, 19.3168239594, 30.6176338196], [-751.143920898, 173.95501709, 53.9809532166, 97.5050582886, 240.413909912, 67.5496520996, 38.0317764282, 51.890663147, 25.6335544586, 23.9831905365, 13.7011175156, -12.5218915939, -12.5548915863], [-557.121520996, 105.747589111, 127.251228333, -14.1459712982, 67.5496520996, 192.122436523, 99.3367843628, 23.402130127, 14.8959741592, 16.1294212341, 15.7081604004, 1.65441226959, -16.3056144714], [-694.012145996, 129.662719727, 136.795059204, 33.3163604736, 38.0317764282, 99.3367843628, 160.194717407, 38.9066505432, 0.53258061409, 7.87657117844, 26.1110973358, 10.713889122, -8.1285533905], [-176.576095581, 74.7638092041, -51.0970115662, -40.877117157, 51.890663147, 23.402130127, 38.9066505432, 128.42767334, 20.8759155273, 12.819814682, 7.2934088707, -5.63616895676, -18.0474834442], [-218.243392944, 4.58337545395, 50.1878967285, 31.7829017639, 25.6335544586, 14.8959741592, 0.53258061409, 20.8759155273, 89.7337265015, 41.2542037964, 4.28876638412, -6.25691890717, -2.76549100876], [-153.703735352, 54.9615859985, -7.52211856842, -11.2070932388, 23.9831905365, 16.1294212341, 7.87657117844, 12.819814682, 41.2542037964, 90.1450271606, 29.327671051, -9.47337341309, -7.34929513931], [-232.382751465, 51.9090957642, 34.1788063049, 25.4631633759, 13.7011175156, 15.7081604004, 26.1110973358, 7.2934088707, 4.28876638412, 29.327671051, 69.5191421509, 18.8209285736, 2.7300028801], [-57.8521842957, -1.76443576813, 51.534450531, 19.3168239594, -12.5218915939, 1.65441226959, 10.713889122, -5.63616895676, -6.25691890717, -9.47337341309, 18.8209285736, 62.9135131836, 22.3474349976], [22.2482795715, -17.6729450226, 27.6183338165, 30.6176338196, -12.5548915863, -16.3056144714, -8.1285533905, -18.0474834442, -2.76549100876, -7.34929513931, 2.7300028801, 22.3474349976, 63.8388328552]],
        "icov": [[0.000148954160977, 0.00012073029211, 0.000276092789136, -5.93706063228e-05, 0.000293239776511, -0.000101686600829, 0.000295930716675, -1.85339263226e-06, 0.000151499902131, -2.68953426712e-05, 0.000176075860509, -9.46536529227e-05, -1.15335806186e-05], [0.00012073029211, 0.000918280798942, 0.000303180859191, 3.61648162652e-05, -0.000295689416816, -6.56127158436e-05, -0.00033419742249, -2.78096977127e-05, 0.000315232755383, -0.000328008783981, -9.55423092819e-05, -9.80014374363e-05, -4.74090084026e-05], [0.000276092789136, 0.000303180859191, 0.00234975595959, -0.00102891295683, 0.000688432774041, -0.00105122919194, -0.000575813755859, 0.00090820674086, -0.000815628562123, 0.000433779350715, 0.000302235537674, -0.0010699291015, -0.000108835862193], [-5.93706063228e-05, 3.61648162652e-05, -0.00102891295683, 0.00487168831751, -0.00279556121677, 0.00250343955122, -0.00175115675665, 0.00236440100707, -0.00236258935183, 0.00213339691982, -0.0018854085356, 0.000254519021837, -0.00119079311844], [0.000293239776511, -0.000295689416816, 0.000688432774041, -0.00279556121677, 0.007511602249, -0.00309824175201, 0.00230677658692, -0.00319314026274, 0.00114405457862, -0.00146811711602, 0.000854078214616, 0.000929161789827, 0.000454578694189], [-0.000101686600829, -6.56127158436e-05, -0.00105122919194, 0.00250343955122, -0.00309824175201, 0.00989044364542, -0.0057545513846, 0.00189168122597, -0.00186624831986, 0.000453183223726, -0.000448735896498, -7.04944613972e-05, 0.00100553315133], [0.000295930716675, -0.00033419742249, -0.000575813755859, -0.00175115675665, 0.00230677658692, -0.0057545513846, 0.0130016645417, -0.0043393438682, 0.00331264571287, -0.000766380457208, -0.00123306293972, -0.000324819033267, 0.000527630036231], [-1.85339263226e-06, -2.78096977127e-05, 0.00090820674086, 0.00236440100707, -0.00319314026274, 0.00189168122597, -0.0043393438682, 0.0119269778952, -0.00436756387353, 0.00201061274856, -0.00117820734158, -0.000647956621833, 0.00145998736843], [0.000151499902131, 0.000315232755383, -0.000815628562123, -0.00236258935183, 0.00114405457862, -0.00186624831986, 0.00331264571287, -0.00436756387353, 0.0178862903267, -0.00932827591896, 0.00374489882961, 0.000134919580887, -5.06001415488e-05], [-2.68953426712e-05, -0.000328008783981, 0.000433779350715, 0.00213339691982, -0.00146811711602, 0.000453183223726, -0.000766380457208, 0.00201061274856, -0.00932827591896, 0.0192567501217, -0.00912042893469, 0.00369248376228, -8.42196677695e-05], [0.000176075860509, -9.55423092819e-05, 0.000302235537674, -0.0018854085356, 0.000854078214616, -0.000448735896498, -0.00123306293972, -0.00117820734158, 0.00374489882961, -0.00912042893469, 0.0215818677098, -0.00699558015913, 0.000887161120772], [-9.46536529227e-05, -9.80014374363e-05, -0.0010699291015, 0.000254519021837, 0.000929161789827, -7.04944613972e-05, -0.000324819033267, -0.000647956621833, 0.000134919580887, 0.00369248376228, -0.00699558015913, 0.0217989049852, -0.00661398097873], [-1.15335806186e-05, -4.74090084026e-05, -0.000108835862193, -0.00119079311844, 0.000454578694189, 0.00100553315133, 0.000527630036231, 0.00145998736843, -5.06001415488e-05, -8.42196677695e-05, 0.000887161120772, -0.00661398097873, 0.0193651653826]]
    },
    "spectral_contrast_coeffs": {
        "mean": [-0.68934738636, -0.770862877369, -0.772308588028, -0.799923062325, -0.793570101261, -0.773913443089]
    },
    "spectral_contrast_valleys": {
        "mean": [-6.29102897644, -6.6553196907, -7.39828157425, -7.70664024353, -7.87262058258, -10.8982686996]
    }
},
"rhythm": {
    "beats_count": 486,
    "beats_loudness": {
        "mean": 0.0500248074532
    },
    "bpm": 145.446014404,
    "bpm_histogram_first_peak_bpm": 144,
    "bpm_histogram_first_peak_weight": 0.482456147671,
    "bpm_histogram_second_peak_bpm": 152,
    "bpm_histogram_second_peak_spread": 0,
    "bpm_histogram_second_peak_weight": 0.0453608259559,
    "danceability": 1.11901140213,
    "onset_rate": 2.46420884132,
    "beats_loudness_band_ratio": {
        "mean": [0.635226786137, 0.152138143778, 0.122111484408, 0.0705683678389, 0.0601556673646, 0.0163812041283]
    },
    "beats_position": [0.46439909935, 0.882358253002, 1.30031740665, 1.71827661991, 2.12462592125, 2.53097510338, 2.93732428551, 3.35528349876, 3.76163268089, 4.17959165573, 4.58594083786, 5.00390005112, 5.41024923325, 5.8282084465, 6.2229475975, 6.64090681076, 7.05886602402, 7.46521520615, 7.87156438828, 8.28952407837, 8.70748329163, 9.11383247375, 9.52018165588, 9.93814086914, 10.3560991287, 10.774058342, 11.1920175552, 11.5983667374, 12.0047159195, 12.4226751328, 12.8290243149, 13.2469835281, 13.6533327103, 14.0596818924, 14.4776411057, 14.8956003189, 15.301949501, 15.7082986832, 16.114648819, 16.5326080322, 16.9505672455, 17.3685264587, 17.7748756409, 18.1928348541, 18.5991840363, 19.0055332184, 19.4118824005, 19.8298416138, 20.247800827, 20.6657600403, 21.0837192535, 21.4900684357, 21.8964176178, 22.3143768311, 22.7323360443, 23.1502952576, 23.5566444397, 23.9629936218, 24.3809528351, 24.7989120483, 25.2052612305, 25.6116104126, 26.0295696259, 26.4475269318, 26.865486145, 27.2834453583, 27.6897945404, 28.0961437225, 28.5141029358, 28.932062149, 29.3500213623, 29.7679805756, 30.1859397888, 30.6038990021, 31.0102481842, 31.4282073975, 31.8345565796, 32.2525177002, 32.6704750061, 33.0768241882, 33.4831733704, 33.901134491, 34.3190917969, 34.7370529175, 35.1434020996, 35.5497512817, 35.9677085876, 36.3856697083, 36.7920188904, 37.2099761963, 37.6163253784, 38.034286499, 38.4290237427, 38.8469848633, 39.2533340454, 39.6712913513, 40.0776405334, 40.4956016541, 40.8903388977, 41.3083000183, 41.703037262, 42.1209983826, 42.5389556885, 42.9453048706, 43.3516540527, 43.7696151733, 44.1875724792, 44.5939216614, 45.0002708435, 45.4182319641, 45.83618927, 46.2541503906, 46.6721076965, 47.0900688171, 47.508026123, 47.9143753052, 48.3207244873, 48.7386856079, 49.1334228516, 49.5513839722, 49.9577331543, 50.3640823364, 50.7588195801, 51.1651687622, 51.5715179443, 51.9778671265, 52.3842163086, 52.7789573669, 53.1853065491, 53.5916557312, 53.9980049133, 54.4043540955, 54.8107032776, 55.1938323975, 55.5885696411, 55.9949188232, 56.4012680054, 56.8076171875, 57.2139663696, 57.6319274902, 58.0382766724, 58.4446258545, 58.8509750366, 59.2689323425, 59.6752815247, 60.0932426453, 60.5111999512, 60.9291610718, 61.3355102539, 61.7534675598, 62.1598167419, 62.5777778625, 62.9957351685, 63.4136962891, 63.831653595, 64.2496109009, 64.6675720215, 65.0739212036, 65.4802703857, 65.8982315063, 66.316192627, 66.7341461182, 67.1521072388, 67.5584564209, 67.964805603, 68.3827667236, 68.8007278442, 69.2186813354, 69.6366424561, 70.0546035767, 70.4493408203, 70.8673019409, 71.2852630615, 71.6916122437, 72.0979614258, 72.515914917, 72.9222640991, 73.3402252197, 73.7465744019, 74.1645355225, 74.5708847046, 74.9772338867, 75.3951950073, 75.824760437, 76.2311096191, 76.6490707397, 77.0554199219, 77.461769104, 77.8797302246, 78.2860794067, 78.6924285889, 79.1103820801, 79.5283432007, 79.9463043213, 80.3642578125, 80.7822189331, 81.1885681152, 81.6065292358, 82.012878418, 82.4308395386, 82.8255767822, 83.2435379028, 83.649887085, 84.0678405762, 84.4741897583, 84.8921508789, 85.298500061, 85.7164611816, 86.1344223022, 86.5523757935, 86.9587249756, 87.3766860962, 87.7946472168, 88.2126083374, 88.6189575195, 89.0369110107, 89.4432601929, 89.8612213135, 90.2559585571, 90.6623077393, 91.0686569214, 91.4750061035, 91.8929672241, 92.3109283447, 92.7288894653, 93.1468429565, 93.5531921387, 93.9595413208, 94.3658905029, 94.7838516235, 95.1902008057, 95.6081619263, 96.0145111084, 96.4208602905, 96.8272094727, 97.2451705933, 97.6515197754, 98.0578689575, 98.4526062012, 98.8589553833, 99.2653045654, 99.683265686, 100.101219177, 100.519180298, 100.937141418, 101.343490601, 101.749839783, 102.167800903, 102.585754395, 103.003715515, 103.421676636, 103.839637756, 104.257591248, 104.66394043, 105.070289612, 105.499862671, 105.906211853, 106.324172974, 106.742126465, 107.160087585, 107.566436768, 107.984397888, 108.39074707, 108.808708191, 109.226661682, 109.633010864, 110.039360046, 110.457321167, 110.852058411, 111.258407593, 111.664756775, 112.082717896, 112.500679016, 112.918640137, 113.336593628, 113.754554749, 114.160903931, 114.578865051, 114.985214233, 115.403175354, 115.821128845, 116.239089966, 116.657051086, 117.063400269, 117.469749451, 117.887710571, 118.294059753, 118.712013245, 119.118362427, 119.536323547, 119.931060791, 120.337409973, 120.755371094, 121.173332214, 121.579681396, 121.997642517, 122.415596008, 122.82194519, 123.228294373, 123.646255493, 124.052604675, 124.458953857, 124.876914978, 125.294876099, 125.71282959, 126.119178772, 126.525527954, 126.943489075, 127.361450195, 127.779411316, 128.185760498, 128.603713989, 129.010070801, 129.416412354, 129.822769165, 130.240722656, 130.647079468, 131.053421021, 131.459777832, 131.877731323, 132.284072876, 132.690429688, 133.09677124, 133.51473999, 133.921081543, 134.339050293, 134.745391846, 135.163360596, 135.569702148, 135.97605896, 136.382400513, 136.800354004, 137.206710815, 137.613052368, 138.01940918, 138.437362671, 138.855331421, 139.273284912, 139.691238403, 140.097595215, 140.503936768, 140.910293579, 141.316635132, 141.722991943, 142.129333496, 142.535690308, 142.94203186, 143.36000061, 143.766342163, 144.172698975, 144.567428589, 144.985397339, 145.391738892, 145.798095703, 146.216049194, 146.634017944, 147.040359497, 147.458312988, 147.8646698, 148.282623291, 148.700592041, 149.106933594, 149.513290405, 149.919631958, 150.32598877, 150.732330322, 151.138687134, 151.545028687, 151.951385498, 152.380950928, 152.810516357, 153.228485107, 153.63482666, 154.041183472, 154.435913086, 154.842269897, 155.236999512, 155.643356323, 156.038085938, 156.444442749, 156.850784302, 157.245529175, 157.640274048, 158.058227539, 158.464584351, 158.882537842, 159.288879395, 159.706848145, 160.101577759, 160.50793457, 160.914276123, 161.320632935, 161.726974487, 162.133331299, 162.539672852, 162.946029663, 163.352371216, 163.747116089, 164.1534729, 164.559814453, 164.977767944, 165.384124756, 165.790466309, 166.19682312, 166.603164673, 167.021133423, 167.427474976, 167.833831787, 168.251785278, 168.65814209, 169.064483643, 169.482452393, 169.888793945, 170.295150757, 170.713104248, 171.119445801, 171.525802612, 171.943756104, 172.361724854, 172.779678345, 173.197631836, 173.615600586, 174.033554077, 174.451522827, 174.869476318, 175.28742981, 175.70539856, 176.123352051, 176.541305542, 176.959274292, 177.377227783, 177.795196533, 178.213150024, 178.631103516, 179.049072266, 179.467025757, 179.884979248, 180.29133606, 180.697677612, 181.115646362, 181.533599854, 181.951568604, 182.369522095, 182.787475586, 183.193832397, 183.60017395, 184.0181427, 184.436096191, 184.854049683, 185.272018433, 185.689971924, 186.107940674, 186.525894165, 186.943847656, 187.350204468, 187.768157959, 188.174514771, 188.580856323, 188.987213135, 189.405166626, 189.823120117, 190.241088867, 190.64743042, 191.06539917, 191.471740723, 191.889694214, 192.307662964, 192.725616455, 193.131973267, 193.538314819, 193.944671631, 194.362625122, 194.768981934, 195.186935425, 195.604888916, 196.022857666, 196.429199219, 196.83555603, 197.253509521, 197.683074951, 198.124252319, 198.565444946, 199.006622314, 199.447799683, 199.900588989, 200.353378296],
    "bpm_histogram": [0, 0, 0, 0, 0, 0, 0, 0, 0, 0, 0, 0, 0, 0, 0, 0, 0, 0, 0, 0, 0, 0, 0, 0, 0, 0, 0, 0, 0, 0, 0, 0, 0, 0, 0, 0, 0, 0, 0, 0, 0, 0, 0, 0, 0, 0, 0, 0, 0, 0, 0, 0, 0, 0, 0, 0, 0, 0, 0, 0, 0, 0, 0, 0, 0, 0, 0, 0, 0, 0, 0, 0, 0, 0, 0, 0, 0, 0, 0, 0, 0, 0, 0, 0, 0, 0, 0, 0, 0, 0, 0, 0, 0, 0, 0, 0, 0, 0, 0, 0, 0, 0, 0, 0, 0, 0, 0, 0, 0, 0, 0, 0, 0, 0, 0, 0, 0, 0, 0, 0, 0, 0, 0, 0, 0, 0, 0, 0, 0, 0, 0, 0, 0, 0.00412371149287, 0, 0, 0.00824742298573, 0, 0, 0, 0.0103092780337, 0, 0, 0, 0.486597925425, 0, 0, 0, 0.443298965693, 0, 0, 0, 0.0453608259559, 0, 0, 0, 0, 0.00206185574643, 0, 0, 0, 0, 0, 0, 0, 0, 0, 0, 0, 0, 0, 0, 0, 0, 0, 0, 0, 0, 0, 0, 0, 0, 0, 0, 0, 0, 0, 0, 0, 0, 0, 0, 0, 0, 0, 0, 0, 0, 0, 0, 0, 0, 0, 0, 0, 0, 0, 0, 0, 0, 0, 0, 0, 0, 0, 0, 0, 0, 0, 0, 0, 0, 0, 0, 0, 0, 0, 0, 0, 0, 0, 0, 0, 0, 0, 0, 0, 0, 0, 0, 0, 0, 0, 0, 0, 0, 0, 0, 0, 0]
},
"tonal": {
    "chords_changes_rate": 0.0496880039573,
    "chords_number_rate": 0.00207996298559,
    "chords_strength": {
        "mean": 0.538521409035
    },
    "hpcp_crest": {
        "mean": 13.4826440811
    },
    "hpcp_entropy": {
        "mean": 1.958122015
    },
    "key_edma": {
        "strength": 0.676282048225,
        "key": "Ab",
        "scale": "major"
    },
    "key_krumhansl": {
        "strength": 0.665930092335,
        "key": "Ab",
        "scale": "major"
    },
    "key_temperley": {
        "strength": 0.654614031315,
        "key": "Ab",
        "scale": "major"
    },
    "tuning_diatonic_strength": 0.51499915123,
    "tuning_equal_tempered_deviation": 0.0453046485782,
    "tuning_frequency": 438.984558105,
    "tuning_nontempered_energy_ratio": 0.700227856636,
    "hpcp": {
        "mean": [0.0624264106154, 0.0485347099602, 0.0753346160054, 0.170585528016, 0.139177769423, 0.051715593785, 0.0414000935853, 0.0329419746995, 0.0644589662552, 0.0897374004126, 0.0576321445405, 0.0354711599648, 0.029631158337, 0.0283390209079, 0.0845054239035, 0.181726530194, 0.161341190338, 0.202167734504, 0.302869766951, 0.180137529969, 0.0494171008468, 0.0334042310715, 0.0343913026154, 0.0550482645631, 0.0732356309891, 0.0631956234574, 0.0643164515495, 0.0682156905532, 0.0710008591413, 0.296737879515, 0.410661518574, 0.192411318421, 0.170034632087, 0.286781311035, 0.19315418601, 0.0678366348147]
    },
    "chords_histogram": [28.4723834991, 14.7908477783, 16.824590683, 10.8620290756, 0.207996308804, 1.17864573002, 0, 0, 0.647099614143, 0.0924428030849, 19.6672058105, 0.947538733482, 0.87820661068, 0, 0, 0, 0, 2.10307383537, 0, 1.24797785282, 0.254217714071, 0, 0, 1.82574534416],
    "thpcp": [1, 0.468539923429, 0.414050549269, 0.698339879513, 0.470348894596, 0.16518868506, 0.152014270425, 0.11818665266, 0.183446988463, 0.415392041206, 0.338911145926, 0.125932410359, 0.100813180208, 0.0802168548107, 0.156963735819, 0.21851913631, 0.140339776874, 0.0863756611943, 0.0721547007561, 0.0690082237124, 0.205778777599, 0.442521452904, 0.392881214619, 0.492297738791, 0.737516820431, 0.438652068377, 0.120335355401, 0.0813424885273, 0.0837461054325, 0.134047776461, 0.178335756063, 0.153887376189, 0.156616702676, 0.166111722589, 0.172893866897, 0.722585082054],
    "chords_key": "Ab",
    "chords_scale": "major"
}
}