{
"metadata": {
    "version": {
        "essentia": "2.1-beta6-dev",
        "essentia_git_sha": "v2.1_beta5-1177-g1d1cc983",
        "extractor": "music 2.0"
    },
    "audio_properties": {
        "analysis": {
            "equal_loudness": 0,
            "length": 257.226654053,
            "sample_rate": 44100,
            "start_time": 0,
            "downmix": "mix"
        },
        "bit_rate": 1411200,
        "length": 257.226654053,
        "lossless": 1,
        "number_channels": 2,
        "replay_gain": -13.6426353455,
        "sample_rate": 44100,
        "codec": "pcm_s16le",
        "md5_encoded": "b9f62d02610bd2d9cdbe9d13f264d79a"
    },
    "tags": {
        "file_name": "05 - Manchester Orchestra - Pale Black Eye.wav",
        "album": ["Simple Math"],
        "albumartist": ["Manchester Orchestra"],
        "artist": ["Manchester Orchestra"],
        "composer": ["Andy Hull"],
        "copyright": ["(P) 2011 Sony Music Entertainment"],
        "date": ["2011"],
        "discnumber": ["1"],
        "disctotal": ["1"],
        "genre": ["Alternative & Indie"],
        "isrc": ["USSM11101287"],
        "title": ["Pale Black Eye"],
        "tracknumber": ["5"],
        "tracktotal": ["10"]
    }
},
"lowlevel": {
    "average_loudness": 0.930208683014,
    "barkbands_crest": {
        "mean": 11.0927314758
    },
    "barkbands_flatness_db": {
        "mean": 0.155690029263
    },
    "barkbands_kurtosis": {
        "mean": 9.19577980042
    },
    "barkbands_skewness": {
        "mean": 2.00098848343
    },
    "barkbands_spread": {
        "mean": 22.4363384247
    },
    "dissonance": {
        "mean": 0.464779675007
    },
    "dynamic_complexity": 3.64299416542,
    "erbbands_crest": {
        "mean": 8.04947090149
    },
    "erbbands_flatness_db": {
        "mean": 0.152896359563
    },
    "erbbands_kurtosis": {
        "mean": 0.839173674583
    },
    "erbbands_skewness": {
        "mean": 0.233914598823
    },
    "erbbands_spread": {
        "mean": 43.1026649475
    },
    "hfc": {
        "mean": 21.9039840698
    },
    "loudness_ebu128": {
        "integrated": -8.55858135223,
        "loudness_range": 6.06958866119,
        "momentary": {
            "mean": -9.93904304504
        },
        "short_term": {
            "mean": -9.15470409393
        }
    },
    "melbands_crest": {
        "mean": 15.7868843079
    },
    "melbands_flatness_db": {
        "mean": 0.228646293283
    },
    "melbands_kurtosis": {
        "mean": 23.5592288971
    },
    "melbands_skewness": {
        "mean": 3.33436608315
    },
    "melbands_spread": {
        "mean": 20.8482131958
    },
    "pitch_salience": {
        "mean": 0.502306163311
    },
    "silence_rate_20dB": {
        "mean": 1
    },
    "silence_rate_30dB": {
        "mean": 0.989349246025
    },
    "silence_rate_60dB": {
        "mean": 0.0565032958984
    },
    "spectral_centroid": {
        "mean": 1364.56054688
    },
    "spectral_complexity": {
        "mean": 22.950176239
    },
    "spectral_decrease": {
        "mean": -8.70968275279e-09
    },
    "spectral_energy": {
        "mean": 0.034859187901
    },
    "spectral_energyband_high": {
        "mean": 0.000905941007659
    },
    "spectral_energyband_low": {
        "mean": 0.0188780855387
    },
    "spectral_energyband_middle_high": {
        "mean": 0.0056485356763
    },
    "spectral_energyband_middle_low": {
        "mean": 0.0114210089669
    },
    "spectral_entropy": {
        "mean": 7.51273107529
    },
    "spectral_flux": {
        "mean": 0.0836453959346
    },
    "spectral_kurtosis": {
        "mean": 5.55397319794
    },
    "spectral_rms": {
        "mean": 0.00541237927973
    },
    "spectral_rolloff": {
        "mean": 1229.78466797
    },
    "spectral_skewness": {
        "mean": 1.52693653107
    },
    "spectral_spread": {
        "mean": 4195059
    },
    "spectral_strongpeak": {
        "mean": 0.604152202606
    },
    "zerocrossingrate": {
        "mean": 0.0504151396453
    },
    "barkbands": {
        "mean": [0.000281022454146, 0.0112458793446, 0.00554104987532, 0.00294817937538, 0.00254807155579, 0.00207653874531, 0.00155914237257, 0.000742143078241, 0.00108543212991, 0.00103000411764, 0.000611948140431, 0.000636036100332, 0.000293281394988, 0.000503631366882, 0.000526081712451, 0.000456546113128, 0.000605103035923, 0.000587741611525, 0.000505903328303, 0.000300861080177, 0.000233986385865, 0.000165055957041, 0.000132920657052, 0.000133331137476, 9.33327464736e-05, 1.52956563397e-05, 6.4100322561e-07]
    },
    "erbbands": {
        "mean": [0.21487878263, 2.86694169044, 7.12907171249, 8.59276771545, 8.2294216156, 9.34445476532, 12.0024185181, 16.2023200989, 19.8795585632, 22.553068161, 19.854850769, 21.0662288666, 37.4178161621, 28.6283359528, 17.630361557, 24.9224796295, 16.0056343079, 23.1448631287, 21.1608371735, 30.4734687805, 29.5985584259, 36.1549797058, 31.9683380127, 28.739107132, 23.6017723083, 13.0461511612, 11.1624517441, 7.93761587143, 5.89000844955, 4.87891340256, 3.65425395966, 3.11625027657, 2.03933048248, 1.32087409496, 0.496701747179, 0.127607628703, 0.0177089180797, 0.00183975021355, 0.000136475893669, 4.81477181893e-05]
    },
    "gfcc": {
        "mean": [-11.7365169525, 107.426322937, -111.528182983, 50.100025177, -51.2854995728, 12.3629617691, -32.473991394, 12.2217960358, -18.2331142426, -1.46654069424, -12.0033864975, -2.1148583889, -8.84965610504],
        "cov": [[13958.7207031, -1761.75427246, -2241.92333984, 489.409790039, -575.244812012, 639.143005371, -328.406219482, 516.717712402, -207.451751709, 320.096313477, -135.292694092, 212.302688599, -290.293518066], [-1761.75427246, 1471.19592285, 215.37802124, -223.096786499, 332.532012939, -257.204040527, 222.546066284, -152.965835571, 157.630645752, -129.429122925, 121.101860046, -94.08177948, 118.761138916], [-2241.92333984, 215.37802124, 1250.20898438, 116.937477112, 49.9614830017, -5.69721984863, -35.7707214355, -63.6771850586, -19.2763366699, -65.6923675537, -2.25074052811, -13.3234958649, 50.8169326782], [489.409790039, -223.096786499, 116.937477112, 398.417663574, -24.6368789673, 13.1392030716, -14.2341108322, -31.4856758118, 0.352941185236, -1.6475007534, 5.19871854782, -8.44889354706, 11.1726484299], [-575.244812012, 332.532012939, 49.9614830017, -24.6368789673, 265.688598633, -20.6843204498, 88.1723709106, -1.48291766644, 57.8231735229, -15.6062631607, 41.1503105164, -16.4309673309, 36.8754386902], [639.143005371, -257.204040527, -5.69721984863, 13.1392030716, -20.6843204498, 229.041366577, 42.4174690247, 68.9592895508, -17.8532810211, 37.0618171692, -15.3498449326, 14.3643083572, -31.8096866608], [-328.406219482, 222.546066284, -35.7707214355, -14.2341108322, 88.1723709106, 42.4174690247, 227.289871216, -6.45963048935, 51.7488327026, -11.7887182236, 34.0194549561, -36.3299674988, 18.3822078705], [516.717712402, -152.965835571, -63.6771850586, -31.4856758118, -1.48291766644, 68.9592895508, -6.45963048935, 152.644821167, 18.8080368042, 33.9857330322, -4.03091669083, 26.8637142181, -15.2341423035], [-207.451751709, 157.630645752, -19.2763366699, 0.352941185236, 57.8231735229, -17.8532810211, 51.7488327026, 18.8080368042, 115.865005493, 18.3719768524, 32.3889160156, -20.904718399, 14.9881620407], [320.096313477, -129.429122925, -65.6923675537, -1.6475007534, -15.6062631607, 37.0618171692, -11.7887182236, 33.9857330322, 18.3719768524, 92.0291061401, 23.1251277924, 13.3995437622, -17.2198238373], [-135.292694092, 121.101860046, -2.25074052811, 5.19871854782, 41.1503105164, -15.3498449326, 34.0194549561, -4.03091669083, 32.3889160156, 23.1251277924, 88.4941329956, 17.9512577057, 18.5430335999], [212.302688599, -94.08177948, -13.3234958649, -8.44889354706, -16.4309673309, 14.3643083572, -36.3299674988, 26.8637142181, -20.904718399, 13.3995437622, 17.9512577057, 77.3016052246, 13.0042495728], [-290.293518066, 118.761138916, 50.8169326782, 11.1726484299, 36.8754386902, -31.8096866608, 18.3822078705, -15.2341423035, 14.9881620407, -17.2198238373, 18.5430335999, 13.0042495728, 69.9572067261]],
        "icov": [[0.000260749540757, -0.000513027829584, 0.00053704821039, -0.000786252086982, 0.0004543721152, -0.000792409759015, 0.000490911712404, -0.000728965562303, 0.000591680814978, -0.000616713310592, 0.00054486450972, -0.000546286755707, 0.00047939401702], [-0.000513027829584, 0.00375479692593, -0.00140572083183, 0.00322249042802, -0.00242677656934, 0.00317880813964, -0.0019668599125, 0.00272295926698, -0.00292872870341, 0.00385384494439, -0.00365289370529, 0.00286150793545, -0.00214983802289], [0.00053704821039, -0.00140572083183, 0.00206120219082, -0.00203625578433, 0.000930201262236, -0.00218591396697, 0.00156863988377, -0.00142248801421, 0.0015173770953, -0.00101745408028, 0.00124334869906, -0.0010069332784, 0.00051872630138], [-0.000786252086982, 0.00322249042802, -0.00203625578433, 0.00610033189878, -0.00193578505423, 0.00283149024472, -0.00171734020114, 0.00359697407112, -0.00314010726288, 0.00344251026399, -0.00363188167103, 0.00327291060239, -0.00281151663512], [0.0004543721152, -0.00242677656934, 0.000930201262236, -0.00193578505423, 0.00672687729821, -0.00209761620499, 0.000197399378521, -0.00244067213498, 0.00069045269629, -0.0016379095614, 0.00089993578149, -0.00122958305292, -5.37754340257e-06], [-0.000792409759015, 0.00317880813964, -0.00218591396697, 0.00283149024472, -0.00209761620499, 0.0101550202817, -0.00487344013527, 0.000455199769931, -0.00102027493995, 0.000866844085976, -0.00124168605544, 0.00103801686782, 0.000122053417726], [0.000490911712404, -0.0019668599125, 0.00156863988377, -0.00171734020114, 0.000197399378521, -0.00487344013527, 0.00846052914858, -0.00120628695004, 8.87711430551e-05, 7.50033268559e-06, -0.00101701612584, 0.00201258412562, -0.000416653580032], [-0.000728965562303, 0.00272295926698, -0.00142248801421, 0.00359697407112, -0.00244067213498, 0.000455199769931, -0.00120628695004, 0.0121083334088, -0.00558703113347, 0.00158348656259, -0.000801369198598, -0.00139862555079, -0.000682238198351], [0.000591680814978, -0.00292872870341, 0.0015173770953, -0.00314010726288, 0.00069045269629, -0.00102027493995, 8.87711430551e-05, -0.00558703113347, 0.0158824212849, -0.00612898590043, -0.00026501409593, 0.00256154802628, -0.000558783183806], [-0.000616713310592, 0.00385384494439, -0.00101745408028, 0.00344251026399, -0.0016379095614, 0.000866844085976, 7.50033268559e-06, 0.00158348656259, -0.00612898590043, 0.0198721140623, -0.00907742418349, 0.00239121634513, 0.000854357262142], [0.00054486450972, -0.00365289370529, 0.00124334869906, -0.00363188167103, 0.00089993578149, -0.00124168605544, -0.00101701612584, -0.000801369198598, -0.00026501409593, -0.00907742418349, 0.021258784458, -0.00953116547316, 0.0011520528933], [-0.000546286755707, 0.00286150793545, -0.0010069332784, 0.00327291060239, -0.00122958305292, 0.00103801686782, 0.00201258412562, -0.00139862555079, 0.00256154802628, 0.00239121634513, -0.00953116547316, 0.0229747444391, -0.00833378918469], [0.00047939401702, -0.00214983802289, 0.00051872630138, -0.00281151663512, -5.37754340257e-06, 0.000122053417726, -0.000416653580032, -0.000682238198351, -0.000558783183806, 0.000854357262142, 0.0011520528933, -0.00833378918469, 0.0215986296535]]
    },
    "melbands": {
        "mean": [0.00258618150838, 0.00379223120399, 0.00145228370093, 0.000615962373558, 0.000403749727411, 0.00038493424654, 0.000311789306579, 0.000223250812269, 0.000168134254636, 0.000139219046105, 0.000186747231055, 0.000115014627227, 6.80688463035e-05, 5.77882783546e-05, 6.16729666945e-05, 2.94255314657e-05, 4.57901296613e-05, 3.22454361594e-05, 4.54755208921e-05, 3.32648014592e-05, 3.37683959515e-05, 4.00218596042e-05, 2.77342423942e-05, 2.72579891316e-05, 2.26103675232e-05, 1.98570469365e-05, 1.2934337974e-05, 7.58090982345e-06, 7.13457438906e-06, 5.7207048485e-06, 4.1962684918e-06, 3.3883920878e-06, 2.99513203572e-06, 2.57276701632e-06, 2.06497566069e-06, 2.08365509025e-06, 1.8069753196e-06, 1.38422444707e-06, 1.35920504363e-06, 1.02805745428e-06]
    },
    "melbands128": {
        "mean": [0.000259303487837, 0.00123429542873, 0.00349056138657, 0.00529477372766, 0.0043170247227, 0.00238839909434, 0.00183462444693, 0.0012672591256, 0.000737613241654, 0.000626047025435, 0.000533589045517, 0.000318570557283, 0.000414615351474, 0.000463959615445, 0.000298419909086, 0.000417153845774, 0.000383437843993, 0.000220387300942, 0.000324741966324, 0.000286422407953, 0.000143191587995, 0.00013575857156, 0.000190833728993, 0.000187862373423, 9.58493037615e-05, 0.000126052604173, 0.000209463425563, 0.00021461614233, 0.000163781878655, 7.71717168391e-05, 0.000132448447403, 0.000117593968753, 5.59901127417e-05, 3.4338903788e-05, 5.52978890482e-05, 5.96026256972e-05, 6.77431453369e-05, 9.60663965088e-05, 2.58607378782e-05, 2.3938877348e-05, 3.00181873172e-05, 3.70054476662e-05, 4.82300238218e-05, 4.46729427495e-05, 5.14784551342e-05, 2.05820833798e-05, 2.01747716346e-05, 5.89898336329e-05, 4.79448863189e-05, 4.00938770326e-05, 2.66077659035e-05, 3.07484042423e-05, 3.91842804675e-05, 3.32528943545e-05, 2.88903884211e-05, 5.41036024515e-05, 3.50298214471e-05, 1.96338314709e-05, 2.92924578389e-05, 3.51566559402e-05, 2.39560722548e-05, 2.272454185e-05, 2.98137820209e-05, 1.81476843863e-05, 2.04778170882e-05, 2.32409875025e-05, 1.65544552146e-05, 1.54176432261e-05, 1.26903069031e-05, 8.39750919113e-06, 6.94433310855e-06, 7.81563994678e-06, 7.13613962944e-06, 6.72007081448e-06, 7.72682687966e-06, 5.81547692491e-06, 4.822106348e-06, 5.05376829096e-06, 3.89149408875e-06, 3.72129534298e-06, 3.47146419699e-06, 3.33357456839e-06, 2.91243622996e-06, 2.91982973977e-06, 3.27622933582e-06, 2.47567345468e-06, 2.43541103373e-06, 2.45135584009e-06, 1.87142825325e-06, 1.91040385289e-06, 2.1921100597e-06, 2.03836520996e-06, 2.13518001146e-06, 1.97585700334e-06, 1.49045990838e-06, 1.27731118482e-06, 1.43095780913e-06, 1.4186291537e-06, 1.3801119394e-06, 1.31237209189e-06, 1.27149678519e-06, 1.00986585494e-06, 7.10827919193e-07, 6.01794624799e-07, 5.59904776765e-07, 4.99912800933e-07, 4.01939246331e-07, 2.69657562058e-07, 1.92145535038e-07, 1.34920597361e-07, 9.00195615827e-08, 6.13709119079e-08, 4.1677182594e-08, 2.86499428626e-08, 2.13994670872e-08, 1.54422892251e-08, 9.33712485107e-09, 6.07198202829e-09, 3.54583562512e-09, 2.59590571261e-09, 2.02338412691e-09, 1.3447228886e-09, 1.16753218204e-09, 9.5146190926e-10, 8.7179363728e-10, 7.18729853411e-10, 4.36731872888e-10, 1.89274276807e-10]
    },
    "mfcc": {
        "mean": [-651.221069336, 127.203918457, 4.79010915756, 38.6844520569, 8.6413564682, 6.12104558945, 1.48745059967, 9.83976745605, 1.24387514591, 3.75593209267, 0.108650349081, 1.21554505825, 0.128019019961],
        "cov": [[14963.1777344, -2108.76586914, -1864.37390137, -386.108673096, -410.762145996, -1.46174991131, -91.9922714233, 137.3828125, -65.794342041, 150.450515747, 141.820541382, 114.51700592, 43.2937736511], [-2108.76586914, 1658.06518555, 7.61681318283, 65.3390579224, 84.2713241577, -32.7813606262, 33.5127296448, 24.8192062378, 24.4538478851, -0.536752998829, 1.39047980309, -12.1566953659, 16.9485969543], [-1864.37390137, 7.61681318283, 997.534545898, 152.753982544, 138.159790039, 48.5628967285, 18.1295928955, -17.5992279053, 2.365929842, -66.102684021, -40.0712547302, -13.3642988205, -13.825594902], [-386.108673096, 65.3390579224, 152.753982544, 339.458282471, 67.2673187256, 31.4187488556, -7.79756212234, -25.4217205048, 1.11365067959, -25.7674407959, -27.1151771545, 10.8402242661, -2.64955806732], [-410.762145996, 84.2713241577, 138.159790039, 67.2673187256, 200.574676514, -2.70205330849, -3.2745013237, 9.73613357544, 7.01959609985, -4.33517313004, -3.68982100487, -6.24920797348, 21.3802165985], [-1.46174991131, -32.7813606262, 48.5628967285, 31.4187488556, -2.70205330849, 152.461044312, 59.1523246765, 12.3232345581, 15.2240924835, 22.4676589966, 3.98849987984, 6.27390098572, 0.018695762381], [-91.9922714233, 33.5127296448, 18.1295928955, -7.79756212234, -3.2745013237, 59.1523246765, 129.946746826, 45.6176528931, 24.0359954834, 19.7329730988, 9.43014335632, 7.92722702026, 9.04901504517], [137.3828125, 24.8192062378, -17.5992279053, -25.4217205048, 9.73613357544, 12.3232345581, 45.6176528931, 106.947319031, 32.4322547913, 20.1552257538, 11.3233127594, 3.61508369446, 1.52913188934], [-65.794342041, 24.4538478851, 2.365929842, 1.11365067959, 7.01959609985, 15.2240924835, 24.0359954834, 32.4322547913, 83.924446106, 39.9688529968, 9.69033050537, 2.86166763306, 1.92111968994], [150.450515747, -0.536752998829, -66.102684021, -25.7674407959, -4.33517313004, 22.4676589966, 19.7329730988, 20.1552257538, 39.9688529968, 103.372886658, 34.3176345825, 10.2984600067, 8.81919574738], [141.820541382, 1.39047980309, -40.0712547302, -27.1151771545, -3.68982100487, 3.98849987984, 9.43014335632, 11.3233127594, 9.69033050537, 34.3176345825, 71.7389297485, 28.0113544464, 12.4057941437], [114.51700592, -12.1566953659, -13.3642988205, 10.8402242661, -6.24920797348, 6.27390098572, 7.92722702026, 3.61508369446, 2.86166763306, 10.2984600067, 28.0113544464, 77.448638916, 29.8204097748], [43.2937736511, 16.9485969543, -13.825594902, -2.64955806732, 21.3802165985, 0.018695762381, 9.04901504517, 1.52913188934, 1.92111968994, 8.81919574738, 12.4057941437, 29.8204097748, 67.8198699951]],
        "icov": [[0.000119435957458, 0.000146698846947, 0.000206880853511, -1.12648904178e-05, 5.47919080418e-05, -6.37022894807e-05, 0.000120744560263, -0.000229466008022, 0.000127390652779, -1.89011880138e-05, -7.52044215915e-05, -6.01352512604e-05, -6.03154694545e-05], [0.000146698846947, 0.000815772800706, 0.000295406702207, -0.000151001586346, -0.000157837275765, 0.000175228837179, -0.000119336247735, -0.000312310643494, 8.02126032795e-06, 4.43212738901e-05, -0.000185888406122, 0.000119198935863, -0.000194917243789], [0.000206880853511, 0.000295406702207, 0.00161174696404, -0.000294394645607, -0.000731900159735, -0.000468254031148, -4.77715657325e-05, -0.000105383449409, -0.000148135761265, 0.000791780243162, 4.59374496131e-05, -0.000194712760276, 0.000329233560478], [-1.12648904178e-05, -0.000151001586346, -0.000294394645607, 0.00367680704221, -0.00111593597103, -0.000908207905013, 0.000322580512147, 0.00091438886011, -0.00055623165099, 0.000507899152581, 0.00133826374076, -0.00149580836296, 0.000779566413257], [5.47919080418e-05, -0.000157837275765, -0.000731900159735, -0.00111593597103, 0.00647451682016, 0.000336669530952, 0.000750231789425, -0.00127448898274, -5.83141763855e-06, -0.000253522273852, -0.000582991400734, 0.0017802285729, -0.00294387456961], [-6.37022894807e-05, 0.000175228837179, -0.000468254031148, -0.000908207905013, 0.000336669530952, 0.00873022247106, -0.00408639898524, 0.00075860513607, 1.49866909851e-05, -0.00182341993786, 0.000326805689838, -0.000220924746827, 0.000559577427339], [0.000120744560263, -0.000119336247735, -4.77715657325e-05, 0.000322580512147, 0.000750231789425, -0.00408639898524, 0.0114974202588, -0.00427062110975, -0.000745312718209, -4.2148411012e-05, -0.000281673332211, -8.46431648824e-05, -0.00160222011618], [-0.000229466008022, -0.000312310643494, -0.000105383449409, 0.00091438886011, -0.00127448898274, 0.00075860513607, -0.00427062110975, 0.0129824439064, -0.00397021137178, 0.000179253533133, -0.000467127130833, -0.00038247188786, 0.00126022147015], [0.000127390652779, 8.02126032795e-06, -0.000148135761265, -0.00055623165099, -5.83141763855e-06, 1.49866909851e-05, -0.000745312718209, -0.00397021137178, 0.0166416540742, -0.0062574101612, 0.000913130061235, -9.25207787077e-05, 0.000271488795988], [-1.89011880138e-05, 4.43212738901e-05, 0.000791780243162, 0.000507899152581, -0.000253522273852, -0.00182341993786, -4.2148411012e-05, 0.000179253533133, -0.0062574101612, 0.0150229809806, -0.0058031915687, 0.000878258317243, -0.000836698513012], [-7.52044215915e-05, -0.000185888406122, 4.59374496131e-05, 0.00133826374076, -0.000582991400734, 0.000326805689838, -0.000281673332211, -0.000467127130833, 0.000913130061235, -0.0058031915687, 0.0198971834034, -0.00675002252683, 0.000445035111625], [-6.01352512604e-05, 0.000119198935863, -0.000194712760276, -0.00149580836296, 0.0017802285729, -0.000220924746827, -8.46431648824e-05, -0.00038247188786, -9.25207787077e-05, 0.000878258317243, -0.00675002252683, 0.0186849720776, -0.00772341014817], [-6.03154694545e-05, -0.000194917243789, 0.000329233560478, 0.000779566413257, -0.00294387456961, 0.000559577427339, -0.00160222011618, 0.00126022147015, 0.000271488795988, -0.000836698513012, 0.000445035111625, -0.00772341014817, 0.0194586869329]]
    },
    "spectral_contrast_coeffs": {
        "mean": [-0.714769780636, -0.752929866314, -0.770021319389, -0.798757016659, -0.792908549309, -0.760667264462]
    },
    "spectral_contrast_valleys": {
        "mean": [-6.42853307724, -6.84665107727, -7.54205942154, -7.76170444489, -7.51493740082, -10.4135580063]
    }
},
"rhythm": {
    "beats_count": 581,
    "beats_loudness": {
        "mean": 0.0462292730808
    },
    "bpm": 136.015960693,
    "bpm_histogram_first_peak_bpm": 136,
    "bpm_histogram_first_peak_weight": 0.381555199623,
    "bpm_histogram_second_peak_bpm": 129,
    "bpm_histogram_second_peak_spread": 0.312499940395,
    "bpm_histogram_second_peak_weight": 0.018965518102,
    "danceability": 1.15294194221,
    "onset_rate": 2.60843586922,
    "beats_loudness_band_ratio": {
        "mean": [0.6816598773, 0.11436047405, 0.0877737700939, 0.0531683787704, 0.0547311529517, 0.0380853116512]
    },
    "beats_position": [0.406349211931, 0.824308395386, 1.25387752056, 1.68344664574, 2.11301589012, 2.54258489609, 2.96054410934, 3.39011335373, 3.83129239082, 4.27247142792, 4.71365070343, 5.15482997894, 5.59600877762, 6.03718805313, 6.47836732864, 6.91954612732, 7.36072540283, 7.80190467834, 8.2198638916, 8.64943313599, 9.07900238037, 9.50857162476, 9.93814086914, 10.3677091599, 10.7972784042, 11.2268476486, 11.656416893, 12.0975961685, 12.5271654129, 12.9567346573, 13.3979139328, 13.8274831772, 14.2570514679, 14.6866207123, 15.1277999878, 15.5689792633, 16.0101585388, 16.4629478455, 16.904127121, 17.3569164276, 17.8097057343, 18.2392749786, 18.6688423157, 19.1100215912, 19.5512008667, 20.0039901733, 20.45677948, 20.8979587555, 21.339138031, 21.7687072754, 22.1982765198, 22.6278457642, 23.0574150085, 23.4985942841, 23.9397735596, 24.3809528351, 24.8221302032, 25.2633094788, 25.7044887543, 26.1456680298, 26.5752372742, 27.0048065186, 27.4459857941, 27.8871650696, 28.3283443451, 28.7695236206, 29.2223129272, 29.6751022339, 30.1162815094, 30.5574588776, 30.9986381531, 31.4398174286, 31.8926067352, 32.3453979492, 32.7865753174, 33.2277526855, 33.6689338684, 34.1101112366, 34.5629005432, 35.0156898499, 35.4684791565, 35.9096603394, 36.3508377075, 36.7804069519, 37.2215881348, 37.6627655029, 38.1039466858, 38.545124054, 38.9863014221, 39.427482605, 39.8686599731, 40.2982292175, 40.7277984619, 41.1689796448, 41.6101570129, 42.0513381958, 42.492515564, 42.9336967468, 43.374874115, 43.8276634216, 44.257232666, 44.6984100342, 45.139591217, 45.5807685852, 46.0219497681, 46.4747390747, 46.9275283813, 47.3687057495, 47.8098869324, 48.2510643005, 48.6922454834, 49.1334228516, 49.5746040344, 50.0273895264, 50.480178833, 50.9213600159, 51.362537384, 51.8037185669, 52.2448959351, 52.6860771179, 53.1272544861, 53.5800437927, 54.0328330994, 54.4740142822, 54.9268035889, 55.367980957, 55.7975502014, 56.2387275696, 56.6799087524, 57.1210861206, 57.5622673035, 58.0034446716, 58.4446258545, 58.8858032227, 59.3269844055, 59.7681617737, 60.2093429565, 60.6621322632, 61.1149177551, 61.5677070618, 62.0088882446, 62.4616775513, 62.9028549194, 63.3440361023, 63.7968254089, 64.2496109009, 64.7024002075, 65.1551895142, 65.5963668823, 66.0375518799, 66.478729248, 66.9199066162, 67.3610839844, 67.8022689819, 68.2434463501, 68.6846237183, 69.1141967773, 69.5553741455, 69.9849395752, 70.4261245728, 70.8673019409, 71.2968673706, 71.7380523682, 72.1792297363, 72.6204071045, 73.0615844727, 73.5027618408, 73.9439468384, 74.396736145, 74.8379135132, 75.2907028198, 75.731880188, 76.1730575562, 76.6258468628, 77.0670318604, 77.5198135376, 77.9726028442, 78.4137878418, 78.85496521, 79.2961425781, 79.7373199463, 80.1785049438, 80.619682312, 81.0608596802, 81.5020370483, 81.9432220459, 82.3843994141, 82.8371887207, 83.2899780273, 83.7311553955, 84.1723327637, 84.6135101318, 85.0546951294, 85.4958724976, 85.9370498657, 86.3782272339, 86.8194122314, 87.2605895996, 87.7017669678, 88.1429443359, 88.5957336426, 89.0485229492, 89.4897003174, 89.942489624, 90.3836746216, 90.8364639282, 91.2892532349, 91.7420425415, 92.1832199097, 92.6243972778, 93.065574646, 93.5067520142, 93.9479370117, 94.3891143799, 94.830291748, 95.2714691162, 95.7242584229, 96.1770477295, 96.6182327271, 97.0594100952, 97.5005874634, 97.9417648315, 98.3829498291, 98.8357315063, 99.288520813, 99.7413101196, 100.194099426, 100.646888733, 101.09967804, 101.552467346, 102.005256653, 102.458045959, 102.910835266, 103.363624573, 103.816413879, 104.269203186, 104.721992493, 105.174781799, 105.615959167, 106.057144165, 106.486709595, 106.927886963, 107.36907196, 107.810249329, 108.251426697, 108.692604065, 109.133781433, 109.563354492, 109.992919922, 110.434104919, 110.875282288, 111.316459656, 111.757637024, 112.210426331, 112.663215637, 113.116004944, 113.56879425, 114.021583557, 114.474372864, 114.938774109, 115.391563416, 115.844352722, 116.28553009, 116.726707458, 117.167892456, 117.620681763, 118.07346344, 118.514648438, 118.955825806, 119.397003174, 119.84979248, 120.302581787, 120.743759155, 121.184944153, 121.626121521, 122.078910828, 122.520088196, 122.961265564, 123.402442932, 123.855232239, 124.296417236, 124.737594604, 125.190383911, 125.643173218, 126.084350586, 126.525527954, 126.978317261, 127.431106567, 127.860679626, 128.290252686, 128.731430054, 129.172607422, 129.61378479, 130.054962158, 130.496139526, 130.937316895, 131.378494263, 131.81968689, 132.260864258, 132.713653564, 133.166442871, 133.607620239, 134.048797607, 134.489974976, 134.931152344, 135.372329712, 135.81350708, 136.266296387, 136.707473755, 137.160263062, 137.601455688, 138.042633057, 138.495422363, 138.94821167, 139.389389038, 139.830566406, 140.271743774, 140.712921143, 141.154098511, 141.595275879, 142.024856567, 142.466033936, 142.907211304, 143.336776733, 143.777954102, 144.21913147, 144.660308838, 145.113098145, 145.565887451, 146.007064819, 146.448257446, 146.889434814, 147.330612183, 147.771789551, 148.212966919, 148.654144287, 149.095321655, 149.536499023, 149.97769165, 150.418869019, 150.860046387, 151.301223755, 151.742401123, 152.183578491, 152.624755859, 153.065933228, 153.507110596, 153.948303223, 154.377868652, 154.807434082, 155.24861145, 155.689788818, 156.130966187, 156.572158813, 157.013336182, 157.45451355, 157.895690918, 158.336868286, 158.778045654, 159.207611084, 159.637191772, 160.078369141, 160.519546509, 160.949111938, 161.378677368, 161.808258057, 162.237823486, 162.679000854, 163.120178223, 163.549743652, 163.990921021, 164.432098389, 164.861679077, 165.302856445, 165.744033813, 166.185211182, 166.638000488, 167.090789795, 167.531967163, 167.98475647, 168.449157715, 168.901947021, 169.34312439, 169.784301758, 170.225479126, 170.666656494, 171.096237183, 171.525802612, 171.955368042, 172.39654541, 172.826126099, 173.267303467, 173.696868896, 174.138046265, 174.567611694, 174.997192383, 175.426757812, 175.856323242, 176.309112549, 176.750289917, 177.203079224, 177.644256592, 178.08543396, 178.526611328, 178.967803955, 179.408981323, 179.850158691, 180.29133606, 180.744125366, 181.196914673, 181.649703979, 182.102493286, 182.532058716, 182.973236084, 183.414413452, 183.85559082, 184.285171509, 184.726348877, 185.167526245, 185.620315552, 186.06149292, 186.502670288, 186.943847656, 187.373413086, 187.802993774, 188.244171143, 188.685348511, 189.126525879, 189.567703247, 190.008880615, 190.450057983, 190.879638672, 191.309204102, 191.75038147, 192.191558838, 192.632736206, 193.073913574, 193.515090942, 193.956283569, 194.397460938, 194.838638306, 195.268203735, 195.697769165, 196.138946533, 196.58013916, 197.00970459, 197.43927002, 197.880447388, 198.310012817, 198.751205444, 199.180770874, 199.621948242, 200.06312561, 200.49269104, 200.92225647, 201.363449097, 201.793014526, 202.222579956, 202.663757324, 203.104934692, 203.534515381, 203.975692749, 204.405258179, 204.846435547, 205.287612915, 205.728790283, 206.169967651, 206.59954834, 207.02911377, 207.458679199, 207.888244629, 208.317825317, 208.747390747, 209.188568115, 209.629745483, 210.070922852, 210.51210022, 210.953277588, 211.394470215, 211.824035645, 212.265213013, 212.683166504, 213.112747192, 213.530700684, 213.948654175, 214.378234863, 214.807800293, 215.225753784, 215.666931152, 216.108108521, 216.549285889, 216.990478516, 217.431655884, 217.88444519, 218.337234497, 218.778411865, 219.219589233, 219.660766602, 220.10194397, 220.543121338, 220.984298706, 221.425476074, 221.866668701, 222.307846069, 222.749023438, 223.190200806, 223.631378174, 224.095779419, 224.548568726, 225.012969971, 225.477371216, 225.941757202, 226.406158447, 226.870559692, 227.369796753, 227.845794678, 228.321807861, 228.809432983, 229.285430908, 229.761444092, 230.237457275, 230.690246582, 231.13142395, 231.572601318, 232.013778687, 232.454956055, 232.884536743, 233.325714111, 233.778503418, 234.219680786, 234.660858154, 235.090423584, 235.531600952, 235.97277832, 236.413970947, 236.843536377, 237.284713745, 237.725891113, 238.167068481, 238.60824585, 239.049423218, 239.490600586, 239.931793213, 240.372970581, 240.814147949, 241.243713379, 241.673278809, 242.114456177, 242.555648804, 242.996826172, 243.43800354, 243.86756897, 244.297134399, 244.726715088, 245.156280518, 245.597457886, 246.027023315, 246.456588745, 246.897766113, 247.327346802, 247.756912231, 248.186477661, 248.604446411, 249.034011841, 249.451965332, 249.8931427, 250.334320068, 250.763900757, 251.205078125, 251.657867432, 252.110656738, 252.563446045, 253.016235352, 253.469024658, 253.910202026, 254.351379395, 254.804168701, 255.256958008, 255.721359253, 256.185760498, 256.650146484],
    "bpm_histogram": [0, 0, 0, 0, 0, 0, 0, 0, 0, 0, 0, 0, 0, 0, 0, 0, 0, 0, 0, 0, 0, 0, 0, 0, 0, 0, 0, 0, 0, 0, 0, 0, 0, 0, 0, 0, 0, 0, 0, 0, 0, 0, 0, 0, 0, 0, 0, 0, 0, 0, 0, 0, 0, 0, 0, 0, 0, 0, 0, 0, 0, 0, 0, 0, 0, 0, 0, 0, 0, 0, 0, 0, 0, 0, 0, 0, 0, 0, 0, 0, 0, 0, 0, 0, 0, 0, 0, 0, 0, 0, 0, 0, 0, 0, 0, 0, 0, 0, 0, 0, 0, 0, 0, 0, 0, 0, 0, 0, 0, 0, 0, 0, 0, 0, 0, 0, 0, 0, 0, 0, 0.00172413792461, 0, 0, 0.00172413792461, 0, 0, 0.00862068962306, 0, 0, 0.018965518102, 0, 0, 0, 0.184482753277, 0, 0, 0.589655160904, 0, 0, 0, 0.17931035161, 0, 0, 0, 0.0155172413215, 0, 0, 0, 0, 0, 0, 0, 0, 0, 0, 0, 0, 0, 0, 0, 0, 0, 0, 0, 0, 0, 0, 0, 0, 0, 0, 0, 0, 0, 0, 0, 0, 0, 0, 0, 0, 0, 0, 0, 0, 0, 0, 0, 0, 0, 0, 0, 0, 0, 0, 0, 0, 0, 0, 0, 0, 0, 0, 0, 0, 0, 0, 0, 0, 0, 0, 0, 0, 0, 0, 0, 0, 0, 0, 0, 0, 0, 0, 0, 0, 0, 0, 0, 0, 0, 0, 0, 0, 0, 0, 0, 0, 0, 0, 0, 0, 0, 0, 0, 0, 0, 0, 0, 0, 0]
},
"tonal": {
    "chords_changes_rate": 0.0465703979135,
    "chords_number_rate": 0.00216606492177,
    "chords_strength": {
        "mean": 0.554897606373
    },
    "hpcp_crest": {
        "mean": 12.899559021
    },
    "hpcp_entropy": {
        "mean": 2.10783481598
    },
    "key_edma": {
        "strength": 0.849645078182,
        "key": "Ab",
        "scale": "minor"
    },
    "key_krumhansl": {
        "strength": 0.852376878262,
        "key": "Ab",
        "scale": "minor"
    },
    "key_temperley": {
        "strength": 0.843526005745,
        "key": "Ab",
        "scale": "minor"
    },
    "tuning_diatonic_strength": 0.603462994099,
    "tuning_equal_tempered_deviation": 0.138894841075,
    "tuning_frequency": 435.952270508,
    "tuning_nontempered_energy_ratio": 0.846644222736,
    "hpcp": {
        "mean": [0.0468154922128, 0.0405689515173, 0.0571093410254, 0.1469617486, 0.16391505301, 0.0952078476548, 0.13373541832, 0.132892265916, 0.060973778367, 0.0406220182776, 0.0353226847947, 0.0462229251862, 0.079588778317, 0.0795244574547, 0.0520748719573, 0.0532636828721, 0.0751897767186, 0.198128029704, 0.395121186972, 0.300512850285, 0.0974757671356, 0.0865219905972, 0.0834090560675, 0.0646208152175, 0.0686299428344, 0.0639260262251, 0.0639838278294, 0.121306546032, 0.126872673631, 0.0926624163985, 0.111959174275, 0.0939028635621, 0.103248499334, 0.250030696392, 0.231818109751, 0.0803667008877]
    },
    "chords_histogram": [23.086643219, 9.94584846497, 3.05054140091, 4.47653436661, 0.198555961251, 1.76895308495, 0.415162444115, 13.7545127869, 1.29963898659, 28.8086643219, 2.43682312965, 0.397111922503, 0, 0, 0, 0, 0.108303248882, 0.505415141582, 0.361010819674, 0.0180505421013, 1.78700363636, 0, 2.92418766022, 4.65703964233],
    "thpcp": [1, 0.760558664799, 0.246698409319, 0.218975827098, 0.211097404361, 0.163546830416, 0.173693403602, 0.161788403988, 0.161934688687, 0.30701097846, 0.32109811902, 0.234516441822, 0.283354014158, 0.237655848265, 0.261308431625, 0.632794976234, 0.586701273918, 0.203397601843, 0.118483878672, 0.10267470777, 0.144536271691, 0.371940940619, 0.414847552776, 0.240958601236, 0.338466823101, 0.336332917213, 0.154316648841, 0.102809011936, 0.0893970876932, 0.116984173656, 0.20142878592, 0.201265990734, 0.131794691086, 0.134803414345, 0.190295487642, 0.501436114311],
    "chords_key": "Eb",
    "chords_scale": "major"
}
}