{
"metadata": {
    "version": {
        "essentia": "2.1-beta6-dev",
        "essentia_git_sha": "v2.1_beta5-1177-g1d1cc983",
        "extractor": "music 2.0"
    },
    "audio_properties": {
        "analysis": {
            "equal_loudness": 0,
            "length": 178.306671143,
            "sample_rate": 44100,
            "start_time": 0,
            "downmix": "mix"
        },
        "bit_rate": 1411200,
        "length": 178.306671143,
        "lossless": 1,
        "number_channels": 2,
        "replay_gain": -12.8155384064,
        "sample_rate": 44100,
        "codec": "pcm_s16le",
        "md5_encoded": "3da52637da5822722600c4277950d354"
    },
    "tags": {
        "file_name": "01 - Manchester Orchestra - The Maze.wav",
        "album": ["A Black Mile To The Surface"],
        "albumartist": ["Manchester Orchestra"],
        "artist": ["Manchester Orchestra"],
        "composer": ["Andy Hull"],
        "copyright": ["℗ 2017 Loma Vista Recordings."],
        "date": ["2017"],
        "discnumber": ["1"],
        "disctotal": ["1"],
        "genre": ["Alternative & Indie"],
        "isrc": ["USC4R1702129"],
        "title": ["The Maze"],
        "tracknumber": ["1"],
        "tracktotal": ["11"]
    }
},
"lowlevel": {
    "average_loudness": 0.545963466167,
    "barkbands_crest": {
        "mean": 12.491891861
    },
    "barkbands_flatness_db": {
        "mean": 0.228054344654
    },
    "barkbands_kurtosis": {
        "mean": 6.76955890656
    },
    "barkbands_skewness": {
        "mean": 1.94183588028
    },
    "barkbands_spread": {
        "mean": 13.0068788528
    },
    "dissonance": {
        "mean": 0.448965519667
    },
    "dynamic_complexity": 6.23516654968,
    "erbbands_crest": {
        "mean": 9.70694923401
    },
    "erbbands_flatness_db": {
        "mean": 0.221036419272
    },
    "erbbands_kurtosis": {
        "mean": 0.335339814425
    },
    "erbbands_skewness": {
        "mean": 0.0842817500234
    },
    "erbbands_spread": {
        "mean": 27.4467544556
    },
    "hfc": {
        "mean": 13.436419487
    },
    "loudness_ebu128": {
        "integrated": -9.80036258698,
        "loudness_range": 13.3648958206,
        "momentary": {
            "mean": -14.706445694
        },
        "short_term": {
            "mean": -13.0262365341
        }
    },
    "melbands_crest": {
        "mean": 17.3292865753
    },
    "melbands_flatness_db": {
        "mean": 0.332896441221
    },
    "melbands_kurtosis": {
        "mean": 14.3025903702
    },
    "melbands_skewness": {
        "mean": 2.89380502701
    },
    "melbands_spread": {
        "mean": 14.1646871567
    },
    "pitch_salience": {
        "mean": 0.474416196346
    },
    "silence_rate_20dB": {
        "mean": 1
    },
    "silence_rate_30dB": {
        "mean": 0.953131079674
    },
    "silence_rate_60dB": {
        "mean": 0.17510740459
    },
    "spectral_centroid": {
        "mean": 877.402709961
    },
    "spectral_complexity": {
        "mean": 14.2254915237
    },
    "spectral_decrease": {
        "mean": -9.39445410353e-09
    },
    "spectral_energy": {
        "mean": 0.0366754233837
    },
    "spectral_energyband_high": {
        "mean": 0.000155772664584
    },
    "spectral_energyband_low": {
        "mean": 0.023958036676
    },
    "spectral_energyband_middle_high": {
        "mean": 0.004934404511
    },
    "spectral_energyband_middle_low": {
        "mean": 0.00876756571233
    },
    "spectral_entropy": {
        "mean": 6.83617305756
    },
    "spectral_flux": {
        "mean": 0.0777731090784
    },
    "spectral_kurtosis": {
        "mean": 18.1723461151
    },
    "spectral_rms": {
        "mean": 0.0051457779482
    },
    "spectral_rolloff": {
        "mean": 859.359680176
    },
    "spectral_skewness": {
        "mean": 2.70656991005
    },
    "spectral_spread": {
        "mean": 2577158.25
    },
    "spectral_strongpeak": {
        "mean": 0.507393598557
    },
    "zerocrossingrate": {
        "mean": 0.0315696299076
    },
    "barkbands": {
        "mean": [0.000510558835231, 0.015558606945, 0.00683954078704, 0.00200771004893, 0.0022166564595, 0.00132618076168, 0.00143176992424, 0.00105565297417, 0.000531051424332, 0.00142132013571, 0.000517630076502, 0.000641723396257, 0.000619962986093, 0.000383981096093, 0.000316070247209, 0.000240555513301, 0.000282779365079, 0.000411653134506, 0.000166509882547, 5.82074353588e-05, 2.92998956866e-05, 3.31208175339e-05, 2.01480379474e-05, 2.62469511654e-05, 2.21846585191e-05, 5.93639379076e-06, 4.75379181353e-07]
    },
    "erbbands": {
        "mean": [0.454386025667, 3.45096874237, 8.20007801056, 7.07812023163, 6.88613891602, 7.30989742279, 8.2143573761, 12.4349718094, 20.193151474, 18.6272926331, 22.3519420624, 12.6798429489, 27.7314338684, 42.5777244568, 26.3066310883, 21.8759498596, 29.3927631378, 17.21159935, 22.7717781067, 12.3347549438, 15.3427610397, 16.5241680145, 22.104675293, 12.9834461212, 7.16691970825, 3.01323962212, 1.32388091087, 1.10934042931, 1.18315804005, 0.802549421787, 0.625809133053, 0.578714609146, 0.417520344257, 0.345799714327, 0.0942580699921, 0.0297101140022, 0.0109765268862, 0.00154553179163, 9.89586478681e-05, 4.46854101028e-05]
    },
    "gfcc": {
        "mean": [-107.899719238, 167.023742676, -112.543960571, 9.03896808624, -21.9306526184, 1.49208879471, -21.253698349, 12.0081176758, -16.2397441864, -5.02908086777, -6.14316225052, -2.74534678459, -5.03679943085],
        "cov": [[25760.8105469, -394.384429932, -1026.05200195, 1973.48754883, -868.364135742, 1489.25585938, -401.46194458, 619.46862793, 72.0244369507, 416.562927246, 210.395263672, 250.829528809, -388.351074219], [-394.384429932, 2590.85107422, 41.3754119873, -591.932922363, 878.325805664, -378.066253662, 428.377044678, -212.762390137, 63.6485595703, -85.6643753052, 64.8681869507, -157.752120972, 202.973175049], [-1026.05200195, 41.3754119873, 822.024353027, 103.634056091, -13.895860672, 158.157714844, 52.6525840759, -45.0784187317, -90.6425552368, -6.1448135376, -80.0125808716, -36.4888648987, 29.721780777], [1973.48754883, -591.932922363, 103.634056091, 738.447021484, -223.047531128, 124.267723083, -47.5772094727, 56.1022911072, -41.7099266052, 4.73941326141, -10.3089704514, 43.9093017578, -42.4924201965], [-868.364135742, 878.325805664, -13.895860672, -223.047531128, 558.172546387, -141.584991455, 186.910064697, -29.6706829071, 47.1959037781, -60.938331604, 48.8483886719, -60.9323043823, 43.8544769287], [1489.25585938, -378.066253662, 158.157714844, 124.267723083, -141.584991455, 394.328430176, -22.6075878143, 51.3488998413, -8.60504817963, 48.4734268188, -16.8697299957, 11.5278167725, -73.0133743286], [-401.46194458, 428.377044678, 52.6525840759, -47.5772094727, 186.910064697, -22.6075878143, 320.070281982, -72.2988586426, 22.4169101715, 60.5712280273, 4.26067018509, -29.1725635529, 67.2455825806], [619.46862793, -212.762390137, -45.0784187317, 56.1022911072, -29.6706829071, 51.3488998413, -72.2988586426, 163.737579346, 24.454334259, -17.9404602051, 36.200088501, 20.1247634888, -48.9060096741], [72.0244369507, 63.6485595703, -90.6425552368, -41.7099266052, 47.1959037781, -8.60504817963, 22.4169101715, 24.454334259, 145.450256348, 47.7993507385, 36.9868583679, 0.369874358177, 16.7170352936], [416.562927246, -85.6643753052, -6.1448135376, 4.73941326141, -60.938331604, 48.4734268188, 60.5712280273, -17.9404602051, 47.7993507385, 184.429046631, 9.30635452271, 1.43647825718, 45.2279891968], [210.395263672, 64.8681869507, -80.0125808716, -10.3089704514, 48.8483886719, -16.8697299957, 4.26067018509, 36.200088501, 36.9868583679, 9.30635452271, 113.212417603, 18.2695827484, -9.58875083923], [250.829528809, -157.752120972, -36.4888648987, 43.9093017578, -60.9323043823, 11.5278167725, -29.1725635529, 20.1247634888, 0.369874358177, 1.43647825718, 18.2695827484, 77.5662002563, -0.500780165195], [-388.351074219, 202.973175049, 29.721780777, -42.4924201965, 43.8544769287, -73.0133743286, 67.2455825806, -48.9060096741, 16.7170352936, 45.2279891968, -9.58875083923, -0.500780165195, 125.909538269]],
        "icov": [[0.000260468630586, -0.000825573632028, 0.000640314712655, -0.000879540632013, 0.000559708685614, -0.00116273073945, 0.000572014832869, -0.000850985059515, 0.000354219577275, -0.000930077338126, 0.000317197002005, -0.000729811727069, 0.000489344645757], [-0.000825573632028, 0.00386541476473, -0.00211337953806, 0.00316670723259, -0.00299937906675, 0.00390077172779, -0.00230834167451, 0.00345280347392, -0.00116866244934, 0.00358041469008, -0.00170179153793, 0.00336782215163, -0.00257653277367], [0.000640314712655, -0.00211337953806, 0.00320670311339, -0.00237636035308, 0.00129773921799, -0.00373009778559, 0.00135160190985, -0.00201356946491, 0.00170900917146, -0.002072814852, 0.00138165673707, -0.00120356341358, 0.000321991043165], [-0.000879540632013, 0.00316670723259, -0.00237636035308, 0.00475363619626, -0.0015954192495, 0.00385026005097, -0.00244521861896, 0.00261120405048, -0.000987383536994, 0.00351742235944, -0.00139691901859, 0.00231021572836, -0.00177350419108], [0.000559708685614, -0.00299937906675, 0.00129773921799, -0.0015954192495, 0.00592354964465, -0.00211485801265, -0.000298978760839, -0.00295004341751, -6.7394998041e-05, -0.0006264099502, -0.000135499140015, -0.000721299904399, 0.00166177330539], [-0.00116273073945, 0.00390077172779, -0.00373009778559, 0.00385026005097, -0.00211485801265, 0.00915979687124, -0.0031245208811, 0.0030481191352, -0.0018876849208, 0.00285854819231, -0.00100540032145, 0.00296556390822, 0.000365359039279], [0.000572014832869, -0.00230834167451, 0.00135160190985, -0.00244521861896, -0.000298978760839, -0.0031245208811, 0.00664637051523, -0.000591312244069, 0.000943922088481, -0.00411904836074, 0.000936500029638, -0.00178879150189, 0.000272588076768], [-0.000850985059515, 0.00345280347392, -0.00201356946491, 0.00261120405048, -0.00295004341751, 0.0030481191352, -0.000591312244069, 0.0118283526972, -0.00273681525141, 0.00393135426566, -0.00340756261721, 0.00202705548145, -0.000429295701906], [0.000354219577275, -0.00116866244934, 0.00170900917146, -0.000987383536994, -6.7394998041e-05, -0.0018876849208, 0.000943922088481, -0.00273681525141, 0.00977912824601, -0.0037274362985, -0.00111521722283, -0.000584467314184, -0.000445194338681], [-0.000930077338126, 0.00358041469008, -0.002072814852, 0.00351742235944, -0.0006264099502, 0.00285854819231, -0.00411904836074, 0.00393135426566, -0.0037274362985, 0.0122148189694, -0.00280815199949, 0.00425482681021, -0.00545114604756], [0.000317197002005, -0.00170179153793, 0.00138165673707, -0.00139691901859, -0.000135499140015, -0.00100540032145, 0.000936500029638, -0.00340756261721, -0.00111521722283, -0.00280815199949, 0.0126036722213, -0.00466085178778, 0.00266267731786], [-0.000729811727069, 0.00336782215163, -0.00120356341358, 0.00231021572836, -0.000721299904399, 0.00296556390822, -0.00178879150189, 0.00202705548145, -0.000584467314184, 0.00425482681021, -0.00466085178778, 0.0190134905279, -0.00463282875717], [0.000489344645757, -0.00257653277367, 0.000321991043165, -0.00177350419108, 0.00166177330539, 0.000365359039279, 0.000272588076768, -0.000429295701906, -0.000445194338681, -0.00545114604756, 0.00266267731786, -0.00463282875717, 0.0144528103992]]
    },
    "melbands": {
        "mean": [0.00419783219695, 0.00426081568003, 0.00125165935606, 0.000520728062838, 0.000295095378533, 0.000269066484179, 0.000311766547384, 0.000219812602154, 0.000164179204148, 7.30457977625e-05, 0.000145132275065, 0.000186416102224, 8.57439517858e-05, 8.09888952062e-05, 5.11736907356e-05, 5.67751303606e-05, 2.99132116197e-05, 4.08843479818e-05, 1.80678343895e-05, 1.38266932481e-05, 1.84537293535e-05, 1.52943084686e-05, 2.12424529309e-05, 1.98227753572e-05, 9.40396512306e-06, 5.9928038354e-06, 3.51880771632e-06, 1.58679733886e-06, 8.45175861741e-07, 6.3699110342e-07, 6.43490636776e-07, 6.57225882605e-07, 6.60524165141e-07, 3.45359836729e-07, 3.6326119357e-07, 3.56131153012e-07, 3.50614413946e-07, 2.78552192867e-07, 3.1983464055e-07, 2.81212976461e-07]
    },
    "melbands128": {
        "mean": [0.000482718052808, 0.00340449158102, 0.0058579700999, 0.00558847095817, 0.00474577536806, 0.0029645874165, 0.00140297121834, 0.000961427227594, 0.000613700656686, 0.000594754877966, 0.000363736413419, 0.000306394067593, 0.00024956514244, 0.000313884869684, 0.000288418552373, 0.000248816155363, 0.000220763875404, 0.000439417082816, 0.000257777748629, 0.00015299768711, 0.000235156534472, 0.000315528275678, 0.000101861209259, 9.21553437365e-05, 9.12350369617e-05, 4.15252761741e-05, 9.36529686442e-05, 0.00012449696078, 0.000216153406654, 0.000273251178442, 0.000130079104565, 0.000101220153738, 9.24269625102e-05, 4.39718642156e-05, 0.000142757999129, 6.75400806358e-05, 3.56914824806e-05, 2.50777156907e-05, 8.71267257025e-05, 8.12609796412e-05, 4.04246384278e-05, 3.72341673938e-05, 1.89146685443e-05, 2.640013372e-05, 5.97939906584e-05, 3.9550173824e-05, 3.24680622725e-05, 9.34983108891e-06, 1.75329041667e-05, 1.98933339561e-05, 7.43081182009e-06, 1.30444414026e-05, 2.58830859821e-05, 1.80196275323e-05, 1.0454274161e-05, 1.62904798344e-05, 1.44327514136e-05, 2.53936323134e-05, 2.37369367824e-05, 1.53561777552e-05, 2.31340127357e-05, 2.09997760976e-05, 7.92381160863e-06, 8.0011668615e-06, 7.76591969043e-06, 4.56657880932e-06, 6.81455139784e-06, 3.97580106437e-06, 2.60598517343e-06, 3.05185017169e-06, 1.5056770053e-06, 9.51670699578e-07, 8.89034538432e-07, 8.8073011284e-07, 7.07586252702e-07, 6.22882566859e-07, 6.16531281139e-07, 6.22114384896e-07, 6.57266582493e-07, 6.61787680656e-07, 6.20588252787e-07, 6.51943878438e-07, 7.40839595892e-07, 6.97672476235e-07, 5.98769645421e-07, 3.48939607875e-07, 2.2872086447e-07, 3.65468764585e-07, 4.08942497643e-07, 3.38826708912e-07, 3.08717403641e-07, 3.93766555362e-07, 3.76580231887e-07, 3.54875368203e-07, 3.35251570505e-07, 2.93432037779e-07, 2.59159918414e-07, 2.62522348748e-07, 3.11695430355e-07, 3.47883030827e-07, 3.70611388689e-07, 2.7066067787e-07, 1.8494998244e-07, 1.22222118648e-07, 8.67383320724e-08, 7.66228751559e-08, 6.04213923339e-08, 5.06884525464e-08, 4.93814127367e-08, 4.47412915605e-08, 4.20648156307e-08, 3.94544237281e-08, 3.74504125489e-08, 3.02017539866e-08, 2.07901322824e-08, 1.45578411548e-08, 8.60110560552e-09, 4.15608436555e-09, 2.2282289347e-09, 1.64187052842e-09, 1.55547974501e-09, 1.21291543476e-09, 7.60645546549e-10, 4.17314294232e-10, 3.20572290935e-10, 3.45825729164e-10, 3.53885254434e-10, 2.06223746413e-10]
    },
    "mfcc": {
        "mean": [-755.16204834, 202.646575928, -16.2941150665, 22.195186615, 15.5776700974, -1.03030610085, 9.24911880493, 11.6641521454, 3.04710364342, 2.72488379478, 1.01495397091, 0.0482935979962, 1.67308354378],
        "cov": [[20623.4648438, -455.97076416, -746.109313965, 702.403076172, 146.618240356, 330.098114014, 261.039703369, 349.763122559, -260.75, 392.873657227, 648.830810547, 168.382217407, 62.8125534058], [-455.97076416, 3481.69775391, -739.577819824, 165.395492554, 207.396530151, 100.496101379, 308.592163086, -68.6960067749, 164.476913452, 72.0186386108, -65.4500808716, 8.72704219818, -12.0055789948], [-746.109313965, -739.577819824, 990.317382812, -63.9052619934, -50.4275245667, 99.646736145, -6.89063262939, -18.9074687958, 47.9123764038, -66.4605026245, -75.2872085571, -7.46862316132, -28.0513515472], [702.403076172, 165.395492554, -63.9052619934, 544.323791504, 0.848390638828, 15.8252305984, 95.2779846191, -26.3342819214, 52.9208564758, -49.3140487671, 7.82149219513, 37.6288375854, -29.7617149353], [146.618240356, 207.396530151, -50.4275245667, 0.848390638828, 277.237854004, -65.881942749, -2.27121210098, 106.991821289, -68.2620239258, 21.0225296021, 18.2141742706, -35.7032241821, 4.29084825516], [330.098114014, 100.496101379, 99.646736145, 15.8252305984, -65.881942749, 254.746566772, 90.9995803833, -37.4474601746, 70.989906311, 32.267074585, 6.46243238449, 26.039516449, -26.8604774475], [261.039703369, 308.592163086, -6.89063262939, 95.2779846191, -2.27121210098, 90.9995803833, 208.305160522, 10.0834589005, 34.7636604309, 17.6777553558, 6.97635316849, 24.7631263733, -2.94044327736], [349.763122559, -68.6960067749, -18.9074687958, -26.3342819214, 106.991821289, -37.4474601746, 10.0834589005, 220.588562012, -87.5746917725, 6.14302301407, 33.4081344604, -29.0605335236, 15.941119194], [-260.75, 164.476913452, 47.9123764038, 52.9208564758, -68.2620239258, 70.989906311, 34.7636604309, -87.5746917725, 184.713348389, 13.3229370117, -25.6216239929, 29.9972667694, -19.0246868134], [392.873657227, 72.0186386108, -66.4605026245, -49.3140487671, 21.0225296021, 32.267074585, 17.6777553558, 6.14302301407, 13.3229370117, 121.550888062, 48.7043037415, 4.17497253418, 21.3130569458], [648.830810547, -65.4500808716, -75.2872085571, 7.82149219513, 18.2141742706, 6.46243238449, 6.97635316849, 33.4081344604, -25.6216239929, 48.7043037415, 110.361595154, 20.134021759, 21.6950187683], [168.382217407, 8.72704219818, -7.46862316132, 37.6288375854, -35.7032241821, 26.039516449, 24.7631263733, -29.0605335236, 29.9972667694, 4.17497253418, 20.134021759, 83.2181396484, 7.41564035416], [62.8125534058, -12.0055789948, -28.0513515472, -29.7617149353, 4.29084825516, -26.8604774475, -2.94044327736, 15.941119194, -19.0246868134, 21.3130569458, 21.6950187683, 7.41564035416, 87.6321334839]],
        "icov": [[6.83710168232e-05, 1.70929779415e-05, 3.45649277733e-05, -0.000101803911093, -7.5795213661e-07, -0.000106041152321, -5.33316779183e-06, -5.5679178331e-05, 0.000102340949525, -0.000135791386128, -0.000250702578342, -4.79770569655e-05, 2.86783106276e-05], [1.70929779415e-05, 0.000515174819157, 0.000444161356427, 3.16023470077e-05, -0.000576953403652, -0.000188752892427, -0.00067566690268, 0.000229886863963, -0.000414893846028, -7.7102213254e-06, 0.000499648682307, 6.78381111356e-05, -0.000100493394712], [3.45649277733e-05, 0.000444161356427, 0.00156487489585, 0.000185222961591, -0.000495811924338, -0.000800736248493, -0.000391984998714, 1.24192447402e-05, -0.000553070625756, 0.000645818538032, 0.000864688947331, 6.86611092533e-05, -0.000133690133225], [-0.000101803911093, 3.16023470077e-05, 0.000185222961591, 0.00250437133946, -0.000382490601623, 0.000414425128838, -0.00118286896031, 0.000357129611075, -0.000901773630176, 0.00172600708902, -0.000428876839578, -0.000437490176409, 0.000555870065], [-7.5795213661e-07, -0.000576953403652, -0.000495811924338, -0.000382490601623, 0.00563913350925, 0.0012704981491, 0.00045548583148, -0.00214487500489, 0.00121018243954, -0.00148440385237, -0.000436964386608, 0.00100053381175, 0.000798914872576], [-0.000106041152321, -0.000188752892427, -0.000800736248493, 0.000414425128838, 0.0012704981491, 0.00627558678389, -0.0021531577222, 0.000138243369292, -0.00107181759086, -0.00141076126602, -0.000494506151881, -0.000352492381353, 0.00196120492183], [-5.33316779183e-06, -0.00067566690268, -0.000391984998714, -0.00118286896031, 0.00045548583148, -0.0021531577222, 0.00751967122778, -0.00136177276727, 0.000203645700822, -0.000759801245295, 0.00015057415294, -0.0012900858419, -0.000497289351188], [-5.5679178331e-05, 0.000229886863963, 1.24192447402e-05, 0.000357129611075, -0.00214487500489, 0.000138243369292, -0.00136177276727, 0.00699319830164, 0.00179997191299, 0.000751176383346, -0.0013127689017, 0.00149365037214, -0.000567079114262], [0.000102340949525, -0.000414893846028, -0.000553070625756, -0.000901773630176, 0.00121018243954, -0.00107181759086, 0.000203645700822, 0.00179997191299, 0.00877457670867, -0.00242932024412, 0.00139730086084, -0.00184974365402, 0.000984494225122], [-0.000135791386128, -7.7102213254e-06, 0.000645818538032, 0.00172600708902, -0.00148440385237, -0.00141076126602, -0.000759801245295, 0.000751176383346, -0.00242932024412, 0.0129827354103, -0.00485700229183, 0.00144491996616, -0.00223744823597], [-0.000250702578342, 0.000499648682307, 0.000864688947331, -0.000428876839578, -0.000436964386608, -0.000494506151881, 0.00015057415294, -0.0013127689017, 0.00139730086084, -0.00485700229183, 0.0153736891225, -0.00365375098772, -0.00151927536353], [-4.79770569655e-05, 6.78381111356e-05, 6.86611092533e-05, -0.000437490176409, 0.00100053381175, -0.000352492381353, -0.0012900858419, 0.00149365037214, -0.00184974365402, 0.00144491996616, -0.00365375098772, 0.0153858438134, -0.00170537550002], [2.86783106276e-05, -0.000100493394712, -0.000133690133225, 0.000555870065, 0.000798914872576, 0.00196120492183, -0.000497289351188, -0.000567079114262, 0.000984494225122, -0.00223744823597, -0.00151927536353, -0.00170537550002, 0.0134498365223]]
    },
    "spectral_contrast_coeffs": {
        "mean": [-0.747871100903, -0.758598268032, -0.755185604095, -0.786416530609, -0.755745708942, -0.807411789894]
    },
    "spectral_contrast_valleys": {
        "mean": [-6.75269269943, -7.16651773453, -7.79655838013, -8.45025253296, -9.26032829285, -12.4841623306]
    }
},
"rhythm": {
    "beats_count": 328,
    "beats_loudness": {
        "mean": 0.0438124723732
    },
    "bpm": 101.092346191,
    "bpm_histogram_first_peak_bpm": 101,
    "bpm_histogram_first_peak_weight": 0.350467264652,
    "bpm_histogram_second_peak_bpm": 152,
    "bpm_histogram_second_peak_spread": 0.0153846144676,
    "bpm_histogram_second_peak_weight": 0.195718660951,
    "danceability": 0.935133576393,
    "onset_rate": 1.83929443359,
    "beats_loudness_band_ratio": {
        "mean": [0.600067853928, 0.113033086061, 0.126878976822, 0.107804097235, 0.0552114918828, 0.0156228253618]
    },
    "beats_position": [0.522448956966, 0.99845802784, 1.47446703911, 1.95047616959, 2.42648530006, 2.90249419212, 3.39011335373, 3.87773227692, 4.3653512001, 4.76009082794, 5.15482997894, 5.54956912994, 6.025578022, 6.5015873909, 6.97759628296, 7.58131504059, 8.18503379822, 8.80036258698, 9.41569137573, 10.0310201645, 10.6579589844, 11.2848978043, 11.8886165619, 12.5039453506, 13.1192741394, 13.6533327103, 14.1990022659, 14.7446708679, 15.2787294388, 15.8011789322, 16.3468475342, 16.8809070587, 17.4033565521, 17.9722442627, 18.5411338806, 19.1100215912, 19.667301178, 20.2245807648, 20.7702484131, 21.3275279999, 21.8731975555, 22.4653053284, 23.0574150085, 23.6495227814, 24.2416324615, 24.8453502655, 25.4490699768, 26.0527877808, 26.6565074921, 27.3647155762, 28.0729255676, 28.8159637451, 29.5473918915, 30.2323799133, 30.9173698425, 31.5210876465, 32.1248054504, 32.7285270691, 33.332244873, 33.935962677, 34.5280723572, 35.1317901611, 35.7238998413, 36.3160095215, 36.908115387, 37.5002250671, 38.0807266235, 38.672832489, 39.2649421692, 39.8570518494, 40.4491615295, 41.041267395, 41.6333770752, 42.2254867554, 42.8175964355, 43.4097061157, 44.0018119812, 44.5939216614, 45.1860313416, 45.7665290833, 46.347026825, 46.9391365051, 47.5312461853, 48.1233558655, 48.7154655457, 49.3075714111, 49.8996810913, 50.5033988953, 51.1071205139, 51.6992263794, 52.2913360596, 52.8834457397, 53.4755554199, 54.0676651001, 54.6597709656, 55.2518806458, 55.8439903259, 56.4244880676, 57.0049858093, 57.5970954895, 58.1892051697, 58.7813148499, 59.37342453, 59.9539222717, 60.5344200134, 61.1265296936, 61.7302474976, 62.3339653015, 62.9260749817, 63.5181846619, 64.1102905273, 64.7024002075, 65.2945098877, 65.8866195679, 66.478729248, 67.0708389282, 67.6629486084, 68.2550582886, 68.8471679688, 69.4392700195, 70.0313796997, 70.6234893799, 71.2155990601, 71.8193206787, 72.4114303589, 73.0035324097, 73.5840377808, 74.1761474609, 74.7682495117, 75.3487548828, 75.9524688721, 76.5561904907, 77.15990448, 77.7520141602, 78.3325119019, 78.924621582, 79.5167312622, 80.0972290039, 80.6893386841, 81.2698364258, 81.8735580444, 82.4656677246, 83.0577774048, 83.661491394, 84.2652130127, 84.8573226929, 85.449432373, 86.0415420532, 86.6336517334, 87.2141494751, 87.8062591553, 88.3983688354, 88.9904708862, 89.5825805664, 90.1746902466, 90.7551879883, 91.3472976685, 91.9394073486, 92.5315170288, 93.123626709, 93.7157363892, 94.3078460693, 94.8999557495, 95.4920654297, 96.0841674805, 96.6878890991, 97.2916107178, 97.8837203979, 98.4758224487, 99.0563278198, 99.6484298706, 100.240539551, 100.821044922, 101.413146973, 102.016868591, 102.608978271, 103.201087952, 103.793197632, 104.385307312, 104.977409363, 105.557914734, 106.150024414, 106.742126465, 107.334236145, 107.926345825, 108.518455505, 109.110565186, 109.702674866, 110.294784546, 110.875282288, 111.467391968, 112.059501648, 112.651611328, 113.243713379, 113.847434998, 114.439544678, 115.031654358, 115.635368347, 116.239089966, 116.854415894, 117.400085449, 117.934150696, 118.468208313, 119.060317993, 119.652427673, 120.256141663, 120.859863281, 121.463577271, 122.078910828, 122.682624817, 123.286346436, 123.901672363, 124.505393982, 125.097503662, 125.689613342, 126.281723022, 126.873832703, 127.465942383, 128.046432495, 128.638549805, 129.242263794, 129.834381104, 130.426483154, 131.018585205, 131.610702515, 132.202804565, 132.794921875, 133.398635864, 134.002349854, 134.606079102, 135.209793091, 135.790298462, 136.370788574, 136.951293945, 137.531784058, 138.123901367, 138.716003418, 139.308120728, 139.900222778, 140.492340088, 141.084442139, 141.676544189, 142.268661499, 142.86076355, 143.452880859, 144.04498291, 144.63710022, 145.229202271, 145.82131958, 146.413421631, 147.005523682, 147.597640991, 148.189743042, 148.607711792, 148.990829468, 149.373962402, 149.768707275, 150.16343689, 150.558181763, 150.952926636, 151.34765625, 151.742401123, 152.137145996, 152.53187561, 152.926620483, 153.321365356, 153.716094971, 154.110839844, 154.505569458, 154.900314331, 155.295059204, 155.689788818, 156.084533691, 156.479278564, 156.874008179, 157.268753052, 157.663482666, 158.058227539, 158.452972412, 158.847702026, 159.242446899, 159.637191772, 160.031921387, 160.42666626, 160.821395874, 161.216140747, 161.61088562, 162.005615234, 162.400360107, 162.79510498, 163.189834595, 163.584579468, 163.979324341, 164.374053955, 164.768798828, 165.163528442, 165.558273315, 165.953018188, 166.347747803, 166.742492676, 167.137237549, 167.531967163, 167.926712036, 168.32144165, 168.716186523, 169.110931396, 169.505661011, 169.900405884, 170.295150757, 170.689880371, 171.084625244, 171.479354858, 171.874099731, 172.268844604, 172.663574219, 173.058319092, 173.453063965, 173.859405518, 174.230926514, 174.590835571, 174.950744629, 175.310653687, 175.658950806, 176.007247925, 176.355545044, 176.715454102, 177.098587036, 177.481719971],
    "bpm_histogram": [0, 0, 0, 0, 0, 0, 0, 0, 0, 0, 0, 0, 0, 0, 0, 0, 0, 0, 0, 0, 0, 0, 0, 0, 0, 0, 0, 0, 0, 0, 0, 0, 0, 0, 0, 0, 0, 0, 0, 0, 0, 0, 0, 0, 0, 0, 0, 0, 0, 0, 0, 0, 0, 0, 0, 0, 0, 0, 0, 0, 0, 0, 0, 0, 0, 0, 0, 0, 0, 0, 0, 0, 0, 0, 0, 0, 0, 0, 0, 0, 0, 0.00305810407735, 0.00305810407735, 0, 0, 0.00611620815471, 0, 0, 0.00611620815471, 0, 0, 0, 0, 0, 0, 0, 0.00611620815471, 0, 0.0244648326188, 0.125382259488, 0, 0.425076454878, 0, 0.070336394012, 0, 0.00917431153357, 0, 0, 0.00917431153357, 0, 0.0183486230671, 0, 0.0152905201539, 0, 0, 0.00611620815471, 0, 0, 0, 0, 0, 0, 0, 0.00917431153357, 0, 0, 0.0244648326188, 0, 0, 0, 0, 0, 0, 0, 0, 0, 0, 0, 0, 0, 0, 0, 0, 0, 0.00305810407735, 0, 0, 0, 0.00305810407735, 0, 0, 0, 0.195718660951, 0, 0, 0, 0, 0.0122324163094, 0, 0, 0, 0.00305810407735, 0, 0, 0, 0, 0, 0.0122324163094, 0, 0, 0, 0, 0.00917431153357, 0, 0, 0, 0, 0, 0, 0, 0, 0, 0, 0, 0, 0, 0, 0, 0, 0, 0, 0, 0, 0, 0, 0, 0, 0, 0, 0, 0, 0, 0, 0, 0, 0, 0, 0, 0, 0, 0, 0, 0, 0, 0, 0, 0, 0, 0, 0, 0, 0, 0, 0, 0, 0, 0, 0, 0, 0, 0, 0, 0, 0, 0, 0, 0, 0, 0, 0, 0, 0, 0, 0, 0, 0, 0, 0, 0, 0]
},
"tonal": {
    "chords_changes_rate": 0.0424368642271,
    "chords_number_rate": 0.00286383763887,
    "chords_strength": {
        "mean": 0.51926869154
    },
    "hpcp_crest": {
        "mean": 14.5873908997
    },
    "hpcp_entropy": {
        "mean": 1.8604516983
    },
    "key_edma": {
        "strength": 0.742690086365,
        "key": "A",
        "scale": "major"
    },
    "key_krumhansl": {
        "strength": 0.753767132759,
        "key": "A",
        "scale": "major"
    },
    "key_temperley": {
        "strength": 0.764549434185,
        "key": "A",
        "scale": "major"
    },
    "tuning_diatonic_strength": 0.610342085361,
    "tuning_equal_tempered_deviation": 0.0563854649663,
    "tuning_frequency": 440.254241943,
    "tuning_nontempered_energy_ratio": 0.682567834854,
    "hpcp": {
        "mean": [0.517165064812, 0.277396500111, 0.0987233817577, 0.0625806301832, 0.0598275773227, 0.107326492667, 0.131338939071, 0.0785159915686, 0.0413123965263, 0.0341018438339, 0.0376346223056, 0.0927686020732, 0.121713675559, 0.0715855881572, 0.0581092275679, 0.0886914134026, 0.0739699304104, 0.0412060208619, 0.0339756384492, 0.0391843505204, 0.135315641761, 0.19457899034, 0.111803472042, 0.0594212412834, 0.0467395707965, 0.0397752299905, 0.0797850042582, 0.12108387053, 0.100267715752, 0.0675846040249, 0.0538032017648, 0.0555251799524, 0.106080196798, 0.150683015585, 0.194533273578, 0.420088320971]
    },
    "chords_histogram": [52.6165046692, 2.03072118759, 1.97865140438, 0.46862795949, 3.6709189415, 0.546732604504, 0.260348856449, 1.35381412506, 0.286383748055, 0.130174428225, 0, 0.390523314476, 0.520697712898, 1.30174434185, 0, 1.43191874027, 0, 4.06144237518, 0, 0, 0.31241863966, 1.0413954258, 4.42593097687, 23.171049118],
    "thpcp": [1, 0.536379039288, 0.190893366933, 0.121007069945, 0.115683719516, 0.207528501749, 0.253959417343, 0.151819989085, 0.0798824205995, 0.0659399628639, 0.0727710053325, 0.179379090667, 0.235347822309, 0.138419225812, 0.112361080945, 0.171495363116, 0.143029630184, 0.0796767324209, 0.0656959265471, 0.0757675915956, 0.261648833752, 0.376241564751, 0.21618527174, 0.114898018539, 0.0903765037656, 0.076910123229, 0.154273763299, 0.23413002491, 0.193879514933, 0.130682855844, 0.104034870863, 0.107364520431, 0.205118641257, 0.291363477707, 0.376153171062, 0.812290608883],
    "chords_key": "A",
    "chords_scale": "major"
}
}