{
"metadata": {
    "version": {
        "essentia": "2.1-beta6-dev",
        "essentia_git_sha": "v2.1_beta5-1177-g1d1cc983",
        "extractor": "music 2.0"
    },
    "audio_properties": {
        "analysis": {
            "equal_loudness": 0,
            "length": 268.213348389,
            "sample_rate": 44100,
            "start_time": 0,
            "downmix": "mix"
        },
        "bit_rate": 1411200,
        "length": 268.213348389,
        "lossless": 1,
        "number_channels": 2,
        "replay_gain": -12.8758983612,
        "sample_rate": 44100,
        "codec": "pcm_s16le",
        "md5_encoded": "6d8825cfacfe71f807e97818f374d1a0"
    },
    "tags": {
        "file_name": "06 - Manchester Orchestra - Virgin.wav",
        "album": ["Simple Math"],
        "albumartist": ["Manchester Orchestra"],
        "artist": ["Manchester Orchestra"],
        "composer": ["Andy Hull"],
        "copyright": ["(P) 2011 Sony Music Entertainment"],
        "date": ["2011"],
        "discnumber": ["1"],
        "disctotal": ["1"],
        "genre": ["Alternative & Indie"],
        "isrc": ["USSM11101288"],
        "title": ["Virgin"],
        "tracknumber": ["6"],
        "tracktotal": ["10"]
    }
},
"lowlevel": {
    "average_loudness": 0.595019757748,
    "barkbands_crest": {
        "mean": 11.2310934067
    },
    "barkbands_flatness_db": {
        "mean": 0.188114449382
    },
    "barkbands_kurtosis": {
        "mean": 11.3499097824
    },
    "barkbands_skewness": {
        "mean": 1.98687493801
    },
    "barkbands_spread": {
        "mean": 17.652173996
    },
    "dissonance": {
        "mean": 0.443183362484
    },
    "dynamic_complexity": 7.85768127441,
    "erbbands_crest": {
        "mean": 10.4757099152
    },
    "erbbands_flatness_db": {
        "mean": 0.196560591459
    },
    "erbbands_kurtosis": {
        "mean": 2.93327951431
    },
    "erbbands_skewness": {
        "mean": 0.654716610909
    },
    "erbbands_spread": {
        "mean": 34.6429824829
    },
    "hfc": {
        "mean": 15.8294353485
    },
    "loudness_ebu128": {
        "integrated": -9.40355396271,
        "loudness_range": 15.9737854004,
        "momentary": {
            "mean": -15.9096813202
        },
        "short_term": {
            "mean": -14.9867963791
        }
    },
    "melbands_crest": {
        "mean": 15.9320249557
    },
    "melbands_flatness_db": {
        "mean": 0.261396437883
    },
    "melbands_kurtosis": {
        "mean": 18.9046516418
    },
    "melbands_skewness": {
        "mean": 2.88618826866
    },
    "melbands_spread": {
        "mean": 18.4735240936
    },
    "pitch_salience": {
        "mean": 0.518362522125
    },
    "silence_rate_20dB": {
        "mean": 1
    },
    "silence_rate_30dB": {
        "mean": 0.963729202747
    },
    "silence_rate_60dB": {
        "mean": 0.307219535112
    },
    "spectral_centroid": {
        "mean": 1109.97509766
    },
    "spectral_complexity": {
        "mean": 16.5951347351
    },
    "spectral_decrease": {
        "mean": -6.79297551542e-09
    },
    "spectral_energy": {
        "mean": 0.0270738862455
    },
    "spectral_energyband_high": {
        "mean": 0.000653074530419
    },
    "spectral_energyband_low": {
        "mean": 0.0142842698842
    },
    "spectral_energyband_middle_high": {
        "mean": 0.0038429768756
    },
    "spectral_energyband_middle_low": {
        "mean": 0.00917458441108
    },
    "spectral_entropy": {
        "mean": 7.12544155121
    },
    "spectral_flux": {
        "mean": 0.0666639655828
    },
    "spectral_kurtosis": {
        "mean": 10.5504827499
    },
    "spectral_rms": {
        "mean": 0.00414345227182
    },
    "spectral_rolloff": {
        "mean": 1173.72070312
    },
    "spectral_skewness": {
        "mean": 2.02605819702
    },
    "spectral_spread": {
        "mean": 3799067
    },
    "spectral_strongpeak": {
        "mean": 0.562738597393
    },
    "zerocrossingrate": {
        "mean": 0.0475691705942
    },
    "barkbands": {
        "mean": [0.000342017912772, 0.00877827685326, 0.00442732404917, 0.00150724209379, 0.00281834206544, 0.00153045495972, 0.000863627705257, 0.000770791259129, 0.00131987885106, 0.000645160616841, 0.000266593648121, 0.000644929357804, 0.000288370181806, 0.000520859437529, 0.000388513901271, 0.000324444728903, 0.000275928003248, 0.000319694954669, 0.000295776815619, 0.000173338048626, 0.000132530913106, 0.000111459237814, 0.000142374468851, 0.000108568085125, 6.96610222803e-05, 7.23685798221e-06, 5.28382201992e-07]
    },
    "erbbands": {
        "mean": [0.207667782903, 2.09469008446, 5.61129903793, 4.8089222908, 8.26108455658, 8.05723953247, 11.1203479767, 12.4994668961, 11.5995998383, 16.4083576202, 17.3005485535, 23.0139122009, 37.493309021, 13.2574577332, 15.5809354782, 23.7342243195, 12.4448623657, 30.0545005798, 16.8446826935, 20.486246109, 18.7010726929, 16.154668808, 17.5507240295, 17.0632152557, 12.1969642639, 8.54679012299, 6.05079078674, 4.52619838715, 3.9157845974, 4.13527679443, 3.97794270515, 2.55067133904, 1.777389884, 1.11852431297, 0.293807089329, 0.0573298893869, 0.009730421938, 0.001105406438, 0.000118889613077, 3.73029142793e-05]
    },
    "gfcc": {
        "mean": [-103.94128418, 121.059143066, -117.772224426, 30.3189926147, -53.6546821594, 2.68501901627, -35.5348434448, 3.86754584312, -14.897321701, -1.21786284447, -10.1646728516, -0.83279722929, -4.68399190903],
        "cov": [[36123.1328125, -2491.25830078, -947.851257324, 4899.93847656, -800.95324707, 3129.39233398, 675.42388916, 1313.24194336, -929.078674316, -751.051330566, -987.783935547, -1252.5690918, -1460.75732422], [-2491.25830078, 1988.78137207, 72.8136825562, -332.524230957, 523.07824707, -527.664733887, 185.371673584, -314.821777344, 23.8208732605, -150.219406128, 57.5398330688, -83.6952667236, 91.8878479004], [-947.851257324, 72.8136825562, 1615.85229492, 54.0636940002, -58.8091163635, 347.746032715, -198.841140747, 134.78364563, -77.9398574829, -95.9569320679, 11.0104627609, -45.9687156677, -32.2473678589], [4899.93847656, -332.524230957, 54.0636940002, 1100.43896484, -3.49746870995, 497.235565186, 165.411132812, 189.070205688, -115.279769897, -129.09487915, -191.4112854, -245.51159668, -232.805465698], [-800.95324707, 523.07824707, -58.8091163635, -3.49746870995, 423.975891113, -92.0439758301, 98.1206893921, -80.5529174805, 35.1092185974, -18.3469104767, 4.80454683304, -29.1714401245, 27.1870975494], [3129.39233398, -527.664733887, 347.746032715, 497.235565186, -92.0439758301, 710.548156738, 72.1550216675, 216.649185181, -103.701011658, -76.7696762085, -94.4402618408, -121.592300415, -182.138305664], [675.42388916, 185.371673584, -198.841140747, 165.411132812, 98.1206893921, 72.1550216675, 302.464660645, -15.4590177536, -43.2992782593, -21.573846817, -27.8908214569, -43.1704139709, -49.2319374084], [1313.24194336, -314.821777344, 134.78364563, 189.070205688, -80.5529174805, 216.649185181, -15.4590177536, 233.10206604, 21.6550426483, -8.29416942596, -31.1628818512, -24.0083522797, -45.1103973389], [-929.078674316, 23.8208732605, -77.9398574829, -115.279769897, 35.1092185974, -103.701011658, -43.2992782593, 21.6550426483, 163.442428589, 63.9805755615, 20.3475055695, 42.9965057373, 64.9648590088], [-751.051330566, -150.219406128, -95.9569320679, -129.09487915, -18.3469104767, -76.7696762085, -21.573846817, -8.29416942596, 63.9805755615, 146.717788696, 50.6762733459, 67.808380127, 52.4742393494], [-987.783935547, 57.5398330688, 11.0104627609, -191.4112854, 4.80454683304, -94.4402618408, -27.8908214569, -31.1628818512, 20.3475055695, 50.6762733459, 169.340713501, 85.6438980103, 54.3416786194], [-1252.5690918, -83.6952667236, -45.9687156677, -245.51159668, -29.1714401245, -121.592300415, -43.1704139709, -24.0083522797, 42.9965057373, 67.808380127, 85.6438980103, 152.1512146, 97.5325927734], [-1460.75732422, 91.8878479004, -32.2473678589, -232.805465698, 27.1870975494, -182.138305664, -49.2319374084, -45.1103973389, 64.9648590088, 52.4742393494, 54.3416786194, 97.5325927734, 158.194580078]],
        "icov": [[0.00016420079919, -0.000199581481866, 0.000327203248162, -0.000477530324133, 0.000275957747363, -0.000401408789912, 0.000329077447532, -0.000509668199811, 0.000557451101486, -7.63589559938e-05, 7.37995069358e-05, 2.10605321627e-05, 0.000201646966161], [-0.000199581481866, 0.0020499934908, -0.000894570199307, 0.00105173443444, -0.00156218651682, 0.00173408491537, -0.0017402805388, 0.00145239313133, -0.00134373549372, 0.00212650746107, -0.000961952202488, 0.0021368926391, -0.000671237765346], [0.000327203248162, -0.000894570199307, 0.00167269923259, -0.000907645619009, 0.000730181811377, -0.00170234090183, 0.00171924277674, -0.00150249537546, 0.00169304967858, -0.00028492839192, 5.06304713781e-05, -0.000123566220282, 2.53706075455e-05], [-0.000477530324133, 0.00105173443444, -0.000907645619009, 0.0035833066795, -0.00124110479373, 0.000837175408378, -0.0017286274815, 0.000775195250753, -0.0013896151213, 0.000839251093566, 0.000154155291966, 0.00231742090546, -0.000261247565504], [0.000275957747363, -0.00156218651682, 0.000730181811377, -0.00124110479373, 0.00444517657161, -0.00137989304494, 0.000262580841081, -0.000318549835356, 9.7966822068e-06, -0.000849132891744, 0.000199173999135, -0.000152343622176, -0.000280701642623], [-0.000401408789912, 0.00173408491537, -0.00170234090183, 0.000837175408378, -0.00137989304494, 0.00523780053481, -0.00230777473189, -0.000195896689547, -0.000871483993251, 0.00125210103579, -0.000431318097981, 0.000871566997375, 0.00121819716878], [0.000329077447532, -0.0017402805388, 0.00171924277674, -0.0017286274815, 0.000262580841081, -0.00230777473189, 0.00636013876647, -0.00133291934617, 0.00272091850638, -0.00180885312147, 0.000720028125215, -0.00178308377508, 0.00108774809632], [-0.000509668199811, 0.00145239313133, -0.00150249537546, 0.000775195250753, -0.000318549835356, -0.000195896689547, -0.00133291934617, 0.00967232882977, -0.00522016128525, 0.00156204332598, -0.000593004107941, -0.000164257391589, -0.00061225151876], [0.000557451101486, -0.00134373549372, 0.00169304967858, -0.0013896151213, 9.7966822068e-06, -0.000871483993251, 0.00272091850638, -0.00522016128525, 0.0122652184218, -0.0042637353763, 0.00129088526592, 5.33822567377e-05, -0.00151769770309], [-7.63589559938e-05, 0.00212650746107, -0.00028492839192, 0.000839251093566, -0.000849132891744, 0.00125210103579, -0.00180885312147, 0.00156204332598, -0.0042637353763, 0.0125706372783, -0.00240576802753, -0.000157357892022, -0.000788627832662], [7.37995069358e-05, -0.000961952202488, 5.06304713781e-05, 0.000154155291966, 0.000199173999135, -0.000431318097981, 0.000720028125215, -0.000593004107941, 0.00129088526592, -0.00240576802753, 0.00941389519721, -0.00526753207669, 0.00128327321727], [2.10605321627e-05, 0.0021368926391, -0.000123566220282, 0.00231742090546, -0.000152343622176, 0.000871566997375, -0.00178308377508, -0.000164257391589, 5.33822567377e-05, -0.000157357892022, -0.00526753207669, 0.0195543896407, -0.00744986347854], [0.000201646966161, -0.000671237765346, 2.53706075455e-05, -0.000261247565504, -0.000280701642623, 0.00121819716878, 0.00108774809632, -0.00061225151876, -0.00151769770309, -0.000788627832662, 0.00128327321727, -0.00744986347854, 0.0148458182812]]
    },
    "melbands": {
        "mean": [0.00214489270002, 0.00284700118937, 0.000960041768849, 0.000577397935558, 0.000387254229281, 0.00028234696947, 0.000181824856554, 0.000178691319888, 0.000130750864628, 0.000171974534169, 0.00018604012439, 5.04862291564e-05, 4.36061018263e-05, 7.97195534687e-05, 3.09674833261e-05, 3.78126751457e-05, 5.60210974072e-05, 2.44053444476e-05, 3.1413812394e-05, 2.17139349843e-05, 2.16324242501e-05, 1.54799945449e-05, 1.65202818607e-05, 1.60118433996e-05, 1.36559301609e-05, 1.06466441139e-05, 6.71701036481e-06, 5.32833746547e-06, 3.72221097678e-06, 3.26466442857e-06, 2.41641578214e-06, 2.26490919886e-06, 2.03783065444e-06, 2.3898398922e-06, 2.31679587159e-06, 2.02362298296e-06, 1.39476071581e-06, 1.22598851249e-06, 1.18661353099e-06, 8.68795211773e-07]
    },
    "melbands128": {
        "mean": [0.000323518004734, 0.00149172614329, 0.00268728868105, 0.00380390393548, 0.00340452627279, 0.00185030698776, 0.000906803179532, 0.000752744730562, 0.000968487991486, 0.000497707515024, 0.000409926607972, 0.0004456222523, 0.000418779876782, 0.000269143667538, 0.000248908123467, 0.000348302040948, 0.00021170997934, 0.000124047684949, 0.000163664095453, 0.000218580651563, 0.00014874660701, 0.00018044852186, 0.00012301892275, 9.29252710193e-05, 9.77639356279e-05, 0.000195628323127, 0.000366575375665, 0.000168869097251, 6.68262146064e-05, 5.55719852855e-05, 4.06821964134e-05, 4.62598763988e-05, 3.99139644287e-05, 3.31338269461e-05, 9.44186394918e-05, 9.65078070294e-05, 5.72233329876e-05, 2.53950347542e-05, 1.73787393578e-05, 1.62130963872e-05, 3.03188480757e-05, 9.14336196729e-05, 6.31878356216e-05, 4.01261204388e-05, 2.23640345212e-05, 2.2604563128e-05, 2.21359950956e-05, 3.67126776837e-05, 3.20509134326e-05, 2.84971574729e-05, 1.59605915542e-05, 1.85170065379e-05, 3.01588934235e-05, 1.88038884517e-05, 1.32225595735e-05, 1.34442898343e-05, 1.94173935597e-05, 1.8224131054e-05, 1.47290729728e-05, 1.47701966853e-05, 1.75822606252e-05, 1.5584691937e-05, 1.36253484015e-05, 1.3146252968e-05, 1.3548109564e-05, 1.15170596473e-05, 8.38197320263e-06, 6.86568091623e-06, 6.32042883808e-06, 6.5562439886e-06, 5.9994631556e-06, 4.41156362285e-06, 3.33816160492e-06, 3.87564523407e-06, 3.71312830794e-06, 3.63901745004e-06, 2.92689151138e-06, 2.3894633614e-06, 2.44553962148e-06, 2.26373254009e-06, 2.45462297244e-06, 2.16750731852e-06, 1.98760835701e-06, 1.84038253792e-06, 2.33527680393e-06, 2.32704178416e-06, 2.58572799794e-06, 2.17520960177e-06, 2.31414651353e-06, 2.36929486164e-06, 2.33905961977e-06, 1.93984192265e-06, 1.45030855947e-06, 1.42349620091e-06, 1.34224353587e-06, 1.1693102806e-06, 1.24250448152e-06, 1.22430822103e-06, 1.22206029118e-06, 1.15641546472e-06, 1.06363984287e-06, 8.51255833823e-07, 6.08685468251e-07, 3.99924317662e-07, 2.91170238143e-07, 2.14778694385e-07, 1.55717387429e-07, 1.12609690461e-07, 8.47282137784e-08, 6.24026199603e-08, 4.64936427136e-08, 3.41361818812e-08, 2.66997783882e-08, 1.77484533737e-08, 1.21299157385e-08, 8.8826856981e-09, 5.4945665795e-09, 4.3264760663e-09, 3.54679063896e-09, 3.03290526027e-09, 2.41255349032e-09, 1.69367830871e-09, 1.1657025345e-09, 8.22344747853e-10, 5.52901224804e-10, 4.11770062492e-10, 2.30814062308e-10, 9.84854420238e-11]
    },
    "mfcc": {
        "mean": [-740.440246582, 140.22102356, 0.0966846868396, 27.9847869873, 4.07361984253, 1.94207978249, -6.18702840805, 2.80022144318, -1.37033128738, 0.849343240261, -1.10632526875, -1.70110166073, 0.348088413477],
        "cov": [[34515.9921875, -2594.86230469, -370.938415527, 1445.66467285, 148.758911133, 1512.41760254, 1512.8918457, 1682.0579834, 248.318756104, 1073.984375, 681.895568848, 67.4001312256, -1079.68908691], [-2594.86230469, 2160.625, -188.685440063, 216.555389404, 112.007011414, -22.9545001984, -0.171929135919, -102.45476532, -24.0947914124, -187.484481812, -49.1023826599, -95.1139373779, -51.4438591003], [-370.938415527, -188.685440063, 1492.55444336, -152.549865723, 331.490447998, 11.9038715363, 81.0421142578, 135.44859314, -53.0338020325, 80.1273040771, -41.5878829956, 28.0317420959, -5.58584737778], [1445.66467285, 216.555389404, -152.549865723, 519.477294922, 47.0893630981, 144.407592773, 108.591278076, 58.9552574158, 77.131187439, 19.0912818909, 53.1449127197, -16.1764183044, -95.4007263184], [148.758911133, 112.007011414, 331.490447998, 47.0893630981, 355.398010254, 42.6493186951, 42.9084205627, 59.5588493347, 3.81236124039, 50.949180603, -21.1805286407, 17.1245231628, -9.41944599152], [1512.41760254, -22.9545001984, 11.9038715363, 144.407592773, 42.6493186951, 305.360992432, 171.545288086, 110.372085571, 49.064289093, 60.8786125183, 67.6984710693, -20.2184314728, -75.5501403809], [1512.8918457, -0.171929135919, 81.0421142578, 108.591278076, 42.9084205627, 171.545288086, 266.02142334, 156.761474609, 9.10948181152, 39.1890907288, 63.171131134, 18.6501197815, -68.8908157349], [1682.0579834, -102.45476532, 135.44859314, 58.9552574158, 59.5588493347, 110.372085571, 156.761474609, 233.156021118, 33.1298942566, 77.0043640137, 49.7022209167, 14.3814525604, -57.0233459473], [248.318756104, -24.0947914124, -53.0338020325, 77.131187439, 3.81236124039, 49.064289093, 9.10948181152, 33.1298942566, 147.923797607, 50.0579833984, 19.4690036774, -14.1983270645, -9.89018917084], [1073.984375, -187.484481812, 80.1273040771, 19.0912818909, 50.949180603, 60.8786125183, 39.1890907288, 77.0043640137, 50.0579833984, 143.532714844, 53.0294036865, 9.03055381775, -37.1813697815], [681.895568848, -49.1023826599, -41.5878829956, 53.1449127197, -21.1805286407, 67.6984710693, 63.171131134, 49.7022209167, 19.4690036774, 53.0294036865, 105.491600037, 22.5877723694, -37.875], [67.4001312256, -95.1139373779, 28.0317420959, -16.1764183044, 17.1245231628, -20.2184314728, 18.6501197815, 14.3814525604, -14.1983270645, 9.03055381775, 22.5877723694, 93.7483139038, 35.8591537476], [-1079.68908691, -51.4438591003, -5.58584737778, -95.4007263184, -9.41944599152, -75.5501403809, -68.8908157349, -57.0233459473, -9.89018917084, -37.1813697815, -37.875, 35.8591537476, 138.58505249]],
        "icov": [[8.26222531032e-05, 8.17012187326e-05, 7.82511997386e-05, -0.000132366956677, 3.06459187414e-05, -0.000100632183603, -7.71270424593e-05, -0.000341466686223, 0.000191354367416, -0.000329741451424, 0.000152844106196, -9.02754545677e-05, 0.000344755797414], [8.17012187326e-05, 0.000713848334271, 0.000159363858984, -0.000302314816508, -0.000445844343631, 0.00010274098895, -0.000243558926741, -0.000163148841239, 0.000105241742858, 0.000682631507516, -0.000198807421839, 0.000536258914508, 0.000534883060027], [7.82511997386e-05, 0.000159363858984, 0.00105279649142, 0.000204362091608, -0.000837330473587, 2.08476812986e-05, -0.000285619986244, -0.000661439145915, 0.000478442234453, -0.000512963917572, 0.000513551291078, -2.70404707408e-05, 0.000436090951553], [-0.000132366956677, -0.000302314816508, 0.000204362091608, 0.00307926768437, -0.000640448939521, -0.00047176759108, -0.000270425109193, 0.000705715501681, -0.00164753233548, 0.00129310006741, -0.000666071253363, -0.000370079738786, 0.000982820987701], [3.06459187414e-05, -0.000445844343631, -0.000837330473587, -0.000640448939521, 0.00448942417279, -0.000656856223941, 0.000120922624774, -0.000419152667746, 0.000426783954026, -0.00236245756969, 0.00242240703665, -0.00150175660383, -0.000119429598271], [-0.000100632183603, 0.00010274098895, 2.08476812986e-05, -0.00047176759108, -0.000656856223941, 0.00657188426703, -0.00351546704769, 0.000682697631419, -0.0011053167982, -0.000144161807839, -0.0020620948635, 0.00270984554663, -0.000380685203709], [-7.71270424593e-05, -0.000243558926741, -0.000285619986244, -0.000270425109193, 0.000120922624774, -0.00351546704769, 0.00959096476436, -0.00428277440369, 0.000952599628363, 0.00220491341315, -0.00143904669676, -0.00231633591466, 0.00107385485899], [-0.000341466686223, -0.000163148841239, -0.000661439145915, 0.000705715501681, -0.000419152667746, 0.000682697631419, -0.00428277440369, 0.0101770730689, -0.00188397394959, -0.00108297856059, -0.000502080831211, 1.70609382621e-05, -0.000426097365562], [0.000191354367416, 0.000105241742858, 0.000478442234453, -0.00164753233548, 0.000426783954026, -0.0011053167982, 0.000952599628363, -0.00188397394959, 0.0096298661083, -0.00423007458448, 0.00056363188196, 0.00149106921162, -0.0011396438349], [-0.000329741451424, 0.000682631507516, -0.000512963917572, 0.00129310006741, -0.00236245756969, -0.000144161807839, 0.00220491341315, -0.00108297856059, -0.00423007458448, 0.0153298135847, -0.0062875780277, 0.000473970198072, 0.000935195363127], [0.000152844106196, -0.000198807421839, 0.000513551291078, -0.000666071253363, 0.00242240703665, -0.0020620948635, -0.00143904669676, -0.000502080831211, 0.00056363188196, -0.0062875780277, 0.0174048021436, -0.00592235149816, 0.00344013608992], [-9.02754545677e-05, 0.000536258914508, -2.70404707408e-05, -0.000370079738786, -0.00150175660383, 0.00270984554663, -0.00231633591466, 1.70609382621e-05, 0.00149106921162, 0.000473970198072, -0.00592235149816, 0.0165104325861, -0.00618642754853], [0.000344755797414, 0.000534883060027, 0.000436090951553, 0.000982820987701, -0.000119429598271, -0.000380685203709, 0.00107385485899, -0.000426097365562, -0.0011396438349, 0.000935195363127, 0.00344013608992, -0.00618642754853, 0.013647752814]]
    },
    "spectral_contrast_coeffs": {
        "mean": [-0.724513232708, -0.750640332699, -0.765728712082, -0.795679569244, -0.807657063007, -0.772100567818]
    },
    "spectral_contrast_valleys": {
        "mean": [-7.41316366196, -7.45703554153, -8.2351398468, -8.58587265015, -8.61341953278, -11.5672607422]
    }
},
"rhythm": {
    "beats_count": 621,
    "beats_loudness": {
        "mean": 0.0440850108862
    },
    "bpm": 139.914978027,
    "bpm_histogram_first_peak_bpm": 140,
    "bpm_histogram_first_peak_weight": 0.195767223835,
    "bpm_histogram_second_peak_bpm": 133,
    "bpm_histogram_second_peak_spread": 0.33333337307,
    "bpm_histogram_second_peak_weight": 0.0258064512163,
    "danceability": 1.01553058624,
    "onset_rate": 2.27420735359,
    "beats_loudness_band_ratio": {
        "mean": [0.503032565117, 0.295564353466, 0.137200266123, 0.0611644983292, 0.0571006722748, 0.0228884033859]
    },
    "beats_position": [0.441179126501, 0.882358253002, 1.33514738083, 1.78793644905, 2.22911548615, 2.67029476166, 3.09986400604, 3.55265307426, 3.99383211136, 4.43501138687, 4.86458063126, 5.2941493988, 5.74693870544, 6.18811798096, 6.6176867485, 7.04725599289, 7.47682523727, 7.89478445053, 8.32435321808, 8.75392246246, 9.18349170685, 9.62467098236, 10.0542402267, 10.5186395645, 10.9830379486, 11.4590473175, 11.9814968109, 12.5155553818, 13.0496139526, 13.5836734772, 14.1061220169, 14.6169614792, 15.1394100189, 15.6618595123, 16.1843090057, 16.637096405, 17.0782756805, 17.5194549561, 17.9490242004, 18.3785934448, 18.8081626892, 19.2377319336, 19.667301178, 20.0968704224, 20.5264396667, 20.9560089111, 21.3855781555, 21.8151473999, 22.2447166443, 22.6742858887, 23.1038551331, 23.5334243774, 23.9629936218, 24.3925609589, 24.8221302032, 25.2516994476, 25.681268692, 26.0992279053, 26.5287971497, 26.958366394, 27.3763256073, 27.8058948517, 28.2354640961, 28.6650333405, 29.0946025848, 29.5241718292, 29.9537410736, 30.383310318, 30.8128795624, 31.2424488068, 31.6720180511, 32.1015853882, 32.5311546326, 32.9491157532, 33.3786849976, 33.8082542419, 34.2378234863, 34.6673927307, 35.0969619751, 35.5265312195, 35.9561004639, 36.3740577698, 36.8036270142, 37.2331962585, 37.6627655029, 38.0923347473, 38.5219039917, 38.9514732361, 39.3810424805, 39.8106117249, 40.2401809692, 40.6697502136, 41.099319458, 41.5288887024, 41.9584579468, 42.3880271912, 42.8175964355, 43.2355537415, 43.6651229858, 44.0946922302, 44.5242614746, 44.953830719, 45.3833999634, 45.8129692078, 46.2425384521, 46.6604995728, 47.0900688171, 47.5196380615, 47.9375953674, 48.3671646118, 48.7967338562, 49.2263031006, 49.655872345, 50.0854415894, 50.5150108337, 50.9445800781, 51.3741493225, 51.8037185669, 52.2332878113, 52.6628570557, 53.0808143616, 53.4987754822, 53.9283447266, 54.3579139709, 54.7874832153, 55.2286605835, 55.6698417664, 56.0994110107, 56.5289802551, 56.9585494995, 57.3881187439, 57.8176841736, 58.247253418, 58.6768226624, 59.1063919067, 59.5359611511, 59.9539222717, 60.3718795776, 60.801448822, 61.2310180664, 61.6605873108, 62.0785484314, 62.5081176758, 62.9492950439, 63.3788642883, 63.8084335327, 64.2380065918, 64.6675720215, 65.0971450806, 65.5150985718, 65.9446716309, 66.3742370605, 66.8038101196, 67.2333755493, 67.6629486084, 68.0809020996, 68.4988632202, 68.9284362793, 69.358001709, 69.7875747681, 70.2171401978, 70.6467132568, 71.0762786865, 71.4942398071, 71.9122009277, 72.3417663574, 72.7713394165, 73.2009048462, 73.6304779053, 74.060043335, 74.489616394, 74.9191818237, 75.3487548828, 75.7783203125, 76.2078933716, 76.6374588013, 77.0670318604, 77.49659729, 77.9261627197, 78.3557357788, 78.7853012085, 79.2148742676, 79.6444396973, 80.0740127563, 80.503578186, 80.9331512451, 81.3627166748, 81.7806777954, 82.198638916, 82.6282043457, 83.0577774048, 83.4873428345, 83.9169158936, 84.3464813232, 84.7760543823, 85.205619812, 85.6351928711, 86.0647583008, 86.4943313599, 86.9238967896, 87.3534698486, 87.7830352783, 88.2126083374, 88.6421737671, 89.0717468262, 89.5013122559, 89.9308853149, 90.3488388062, 90.7784118652, 91.2079772949, 91.637550354, 92.0671157837, 92.4850769043, 92.9146499634, 93.3442153931, 93.7737884521, 94.2033538818, 94.6329269409, 95.0624923706, 95.4920654297, 95.9216308594, 96.3511962891, 96.7807693481, 97.1987304688, 97.6282958984, 98.0578689575, 98.4874343872, 98.9170074463, 99.346572876, 99.7761459351, 100.205711365, 100.635284424, 101.064849854, 101.494422913, 101.912376404, 102.341949463, 102.771514893, 103.201087952, 103.630653381, 104.06022644, 104.48979187, 104.919364929, 105.348930359, 105.766891479, 106.196456909, 106.626029968, 107.067207336, 107.485168457, 107.914733887, 108.344306946, 108.773872375, 109.203445435, 109.621406555, 110.050971985, 110.480545044, 110.910110474, 111.339683533, 111.769248962, 112.198822021, 112.628387451, 113.05796051, 113.48752594, 113.917098999, 114.346664429, 114.776237488, 115.205802917, 115.635368347, 116.064941406, 116.494506836, 116.924079895, 117.353645325, 117.771606445, 118.189567566, 118.619132996, 119.048706055, 119.478271484, 119.907844543, 120.337409973, 120.766983032, 121.196548462, 121.626121521, 122.055686951, 122.48526001, 122.914825439, 123.344398499, 123.773963928, 124.203536987, 124.633102417, 125.062675476, 125.492240906, 125.921813965, 126.351379395, 126.769340515, 127.198905945, 127.628479004, 128.058044434, 128.487609863, 128.917190552, 129.335144043, 129.764709473, 130.194290161, 130.623855591, 131.053421021, 131.48298645, 131.912567139, 132.342132568, 132.771697998, 133.17805481, 133.607620239, 134.048797607, 134.478363037, 134.907928467, 135.337509155, 135.767074585, 136.196640015, 136.626205444, 137.055786133, 137.485351562, 137.903305054, 138.332870483, 138.762451172, 139.192016602, 139.621582031, 140.051147461, 140.480728149, 140.898681641, 141.32824707, 141.757827759, 142.187393188, 142.616958618, 143.046524048, 143.476104736, 143.905670166, 144.335235596, 144.764801025, 145.194366455, 145.612335205, 146.041900635, 146.471466064, 146.901046753, 147.330612183, 147.760177612, 148.189743042, 148.61932373, 149.04888916, 149.47845459, 149.90802002, 150.32598877, 150.743942261, 151.185119629, 151.626296997, 152.055877686, 152.485443115, 152.903396606, 153.321365356, 153.750930786, 154.180496216, 154.610061646, 155.039627075, 155.469207764, 155.898773193, 156.328338623, 156.757904053, 157.187484741, 157.617050171, 158.046615601, 158.47618103, 158.905761719, 159.32371521, 159.75328064, 160.182861328, 160.612426758, 161.041992188, 161.471557617, 161.901138306, 162.319091797, 162.748657227, 163.178222656, 163.607803345, 164.037368774, 164.466934204, 164.896499634, 165.326080322, 165.755645752, 166.185211182, 166.614776611, 167.0443573, 167.462310791, 167.891876221, 168.32144165, 168.751022339, 169.180587769, 169.610153198, 170.039718628, 170.469299316, 170.898864746, 171.328430176, 171.757995605, 172.175964355, 172.617141724, 173.046707153, 173.476272583, 173.894241333, 174.323806763, 174.753372192, 175.182937622, 175.612518311, 176.04208374, 176.47164917, 176.88961792, 177.330795288, 177.748748779, 178.166702271, 178.607894897, 179.049072266, 179.478637695, 179.896591187, 180.314559937, 180.744125366, 181.173690796, 181.603256226, 182.032836914, 182.462402344, 182.891967773, 183.321533203, 183.751113892, 184.180679321, 184.610244751, 185.039810181, 185.469390869, 185.898956299, 186.31690979, 186.74647522, 187.176055908, 187.605621338, 188.035186768, 188.464752197, 188.894332886, 189.323898315, 189.753463745, 190.183029175, 190.612609863, 191.042175293, 191.471740723, 191.901306152, 192.330886841, 192.760452271, 193.1900177, 193.61958313, 194.049163818, 194.46711731, 194.896682739, 195.326248169, 195.755828857, 196.185394287, 196.614959717, 197.044525146, 197.474105835, 197.903671265, 198.321624756, 198.739593506, 199.169158936, 199.598724365, 200.028289795, 200.457870483, 200.875823975, 201.305389404, 201.734954834, 202.164535522, 202.594100952, 203.023666382, 203.453231812, 203.8828125, 204.31237793, 204.730331421, 205.171508789, 205.601089478, 206.030654907, 206.448608398, 206.878189087, 207.307754517, 207.737319946, 208.166885376, 208.596466064, 209.026031494, 209.455596924, 209.885162354, 210.314727783, 210.744308472, 211.173873901, 211.603439331, 212.021408081, 212.450973511, 212.88053894, 213.321716309, 213.739685059, 214.15763855, 214.587203979, 215.016769409, 215.446350098, 215.875915527, 216.305480957, 216.735046387, 217.164627075, 217.582580566, 218.012145996, 218.430114746, 218.871292114, 219.289245605, 219.730422974, 220.159988403, 220.589569092, 221.019134521, 221.448699951, 221.878265381, 222.307846069, 222.725799561, 223.166976929, 223.584945679, 224.014511108, 224.444076538, 224.873641968, 225.303222656, 225.732788086, 226.162353516, 226.580307007, 227.009887695, 227.439453125, 227.880630493, 228.310195923, 228.739776611, 229.157730103, 229.587295532, 230.016860962, 230.45803833, 230.887619019, 231.317184448, 231.746749878, 232.176315308, 232.594284058, 233.012237549, 233.453414917, 233.882995605, 234.312561035, 234.742126465, 235.160079956, 235.589660645, 236.019226074, 236.448791504, 236.878356934, 237.307937622, 237.725891113, 238.155456543, 238.585037231, 239.0262146, 239.444168091, 239.873733521, 240.30329895, 240.7212677, 241.162445068, 241.592010498, 242.021575928, 242.439544678, 242.869110107, 243.298675537, 243.739852905, 244.181045532, 244.6222229, 245.086624146, 245.56262207, 246.038635254, 246.503036499, 246.967437744, 247.431838989, 247.907836914, 248.360626221, 248.813415527, 249.266204834, 249.707382202, 250.160171509, 250.601348877, 251.030929565, 251.460494995, 251.890060425, 252.319625854, 252.749206543, 253.178771973, 253.608337402, 254.037902832, 254.467483521, 254.89704895, 255.32661438, 255.767791748, 256.208984375, 256.638549805, 257.079711914, 257.474456787, 257.88079834, 258.275543213, 258.670288086, 259.065032959, 259.459777832, 259.854522705, 260.249237061, 260.643981934, 261.027130127, 261.410247803, 261.804992676, 262.199737549, 262.582855225, 263.047241211, 263.500030518, 263.976043701, 264.428833008, 264.881622314, 265.334411621, 265.775604248, 266.228393555, 266.681182861, 267.133972168, 267.598358154],
    "bpm_histogram": [0, 0, 0, 0, 0, 0, 0, 0, 0, 0, 0, 0, 0, 0, 0, 0, 0, 0, 0, 0, 0, 0, 0, 0, 0, 0, 0, 0, 0, 0, 0, 0, 0, 0, 0, 0, 0, 0, 0, 0, 0, 0, 0, 0, 0, 0, 0, 0, 0, 0, 0, 0, 0, 0, 0, 0, 0, 0, 0, 0, 0, 0, 0, 0, 0, 0, 0, 0, 0, 0, 0, 0, 0, 0, 0, 0, 0, 0, 0, 0, 0, 0, 0, 0, 0, 0, 0, 0, 0, 0, 0, 0, 0, 0, 0, 0, 0, 0, 0, 0, 0, 0, 0, 0, 0, 0, 0, 0, 0, 0, 0, 0, 0.00483870971948, 0, 0, 0.00806451588869, 0, 0.00161290320102, 0, 0, 0, 0, 0, 0, 0, 0, 0.00806451588869, 0, 0, 0.0129032256082, 0, 0, 0, 0.0258064512163, 0, 0, 0.0629032254219, 0, 0, 0, 0.735483884811, 0, 0, 0, 0.116129033267, 0, 0, 0, 0.00322580640204, 0, 0, 0, 0.0161290317774, 0, 0, 0, 0, 0.00483870971948, 0, 0, 0, 0, 0, 0, 0, 0, 0, 0, 0, 0, 0, 0, 0, 0, 0, 0, 0, 0, 0, 0, 0, 0, 0, 0, 0, 0, 0, 0, 0, 0, 0, 0, 0, 0, 0, 0, 0, 0, 0, 0, 0, 0, 0, 0, 0, 0, 0, 0, 0, 0, 0, 0, 0, 0, 0, 0, 0, 0, 0, 0, 0, 0, 0, 0, 0, 0, 0, 0, 0, 0, 0, 0, 0, 0, 0, 0, 0, 0, 0, 0, 0, 0, 0, 0, 0, 0, 0, 0, 0, 0]
},
"tonal": {
    "chords_changes_rate": 0.055911373347,
    "chords_number_rate": 0.00155790196732,
    "chords_strength": {
        "mean": 0.53110152483
    },
    "hpcp_crest": {
        "mean": 15.0627613068
    },
    "hpcp_entropy": {
        "mean": 1.8337239027
    },
    "key_edma": {
        "strength": 0.845593214035,
        "key": "B",
        "scale": "minor"
    },
    "key_krumhansl": {
        "strength": 0.847429037094,
        "key": "B",
        "scale": "minor"
    },
    "key_temperley": {
        "strength": 0.836162090302,
        "key": "B",
        "scale": "minor"
    },
    "tuning_diatonic_strength": 0.669751286507,
    "tuning_equal_tempered_deviation": 0.267783612013,
    "tuning_frequency": 434.193115234,
    "tuning_nontempered_energy_ratio": 0.962907612324,
    "hpcp": {
        "mean": [0.0751367732882, 0.078242637217, 0.056678082794, 0.0473216436803, 0.0452501736581, 0.053285267204, 0.142055153847, 0.193399876356, 0.129296898842, 0.0702972412109, 0.0481356866658, 0.0515804067254, 0.102222286165, 0.139199212193, 0.104254499078, 0.134471222758, 0.164743095636, 0.0929464027286, 0.0541492924094, 0.0558990649879, 0.0512984730303, 0.0556152313948, 0.0605033822358, 0.0571259334683, 0.0537961497903, 0.0533043518662, 0.0783147364855, 0.294663727283, 0.439236402512, 0.268235206604, 0.229077145457, 0.211674720049, 0.0834044739604, 0.0721555277705, 0.0676747858524, 0.0558092668653]
    },
    "chords_histogram": [33.7026138306, 7.32213973999, 10.5244932175, 0.15579020977, 0.138480186462, 0, 0, 10.4033231735, 0.2250302881, 16.7387924194, 0, 0.346200436354, 1.33287167549, 0, 0.6750908494, 0, 2.33685302734, 0.380820482969, 0, 0, 0.31158041954, 0.761640965939, 1.81755232811, 12.8267269135],
    "thpcp": [1, 0.610685288906, 0.521534979343, 0.481915235519, 0.189885154366, 0.164274930954, 0.15407371521, 0.127059742808, 0.171062260866, 0.178133323789, 0.129037767649, 0.107736162841, 0.103020086884, 0.121313415468, 0.323413878679, 0.44030931592, 0.294367462397, 0.160044208169, 0.109589472413, 0.117431990802, 0.232727259398, 0.316911816597, 0.23735396564, 0.30614772439, 0.375067025423, 0.211609065533, 0.123280517757, 0.12726418674, 0.116790123284, 0.126617997885, 0.137746736407, 0.130057379603, 0.122476525605, 0.121356859803, 0.178297460079, 0.670854508877],
    "chords_key": "B",
    "chords_scale": "minor"
}
}