{
"metadata": {
    "version": {
        "essentia": "2.1-beta6-dev",
        "essentia_git_sha": "v2.1_beta5-1177-g1d1cc983",
        "extractor": "music 2.0"
    },
    "audio_properties": {
        "analysis": {
            "equal_loudness": 0,
            "length": 202.613327026,
            "sample_rate": 44100,
            "start_time": 0,
            "downmix": "mix"
        },
        "bit_rate": 1411200,
        "length": 202.613327026,
        "lossless": 1,
        "number_channels": 2,
        "replay_gain": -14.7555999756,
        "sample_rate": 44100,
        "codec": "pcm_s16le",
        "md5_encoded": "d0d9d8aa23befdcb279bad0a89af5bd0"
    },
    "tags": {
        "file_name": "03 - Manchester Orchestra - Girl Harbor.wav",
        "album": ["Cope (Deluxe Version)"],
        "albumartist": ["Manchester Orchestra"],
        "artist": ["Manchester Orchestra"],
        "composer": ["Manchester Orchestra"],
        "copyright": ["℗ 2013 Seven Four Entertainment and Republic Records"],
        "date": ["2012"],
        "discnumber": ["1"],
        "disctotal": ["1"],
        "genre": ["Alternative & Indie"],
        "isrc": ["USUG11301013"],
        "title": ["Girl Harbor"],
        "tracknumber": ["3"],
        "tracktotal": ["13"]
    }
},
"lowlevel": {
    "average_loudness": 0.95915466547,
    "barkbands_crest": {
        "mean": 9.87419033051
    },
    "barkbands_flatness_db": {
        "mean": 0.173677891493
    },
    "barkbands_kurtosis": {
        "mean": 5.9138674736
    },
    "barkbands_skewness": {
        "mean": 1.72380518913
    },
    "barkbands_spread": {
        "mean": 15.4478521347
    },
    "dissonance": {
        "mean": 0.457797318697
    },
    "dynamic_complexity": 2.38309121132,
    "erbbands_crest": {
        "mean": 9.84761047363
    },
    "erbbands_flatness_db": {
        "mean": 0.178126573563
    },
    "erbbands_kurtosis": {
        "mean": 0.82658803463
    },
    "erbbands_skewness": {
        "mean": 0.277834534645
    },
    "erbbands_spread": {
        "mean": 32.1844329834
    },
    "hfc": {
        "mean": 22.4206123352
    },
    "loudness_ebu128": {
        "integrated": -6.47634124756,
        "loudness_range": 2.76211833954,
        "momentary": {
            "mean": -7.22330331802
        },
        "short_term": {
            "mean": -6.66160821915
        }
    },
    "melbands_crest": {
        "mean": 15.3815641403
    },
    "melbands_flatness_db": {
        "mean": 0.257445693016
    },
    "melbands_kurtosis": {
        "mean": 15.2575540543
    },
    "melbands_skewness": {
        "mean": 2.70263719559
    },
    "melbands_spread": {
        "mean": 16.6887512207
    },
    "pitch_salience": {
        "mean": 0.506324708462
    },
    "silence_rate_20dB": {
        "mean": 1
    },
    "silence_rate_30dB": {
        "mean": 0.999885439873
    },
    "silence_rate_60dB": {
        "mean": 0.0154692335054
    },
    "spectral_centroid": {
        "mean": 921.988769531
    },
    "spectral_complexity": {
        "mean": 21.7383975983
    },
    "spectral_decrease": {
        "mean": -1.11823963422e-08
    },
    "spectral_energy": {
        "mean": 0.0442383550107
    },
    "spectral_energyband_high": {
        "mean": 0.000278969760984
    },
    "spectral_energyband_low": {
        "mean": 0.0210367888212
    },
    "spectral_energyband_middle_high": {
        "mean": 0.00856420025229
    },
    "spectral_energyband_middle_low": {
        "mean": 0.0166693367064
    },
    "spectral_entropy": {
        "mean": 7.25411176682
    },
    "spectral_flux": {
        "mean": 0.101239793003
    },
    "spectral_kurtosis": {
        "mean": 8.73052692413
    },
    "spectral_rms": {
        "mean": 0.00640194490552
    },
    "spectral_rolloff": {
        "mean": 834.755981445
    },
    "spectral_skewness": {
        "mean": 2.00505328178
    },
    "spectral_spread": {
        "mean": 3366891
    },
    "spectral_strongpeak": {
        "mean": 1.00436627865
    },
    "zerocrossingrate": {
        "mean": 0.0360753498971
    },
    "barkbands": {
        "mean": [3.82314356102e-05, 0.00825511477888, 0.0109661770985, 0.00316721899435, 0.00404705433175, 0.00283650215715, 0.00141674361657, 0.00208098324947, 0.00204729358666, 0.00192911108024, 0.00157702865545, 0.00127280526794, 0.0010361163877, 0.00110263831448, 0.00056666060118, 0.000453261338407, 0.000465292047011, 0.000393129768781, 0.000250732700806, 0.000106319879706, 6.68483771733e-05, 4.54245891888e-05, 3.91593603126e-05, 4.92155377287e-05, 2.17495817196e-05, 6.12381654719e-06, 1.50892492456e-06]
    },
    "erbbands": {
        "mean": [0.116140343249, 2.41218400002, 12.0044374466, 11.4632434845, 11.3318872452, 14.7762804031, 20.0459403992, 20.7322750092, 21.0686321259, 25.6047363281, 56.3145141602, 44.4830474854, 64.0417480469, 57.3051605225, 53.9169044495, 57.6820411682, 47.5983581543, 65.6466369629, 30.7801799774, 27.2584400177, 27.3676280975, 25.2464923859, 22.928609848, 16.3537387848, 9.3687877655, 5.06096792221, 3.41764712334, 2.12651467323, 1.68020021915, 1.2978477478, 1.1476598978, 1.10448765755, 0.72982698679, 0.310801714659, 0.123806715012, 0.0378941334784, 0.00920576322824, 0.00189186539501, 0.000288739072857, 6.26450491836e-05]
    },
    "gfcc": {
        "mean": [-0.136636957526, 132.78112793, -114.003814697, 27.5334758759, -39.0042724609, 9.31711673737, -30.386259079, 8.41620159149, -19.2905921936, -7.29641580582, -13.444396019, -6.49617958069, -12.2575769424],
        "cov": [[7726.86328125, -1013.06304932, -1273.63696289, 148.487731934, -522.163208008, 263.394866943, -266.960327148, 128.875213623, -159.026596069, 154.837905884, -29.6450500488, 109.394569397, -208.308029175], [-1013.06304932, 1030.16394043, 119.639183044, -42.2890281677, 319.836212158, -138.235870361, 167.716583252, -78.2536773682, 76.6111373901, -131.283721924, 43.3856430054, -96.2333297729, 91.0403823853], [-1273.63696289, 119.639183044, 774.195861816, 112.044586182, 33.9127845764, -21.5001220703, 4.74594449997, -4.30121135712, 20.874792099, -25.4068412781, -65.5176544189, -41.4315757751, 60.9265785217], [148.487731934, -42.2890281677, 112.044586182, 292.454956055, -16.7782058716, -59.1605606079, -63.8497657776, 4.70952033997, 26.7086238861, -13.9717578888, -12.2692251205, -9.95166969299, 36.0939903259], [-522.163208008, 319.836212158, 33.9127845764, -16.7782058716, 293.139190674, -17.508234024, 43.8202171326, -31.5225696564, 12.6843576431, -31.2026920319, 20.5989131927, -15.7361545563, 17.0368232727], [263.394866943, -138.235870361, -21.5001220703, -59.1605606079, -17.508234024, 196.060440063, 26.0225009918, -8.76068782806, -34.7591781616, 4.42360162735, 0.623243927956, 18.2892494202, -27.1643409729], [-266.960327148, 167.716583252, 4.74594449997, -63.8497657776, 43.8202171326, 26.0225009918, 159.3253479, -1.9781563282, 5.34339618683, -10.8373470306, 12.3748674393, -10.4753665924, 7.79898357391], [128.875213623, -78.2536773682, -4.30121135712, 4.70952033997, -31.5225696564, -8.76068782806, -1.9781563282, 110.577842712, 37.3680610657, 8.37173271179, -13.7661762238, 0.0611035786569, 2.7607049942], [-159.026596069, 76.6111373901, 20.874792099, 26.7086238861, 12.6843576431, -34.7591781616, 5.34339618683, 37.3680610657, 84.3771209717, 7.13827228546, -7.63419485092, -19.561416626, 14.9339675903], [154.837905884, -131.283721924, -25.4068412781, -13.9717578888, -31.2026920319, 4.42360162735, -10.8373470306, 8.37173271179, 7.13827228546, 95.6991882324, 22.3875293732, 16.6862373352, -22.7766933441], [-29.6450500488, 43.3856430054, -65.5176544189, -12.2692251205, 20.5989131927, 0.623243927956, 12.3748674393, -13.7661762238, -7.63419485092, 22.3875293732, 75.7733535767, 29.3561573029, -3.05177021027], [109.394569397, -96.2333297729, -41.4315757751, -9.95166969299, -15.7361545563, 18.2892494202, -10.4753665924, 0.0611035786569, -19.561416626, 16.6862373352, 29.3561573029, 72.7234802246, 12.0513448715], [-208.308029175, 91.0403823853, 60.9265785217, 36.0939903259, 17.0368232727, -27.1643409729, 7.79898357391, 2.7607049942, 14.9339675903, -22.7766933441, -3.05177021027, 12.0513448715, 73.4714736938]],
        "icov": [[0.000351238821167, -0.000606505782343, 0.000664486724418, -0.000704654492438, 0.000625922053587, -0.00070591684198, 0.000564989284612, -0.00080275372602, 0.0011011097813, -0.00102848710958, 0.00128274736926, -0.000762401905376, 0.000742257572711], [-0.000606505782343, 0.00586154684424, -0.00149302242789, 0.00269389222376, -0.00382492900826, 0.00353864114732, -0.00364752532914, 0.00433002226055, -0.00538443075493, 0.00658815540373, -0.00736545911059, 0.0067700794898, -0.00492793228477], [0.000664486724418, -0.00149302242789, 0.00288078072481, -0.00194455683231, 0.00116575695574, -0.00166898826137, 0.00107006554026, -0.00157151056919, 0.00255766161717, -0.00279108481482, 0.00406444910914, -0.00113952090032, 0.000329080910888], [-0.000704654492438, 0.00269389222376, -0.00194455683231, 0.00633442681283, -0.00172455434222, 0.00275227357633, -0.000107938314613, 0.00273861736059, -0.00424727564678, 0.00406668661162, -0.00480943592265, 0.00386557658203, -0.00421905424446], [0.000625922053587, -0.00382492900826, 0.00116575695574, -0.00172455434222, 0.00676515325904, -0.0023362308275, 0.00187966157682, -0.00191053154413, 0.0028614802286, -0.00317749520764, 0.00344947935082, -0.00364333414473, 0.00300867948681], [-0.00070591684198, 0.00353864114732, -0.00166898826137, 0.00275227357633, -0.0023362308275, 0.00879462994635, -0.00363126979209, 0.0030519075226, -0.0022852991242, 0.0046583567746, -0.00400917325169, 0.00200756825507, -0.000877395446878], [0.000564989284612, -0.00364752532914, 0.00107006554026, -0.000107938314613, 0.00187966157682, -0.00363126979209, 0.010285676457, -0.00321111269295, 0.0030337383505, -0.00364930764772, 0.00263741286471, -0.00188913277816, 0.00120914215222], [-0.00080275372602, 0.00433002226055, -0.00157151056919, 0.00273861736059, -0.00191053154413, 0.0030519075226, -0.00321111269295, 0.0152803454548, -0.0104968640953, 0.0051534390077, -0.00370233389549, 0.00278346333653, -0.00322467298247], [0.0011011097813, -0.00538443075493, 0.00255766161717, -0.00424727564678, 0.0028614802286, -0.0022852991242, 0.0030337383505, -0.0104968640953, 0.0238321851939, -0.0100352037698, 0.00756014417857, -0.000737678259611, 0.000803246337455], [-0.00102848710958, 0.00658815540373, -0.00279108481482, 0.00406668661162, -0.00317749520764, 0.0046583567746, -0.00364930764772, 0.0051534390077, -0.0100352037698, 0.0217064190656, -0.0127229932696, 0.00439631287009, -0.000590649084188], [0.00128274736926, -0.00736545911059, 0.00406444910914, -0.00480943592265, 0.00344947935082, -0.00400917325169, 0.00263741286471, -0.00370233389549, 0.00756014417857, -0.0127229932696, 0.029763367027, -0.0162269677967, 0.00774986296892], [-0.000762401905376, 0.0067700794898, -0.00113952090032, 0.00386557658203, -0.00364333414473, 0.00200756825507, -0.00188913277816, 0.00278346333653, -0.000737678259611, 0.00439631287009, -0.0162269677967, 0.0298103746027, -0.0138725144789], [0.000742257572711, -0.00492793228477, 0.000329080910888, -0.00421905424446, 0.00300867948681, -0.000877395446878, 0.00120914215222, -0.00322467298247, 0.000803246337455, -0.000590649084188, 0.00774986296892, -0.0138725144789, 0.0248430632055]]
    },
    "melbands": {
        "mean": [0.00168799725361, 0.0050809760578, 0.00202281423844, 0.000923032057472, 0.000678831944242, 0.000492694671266, 0.000315573241096, 0.000294527417282, 0.000482945819385, 0.000270536344033, 0.000313310301863, 0.000219862020458, 0.000182508083526, 0.000151392290718, 0.000134534624522, 9.63485654211e-05, 0.000127764913486, 4.60613919131e-05, 4.39469986304e-05, 3.30658513121e-05, 3.13043747155e-05, 2.76107239188e-05, 2.25211788347e-05, 1.73133921635e-05, 1.305380556e-05, 8.41401379148e-06, 4.49307844974e-06, 3.03070396512e-06, 2.26086149269e-06, 1.60185561526e-06, 1.08716926661e-06, 9.35846514949e-07, 8.80729828623e-07, 6.58459839542e-07, 6.44586634735e-07, 6.74742750562e-07, 6.72575026783e-07, 5.56773670723e-07, 3.61825982509e-07, 2.2814009526e-07]
    },
    "melbands128": {
        "mean": [3.56014279532e-05, 0.000464965240099, 0.00216183206066, 0.00440268730745, 0.00653339456767, 0.00479472894222, 0.00231476407498, 0.00147016043775, 0.00106351729482, 0.000932803959586, 0.000847645744216, 0.000580045161769, 0.00072872947203, 0.000689541338943, 0.000426126352977, 0.000436405156506, 0.000407111045206, 0.000243179048994, 0.000293240183964, 0.000251251010923, 0.000313817756251, 0.000351632857928, 0.000647666573059, 0.000451535481261, 0.000192387466086, 0.000255623046542, 0.000252811471, 0.000463491945993, 0.000187783851288, 0.000171361272805, 0.000270826916676, 0.000245832110522, 0.000120632081234, 0.000227018652367, 0.000100147604826, 0.000162643831572, 0.000169714025105, 0.000127860897919, 0.000133744761115, 7.34210043447e-05, 9.31875401875e-05, 0.00011426328274, 0.000151219443069, 0.000137475915835, 3.75227682525e-05, 3.34458891302e-05, 4.5792596211e-05, 5.20700050402e-05, 4.06240360462e-05, 2.75539405266e-05, 3.2513646147e-05, 3.8956728531e-05, 2.87132115773e-05, 2.93203465844e-05, 3.49477231794e-05, 2.81040120171e-05, 2.05720098165e-05, 2.10857706406e-05, 2.40631034103e-05, 2.43444319494e-05, 1.58824404934e-05, 1.24464386317e-05, 1.61449352163e-05, 1.23448071463e-05, 9.96314611257e-06, 9.71099871094e-06, 6.41489759801e-06, 4.90768070449e-06, 4.13786301579e-06, 3.76642515221e-06, 3.06307197206e-06, 2.69473639491e-06, 2.42967576014e-06, 2.22134417527e-06, 2.04173807106e-06, 1.65154165188e-06, 1.43047850543e-06, 1.24937491819e-06, 1.05213132429e-06, 9.05668343876e-07, 9.1304372063e-07, 9.46295529047e-07, 9.73761984824e-07, 9.33733872444e-07, 7.64076162341e-07, 6.30502370313e-07, 6.58768158246e-07, 6.20365483428e-07, 6.32593241789e-07, 6.7005623805e-07, 6.57779423818e-07, 6.50009383207e-07, 7.60709383485e-07, 6.73120496231e-07, 6.25774362106e-07, 6.21586934813e-07, 5.48364425867e-07, 4.6140613108e-07, 3.81872013122e-07, 3.00299660694e-07, 2.58182325297e-07, 2.10991473182e-07, 2.00518769589e-07, 1.72631146711e-07, 1.35298506621e-07, 1.09488617284e-07, 9.60879802392e-08, 7.92097765157e-08, 5.98346403535e-08, 4.76253809722e-08, 4.02803799204e-08, 3.35961800602e-08, 2.56455301439e-08, 2.2066481975e-08, 1.72550738142e-08, 1.50791024112e-08, 1.40563960471e-08, 1.09790052605e-08, 1.12581535205e-08, 8.99748364702e-09, 7.21078752264e-09, 4.80631445754e-09, 3.54417717396e-09, 2.69479238924e-09, 1.75369729849e-09, 1.30049837566e-09, 9.93775284286e-10, 6.21272200352e-10]
    },
    "mfcc": {
        "mean": [-645.26776123, 163.123275757, -8.09914398193, 27.3469829559, 12.3745107651, 4.84851074219, 3.13292765617, 10.5416851044, -0.0120778307319, 3.23501634598, 0.383460700512, 0.111883275211, -4.32494401932],
        "cov": [[8239.515625, -1259.09729004, -953.085998535, -351.220123291, -321.350128174, -110.3802948, -99.1937179565, -55.7015419006, -201.659591675, -9.12640380859, 3.23292922974, 121.221878052, -16.7855148315], [-1259.09729004, 1127.39782715, -93.2377548218, 140.966171265, 112.254364014, 59.0955429077, 89.3472137451, 61.0821685791, 45.4768295288, 18.371011734, 19.9249153137, -66.5144500732, -19.0329399109], [-953.085998535, -93.2377548218, 645.750183105, 102.259773254, 33.1616973877, 4.35411977768, -23.6219596863, -15.0402545929, 76.2249221802, 10.8682775497, -38.1279563904, -25.182554245, 0.381440162659], [-351.220123291, 140.966171265, 102.259773254, 322.131011963, 90.0642852783, -40.7626190186, -37.1007041931, -19.110584259, 45.0590705872, -6.95263576508, -19.762386322, -19.3309688568, 22.0455703735], [-321.350128174, 112.254364014, 33.1616973877, 90.0642852783, 204.79750061, 18.6214427948, -16.5630683899, 17.3684902191, 7.63948345184, -8.19979381561, 3.58923172951, -35.6813812256, -9.16307258606], [-110.3802948, 59.0955429077, 4.35411977768, -40.7626190186, 18.6214427948, 148.322952271, 59.6883621216, 5.12978506088, -16.9519100189, -13.092663765, -1.03763604164, 8.45315074921, -16.2695293427], [-99.1937179565, 89.3472137451, -23.6219596863, -37.1007041931, -16.5630683899, 59.6883621216, 113.557243347, 23.4222106934, -11.3886041641, -11.8955364227, 6.56377887726, 16.4463119507, -2.32637739182], [-55.7015419006, 61.0821685791, -15.0402545929, -19.110584259, 17.3684902191, 5.12978506088, 23.4222106934, 96.3589553833, 21.6895885468, 4.32451963425, -0.972026526928, -17.1699295044, -13.8430595398], [-201.659591675, 45.4768295288, 76.2249221802, 45.0590705872, 7.63948345184, -16.9519100189, -11.3886041641, 21.6895885468, 94.5931472778, 39.6681442261, -10.4047927856, -18.0564517975, 0.17316365242], [-9.12640380859, 18.371011734, 10.8682775497, -6.95263576508, -8.19979381561, -13.092663765, -11.8955364227, 4.32451963425, 39.6681442261, 74.8328781128, 20.2396507263, -9.20699977875, -8.16250038147], [3.23292922974, 19.9249153137, -38.1279563904, -19.762386322, 3.58923172951, -1.03763604164, 6.56377887726, -0.972026526928, -10.4047927856, 20.2396507263, 74.6650848389, 21.4582443237, -2.88905620575], [121.221878052, -66.5144500732, -25.182554245, -19.3309688568, -35.6813812256, 8.45315074921, 16.4463119507, -17.1699295044, -18.0564517975, -9.20699977875, 21.4582443237, 75.9420852661, 25.7125988007], [-16.7855148315, -19.0329399109, 0.381440162659, 22.0455703735, -9.16307258606, -16.2695293427, -2.32637739182, -13.8430595398, 0.17316365242, -8.16250038147, -2.88905620575, 25.7125988007, 61.2596893311]],
        "icov": [[0.000205161049962, 0.000235770727159, 0.000327999325236, -5.30342185812e-05, 0.000150038205902, 1.80920651474e-05, 7.10993335815e-05, -5.27711381437e-05, 0.000176829576958, -0.000180393442861, 0.000169061764609, -7.25771969883e-05, 0.000178432950634], [0.000235770727159, 0.00151497370098, 0.000694795511663, -0.000715750502422, -8.00099951448e-05, -0.000322391977534, -0.00106182124, -0.000289092160529, -0.000241565110628, -0.000332251336658, -0.000441972137196, 0.00118016556371, 2.5521578209e-05], [0.000327999325236, 0.000694795511663, 0.00244357646443, -0.00054230337264, 8.83945103851e-05, -0.000403915037168, -1.06983598016e-05, 0.000469859573059, -0.00142785068601, 4.60589108116e-05, 0.000618489866611, 0.000305244815536, 0.000408624880947], [-5.30342185812e-05, -0.000715750502422, -0.00054230337264, 0.00483386637643, -0.00193379633129, 0.0013238133397, 0.00062063668156, 0.00161775038578, -0.00219883443788, 0.0015380642144, 0.000642594881356, -0.000467048812425, -0.00108413922135], [0.000150038205902, -8.00099951448e-05, 8.83945103851e-05, -0.00193379633129, 0.00702880462632, -0.00199180166237, 0.00185939203948, -0.00158524408471, 0.000716039270628, 0.00117831223179, -0.00208611111157, 0.00297657749616, -0.00024639518233], [1.80920651474e-05, -0.000322391977534, -0.000403915037168, 0.0013238133397, -0.00199180166237, 0.00993788335472, -0.00482003996149, 0.00132291321643, 0.000636235752609, 0.000219506095164, 0.00163560092915, -0.00205889251083, 0.00285697542131], [7.10993335815e-05, -0.00106182124, -1.06983598016e-05, 0.00062063668156, 0.00185939203948, -0.00482003996149, 0.0140420207754, -0.00340566504747, 0.000600755272899, 0.00158914772328, -0.000610712799244, -0.00261481641792, -0.000493267958518], [-5.27711381437e-05, -0.000289092160529, 0.000469859573059, 0.00161775038578, -0.00158524408471, 0.00132291321643, -0.00340566504747, 0.0135478610173, -0.00476270774379, 0.00192769232672, -0.000340912665706, 0.00188916176558, 0.00181826378684], [0.000176829576958, -0.000241565110628, -0.00142785068601, -0.00219883443788, 0.000716039270628, 0.000636235752609, 0.000600755272899, -0.00476270774379, 0.0195994768292, -0.0110258227214, 0.00423569837585, 0.000125888298498, -0.00138137734029], [-0.000180393442861, -0.000332251336658, 4.60589108116e-05, 0.0015380642144, 0.00117831223179, 0.000219506095164, 0.00158914772328, 0.00192769232672, -0.0110258227214, 0.0223968960345, -0.00802535284311, 0.00289673032239, 0.00144514837302], [0.000169061764609, -0.000441972137196, 0.000618489866611, 0.000642594881356, -0.00208611111157, 0.00163560092915, -0.000610712799244, -0.000340912665706, 0.00423569837585, -0.00802535284311, 0.0192599520087, -0.00774207198992, 0.00277262553573], [-7.25771969883e-05, 0.00118016556371, 0.000305244815536, -0.000467048812425, 0.00297657749616, -0.00205889251083, -0.00261481641792, 0.00188916176558, 0.000125888298498, 0.00289673032239, -0.00774207198992, 0.022418430075, -0.00865023676306], [0.000178432950634, 2.5521578209e-05, 0.000408624880947, -0.00108413922135, -0.00024639518233, 0.00285697542131, -0.000493267958518, 0.00181826378684, -0.00138137734029, 0.00144514837302, 0.00277262553573, -0.00865023676306, 0.0218404270709]]
    },
    "spectral_contrast_coeffs": {
        "mean": [-0.703998208046, -0.758843302727, -0.751937687397, -0.794461846352, -0.78914386034, -0.781823635101]
    },
    "spectral_contrast_valleys": {
        "mean": [-6.04237794876, -6.42011499405, -7.10073804855, -7.39390707016, -7.65190124512, -10.7454986572]
    }
},
"rhythm": {
    "beats_count": 436,
    "beats_loudness": {
        "mean": 0.0493497364223
    },
    "bpm": 155.333694458,
    "bpm_histogram_first_peak_bpm": 157,
    "bpm_histogram_first_peak_weight": 0.135135173798,
    "bpm_histogram_second_peak_bpm": 105,
    "bpm_histogram_second_peak_spread": 0.467065870762,
    "bpm_histogram_second_peak_weight": 0.204597696662,
    "danceability": 1.21108913422,
    "onset_rate": 3.21276926994,
    "beats_loudness_band_ratio": {
        "mean": [0.550374448299, 0.154627770185, 0.154129415751, 0.122407220304, 0.0542101413012, 0.0125139309093]
    },
    "beats_position": [0.580498874187, 1.16099774837, 1.74149656296, 2.32199549675, 2.90249419212, 3.47138309479, 4.04027223587, 4.62077093124, 5.18965959549, 5.75854873657, 6.33904743195, 6.91954612732, 7.4884352684, 8.05732440948, 8.62621307373, 9.19510173798, 9.76399040222, 10.3328800201, 10.9133787155, 11.4822673798, 12.051156044, 12.6316547394, 13.2121543884, 13.7926530838, 14.361541748, 14.9304304123, 15.5109291077, 16.0798187256, 16.6487064362, 17.2175960541, 17.786485672, 18.3553733826, 18.9242630005, 19.5047607422, 20.0852603912, 20.6541500092, 21.2230377197, 21.7919273376, 22.3724250793, 22.9413146973, 23.5218143463, 24.102312088, 24.6712017059, 25.2516994476, 25.8205890656, 26.4010887146, 26.9699764252, 27.5504760742, 28.1309738159, 28.7230834961, 29.3268013, 29.9305210114, 30.5342407227, 31.1379585266, 31.7184581757, 32.2989578247, 32.8794555664, 33.4483451843, 34.0172348022, 34.5977325439, 35.1666221619, 35.7471199036, 36.3160095215, 36.8848991394, 37.4537849426, 38.0226745605, 38.5915641785, 39.1720619202, 39.7409515381, 40.3214492798, 40.9019508362, 41.4708366394, 42.0397262573, 42.6086158752, 43.1775054932, 43.7463951111, 44.3268928528, 44.9073905945, 45.4762802124, 46.0451698303, 46.6140594482, 47.1829452515, 47.7518348694, 48.3323364258, 48.901222229, 49.4817237854, 50.0622215271, 50.631111145, 51.2000007629, 51.7804985046, 52.3493881226, 52.9182739258, 53.4987754822, 54.0676651001, 54.6365509033, 55.2054405212, 55.7859382629, 56.3548278809, 56.9353294373, 57.515827179, 58.0963249207, 58.6768226624, 59.2689323425, 59.8726501465, 60.4879798889, 61.1033096313, 61.6954193115, 62.2759170532, 62.8564147949, 63.4253044128, 63.9941940308, 64.5746917725, 65.1551895142, 65.7356872559, 66.316192627, 66.8850784302, 67.4539642334, 68.022857666, 68.5917434692, 69.1606369019, 69.7295227051, 70.2984085083, 70.8673019409, 71.4477996826, 72.0166854858, 72.5971832275, 73.1660766602, 73.7465744019, 74.3270721436, 74.8843536377, 75.4648513794, 76.0337371826, 76.6026306152, 77.1831283569, 77.7520141602, 78.3209075928, 78.9014053345, 79.4702911377, 80.0391845703, 80.619682312, 81.1885681152, 81.7574615479, 82.3379592896, 82.9184570312, 83.4989547729, 84.0910644531, 84.6831741333, 85.2752838135, 85.8789978027, 86.4827194214, 87.0748291016, 87.6553268433, 88.235824585, 88.8163223267, 89.3968200684, 89.965713501, 90.5345993042, 91.1034927368, 91.67237854, 92.2528762817, 92.8333740234, 93.4022674561, 93.9711532593, 94.551651001, 95.1205444336, 95.6894302368, 96.2699279785, 96.8388214111, 97.4077072144, 97.9882049561, 98.5687026978, 99.1375961304, 99.7064819336, 100.275375366, 100.855873108, 101.424758911, 101.982040405, 102.527709961, 102.934059143, 103.328796387, 103.711929321, 104.095054626, 104.48979187, 104.884536743, 105.279273987, 105.67401123, 106.068748474, 106.463493347, 106.858230591, 107.241355896, 107.624488831, 108.019226074, 108.413963318, 108.797096252, 109.191833496, 109.58657074, 109.981315613, 110.376052856, 110.7707901, 111.153923035, 111.548660278, 111.931785583, 112.326530457, 112.7212677, 113.116004944, 113.499137878, 113.893875122, 114.288612366, 114.6717453, 115.054870605, 115.449615479, 115.844352722, 116.239089966, 116.633827209, 117.028572083, 117.423309326, 117.81804657, 118.212783813, 118.607528687, 119.00226593, 119.397003174, 119.780136108, 120.174873352, 120.557998657, 120.95274353, 121.347480774, 121.730613708, 122.113739014, 122.508476257, 122.90322113, 123.297958374, 123.692695618, 124.087432861, 124.482177734, 124.876914978, 125.260040283, 125.654785156, 126.037910461, 126.432647705, 126.827392578, 127.222129822, 127.616867065, 128, 128.383132935, 128.777862549, 129.160995483, 129.555740356, 129.938858032, 130.333602905, 130.71673584, 131.111465454, 131.494598389, 131.877731323, 132.260864258, 132.632385254, 133.01550293, 133.398635864, 133.77015686, 134.153289795, 134.536407471, 134.907928467, 135.30267334, 135.674194336, 136.057327271, 136.440444946, 136.823577881, 137.218322754, 137.601455688, 137.972961426, 138.35609436, 138.739227295, 139.122360229, 139.505477905, 139.876998901, 140.271743774, 140.643264771, 141.014785767, 141.409515381, 141.804260254, 142.187393188, 142.570526123, 142.94203186, 143.313552856, 143.696685791, 144.079818726, 144.46295166, 144.846069336, 145.229202271, 145.600723267, 145.983856201, 146.366973877, 146.750106812, 147.133239746, 147.516372681, 147.887893677, 148.271011353, 148.654144287, 149.04888916, 149.432022095, 149.815139771, 150.198272705, 150.58140564, 150.964538574, 151.34765625, 151.730789185, 152.102310181, 152.485443115, 152.86857605, 153.251693726, 153.63482666, 154.017959595, 154.389480591, 154.772598267, 155.155731201, 155.538864136, 155.92199707, 156.305114746, 156.688247681, 157.059768677, 157.442901611, 157.826034546, 158.209152222, 158.592285156, 158.975418091, 159.358551025, 159.730072021, 160.113189697, 160.496322632, 160.879455566, 161.262588501, 161.645706177, 162.028839111, 162.411972046, 162.79510498, 163.166610718, 163.549743652, 163.932876587, 164.316009521, 164.699142456, 165.070648193, 165.453781128, 165.836914062, 166.220046997, 166.603164673, 166.986297607, 167.369430542, 167.752563477, 168.135681152, 168.518814087, 168.901947021, 169.273468018, 169.656600952, 170.039718628, 170.422851562, 170.805984497, 171.189117432, 171.572235107, 171.955368042, 172.338500977, 172.721633911, 173.104751587, 173.487884521, 173.871017456, 174.242538452, 174.625671387, 175.008789062, 175.380310059, 175.775054932, 176.158187866, 176.541305542, 176.924438477, 177.307571411, 177.679092407, 178.062225342, 178.445343018, 178.828475952, 179.211608887, 179.594741821, 179.977859497, 180.360992432, 180.744125366, 181.127258301, 181.510375977, 181.893508911, 182.276641846, 182.648162842, 183.031295776, 183.414413452, 183.797546387, 184.180679321, 184.552200317, 184.935317993, 185.318450928, 185.701583862, 186.084716797, 186.467849731, 186.862579346, 187.24571228, 187.617233276, 188.000366211, 188.383483887, 188.755004883, 189.138137817, 189.521270752, 189.904388428, 190.287521362, 190.670654297, 191.053787231, 191.436920166, 191.820037842, 192.203170776, 192.586303711, 192.969436646, 193.352554321, 193.724075317, 194.095596313, 194.478729248, 194.861862183, 195.244979858, 195.628112793, 196.022857666, 196.405975342, 196.789108276, 197.160629272, 197.543762207, 197.926895142, 198.321624756, 198.70475769, 199.087890625, 199.494232178, 199.900588989, 200.306930542, 200.713287354, 201.119628906, 201.525985718, 201.932327271],
    "bpm_histogram": [0, 0, 0, 0, 0, 0, 0, 0, 0, 0, 0, 0, 0, 0, 0, 0, 0, 0, 0, 0, 0, 0, 0, 0, 0, 0, 0, 0, 0, 0, 0, 0, 0, 0, 0, 0, 0, 0, 0, 0, 0, 0, 0, 0, 0, 0, 0, 0, 0, 0, 0, 0, 0, 0, 0, 0, 0, 0, 0, 0, 0, 0, 0, 0, 0, 0, 0, 0, 0, 0, 0, 0, 0, 0, 0, 0, 0, 0, 0, 0, 0, 0, 0, 0, 0, 0, 0, 0, 0, 0, 0, 0, 0, 0, 0, 0, 0, 0, 0.0045977011323, 0.016091953963, 0, 0.016091953963, 0, 0.158620685339, 0, 0.204597696662, 0, 0, 0.0045977011323, 0, 0.00229885056615, 0, 0, 0, 0, 0, 0, 0, 0, 0, 0, 0, 0, 0, 0, 0, 0, 0, 0, 0, 0, 0, 0, 0, 0, 0, 0, 0, 0, 0, 0, 0, 0, 0, 0, 0, 0, 0, 0.0183908045292, 0, 0, 0, 0.14022988081, 0, 0, 0, 0, 0.367816090584, 0, 0, 0, 0.0574712641537, 0.0091954022646, 0, 0, 0, 0, 0, 0, 0, 0, 0, 0, 0, 0, 0, 0, 0, 0, 0, 0, 0, 0, 0, 0, 0, 0, 0, 0, 0, 0, 0, 0, 0, 0, 0, 0, 0, 0, 0, 0, 0, 0, 0, 0, 0, 0, 0, 0, 0, 0, 0, 0, 0, 0, 0, 0, 0, 0, 0, 0, 0, 0, 0, 0, 0, 0, 0, 0, 0, 0, 0, 0, 0, 0, 0, 0, 0, 0, 0, 0, 0, 0, 0, 0, 0, 0, 0, 0, 0]
},
"tonal": {
    "chords_changes_rate": 0.0533913858235,
    "chords_number_rate": 0.00183318054769,
    "chords_strength": {
        "mean": 0.553749144077
    },
    "hpcp_crest": {
        "mean": 12.772403717
    },
    "hpcp_entropy": {
        "mean": 2.03607416153
    },
    "key_edma": {
        "strength": 0.806423306465,
        "key": "Eb",
        "scale": "major"
    },
    "key_krumhansl": {
        "strength": 0.823212385178,
        "key": "Eb",
        "scale": "major"
    },
    "key_temperley": {
        "strength": 0.841030418873,
        "key": "Eb",
        "scale": "major"
    },
    "tuning_diatonic_strength": 0.693015992641,
    "tuning_equal_tempered_deviation": 0.0374446772039,
    "tuning_frequency": 441.017791748,
    "tuning_nontempered_energy_ratio": 0.716196298599,
    "hpcp": {
        "mean": [0.084593474865, 0.0808637738228, 0.184110835195, 0.341685444117, 0.247972071171, 0.0739042684436, 0.0407383069396, 0.0434472151101, 0.107405930758, 0.150741204619, 0.100981131196, 0.058307480067, 0.0473108142614, 0.0440907105803, 0.0818862468004, 0.134366065264, 0.157737031579, 0.257629513741, 0.32854655385, 0.201289951801, 0.0820625275373, 0.0583937764168, 0.0478282533586, 0.0746834725142, 0.108463793993, 0.0998744219542, 0.0869041755795, 0.0705781579018, 0.0578917041421, 0.131761699915, 0.179235696793, 0.119409769773, 0.154354289174, 0.268193095922, 0.220285415649, 0.109088286757]
    },
    "chords_histogram": [35.5407867432, 6.25572872162, 11.3198900223, 0.733272254467, 0, 0, 0.0458295159042, 0, 0.435380399227, 0, 0.29789185524, 0, 0.45829513669, 0, 0, 1.92483961582, 0, 1.26031160355, 0, 0.0229147579521, 0.160403296351, 3.89550876617, 28.9413375854, 8.70760726929],
    "thpcp": [1, 0.725732028484, 0.216293290257, 0.119227513671, 0.127155587077, 0.314341545105, 0.441169530153, 0.295538276434, 0.17064666748, 0.138463065028, 0.129038885236, 0.239653885365, 0.393244922161, 0.461643993855, 0.753996133804, 0.961546838284, 0.589108943939, 0.240169808269, 0.170899227262, 0.139977440238, 0.218573763967, 0.317437559366, 0.292299330235, 0.254339694977, 0.206558868289, 0.169429823756, 0.385622799397, 0.52456343174, 0.349472790956, 0.451743811369, 0.784912288189, 0.644702374935, 0.319265246391, 0.247577056289, 0.236661449075, 0.538831353188],
    "chords_key": "Eb",
    "chords_scale": "major"
}
}