{
"metadata": {
    "version": {
        "essentia": "2.1-beta6-dev",
        "essentia_git_sha": "v2.1_beta5-1177-g1d1cc983",
        "extractor": "music 2.0"
    },
    "audio_properties": {
        "analysis": {
            "equal_loudness": 0,
            "length": 275.973327637,
            "sample_rate": 44100,
            "start_time": 0,
            "downmix": "mix"
        },
        "bit_rate": 1411200,
        "length": 275.973327637,
        "lossless": 1,
        "number_channels": 2,
        "replay_gain": -14.1922264099,
        "sample_rate": 44100,
        "codec": "pcm_s16le",
        "md5_encoded": "b823d9cab34ec5f75984057269be4433"
    },
    "tags": {
        "file_name": "03 - Manchester Orchestra - The Moth.wav",
        "album": ["A Black Mile To The Surface"],
        "albumartist": ["Manchester Orchestra"],
        "artist": ["Manchester Orchestra"],
        "composer": ["Andy Hull"],
        "copyright": ["℗ 2017 Loma Vista Recordings."],
        "date": ["2017"],
        "discnumber": ["1"],
        "disctotal": ["1"],
        "genre": ["Alternative & Indie"],
        "isrc": ["USC4R1702131"],
        "title": ["The Moth"],
        "tracknumber": ["3"],
        "tracktotal": ["11"]
    }
},
"lowlevel": {
    "average_loudness": 0.924702465534,
    "barkbands_crest": {
        "mean": 10.2114315033
    },
    "barkbands_flatness_db": {
        "mean": 0.12160577625
    },
    "barkbands_kurtosis": {
        "mean": 3.23810768127
    },
    "barkbands_skewness": {
        "mean": 1.43887245655
    },
    "barkbands_spread": {
        "mean": 23.9981918335
    },
    "dissonance": {
        "mean": 0.47455266118
    },
    "dynamic_complexity": 2.5413916111,
    "erbbands_crest": {
        "mean": 7.87944746017
    },
    "erbbands_flatness_db": {
        "mean": 0.147282868624
    },
    "erbbands_kurtosis": {
        "mean": 0.170052886009
    },
    "erbbands_skewness": {
        "mean": -0.0792680159211
    },
    "erbbands_spread": {
        "mean": 37.092502594
    },
    "hfc": {
        "mean": 23.8202400208
    },
    "loudness_ebu128": {
        "integrated": -7.67375183105,
        "loudness_range": 5.63076591492,
        "momentary": {
            "mean": -8.52230930328
        },
        "short_term": {
            "mean": -8.32645988464
        }
    },
    "melbands_crest": {
        "mean": 14.6650047302
    },
    "melbands_flatness_db": {
        "mean": 0.196056380868
    },
    "melbands_kurtosis": {
        "mean": 12.459649086
    },
    "melbands_skewness": {
        "mean": 2.67016887665
    },
    "melbands_spread": {
        "mean": 24.2300167084
    },
    "pitch_salience": {
        "mean": 0.525592565536
    },
    "silence_rate_20dB": {
        "mean": 1
    },
    "silence_rate_30dB": {
        "mean": 0.976697206497
    },
    "silence_rate_60dB": {
        "mean": 0.0339025817811
    },
    "spectral_centroid": {
        "mean": 1482.8269043
    },
    "spectral_complexity": {
        "mean": 26.2747535706
    },
    "spectral_decrease": {
        "mean": -9.7543848554e-09
    },
    "spectral_energy": {
        "mean": 0.0389757491648
    },
    "spectral_energyband_high": {
        "mean": 0.00062460382469
    },
    "spectral_energyband_low": {
        "mean": 0.0204838868231
    },
    "spectral_energyband_middle_high": {
        "mean": 0.00891940388829
    },
    "spectral_energyband_middle_low": {
        "mean": 0.0103824846447
    },
    "spectral_entropy": {
        "mean": 7.69746875763
    },
    "spectral_flux": {
        "mean": 0.096663787961
    },
    "spectral_kurtosis": {
        "mean": 4.38573169708
    },
    "spectral_rms": {
        "mean": 0.00576481083408
    },
    "spectral_rolloff": {
        "mean": 1267.9831543
    },
    "spectral_skewness": {
        "mean": 1.41000950336
    },
    "spectral_spread": {
        "mean": 3836586.75
    },
    "spectral_strongpeak": {
        "mean": 0.732010304928
    },
    "zerocrossingrate": {
        "mean": 0.0504842214286
    },
    "barkbands": {
        "mean": [0.000391296722228, 0.0140679357573, 0.00482214661315, 0.00257193320431, 0.0028020106256, 0.00148163828999, 0.00104383577127, 0.00116161105689, 0.000901320425328, 0.00118309771642, 0.00151109881699, 0.000778475368861, 0.0011225984199, 0.00130117451772, 0.000598186510615, 0.000749016762711, 0.000602664251346, 0.000630754861049, 0.000469969090773, 0.000304044340737, 0.000184551259736, 0.000136013622978, 5.71496057091e-05, 5.43037858733e-05, 3.23948370351e-05, 1.30272528622e-05, 3.22212827086e-06]
    },
    "erbbands": {
        "mean": [0.298240691423, 3.43640208244, 6.85735273361, 6.6859369278, 8.19187068939, 9.51327228546, 11.2580337524, 14.4854841232, 13.8650274277, 24.0852279663, 18.5717773438, 22.4503993988, 34.8005218506, 28.8818569183, 74.79347229, 30.2784366608, 50.7083930969, 67.743522644, 48.8269271851, 28.8126869202, 39.5833930969, 35.2914428711, 37.5405158997, 25.4496097565, 21.9642562866, 14.3355741501, 9.25110435486, 6.37304210663, 5.17212247849, 2.91869330406, 1.52541935444, 1.25527572632, 0.817206442356, 0.488473892212, 0.156864330173, 0.0634815618396, 0.0226940792054, 0.00440854439512, 0.000530114455614, 7.90892227087e-05]
    },
    "gfcc": {
        "mean": [24.87241745, 104.880012512, -124.467208862, 40.4114875793, -44.1079292297, 14.3331623077, -27.7883052826, 10.3880233765, -18.4220256805, 1.67565429211, -11.6321239471, 1.02881634235, -9.79228973389],
        "cov": [[3055.54003906, -436.156585693, -23.2452945709, 204.315231323, 96.1555404663, 77.2264175415, 68.3824081421, 58.2817764282, -17.7305965424, 21.9500675201, -62.8895721436, 22.8592720032, -73.5389938354], [-436.156585693, 518.633178711, -117.09903717, -10.9270982742, 75.7136459351, -17.4610500336, 36.3857460022, -2.40286779404, 54.9492454529, -40.8630905151, 52.8464012146, -24.8149375916, 39.2959709167], [-23.2452945709, -117.09903717, 563.516601562, 117.404930115, -54.5663108826, -8.73049449921, -45.644493103, 27.303319931, 17.1855392456, 11.2226953506, -53.7448043823, 23.9085445404, 1.05567657948], [204.315231323, -10.9270982742, 117.404930115, 282.208404541, -4.95044803619, -39.3541526794, 4.17262887955, 30.6232147217, 20.0053596497, -7.14000463486, -3.73307418823, -18.0964488983, 23.4099388123], [96.1555404663, 75.7136459351, -54.5663108826, -4.95044803619, 166.332077026, 51.9250183105, 46.5439605713, -2.53603863716, 14.8455848694, -0.346515893936, 17.8544025421, -1.97806024551, -3.038387537], [77.2264175415, -17.4610500336, -8.73049449921, -39.3541526794, 51.9250183105, 143.345672607, 59.8323707581, -13.68891716, -7.97732639313, 11.4974021912, 13.8067531586, 4.53776311874, 0.064177043736], [68.3824081421, 36.3857460022, -45.644493103, 4.17262887955, 46.5439605713, 59.8323707581, 108.152153015, 9.32090473175, 3.16639447212, 1.02836358547, 16.2867507935, -7.14945650101, 3.63940596581], [58.2817764282, -2.40286779404, 27.303319931, 30.6232147217, -2.53603863716, -13.68891716, 9.32090473175, 96.8739700317, 46.5639457703, 3.8101272583, -4.50427150726, 7.7068066597, 7.33121871948], [-17.7305965424, 54.9492454529, 17.1855392456, 20.0053596497, 14.8455848694, -7.97732639313, 3.16639447212, 46.5639457703, 84.598739624, 17.3851680756, 8.32898235321, 3.00381088257, 9.39822101593], [21.9500675201, -40.8630905151, 11.2226953506, -7.14000463486, -0.346515893936, 11.4974021912, 1.02836358547, 3.8101272583, 17.3851680756, 63.307800293, 17.0043411255, 6.63239097595, -3.96365857124], [-62.8895721436, 52.8464012146, -53.7448043823, -3.73307418823, 17.8544025421, 13.8067531586, 16.2867507935, -4.50427150726, 8.32898235321, 17.0043411255, 65.6887893677, 15.3228206635, 9.15797233582], [22.8592720032, -24.8149375916, 23.9085445404, -18.0964488983, -1.97806024551, 4.53776311874, -7.14945650101, 7.7068066597, 3.00381088257, 6.63239097595, 15.3228206635, 54.9823379517, 17.4778289795], [-73.5389938354, 39.2959709167, 1.05567657948, 23.4099388123, -3.038387537, 0.064177043736, 3.63940596581, 7.33121871948, 9.39822101593, -3.96365857124, 9.15797233582, 17.4778289795, 48.7819824219]],
        "icov": [[0.000477218243759, 0.000326970912283, 0.000259951979388, -0.000576654099859, -0.000289768126095, -0.000221081238124, -0.00019497514586, -0.00014766730601, -3.93577938667e-05, -2.45223891397e-05, 0.000608087517321, -0.000809743709397, 0.000927655317355], [0.000326970912283, 0.00369843584485, 7.71400591475e-05, 0.000538998807315, -0.00139451120049, 0.00114722119179, -0.000807099568192, 0.00097686285153, -0.00281076645479, 0.00317051424645, -0.00289838039316, 0.00267571536824, -0.00253704679199], [0.000259951979388, 7.71400591475e-05, 0.00266685942188, -0.00169127003755, 0.000502517796122, -0.0010939266067, 0.000753778032959, -7.27150181774e-05, -0.000519715598784, -0.000749918690417, 0.0028574441094, -0.00274558970705, 0.00155753956642], [-0.000576654099859, 0.000538998807315, -0.00169127003755, 0.00586561718956, -0.000475515145808, 0.0023457929492, -0.000819804379717, -0.000653493392747, -0.000384285725886, 0.00117692397907, -0.00301374983974, 0.00526534998789, -0.00510612130165], [-0.000289768126095, -0.00139451120049, 0.000502517796122, -0.000475515145808, 0.00832702033222, -0.00247494084761, -0.00153292156756, 0.00080671987962, -0.00146715319715, 0.000192400097148, 6.68623542879e-05, -0.00134977512062, 0.00218820525333], [-0.000221081238124, 0.00114722119179, -0.0010939266067, 0.0023457929492, -0.00247494084761, 0.0115128168836, -0.00581177743152, 0.00179670553189, 0.000186482313438, -0.000681301229633, -0.0018538616132, 0.00120702583808, -0.00254090200178], [-0.00019497514586, -0.000807099568192, 0.000753778032959, -0.000819804379717, -0.00153292156756, -0.00581177743152, 0.0145629905164, -0.0031079899054, 0.00158363301307, 5.83492437727e-05, -0.00184884283226, 0.00256350124255, -0.000845628615934], [-0.00014766730601, 0.00097686285153, -7.27150181774e-05, -0.000653493392747, 0.00080671987962, 0.00179670553189, -0.0031079899054, 0.016086993739, -0.00962970312685, 0.00184254127089, 0.00161955307703, -0.00253623095341, -0.000222623639274], [-3.93577938667e-05, -0.00281076645479, -0.000519715598784, -0.000384285725886, -0.00146715319715, 0.000186482313438, 0.00158363301307, -0.00962970312685, 0.0209081787616, -0.00719018047675, 0.000379894889193, 0.000323267624481, -0.00116153014824], [-2.45223891397e-05, 0.00317051424645, -0.000749918690417, 0.00117692397907, 0.000192400097148, -0.000681301229633, 5.83492437727e-05, 0.00184254127089, -0.00719018047675, 0.0221806261688, -0.0082567371428, 0.001763498527, 0.000697803450748], [0.000608087517321, -0.00289838039316, 0.0028574441094, -0.00301374983974, 6.68623542879e-05, -0.0018538616132, -0.00184884283226, 0.00161955307703, 0.000379894889193, -0.0082567371428, 0.0255272407085, -0.0112047046423, 0.0030151384417], [-0.000809743709397, 0.00267571536824, -0.00274558970705, 0.00526534998789, -0.00134977512062, 0.00120702583808, 0.00256350124255, -0.00253623095341, 0.000323267624481, 0.001763498527, -0.0112047046423, 0.0307204779238, -0.014561386779], [0.000927655317355, -0.00253704679199, 0.00155753956642, -0.00510612130165, 0.00218820525333, -0.00254090200178, -0.000845628615934, -0.000222623639274, -0.00116153014824, 0.000697803450748, 0.0030151384417, -0.014561386779, 0.0315259173512]]
    },
    "melbands": {
        "mean": [0.00334659405053, 0.00395258376375, 0.00124156428501, 0.000598010781687, 0.000436468690168, 0.000308713235427, 0.000209745528991, 0.000277224957244, 0.000141120253829, 0.000142959790537, 0.000176426998223, 0.000113641886855, 0.000210355501622, 0.00013387198851, 7.14767593308e-05, 0.000126827711938, 0.000130912769237, 8.7493142928e-05, 3.51925191353e-05, 5.04811068822e-05, 4.35266047134e-05, 3.66728127119e-05, 3.69628141925e-05, 2.66662264039e-05, 1.99137066375e-05, 1.78191512532e-05, 1.2522097677e-05, 8.84600467543e-06, 6.1048549469e-06, 4.5184483497e-06, 3.35493496095e-06, 3.14046519634e-06, 2.2485255613e-06, 1.33080504838e-06, 8.65321680976e-07, 8.30547776332e-07, 7.18315277481e-07, 5.51347568489e-07, 5.52174014956e-07, 3.6540981796e-07]
    },
    "melbands128": {
        "mean": [0.000348727364326, 0.00188405462541, 0.00451593287289, 0.00630767317489, 0.00443549733609, 0.00198381813243, 0.00127886328846, 0.00130958145019, 0.00076613901183, 0.000478450179799, 0.000519087072462, 0.000603271066211, 0.000354608084308, 0.000299659062875, 0.000416711787693, 0.000223166891374, 0.000218929591938, 0.000196495180717, 0.000226602904149, 0.000262405024841, 0.000363144878065, 0.000145145313581, 0.000119946438645, 0.000118924348499, 0.000131450971821, 0.00018141939654, 8.79695144249e-05, 0.000210710757528, 0.000221952795982, 0.000118197829579, 8.76795529621e-05, 7.29554958525e-05, 0.000149413419422, 0.000449896120699, 0.00014989466581, 5.15255997016e-05, 4.49762337666e-05, 8.9528861281e-05, 6.23498199275e-05, 0.000121957418742, 0.000190786027815, 4.00782955694e-05, 0.000126278071548, 0.000199704154511, 9.07144567464e-05, 8.92254101927e-05, 4.83524599986e-05, 3.43289393641e-05, 2.87560797005e-05, 2.63705569523e-05, 6.8261877459e-05, 5.58983701922e-05, 4.67683821626e-05, 3.6936984543e-05, 3.56350501534e-05, 4.33743553003e-05, 2.7403657441e-05, 3.41090963047e-05, 4.14157402702e-05, 4.46027406724e-05, 1.94385247596e-05, 1.88002741197e-05, 2.58946256508e-05, 1.61171501531e-05, 1.83942174772e-05, 1.92359166249e-05, 1.66719419212e-05, 1.46842576214e-05, 1.11703830044e-05, 1.04135388028e-05, 8.57856957737e-06, 9.02887677512e-06, 6.46224680168e-06, 5.8227833506e-06, 5.17128228239e-06, 4.53634766018e-06, 4.50136622021e-06, 3.57353405889e-06, 3.09416873279e-06, 3.14611770591e-06, 3.4873326058e-06, 3.02504122374e-06, 2.52341101259e-06, 2.23723623094e-06, 2.05544574783e-06, 1.44637476751e-06, 1.07662719984e-06, 1.0477521073e-06, 8.58104442614e-07, 7.17427383279e-07, 7.75774481099e-07, 8.94566426268e-07, 8.88997021775e-07, 7.49924936372e-07, 5.95646270085e-07, 5.25699704212e-07, 5.38559731922e-07, 5.82482471145e-07, 5.87130216445e-07, 5.31801788384e-07, 4.41108511495e-07, 3.3186120163e-07, 2.82498575643e-07, 2.30118430977e-07, 1.53942025349e-07, 1.18709174046e-07, 1.10961508426e-07, 1.11298774641e-07, 1.11148565907e-07, 1.08058991088e-07, 9.44627558397e-08, 8.19250161044e-08, 7.12572330031e-08, 5.73083518418e-08, 5.05971051723e-08, 3.97037211997e-08, 2.90456725338e-08, 2.22744098721e-08, 1.69092810864e-08, 1.40649074609e-08, 1.40470959309e-08, 1.23949011055e-08, 9.95372584356e-09, 8.19394063711e-09, 7.33350224991e-09, 6.67755406525e-09, 6.67494903794e-09, 4.33966773628e-09]
    },
    "mfcc": {
        "mean": [-614.060546875, 129.895828247, -12.4475793839, 31.7151012421, 7.18649101257, 9.80400276184, 4.51490211487, 9.34107685089, 2.15019321442, 2.9393928051, 2.41494750977, 1.20821046829, 0.187216594815],
        "cov": [[3194.74243164, -453.798706055, -198.396438599, 122.477546692, 25.7502098083, 77.8952331543, 80.7713470459, 64.4930877686, 59.2673988342, 28.3315982819, -9.28082370758, 70.6420288086, 27.8652267456], [-453.798706055, 458.43560791, -123.382995605, -58.8549499512, 27.7676410675, 4.8688826561, -2.4737329483, 32.5737113953, -6.40405988693, 10.0533790588, 10.7220201492, -5.21105337143, 18.868927002], [-198.396438599, -123.382995605, 509.340026855, 110.747253418, 33.1456832886, -17.90691185, -50.6747055054, -9.7795753479, 33.1417236328, -11.7804641724, 3.03026604652, -22.5413093567, -3.62387275696], [122.477546692, -58.8549499512, 110.747253418, 254.273666382, 39.6107025146, -35.9274291992, -21.3090858459, -1.13047111034, 27.5415744781, 11.5359735489, -7.84623718262, 6.8006696701, 6.46440267563], [25.7502098083, 27.7676410675, 33.1456832886, 39.6107025146, 109.280899048, 12.1856336594, -7.95592880249, 18.3272132874, 14.715678215, 7.65474081039, 13.4895334244, -0.948085665703, 4.99011135101], [77.8952331543, 4.8688826561, -17.90691185, -35.9274291992, 12.1856336594, 139.658081055, 68.1750717163, 3.20842576027, -6.89897441864, 10.6984243393, 0.161881506443, 3.35543894768, -10.5896368027], [80.7713470459, -2.4737329483, -50.6747055054, -21.3090858459, -7.95592880249, 68.1750717163, 109.512001038, 23.2736358643, -6.50612545013, 7.49537324905, 0.127300173044, 4.80338525772, -6.09540987015], [64.4930877686, 32.5737113953, -9.7795753479, -1.13047111034, 18.3272132874, 3.20842576027, 23.2736358643, 78.3532943726, 29.6872501373, 6.82989358902, 3.84107851982, 2.74937057495, 6.68672704697], [59.2673988342, -6.40405988693, 33.1417236328, 27.5415744781, 14.715678215, -6.89897441864, -6.50612545013, 29.6872501373, 71.6745071411, 27.1700363159, 0.31671372056, 1.82551264763, 11.5093793869], [28.3315982819, 10.0533790588, -11.7804641724, 11.5359735489, 7.65474081039, 10.6984243393, 7.49537324905, 6.82989358902, 27.1700363159, 61.8074836731, 20.5586013794, 0.918746650219, 0.799937129021], [-9.28082370758, 10.7220201492, 3.03026604652, -7.84623718262, 13.4895334244, 0.161881506443, 0.127300173044, 3.84107851982, 0.31671372056, 20.5586013794, 52.7262001038, 18.5182361603, 2.11706209183], [70.6420288086, -5.21105337143, -22.5413093567, 6.8006696701, -0.948085665703, 3.35543894768, 4.80338525772, 2.74937057495, 1.82551264763, 0.918746650219, 18.5182361603, 52.1409378052, 23.2992935181], [27.8652267456, 18.868927002, -3.62387275696, 6.46440267563, 4.99011135101, -10.5896368027, -6.09540987015, 6.68672704697, 11.5093793869, 0.799937129021, 2.11706209183, 23.2992935181, 60.9995574951]],
        "icov": [[0.000449604733149, 0.000555185833946, 0.000349430105416, -0.000223756709602, -0.000140244301292, -0.000307350361254, 7.29903040337e-05, -0.000455125351436, -0.000153125700308, -3.7823945604e-05, 0.000107537081931, -0.000290263269562, -0.000180823262781], [0.000555185833946, 0.00331072183326, 0.00105090101715, 0.000104528189695, -0.000838003179524, -0.000613908574451, 0.000840849708766, -0.00182411179412, 0.000638385536149, -0.000474109081551, -0.000308865099214, 0.000774641986936, -0.0013797985157], [0.000349430105416, 0.00105090101715, 0.00295948074199, -0.0012273931643, -0.00021649269911, -0.0010552869644, 0.0012200527126, -0.000110911722004, -0.00163113814779, 0.00183540279977, -0.00181554898154, 0.00197407323867, -0.000617534096818], [-0.000223756709602, 0.000104528189695, -0.0012273931643, 0.00547425169498, -0.00226697092876, 0.00218761432916, -0.000812522950582, 0.000970192777459, -0.000436497444753, -0.00203678105026, 0.00294147292152, -0.00240454403684, 0.00071993021993], [-0.000140244301292, -0.000838003179524, -0.00021649269911, -0.00226697092876, 0.0118759730831, -0.00299825682305, 0.00249099126086, -0.00257730623707, -0.000835083017591, 0.00145375181455, -0.00450694421306, 0.00274844118394, -0.00116479815915], [-0.000307350361254, -0.000613908574451, -0.0010552869644, 0.00218761432916, -0.00299825682305, 0.0122549971566, -0.00783955492079, 0.0027440986596, 0.000496710650623, -0.00262821279466, 0.00285438844003, -0.00260217278264, 0.00215996732004], [7.29903040337e-05, 0.000840849708766, 0.0012200527126, -0.000812522950582, 0.00249099126086, -0.00783955492079, 0.0162223428488, -0.00642472226173, 0.00314292917028, -0.00138533499558, 2.84023135464e-05, -0.000126993647427, 9.8386699392e-05], [-0.000455125351436, -0.00182411179412, -0.000110911722004, 0.000970192777459, -0.00257730623707, 0.0027440986596, -0.00642472226173, 0.019594123587, -0.00935383699834, 0.00344903557561, -0.00175673409831, 0.000402052275604, 0.00018713530153], [-0.000153125700308, 0.000638385536149, -0.00163113814779, -0.000436497444753, -0.000835083017591, 0.000496710650623, 0.00314292917028, -0.00935383699834, 0.024586495012, -0.0124062318355, 0.00621560541913, -0.00188284926116, -0.00265703303739], [-3.7823945604e-05, -0.000474109081551, 0.00183540279977, -0.00203678105026, 0.00145375181455, -0.00262821279466, -0.00138533499558, 0.00344903557561, -0.0124062318355, 0.026927087456, -0.0135088730603, 0.00619020592421, -0.000510752084665], [0.000107537081931, -0.000308865099214, -0.00181554898154, 0.00294147292152, -0.00450694421306, 0.00285438844003, 2.84023135464e-05, -0.00175673409831, 0.00621560541913, -0.0135088730603, 0.0309575982392, -0.0143212126568, 0.00408654939383], [-0.000290263269562, 0.000774641986936, 0.00197407323867, -0.00240454403684, 0.00274844118394, -0.00260217278264, -0.000126993647427, 0.000402052275604, -0.00188284926116, 0.00619020592421, -0.0143212126568, 0.0312692448497, -0.0116407079622], [-0.000180823262781, -0.0013797985157, -0.000617534096818, 0.00071993021993, -0.00116479815915, 0.00215996732004, 9.8386699392e-05, 0.00018713530153, -0.00265703303739, -0.000510752084665, 0.00408654939383, -0.0116407079622, 0.0220620371401]]
    },
    "spectral_contrast_coeffs": {
        "mean": [-0.732360899448, -0.759778499603, -0.758674681187, -0.788568675518, -0.790979862213, -0.750382244587]
    },
    "spectral_contrast_valleys": {
        "mean": [-6.24142789841, -6.50248289108, -7.02369642258, -7.10391330719, -7.08799314499, -10.1806383133]
    }
},
"rhythm": {
    "beats_count": 675,
    "beats_loudness": {
        "mean": 0.0479874946177
    },
    "bpm": 149.161865234,
    "bpm_histogram_first_peak_bpm": 148,
    "bpm_histogram_first_peak_weight": 0.405405402184,
    "bpm_histogram_second_peak_bpm": 140,
    "bpm_histogram_second_peak_spread": 0.066666662693,
    "bpm_histogram_second_peak_weight": 0.0207715127617,
    "danceability": 1.11057138443,
    "onset_rate": 3.49285006523,
    "beats_loudness_band_ratio": {
        "mean": [0.615328490734, 0.0975380092859, 0.0912099629641, 0.115707419813, 0.0789993181825, 0.0260776355863]
    },
    "beats_position": [0.417959183455, 0.835918366909, 1.24226760864, 1.64861679077, 2.0549659729, 2.46131515503, 2.86766433716, 3.27401351929, 3.66875267029, 4.06349182129, 4.46984100342, 4.87619018555, 5.27092981339, 5.67727899551, 6.07201814651, 6.47836732864, 6.87310647964, 7.26784563065, 7.67419481277, 8.08054447174, 8.48689365387, 8.893242836, 9.287981987, 9.69433116913, 10.0890703201, 10.4954195023, 10.8901586533, 11.2965078354, 11.7028570175, 12.0975961685, 12.5039453506, 12.9102945328, 13.3050336838, 13.7113828659, 14.117732048, 14.512471199, 14.90721035, 15.3135595322, 15.7199087143, 16.1262588501, 16.5326080322, 16.9273471832, 17.3220863342, 17.7284355164, 18.1347846985, 18.5295238495, 18.9358730316, 19.3422222137, 19.7369613647, 20.1317005157, 20.5264396667, 21.0721092224, 21.6061668396, 22.1518363953, 22.6858959198, 23.219953537, 23.7540130615, 24.2996826172, 24.8453502655, 25.3910198212, 25.9366893768, 26.4939670563, 26.9003162384, 27.3066654205, 27.7130146027, 28.1193637848, 28.5141029358, 28.9204521179, 29.3268013, 29.7215423584, 30.1278915405, 30.5342407227, 30.9289798737, 31.3237190247, 31.7300682068, 32.1364173889, 32.5311546326, 32.9375038147, 33.3438529968, 33.7385940552, 34.1449432373, 34.5512924194, 34.9460296631, 35.3407707214, 35.7471199036, 36.1534690857, 36.5482063293, 36.9545555115, 37.3609046936, 37.755645752, 38.1619949341, 38.5683441162, 38.9630813599, 39.3578224182, 39.7641716003, 40.1705207825, 40.5652618408, 40.9716110229, 41.3779602051, 41.7726974487, 42.1790466309, 42.585395813, 42.9801368713, 43.3864860535, 43.7928352356, 44.1875724792, 44.5823135376, 44.9886627197, 45.3950119019, 45.7897491455, 46.1960983276, 46.6024475098, 46.9971885681, 47.4035377502, 47.8098869324, 48.204624176, 48.6109733582, 49.0173225403, 49.4120635986, 49.8068008423, 50.2131500244, 50.6194992065, 51.0142402649, 51.420589447, 51.8269386292, 52.2216758728, 52.6280250549, 53.0343742371, 53.4291152954, 53.8354644775, 54.2418136597, 54.6365509033, 55.0312919617, 55.4260292053, 55.8323783875, 56.2387275696, 56.6450767517, 57.0514259338, 57.4461669922, 57.8409042358, 58.247253418, 58.6536026001, 59.0599517822, 59.4663009644, 59.8610420227, 60.2557830811, 60.6621322632, 61.0684814453, 61.4748306274, 61.8811798096, 62.2759170532, 62.6706581116, 63.0653953552, 63.4717445374, 63.8780937195, 64.2844467163, 64.6907958984, 65.0855331421, 65.4802703857, 65.8866195679, 66.29296875, 66.6993179321, 67.0940551758, 67.5004043579, 67.895149231, 68.3014984131, 68.7078475952, 69.1025848389, 69.4973220825, 69.9036712646, 70.3100204468, 70.7047576904, 71.0995025635, 71.5058517456, 71.9122009277, 72.3185501099, 72.724899292, 73.1196365356, 73.5143737793, 73.9207229614, 74.3270721436, 74.7218093872, 75.1281585693, 75.5345077515, 75.9292526245, 76.3239898682, 76.7303390503, 77.1366882324, 77.5430374146, 77.9377746582, 78.3441238403, 78.7504730225, 79.1452102661, 79.5515594482, 79.9579086304, 80.3642578125, 80.7590026855, 81.1537399292, 81.5484771729, 81.954826355, 82.3611755371, 82.7559204102, 83.1622695923, 83.5686187744, 83.9633560181, 84.3580932617, 84.7644424438, 85.170791626, 85.5655288696, 85.9718780518, 86.3782272339, 86.7729721069, 87.1793212891, 87.5740585327, 87.9804077148, 88.386756897, 88.7931060791, 89.1878433228, 89.5941925049, 90.000541687, 90.3952789307, 90.8016281128, 91.2079772949, 91.602722168, 91.9974594116, 92.4038085938, 92.8101577759, 93.2048950195, 93.6112442017, 94.0175933838, 94.4123306274, 94.8070755005, 95.2018127441, 95.6081619263, 96.0145111084, 96.4208602905, 96.8272094727, 97.2335586548, 97.6399078369, 98.0346450806, 98.4293823242, 98.8357315063, 99.2420806885, 99.6600418091, 100.089614868, 100.519180298, 100.948753357, 101.378318787, 101.784667969, 102.179405212, 102.585754395, 102.980499268, 103.38684845, 103.793197632, 104.187934875, 104.594284058, 104.989021301, 105.395370483, 105.801719666, 106.208068848, 106.602806091, 106.997550964, 107.392288208, 107.79863739, 108.204986572, 108.611335754, 109.017684937, 109.41242218, 109.807167053, 110.213516235, 110.619865417, 111.0262146, 111.432563782, 111.827301025, 112.222038269, 112.616775513, 113.023124695, 113.429473877, 113.835823059, 114.242172241, 114.636917114, 115.031654358, 115.43800354, 115.844352722, 116.239089966, 116.645439148, 117.05178833, 117.446525574, 117.841270447, 118.247619629, 118.653968811, 119.060317993, 119.466667175, 119.861404419, 120.267753601, 120.662490845, 121.068840027, 121.463577271, 121.858322144, 122.264671326, 122.671020508, 123.065757751, 123.472106934, 123.878456116, 124.284805298, 124.679542542, 125.085891724, 125.480628967, 125.886978149, 126.293327332, 126.688072205, 127.082809448, 127.48915863, 127.895507812, 128.301864624, 128.708206177, 129.10295105, 129.497680664, 129.904037476, 130.310379028, 130.705123901, 131.111465454, 131.517822266, 131.912567139, 132.307296753, 132.702041626, 133.108383179, 133.51473999, 133.921081543, 134.327438354, 134.722167969, 135.12852478, 135.534866333, 135.929611206, 136.335968018, 136.74230957, 137.137054443, 137.531784058, 137.938140869, 138.344482422, 138.739227295, 139.145568848, 139.551925659, 139.946670532, 140.341400146, 140.747756958, 141.154098511, 141.548843384, 141.943572998, 142.34992981, 142.756271362, 143.162628174, 143.568969727, 143.9637146, 144.370071411, 144.776412964, 145.171157837, 145.57749939, 145.983856201, 146.378585815, 146.773330688, 147.179672241, 147.586029053, 147.980773926, 148.387115479, 148.79347229, 149.188201904, 149.582946777, 149.98928833, 150.395645142, 150.790390015, 151.196731567, 151.603088379, 151.997817993, 152.404174805, 152.810516357, 153.20526123, 153.599990845, 154.006347656, 154.412689209, 154.807434082, 155.213790894, 155.620132446, 156.014877319, 156.421218872, 156.827575684, 157.222305298, 157.628662109, 158.035003662, 158.429748535, 158.836090088, 159.242446899, 159.637191772, 160.031921387, 160.438278198, 160.844619751, 161.239364624, 161.634094238, 162.04045105, 162.446792603, 162.853149414, 163.259490967, 163.65423584, 164.060592651, 164.466934204, 164.861679077, 165.26802063, 165.674377441, 166.069107056, 166.463851929, 166.858596802, 167.264938354, 167.671295166, 168.077636719, 168.472381592, 168.878723145, 169.273468018, 169.668212891, 170.074554443, 170.480911255, 170.875640869, 171.281997681, 171.688339233, 172.083084106, 172.489425659, 172.895782471, 173.290512085, 173.685256958, 174.09161377, 174.497955322, 174.904312134, 175.310653687, 175.70539856, 176.100128174, 176.506484985, 176.912826538, 177.307571411, 177.713912964, 178.120269775, 178.526611328, 178.93296814, 179.327713013, 179.734054565, 180.140411377, 180.535140991, 180.929885864, 181.336227417, 181.742584229, 182.148925781, 182.555282593, 182.973236084, 183.402801514, 183.832382202, 184.389663696, 184.935317993, 185.469390869, 186.015060425, 186.549118042, 187.083175659, 187.617233276, 188.151290894, 188.685348511, 189.231018066, 189.776687622, 190.310745239, 190.844802856, 191.378860474, 191.773605347, 192.168334961, 192.574691772, 192.981033325, 193.387390137, 193.793731689, 194.188476562, 194.594833374, 195.001174927, 195.3959198, 195.802261353, 196.208618164, 196.603347778, 197.00970459, 197.416046143, 197.810791016, 198.205535889, 198.611877441, 199.018234253, 199.412963867, 199.819320679, 200.214050293, 200.620407104, 201.015136719, 201.42149353, 201.827835083, 202.222579956, 202.628936768, 203.03527832, 203.430023193, 203.836364746, 204.242721558, 204.637451172, 205.043807983, 205.450149536, 205.844894409, 206.251235962, 206.645980835, 207.040725708, 207.447067261, 207.853424072, 208.259765625, 208.654510498, 209.049255371, 209.443984985, 209.838729858, 210.245071411, 210.651428223, 211.046157837, 211.464126587, 211.87046814, 212.265213013, 212.671554565, 213.077911377, 213.48425293, 213.878997803, 214.285354614, 214.691696167, 215.08644104, 215.481170654, 215.899139404, 216.317092896, 216.735046387, 217.164627075, 217.594192505, 218.012145996, 218.418502808, 218.82484436, 219.231201172, 219.637542725, 220.032287598, 220.43862915, 220.844985962, 221.239730835, 221.646072388, 222.052429199, 222.447158813, 222.841903687, 223.248245239, 223.654602051, 224.049331665, 224.455688477, 224.862030029, 225.256774902, 225.651519775, 226.057861328, 226.46421814, 226.858947754, 227.253692627, 227.66003418, 228.066390991, 228.472732544, 228.879089355, 229.273834229, 229.668563843, 230.074920654, 230.469650269, 230.87600708, 231.282348633, 231.688705444, 232.095046997, 232.501403809, 232.896133423, 233.302490234, 233.708831787, 234.10357666, 234.509933472, 234.916275024, 235.311019897, 235.705749512, 236.112106323, 236.518447876, 236.913192749, 237.307937622, 237.714279175, 238.120635986, 238.515365601, 238.910110474, 239.316452026, 239.711196899, 240.117553711, 240.523895264, 240.930252075, 241.324981689, 241.731338501, 242.137680054, 242.532424927, 242.903945923, 243.275466919, 243.646972656, 244.030105591, 244.413238525, 244.807983398, 245.214324951, 245.620681763, 246.015411377, 246.421768188, 246.828109741, 247.222854614, 247.629196167, 248.035552979, 248.430297852, 248.825027466, 249.231384277, 249.63772583, 250.044082642, 250.450424194, 250.845169067, 251.25151062, 251.646255493, 252.041000366, 252.447341919, 252.85369873, 253.248428345, 253.654785156, 254.061126709, 254.467483521, 254.862213135, 255.268569946, 255.674911499, 256.069641113, 256.464385986, 256.859130859, 257.265472412, 257.671844482, 258.066558838, 258.472930908, 258.879272461, 259.285614014, 259.691955566, 260.086700439, 260.493041992, 260.899414062, 261.294158936, 261.688873291, 262.083618164, 262.489959717, 262.896331787, 263.291046143, 263.697418213, 264.103759766, 264.498504639, 264.904846191, 265.311187744, 265.705932617, 266.10067749, 266.51864624, 266.936584473, 267.354553223, 267.784118652, 268.225311279, 268.654876709, 269.084442139, 269.514007568, 269.943572998, 270.373138428, 270.791107178, 271.209075928, 271.62701416, 272.04498291, 272.46295166, 272.880889893, 273.287261963, 273.693603516, 274.099945068, 274.517913818, 274.935882568, 275.342224121],
    "bpm_histogram": [0, 0, 0, 0, 0, 0, 0, 0, 0, 0, 0, 0, 0, 0, 0, 0, 0, 0, 0, 0, 0, 0, 0, 0, 0, 0, 0, 0, 0, 0, 0, 0, 0, 0, 0, 0, 0, 0, 0, 0, 0, 0, 0, 0, 0, 0, 0, 0, 0, 0, 0, 0, 0, 0, 0, 0, 0, 0, 0, 0, 0, 0, 0, 0, 0, 0, 0, 0, 0, 0, 0, 0, 0, 0, 0, 0, 0, 0, 0, 0, 0, 0, 0, 0, 0, 0, 0, 0, 0, 0, 0, 0, 0, 0, 0, 0, 0, 0, 0, 0, 0, 0, 0, 0, 0, 0, 0, 0, 0.00296735903248, 0, 0.0148367956281, 0, 0.019287833944, 0, 0, 0, 0, 0, 0, 0, 0, 0, 0, 0, 0, 0, 0, 0, 0, 0, 0, 0, 0, 0, 0, 0, 0.00148367951624, 0, 0, 0, 0.0207715127617, 0, 0, 0, 0.0281899105757, 0, 0, 0, 0.554896116257, 0, 0, 0, 0.350148379803, 0, 0, 0, 0, 0.00296735903248, 0, 0, 0, 0.00296735903248, 0.00148367951624, 0, 0, 0, 0, 0, 0, 0, 0, 0, 0, 0, 0, 0, 0, 0, 0, 0, 0, 0, 0, 0, 0, 0, 0, 0, 0, 0, 0, 0, 0, 0, 0, 0, 0, 0, 0, 0, 0, 0, 0, 0, 0, 0, 0, 0, 0, 0, 0, 0, 0, 0, 0, 0, 0, 0, 0, 0, 0, 0, 0, 0, 0, 0, 0, 0, 0, 0, 0, 0, 0, 0, 0, 0, 0, 0, 0, 0, 0, 0, 0, 0, 0, 0, 0, 0, 0, 0]
},
"tonal": {
    "chords_changes_rate": 0.033983848989,
    "chords_number_rate": 0.00117765809409,
    "chords_strength": {
        "mean": 0.56564104557
    },
    "hpcp_crest": {
        "mean": 14.5807533264
    },
    "hpcp_entropy": {
        "mean": 1.92883789539
    },
    "key_edma": {
        "strength": 0.737577021122,
        "key": "F",
        "scale": "minor"
    },
    "key_krumhansl": {
        "strength": 0.763905286789,
        "key": "F",
        "scale": "minor"
    },
    "key_temperley": {
        "strength": 0.77872723341,
        "key": "F",
        "scale": "minor"
    },
    "tuning_diatonic_strength": 0.638078331947,
    "tuning_equal_tempered_deviation": 0.0853897929192,
    "tuning_frequency": 438.477722168,
    "tuning_nontempered_energy_ratio": 0.711458683014,
    "hpcp": {
        "mean": [0.0677589401603, 0.0478547364473, 0.0693784058094, 0.138634815812, 0.119743488729, 0.0475966334343, 0.0355596244335, 0.043253775686, 0.131430789828, 0.279564231634, 0.221853792667, 0.123226568103, 0.150716573, 0.105942346156, 0.0570999234915, 0.0557029470801, 0.0604597739875, 0.0806760415435, 0.105983443558, 0.0858321636915, 0.0581192485988, 0.063381716609, 0.0811469256878, 0.267714947462, 0.472356796265, 0.29855081439, 0.0720334798098, 0.0475085936487, 0.0474703349173, 0.0727807655931, 0.133053258061, 0.120352178812, 0.110530510545, 0.194517582655, 0.155588924885, 0.0771931633353]
    },
    "chords_histogram": [41.9414520264, 7.20053815842, 4.32368755341, 0.117765814066, 0, 3.23014807701, 0, 24.2261104584, 0, 0.336473762989, 0, 0, 0, 0, 0, 0, 0, 0, 0, 0, 0, 0, 8.49596214294, 10.1278600693],
    "thpcp": [1, 0.632045149803, 0.152498021722, 0.100577771664, 0.100496776402, 0.154080063105, 0.281679570675, 0.254790812731, 0.233997926116, 0.411802232265, 0.329388558865, 0.163421303034, 0.143448635936, 0.101310573518, 0.146877124906, 0.293495982885, 0.253502190113, 0.100764155388, 0.0752812772989, 0.0915701314807, 0.27824473381, 0.591849684715, 0.469674170017, 0.26087602973, 0.319073587656, 0.224284574389, 0.12088303268, 0.117925576866, 0.127995982766, 0.170794710517, 0.22437158227, 0.181710451841, 0.123040989041, 0.13418187201, 0.171791598201, 0.566764235497],
    "chords_key": "F",
    "chords_scale": "minor"
}
}