{
"metadata": {
    "version": {
        "essentia": "2.1-beta6-dev",
        "essentia_git_sha": "v2.1_beta5-1177-g1d1cc983",
        "extractor": "music 2.0"
    },
    "audio_properties": {
        "analysis": {
            "equal_loudness": 0,
            "length": 212.36000061,
            "sample_rate": 44100,
            "start_time": 0,
            "downmix": "mix"
        },
        "bit_rate": 1411200,
        "length": 212.36000061,
        "lossless": 1,
        "number_channels": 2,
        "replay_gain": -14.0775947571,
        "sample_rate": 44100,
        "codec": "pcm_s16le",
        "md5_encoded": "896dc21308379fa7680c761b3caf5e71"
    },
    "tags": {
        "file_name": "08 - Manchester Orchestra - Golden Ticket.wav",
        "album": ["I'm Like a Virgin Losing a Child"],
        "albumartist": ["Manchester Orchestra"],
        "artist": ["Manchester Orchestra"],
        "copyright": ["2006 Favorite Gentlemen 2006 Favorite Gentlemen"],
        "date": ["2006"],
        "discnumber": ["1"],
        "disctotal": ["1"],
        "genre": ["Alternative & Indie"],
        "isrc": ["USTC10665312"],
        "title": ["Golden Ticket"],
        "tracknumber": ["8"],
        "tracktotal": ["11"]
    }
},
"lowlevel": {
    "average_loudness": 0.387921661139,
    "barkbands_crest": {
        "mean": 9.67082595825
    },
    "barkbands_flatness_db": {
        "mean": 0.142641782761
    },
    "barkbands_kurtosis": {
        "mean": 4.5950255394
    },
    "barkbands_skewness": {
        "mean": 1.44830060005
    },
    "barkbands_spread": {
        "mean": 25.3120479584
    },
    "dissonance": {
        "mean": 0.451239556074
    },
    "dynamic_complexity": 6.9063744545,
    "erbbands_crest": {
        "mean": 8.80873966217
    },
    "erbbands_flatness_db": {
        "mean": 0.166834309697
    },
    "erbbands_kurtosis": {
        "mean": 0.973662376404
    },
    "erbbands_skewness": {
        "mean": 0.387261927128
    },
    "erbbands_spread": {
        "mean": 39.6471214294
    },
    "hfc": {
        "mean": 15.9021472931
    },
    "loudness_ebu128": {
        "integrated": -9.63086700439,
        "loudness_range": 15.1115617752,
        "momentary": {
            "mean": -15.3199138641
        },
        "short_term": {
            "mean": -13.9518566132
        }
    },
    "melbands_crest": {
        "mean": 13.8699350357
    },
    "melbands_flatness_db": {
        "mean": 0.194830924273
    },
    "melbands_kurtosis": {
        "mean": 11.3059959412
    },
    "melbands_skewness": {
        "mean": 2.45120811462
    },
    "melbands_spread": {
        "mean": 26.2470207214
    },
    "pitch_salience": {
        "mean": 0.584607124329
    },
    "silence_rate_20dB": {
        "mean": 1
    },
    "silence_rate_30dB": {
        "mean": 0.995298981667
    },
    "silence_rate_60dB": {
        "mean": 0.308625787497
    },
    "spectral_centroid": {
        "mean": 1551.47790527
    },
    "spectral_complexity": {
        "mean": 19.6830654144
    },
    "spectral_decrease": {
        "mean": -4.77148942579e-09
    },
    "spectral_energy": {
        "mean": 0.0194510556757
    },
    "spectral_energyband_high": {
        "mean": 0.000833373982459
    },
    "spectral_energyband_low": {
        "mean": 0.00666906917468
    },
    "spectral_energyband_middle_high": {
        "mean": 0.00423559453338
    },
    "spectral_energyband_middle_low": {
        "mean": 0.0085093267262
    },
    "spectral_entropy": {
        "mean": 7.48700141907
    },
    "spectral_flux": {
        "mean": 0.0566041506827
    },
    "spectral_kurtosis": {
        "mean": 5.79773283005
    },
    "spectral_rms": {
        "mean": 0.00360714597628
    },
    "spectral_rolloff": {
        "mean": 2068.76342773
    },
    "spectral_skewness": {
        "mean": 1.56724429131
    },
    "spectral_spread": {
        "mean": 4495205.5
    },
    "spectral_strongpeak": {
        "mean": 0.645911693573
    },
    "zerocrossingrate": {
        "mean": 0.0743157416582
    },
    "barkbands": {
        "mean": [0.000170919782249, 0.00403165165335, 0.00176083703991, 0.00196010922082, 0.00278970575891, 0.000548703188542, 0.00116133212578, 0.000950349727646, 0.000904556189198, 0.00081445206888, 0.000815942010377, 0.000481071358081, 0.000312300748192, 0.000267612864263, 0.000239781526034, 0.000243159680394, 0.000292609154712, 0.000277335988358, 0.000417115923483, 0.000351177033735, 0.000236476116697, 0.000116428549518, 0.000121792756545, 0.000130494285258, 4.17539995397e-05, 1.21392586152e-05, 1.20828281069e-06]
    },
    "erbbands": {
        "mean": [0.104998312891, 0.927492678165, 2.27448892593, 4.04207754135, 10.9169368744, 7.25158786774, 4.90413761139, 4.50712537766, 13.8206720352, 16.9676303864, 24.090637207, 21.3594417572, 21.872385025, 29.150554657, 29.6067295074, 19.927986145, 15.3140497208, 12.3255939484, 13.9031457901, 11.5309429169, 16.9878921509, 15.149930954, 15.1257648468, 17.1027507782, 22.6695423126, 16.1294937134, 12.8303384781, 7.18975305557, 4.47674226761, 3.58150053024, 3.55150461197, 3.21308207512, 1.75960528851, 0.639375030994, 0.218323051929, 0.0725544393063, 0.0188741236925, 0.0028319703415, 0.000232041827985, 3.30668517563e-05]
    },
    "gfcc": {
        "mean": [-73.9921264648, 82.1752090454, -122.358345032, 25.1311283112, -69.8333740234, 1.87788820267, -39.0089111328, 7.67605400085, -29.0629234314, -7.81984090805, -14.3876256943, -5.44951295853, -11.1147470474],
        "cov": [[33335.53125, 297.332824707, -1242.6854248, 3426.82299805, 342.42980957, 2398.97143555, 918.331054688, 953.10723877, 27.2043437958, 469.025146484, -122.546401978, 60.4946212769, -522.789245605], [297.332824707, 2056.29638672, 45.3800506592, -132.272720337, 282.761260986, -304.3203125, 152.249450684, -59.6286010742, 77.5859603882, -124.369506836, 44.3159637451, -168.637329102, 25.8027133942], [-1242.6854248, 45.3800506592, 1148.41333008, 490.973480225, 137.148132324, 112.207969666, 85.8403396606, -42.132648468, 94.7557601929, 76.8916854858, -87.2037658691, 33.5968780518, 21.648727417], [3426.82299805, -132.272720337, 490.973480225, 1265.29260254, 344.210449219, 397.485473633, 327.497802734, 131.859741211, 130.309448242, 162.858688354, -57.7958335876, 49.171672821, 7.40456914902], [342.42980957, 282.761260986, 137.148132324, 344.210449219, 500.930511475, 128.739700317, 240.394866943, 52.6949539185, 87.4370574951, 51.0743713379, 32.6078529358, -9.4351606369, 20.0415554047], [2398.97143555, -304.3203125, 112.207969666, 397.485473633, 128.739700317, 459.309143066, 190.026229858, 90.2783584595, 34.6626853943, 97.3763198853, 3.7667632103, 46.7035598755, -52.6254081726], [918.331054688, 152.249450684, 85.8403396606, 327.497802734, 240.394866943, 190.026229858, 353.677062988, 69.4004058838, 69.1536254883, 69.1405181885, 50.0534858704, 14.3035993576, 12.7417135239], [953.10723877, -59.6286010742, -42.132648468, 131.859741211, 52.6949539185, 90.2783584595, 69.4004058838, 135.701629639, 47.5511665344, 43.2442092896, 14.3822593689, 10.140827179, -1.74801886082], [27.2043437958, 77.5859603882, 94.7557601929, 130.309448242, 87.4370574951, 34.6626853943, 69.1536254883, 47.5511665344, 133.703659058, 43.1266212463, 11.9715185165, -2.26427578926, 13.6657066345], [469.025146484, -124.369506836, 76.8916854858, 162.858688354, 51.0743713379, 97.3763198853, 69.1405181885, 43.2442092896, 43.1266212463, 115.517356873, 10.5386362076, 23.328004837, 7.1296415329], [-122.546401978, 44.3159637451, -87.2037658691, -57.7958335876, 32.6078529358, 3.7667632103, 50.0534858704, 14.3822593689, 11.9715185165, 10.5386362076, 84.390838623, 13.9102478027, 6.8902630806], [60.4946212769, -168.637329102, 33.5968780518, 49.171672821, -9.4351606369, 46.7035598755, 14.3035993576, 10.140827179, -2.26427578926, 23.328004837, 13.9102478027, 80.6122360229, 23.6287345886], [-522.789245605, 25.8027133942, 21.648727417, 7.40456914902, 20.0415554047, -52.6254081726, 12.7417135239, -1.74801886082, 13.6657066345, 7.1296415329, 6.8902630806, 23.6287345886, 80.6014785767]],
        "icov": [[0.000186494260561, -0.000357898097718, 0.000455586035969, -0.000561087683309, 0.000367358676158, -0.000832723570056, 0.000303015869576, -0.000597344886046, 0.000400204095058, -0.000220024448936, 0.000342540181009, -0.000343841471476, 0.000580605876166], [-0.000357898097718, 0.00153475662228, -0.000985420541838, 0.00111491745338, -0.00103706913069, 0.00217070523649, -0.00115020573139, 0.00129234441556, -0.00108917756006, 0.00118909042794, -0.00104546756484, 0.00202711555175, -0.0011908368906], [0.000455586035969, -0.000985420541838, 0.00242096930742, -0.00174820411485, 0.000834145292174, -0.00208199000917, 0.000775089894887, -0.000325342931319, 0.000140676667797, -0.0010187838925, 0.00210717809387, -0.00162793498021, 0.00144781626295], [-0.000561087683309, 0.00111491745338, -0.00174820411485, 0.00346017605625, -0.00163294107188, 0.00185071805026, -0.00168790807948, 0.001159400912, -0.00146457715891, -3.66823587683e-05, 0.000776171858888, 0.000668484019116, -0.00194891821593], [0.000367358676158, -0.00103706913069, 0.000834145292174, -0.00163294107188, 0.00420864624903, -0.00195897743106, -0.00076587125659, -0.0010702497093, 0.000123882025946, -0.000290839234367, -0.000109297623567, 9.03853360796e-05, 0.000400604738388], [-0.000832723570056, 0.00217070523649, -0.00208199000917, 0.00185071805026, -0.00195897743106, 0.00881581474096, -0.00331219937652, 0.00159992347471, -0.00129920127802, -0.000138070608955, -0.00104926014319, -0.000302338390611, 0.00150529132225], [0.000303015869576, -0.00115020573139, 0.000775089894887, -0.00168790807948, -0.00076587125659, -0.00331219937652, 0.00697585288435, -0.00140483072028, 0.000566434231587, -0.00101353402715, -0.00263619027101, -0.000237455169554, -0.000536292733159], [-0.000597344886046, 0.00129234441556, -0.000325342931319, 0.001159400912, -0.0010702497093, 0.00159992347471, -0.00140483072028, 0.0128335645422, -0.00451746117324, -0.00072010117583, -0.00138738413807, 0.00102557602804, -0.0018485885812], [0.000400204095058, -0.00108917756006, 0.000140676667797, -0.00146457715891, 0.000123882025946, -0.00129920127802, 0.000566434231587, -0.00451746117324, 0.0119701912627, -0.00300285895355, -0.000719957693946, 0.000810116878711, 3.47926797986e-05], [-0.000220024448936, 0.00118909042794, -0.0010187838925, -3.66823587683e-05, -0.000290839234367, -0.000138070608955, -0.00101353402715, -0.00072010117583, -0.00300285895355, 0.0140930563211, -0.00239120493643, 0.000255695835222, -0.00201200926676], [0.000342540181009, -0.00104546756484, 0.00210717809387, 0.000776171858888, -0.000109297623567, -0.00104926014319, -0.00263619027101, -0.00138738413807, -0.000719957693946, -0.00239120493643, 0.0186681281775, -0.00571180647239, 0.00206008693203], [-0.000343841471476, 0.00202711555175, -0.00162793498021, 0.000668484019116, 9.03853360796e-05, -0.000302338390611, -0.000237455169554, 0.00102557602804, 0.000810116878711, 0.000255695835222, -0.00571180647239, 0.0206681154668, -0.00839404016733], [0.000580605876166, -0.0011908368906, 0.00144781626295, -0.00194891821593, 0.000400604738388, 0.00150529132225, -0.000536292733159, -0.0018485885812, 3.47926797986e-05, -0.00201200926676, 0.00206008693203, -0.00839404016733, 0.0197285972536]]
    },
    "melbands": {
        "mean": [0.00102792144753, 0.00119908049237, 0.000947058142629, 0.000690169865265, 0.000183528944035, 0.000100652890978, 0.000221900816541, 0.00018425930466, 0.000196005785256, 0.000126151673612, 0.00010961433145, 0.000119183969218, 0.000121367062093, 5.58667416044e-05, 4.07365405408e-05, 2.84564775939e-05, 2.20551355596e-05, 2.38337979681e-05, 1.54055342136e-05, 1.2673245692e-05, 2.28718490689e-05, 1.66301833815e-05, 1.31237920868e-05, 1.45184894791e-05, 1.3204622519e-05, 1.72918716999e-05, 1.40329193528e-05, 9.89258387563e-06, 9.42855331232e-06, 4.79467007608e-06, 3.77110200134e-06, 2.57976444118e-06, 2.01827469937e-06, 2.0182217213e-06, 2.16242074202e-06, 1.82797634807e-06, 2.0218355985e-06, 1.25138444673e-06, 8.67983146691e-07, 4.35023395084e-07]
    },
    "melbands128": {
        "mean": [0.000149122992298, 0.000776963483077, 0.00133576965891, 0.00162629189435, 0.00135076488368, 0.000746220641304, 0.000681890349369, 0.00112608261406, 0.00122346763965, 0.000732577929739, 0.000319164071698, 0.000190255464986, 0.000163302494911, 0.000145406418596, 9.45145875448e-05, 7.50765466364e-05, 0.000128317056806, 0.000326129404129, 0.000214796644286, 0.000195326691028, 0.000138452494866, 0.000232732869335, 0.000201985109015, 0.00016020250041, 0.000162099924637, 8.05682502687e-05, 0.00012549382518, 9.74890499492e-05, 0.000107492072857, 0.000150309017044, 6.83415782987e-05, 0.000160400115419, 0.000187412224477, 2.81372304016e-05, 6.67397398502e-05, 5.84475783398e-05, 5.62142777198e-05, 2.69325009867e-05, 5.03200972162e-05, 3.04452150885e-05, 1.74185024662e-05, 3.48987559846e-05, 1.76932844624e-05, 1.54483986989e-05, 3.25495348079e-05, 2.38875800278e-05, 1.94257681869e-05, 1.00029155874e-05, 1.66613008332e-05, 1.97622885025e-05, 8.01794794825e-06, 9.87363819149e-06, 1.91420604096e-05, 3.71812420781e-05, 1.68742189999e-05, 1.62664218806e-05, 9.38161156228e-06, 1.7899346858e-05, 1.16954252007e-05, 1.12876396088e-05, 1.69059767359e-05, 1.4683133486e-05, 1.18716152429e-05, 1.25329588627e-05, 1.53655764734e-05, 1.79013532033e-05, 1.8733440811e-05, 1.64114444487e-05, 1.26077338791e-05, 1.09382262963e-05, 9.61009118328e-06, 9.1488873295e-06, 1.08583117253e-05, 1.09486209112e-05, 6.20123137196e-06, 3.98205884267e-06, 4.38955339632e-06, 5.18934666616e-06, 3.57623707714e-06, 2.61526565737e-06, 2.60433762378e-06, 2.69628094429e-06, 2.1452767669e-06, 1.93231630874e-06, 1.9594715468e-06, 1.73816579263e-06, 1.96198288904e-06, 2.70436407845e-06, 2.20656966121e-06, 1.82776602742e-06, 1.65694791576e-06, 1.96242740458e-06, 1.81039763447e-06, 2.62360435954e-06, 1.65922108408e-06, 1.14347142244e-06, 1.20109291402e-06, 1.37123072363e-06, 8.51505092214e-07, 6.76718741488e-07, 4.95520737331e-07, 3.77318485789e-07, 3.82486689432e-07, 3.07289980128e-07, 2.21467345796e-07, 1.87767852822e-07, 1.66954592373e-07, 1.36928761663e-07, 1.26147710944e-07, 1.0214225199e-07, 8.11367826259e-08, 6.72960993597e-08, 5.73335796616e-08, 4.22448493964e-08, 3.89184791061e-08, 2.52597409656e-08, 1.63218487614e-08, 9.6845003128e-09, 8.40474889685e-09, 7.70536878747e-09, 3.85146936566e-09, 2.67849209479e-09, 2.45067388605e-09, 1.56626944747e-09, 1.02112696077e-09, 6.38426700394e-10, 5.87698986698e-11, 7.22091397093e-12]
    },
    "mfcc": {
        "mean": [-708.604919434, 110.641174316, -1.09748899937, 17.828918457, -6.19259023666, -10.0385770798, -1.39286160469, 2.48718452454, -8.28895282745, 1.04006803036, -10.3636245728, -2.19204807281, -5.12197732925],
        "cov": [[27573.2421875, -1305.87670898, -282.541870117, 1842.56555176, 589.160827637, 1900.01464844, 1355.7097168, 1226.38208008, 834.537963867, 861.289489746, 349.890930176, 868.139404297, 467.33026123], [-1305.87670898, 2038.87255859, -165.015319824, -83.5870666504, 3.27864742279, -279.398620605, -47.2845916748, -82.1229629517, -109.268096924, 1.37202572823, -43.8945350647, -86.653175354, -63.6597976685], [-282.541870117, -165.015319824, 1000.83520508, 370.54888916, 92.7260360718, 236.23890686, -18.8045978546, 7.92031860352, 163.682403564, -30.7419338226, 37.4903450012, 51.1175804138, 6.65234279633], [1842.56555176, -83.5870666504, 370.54888916, 827.329956055, 230.525421143, 341.935394287, 186.706588745, 126.715820312, 282.666992188, 93.2702789307, 64.9723892212, 140.161712646, 98.0188369751], [589.160827637, 3.27864742279, 92.7260360718, 230.525421143, 257.640045166, 147.428894043, 66.1286773682, 56.0339050293, 98.5389633179, 53.4836349487, 32.3054084778, 49.5192642212, 29.3436851501], [1900.01464844, -279.398620605, 236.23890686, 341.935394287, 147.428894043, 458.583770752, 229.939651489, 152.573699951, 180.8540802, 96.1995239258, 85.8899917603, 126.760154724, 75.3290634155], [1355.7097168, -47.2845916748, -18.8045978546, 186.706588745, 66.1286773682, 229.939651489, 284.013244629, 134.32043457, 95.9371795654, 86.3829650879, 49.4043312073, 83.1340026855, 67.3348999023], [1226.38208008, -82.1229629517, 7.92031860352, 126.715820312, 56.0339050293, 152.573699951, 134.32043457, 169.627868652, 77.6781387329, 61.6465110779, 42.5142593384, 70.6459579468, 44.8471603394], [834.537963867, -109.268096924, 163.682403564, 282.666992188, 98.5389633179, 180.8540802, 95.9371795654, 77.6781387329, 202.476257324, 75.3503265381, 51.7007141113, 71.7504196167, 51.7822303772], [861.289489746, 1.37202572823, -30.7419338226, 93.2702789307, 53.4836349487, 96.1995239258, 86.3829650879, 61.6465110779, 75.3503265381, 130.150985718, 54.133644104, 45.6621055603, 40.2822265625], [349.890930176, -43.8945350647, 37.4903450012, 64.9723892212, 32.3054084778, 85.8899917603, 49.4043312073, 42.5142593384, 51.7007141113, 54.133644104, 102.182029724, 47.1510505676, 22.5968704224], [868.139404297, -86.653175354, 51.1175804138, 140.161712646, 49.5192642212, 126.760154724, 83.1340026855, 70.6459579468, 71.7504196167, 45.6621055603, 47.1510505676, 129.288604736, 43.697769165], [467.33026123, -63.6597976685, 6.65234279633, 98.0188369751, 29.3436851501, 75.3290634155, 67.3348999023, 44.8471603394, 51.7822303772, 40.2822265625, 22.5968704224, 43.697769165, 87.4635848999]],
        "icov": [[7.47799349483e-05, 1.79953658517e-05, 8.16292886157e-05, -0.000110286477138, 7.75050575612e-05, -0.000199617774342, 4.75429551443e-05, -0.000282692344626, 0.000114571004815, -0.000288957904559, 0.000184476011782, -0.000171573017724, 8.85061672307e-05], [1.79953658517e-05, 0.000594622048084, -2.18519362534e-05, -0.000184087402886, -0.000197192610358, 0.000554196478333, -0.00038001887151, 3.52650022251e-05, 0.000317658792483, -0.000432663247921, 3.30751790898e-05, 8.28353295219e-05, 0.000369203218725], [8.16292886157e-05, -2.18519362534e-05, 0.00168343982659, -0.000599032151513, 0.000307946524117, -0.00130892160814, 0.00103277957533, 5.90356876273e-06, -0.000685984909069, 0.000794099469204, -0.000162772572367, -6.77776988596e-05, 0.000433426001109], [-0.000110286477138, -0.000184087402886, -0.000599032151513, 0.00317800487392, -0.00125158473384, -3.29359718307e-05, -0.00060040759854, 0.000682040932588, -0.002932731295, 0.000986780505627, 0.000383318285458, -0.000579685962293, -0.00102748314384], [7.75050575612e-05, -0.000197192610358, 0.000307946524117, -0.00125158473384, 0.00577251845971, -0.00154189963359, 0.000954293762334, -0.000607969413977, -0.000309437862597, -0.00119058822747, 0.000314617180265, -8.35324899526e-05, 0.000481934053823], [-0.000199617774342, 0.000554196478333, -0.00130892160814, -3.29359718307e-05, -0.00154189963359, 0.00743017019704, -0.0037780853454, -0.000273481651675, -0.00128114409745, 0.00047156936489, -0.0016847163206, -0.000730383384507, 0.000114703689178], [4.75429551443e-05, -0.00038001887151, 0.00103277957533, -0.00060040759854, 0.000954293762334, -0.0037780853454, 0.00869307201356, -0.00326065928675, 0.000534860650077, -0.00143391161691, 0.000696037255693, -0.00026059767697, -0.00172899209429], [-0.000282692344626, 3.52650022251e-05, 5.90356876273e-06, 0.000682040932588, -0.000607969413977, -0.000273481651675, -0.00326065928675, 0.0121225137264, -0.0014547246974, 0.000299647537759, -0.00106082949787, -0.00150609598495, -0.000744956603739], [0.000114571004815, 0.000317658792483, -0.000685984909069, -0.002932731295, -0.000309437862597, -0.00128114409745, 0.000534860650077, -0.0014547246974, 0.0130109926686, -0.00429768627509, -0.000500437337905, -0.000517762149684, -0.000836527207866], [-0.000288957904559, -0.000432663247921, 0.000794099469204, 0.000986780505627, -0.00119058822747, 0.00047156936489, -0.00143391161691, 0.000299647537759, -0.00429768627509, 0.0151979606599, -0.00526047125459, 0.000794975319877, -0.00248692324385], [0.000184476011782, 3.30751790898e-05, -0.000162772572367, 0.000383318285458, 0.000314617180265, -0.0016847163206, 0.000696037255693, -0.00106082949787, -0.000500437337905, -0.00526047125459, 0.0148873496801, -0.00337920477614, 0.000535787257832], [-0.000171573017724, 8.28353295219e-05, -6.77776988596e-05, -0.000579685962293, -8.35324899526e-05, -0.000730383384507, -0.00026059767697, -0.00150609598495, -0.000517762149684, 0.000794975319877, -0.00337920477614, 0.0134726781398, -0.00265586818568], [8.85061672307e-05, 0.000369203218725, 0.000433426001109, -0.00102748314384, 0.000481934053823, 0.000114703689178, -0.00172899209429, -0.000744956603739, -0.000836527207866, -0.00248692324385, 0.000535787257832, -0.00265586818568, 0.0166293680668]]
    },
    "spectral_contrast_coeffs": {
        "mean": [-0.661361694336, -0.748012125492, -0.739164888859, -0.796018540859, -0.796414732933, -0.781487584114]
    },
    "spectral_contrast_valleys": {
        "mean": [-7.97072029114, -7.47168731689, -8.2808008194, -8.50809955597, -8.14294433594, -10.80265522]
    }
},
"rhythm": {
    "beats_count": 550,
    "beats_loudness": {
        "mean": 0.0295423641801
    },
    "bpm": 163.980422974,
    "bpm_histogram_first_peak_bpm": 167,
    "bpm_histogram_first_peak_weight": 0,
    "bpm_histogram_second_peak_bpm": 161,
    "bpm_histogram_second_peak_spread": 0.111607193947,
    "bpm_histogram_second_peak_weight": 0.362477213144,
    "danceability": 0.924847662449,
    "onset_rate": 2.81098175049,
    "beats_loudness_band_ratio": {
        "mean": [0.444508969784, 0.176934048533, 0.181175544858, 0.119734108448, 0.0525908395648, 0.0776877254248]
    },
    "beats_position": [0.406349211931, 0.777868449688, 1.14938771725, 1.52090704441, 1.88081634045, 2.24072551727, 2.61224484444, 2.97215414047, 3.34367346764, 3.7151927948, 4.08671188354, 4.446621418, 4.81814050674, 5.18965959549, 5.54956912994, 5.92108821869, 6.29260778427, 6.67573690414, 7.05886602402, 7.4303855896, 7.80190467834, 8.19664382935, 8.59138298035, 8.98612213135, 9.38086128235, 9.78721046448, 10.1703395844, 10.5534696579, 10.9365987778, 11.3313379288, 11.7376871109, 12.144036293, 12.5155553818, 12.8870744705, 13.2585935593, 13.6185035706, 13.9784126282, 14.3383216858, 14.6982307434, 15.0697498322, 15.4412698746, 15.8127889633, 16.1726989746, 16.5326080322, 16.8925170898, 17.2524261475, 17.6123352051, 17.9838542938, 18.3553733826, 18.7152824402, 19.0868015289, 19.458322525, 19.8182315826, 20.1897506714, 20.549659729, 20.9211788177, 21.2926979065, 21.6526069641, 22.0125160217, 22.3840351105, 22.7555541992, 23.1270751953, 23.4869842529, 23.8468933105, 24.2184123993, 24.589931488, 24.9498405457, 25.4142398834, 25.8902492523, 26.3546485901, 26.8190479279, 27.2950553894, 27.7594547272, 28.2238540649, 28.6069831848, 28.9901123047, 29.3848514557, 29.7447605133, 30.1162815094, 30.476190567, 30.8477096558, 31.2076187134, 31.567527771, 31.9274368286, 32.264125824, 32.6008148193, 32.9491157532, 33.2974128723, 33.6457138062, 33.99401474, 34.4816322327, 34.9808616638, 35.4684791565, 35.9444885254, 36.4321098328, 36.9197273254, 37.4073448181, 37.8949661255, 38.3825836182, 38.8818130493, 39.3810424805, 39.8918800354, 40.3911094666, 40.8903388977, 41.3895683289, 41.7726974487, 42.1326065063, 42.5157356262, 42.8872566223, 43.2239456177, 43.5722427368, 43.9205436707, 44.257232666, 44.6287536621, 45.0002708435, 45.3717918396, 45.7549209595, 46.1380500793, 46.5211791992, 46.8926963806, 47.2758255005, 47.6473464966, 48.018863678, 48.3787727356, 48.7386856079, 49.0985946655, 49.4585037231, 49.8184127808, 50.1783218384, 50.5498390198, 50.9213600159, 51.2928771973, 51.6643981934, 52.0359191895, 52.3958282471, 52.7557373047, 53.1272544861, 53.4871635437, 53.8470726013, 54.2185935974, 54.5901107788, 54.9616317749, 55.333152771, 55.6930618286, 56.0529708862, 56.4128799438, 56.7727890015, 57.1443061829, 57.515827179, 57.8873443604, 58.2588653564, 58.6187744141, 58.9786834717, 59.3502044678, 59.7101135254, 60.070022583, 60.4415397644, 60.8130607605, 61.1729698181, 61.5328788757, 61.9043960571, 62.2643089294, 62.6242179871, 62.9957351685, 63.3672561646, 63.7271652222, 64.0870742798, 64.4585952759, 64.8301086426, 65.2016296387, 65.5731506348, 65.9446716309, 66.3045806885, 66.6644897461, 67.0360107422, 67.4075241089, 67.7674331665, 68.1273422241, 68.4872512817, 68.8471679688, 69.2186813354, 69.5785903931, 69.9384994507, 70.3100204468, 70.6815414429, 71.053062439, 71.4245758057, 71.8077087402, 72.1908340454, 72.5623550415, 73.0267562866, 73.4795455933, 73.9323348999, 74.489616394, 75.0468902588, 75.6273880005, 76.1846694946, 76.7303390503, 77.2876205444, 77.8565063477, 78.4137878418, 78.9710617065, 79.5167312622, 80.0856246948, 80.6428985596, 81.2001800537, 81.7458496094, 82.291519165, 82.8371887207, 83.3828582764, 83.9401321411, 84.4974136353, 84.9385910034, 85.3913803101, 85.8441696167, 86.2853469849, 86.7149200439, 87.1328811646, 87.5392303467, 87.9571838379, 88.36353302, 88.7814941406, 89.1878433228, 89.5941925049, 90.0121536255, 90.4301147461, 90.8132400513, 91.1963729858, 91.579498291, 91.9510192871, 92.3225402832, 92.6940536499, 93.065574646, 93.4254837036, 93.7853927612, 94.1453018188, 94.5052108765, 94.853515625, 95.2134246826, 95.5733337402, 95.9332427979, 96.3047637939, 96.6762771606, 97.0361862183, 97.3960952759, 97.7560043335, 98.1159133911, 98.4874343872, 98.8473434448, 99.2188644409, 99.5787734985, 99.9386825562, 100.310203552, 100.681724548, 101.053237915, 101.424758911, 101.784667969, 102.144577026, 102.516098022, 102.87600708, 103.235916138, 103.607437134, 103.97895813, 104.350471497, 104.710380554, 105.070289612, 105.441810608, 105.824943542, 106.196456909, 106.556373596, 106.927886963, 107.299407959, 107.659317017, 108.019226074, 108.39074707, 108.762268066, 109.122177124, 109.482086182, 109.841995239, 110.190292358, 110.561813354, 110.921722412, 111.293243408, 111.664756775, 112.036277771, 112.407798767, 112.767707825, 113.15083313, 113.499137878, 113.847434998, 114.218955994, 114.578865051, 114.950386047, 115.310295105, 115.681808472, 116.053329468, 116.413238525, 116.784759521, 117.144668579, 117.516189575, 117.887710571, 118.259223938, 118.630744934, 119.00226593, 119.373786926, 119.722084045, 120.093605042, 120.465126038, 120.825035095, 121.196548462, 121.55645752, 121.916366577, 122.276275635, 122.647796631, 123.007705688, 123.367614746, 123.750747681, 124.110656738, 124.482177734, 124.853691101, 125.213600159, 125.573509216, 125.945030212, 126.316551208, 126.676460266, 127.036369324, 127.40789032, 127.779411316, 128.150924683, 128.51083374, 128.870742798, 129.242263794, 129.637008667, 130.031738281, 130.426483154, 130.844436646, 131.262405396, 131.680358887, 132.109924316, 132.527893066, 132.934234619, 133.340591431, 133.77015686, 134.211334229, 134.652511597, 135.093688965, 135.465209961, 135.836730957, 136.196640015, 136.556549072, 136.91645813, 137.287979126, 137.647888184, 138.007797241, 138.367706299, 138.739227295, 139.110748291, 139.482269287, 139.842178345, 140.202087402, 140.573608398, 140.945129395, 141.316635132, 141.676544189, 142.024856567, 142.384765625, 142.709838867, 143.046524048, 143.383224487, 143.731521606, 144.079818726, 144.439727783, 144.799636841, 145.14793396, 145.473007202, 145.798095703, 146.134780884, 146.471466064, 146.808166504, 147.168075562, 147.539596558, 147.899505615, 148.271011353, 148.665756226, 149.072113037, 149.47845459, 149.884811401, 150.279541016, 150.674285889, 151.080627441, 151.463760376, 151.858505249, 152.253234863, 152.647979736, 153.019500732, 153.391021729, 153.762542725, 154.122451782, 154.48236084, 154.842269897, 155.202178955, 155.573699951, 155.945205688, 156.305114746, 156.665023804, 157.0365448, 157.408065796, 157.767974854, 158.127883911, 158.499404907, 158.859313965, 159.219223022, 159.590744019, 159.962265015, 160.333786011, 160.705307007, 161.065216064, 161.425125122, 161.796646118, 162.156555176, 162.516464233, 162.887985229, 163.259490967, 163.631011963, 164.002532959, 164.362442017, 164.733963013, 165.09387207, 165.453781128, 165.813690186, 166.185211182, 166.556732178, 166.928253174, 167.29977417, 167.659683228, 168.019592285, 168.379501343, 168.7394104, 169.110931396, 169.482452393, 169.85395813, 170.213867188, 170.585388184, 170.945297241, 171.316818237, 171.676727295, 172.048248291, 172.408157349, 172.779678345, 173.139587402, 173.49949646, 173.859405518, 174.219314575, 174.590835571, 174.950744629, 175.310653687, 175.682174683, 176.053695679, 176.425216675, 176.796737671, 177.168243408, 177.539764404, 177.899673462, 178.25958252, 178.631103516, 179.002624512, 179.374145508, 179.745666504, 180.105575562, 180.465484619, 180.837005615, 181.196914673, 181.55682373, 181.916732788, 182.288253784, 182.648162842, 183.019683838, 183.391204834, 183.751113892, 184.111022949, 184.482528687, 184.854049683, 185.225570679, 185.585479736, 185.945388794, 186.305297852, 186.665206909, 187.025115967, 187.396636963, 187.756546021, 188.128067017, 188.499588013, 188.871109009, 189.242630005, 189.614151001, 189.974060059, 190.333969116, 190.705490112, 191.07699585, 191.448516846, 191.808425903, 192.168334961, 192.539855957, 192.911376953, 193.271286011, 193.631195068, 193.991104126, 194.362625122, 194.72253418, 195.082443237, 195.453964233, 195.825485229, 196.185394287, 196.545303345, 196.905212402, 197.276733398, 197.648254395, 198.008163452, 198.36807251, 198.739593506, 199.111114502, 199.494232178, 199.877365112, 200.260498047, 200.724899292, 201.189300537, 201.653686523, 202.10647583, 202.559265137, 203.012054443, 203.46484375, 203.952468872, 204.451690674, 204.939315796, 205.345672607, 205.75201416, 206.158370972, 206.576324463, 206.994277954, 207.412246704, 207.830200195, 208.259765625, 208.689331055, 209.118911743, 209.548477173, 209.978042603, 210.407608032, 210.837188721, 211.26675415, 211.69631958],
    "bpm_histogram": [0, 0, 0, 0, 0, 0, 0, 0, 0, 0, 0, 0, 0, 0, 0, 0, 0, 0, 0, 0, 0, 0, 0, 0, 0, 0, 0, 0, 0, 0, 0, 0, 0, 0, 0, 0, 0, 0, 0, 0, 0, 0, 0, 0, 0, 0, 0, 0, 0, 0, 0, 0, 0, 0, 0, 0, 0, 0, 0, 0, 0, 0, 0, 0, 0, 0, 0, 0, 0, 0, 0, 0, 0, 0, 0, 0, 0, 0, 0, 0, 0, 0, 0, 0, 0, 0, 0, 0, 0, 0, 0, 0, 0, 0, 0, 0, 0, 0, 0, 0, 0, 0, 0, 0.00182149361353, 0, 0.00364298722707, 0, 0, 0.0182149354368, 0, 0.0109289614484, 0, 0, 0, 0, 0, 0, 0.00182149361353, 0, 0, 0.0127504551783, 0, 0, 0.0163934417069, 0, 0, 0.00546448072419, 0, 0, 0.0163934417069, 0, 0, 0, 0.0145719489083, 0, 0, 0.00910746771842, 0, 0, 0, 0.0218579228967, 0, 0, 0, 0.0236794166267, 0, 0, 0, 0.0291438978165, 0, 0, 0, 0.0273224040866, 0, 0, 0, 0, 0.0455373413861, 0, 0, 0, 0.318761378527, 0.0437158457935, 0, 0, 0, 0, 0.329690337181, 0, 0, 0, 0, 0.0273224040866, 0, 0, 0, 0, 0, 0.0163934417069, 0, 0, 0, 0, 0, 0, 0.00546448072419, 0, 0, 0, 0, 0, 0, 0, 0, 0, 0, 0, 0, 0, 0, 0, 0, 0, 0, 0, 0, 0, 0, 0, 0, 0, 0, 0, 0, 0, 0, 0, 0, 0, 0, 0, 0, 0, 0, 0, 0, 0, 0, 0, 0, 0, 0, 0, 0, 0, 0, 0, 0, 0, 0, 0, 0, 0, 0, 0, 0, 0, 0, 0, 0]
},
"tonal": {
    "chords_changes_rate": 0.0454744212329,
    "chords_number_rate": 0.00240489724092,
    "chords_strength": {
        "mean": 0.491691946983
    },
    "hpcp_crest": {
        "mean": 15.7287626266
    },
    "hpcp_entropy": {
        "mean": 1.65984904766
    },
    "key_edma": {
        "strength": 0.787529289722,
        "key": "D",
        "scale": "major"
    },
    "key_krumhansl": {
        "strength": 0.792449831963,
        "key": "D",
        "scale": "major"
    },
    "key_temperley": {
        "strength": 0.800328552723,
        "key": "D",
        "scale": "major"
    },
    "tuning_diatonic_strength": 0.596069991589,
    "tuning_equal_tempered_deviation": 0.0171662401408,
    "tuning_frequency": 440,
    "tuning_nontempered_energy_ratio": 0.628291904926,
    "hpcp": {
        "mean": [0.34577780962, 0.178283885121, 0.0417279787362, 0.0346444249153, 0.0446444824338, 0.135046735406, 0.205648034811, 0.116994068027, 0.0329216755927, 0.0304593779147, 0.0394916012883, 0.11480101943, 0.170859768987, 0.106344595551, 0.109580293298, 0.180816560984, 0.125322833657, 0.0545117370784, 0.0454824194312, 0.0412553586066, 0.149037659168, 0.238657340407, 0.139961138368, 0.0531586371362, 0.0468199625611, 0.062718719244, 0.152964383364, 0.202359676361, 0.127264201641, 0.144338876009, 0.19394531846, 0.109524264932, 0.0737692341208, 0.0971559584141, 0.0906181111932, 0.234766423702]
    },
    "chords_histogram": [6.99606466293, 7.84871006012, 34.7179718018, 3.2138171196, 5.55312633514, 0, 0.437254041433, 0.39352864027, 1.79274153709, 0.524704873562, 0.349803239107, 0.0437254048884, 0.240489721298, 0, 0.415391355753, 3.17009186745, 0.983821570873, 1.42107570171, 0, 0.721469163895, 0.153038918972, 6.4276342392, 15.5662441254, 9.02929592133],
    "thpcp": [1, 0.515602469444, 0.120678588748, 0.100192733109, 0.129113212228, 0.390559285879, 0.594740390778, 0.33835041523, 0.0952104926109, 0.0880894511938, 0.114210918546, 0.332008063793, 0.494131684303, 0.307551831007, 0.31690955162, 0.522927045822, 0.362437456846, 0.157649606466, 0.131536543369, 0.119311757386, 0.431021481752, 0.690204322338, 0.404771894217, 0.153736397624, 0.135404765606, 0.181384459138, 0.442377686501, 0.585230350494, 0.368051975965, 0.417432457209, 0.560895800591, 0.316747516394, 0.213342875242, 0.280977994204, 0.2620703578, 0.67895168066],
    "chords_key": "A",
    "chords_scale": "major"
}
}