{
"metadata": {
    "version": {
        "essentia": "2.1-beta6-dev",
        "essentia_git_sha": "v2.1_beta5-1177-g1d1cc983",
        "extractor": "music 2.0"
    },
    "audio_properties": {
        "analysis": {
            "equal_loudness": 0,
            "length": 252.946670532,
            "sample_rate": 44100,
            "start_time": 0,
            "downmix": "mix"
        },
        "bit_rate": 1411200,
        "length": 252.946670532,
        "lossless": 1,
        "number_channels": 2,
        "replay_gain": -9.37957191467,
        "sample_rate": 44100,
        "codec": "pcm_s16le",
        "md5_encoded": "f7e147183f4e4e3b8ef2df8b886348fd"
    },
    "tags": {
        "file_name": "10 - Manchester Orchestra - The Parts.wav",
        "album": ["A Black Mile To The Surface"],
        "albumartist": ["Manchester Orchestra"],
        "artist": ["Manchester Orchestra"],
        "composer": ["Andy Hull"],
        "copyright": ["℗ 2017 Loma Vista Recordings."],
        "date": ["2017"],
        "discnumber": ["1"],
        "disctotal": ["1"],
        "genre": ["Alternative & Indie"],
        "isrc": ["USC4R1702138"],
        "title": ["The Parts"],
        "tracknumber": ["10"],
        "tracktotal": ["11"]
    }
},
"lowlevel": {
    "average_loudness": 0.00231060013175,
    "barkbands_crest": {
        "mean": 14.6709012985
    },
    "barkbands_flatness_db": {
        "mean": 0.292040765285
    },
    "barkbands_kurtosis": {
        "mean": 18.9613018036
    },
    "barkbands_skewness": {
        "mean": 2.26709580421
    },
    "barkbands_spread": {
        "mean": 5.86482477188
    },
    "dissonance": {
        "mean": 0.403787851334
    },
    "dynamic_complexity": 13.2050952911,
    "erbbands_crest": {
        "mean": 13.7155637741
    },
    "erbbands_flatness_db": {
        "mean": 0.241716220975
    },
    "erbbands_kurtosis": {
        "mean": 6.45468473434
    },
    "erbbands_skewness": {
        "mean": 1.31926381588
    },
    "erbbands_spread": {
        "mean": 18.7814693451
    },
    "hfc": {
        "mean": 6.54938030243
    },
    "loudness_ebu128": {
        "integrated": -16.1173324585,
        "loudness_range": 17.8870220184,
        "momentary": {
            "mean": -27.5574703217
        },
        "short_term": {
            "mean": -23.4792633057
        }
    },
    "melbands_crest": {
        "mean": 19.7121925354
    },
    "melbands_flatness_db": {
        "mean": 0.409163832664
    },
    "melbands_kurtosis": {
        "mean": 27.7657661438
    },
    "melbands_skewness": {
        "mean": 2.88043451309
    },
    "melbands_spread": {
        "mean": 7.3323264122
    },
    "pitch_salience": {
        "mean": 0.474824547768
    },
    "silence_rate_20dB": {
        "mean": 1
    },
    "silence_rate_30dB": {
        "mean": 0.981184005737
    },
    "silence_rate_60dB": {
        "mean": 0.661128938198
    },
    "spectral_centroid": {
        "mean": 516.607727051
    },
    "spectral_complexity": {
        "mean": 3.67030739784
    },
    "spectral_decrease": {
        "mean": -2.39255215639e-09
    },
    "spectral_energy": {
        "mean": 0.00962408259511
    },
    "spectral_energyband_high": {
        "mean": 6.06952307862e-05
    },
    "spectral_energyband_low": {
        "mean": 0.000626878871117
    },
    "spectral_energyband_middle_high": {
        "mean": 0.00314934412017
    },
    "spectral_energyband_middle_low": {
        "mean": 0.00639375345781
    },
    "spectral_entropy": {
        "mean": 6.11488771439
    },
    "spectral_flux": {
        "mean": 0.0240495931357
    },
    "spectral_kurtosis": {
        "mean": 28.3582572937
    },
    "spectral_rms": {
        "mean": 0.0019821007736
    },
    "spectral_rolloff": {
        "mean": 518.867919922
    },
    "spectral_skewness": {
        "mean": 3.92279958725
    },
    "spectral_spread": {
        "mean": 2739157.25
    },
    "spectral_strongpeak": {
        "mean": 0.637619376183
    },
    "zerocrossingrate": {
        "mean": 0.0211787670851
    },
    "barkbands": {
        "mean": [3.16643599945e-05, 0.000201347167604, 0.000337768084137, 0.000246921525104, 0.00248961197212, 0.000162422264111, 0.00062617281219, 0.000889602000825, 0.000903204840142, 0.00172641256358, 0.000591612712014, 0.000419048999902, 0.000598660961259, 9.84259750112e-05, 4.53801512776e-05, 3.16509867844e-05, 6.35775722913e-05, 4.49974759249e-05, 4.3450450903e-05, 2.55879785982e-05, 1.02462654468e-05, 1.31154110932e-05, 7.00388500263e-06, 6.73826116326e-06, 7.30184046915e-06, 1.80992651622e-06, 2.32050041404e-07]
    },
    "erbbands": {
        "mean": [0.00658767716959, 0.0466212667525, 0.327889561653, 0.598155617714, 3.70136785507, 10.256105423, 4.5888299942, 1.67914485931, 8.29759311676, 17.7904376984, 12.8569583893, 26.19647789, 52.3113861084, 27.9546470642, 32.9243850708, 17.0685195923, 27.351732254, 6.66349601746, 2.85080504417, 1.85477530956, 2.10467481613, 2.95725774765, 2.81179523468, 2.55652666092, 1.71977651119, 1.24483895302, 0.623989403248, 0.373153805733, 0.469676554203, 0.307839602232, 0.212112247944, 0.167993158102, 0.0989708900452, 0.112177878618, 0.0325601175427, 0.00826905388385, 0.00340784457512, 0.000635724805761, 4.20767901232e-05, 1.29142199512e-05]
    },
    "gfcc": {
        "mean": [-266.633636475, 150.69203186, -65.9788513184, 2.10956692696, -31.5542316437, 2.03315377235, -27.5356292725, 5.14920854568, -24.1450958252, -13.0631513596, -11.816868782, -3.02308440208, -12.5315084457],
        "cov": [[19154.9277344, -1986.87731934, -3157.82592773, -1272.02612305, -3177.76611328, 71.4504776001, -1306.33325195, 377.964874268, -1101.3157959, -512.233154297, -179.835144043, 97.7366409302, -623.062072754], [-1986.87731934, 1475.5234375, 480.776123047, -360.355712891, 494.311218262, -68.5380172729, 174.760391235, -192.066177368, 59.2166976929, -69.2241744995, 52.0053634644, -142.096206665, 2.13087296486], [-3157.82592773, 480.776123047, 1576.4564209, 526.454101562, 383.797424316, 7.31647634506, -37.6399269104, -183.942062378, 24.7519645691, 85.7818603516, -125.092926025, -89.7028961182, 77.6964950562], [-1272.02612305, -360.355712891, 526.454101562, 906.267944336, 286.832214355, -130.874771118, -84.4403839111, -30.8437538147, 106.353988647, 107.925704956, -34.7541007996, 20.0718765259, 130.500701904], [-3177.76611328, 494.311218262, 383.797424316, 286.832214355, 867.180297852, -51.8139343262, 221.947799683, -64.9748153687, 232.360824585, 61.6213111877, 50.6278266907, -24.5881214142, 128.007385254], [71.4504776001, -68.5380172729, 7.31647634506, -130.874771118, -51.8139343262, 255.928634644, 107.507995605, 32.9221801758, -12.6072750092, 17.9462337494, 15.0030708313, 17.71367836, -25.5849056244], [-1306.33325195, 174.760391235, -37.6399269104, -84.4403839111, 221.947799683, 107.507995605, 403.437683105, 51.5415534973, 87.5454559326, 28.7024078369, 64.2714157104, 1.64500164986, 27.9386329651], [377.964874268, -192.066177368, -183.942062378, -30.8437538147, -64.9748153687, 32.9221801758, 51.5415534973, 213.830047607, 20.0968837738, -8.0128288269, 18.6430053711, 48.2799949646, 6.69084882736], [-1101.3157959, 59.2166976929, 24.7519645691, 106.353988647, 232.360824585, -12.6072750092, 87.5454559326, 20.0968837738, 261.304077148, 107.645874023, 59.2722663879, 26.2952346802, 52.7932052612], [-512.233154297, -69.2241744995, 85.7818603516, 107.925704956, 61.6213111877, 17.9462337494, 28.7024078369, -8.0128288269, 107.645874023, 158.747238159, 43.5196266174, 2.13438630104, 21.9656410217], [-179.835144043, 52.0053634644, -125.092926025, -34.7541007996, 50.6278266907, 15.0030708313, 64.2714157104, 18.6430053711, 59.2722663879, 43.5196266174, 137.503372192, 45.9027862549, 11.5835962296], [97.7366409302, -142.096206665, -89.7028961182, 20.0718765259, -24.5881214142, 17.71367836, 1.64500164986, 48.2799949646, 26.2952346802, 2.13438630104, 45.9027862549, 128.476654053, 32.160369873], [-623.062072754, 2.13087296486, 77.6964950562, 130.500701904, 128.007385254, -25.5849056244, 27.9386329651, 6.69084882736, 52.7932052612, 21.9656410217, 11.5835962296, 32.160369873, 102.475952148]],
        "icov": [[0.000382398662623, -0.000416071474319, 0.000824999122415, -0.000537347979844, 0.000900898128748, -0.000563235080335, 0.00084946223069, -0.000342475716025, 0.000585956848226, -8.35957107483e-05, 0.000422334647737, -0.000151101980009, 0.000632979674265], [-0.000416071474319, 0.00297049316578, -0.00212518731132, 0.00263532297686, -0.00204680557363, 0.0019618999213, -0.00122374331113, 0.00132117723115, -0.00120566296391, 0.00184359739069, -0.00264068879187, 0.00201052916236, -0.00114880118053], [0.000824999122415, -0.00212518731132, 0.00346186757088, -0.00262994202785, 0.00203746301122, -0.00239044171758, 0.00210300274193, -0.000598733953666, 0.00191299722064, -0.00154103431851, 0.00284354272299, -0.0009742808179, 0.00143761793151], [-0.000537347979844, 0.00263532297686, -0.00262994202785, 0.00441345851868, -0.00249826419167, 0.00266582309268, -0.000965450017247, 0.000846073147841, -0.00111151544843, 0.000314540200634, -0.00180061941501, 0.00116570410319, -0.0026112056803], [0.000900898128748, -0.00204680557363, 0.00203746301122, -0.00249826419167, 0.00513031054288, -0.00153363170102, 0.000972731271759, -0.000501633505337, -0.000286996306386, 0.000482409581309, 0.00107008905616, -0.000122237208416, 9.47856970015e-05], [-0.000563235080335, 0.0019618999213, -0.00239044171758, 0.00266582309268, -0.00153363170102, 0.00705368071795, -0.00308818812482, 0.000497038883623, -0.000471367617138, -0.000403174431995, -0.00137556728441, -0.000311010022415, 2.0897226932e-05], [0.00084946223069, -0.00122374331113, 0.00210300274193, -0.000965450017247, 0.000972731271759, -0.00308818812482, 0.00599476695061, -0.00184841500595, 0.00111674913205, -0.000365621119272, 0.000107835083327, 0.000416651717387, 0.000685535604134], [-0.000342475716025, 0.00132117723115, -0.000598733953666, 0.000846073147841, -0.000501633505337, 0.000497038883623, -0.00184841500595, 0.00674694031477, -0.00162976270076, 0.00147559272591, -0.000639642647002, -0.000690070388373, -0.00110692554154], [0.000585956848226, -0.00120566296391, 0.00191299722064, -0.00111151544843, -0.000286996306386, -0.000471367617138, 0.00111674913205, -0.00162976270076, 0.00887746363878, -0.00539298262447, 0.00100057513919, -0.00191310583614, 0.000665377883706], [-8.35957107483e-05, 0.00184359739069, -0.00154103431851, 0.000314540200634, 0.000482409581309, -0.000403174431995, -0.000365621119272, 0.00147559272591, -0.00539298262447, 0.0125697851181, -0.00503646954894, 0.00350137450732, -0.000924210471567], [0.000422334647737, -0.00264068879187, 0.00284354272299, -0.00180061941501, 0.00107008905616, -0.00137556728441, 0.000107835083327, -0.000639642647002, 0.00100057513919, -0.00503646954894, 0.0136975208297, -0.00584281561896, 0.0019414962735], [-0.000151101980009, 0.00201052916236, -0.0009742808179, 0.00116570410319, -0.000122237208416, -0.000311010022415, 0.000416651717387, -0.000690070388373, -0.00191310583614, 0.00350137450732, -0.00584281561896, 0.0131918378174, -0.00494433101267], [0.000632979674265, -0.00114880118053, 0.00143761793151, -0.0026112056803, 9.47856970015e-05, 2.0897226932e-05, 0.000685535604134, -0.00110692554154, 0.000665377883706, -0.000924210471567, 0.0019414962735, -0.00494433101267, 0.0168258994818]]
    },
    "melbands": {
        "mean": [5.61154120078e-05, 0.000129438994918, 0.000179505717824, 0.000546904862858, 0.000241278117755, 3.45172265952e-05, 0.000126960963826, 0.000209863239434, 0.000115479211672, 0.000152252163389, 0.000257430132478, 0.000109634282126, 9.15981145226e-05, 7.01551616658e-05, 6.24846215942e-05, 3.63555009244e-05, 1.10271585072e-05, 4.23299570684e-06, 3.45653575096e-06, 2.45203864324e-06, 2.53524444815e-06, 2.99630119116e-06, 3.02263310914e-06, 2.40872168433e-06, 2.05792161978e-06, 1.39515361752e-06, 9.52127891196e-07, 8.22325205263e-07, 4.74065444678e-07, 2.06643917977e-07, 2.08701607107e-07, 2.65055632553e-07, 2.60162636323e-07, 1.3258490128e-07, 1.33487745302e-07, 1.05589755606e-07, 9.65158761801e-08, 6.39660555635e-08, 7.48567785536e-08, 1.04808343337e-07]
    },
    "melbands128": {
        "mean": [2.62106514128e-05, 5.9493133449e-05, 5.45186740055e-05, 7.57449597586e-05, 0.000155464018462, 0.000161962001584, 8.53913588799e-05, 0.000159247676493, 0.000306697707856, 0.000702937366441, 0.000596903671976, 0.000439682073193, 0.000114188223961, 3.97230651288e-05, 2.71989883913e-05, 3.00177853205e-05, 7.65700315242e-05, 0.00019886107475, 0.000111506255053, 0.00020020485681, 0.00031145507819, 7.87219614722e-05, 4.80451853946e-05, 0.000175481196493, 0.000255010294495, 4.85440432385e-05, 0.000153302375111, 0.000452307460364, 0.000132092070999, 0.000162291777087, 8.79025101312e-05, 3.27385896526e-05, 7.48680613469e-05, 0.00016149651492, 0.000105289189378, 4.02996047342e-05, 1.14540207505e-05, 3.80384772143e-05, 0.000139032898005, 5.27556621819e-05, 1.26082059069e-05, 3.09213669425e-06, 1.50532705447e-05, 1.35531963679e-05, 3.15003649121e-06, 2.59208854914e-06, 4.67499603474e-06, 5.84290182815e-06, 1.23098800486e-06, 1.48701587932e-06, 3.33258685714e-06, 2.73743694379e-06, 1.37775930398e-06, 2.95399104289e-06, 4.06959134125e-06, 1.47269940953e-06, 3.57355838787e-06, 4.78522633784e-06, 1.40798158554e-06, 2.58169802692e-06, 2.9224629543e-06, 1.56973976573e-06, 2.97414794659e-06, 1.6967086367e-06, 1.53109169787e-06, 1.59966543833e-06, 1.10108123863e-06, 1.25331223444e-06, 7.90874025824e-07, 7.6531000559e-07, 9.0095250016e-07, 8.2864153228e-07, 6.40762266357e-07, 4.46844296675e-07, 2.20157161834e-07, 1.79966818337e-07, 2.12009382494e-07, 2.21870806172e-07, 1.8866714413e-07, 2.14478120597e-07, 2.7206195341e-07, 2.75545261275e-07, 2.80423222421e-07, 2.82845377342e-07, 2.37111933643e-07, 1.14387162853e-07, 8.31980742078e-08, 1.81620805506e-07, 1.51062991449e-07, 9.21200040693e-08, 8.55926458598e-08, 1.15921828581e-07, 1.26637701214e-07, 1.07226419743e-07, 7.12997660912e-08, 5.82404204863e-08, 6.82990233258e-08, 6.15373778601e-08, 6.40476542912e-08, 8.35279436728e-08, 1.11668633451e-07, 1.20634837231e-07, 8.46320560299e-08, 4.86578848324e-08, 2.70769611177e-08, 1.89642150872e-08, 1.55954307246e-08, 1.33614586062e-08, 1.29882025135e-08, 1.26708377124e-08, 1.3268771859e-08, 1.25639632031e-08, 1.09507460877e-08, 9.20198406362e-09, 8.12500378089e-09, 7.11070757831e-09, 4.26408464094e-09, 1.56762292036e-09, 7.51729234416e-10, 7.70341901379e-10, 9.19559983714e-10, 7.74907416012e-10, 4.29893592946e-10, 2.27947216658e-10, 2.1551649354e-10, 2.71893479953e-10, 2.72162209436e-10, 1.7241139072e-10]
    },
    "mfcc": {
        "mean": [-930.680603027, 192.915054321, 29.376077652, 15.0655002594, 17.9084358215, 0.142244413495, 7.8031373024, 14.6482372284, -4.0359711647, -4.01564025879, 2.27535390854, -5.03150987625, -4.93455982208],
        "cov": [[19139.7929688, -1189.96142578, -2409.44384766, -1828.40625, -1840.06591797, -1558.3067627, -610.044494629, 231.143890381, -1197.19787598, -337.222198486, -165.374908447, -679.163085938, 274.804534912], [-1189.96142578, 1945.72131348, 81.7036590576, -251.669708252, 48.4107551575, 55.8045768738, 103.791603088, 17.0486125946, -116.05255127, 34.7210578918, -42.6492805481, -73.6414794922, -112.976951599], [-2409.44384766, 81.7036590576, 1058.55517578, 471.387969971, 183.507614136, 258.952453613, 14.5093870163, -188.69644165, 146.722717285, -65.2164306641, -37.4175300598, 67.3619155884, -93.3597946167], [-1828.40625, -251.669708252, 471.387969971, 901.961364746, 431.328155518, 133.738204956, -17.2739772797, -177.017044067, 178.248092651, -56.0007858276, -29.0457038879, 54.7412109375, -93.7332077026], [-1840.06591797, 48.4107551575, 183.507614136, 431.328155518, 532.096679688, 160.556182861, -37.5553817749, -74.9697036743, 123.600914001, 10.7471532822, 18.3448390961, 62.1817932129, -55.52759552], [-1558.3067627, 55.8045768738, 258.952453613, 133.738204956, 160.556182861, 336.156768799, 74.6346359253, -58.470905304, 96.4871292114, 42.5885925293, 19.431180954, 82.7640151978, -38.2725830078], [-610.044494629, 103.791603088, 14.5093870163, -17.2739772797, -37.5553817749, 74.6346359253, 231.589492798, 75.2422637939, 35.1663513184, 40.1568107605, -4.45652961731, 17.5747451782, -2.14132475853], [231.143890381, 17.0486125946, -188.69644165, -177.017044067, -74.9697036743, -58.470905304, 75.2422637939, 223.709686279, 3.33776521683, 12.5692205429, 7.85139274597, 4.34872817993, 38.5947608948], [-1197.19787598, -116.05255127, 146.722717285, 178.248092651, 123.600914001, 96.4871292114, 35.1663513184, 3.33776521683, 215.335021973, 41.8497695923, 11.9753417969, 65.2935180664, -12.6592445374], [-337.222198486, 34.7210578918, -65.2164306641, -56.0007858276, 10.7471532822, 42.5885925293, 40.1568107605, 12.5692205429, 41.8497695923, 170.076583862, 38.3846626282, 7.70456123352, 13.8280000687], [-165.374908447, -42.6492805481, -37.4175300598, -29.0457038879, 18.3448390961, 19.431180954, -4.45652961731, 7.85139274597, 11.9753417969, 38.3846626282, 113.00302887, 50.2393913269, 24.885137558], [-679.163085938, -73.6414794922, 67.3619155884, 54.7412109375, 62.1817932129, 82.7640151978, 17.5747451782, 4.34872817993, 65.2935180664, 7.70456123352, 50.2393913269, 145.495132446, 34.4899902344], [274.804534912, -112.976951599, -93.3597946167, -93.7332077026, -55.52759552, -38.2725830078, -2.14132475853, 38.5947608948, -12.6592445374, 13.8280000687, 24.885137558, 34.4899902344, 119.036323547]],
        "icov": [[0.000208874611417, 0.000123605088447, 0.000269514042884, -9.60516263149e-06, 0.000428430706961, 0.000239382308791, 0.000325973436702, 5.82339234825e-05, 0.000532660051249, 0.000151043888764, 0.00010278744594, 0.000263027643086, 4.41295924247e-05], [0.000123605088447, 0.000769752718043, -6.23918967904e-05, 0.000504553259816, -0.000256511208136, 0.000303730514133, -0.000248710013693, 9.30593087105e-05, 0.000774839601945, -9.64521532296e-05, 0.000272716599284, 0.000160634459462, 0.000726990343537], [0.000269514042884, -6.23918967904e-05, 0.00209908047691, -0.000787134689745, 0.0012044403702, -0.000763639982324, 0.000570761971176, 0.000786780903582, -6.00195562583e-06, 0.000916902848985, 0.000339078804245, 0.000170187995536, 0.000189216065337], [-9.60516263149e-06, 0.000504553259816, -0.000787134689745, 0.00323362112977, -0.00231364392675, 0.00115440285299, -0.00115927588195, 0.00157853972632, -0.0009931641398, 0.000715130416211, 0.000515461957548, -0.000213089384488, 0.000954490969889], [0.000428430706961, -0.000256511208136, 0.0012044403702, -0.00231364392675, 0.00518372515216, -0.00125779176597, 0.00234981882386, -0.00065646355506, 0.000499757530633, 1.61454117915e-05, -0.000379572069505, 0.000274898135103, 0.000210044032428], [0.000239382308791, 0.000303730514133, -0.000763639982324, 0.00115440285299, -0.00125779176597, 0.00617752969265, -0.00178720976692, 0.00159800692927, 0.000154811568791, -0.000806144555099, 0.000330418115482, -0.00212683505379, 0.00155220832676], [0.000325973436702, -0.000248710013693, 0.000570761971176, -0.00115927588195, 0.00234981882386, -0.00178720976692, 0.00710809929296, -0.00281954184175, 0.000651904207189, -0.000996830873191, 0.000813929829746, 0.000274145480944, 4.52954773209e-05], [5.82339234825e-05, 9.30593087105e-05, 0.000786780903582, 0.00157853972632, -0.00065646355506, 0.00159800692927, -0.00281954184175, 0.00754659390077, -0.00162238324992, 0.00112026068382, 8.1787839008e-05, -0.000347390538082, -0.000695128575899], [0.000532660051249, 0.000774839601945, -6.00195562583e-06, -0.0009931641398, 0.000499757530633, 0.000154811568791, 0.000651904207189, -0.00162238324992, 0.00937104318291, -0.00210334942676, 0.00113949598745, -0.00181776471436, 0.00106899498496], [0.000151043888764, -9.64521532296e-05, 0.000916902848985, 0.000715130416211, 1.61454117915e-05, -0.000806144555099, -0.000996830873191, 0.00112026068382, -0.00210334942676, 0.00823401752859, -0.0026120909024, 0.00216021970846, -0.00105084793177], [0.00010278744594, 0.000272716599284, 0.000339078804245, 0.000515461957548, -0.000379572069505, 0.000330418115482, 0.000813929829746, 8.1787839008e-05, 0.00113949598745, -0.0026120909024, 0.0121393660083, -0.00436820136383, -0.000236847175984], [0.000263027643086, 0.000160634459462, 0.000170187995536, -0.000213089384488, 0.000274898135103, -0.00212683505379, 0.000274145480944, -0.000347390538082, -0.00181776471436, 0.00216021970846, -0.00436820136383, 0.012424887158, -0.00405819481239], [4.41295924247e-05, 0.000726990343537, 0.000189216065337, 0.000954490969889, 0.000210044032428, 0.00155220832676, 4.52954773209e-05, -0.000695128575899, 0.00106899498496, -0.00105084793177, -0.000236847175984, -0.00405819481239, 0.0121732531115]]
    },
    "spectral_contrast_coeffs": {
        "mean": [-0.678517401218, -0.755102574825, -0.779799342155, -0.818183779716, -0.810524940491, -0.849455714226]
    },
    "spectral_contrast_valleys": {
        "mean": [-8.44889640808, -8.95888996124, -9.80752658844, -10.5448055267, -11.0324306488, -13.449886322]
    }
},
"rhythm": {
    "beats_count": 509,
    "beats_loudness": {
        "mean": 0.0123256882653
    },
    "bpm": 96.9612503052,
    "bpm_histogram_first_peak_bpm": 98,
    "bpm_histogram_first_peak_weight": 0.462809860706,
    "bpm_histogram_second_peak_bpm": 144,
    "bpm_histogram_second_peak_spread": 0.600000023842,
    "bpm_histogram_second_peak_weight": 0.110236220062,
    "danceability": 0.839914321899,
    "onset_rate": 1.77886843681,
    "beats_loudness_band_ratio": {
        "mean": [0.532077729702, 0.281439960003, 0.141195982695, 0.0899523347616, 0.0131804570556, 0.0220758989453]
    },
    "beats_position": [0.441179126501, 0.859138309956, 1.26548755169, 1.67183673382, 2.07818579674, 2.48453521729, 2.89088439941, 3.28562355042, 3.69197273254, 4.08671188354, 4.48145103455, 4.87619018555, 5.27092981339, 5.67727899551, 6.08362817764, 6.47836732864, 6.87310647964, 7.27945566177, 7.67419481277, 8.08054447174, 8.48689365387, 8.893242836, 9.29959201813, 9.69433116913, 10.1006803513, 10.4954195023, 10.8901586533, 11.2848978043, 11.6912469864, 12.0975961685, 12.4923353195, 12.8986845016, 13.3050336838, 13.6997728348, 14.0945119858, 14.4892511368, 14.8956003189, 15.301949501, 15.7082986832, 16.1030387878, 16.5442180634, 17.0086174011, 17.4730148315, 17.9258041382, 18.3785934448, 18.8313827515, 19.2841720581, 19.7369613647, 20.2013607025, 20.6541500092, 21.0604991913, 21.4668483734, 21.8731975555, 22.2795467377, 22.7091159821, 23.1270751953, 23.5450344086, 23.9629936218, 24.3809528351, 24.8105201721, 25.2400894165, 25.681268692, 26.1108379364, 26.5520172119, 27.0048065186, 27.4575958252, 27.8987751007, 28.3283443451, 28.7579135895, 29.1874828339, 29.6286621094, 30.081451416, 30.5342407227, 30.9870281219, 31.4165973663, 31.8461666107, 32.264125824, 32.6820869446, 33.111656189, 33.5412254333, 33.9591827393, 34.3655319214, 34.7718811035, 35.1898422241, 35.5961914062, 36.0025405884, 36.4088897705, 36.8268470764, 37.2331962585, 37.6395454407, 38.034286499, 38.4522438049, 38.8702049255, 39.2881622314, 39.6829032898, 40.0892524719, 40.4723815918, 40.8903388977, 41.2966880798, 41.6449890137, 41.9932861328, 42.3415870667, 42.6898841858, 43.0962333679, 43.4909744263, 43.8857116699, 44.2804527283, 44.6751937866, 45.0699310303, 45.4646720886, 45.8594093323, 46.2657585144, 46.6721076965, 47.0784568787, 47.4848060608, 47.8911552429, 48.297504425, 48.7154655457, 49.1218147278, 49.5165519714, 49.9229011536, 50.3176422119, 50.7588195801, 51.2000007629, 51.6527900696, 52.1752357483, 52.6860771179, 53.1969146729, 53.7541923523, 54.3230819702, 54.9848518372, 55.6234016418, 56.2619476318, 56.8888893127, 57.515827179, 58.1543769836, 58.7813148499, 59.4082527161, 60.0235824585, 60.6505203247, 61.2658500671, 61.8811798096, 62.4965057373, 63.1118354797, 63.7387733459, 64.3657150269, 64.9926528931, 65.6195907593, 66.2465286255, 66.8850784302, 67.5004043579, 68.1273422241, 68.7426757812, 69.358001709, 69.9733352661, 70.5886611938, 71.2039871216, 71.8193206787, 72.4346466064, 73.0499725342, 73.6536941528, 74.2574157715, 74.8843536377, 75.4996795654, 76.1150131226, 76.7187271118, 77.3340606689, 77.9493865967, 78.5647125244, 79.1916503906, 79.8069839478, 80.4223098755, 81.0144195557, 81.6181411743, 82.0593185425, 82.5121078491, 82.9532852173, 83.3828582764, 83.8008117676, 84.2187728882, 84.6599502563, 85.1011352539, 85.5423126221, 85.9951019287, 86.4478912354, 86.900680542, 87.3534698486, 87.7946472168, 88.235824585, 88.6886138916, 89.1414031982, 89.5361404419, 89.9308853149, 90.3256225586, 90.7087478638, 91.1034927368, 91.4982299805, 91.8813552856, 92.2644882202, 92.6476211548, 93.0423583984, 93.4138793945, 93.7853927612, 94.1685256958, 94.5632629395, 94.9580001831, 95.3759613037, 95.7939224243, 96.2002716064, 96.6182327271, 97.0361862183, 97.4541473389, 97.8837203979, 98.3248977661, 98.7660751343, 99.2072525024, 99.6484298706, 100.066390991, 100.49596405, 100.92552948, 101.355102539, 101.77305603, 102.214241028, 102.678634644, 103.143035889, 103.619049072, 104.222763062, 104.814872742, 105.395370483, 105.964263916, 106.533149719, 107.090431213, 107.659317017, 108.22820282, 108.831924438, 109.447257996, 110.039360046, 110.643081665, 111.235191345, 111.838912964, 112.454238892, 113.104400635, 113.754554749, 114.451156616, 115.147750854, 115.844352722, 116.54094696, 117.237548828, 117.934150696, 118.619132996, 119.292518616, 119.965896606, 120.581222534, 121.2081604, 121.823486328, 122.438819885, 123.054145813, 123.681083679, 124.319633484, 124.934967041, 125.550292969, 126.165618896, 126.792556763, 127.40789032, 128.034820557, 128.650161743, 129.265487671, 129.880813599, 130.496139526, 131.111465454, 131.726806641, 132.342132568, 132.957458496, 133.572784424, 134.188110352, 134.803451538, 135.418777466, 136.034103394, 136.649429321, 137.160263062, 137.671112061, 138.170333862, 138.669570923, 139.145568848, 139.63319397, 140.120819092, 140.608428955, 141.107666016, 141.525619507, 141.943572998, 142.361541748, 142.837554932, 143.301940918, 143.754730225, 144.21913147, 144.695144653, 145.171157837, 145.635559082, 146.099945068, 146.564346313, 147.028747559, 147.504760742, 147.980773926, 148.468383789, 148.956008911, 149.443618774, 149.90802002, 150.32598877, 150.743942261, 151.161895752, 151.579864502, 151.997817993, 152.427383423, 152.856964111, 153.286529541, 153.727706909, 154.157272339, 154.575241089, 154.99319458, 155.411148071, 155.829116821, 156.235458374, 156.641815186, 157.059768677, 157.477722168, 158.000183105, 158.522628784, 159.045074463, 159.544311523, 160.043533325, 160.542770386, 161.053604126, 161.564437866, 161.994003296, 162.423583984, 162.864761353, 163.294326782, 163.723892212, 164.141860962, 164.571426392, 165.000991821, 165.418960571, 165.836914062, 166.254867554, 166.70765686, 167.172058105, 167.636459351, 168.100860596, 168.553649902, 169.018051147, 169.412780762, 169.784301758, 170.179046631, 170.573776245, 170.95690918, 171.328430176, 171.699951172, 172.059860229, 172.419769287, 172.779678345, 173.139587402, 173.511108398, 173.882629395, 174.254150391, 174.625671387, 175.008789062, 175.519638062, 176.04208374, 176.564529419, 177.098587036, 177.609436035, 178.120269775, 178.642715454, 179.176773071, 179.69921875, 180.233291626, 180.778961182, 181.324615479, 181.858688354, 182.392745972, 182.938415527, 183.484085083, 184.029754639, 184.459320068, 184.87727356, 185.306838989, 185.724807739, 186.154373169, 186.57232666, 186.99029541, 187.41986084, 187.837814331, 188.26739502, 188.685348511, 189.103302002, 189.53288269, 189.96244812, 190.496505737, 191.018951416, 191.541397095, 192.075454712, 192.621124268, 193.166793823, 193.70085144, 194.234924316, 194.792190552, 195.349472046, 195.90675354, 196.522079468, 197.137405396, 197.822402954, 198.507385254, 199.192382812, 199.865753174, 200.539138794, 201.200897217, 201.874282837, 202.512832642, 203.151382446, 203.778320312, 204.405258179, 205.032196045, 205.659133911, 206.274459839, 206.889785767, 207.516723633, 208.143676758, 208.759002686, 209.385940552, 210.012878418, 210.639816284, 211.255142212, 211.882080078, 212.497406006, 213.112747192, 213.72807312, 214.355010986, 214.981948853, 215.608886719, 216.235824585, 216.862762451, 217.478088379, 218.105026245, 218.731964111, 219.358901978, 219.985839844, 220.61277771, 221.239730835, 221.866668701, 222.481994629, 223.097320557, 223.724258423, 224.351196289, 224.978134155, 225.61668396, 226.162353516, 226.696411133, 227.23046875, 227.729705811, 228.240539551, 228.739776611, 229.227386475, 229.715011597, 230.20262146, 230.632202148, 231.05015564, 231.468109131, 231.897689819, 232.315643311, 232.74520874, 233.16317749, 233.581130981, 233.987472534, 234.405441284, 234.823394775, 235.252960205, 235.694152832, 236.1353302, 236.588119507, 237.040908813, 237.49369812, 237.934875488, 238.376052856, 238.828842163, 239.293243408, 239.757644653, 240.233642578, 240.698043823, 241.15083313, 241.603622437, 242.056411743, 242.578857422, 243.101318359, 243.623764038, 244.192642212, 244.773147583, 245.365249634, 245.945755005, 246.526260376, 247.106750488, 247.698867798, 248.256134033, 248.813415527, 249.38230896, 249.939590454, 250.496871948, 251.054138184, 251.611419678, 252.168701172],
    "bpm_histogram": [0, 0, 0, 0, 0, 0, 0, 0, 0, 0, 0, 0, 0, 0, 0, 0, 0, 0, 0, 0, 0, 0, 0, 0, 0, 0, 0, 0, 0, 0, 0, 0, 0, 0, 0, 0, 0, 0, 0, 0, 0, 0, 0, 0, 0, 0, 0, 0, 0, 0, 0, 0, 0, 0, 0, 0, 0, 0, 0, 0, 0, 0, 0, 0, 0, 0, 0, 0, 0, 0, 0, 0, 0, 0, 0, 0, 0, 0, 0, 0, 0, 0, 0, 0, 0, 0, 0.011811023578, 0, 0.0078740157187, 0.00984251964837, 0, 0.00393700785935, 0.00393700785935, 0, 0.0157480314374, 0, 0.0826771631837, 0, 0.11220472306, 0.0157480314374, 0, 0.011811023578, 0, 0.00984251964837, 0, 0.0137795275077, 0, 0, 0.0236220471561, 0, 0.0157480314374, 0, 0.0216535441577, 0, 0, 0.0255905520171, 0, 0.0196850392967, 0, 0, 0.0157480314374, 0, 0, 0.0177165362984, 0, 0, 0.0157480314374, 0, 0, 0.0374015755951, 0, 0, 0, 0.0570866130292, 0, 0, 0.0492125973105, 0, 0, 0, 0.0728346481919, 0, 0, 0, 0.110236220062, 0, 0, 0, 0.092519685626, 0, 0, 0, 0.0767716541886, 0, 0, 0, 0, 0.0157480314374, 0, 0, 0, 0.0157480314374, 0.00196850392967, 0, 0, 0, 0, 0.0078740157187, 0, 0, 0, 0, 0.0078740157187, 0, 0, 0, 0, 0, 0, 0, 0, 0, 0, 0, 0, 0, 0, 0, 0, 0, 0, 0, 0, 0, 0, 0, 0, 0, 0, 0, 0, 0, 0, 0, 0, 0, 0, 0, 0, 0, 0, 0, 0, 0, 0, 0, 0, 0, 0, 0, 0, 0, 0, 0, 0, 0, 0, 0, 0, 0, 0, 0, 0, 0, 0, 0, 0, 0, 0, 0, 0, 0, 0, 0, 0, 0, 0, 0, 0, 0]
},
"tonal": {
    "chords_changes_rate": 0.0491923652589,
    "chords_number_rate": 0.00165198242757,
    "chords_strength": {
        "mean": 0.537704348564
    },
    "hpcp_crest": {
        "mean": 15.4189395905
    },
    "hpcp_entropy": {
        "mean": 1.77000951767
    },
    "key_edma": {
        "strength": 0.7884567976,
        "key": "Bb",
        "scale": "major"
    },
    "key_krumhansl": {
        "strength": 0.780332267284,
        "key": "Bb",
        "scale": "major"
    },
    "key_temperley": {
        "strength": 0.773223102093,
        "key": "Bb",
        "scale": "major"
    },
    "tuning_diatonic_strength": 0.618959188461,
    "tuning_equal_tempered_deviation": 0.033464461565,
    "tuning_frequency": 440,
    "tuning_nontempered_energy_ratio": 0.683289349079,
    "hpcp": {
        "mean": [0.330653458834, 0.235462367535, 0.184609830379, 0.251977413893, 0.158896028996, 0.0293039381504, 0.0239711683244, 0.033774856478, 0.10153080523, 0.155934363604, 0.0919506326318, 0.0290085021406, 0.0194449033588, 0.016994478181, 0.0245574526489, 0.0325532853603, 0.0238611046225, 0.011772794649, 0.0101295532659, 0.0183389279991, 0.0534111447632, 0.0838657021523, 0.104709096253, 0.249779477715, 0.338503539562, 0.181320771575, 0.0460332408547, 0.0233445391059, 0.0200727246702, 0.0470087826252, 0.0737312212586, 0.0570277199149, 0.0264851860702, 0.0143542718142, 0.0404632762074, 0.201192617416]
    },
    "chords_histogram": [12.371512413, 15.2165927887, 25.862701416, 17.6578559875, 2.34948611259, 0.807635843754, 0.201908960938, 0, 0, 0.991189420223, 11.3252573013, 0.238619670272, 1.04625546932, 0.128487512469, 0, 0.697503685951, 0, 2.49632883072, 0.110132157803, 0.495594710112, 0.881057262421, 0.183553591371, 0.715859055519, 6.22246694565],
    "thpcp": [1, 0.535654008389, 0.135990425944, 0.068963944912, 0.0592984184623, 0.138872355223, 0.217815220356, 0.168470084667, 0.0782419741154, 0.0424050875008, 0.119535751641, 0.594358980656, 0.976809442043, 0.695597946644, 0.545370459557, 0.74438637495, 0.46940729022, 0.0865690782666, 0.0708151161671, 0.0997769683599, 0.299940168858, 0.460658013821, 0.271638602018, 0.0856963023543, 0.0574437230825, 0.0502047277987, 0.072547107935, 0.0961682274938, 0.0704899728298, 0.0347789414227, 0.0299245119095, 0.0541764721274, 0.157786071301, 0.2477542907, 0.309329390526, 0.737893223763],
    "chords_key": "F",
    "chords_scale": "major"
}
}