{
"metadata": {
    "version": {
        "essentia": "2.1-beta6-dev",
        "essentia_git_sha": "v2.1_beta5-1177-g1d1cc983",
        "extractor": "music 2.0"
    },
    "audio_properties": {
        "analysis": {
            "equal_loudness": 0,
            "length": 337.679992676,
            "sample_rate": 44100,
            "start_time": 0,
            "downmix": "mix"
        },
        "bit_rate": 1411200,
        "length": 337.679992676,
        "lossless": 1,
        "number_channels": 2,
        "replay_gain": -16.0253696442,
        "sample_rate": 44100,
        "codec": "pcm_s16le",
        "md5_encoded": "6ddc285f43cf5877e32f2ec63a288584"
    },
    "tags": {
        "file_name": "10 - Manchester Orchestra - Everything To Nothing (Album Version).wav",
        "album": ["Mean Everything To Nothing"],
        "albumartist": ["Manchester Orchestra"],
        "artist": ["Manchester Orchestra"],
        "composer": ["Andy Hull"],
        "copyright": ["(P) 2009 Sony Music Entertainment"],
        "date": ["2009"],
        "discnumber": ["1"],
        "disctotal": ["1"],
        "genre": ["Pop\/Rock"],
        "isrc": ["USSM10900807"],
        "title": ["Everything To Nothing (Album Version)"],
        "tracknumber": ["10"],
        "tracktotal": ["12"]
    }
},
"lowlevel": {
    "average_loudness": 0.793916761875,
    "barkbands_crest": {
        "mean": 9.30153942108
    },
    "barkbands_flatness_db": {
        "mean": 0.138365805149
    },
    "barkbands_kurtosis": {
        "mean": 4.7956366539
    },
    "barkbands_skewness": {
        "mean": 1.61428964138
    },
    "barkbands_spread": {
        "mean": 26.7608470917
    },
    "dissonance": {
        "mean": 0.464847624302
    },
    "dynamic_complexity": 3.50402975082,
    "erbbands_crest": {
        "mean": 7.62301778793
    },
    "erbbands_flatness_db": {
        "mean": 0.150925159454
    },
    "erbbands_kurtosis": {
        "mean": 0.435351014137
    },
    "erbbands_skewness": {
        "mean": 0.0549483820796
    },
    "erbbands_spread": {
        "mean": 46.9430160522
    },
    "hfc": {
        "mean": 19.819940567
    },
    "loudness_ebu128": {
        "integrated": -7.24927568436,
        "loudness_range": 10.1839599609,
        "momentary": {
            "mean": -9.13428878784
        },
        "short_term": {
            "mean": -8.79496192932
        }
    },
    "melbands_crest": {
        "mean": 13.1666765213
    },
    "melbands_flatness_db": {
        "mean": 0.206808775663
    },
    "melbands_kurtosis": {
        "mean": 17.7066669464
    },
    "melbands_skewness": {
        "mean": 3.02485108376
    },
    "melbands_spread": {
        "mean": 26.2828483582
    },
    "pitch_salience": {
        "mean": 0.57789260149
    },
    "silence_rate_20dB": {
        "mean": 1
    },
    "silence_rate_30dB": {
        "mean": 1
    },
    "silence_rate_60dB": {
        "mean": 0.0995599552989
    },
    "spectral_centroid": {
        "mean": 1538.2265625
    },
    "spectral_complexity": {
        "mean": 22.8257694244
    },
    "spectral_decrease": {
        "mean": -5.56474599733e-09
    },
    "spectral_energy": {
        "mean": 0.0228003785014
    },
    "spectral_energyband_high": {
        "mean": 0.00107184308581
    },
    "spectral_energyband_low": {
        "mean": 0.00899949204177
    },
    "spectral_energyband_middle_high": {
        "mean": 0.00439819181338
    },
    "spectral_energyband_middle_low": {
        "mean": 0.00946467649192
    },
    "spectral_entropy": {
        "mean": 7.53106737137
    },
    "spectral_flux": {
        "mean": 0.0669658258557
    },
    "spectral_kurtosis": {
        "mean": 7.06798601151
    },
    "spectral_rms": {
        "mean": 0.00435490999371
    },
    "spectral_rolloff": {
        "mean": 1699.2545166
    },
    "spectral_skewness": {
        "mean": 1.52556657791
    },
    "spectral_spread": {
        "mean": 4506687
    },
    "spectral_strongpeak": {
        "mean": 0.590022742748
    },
    "zerocrossingrate": {
        "mean": 0.0666361227632
    },
    "barkbands": {
        "mean": [0.00018566181825, 0.00557882897556, 0.00214523193426, 0.00206283293664, 0.00316300569102, 0.00164727459196, 0.000993208959699, 0.000608414120506, 0.000911495939363, 0.000340478989528, 0.000358895893442, 0.000372370472178, 0.000293917080853, 0.000276350503555, 0.000405167549616, 0.000590963289142, 0.000619421305601, 0.000466658268124, 0.000521938374732, 0.000359056401066, 0.000267720606644, 0.000240579640376, 0.000179966737051, 0.000104471459053, 6.22113293502e-05, 3.36132543453e-05, 1.02412604974e-05]
    },
    "erbbands": {
        "mean": [0.147550821304, 1.28593873978, 2.49549126625, 5.29391098022, 8.77271461487, 9.35005283356, 12.0332164764, 16.6289367676, 16.3497447968, 11.4725809097, 12.6099300385, 21.758764267, 14.2966833115, 12.9953966141, 13.7239303589, 14.4286375046, 14.622467041, 12.7830877304, 19.9745864868, 21.7960472107, 35.4043159485, 36.6812744141, 28.1431350708, 25.5367965698, 24.4192733765, 16.7767734528, 12.4779367447, 9.46324634552, 8.86916923523, 6.76314878464, 4.93082857132, 2.80091023445, 1.43676400185, 0.788602769375, 0.395235031843, 0.168002530932, 0.055861223489, 0.0125087425113, 0.00185318267904, 0.000122570767417]
    },
    "gfcc": {
        "mean": [-15.9513282776, 93.4178009033, -108.083206177, 46.2187919617, -54.1197624207, 1.16603577137, -36.7086830139, 5.03443098068, -22.0271587372, -2.8133790493, -13.6861009598, 1.38295054436, -8.92439651489],
        "cov": [[14366.8681641, -3649.1965332, -2049.03442383, 752.942382812, -1139.67370605, 1259.57568359, -42.904750824, 458.095581055, 56.3072509766, 600.048156738, -265.287841797, 285.048919678, -313.019378662], [-3649.1965332, 2364.14770508, -187.39541626, -145.678543091, 516.281188965, -377.618743896, 200.401794434, -175.703308105, 164.62449646, -183.152908325, 196.475402832, -136.163803101, 197.668716431], [-2049.03442383, -187.39541626, 1714.53710938, 123.968009949, 130.973968506, -34.3680686951, 83.3256149292, -72.9295425415, -141.662368774, 22.8929347992, 2.40697288513, 13.2864513397, -23.7207832336], [752.942382812, -145.678543091, 123.968009949, 553.55090332, -58.8202972412, 125.536521912, 89.7734985352, -25.2749481201, 31.9206676483, 52.633731842, 43.1481246948, 11.1658306122, 30.0528202057], [-1139.67370605, 516.281188965, 130.973968506, -58.8202972412, 381.270721436, -91.9130630493, 113.162750244, -23.4325771332, 54.8355636597, -31.4404850006, 27.7790489197, -16.7893600464, 31.6957378387], [1259.57568359, -377.618743896, -34.3680686951, 125.536521912, -91.9130630493, 305.734771729, 30.5234661102, 46.047870636, 1.04853641987, 77.8725280762, 2.81173253059, 33.7859840393, -33.1568107605], [-42.904750824, 200.401794434, 83.3256149292, 89.7734985352, 113.162750244, 30.5234661102, 204.813201904, -15.4178123474, 43.6527671814, 25.1919879913, 25.0903511047, -0.191253840923, 15.6431703568], [458.095581055, -175.703308105, -72.9295425415, -25.2749481201, -23.4325771332, 46.047870636, -15.4178123474, 151.041503906, 27.4538230896, 22.4684848785, -9.47855758667, 30.7920188904, -12.328125], [56.3072509766, 164.62449646, -141.662368774, 31.9206676483, 54.8355636597, 1.04853641987, 43.6527671814, 27.4538230896, 123.707717896, 25.4019527435, 23.0376968384, -2.89437127113, 25.4127540588], [600.048156738, -183.152908325, 22.8929347992, 52.633731842, -31.4404850006, 77.8725280762, 25.1919879913, 22.4684848785, 25.4019527435, 135.448745728, 22.0258255005, 22.247127533, -13.6810693741], [-265.287841797, 196.475402832, 2.40697288513, 43.1481246948, 27.7790489197, 2.81173253059, 25.0903511047, -9.47855758667, 23.0376968384, 22.0258255005, 104.432441711, 17.1209888458, 27.2653274536], [285.048919678, -136.163803101, 13.2864513397, 11.1658306122, -16.7893600464, 33.7859840393, -0.191253840923, 30.7920188904, -2.89437127113, 22.247127533, 17.1209888458, 80.7782058716, 15.2530269623], [-313.019378662, 197.668716431, -23.7207832336, 30.0528202057, 31.6957378387, -33.1568107605, 15.6431703568, -12.328125, 25.4127540588, -13.6810693741, 27.2653274536, 15.2530269623, 101.074127197]],
        "icov": [[0.000351739843609, 0.000258733489318, 0.000475015607662, -0.000309622642817, 0.000290441472316, -0.000534888589755, -0.00037162238732, -0.000161674324772, 0.000105162114778, -0.000708214181941, 0.000656224088743, -0.000498927664012, 0.000334074662533], [0.000258733489318, 0.00176453951281, 0.000528088887222, 0.000219542489504, -0.000779723806772, 0.000315298035275, -0.00112301053014, 0.000601356849074, -0.000751127197873, 0.000863504421432, -0.00220702099614, 0.00188173132483, -0.00137871759944], [0.000475015607662, 0.000528088887222, 0.00142405659426, -0.000634169904515, -0.000136510643642, -0.000422998069553, -0.000819804437924, -7.79010442784e-05, 0.00127669516951, -0.00121288606897, 0.000643140345346, -0.000590836862102, 0.000413013476646], [-0.000309622642817, 0.000219542489504, -0.000634169904515, 0.00286452728324, 0.000265105743892, -0.000229868543101, -0.000845449860208, 0.000924637715798, -0.00113364658318, 0.00100404513068, -0.00191970623564, 0.00135384115856, -0.00156922277529], [0.000290441472316, -0.000779723806772, -0.000136510643642, 0.000265105743892, 0.00504597788677, -0.000131721841171, -0.00199778960086, -0.000416839204263, -0.00120630010497, -0.00040149356937, 0.00154167902656, -0.00154602329712, 0.00101266917773], [-0.000534888589755, 0.000315298035275, -0.000422998069553, -0.000229868543101, -0.000131721841171, 0.00601380784065, -0.000793643004727, -0.000421540928073, 0.00014115893282, -9.16108474485e-05, -0.00197130511515, 0.00055013858946, 0.000182318806765], [-0.00037162238732, -0.00112301053014, -0.000819804437924, -0.000845449860208, -0.00199778960086, -0.000793643004727, 0.00811691489071, 0.000586982117966, -0.00122681818902, -0.000736245303415, 0.000616648758296, -0.000670729088597, 0.00042950027273], [-0.000161674324772, 0.000601356849074, -7.79010442784e-05, 0.000924637715798, -0.000416839204263, -0.000421540928073, 0.000586982117966, 0.00899891462177, -0.0033097139094, 0.000799580651801, -0.000299789389828, -0.00221805763431, 0.000385203311453], [0.000105162114778, -0.000751127197873, 0.00127669516951, -0.00113364658318, -0.00120630010497, 0.00014115893282, -0.00122681818902, -0.0033097139094, 0.0135135352612, -0.00376964919269, 0.000488912395667, 0.000968749576714, -0.00154388055671], [-0.000708214181941, 0.000863504421432, -0.00121288606897, 0.00100404513068, -0.00040149356937, -9.16108474485e-05, -0.000736245303415, 0.000799580651801, -0.00376964919269, 0.0128532638773, -0.00548047153279, 0.00118251587264, -0.000170384242665], [0.000656224088743, -0.00220702099614, 0.000643140345346, -0.00191970623564, 0.00154167902656, -0.00197130511515, 0.000616648758296, -0.000299789389828, 0.000488912395667, -0.00548047153279, 0.0175082534552, -0.00704196095467, 0.00128310604487], [-0.000498927664012, 0.00188173132483, -0.000590836862102, 0.00135384115856, -0.00154602329712, 0.00055013858946, -0.000670729088597, -0.00221805763431, 0.000968749576714, 0.00118251587264, -0.00704196095467, 0.0199361089617, -0.00646030204371], [0.000334074662533, -0.00137871759944, 0.000413013476646, -0.00156922277529, 0.00101266917773, 0.000182318806765, 0.00042950027273, 0.000385203311453, -0.00154388055671, -0.000170384242665, 0.00128310604487, -0.00646030204371, 0.014904839918]]
    },
    "melbands": {
        "mean": [0.00147663394455, 0.00146980572026, 0.00100832013413, 0.000657612574287, 0.000437657698058, 0.000356354721589, 0.000230418329011, 0.000130637228722, 9.67214873526e-05, 0.000145018886542, 6.86527710059e-05, 5.2056471759e-05, 4.36847440142e-05, 4.15387657995e-05, 3.57929784514e-05, 3.0659877666e-05, 2.29901852435e-05, 3.06501096929e-05, 3.19043356285e-05, 3.55062729795e-05, 3.95479000872e-05, 3.90679233533e-05, 2.93634293485e-05, 2.06543991226e-05, 2.05255673791e-05, 2.02015726245e-05, 1.43257029777e-05, 1.04279815787e-05, 8.12918733573e-06, 6.25179472991e-06, 5.28376813236e-06, 5.2868417697e-06, 4.1710932237e-06, 3.60759599971e-06, 2.9979428291e-06, 2.24054133469e-06, 1.47416108121e-06, 1.06987977233e-06, 7.46912064642e-07, 6.40027508325e-07]
    },
    "melbands128": {
        "mean": [0.000166729994817, 0.000993331312202, 0.00219906959683, 0.00210266700014, 0.00135336536914, 0.0010614952771, 0.00109206035268, 0.000986753380857, 0.000916631659493, 0.000667975982651, 0.000443129712949, 0.000553371675778, 0.000417946925154, 0.00029384586378, 0.000452554580988, 0.000297029357171, 0.000313615717459, 0.000222618444241, 0.000135706344736, 9.65560320765e-05, 0.000161203395692, 0.000137259354233, 7.02870238456e-05, 7.9635217844e-05, 0.000139615454827, 0.000200911541469, 8.30449935165e-05, 4.57901987829e-05, 6.83661419316e-05, 4.08744599554e-05, 5.94148768869e-05, 4.86602984893e-05, 3.12457777909e-05, 5.2755636716e-05, 4.54919245385e-05, 3.7881629396e-05, 3.08365561068e-05, 5.01750982949e-05, 2.30323475989e-05, 3.36039920512e-05, 3.78666336474e-05, 1.47960863615e-05, 2.20923775487e-05, 2.26480460697e-05, 3.64147563232e-05, 2.77195995295e-05, 2.9957274819e-05, 4.55039335066e-05, 2.42956921284e-05, 1.68665792444e-05, 4.22229059041e-05, 4.34393150499e-05, 5.40981673112e-05, 2.93194716505e-05, 2.84392390313e-05, 4.86952048959e-05, 3.88720254705e-05, 2.72873130598e-05, 2.89389172394e-05, 2.88730952889e-05, 1.75485201908e-05, 1.57904814841e-05, 2.08040000871e-05, 2.06093172892e-05, 2.40333156398e-05, 2.05695669138e-05, 1.75684326678e-05, 1.64876273629e-05, 1.39059857247e-05, 1.11653707791e-05, 1.0095071957e-05, 1.12242887553e-05, 7.76681099524e-06, 8.09171433502e-06, 7.22026425137e-06, 6.9751117735e-06, 5.55938504476e-06, 4.93941024615e-06, 5.29683075001e-06, 5.40198607268e-06, 5.83233395446e-06, 4.88528803544e-06, 4.74285661767e-06, 4.07046991313e-06, 3.74424143956e-06, 3.80085225515e-06, 3.30508441948e-06, 3.74213641408e-06, 2.92608274322e-06, 2.64828008767e-06, 2.39783321376e-06, 2.12086888496e-06, 1.9623416847e-06, 1.42995656915e-06, 1.21734194636e-06, 1.19056437597e-06, 1.07366815882e-06, 8.42165604809e-07, 7.43831094496e-07, 7.1914507771e-07, 6.30876058949e-07, 6.84643680415e-07, 5.61516571906e-07, 4.97580515457e-07, 4.31952628333e-07, 4.01717841214e-07, 3.55898663429e-07, 3.243046649e-07, 2.76565572221e-07, 2.5264611736e-07, 2.50729328855e-07, 1.94715852331e-07, 1.70338125827e-07, 1.3971347812e-07, 1.26830073555e-07, 1.20632094536e-07, 8.18223213628e-08, 6.75093758673e-08, 6.85250114429e-08, 5.8796320701e-08, 5.56933876794e-08, 4.05576514595e-08, 2.90882162801e-08, 2.35781403291e-08, 1.57563597725e-08, 1.14816733898e-08, 7.67153718328e-09, 3.81194764643e-09]
    },
    "mfcc": {
        "mean": [-657.664245605, 116.918525696, 6.24722623825, 40.6185913086, 5.14216375351, 3.3197414875, -3.95108485222, 5.12243795395, -3.70424818993, -3.12139558792, -2.97813057899, -2.09283566475, 0.61211836338],
        "cov": [[14722.4492188, -3097.78955078, -1773.57519531, -278.602294922, -885.163330078, 406.275146484, -122.211174011, 208.861160278, 123.619659424, 505.294250488, 107.062889099, 228.216156006, 195.514450073], [-3097.78955078, 1805.36523438, -233.660140991, 18.8632640839, 166.844421387, -133.824295044, 21.4401531219, -23.5624809265, 21.1057682037, -81.6569366455, 18.02409935, -23.4066505432, 20.1003513336], [-1773.57519531, -233.660140991, 1283.14892578, 235.382354736, 124.061103821, 151.602340698, 146.780334473, -27.0681838989, -41.4434700012, -7.32609891891, -38.9654464722, -0.0234020818025, -44.6063690186], [-278.602294922, 18.8632640839, 235.382354736, 395.985321045, 33.601776123, 105.565559387, 65.4136505127, 0.157602518797, 33.7176589966, 12.9902458191, -1.62433540821, 26.6804523468, 19.1161174774], [-885.163330078, 166.844421387, 124.061103821, 33.601776123, 214.069717407, 5.29493665695, 21.3879642487, 20.9044342041, 7.87288141251, -12.6846570969, 2.37326669693, 0.616513371468, -10.0999212265], [406.275146484, -133.824295044, 151.602340698, 105.565559387, 5.29493665695, 267.349090576, 92.6929855347, 8.52843379974, 16.5467586517, 61.1078948975, 8.38108825684, 26.7108840942, 15.3204374313], [-122.211174011, 21.4401531219, 146.780334473, 65.4136505127, 21.3879642487, 92.6929855347, 140.517059326, 28.7097225189, 6.92372083664, 18.8927288055, 15.0115871429, 12.8569984436, 5.74996757507], [208.861160278, -23.5624809265, -27.0681838989, 0.157602518797, 20.9044342041, 8.52843379974, 28.7097225189, 119.157402039, 30.9611968994, 5.56377267838, 13.9701662064, 8.40705776215, 4.32165336609], [123.619659424, 21.1057682037, -41.4434700012, 33.7176589966, 7.87288141251, 16.5467586517, 6.92372083664, 30.9611968994, 113.820365906, 23.6716117859, 6.30920267105, 2.66601228714, 21.3028717041], [505.294250488, -81.6569366455, -7.32609891891, 12.9902458191, -12.6846570969, 61.1078948975, 18.8927288055, 5.56377267838, 23.6716117859, 116.40788269, 25.7144451141, 20.2499198914, 9.70083236694], [107.062889099, 18.02409935, -38.9654464722, -1.62433540821, 2.37326669693, 8.38108825684, 15.0115871429, 13.9701662064, 6.30920267105, 25.7144451141, 91.3711242676, 28.9986476898, 17.9550018311], [228.216156006, -23.4066505432, -0.0234020818025, 26.6804523468, 0.616513371468, 26.7108840942, 12.8569984436, 8.40705776215, 2.66601228714, 20.2499198914, 28.9986476898, 80.5290527344, 30.0842723846], [195.514450073, 20.1003513336, -44.6063690186, 19.1161174774, -10.0999212265, 15.3204374313, 5.74996757507, 4.32165336609, 21.3028717041, 9.70083236694, 17.9550018311, 30.0842723846, 84.0359420776]],
        "icov": [[0.000300803105347, 0.000457363814348, 0.000460500858026, -1.54504255079e-06, 0.000610114773735, -0.000289452495053, 3.83866199627e-06, -0.00038526620483, 4.88658552058e-05, -0.000681248086039, 0.000184474803973, -0.000390465720557, -0.000252175814239], [0.000457363814348, 0.00140718824696, 0.000930906215217, -0.000134123984026, 0.000282944121864, -4.26178485213e-05, -0.000574802630581, -0.000136797054438, -6.96508577676e-05, -0.00066961691482, 0.000121312703413, -0.000379621895263, -0.000582952110562], [0.000460500858026, 0.000930906215217, 0.00187106442172, -0.000505426898599, 0.000230656645726, -0.000532501784619, -0.00106291449629, -5.786665497e-05, 0.000437242968474, -0.000831983110402, 0.00066916749347, -0.000587127753533, 6.70125227771e-05], [-1.54504255079e-06, -0.000134123984026, -0.000505426898599, 0.00328551209532, -5.25212599314e-05, -0.000862198183313, -0.000404985563364, 0.000325254222844, -0.00106666155625, 0.000339667807566, 0.000277245912002, -0.000825086375698, -0.000350797519786], [0.000610114773735, 0.000282944121864, 0.000230656645726, -5.25212599314e-05, 0.00699638295919, -0.000743424985558, 0.000348629924702, -0.00203852239065, -0.000276928505627, -0.00102184608113, 8.29249547678e-05, -0.00115001492668, 0.000286752270767], [-0.000289452495053, -4.26178485213e-05, -0.000532501784619, -0.000862198183313, -0.000743424985558, 0.00636254064739, -0.00335996807553, 0.000948523986153, -0.000175140186911, -0.00165310129523, 0.00055785884615, -0.000254709477304, -0.000263856054517], [3.83866199627e-06, -0.000574802630581, -0.00106291449629, -0.000404985563364, 0.000348629924702, -0.00335996807553, 0.0114055648446, -0.0028924793005, 0.000536162231583, -0.000145697136759, -0.00150007638149, 0.000175880326424, -0.000182274103281], [-0.00038526620483, -0.000136797054438, -5.786665497e-05, 0.000325254222844, -0.00203852239065, 0.000948523986153, -0.0028924793005, 0.0107977138832, -0.0028629982844, 0.00156246253755, -0.00108757673297, -0.000271907658316, 0.000924168969505], [4.88658552058e-05, -6.96508577676e-05, 0.000437242968474, -0.00106666155625, -0.000276928505627, -0.000175140186911, 0.000536162231583, -0.0028629982844, 0.0109416190535, -0.00237146695144, 0.000443681085017, 0.00153541786131, -0.00265748705715], [-0.000681248086039, -0.00066961691482, -0.000831983110402, 0.000339667807566, -0.00102184608113, -0.00165310129523, -0.000145697136759, 0.00156246253755, -0.00237146695144, 0.012817083858, -0.00298886280507, -0.000505177071318, 0.00127546733711], [0.000184474803973, 0.000121312703413, 0.00066916749347, 0.000277245912002, 8.29249547678e-05, 0.00055785884615, -0.00150007638149, -0.00108757673297, 0.000443681085017, -0.00298886280507, 0.0137341720983, -0.00412599509582, -0.00132404046599], [-0.000390465720557, -0.000379621895263, -0.000587127753533, -0.000825086375698, -0.00115001492668, -0.000254709477304, 0.000175880326424, -0.000271907658316, 0.00153541786131, -0.000505177071318, -0.00412599509582, 0.0171354170889, -0.00479826144874], [-0.000252175814239, -0.000582952110562, 6.70125227771e-05, -0.000350797519786, 0.000286752270767, -0.000263856054517, -0.000182274103281, 0.000924168969505, -0.00265748705715, 0.00127546733711, -0.00132404046599, -0.00479826144874, 0.0153157524765]]
    },
    "spectral_contrast_coeffs": {
        "mean": [-0.709400057793, -0.755045831203, -0.785174250603, -0.798106193542, -0.787010788918, -0.747113466263]
    },
    "spectral_contrast_valleys": {
        "mean": [-6.61665773392, -6.89879417419, -7.71202468872, -7.92789125443, -7.58269786835, -10.492474556]
    }
},
"rhythm": {
    "beats_count": 772,
    "beats_loudness": {
        "mean": 0.0288253426552
    },
    "bpm": 138.990463257,
    "bpm_histogram_first_peak_bpm": 140,
    "bpm_histogram_first_peak_weight": 0.271472394466,
    "bpm_histogram_second_peak_bpm": 129,
    "bpm_histogram_second_peak_spread": 0.523809552193,
    "bpm_histogram_second_peak_weight": 0.0389105044305,
    "danceability": 1.06666791439,
    "onset_rate": 2.32455253601,
    "beats_loudness_band_ratio": {
        "mean": [0.507593989372, 0.198554188013, 0.0978042855859, 0.0537700839341, 0.0928932055831, 0.0934157371521]
    },
    "beats_position": [0.476009070873, 0.96362811327, 1.45124709606, 1.90403628349, 2.34521532059, 2.7863945961, 3.22757363319, 3.65714287758, 4.08671188354, 4.51628112793, 4.94585037231, 5.3754196167, 5.80498838425, 6.24616765976, 6.67573690414, 7.10530614853, 7.5464849472, 7.97605419159, 8.40562343597, 8.83519268036, 9.26476192474, 9.70594120026, 10.1355104446, 10.5650787354, 10.9946479797, 11.4242172241, 11.8537864685, 12.294965744, 12.7245349884, 13.1541042328, 13.5836734772, 14.0132427216, 14.4428119659, 14.8723802567, 15.301949501, 15.7431287766, 16.1726989746, 16.602268219, 17.0434455872, 17.4846248627, 17.9141941071, 18.3437633514, 18.7733325958, 19.2029018402, 19.6324710846, 20.062040329, 20.4916095734, 20.9211788177, 21.3623580933, 21.7919273376, 22.221496582, 22.6510658264, 23.0806350708, 23.5102043152, 23.9397735596, 24.369342804, 24.7989120483, 25.2284793854, 25.6580486298, 26.0992279053, 26.5404071808, 26.9699764252, 27.3995456696, 27.8407249451, 28.2702941895, 28.6998634338, 29.1294326782, 29.5590019226, 29.988571167, 30.4181404114, 30.8477096558, 31.2772789001, 31.7184581757, 32.1480255127, 32.5775947571, 33.0187759399, 33.4483451843, 33.8779144287, 34.3190917969, 34.7486610413, 35.1782302856, 35.5961914062, 36.0373687744, 36.4669380188, 36.8965072632, 37.3260765076, 37.755645752, 38.1968231201, 38.638004303, 39.0675735474, 39.4971427917, 39.9383201599, 40.3678894043, 40.7974586487, 41.2270278931, 41.6565971375, 42.0977783203, 42.5273475647, 42.9569168091, 43.3980941772, 43.8276634216, 44.257232666, 44.6751937866, 45.1047592163, 45.5343284607, 45.9638977051, 46.3934669495, 46.8230361938, 47.2526054382, 47.6937866211, 48.1233558655, 48.5529251099, 48.994102478, 49.4236717224, 49.8532409668, 50.2828102112, 50.7123794556, 51.1535606384, 51.5831298828, 52.0126991272, 52.4422683716, 52.871837616, 53.3130149841, 53.7425842285, 54.1721534729, 54.6133308411, 55.0429000854, 55.4724693298, 55.9020385742, 56.3316078186, 56.761177063, 57.1907463074, 57.6203155518, 58.0498847961, 58.491065979, 58.9206352234, 59.3502044678, 59.7913818359, 60.2209510803, 60.6505203247, 61.0800895691, 61.5096588135, 61.9508361816, 62.380405426, 62.8099746704, 63.2395439148, 63.6691131592, 64.1102905273, 64.5514755249, 64.9810409546, 65.3990020752, 65.8285675049, 66.258140564, 66.6877059937, 67.1288909912, 67.5584564209, 67.98802948, 68.4175949097, 68.8471679688, 69.2767333984, 69.7179107666, 70.1590881348, 70.5886611938, 71.0182266235, 71.4477996826, 71.8773651123, 72.3069381714, 72.724899292, 73.1544647217, 73.5840377808, 74.0252151489, 74.4547805786, 74.8843536377, 75.3255310059, 75.7551040649, 76.1846694946, 76.6258468628, 77.0554199219, 77.4849853516, 77.9145584106, 78.3441238403, 78.7736968994, 79.2032623291, 79.6444396973, 80.0856246948, 80.5151901245, 80.9447631836, 81.3743286133, 81.8039016724, 82.2334671021, 82.6630401611, 83.0926055908, 83.5221786499, 83.9517440796, 84.3813171387, 84.8224945068, 85.2520599365, 85.6816329956, 86.1111984253, 86.5407714844, 86.9703369141, 87.3999099731, 87.8410873413, 88.270652771, 88.7002258301, 89.1297912598, 89.5593643188, 90.000541687, 90.4301147461, 90.8596801758, 91.3008575439, 91.730430603, 92.1599960327, 92.5895690918, 93.0191345215, 93.4487075806, 93.8898849487, 94.3194503784, 94.760635376, 95.1902008057, 95.6197738647, 96.0609512329, 96.4905166626, 96.9200897217, 97.3380508423, 97.767616272, 98.1971893311, 98.6383666992, 99.0795440674, 99.5207214355, 99.9502944946, 100.379859924, 100.809432983, 101.238998413, 101.668571472, 102.098136902, 102.527709961, 102.957275391, 103.38684845, 103.816413879, 104.257591248, 104.687164307, 105.116729736, 105.557914734, 105.987480164, 106.417053223, 106.846618652, 107.276191711, 107.705757141, 108.1353302, 108.576507568, 109.006072998, 109.435646057, 109.865211487, 110.294784546, 110.724349976, 111.153923035, 111.595100403, 112.024665833, 112.454238892, 112.89541626, 113.324989319, 113.754554749, 114.184127808, 114.625305176, 115.054870605, 115.484443665, 115.914009094, 116.343582153, 116.773147583, 117.202720642, 117.632286072, 118.07346344, 118.503036499, 118.932601929, 119.362174988, 119.791740417, 120.221313477, 120.650878906, 121.080451965, 121.510017395, 121.951202393, 122.380767822, 122.810340881, 123.25151825, 123.681083679, 124.110656738, 124.540222168, 124.981407166, 125.410972595, 125.840545654, 126.270111084, 126.699676514, 127.117637634, 127.558815002, 127.988388062, 128.42956543, 128.859130859, 129.288711548, 129.718276978, 130.159454346, 130.589019775, 131.018585205, 131.448165894, 131.877731323, 132.307296753, 132.748474121, 133.17805481, 133.607620239, 134.037185669, 134.466751099, 134.907928467, 135.349105835, 135.778686523, 136.208251953, 136.649429321, 137.078994751, 137.508575439, 137.938140869, 138.367706299, 138.797271729, 139.238449097, 139.668029785, 140.085983276, 140.515548706, 140.945129395, 141.386306763, 141.815872192, 142.245437622, 142.675003052, 143.10458374, 143.53414917, 143.9637146, 144.404891968, 144.834457397, 145.264038086, 145.693603516, 146.123168945, 146.552734375, 146.993927002, 147.423492432, 147.853057861, 148.282623291, 148.723800659, 149.153381348, 149.582946777, 150.012512207, 150.453689575, 150.883255005, 151.312835693, 151.742401123, 152.183578491, 152.613143921, 153.042724609, 153.472290039, 153.901855469, 154.343032837, 154.784210205, 155.213790894, 155.643356323, 156.061309814, 156.490875244, 156.920455933, 157.350021362, 157.779586792, 158.209152222, 158.63873291, 159.079910278, 159.521087646, 159.962265015, 160.391830444, 160.833007812, 161.285797119, 161.726974487, 162.191375732, 162.655776978, 163.120178223, 163.584579468, 164.048980713, 164.513381958, 164.977767944, 165.442169189, 165.918182373, 166.394195557, 166.858596802, 167.322982788, 167.787384033, 168.251785278, 168.716186523, 169.180587769, 169.633377075, 170.086166382, 170.538955688, 170.991744995, 171.467758179, 171.932144165, 172.39654541, 172.872558594, 173.336959839, 173.801361084, 174.265762329, 174.718551636, 175.171340942, 175.693786621, 176.2162323, 176.738677979, 177.261123657, 177.771972656, 178.294418335, 178.770431519, 179.246429443, 179.722442627, 180.210067749, 180.697677612, 181.173690796, 181.649703979, 182.137313843, 182.624938965, 183.100952148, 183.565353394, 184.029754639, 184.482528687, 184.946929932, 185.411331177, 185.898956299, 186.386566162, 186.862579346, 187.361816406, 187.872650146, 188.383483887, 188.894332886, 189.405166626, 189.916000366, 190.415237427, 190.926071167, 191.425308228, 191.924530029, 192.42376709, 192.911376953, 193.387390137, 193.851791382, 194.327789307, 194.80380249, 195.279815674, 195.744216919, 196.208618164, 196.684616089, 197.160629272, 197.636642456, 198.159088135, 198.681533813, 199.192382812, 199.714828491, 200.225662231, 200.74810791, 201.270568848, 201.804626465, 202.257415771, 202.686981201, 203.116546631, 203.546112061, 203.975692749, 204.405258179, 204.834823608, 205.264389038, 205.705581665, 206.135147095, 206.564712524, 207.005889893, 207.435455322, 207.865036011, 208.29460144, 208.72416687, 209.1537323, 209.583312988, 210.024490356, 210.454055786, 210.883621216, 211.313186646, 211.742767334, 212.183944702, 212.62512207, 213.0546875, 213.48425293, 213.913833618, 214.343399048, 214.772964478, 215.202529907, 215.632110596, 216.061676025, 216.502853394, 216.932418823, 217.361984253, 217.791564941, 218.221130371, 218.662307739, 219.091873169, 219.521453857, 219.951019287, 220.380584717, 220.821762085, 221.239730835, 221.669296265, 222.098861694, 222.540039062, 222.981216431, 223.410797119, 223.840362549, 224.269927979, 224.699493408, 225.140670776, 225.581848145, 226.011428833, 226.440994263, 226.882171631, 227.311737061, 227.741317749, 228.170883179, 228.600448608, 229.041625977, 229.482803345, 229.912384033, 230.341949463, 230.759902954, 231.177871704, 231.595825195, 232.037002563, 232.478179932, 232.896133423, 233.325714111, 233.755279541, 234.196456909, 234.626022339, 235.067199707, 235.496780396, 235.937957764, 236.367523193, 236.797088623, 237.238265991, 237.679458618, 238.120635986, 238.550201416, 238.979766846, 239.409332275, 239.838912964, 240.256866455, 240.674819946, 241.115997314, 241.545578003, 241.975143433, 242.404708862, 242.834274292, 243.26385498, 243.69342041, 244.12298584, 244.564163208, 245.005340576, 245.446533203, 245.876098633, 246.305664062, 246.735229492, 247.17640686, 247.605987549, 248.035552979, 248.45350647, 248.894683838, 249.324264526, 249.753829956, 250.195007324, 250.624572754, 251.054138184, 251.483718872, 251.901672363, 252.331237793, 252.772415161, 253.20199585, 253.631561279, 254.072738647, 254.502304077, 254.931884766, 255.361450195, 255.791015625, 256.232208252, 256.661773682, 257.091339111, 257.520904541, 257.950469971, 258.3800354, 258.80960083, 259.250793457, 259.680358887, 260.109924316, 260.551116943, 260.980682373, 261.410247803, 261.851409912, 262.281005859, 262.710571289, 263.140136719, 263.569702148, 263.999267578, 264.428833008, 264.870025635, 265.311187744, 265.752380371, 266.170349121, 266.588287354, 267.017852783, 267.447418213, 267.88861084, 268.31817627, 268.747741699, 269.177307129, 269.606903076, 270.048065186, 270.477630615, 270.907196045, 271.336761475, 271.766357422, 272.207519531, 272.648712158, 273.089874268, 273.519439697, 273.949005127, 274.366973877, 274.796539307, 275.226104736, 275.655700684, 276.085266113, 276.514831543, 276.944396973, 277.385559082, 277.815155029, 278.244720459, 278.674285889, 279.115447998, 279.545043945, 279.974609375, 280.404174805, 280.833740234, 281.263305664, 281.704498291, 282.134063721, 282.56362915, 283.00479126, 283.434356689, 283.863952637, 284.293518066, 284.723083496, 285.152648926, 285.582214355, 286.023406982, 286.452972412, 286.882537842, 287.323699951, 287.753295898, 288.182861328, 288.612426758, 289.041992188, 289.483154297, 289.912750244, 290.342315674, 290.760253906, 291.189849854, 291.619415283, 292.060577393, 292.490142822, 292.919708252, 293.349304199, 293.778869629, 294.220031738, 294.661224365, 295.090789795, 295.520355225, 295.949920654, 296.379486084, 296.820678711, 297.250244141, 297.67980957, 298.121002197, 298.562164307, 298.980133057, 299.409698486, 299.839263916, 300.268829346, 300.698394775, 301.127990723, 301.545928955, 301.987121582, 302.416687012, 302.846252441, 303.275817871, 303.705383301, 304.13494873, 304.576141357, 305.017303467, 305.446899414, 305.876464844, 306.306030273, 306.735595703, 307.165161133, 307.594726562, 308.024291992, 308.453857422, 308.895050049, 309.324615479, 309.754180908, 310.195373535, 310.624938965, 311.054504395, 311.484069824, 311.913635254, 312.343200684, 312.772796631, 313.202362061, 313.63192749, 314.0730896, 314.514282227, 314.943847656, 315.385040283, 315.826202393, 316.255767822, 316.673736572, 317.103302002, 317.532867432, 317.950836182, 318.391998291, 318.821594238, 319.251159668, 319.680725098, 320.121887207, 320.551483154, 320.981048584, 321.410614014, 321.840179443, 322.269744873, 322.72253418, 323.175323486, 323.639709473, 324.127349854, 324.59173584, 325.056152344, 325.50894165, 325.973327637, 326.426116943, 326.87890625, 327.285247803, 327.691589355, 328.097961426, 328.515899658, 328.945495605, 329.375061035, 329.804626465, 330.199371338, 330.605712891, 331.012054443, 331.418395996, 331.824768066, 332.219482422, 332.614227295, 333.020568848, 333.438537598, 333.84487915, 334.251251221, 334.59954834, 334.947845459, 335.296142578, 335.656036377, 336.004333496, 336.352661133, 336.700958252, 337.049255371],
    "bpm_histogram": [0, 0, 0, 0, 0, 0, 0, 0, 0, 0, 0, 0, 0, 0, 0, 0, 0, 0, 0, 0, 0, 0, 0, 0, 0, 0, 0, 0, 0, 0, 0, 0, 0, 0, 0, 0, 0, 0, 0, 0, 0, 0, 0, 0, 0, 0, 0, 0, 0, 0, 0, 0, 0, 0, 0, 0, 0, 0, 0, 0, 0, 0, 0, 0, 0, 0, 0, 0, 0, 0, 0, 0, 0, 0, 0, 0, 0, 0, 0, 0, 0, 0, 0, 0, 0, 0, 0, 0, 0, 0, 0, 0, 0, 0, 0, 0, 0, 0, 0, 0, 0, 0, 0, 0, 0, 0, 0, 0, 0, 0, 0, 0, 0.00129701686092, 0, 0, 0.0129701690748, 0, 0.0116731515154, 0, 0, 0.00648508453742, 0, 0, 0.0129701690748, 0, 0, 0.0233463030308, 0, 0, 0.0389105044305, 0, 0, 0, 0.0194552522153, 0, 0, 0.194552525878, 0, 0, 0, 0.616083025932, 0, 0, 0, 0.035019453615, 0, 0, 0, 0.0129701690748, 0, 0, 0, 0.00389105058275, 0, 0, 0, 0, 0, 0, 0, 0, 0, 0, 0, 0, 0, 0, 0.00129701686092, 0, 0, 0, 0, 0.00907911825925, 0, 0, 0, 0, 0, 0, 0, 0, 0, 0, 0, 0, 0, 0, 0, 0, 0, 0, 0, 0, 0, 0, 0, 0, 0, 0, 0, 0, 0, 0, 0, 0, 0, 0, 0, 0, 0, 0, 0, 0, 0, 0, 0, 0, 0, 0, 0, 0, 0, 0, 0, 0, 0, 0, 0, 0, 0, 0, 0, 0, 0, 0, 0, 0, 0, 0, 0, 0, 0, 0, 0, 0, 0, 0, 0, 0, 0]
},
"tonal": {
    "chords_changes_rate": 0.041385948658,
    "chords_number_rate": 0.00123745354358,
    "chords_strength": {
        "mean": 0.52235686779
    },
    "hpcp_crest": {
        "mean": 13.8007936478
    },
    "hpcp_entropy": {
        "mean": 1.99373722076
    },
    "key_edma": {
        "strength": 0.820420324802,
        "key": "F#",
        "scale": "major"
    },
    "key_krumhansl": {
        "strength": 0.811043381691,
        "key": "F#",
        "scale": "major"
    },
    "key_temperley": {
        "strength": 0.821250021458,
        "key": "C#",
        "scale": "major"
    },
    "tuning_diatonic_strength": 0.611080169678,
    "tuning_equal_tempered_deviation": 0.0184263978153,
    "tuning_frequency": 439.491973877,
    "tuning_nontempered_energy_ratio": 0.645871043205,
    "hpcp": {
        "mean": [0.0626979619265, 0.0540519021451, 0.125990912318, 0.201855495572, 0.13238440454, 0.0558015815914, 0.047676037997, 0.0465343184769, 0.104624770582, 0.161620885134, 0.135338768363, 0.236906901002, 0.36709818244, 0.219750419259, 0.0728609487414, 0.0651622265577, 0.0606069564819, 0.0993737578392, 0.145912721753, 0.110487751663, 0.0597472861409, 0.0489644929767, 0.0469765514135, 0.176196083426, 0.273330628872, 0.156330868602, 0.166351556778, 0.247616454959, 0.146179884672, 0.0656773298979, 0.0638589039445, 0.052318174392, 0.152209714055, 0.266673564911, 0.169406861067, 0.0679299160838]
    },
    "chords_histogram": [33.0537605286, 8.46968269348, 6.44850826263, 0.0412484519184, 0.219991743565, 0, 1.77368342876, 0, 6.86099290848, 0.247490718961, 0.0824969038367, 0, 0, 0, 0, 4.38608551025, 0, 0.164993807673, 0, 0.137494847178, 0.247490718961, 1.86992990971, 18.4243087769, 17.5718402863],
    "thpcp": [1, 0.598614811897, 0.198478102684, 0.177506268024, 0.165097400546, 0.270700752735, 0.397476017475, 0.300976037979, 0.162755608559, 0.133382558823, 0.127967268229, 0.479969918728, 0.744570910931, 0.425855755806, 0.453152775764, 0.674523770809, 0.398203790188, 0.178909435868, 0.17395593226, 0.142518207431, 0.414629429579, 0.72643661499, 0.461475610733, 0.18504562974, 0.170793443918, 0.147240996361, 0.343207657337, 0.549867868423, 0.360623985529, 0.152007237077, 0.129872709513, 0.126762598753, 0.285004884005, 0.440266102552, 0.368671864271, 0.645350217819],
    "chords_key": "C#",
    "chords_scale": "major"
}
}