{
"metadata": {
    "version": {
        "essentia": "2.1-beta6-dev",
        "essentia_git_sha": "v2.1_beta5-1177-g1d1cc983",
        "extractor": "music 2.0"
    },
    "audio_properties": {
        "analysis": {
            "equal_loudness": 0,
            "length": 354.743927002,
            "sample_rate": 44100,
            "start_time": 0,
            "downmix": "mix"
        },
        "bit_rate": 1411200,
        "length": 354.743927002,
        "lossless": 1,
        "number_channels": 2,
        "replay_gain": -9.31220436096,
        "sample_rate": 44100,
        "codec": "pcm_s16le",
        "md5_encoded": "6dc6b09b75807c62ff57d66d6a4b593c"
    },
    "tags": {
        "file_name": "05 - Play It Again, Sam! You Don't Have Any Feathers [Explicit].wav",
        "album": ["You Brainstorm, I Brainstorm, but Brilliance Needs a Good Editor"],
        "artist": ["Manchester Orchestra"],
        "date": ["2005"],
        "genre": ["Alternative Rock"],
        "title": ["Play It Again, Sam! You Don't Have Any Feathers"],
        "tracknumber": ["5"]
    }
},
"lowlevel": {
    "average_loudness": 0.675539016724,
    "barkbands_crest": {
        "mean": 13.9018278122
    },
    "barkbands_flatness_db": {
        "mean": 0.268984764814
    },
    "barkbands_kurtosis": {
        "mean": 9.6031665802
    },
    "barkbands_skewness": {
        "mean": 1.6969076395
    },
    "barkbands_spread": {
        "mean": 7.43977546692
    },
    "dissonance": {
        "mean": 0.365193426609
    },
    "dynamic_complexity": 5.27278375626,
    "erbbands_crest": {
        "mean": 14.0812015533
    },
    "erbbands_flatness_db": {
        "mean": 0.292620301247
    },
    "erbbands_kurtosis": {
        "mean": 3.55969405174
    },
    "erbbands_skewness": {
        "mean": 1.00828313828
    },
    "erbbands_spread": {
        "mean": 16.5942268372
    },
    "hfc": {
        "mean": 9.50376033783
    },
    "loudness_ebu128": {
        "integrated": -15.8003253937,
        "loudness_range": 6.35704708099,
        "momentary": {
            "mean": -17.7759685516
        },
        "short_term": {
            "mean": -16.4890365601
        }
    },
    "melbands_crest": {
        "mean": 17.6417160034
    },
    "melbands_flatness_db": {
        "mean": 0.3495208323
    },
    "melbands_kurtosis": {
        "mean": 11.0775365829
    },
    "melbands_skewness": {
        "mean": 1.97199010849
    },
    "melbands_spread": {
        "mean": 10.7218456268
    },
    "pitch_salience": {
        "mean": 0.513203859329
    },
    "silence_rate_20dB": {
        "mean": 0.9998691082
    },
    "silence_rate_30dB": {
        "mean": 0.98867726326
    },
    "silence_rate_60dB": {
        "mean": 0.253027021885
    },
    "spectral_centroid": {
        "mean": 646.335388184
    },
    "spectral_complexity": {
        "mean": 7.60501337051
    },
    "spectral_decrease": {
        "mean": -3.93780119623e-09
    },
    "spectral_energy": {
        "mean": 0.0157241839916
    },
    "spectral_energyband_high": {
        "mean": 0.000180071219802
    },
    "spectral_energyband_low": {
        "mean": 0.000117135175969
    },
    "spectral_energyband_middle_high": {
        "mean": 0.00213717203587
    },
    "spectral_energyband_middle_low": {
        "mean": 0.0133637944236
    },
    "spectral_entropy": {
        "mean": 6.12642049789
    },
    "spectral_flux": {
        "mean": 0.0414998196065
    },
    "spectral_kurtosis": {
        "mean": 36.4356117249
    },
    "spectral_rms": {
        "mean": 0.00327471341006
    },
    "spectral_rolloff": {
        "mean": 931.578674316
    },
    "spectral_skewness": {
        "mean": 4.09185791016
    },
    "spectral_spread": {
        "mean": 2557056.75
    },
    "spectral_strongpeak": {
        "mean": 1.1774739027
    },
    "zerocrossingrate": {
        "mean": 0.0345699861646
    },
    "barkbands": {
        "mean": [2.89094314212e-05, 1.23203726616e-05, 3.73812108592e-05, 0.00013492188009, 0.00486233783886, 0.00189707265235, 0.00189009844325, 0.00310223153792, 0.00140195863787, 0.000961611862294, 0.000201334492886, 0.000230220743106, 0.000245482980972, 0.000162240554346, 0.000115670387459, 5.90983436268e-05, 6.83007965563e-05, 9.33624469326e-05, 2.84381931124e-05, 2.27380915021e-05, 2.43288195634e-05, 4.86498502141e-05, 3.45891385223e-05, 3.12399788527e-05, 2.20335732593e-05, 6.43621660856e-06, 1.14687725272e-06]
    },
    "erbbands": {
        "mean": [0.00069305015495, 0.00249524740502, 0.0318991579115, 0.320934474468, 3.87193441391, 14.7068052292, 30.9519767761, 14.8977689743, 22.0858669281, 45.0759620667, 65.8595275879, 33.3071098328, 18.8963489532, 31.7186450958, 9.03889465332, 8.60653495789, 10.5302495956, 8.30880260468, 7.82920837402, 4.84644317627, 3.28812265396, 4.69231176376, 4.72277021408, 2.66743302345, 1.32171142101, 1.02030408382, 0.768338978291, 1.37762868404, 1.75915551186, 1.37363159657, 0.881707906723, 0.891198694706, 0.396343827248, 0.27541488409, 0.133810013533, 0.0366756208241, 0.00996160134673, 0.00241315714084, 0.000189633661648, 2.52695554082e-05]
    },
    "gfcc": {
        "mean": [-157.008468628, 149.867279053, -115.510437012, -24.0225315094, -72.2898406982, -20.9821300507, -45.3293037415, -6.58860969543, -22.3608016968, -11.376906395, -13.6716718674, -11.9910936356, -7.85956144333],
        "cov": [[10064.1269531, -3728.83056641, -1516.06616211, 535.973693848, -1401.71374512, -50.9362335205, -1034.07092285, 220.719955444, -163.943939209, -126.760932922, -148.376861572, 252.194793701, -423.21887207], [-3728.83056641, 3277.05737305, 69.9717941284, -923.40045166, 838.09552002, -369.202880859, 500.495025635, -273.749633789, 107.53528595, -102.164100647, 234.585464478, -312.542663574, 206.682647705], [-1516.06616211, 69.9717941284, 960.479431152, 106.945373535, 38.890247345, 136.989334106, 62.8760719299, -41.4156341553, -36.1412239075, 97.485244751, -107.208007812, -16.1116485596, 63.9072265625], [535.973693848, -923.40045166, 106.945373535, 676.706237793, -210.511566162, 67.8647460938, -140.04800415, 63.7070274353, -12.127995491, 57.6206970215, -93.9859237671, 99.8560028076, 15.3004055023], [-1401.71374512, 838.09552002, 38.890247345, -210.511566162, 457.784698486, -39.6605491638, 102.226257324, -38.8113555908, 9.11357688904, -21.5561218262, 38.3111190796, -74.0601730347, 55.8936271667], [-50.9362335205, -369.202880859, 136.989334106, 67.8647460938, -39.6605491638, 319.838317871, -4.4755654335, 26.9921112061, -41.4085578918, 19.0994911194, -65.1942596436, 43.4721946716, -42.0531616211], [-1034.07092285, 500.495025635, 62.8760719299, -140.04800415, 102.226257324, -4.4755654335, 352.356292725, -39.0004005432, -1.53507661819, 15.0749034882, 60.1904754639, -24.2236213684, 62.1250724792], [220.719955444, -273.749633789, -41.4156341553, 63.7070274353, -38.8113555908, 26.9921112061, -39.0004005432, 178.183532715, 14.8138313293, -21.2416172028, -24.1828384399, 38.2830924988, -38.0961227417], [-163.943939209, 107.53528595, -36.1412239075, -12.127995491, 9.11357688904, -41.4085578918, -1.53507661819, 14.8138313293, 149.58001709, 29.1033554077, 5.16629648209, -22.518901825, 7.1745095253], [-126.760932922, -102.164100647, 97.485244751, 57.6206970215, -21.5561218262, 19.0994911194, 15.0749034882, -21.2416172028, 29.1033554077, 152.811920166, 9.0978345871, -4.33850479126, 23.6021175385], [-148.376861572, 234.585464478, -107.208007812, -93.9859237671, 38.3111190796, -65.1942596436, 60.1904754639, -24.1828384399, 5.16629648209, 9.0978345871, 131.9712677, 5.46482896805, 9.9427318573], [252.194793701, -312.542663574, -16.1116485596, 99.8560028076, -74.0601730347, 43.4721946716, -24.2236213684, 38.2830924988, -22.518901825, -4.33850479126, 5.46482896805, 138.637084961, 20.1124153137], [-423.21887207, 206.682647705, 63.9072265625, 15.3004055023, 55.8936271667, -42.0531616211, 62.1250724792, -38.0961227417, 7.1745095253, 23.6021175385, 9.9427318573, 20.1124153137, 151.882492065]],
        "icov": [[0.000580600404646, 0.000436742557213, 0.00075270497473, 0.0004501726944, 0.000986491562799, 0.000414026668295, 0.000822395726573, 0.000262594781816, 0.000592037511524, 3.0396895454e-05, 0.000360544683645, 0.000234897204791, 5.51324083062e-05], [0.000436742557213, 0.00211471598595, 0.000160148716532, 0.00137271557469, -0.00104638678022, 0.00116134947166, -0.000328341004206, 0.00123718054965, -0.000552569981664, 0.00145237322431, -0.000978373689577, 0.00183356425259, -0.00109350821003], [0.00075270497473, 0.000160148716532, 0.00247300276533, 0.000253983394941, 0.00151259836275, -2.27531490964e-05, 0.000988643965684, 0.000306999427266, 0.00138886400964, -0.00113969575614, 0.00193353137001, 0.000128937477712, -0.000109152591904], [0.0004501726944, 0.00137271557469, 0.000253983394941, 0.00319524831139, 0.000370586407371, 0.000893759715836, 0.00062247941969, 0.000382701546187, 6.42653249088e-05, -2.08741130336e-05, 0.000750588544179, 7.13899862603e-05, -0.00114827009384], [0.000986491562799, -0.00104638678022, 0.00151259836275, 0.000370586407371, 0.00644533615559, -0.000362595164916, 0.00215841457248, -0.000840465188958, 0.00198681629263, -0.00078617077088, 0.00125268578995, 0.000191316677956, -0.000146020465763], [0.000414026668295, 0.00116134947166, -2.27531490964e-05, 0.000893759715836, -0.000362595164916, 0.00506350118667, -0.000449533545179, 0.000664705119561, 0.000811142614111, -0.000257962674368, 0.00187459017616, -0.000976415059995, 0.00138721545227], [0.000822395726573, -0.000328341004206, 0.000988643965684, 0.00062247941969, 0.00215841457248, -0.000449533545179, 0.00542366504669, -0.000292322336463, 0.00147677806672, -0.000724835204892, -0.000567206938285, 0.000120888034871, -0.000886850233655], [0.000262594781816, 0.00123718054965, 0.000306999427266, 0.000382701546187, -0.000840465188958, 0.000664705119561, -0.000292322336463, 0.00774572463706, -0.00161962013226, 0.00163178611547, 0.000640399288386, -0.0012130815303, 0.00137781281956], [0.000592037511524, -0.000552569981664, 0.00138886400964, 6.42653249088e-05, 0.00198681629263, 0.000811142614111, 0.00147677806672, -0.00161962013226, 0.00892200693488, -0.00277100596577, 0.00148317741696, 0.000590199430007, 0.000127824547235], [3.0396895454e-05, 0.00145237322431, -0.00113969575614, -2.08741130336e-05, -0.00078617077088, -0.000257962674368, -0.000724835204892, 0.00163178611547, -0.00277100596577, 0.00958848837763, -0.00326433172449, 0.00244757090695, -0.00195592571981], [0.000360544683645, -0.000978373689577, 0.00193353137001, 0.000750588544179, 0.00125268578995, 0.00187459017616, -0.000567206938285, 0.000640399288386, 0.00148317741696, -0.00326433172449, 0.0129474150017, -0.00403690012172, 0.00202172249556], [0.000234897204791, 0.00183356425259, 0.000128937477712, 7.13899862603e-05, 0.000191316677956, -0.000976415059995, 0.000120888034871, -0.0012130815303, 0.000590199430007, 0.00244757090695, -0.00403690012172, 0.012618964538, -0.00441147759557], [5.51324083062e-05, -0.00109350821003, -0.000109152591904, -0.00114827009384, -0.000146020465763, 0.00138721545227, -0.000886850233655, 0.00137781281956, 0.000127824547235, -0.00195592571981, 0.00202172249556, -0.00441147759557, 0.0102832205594]]
    },
    "melbands": {
        "mean": [6.64327853883e-06, 1.35147465699e-05, 0.000127868799609, 0.000685126869939, 0.00108074676245, 0.000320049381116, 0.000346779357642, 0.000574074161705, 0.000493556959555, 0.000181397044798, 9.30512396735e-05, 0.000139122479595, 2.85437690764e-05, 2.60909655481e-05, 2.72700253845e-05, 1.93757769011e-05, 1.43100915011e-05, 1.362596322e-05, 6.75533829053e-06, 5.07722415932e-06, 3.35288950737e-06, 4.77778166896e-06, 4.12372946812e-06, 4.57613896288e-06, 1.88218189123e-06, 1.07867504084e-06, 7.83674124705e-07, 6.53348195101e-07, 5.1620264685e-07, 4.06615896509e-07, 9.62118519965e-07, 1.09185737074e-06, 8.16432077499e-07, 7.26857422251e-07, 4.55552680023e-07, 5.7380788121e-07, 5.25267125795e-07, 2.90983564355e-07, 2.06046351536e-07, 2.34343161765e-07]
    },
    "melbands128": {
        "mean": [1.60823910846e-05, 7.48767024561e-06, 3.61335332855e-06, 3.17929948324e-06, 7.63414300309e-06, 2.24753821385e-05, 4.51712003269e-05, 7.67735764384e-05, 0.000313038151944, 0.000812414975371, 0.00063538615359, 0.00152426667046, 0.00129791570362, 0.00037737947423, 0.000335671182256, 0.000266811344773, 0.000245797244133, 0.000442958960775, 0.000308898830554, 0.000512289407197, 0.00065746618202, 0.000918017467484, 0.000310819974402, 0.000351836031768, 0.000243496702751, 9.25327694858e-05, 8.83516695467e-05, 5.4254232964e-05, 0.000130304033519, 0.000209497622564, 0.000125322112581, 3.39198595611e-05, 2.24717114179e-05, 1.63111890288e-05, 4.52629610663e-05, 1.93935684365e-05, 1.3184700947e-05, 3.06404217554e-05, 3.70039560948e-05, 1.86342094821e-05, 1.19787500807e-05, 2.50827361015e-05, 1.54111476149e-05, 5.9542562667e-06, 1.66266545421e-05, 1.71996016434e-05, 8.89482907951e-06, 3.51519247488e-06, 8.74862053024e-06, 6.7795645009e-06, 4.17375667894e-06, 3.21971560879e-06, 4.90779348183e-06, 2.62125945483e-06, 1.67398252415e-06, 6.90810884407e-06, 5.63265757592e-06, 2.77663525594e-06, 5.26952544533e-06, 3.12481552101e-06, 5.30124816578e-06, 5.39430084245e-06, 1.41503892337e-06, 1.34354388592e-06, 1.41427324252e-06, 1.13017676995e-06, 7.86250041074e-07, 9.08898982743e-07, 7.42474412618e-07, 6.80431242017e-07, 6.42852683086e-07, 6.61180649786e-07, 6.27654571872e-07, 5.26384269506e-07, 3.44906197824e-07, 2.96333297456e-07, 4.22273103595e-07, 7.2974142995e-07, 1.11021847715e-06, 1.03243041849e-06, 1.36067046697e-06, 1.08808444566e-06, 6.00300268161e-07, 8.77737932115e-07, 8.63345462676e-07, 8.02726844995e-07, 7.0398311891e-07, 5.24051756656e-07, 3.55508888106e-07, 4.81182269141e-07, 5.6681398064e-07, 5.62564537177e-07, 6.2403296397e-07, 6.59222394006e-07, 3.52806296178e-07, 3.18713176739e-07, 3.18492482165e-07, 2.00416437224e-07, 1.26649467802e-07, 2.69168509703e-07, 2.76735960369e-07, 2.13810196215e-07, 1.99356847475e-07, 2.14620413885e-07, 1.65497127114e-07, 1.01450694956e-07, 8.52278247976e-08, 6.8767242567e-08, 6.63533015199e-08, 3.96876380648e-08, 4.41329959244e-08, 4.14466541088e-08, 2.20332605494e-08, 2.61165880033e-08, 2.25612275528e-08, 2.77490244116e-08, 1.51428665163e-08, 1.42903155975e-08, 8.52639825411e-09, 5.0112651806e-09, 2.47343234783e-09, 1.91683180439e-09, 1.96692639953e-09, 1.27254073945e-09, 9.33841781681e-10, 8.05673527893e-10, 4.36188585251e-10, 1.90508622766e-10]
    },
    "mfcc": {
        "mean": [-808.400268555, 197.104507446, 0.966877043247, -2.73673582077, -13.054189682, -20.5386810303, -17.7036590576, -9.18481445312, -15.3079929352, 1.07684957981, -3.63154697418, -16.550201416, -12.6891908646],
        "cov": [[10033.9511719, -3722.77490234, -935.349853516, -149.176147461, -377.295776367, -567.041015625, -846.756774902, 118.86190033, -510.044799805, -336.059631348, -94.7946853638, 126.56728363, -10.1512145996], [-3722.77490234, 3541.05371094, -377.588531494, -300.412231445, 92.7683105469, -30.1559181213, 347.420379639, -138.302261353, -36.4538803101, 203.713653564, 36.3527145386, -187.46156311, -47.691860199], [-935.349853516, -377.588531494, 872.310241699, 106.827453613, -8.01493740082, 191.572189331, 31.9349002838, -56.3680458069, 139.047439575, -6.70341539383, -10.3342456818, 22.9734325409, -45.4215202332], [-149.176147461, -300.412231445, 106.827453613, 445.643951416, -8.84200763702, -9.83358860016, -39.2409477234, -60.8061294556, 57.9976844788, -24.3494949341, -12.1033592224, -1.41078066826, -11.3390169144], [-377.295776367, 92.7683105469, -8.01493740082, -8.84200763702, 319.741943359, 0.0786259993911, -28.5828609467, 11.6735458374, 23.183177948, -0.129712387919, 1.24199211597, -7.27803373337, -28.741355896], [-567.041015625, -30.1559181213, 191.572189331, -9.83358860016, 0.0786259993911, 257.855834961, 82.1587142944, -39.6643638611, 55.838432312, 15.0414457321, -2.77975106239, -8.36226463318, -7.79789924622], [-846.756774902, 347.420379639, 31.9349002838, -39.2409477234, -28.5828609467, 82.1587142944, 268.438568115, 16.2929878235, 19.9848823547, 19.0124702454, -10.3288764954, -19.2569236755, 6.71848773956], [118.86190033, -138.302261353, -56.3680458069, -60.8061294556, 11.6735458374, -39.6643638611, 16.2929878235, 198.016601562, 8.26171875, -43.1822624207, -6.93936347961, 24.9619197845, 27.6101379395], [-510.044799805, -36.4538803101, 139.047439575, 57.9976844788, 23.183177948, 55.838432312, 19.9848823547, 8.26171875, 191.006484985, 14.2796487808, -19.4758796692, 6.04345655441, 7.92562055588], [-336.059631348, 203.713653564, -6.70341539383, -24.3494949341, -0.129712387919, 15.0414457321, 19.0124702454, -43.1822624207, 14.2796487808, 152.733917236, 28.5608329773, -32.9691200256, -4.8737783432], [-94.7946853638, 36.3527145386, -10.3342456818, -12.1033592224, 1.24199211597, -2.77975106239, -10.3288764954, -6.93936347961, -19.4758796692, 28.5608329773, 122.915939331, 22.8554401398, -10.3145542145], [126.56728363, -187.46156311, 22.9734325409, -1.41078066826, -7.27803373337, -8.36226463318, -19.2569236755, 24.9619197845, 6.04345655441, -32.9691200256, 22.8554401398, 130.032485962, 39.9670448303], [-10.1512145996, -47.691860199, -45.4215202332, -11.3390169144, -28.741355896, -7.79789924622, 6.71848773956, 27.6101379395, 7.92562055588, -4.8737783432, -10.3145542145, 39.9670448303, 130.804794312]],
        "icov": [[0.000565405061934, 0.000638717785478, 0.000618582125753, 0.000588724506088, 0.000567014794797, 0.000567434355617, 0.000769625708926, 0.000460517476313, 0.000658554956317, 0.00039912617649, 0.000474915024824, 0.000188979902305, 0.000518948480021], [0.000638717785478, 0.00116601551417, 0.000857435748912, 0.000937990669627, 0.000471573934192, 0.000912209332455, 0.000236668420257, 0.000971233996097, 0.000606089422945, 0.000219315275899, 0.000382213387638, 0.000625972868875, 0.000604912871495], [0.000618582125753, 0.000857435748912, 0.0023269278463, 0.000512777769472, 0.000704706471879, -0.000293304794468, 0.0007071357104, 0.000871782947797, -0.000174114349647, 0.000507689663209, 0.00055349804461, -0.000158782131621, 0.00125174818095], [0.000588724506088, 0.000937990669627, 0.000512777769472, 0.00341113936156, 0.000611331430264, 0.00126884528436, 0.00064967822982, 0.00174972205423, -0.000328259746311, 0.0010165219428, 0.000371973408619, 0.000636889075395, 0.000561209744774], [0.000567014794797, 0.000471573934192, 0.000704706471879, 0.000611331430264, 0.00393425812945, 0.000332684081513, 0.00144650123548, 1.51998765432e-05, 0.00013581487292, 0.000492848339491, 0.000513150182087, 7.7273354691e-05, 0.00134742143564], [0.000567434355617, 0.000912209332455, -0.000293304794468, 0.00126884528436, 0.000332684081513, 0.0062347734347, -0.00111420697067, 0.00190901837777, -0.000367064145394, 0.000460342387669, 0.000145439378684, 0.000728769984562, 0.000312021002173], [0.000769625708926, 0.000236668420257, 0.0007071357104, 0.00064967822982, 0.00144650123548, -0.00111420697067, 0.00634919200093, -0.000744293385651, 0.000965797516983, 0.000389627559343, 0.0011534813093, 0.000265301729087, 0.000496185384691], [0.000460517476313, 0.000971233996097, 0.000871782947797, 0.00174972205423, 1.51998765432e-05, 0.00190901837777, -0.000744293385651, 0.00720088696107, -0.000676359748468, 0.00203942949884, 6.07202055107e-05, 0.000119540432934, -0.000435092893895], [0.000658554956317, 0.000606089422945, -0.000174114349647, -0.000328259746311, 0.00013581487292, -0.000367064145394, 0.000965797516983, -0.000676359748468, 0.00760795827955, -0.000818239117507, 0.00178375549149, -0.000372267561033, 4.72323481517e-05], [0.00039912617649, 0.000219315275899, 0.000507689663209, 0.0010165219428, 0.000492848339491, 0.000460342387669, 0.000389627559343, 0.00203942949884, -0.000818239117507, 0.00875939428806, -0.0020974650979, 0.00233604991809, -0.000442623451818], [0.000474915024824, 0.000382213387638, 0.00055349804461, 0.000371973408619, 0.000513150182087, 0.000145439378684, 0.0011534813093, 6.07202055107e-05, 0.00178375549149, -0.0020974650979, 0.0100141726434, -0.00276619452052, 0.00189865345601], [0.000188979902305, 0.000625972868875, -0.000158782131621, 0.000636889075395, 7.7273354691e-05, 0.000728769984562, 0.000265301729087, 0.000119540432934, -0.000372267561033, 0.00233604991809, -0.00276619452052, 0.0105500146747, -0.0030675213784], [0.000518948480021, 0.000604912871495, 0.00125174818095, 0.000561209744774, 0.00134742143564, 0.000312021002173, 0.000496185384691, -0.000435092893895, 4.72323481517e-05, -0.000442623451818, 0.00189865345601, -0.0030675213784, 0.0098377764225]]
    },
    "spectral_contrast_coeffs": {
        "mean": [-0.551517784595, -0.684054791927, -0.701601743698, -0.772257983685, -0.775901317596, -0.816036522388]
    },
    "spectral_contrast_valleys": {
        "mean": [-8.55324840546, -7.31513929367, -8.81197452545, -9.33976268768, -10.114780426, -12.6166601181]
    }
},
"rhythm": {
    "beats_count": 561,
    "beats_loudness": {
        "mean": 0.0346964783967
    },
    "bpm": 95.0733184814,
    "bpm_histogram_first_peak_bpm": 96,
    "bpm_histogram_first_peak_weight": 0.540834903717,
    "bpm_histogram_second_peak_bpm": 91,
    "bpm_histogram_second_peak_spread": 0.33333337307,
    "bpm_histogram_second_peak_weight": 0.00714285718277,
    "danceability": 1.185521245,
    "onset_rate": 3.52344846725,
    "beats_loudness_band_ratio": {
        "mean": [0.052691616118, 0.523005843163, 0.345321923494, 0.0850055515766, 0.0218365881592, 0.00791973713785]
    },
    "beats_position": [0.615328788757, 1.24226760864, 1.86920630932, 2.50775504112, 3.14630389214, 3.78485250473, 4.41179132462, 5.0387301445, 5.66566896439, 6.28099775314, 6.90793657303, 7.5464849472, 8.17342376709, 8.78875255585, 9.42730140686, 10.0542402267, 10.6811790466, 11.3081178665, 11.9350566864, 12.5852155685, 13.235373497, 13.873922348, 14.512471199, 15.1277999878, 15.7547388077, 16.3932876587, 17.0202255249, 17.6471652985, 18.2741031647, 18.9010429382, 19.5279808044, 20.154920578, 20.7818584442, 21.4087982178, 22.0473461151, 22.6858959198, 23.3360538483, 23.974603653, 24.6131515503, 25.2400894165, 25.8670291901, 26.5055770874, 27.132516861, 27.7594547272, 28.3980045319, 29.0249423981, 29.6518821716, 30.2788200378, 30.9173698425, 31.5559177399, 32.1828575134, 32.8097953796, 33.4367332458, 34.0636711121, 34.690612793, 35.3175506592, 35.9444885254, 36.5946464539, 37.2215881348, 37.848526001, 38.4754638672, 39.1024017334, 39.7409515381, 40.3795013428, 41.0180473328, 41.6565971375, 42.2835350037, 42.9220848083, 43.560634613, 44.1875724792, 44.8029022217, 45.4182319641, 46.0451698303, 46.683719635, 47.3106575012, 47.9492073059, 48.5877532959, 49.2263031006, 49.8532409668, 50.480178833, 51.1071205139, 51.7340583801, 52.3609962463, 52.9879341125, 53.6264839172, 54.2650337219, 54.9035835266, 55.5421295166, 56.1690673828, 56.7960090637, 57.4229469299, 58.0498847961, 58.6768226624, 59.3037643433, 59.9423103333, 60.5808601379, 61.2077980042, 61.8347396851, 62.473285675, 63.1118354797, 63.7387733459, 64.3657150269, 65.0042648315, 65.6312026978, 66.258140564, 66.8966903687, 67.5236282349, 68.1621780396, 68.8007278442, 69.450881958, 70.0894317627, 70.7279815674, 71.3549194336, 71.9818572998, 72.5971832275, 73.2357330322, 73.8742828369, 74.5128326416, 75.1397705078, 75.7783203125, 76.4052581787, 77.0205917358, 77.6475296021, 78.2744674683, 78.9014053345, 79.5167312622, 80.1552810669, 80.8054428101, 81.4323806763, 82.070930481, 82.7094802856, 83.3364181519, 83.9749679565, 84.6135101318, 85.2520599365, 85.8789978027, 86.4943313599, 87.1212692261, 87.7482070923, 88.3751449585, 89.0136947632, 89.6522445679, 90.2907943726, 90.9177322388, 91.5562820435, 92.1948318481, 92.8333740234, 93.460319519, 94.0988616943, 94.737411499, 95.3643493652, 95.9912872314, 96.6182327271, 97.2451705933, 97.8721084595, 98.4990463257, 99.1259841919, 99.7645339966, 100.379859924, 101.006797791, 101.645347595, 102.272285461, 102.899223328, 103.514556885, 104.141494751, 104.768432617, 105.395370483, 106.033920288, 106.672470093, 107.311019897, 107.949569702, 108.576507568, 109.226661682, 109.865211487, 110.503761292, 111.130699158, 111.757637024, 112.38457489, 113.011520386, 113.638458252, 114.265396118, 114.892333984, 115.542495728, 116.181037903, 116.819587708, 117.446525574, 118.085075378, 118.723625183, 119.338951111, 119.977500916, 120.627662659, 121.277824402, 121.904762268, 122.543312073, 123.181854248, 123.808792114, 124.424125671, 125.039451599, 125.654785156, 126.270111084, 126.885437012, 127.500770569, 128.127700806, 128.754638672, 129.404800415, 130.04335022, 130.681900024, 131.332061768, 131.970611572, 132.609161377, 133.236099243, 133.863037109, 134.489974976, 135.116912842, 135.73223877, 136.347564697, 136.974502563, 137.601455688, 138.228393555, 138.855331421, 139.493881226, 140.120819092, 140.759368896, 141.397918701, 142.024856567, 142.651794434, 143.290344238, 143.928878784, 144.567428589, 145.194366455, 145.82131958, 146.448257446, 147.086807251, 147.725341797, 148.352294922, 148.990829468, 149.629379272, 150.256317139, 150.883255005, 151.52180481, 152.160354614, 152.78729248, 153.414230347, 154.041183472, 154.668121338, 155.306671143, 155.945205688, 156.572158813, 157.19909668, 157.837631226, 158.47618103, 159.126342773, 159.75328064, 160.380218506, 161.007156372, 161.634094238, 162.272644043, 162.899581909, 163.526535034, 164.1534729, 164.792022705, 165.430557251, 166.069107056, 166.696044922, 167.322982788, 167.949935913, 168.576873779, 169.203811646, 169.830749512, 170.469299316, 171.107849121, 171.746398926, 172.384933472, 173.035095215, 173.685256958, 174.312194824, 174.915908813, 175.566070557, 176.204620361, 176.843170166, 177.470108032, 178.108657837, 178.723983765, 179.350921631, 179.977859497, 180.593200684, 181.208526611, 181.835464478, 182.450790405, 183.08934021, 183.739501953, 184.366439819, 185.004989624, 185.643539429, 186.270477295, 186.897415161, 187.524353027, 188.151290894, 188.77822876, 189.405166626, 190.032104492, 190.659042358, 191.297592163, 191.936141968, 192.574691772, 193.201629639, 193.840179443, 194.478729248, 195.117279053, 195.73260498, 196.347930908, 196.974868774, 197.601806641, 198.251968384, 198.913742065, 199.55229187, 200.190841675, 200.817779541, 201.433105469, 202.048431396, 202.663757324, 203.279083252, 203.906021118, 204.544570923, 205.171508789, 205.798446655, 206.43699646, 207.087158203, 207.725708008, 208.364257812, 209.002807617, 209.641357422, 210.279907227, 210.906845093, 211.522171021, 212.137496948, 212.764434814, 213.391372681, 214.029922485, 214.66847229, 215.295410156, 215.922348022, 216.560897827, 217.21105957, 217.837997437, 218.476547241, 219.126708984, 219.765258789, 220.403808594, 221.03074646, 221.657684326, 222.296234131, 222.911560059, 223.526885986, 224.165435791, 224.792373657, 225.419311523, 226.04624939, 226.673187256, 227.300125122, 227.927078247, 228.542404175, 229.180953979, 229.819503784, 230.44644165, 231.073379517, 231.700317383, 232.350479126, 233.012237549, 233.639175415, 234.27772522, 234.916275024, 235.566436768, 236.193374634, 236.8203125, 237.458862305, 238.097412109, 238.735961914, 239.36289978, 239.989837646, 240.605163574, 241.23210144, 241.859039307, 242.474365234, 243.112915039, 243.751464844, 244.390014648, 245.016952515, 245.643890381, 246.270828247, 246.897766113, 247.524719238, 248.151657104, 248.766983032, 249.393920898, 250.032470703, 250.671020508, 251.25151062, 251.84362793, 252.424118042, 253.085891724, 253.759277344, 254.421035767, 255.094421387, 255.74458313, 256.371520996, 257.010070801, 257.648620605, 258.29876709, 258.902496338, 259.529418945, 260.15637207, 260.794921875, 261.43347168, 262.060394287, 262.710571289, 263.349121094, 263.987670898, 264.614593506, 265.241546631, 265.880096436, 266.495422363, 267.122344971, 267.749298096, 268.364624023, 268.991546631, 269.630096436, 270.257049561, 270.883972168, 271.510925293, 272.161071777, 272.799621582, 273.426574707, 274.053497314, 274.692047119, 275.319000244, 275.945922852, 276.572875977, 277.211425781, 277.838348389, 278.465301514, 279.103851318, 279.730773926, 280.357727051, 280.984680176, 281.62322998, 282.261749268, 282.91192627, 283.550476074, 284.189025879, 284.827575684, 285.454498291, 286.081451416, 286.696777344, 287.312103271, 287.91583252, 288.531158447, 289.158081055, 289.796630859, 290.435180664, 291.062133789, 291.712280273, 292.362457275, 293.01260376, 293.662750244, 294.278076172, 294.916625977, 295.543579102, 296.14730835, 296.774230957, 297.412780762, 298.039733887, 298.666656494, 299.305206299, 299.932159424, 300.559082031, 301.186035156, 301.824584961, 302.463134766, 303.10168457, 303.740234375, 304.390380859, 305.017303467, 305.644256592, 306.271209717, 306.898132324, 307.525085449, 308.152008057, 308.790557861, 309.429107666, 310.067657471, 310.706207275, 311.321533203, 311.960083008, 312.587036133, 313.21395874, 313.840911865, 314.47946167, 315.118011475, 315.756561279, 316.395111084, 317.022033691, 317.660583496, 318.287536621, 318.926086426, 319.57623291, 320.226379395, 320.876556396, 321.515106201, 322.153656006, 322.768981934, 323.384307861, 323.988006592, 324.603363037, 325.218688965, 325.85723877, 326.495788574, 327.122711182, 327.749664307, 328.376586914, 329.026763916, 329.653686523, 330.280639648, 330.919189453, 331.557739258, 332.184661865, 332.82321167, 333.461761475, 334.0887146, 334.715637207, 335.330963135, 335.969512939, 336.608062744, 337.246612549, 337.861938477, 338.477264404, 339.104217529, 339.731140137, 340.358093262, 340.985015869, 341.611968994, 342.262115479, 342.91229248, 343.550842285, 344.166168213, 344.79309082, 345.420043945, 346.046966553, 346.673919678, 347.300842285, 347.951019287, 348.601165771, 349.251342773, 349.878265381, 350.516815186, 351.120544434, 351.735870361, 352.339599609, 352.94329834, 353.558624268, 354.173950195],
    "bpm_histogram": [0, 0, 0, 0, 0, 0, 0, 0, 0, 0, 0, 0, 0, 0, 0, 0, 0, 0, 0, 0, 0, 0, 0, 0, 0, 0, 0, 0, 0, 0, 0, 0, 0, 0, 0, 0, 0, 0, 0, 0, 0, 0, 0, 0, 0, 0, 0, 0, 0, 0, 0, 0, 0, 0, 0, 0, 0, 0, 0, 0, 0, 0, 0, 0, 0, 0, 0, 0, 0, 0, 0, 0, 0, 0, 0, 0, 0, 0, 0, 0, 0, 0, 0, 0, 0, 0, 0, 0, 0, 0.00357142859139, 0, 0.00714285718277, 0.0750000029802, 0, 0.342857152224, 0, 0.451785713434, 0, 0.10000000149, 0.0142857143655, 0, 0.00178571429569, 0, 0.00357142859139, 0, 0, 0, 0, 0, 0, 0, 0, 0, 0, 0, 0, 0, 0, 0, 0, 0, 0, 0, 0, 0, 0, 0, 0, 0, 0, 0, 0, 0, 0, 0, 0, 0, 0, 0, 0, 0, 0, 0, 0, 0, 0, 0, 0, 0, 0, 0, 0, 0, 0, 0, 0, 0, 0, 0, 0, 0, 0, 0, 0, 0, 0, 0, 0, 0, 0, 0, 0, 0, 0, 0, 0, 0, 0, 0, 0, 0, 0, 0, 0, 0, 0, 0, 0, 0, 0, 0, 0, 0, 0, 0, 0, 0, 0, 0, 0, 0, 0, 0, 0, 0, 0, 0, 0, 0, 0, 0, 0, 0, 0, 0, 0, 0, 0, 0, 0, 0, 0, 0, 0, 0, 0, 0, 0, 0, 0, 0, 0, 0, 0, 0, 0, 0, 0, 0, 0, 0, 0, 0, 0, 0, 0, 0, 0, 0, 0]
},
"tonal": {
    "chords_changes_rate": 0.0302356015891,
    "chords_number_rate": 0.00130890053697,
    "chords_strength": {
        "mean": 0.620255112648
    },
    "hpcp_crest": {
        "mean": 18.6294250488
    },
    "hpcp_entropy": {
        "mean": 1.39210951328
    },
    "key_edma": {
        "strength": 0.78546255827,
        "key": "D",
        "scale": "major"
    },
    "key_krumhansl": {
        "strength": 0.770360767841,
        "key": "D",
        "scale": "major"
    },
    "key_temperley": {
        "strength": 0.750699579716,
        "key": "D",
        "scale": "major"
    },
    "tuning_diatonic_strength": 0.582028150558,
    "tuning_equal_tempered_deviation": 0.134446918964,
    "tuning_frequency": 438.731048584,
    "tuning_nontempered_energy_ratio": 0.747183442116,
    "hpcp": {
        "mean": [0.379160821438, 0.24215041101, 0.0351682268083, 0.018747439608, 0.0139326173812, 0.02745022811, 0.0564866773784, 0.0620170086622, 0.039004009217, 0.0215744934976, 0.027632849291, 0.138310521841, 0.325153023005, 0.293770879507, 0.157611355186, 0.141995176673, 0.0882037505507, 0.0298791229725, 0.0390296280384, 0.0522031523287, 0.0690539106727, 0.139933332801, 0.13072822988, 0.0725120529532, 0.0698050633073, 0.0348479263484, 0.0550220124424, 0.140310809016, 0.101521573961, 0.0184711441398, 0.0140492096543, 0.0164778716862, 0.0461835451424, 0.102335475385, 0.0946554988623, 0.189415931702]
    },
    "chords_histogram": [14.0575914383, 12.971203804, 39.031414032, 7.64397907257, 3.31151843071, 1.76701569557, 0.0654450282454, 0, 0, 1.23036646843, 7.23821973801, 0, 0.523560225964, 0, 0, 0, 0, 6.54450273514, 0, 0.0785340294242, 0, 0, 0.013089004904, 5.52356004715],
    "thpcp": [1, 0.638648271561, 0.0927527993917, 0.0494445599616, 0.0367459319532, 0.0723973214626, 0.14897814393, 0.163563862443, 0.102869302034, 0.056900639087, 0.0728789642453, 0.364780634642, 0.857559680939, 0.774792313576, 0.415684700012, 0.374498546124, 0.23262886703, 0.0788033008575, 0.10293687135, 0.137680768967, 0.18212300539, 0.369060635567, 0.344783067703, 0.19124352932, 0.18410409987, 0.0919080376625, 0.145115241408, 0.370056182146, 0.267753332853, 0.0487158559263, 0.0370534323156, 0.0434587933123, 0.121804632246, 0.26989993453, 0.249644726515, 0.499566197395],
    "chords_key": "A",
    "chords_scale": "major"
}
}