{
"metadata": {
    "version": {
        "essentia": "2.1-beta6-dev",
        "essentia_git_sha": "v2.1_beta5-1177-g1d1cc983",
        "extractor": "music 2.0"
    },
    "audio_properties": {
        "analysis": {
            "equal_loudness": 0,
            "length": 305.040008545,
            "sample_rate": 44100,
            "start_time": 0,
            "downmix": "mix"
        },
        "bit_rate": 1411200,
        "length": 305.040008545,
        "lossless": 1,
        "number_channels": 2,
        "replay_gain": -9.70499229431,
        "sample_rate": 44100,
        "codec": "pcm_s16le",
        "md5_encoded": "24088ae43bd6400488d6c33996ab4895"
    },
    "tags": {
        "file_name": "03 - Manchester Orchestra - Do You Really Like Being Alone.wav",
        "album": ["Fourteen Years Of Excellence"],
        "albumartist": ["Manchester Orchestra"],
        "artist": ["Manchester Orchestra"],
        "composer": ["Andy Hull"],
        "copyright": ["(P) 2009 Sony Music Entertainment"],
        "date": ["2009"],
        "discnumber": ["1"],
        "disctotal": ["1"],
        "genre": ["Rock"],
        "isrc": ["USSM10901939"],
        "title": ["Do You Really Like Being Alone"],
        "tracknumber": ["3"],
        "tracktotal": ["4"]
    }
},
"lowlevel": {
    "average_loudness": 0.462960362434,
    "barkbands_crest": {
        "mean": 12.6046228409
    },
    "barkbands_flatness_db": {
        "mean": 0.271463125944
    },
    "barkbands_kurtosis": {
        "mean": 28.7518844604
    },
    "barkbands_skewness": {
        "mean": 3.29226279259
    },
    "barkbands_spread": {
        "mean": 10.0997476578
    },
    "dissonance": {
        "mean": 0.432039529085
    },
    "dynamic_complexity": 7.11478662491,
    "erbbands_crest": {
        "mean": 12.7386846542
    },
    "erbbands_flatness_db": {
        "mean": 0.213401243091
    },
    "erbbands_kurtosis": {
        "mean": 3.73588061333
    },
    "erbbands_skewness": {
        "mean": 1.05943632126
    },
    "erbbands_spread": {
        "mean": 31.067237854
    },
    "hfc": {
        "mean": 11.1387805939
    },
    "loudness_ebu128": {
        "integrated": -16.0427875519,
        "loudness_range": 10.176317215,
        "momentary": {
            "mean": -19.9720668793
        },
        "short_term": {
            "mean": -17.9807682037
        }
    },
    "melbands_crest": {
        "mean": 19.095041275
    },
    "melbands_flatness_db": {
        "mean": 0.369805663824
    },
    "melbands_kurtosis": {
        "mean": 51.9561004639
    },
    "melbands_skewness": {
        "mean": 4.48869085312
    },
    "melbands_spread": {
        "mean": 12.5899820328
    },
    "pitch_salience": {
        "mean": 0.423227965832
    },
    "silence_rate_20dB": {
        "mean": 1
    },
    "silence_rate_30dB": {
        "mean": 1
    },
    "silence_rate_60dB": {
        "mean": 0.29235804081
    },
    "spectral_centroid": {
        "mean": 671.59387207
    },
    "spectral_complexity": {
        "mean": 6.7049779892
    },
    "spectral_decrease": {
        "mean": -3.75871955782e-09
    },
    "spectral_energy": {
        "mean": 0.0151966344565
    },
    "spectral_energyband_high": {
        "mean": 0.00033297794289
    },
    "spectral_energyband_low": {
        "mean": 0.00563091645017
    },
    "spectral_energyband_middle_high": {
        "mean": 0.00380114233121
    },
    "spectral_energyband_middle_low": {
        "mean": 0.00627319840714
    },
    "spectral_entropy": {
        "mean": 6.371945858
    },
    "spectral_flux": {
        "mean": 0.0461884327233
    },
    "spectral_kurtosis": {
        "mean": 18.376619339
    },
    "spectral_rms": {
        "mean": 0.00327510689385
    },
    "spectral_rolloff": {
        "mean": 792.913330078
    },
    "spectral_skewness": {
        "mean": 3.01940107346
    },
    "spectral_spread": {
        "mean": 3425584.5
    },
    "spectral_strongpeak": {
        "mean": 0.867654502392
    },
    "zerocrossingrate": {
        "mean": 0.0309804752469
    },
    "barkbands": {
        "mean": [6.81360006638e-07, 0.00153268035501, 0.00335674989037, 0.00150883512106, 0.0030271911528, 0.000619770085905, 0.00022750235803, 0.000276400707662, 0.00039669603575, 0.000610128976405, 0.000791781698354, 0.000251385412412, 0.000342837593053, 0.000352557341103, 0.000413154892158, 0.000234577208175, 0.000330053764628, 0.000397468131268, 0.000175871580723, 3.65427658835e-05, 4.52147614851e-05, 5.85357047385e-05, 8.98275902728e-05, 6.1161845224e-05, 5.01487666043e-05, 8.42764711706e-06, 4.14502920876e-07]
    },
    "erbbands": {
        "mean": [0.00788458902389, 0.500068843365, 3.48212718964, 4.70278358459, 9.84355735779, 8.59923553467, 5.86550998688, 4.57482433319, 3.58384227753, 3.47975468636, 7.24155187607, 8.32054233551, 16.7909450531, 25.6356697083, 25.7730922699, 11.7658319473, 15.0364055634, 16.276506424, 21.7940387726, 21.1073303223, 10.3127746582, 17.6118526459, 23.2642555237, 15.386759758, 4.65585613251, 1.85036170483, 1.77401995659, 1.68486273289, 1.82249557972, 2.52433252335, 2.67568850517, 1.60597920418, 0.867969036102, 0.535383462906, 0.382955819368, 0.0773545280099, 0.00898274872452, 0.000810001743957, 9.40148165682e-05, 2.30164459936e-05]
    },
    "gfcc": {
        "mean": [-160.626296997, 130.575210571, -78.9202194214, 27.3541374207, -27.4210243225, 12.4204292297, -39.7672691345, -4.16093444824, -27.0737915039, -18.4129676819, -23.5609855652, -4.12759304047, -14.1576557159],
        "cov": [[17452.1738281, -2442.38769531, -4221.59619141, 897.897521973, -2247.88696289, -23.8304767609, -1012.42895508, 696.096130371, -321.818572998, -379.388214111, 35.692024231, 17.1134796143, -190.486694336], [-2442.38769531, 2186.16845703, 472.697723389, -756.657470703, 746.742492676, -195.257019043, 307.876037598, -226.770248413, 216.37197876, -26.4707012177, 135.034484863, -38.2870941162, 54.3683166504], [-4221.59619141, 472.697723389, 1846.67114258, -4.45952701569, 369.490814209, 64.8207168579, 228.81842041, -183.893875122, 54.7464752197, 221.941940308, -10.7321691513, 1.88006579876, 97.9073028564], [897.897521973, -756.657470703, -4.45952701569, 774.934997559, -155.758651733, -75.6167297363, -105.014450073, -13.5978536606, -61.3118133545, 66.8696670532, -32.7603378296, -5.65447711945, 63.0315093994], [-2247.88696289, 746.742492676, 369.490814209, -155.758651733, 794.394775391, -2.36584186554, 187.919448853, -139.806869507, 94.4702148438, 41.8278388977, 21.6747303009, -25.4535655975, 49.9899559021], [-23.8304767609, -195.257019043, 64.8207168579, -75.6167297363, -2.36584186554, 307.662475586, 87.7895278931, 9.36067962646, 22.1468734741, 22.789056778, 1.51282322407, -11.2421360016, -40.3655357361], [-1012.42895508, 307.876037598, 228.81842041, -105.014450073, 187.919448853, 87.7895278931, 290.35647583, -43.7938919067, 32.6363639832, 10.851474762, 19.1458206177, -16.7782917023, -7.45997714996], [696.096130371, -226.770248413, -183.893875122, -13.5978536606, -139.806869507, 9.36067962646, -43.7938919067, 227.722763062, -8.35290336609, -35.2437973022, 11.4267196655, 14.856420517, -32.4602203369], [-321.818572998, 216.37197876, 54.7464752197, -61.3118133545, 94.4702148438, 22.1468734741, 32.6363639832, -8.35290336609, 152.882049561, 42.6358222961, 25.0287799835, -20.2422637939, -5.41742181778], [-379.388214111, -26.4707012177, 221.941940308, 66.8696670532, 41.8278388977, 22.789056778, 10.851474762, -35.2437973022, 42.6358222961, 173.680862427, 28.9582576752, -18.7496414185, 6.32407331467], [35.692024231, 135.034484863, -10.7321691513, -32.7603378296, 21.6747303009, 1.51282322407, 19.1458206177, 11.4267196655, 25.0287799835, 28.9582576752, 117.739074707, 9.39492702484, -19.8448581696], [17.1134796143, -38.2870941162, 1.88006579876, -5.65447711945, -25.4535655975, -11.2421360016, -16.7782917023, 14.856420517, -20.2422637939, -18.7496414185, 9.39492702484, 87.7509918213, 14.7716560364], [-190.486694336, 54.3683166504, 97.9073028564, 63.0315093994, 49.9899559021, -40.3655357361, -7.45997714996, -32.4602203369, -5.41742181778, 6.32407331467, -19.8448581696, 14.7716560364, 86.9777069092]],
        "icov": [[0.0003118358145, -0.00047206869931, 0.000640029262286, -0.000620398321189, 0.000659823941533, -0.000712030974682, 0.000527651980519, -0.000449048064183, 0.000460733135697, -0.000296606944175, 0.000147200669744, -9.61879413808e-06, -3.93634909415e-05], [-0.00047206869931, 0.00323294778354, -0.00122368137818, 0.00309878238477, -0.00188611203339, 0.00343893421814, -0.00205746595748, 0.00213729590178, -0.00260271388106, 0.00166410708334, -0.00262225326151, 0.00118975096848, -0.00170519074891], [0.000640029262286, -0.00122368137818, 0.00215677684173, -0.00141986797098, 0.00130159431137, -0.00174898805562, 0.000702782184817, -0.000834720791318, 0.00126435793936, -0.00177957245614, 0.000871539639775, -0.000455055065686, -0.000558970612474], [-0.000620398321189, 0.00309878238477, -0.00141986797098, 0.00472900411114, -0.00176999391988, 0.00364336371422, -0.00189958210103, 0.00218977709301, -0.0019528780831, 0.00070323102409, -0.00212160684168, 0.00140176864807, -0.00265691359527], [0.000659823941533, -0.00188611203339, 0.00130159431137, -0.00176999391988, 0.00359752052464, -0.00205582007766, 0.00067761115497, -0.000750217703171, 0.000868623319548, -0.000975061499048, 0.000900908664335, -8.43123780214e-05, -0.000457166723209], [-0.000712030974682, 0.00343893421814, -0.00174898805562, 0.00364336371422, -0.00205582007766, 0.00778626138344, -0.00363025860861, 0.00222936528735, -0.00311539974064, 0.00113748165313, -0.00190535734873, 0.00095936586149, 6.07922338531e-05], [0.000527651980519, -0.00205746595748, 0.000702782184817, -0.00189958210103, 0.00067761115497, -0.00363025860861, 0.00651846872643, -0.00121316302102, 0.00167703640182, -0.000220822897973, 0.00062497734325, 9.80978220468e-05, 0.00130573567003], [-0.000449048064183, 0.00213729590178, -0.000834720791318, 0.00218977709301, -0.000750217703171, 0.00222936528735, -0.00121316302102, 0.00690709194168, -0.00218090205453, 0.00179604592267, -0.00207423930988, -9.3408387329e-05, 0.000248954485869], [0.000460733135697, -0.00260271388106, 0.00126435793936, -0.0019528780831, 0.000868623319548, -0.00311539974064, 0.00167703640182, -0.00218090205453, 0.0102534163743, -0.00326034286991, 0.000985961407423, 0.000555839564186, 0.0010190414032], [-0.000296606944175, 0.00166410708334, -0.00177957245614, 0.00070323102409, -0.000975061499048, 0.00113748165313, -0.000220822897973, 0.00179604592267, -0.00326034286991, 0.00949354190379, -0.00366453127936, 0.00214532553218, -0.000550353899598], [0.000147200669744, -0.00262225326151, 0.000871539639775, -0.00212160684168, 0.000900908664335, -0.00190535734873, 0.00062497734325, -0.00207423930988, 0.000985961407423, -0.00366453127936, 0.0125743271783, -0.00344533403404, 0.0041773384437], [-9.61879413808e-06, 0.00118975096848, -0.000455055065686, 0.00140176864807, -8.43123780214e-05, 0.00095936586149, 9.80978220468e-05, -9.3408387329e-05, 0.000555839564186, 0.00214532553218, -0.00344533403404, 0.0137872193009, -0.00405009230599], [-3.93634909415e-05, -0.00170519074891, -0.000558970612474, -0.00265691359527, -0.000457166723209, 6.07922338531e-05, 0.00130573567003, 0.000248954485869, 0.0010190414032, -0.000550353899598, 0.0041773384437, -0.00405009230599, 0.0172718111426]]
    },
    "melbands": {
        "mean": [0.000225737443543, 0.00141946831718, 0.000974194146693, 0.000717837945558, 0.000221147827688, 0.000104099301097, 5.34327555215e-05, 4.05118480558e-05, 5.78568833589e-05, 5.62033637834e-05, 8.36621184135e-05, 9.91209017229e-05, 0.000107359795948, 3.15635516017e-05, 3.24521024595e-05, 3.05008397845e-05, 3.05862849928e-05, 3.60794365406e-05, 2.8958556868e-05, 2.29082361329e-05, 1.0094044228e-05, 1.51657641254e-05, 2.38024531427e-05, 2.15929267142e-05, 1.16186038213e-05, 4.57969690615e-06, 1.51854817432e-06, 1.12896373139e-06, 1.00473766906e-06, 1.25420501718e-06, 8.39935296426e-07, 8.58568114381e-07, 1.45569049437e-06, 1.33752098463e-06, 1.56872215484e-06, 1.32286436383e-06, 8.95082109764e-07, 7.00130215137e-07, 3.47726285099e-07, 5.02751447584e-07]
    },
    "melbands128": {
        "mean": [5.5750268757e-07, 3.90443256038e-06, 9.39593155636e-05, 0.00104865117464, 0.00180100370198, 0.00155839254148, 0.000911056355108, 0.000762210926041, 0.00111245259177, 0.000846795272082, 0.000398087489884, 0.000240061432123, 0.000207272198168, 0.000145775309647, 0.000101261968666, 8.98703146959e-05, 5.76866113988e-05, 5.19276109117e-05, 3.77179458155e-05, 3.72349495592e-05, 3.39406906278e-05, 7.10532258381e-05, 6.38777783024e-05, 4.1232091462e-05, 4.44048200734e-05, 5.7725374063e-05, 9.68602544162e-05, 9.50192770688e-05, 5.4839943914e-05, 9.70938272076e-05, 9.35972275329e-05, 0.000145650381455, 0.000143843048136, 5.11304533575e-05, 2.96094622172e-05, 3.08335074806e-05, 2.83028075501e-05, 2.31674875977e-05, 4.90182319481e-05, 2.90592197416e-05, 2.64285026788e-05, 3.05144403683e-05, 2.62173089141e-05, 3.22067789966e-05, 4.04239253839e-05, 3.56640666723e-05, 3.44217296515e-05, 2.49610966421e-05, 2.63860692939e-05, 3.86864558095e-05, 2.08854817174e-05, 1.00393399407e-05, 9.22949766391e-06, 1.08129734144e-05, 1.0732627743e-05, 9.3469843705e-06, 2.31248177442e-05, 3.58032266377e-05, 1.74645629158e-05, 1.39245184982e-05, 3.22710293403e-05, 1.68523074535e-05, 1.08455769805e-05, 1.3256544662e-05, 7.16573276804e-06, 4.04065622206e-06, 3.28890382661e-06, 1.6164868839e-06, 1.15047123472e-06, 1.20673905712e-06, 1.17209594919e-06, 1.07007508632e-06, 1.0067403764e-06, 9.09240725377e-07, 1.11385998025e-06, 1.32557056531e-06, 1.34692618303e-06, 1.01382886442e-06, 7.67790197642e-07, 6.27543101928e-07, 8.11642735243e-07, 8.14729276044e-07, 1.28542944822e-06, 1.57874330853e-06, 1.6134811176e-06, 1.36104574722e-06, 1.22836229366e-06, 1.24443693039e-06, 1.69813142747e-06, 1.69276063389e-06, 1.60777256042e-06, 1.23382926631e-06, 8.16804401893e-07, 8.37578340906e-07, 9.95794948722e-07, 8.74232796377e-07, 6.18333899638e-07, 4.85107705117e-07, 3.28894003587e-07, 2.63005006218e-07, 3.77985088562e-07, 5.85659051922e-07, 5.98981387157e-07, 5.36476136404e-07, 4.80312394302e-07, 3.96769195277e-07, 2.27676650866e-07, 1.60813584671e-07, 1.13838630966e-07, 6.71952449238e-08, 5.01193930802e-08, 3.05040828152e-08, 1.96833198629e-08, 1.14305240828e-08, 8.77905836916e-09, 5.67935343199e-09, 3.29113203357e-09, 3.5274576593e-09, 2.88962764827e-09, 2.35382380254e-09, 1.9142223362e-09, 1.69645431036e-09, 1.46221756925e-09, 8.39547653619e-10, 3.38451544568e-10, 6.33661664806e-11, 4.55079854009e-12, 1.99951773888e-12]
    },
    "mfcc": {
        "mean": [-823.058532715, 170.872024536, 14.7418804169, 29.208984375, 28.0536880493, 16.9130115509, -0.0404470935464, 14.0662298203, -2.90945219994, -7.51199865341, -7.58567237854, -8.50165748596, -8.05834293365],
        "cov": [[20395.8203125, -3935.08300781, -2532.59521484, -250.263015747, -1178.36730957, -1172.67150879, -1071.43969727, 531.034118652, -940.117248535, 99.168762207, 75.6511154175, -535.213439941, -559.33404541], [-3935.08300781, 3086.40551758, -40.1347198486, -298.49609375, 317.493164062, 173.818267822, 187.852416992, -40.2738723755, 162.859542847, -54.5041923523, 69.9251098633, 196.52142334, 184.180038452], [-2532.59521484, -40.1347198486, 1255.1920166, 150.713745117, 8.18216609955, 170.853256226, 136.473419189, -181.141113281, 142.243972778, -7.67223072052, -30.7925319672, 106.432403564, 110.694206238], [-250.263015747, -298.49609375, 150.713745117, 628.698608398, 104.917121887, 27.6169910431, 24.7921924591, -147.027496338, 65.7671203613, -73.2636795044, -45.671710968, 33.0137214661, 17.3669757843], [-1178.36730957, 317.493164062, 8.18216609955, 104.917121887, 365.110290527, 113.557983398, 54.4309577942, -47.7925033569, 79.6294784546, 4.99512052536, 6.0480799675, 43.4243659973, 32.2148857117], [-1172.67150879, 173.818267822, 170.853256226, 27.6169910431, 113.557983398, 380.98614502, 132.134490967, -69.7459335327, 101.692550659, 15.6655550003, 16.0028648376, 71.8395462036, 42.0606880188], [-1071.43969727, 187.852416992, 136.473419189, 24.7921924591, 54.4309577942, 132.134490967, 248.728546143, 11.9807071686, 66.3445587158, 10.0089788437, 14.6267213821, 53.722278595, 41.2883262634], [531.034118652, -40.2738723755, -181.141113281, -147.027496338, -47.7925033569, -69.7459335327, 11.9807071686, 238.728851318, -25.2702674866, 16.5723762512, 23.299407959, -40.2009124756, -28.1573886871], [-940.117248535, 162.859542847, 142.243972778, 65.7671203613, 79.6294784546, 101.692550659, 66.3445587158, -25.2702674866, 175.493606567, 6.82131814957, -16.7549343109, 32.0404815674, 30.5816078186], [99.168762207, -54.5041923523, -7.67223072052, -73.2636795044, 4.99512052536, 15.6655550003, 10.0089788437, 16.5723762512, 6.82131814957, 169.838302612, 58.17137146, -3.75053882599, 5.52529478073], [75.6511154175, 69.9251098633, -30.7925319672, -45.671710968, 6.0480799675, 16.0028648376, 14.6267213821, 23.299407959, -16.7549343109, 58.17137146, 141.025039673, 31.8297176361, 1.35057485104], [-535.213439941, 196.52142334, 106.432403564, 33.0137214661, 43.4243659973, 71.8395462036, 53.722278595, -40.2009124756, 32.0404815674, -3.75053882599, 31.8297176361, 140.078765869, 57.1595458984], [-559.33404541, 184.180038452, 110.694206238, 17.3669757843, 32.2148857117, 42.0606880188, 41.2883262634, -28.1573886871, 30.5816078186, 5.52529478073, 1.35057485104, 57.1595458984, 118.863540649]],
        "icov": [[0.000148050428834, 0.000128706087708, 0.000228890872677, -4.43345415988e-05, 0.00025760292192, 5.91574607824e-05, 0.000287406699499, -7.77316308813e-05, 0.000234268649365, -6.67403583066e-05, -6.7590684921e-05, -8.87919668457e-05, 6.78638825775e-05], [0.000128706087708, 0.000616912730038, 0.000326703913743, 0.000409059575759, -0.000146810853039, 0.000196896216949, 9.26053962758e-06, 0.000203935604077, -0.000215349748032, 0.000404868769692, -0.000320899358485, -0.000394392583985, -0.000469180056825], [0.000228890872677, 0.000326703913743, 0.0014728109818, -1.71252224845e-06, 0.000665093772113, 4.65586454084e-05, 9.77272247837e-06, 0.000637575692963, -0.000336110853823, -1.77974707185e-05, -3.04336990666e-05, -0.000446700985776, -0.000547110976186], [-4.43345415988e-05, 0.000409059575759, -1.71252224845e-06, 0.00250895484351, -0.000840964377858, 0.000526059302501, -0.000578429666348, 0.0014651925303, -0.00100407097489, 0.00118666340131, -0.000110016801045, -0.000304795918055, -0.000266677670879], [0.00025760292192, -0.000146810853039, 0.000665093772113, -0.000840964377858, 0.00415567774326, -0.000639500736725, 0.000537599786185, -1.04612554424e-05, -0.000390297209378, -0.000578678445891, -0.000110068518552, -0.000224533694563, 9.04978005565e-05], [5.91574607824e-05, 0.000196896216949, 4.65586454084e-05, 0.000526059302501, -0.000639500736725, 0.00411877594888, -0.00153182796203, 0.00118032738101, -0.00135913828854, 4.49984654551e-05, -0.000414763402659, -0.000848632596899, 0.000141024531331], [0.000287406699499, 9.26053962758e-06, 9.77272247837e-06, -0.000578429666348, 0.000537599786185, -0.00153182796203, 0.00639379722998, -0.00180901330896, -5.75917511014e-05, -0.00044102728134, -0.000162167125382, -0.000961270707194, -0.000340203987435], [-7.77316308813e-05, 0.000203935604077, 0.000637575692963, 0.0014651925303, -1.04612554424e-05, 0.00118032738101, -0.00180901330896, 0.00633022421971, -0.00105464563239, 0.000563809764571, -0.00101631670259, 0.000978962169029, 9.40370318858e-06], [0.000234268649365, -0.000215349748032, -0.000336110853823, -0.00100407097489, -0.000390297209378, -0.00135913828854, -5.75917511014e-05, -0.00105464563239, 0.00886123627424, -0.00132050481625, 0.00158681231551, -0.000252183876, 0.000137461494887], [-6.67403583066e-05, 0.000404868769692, -1.77974707185e-05, 0.00118666340131, -0.000578678445891, 4.49984654551e-05, -0.00044102728134, 0.000563809764571, -0.00132050481625, 0.00786055903882, -0.00347131723538, 0.0012035415275, -0.00123551639263], [-6.7590684921e-05, -0.000320899358485, -3.04336990666e-05, -0.000110016801045, -0.000110068518552, -0.000414763402659, -0.000162167125382, -0.00101631670259, 0.00158681231551, -0.00347131723538, 0.00975015480071, -0.00293009052984, 0.00126711651683], [-8.87919668457e-05, -0.000394392583985, -0.000446700985776, -0.000304795918055, -0.000224533694563, -0.000848632596899, -0.000961270707194, 0.000978962169029, -0.000252183876, 0.0012035415275, -0.00293009052984, 0.0112121058628, -0.00376870972104], [6.78638825775e-05, -0.000469180056825, -0.000547110976186, -0.000266677670879, 9.04978005565e-05, 0.000141024531331, -0.000340203987435, 9.40370318858e-06, 0.000137461494887, -0.00123551639263, 0.00126711651683, -0.00376870972104, 0.0118737760931]]
    },
    "spectral_contrast_coeffs": {
        "mean": [-0.650031924248, -0.750869989395, -0.758699178696, -0.793640553951, -0.778023183346, -0.80687224865]
    },
    "spectral_contrast_valleys": {
        "mean": [-7.47058153152, -8.70060825348, -9.15200519562, -9.37645530701, -9.94754981995, -12.3042449951]
    }
},
"rhythm": {
    "beats_count": 656,
    "beats_loudness": {
        "mean": 0.0185005236417
    },
    "bpm": 123.342460632,
    "bpm_histogram_first_peak_bpm": 123,
    "bpm_histogram_first_peak_weight": 0.549707651138,
    "bpm_histogram_second_peak_bpm": 152,
    "bpm_histogram_second_peak_spread": 0.466666698456,
    "bpm_histogram_second_peak_weight": 0.0488549619913,
    "danceability": 0.925988554955,
    "onset_rate": 3.24206852913,
    "beats_loudness_band_ratio": {
        "mean": [0.661061286926, 0.196404159069, 0.0509028024971, 0.066943846643, 0.0602205842733, 0.0463747531176]
    },
    "beats_position": [0.49922901392, 0.99845802784, 1.48607707024, 1.9620860815, 2.4497051239, 2.94893407822, 3.44816327095, 3.95900225639, 4.5046710968, 5.05034017563, 5.59600877762, 6.15328788757, 6.72217655182, 7.27945566177, 7.83673477173, 8.38240337372, 8.92807197571, 9.45052146912, 9.97297000885, 10.4489793777, 10.9249887466, 11.4009971619, 11.8653964996, 12.3530158997, 12.840634346, 13.3398637772, 13.8507022858, 14.3499317169, 14.8607711792, 15.3716096878, 15.8940582275, 16.4513378143, 16.9853973389, 17.5542850494, 18.088344574, 18.6224040985, 19.1564617157, 19.6789112091, 20.2129707336, 20.7354183197, 21.246257782, 21.7570972443, 22.2795467377, 22.6742858887, 23.0690250397, 23.4753742218, 23.8701133728, 24.2648525238, 24.6712017059, 25.0775508881, 25.4722900391, 25.8786392212, 26.2849884033, 26.6797275543, 27.0744667053, 27.4575958252, 27.8407249451, 28.2819042206, 28.711473465, 29.1526527405, 29.5822219849, 30.0234012604, 30.4878005981, 30.9405899048, 31.4282073975, 31.9158267975, 32.4034461975, 32.8910636902, 33.3670730591, 33.8546943665, 34.3423118591, 34.818321228, 35.2943305969, 35.7819480896, 36.2579574585, 36.7339668274, 37.2215881348, 37.7092056274, 38.2084350586, 38.7076644897, 39.2068939209, 39.7061233521, 40.1937408447, 40.6813583374, 41.1573677063, 41.6333770752, 42.1209983826, 42.6086158752, 43.0846252441, 43.560634613, 44.0482521057, 44.5242614746, 45.0002708435, 45.4646720886, 45.9406776428, 46.4166870117, 46.8926963806, 47.3687057495, 47.8447151184, 48.3091163635, 48.7851219177, 49.2727432251, 49.748752594, 50.2247619629, 50.7123794556, 51.2116088867, 51.7224464417, 52.210067749, 52.6628570557, 53.1272544861, 53.603263855, 54.0792732239, 54.5552825928, 55.0545120239, 55.5305213928, 56.0181388855, 56.5057601929, 56.9817695618, 57.457775116, 57.9221763611, 58.39818573, 58.8858032227, 59.3618125916, 59.8262138367, 60.3022193909, 60.766620636, 61.2426300049, 61.7186393738, 62.1946487427, 62.6706581116, 63.1466636658, 63.6342849731, 64.1335144043, 64.6327438354, 65.1551895142, 65.6544189453, 66.1652603149, 66.6761016846, 67.1869354248, 67.6629486084, 68.1505661011, 68.6381835938, 69.1258010864, 69.6134262085, 70.0894317627, 70.5886611938, 71.087890625, 71.5755081177, 72.0631256104, 72.5623550415, 73.0731964111, 73.5956420898, 74.1064834595, 74.5941009521, 75.0817184448, 75.5577316284, 76.0453491211, 76.5329666138, 77.0205917358, 77.5082092285, 77.9842147827, 78.4834442139, 78.982673645, 79.4586868286, 79.9463043213, 80.433921814, 80.9099273682, 81.3975524902, 81.8735580444, 82.3611755371, 82.8371887207, 83.3364181519, 83.8240356445, 84.3000411987, 84.7760543823, 85.263671875, 85.7512893677, 86.2389068604, 86.7265319824, 87.2141494751, 87.6901550293, 88.1661682129, 88.6421737671, 89.1181869507, 89.6058044434, 90.0818099976, 90.5578231812, 91.1034927368, 91.637550354, 92.1599960327, 92.6824493408, 93.216506958, 93.6925125122, 94.1801376343, 94.667755127, 95.1437606812, 95.6197738647, 96.1073913574, 96.5950088501, 97.0826263428, 97.5702438354, 98.0578689575, 98.5570983887, 99.0563278198, 99.5439453125, 100.031562805, 100.507568359, 100.983581543, 101.459587097, 101.923988342, 102.400001526, 102.887619019, 103.375236511, 103.862854004, 104.292427063, 104.698776245, 105.105125427, 105.534690857, 105.964263916, 106.393829346, 106.800178528, 107.218139648, 107.647705078, 108.077278137, 108.483627319, 108.878364563, 109.261497498, 109.644622803, 110.016143799, 110.410881042, 110.805618286, 111.188751221, 111.583488464, 111.95500946, 112.326530457, 112.709655762, 113.092788696, 113.475914001, 113.859046936, 114.242172241, 114.660133362, 115.054870605, 115.461219788, 115.86756897, 116.273918152, 116.680267334, 117.098228455, 117.516189575, 117.922538757, 118.328887939, 118.74684906, 119.153198242, 119.559547424, 119.954284668, 120.36063385, 120.743759155, 121.115280151, 121.486801147, 121.858322144, 122.218231201, 122.589744568, 122.961265564, 123.321174622, 123.66947937, 124.017776489, 124.377685547, 124.737594604, 125.109115601, 125.480628967, 125.852149963, 126.223670959, 126.583580017, 126.943489075, 127.303398132, 127.66330719, 128.023223877, 128.383132935, 128.731430054, 129.079727173, 129.43963623, 129.799545288, 130.159454346, 130.519363403, 130.879272461, 131.239181519, 131.610702515, 131.982223511, 132.342132568, 132.702041626, 133.050338745, 133.421859741, 133.793380737, 134.164901733, 134.536407471, 134.907928467, 135.256240845, 135.627746582, 135.999267578, 136.347564697, 136.695877075, 137.044174194, 137.392471313, 137.740768433, 138.10067749, 138.472198486, 138.832107544, 139.20362854, 139.586761475, 140.004714966, 140.422668457, 140.852249146, 141.270202637, 141.676544189, 142.082901001, 142.489242554, 142.988479614, 143.499313354, 143.998550415, 144.497772217, 144.985397339, 145.473007202, 145.949020386, 146.425033569, 146.912643433, 147.400268555, 147.887893677, 148.387115479, 148.886352539, 149.373962402, 149.873199463, 150.349197388, 150.825210571, 151.301223755, 151.777236938, 152.253234863, 152.740859985, 153.228485107, 153.716094971, 154.203720093, 154.691329956, 155.178955078, 155.6665802, 156.154190063, 156.630203247, 157.11781311, 157.593826294, 158.081451416, 158.569061279, 159.056686401, 159.544311523, 160.031921387, 160.519546509, 161.007156372, 161.494781494, 161.982406616, 162.470016479, 162.957641602, 163.445251465, 163.932876587, 164.420501709, 164.908111572, 165.384124756, 165.860137939, 166.324539185, 166.812149048, 167.29977417, 167.787384033, 168.275009155, 168.751022339, 169.238632202, 169.714645386, 170.225479126, 170.724716187, 171.235549927, 171.734786987, 172.234008789, 172.849334717, 173.453063965, 174.056777954, 174.648880005, 175.264221191, 175.821487427, 176.378768921, 176.88961792, 177.388839722, 177.899673462, 178.398910522, 178.886520386, 179.385757446, 179.884979248, 180.384216309, 180.860229492, 181.336227417, 181.812240601, 182.288253784, 182.764266968, 183.251876831, 183.739501953, 184.227111816, 184.703125, 185.179138184, 185.666748047, 186.177597046, 186.665206909, 187.152832031, 187.652053833, 188.139678955, 188.638900757, 189.138137817, 189.625762939, 190.124984741, 190.612609863, 191.111831665, 191.599456787, 192.098678589, 192.597915649, 193.097137451, 193.596374512, 194.095596313, 194.594833374, 195.094055176, 195.581680298, 196.057678223, 196.533691406, 197.00970459, 197.485717773, 197.973327637, 198.44934082, 198.925354004, 199.412963867, 199.900588989, 200.376602173, 200.852600098, 201.328613281, 201.804626465, 202.292236328, 202.77986145, 203.267486572, 203.755096436, 204.242721558, 204.730331421, 205.206344604, 205.682357788, 206.158370972, 206.634368896, 207.121994019, 207.609603882, 208.097229004, 208.573242188, 209.049255371, 209.536865234, 210.024490356, 210.51210022, 210.999725342, 211.475738525, 211.963348389, 212.450973511, 212.950195312, 213.449432373, 213.948654175, 214.436279297, 214.92388916, 215.411514282, 215.899139404, 216.375137329, 216.851150513, 217.338775635, 217.826385498, 218.325622559, 218.82484436, 219.324081421, 219.811691284, 220.287704468, 220.763717651, 221.239730835, 221.785385132, 222.342666626, 222.89994812, 223.457229614, 224.00289917, 224.560180664, 225.117462158, 225.674728394, 226.20880127, 226.742858887, 227.276916504, 227.694869995, 228.089614868, 228.484344482, 228.867477417, 229.250610352, 229.645339966, 230.063308716, 230.469650269, 230.87600708, 231.270736694, 231.653869629, 232.037002563, 232.431747437, 232.826477051, 233.221221924, 233.627563477, 234.033920288, 234.440261841, 234.962722778, 235.46194458, 235.961181641, 236.541671753, 237.122177124, 237.702667236, 238.294784546, 238.886886597, 239.36289978, 239.850509644, 240.338134766, 240.837371826, 241.336593628, 241.835830688, 242.33505249, 242.84588623, 243.368347168, 243.821136475, 244.273925781, 244.726715088, 245.191101074, 245.632278442, 246.085067749, 246.537857056, 246.979049683, 247.431838989, 247.896224976, 248.407073975, 248.906295776, 249.405532837, 249.8931427, 250.380767822, 250.868392944, 251.356002808, 251.84362793, 252.331237793, 252.830474854, 253.329696655, 253.828933716, 254.316543579, 254.81578064, 255.315002441, 255.779403687, 256.255401611, 256.731414795, 257.253875732, 257.77633667, 258.310394287, 258.856048584, 259.390106201, 259.889343262, 260.388580322, 260.887786865, 261.387023926, 261.874633789, 262.385467529, 262.907928467, 263.38394165, 263.871551514, 264.359191895, 264.870025635, 265.369232178, 265.868469238, 266.356109619, 266.843719482, 267.331329346, 267.830566406, 268.329803467, 268.81741333, 269.305023193, 269.815856934, 270.326721191, 270.825927734, 271.336761475, 271.847625732, 272.195922852, 272.532592773, 272.869293213, 273.205993652, 273.531066895, 273.867736816, 274.204437256, 274.541137695, 274.877807617, 275.214508057, 275.562805176, 275.922729492, 276.282623291, 276.665740967, 277.04888916, 277.420410156, 277.791931152, 278.163452148, 278.546569824, 278.906494141, 279.277984619, 279.695953369, 280.090698242, 280.485443115, 280.880187988, 281.274902344, 281.669647217, 282.06439209, 282.470733643, 282.865478516, 283.248626709, 283.620117188, 283.991638184, 284.36315918, 284.746307373, 285.129425049, 285.617034912, 286.093048096, 286.580688477, 287.14956665, 287.730072021, 288.310546875, 288.879455566, 289.459960938, 290.017242432, 290.574493408, 291.154998779, 291.73550415, 292.327606201, 292.850067139, 293.372497559, 293.906585693, 294.417419434, 294.916625977, 295.415863037, 295.915100098, 296.402709961, 296.890319824, 297.366333008, 297.842346191, 298.329986572, 298.724700928, 299.119445801, 299.537414551, 299.943756104, 300.326873779, 300.721618652, 301.116363525, 301.511108398, 301.859405518, 302.207702637, 302.567626953, 302.927520752, 303.275817871, 303.62411499, 303.972412109, 304.332336426],
    "bpm_histogram": [0, 0, 0, 0, 0, 0, 0, 0, 0, 0, 0, 0, 0, 0, 0, 0, 0, 0, 0, 0, 0, 0, 0, 0, 0, 0, 0, 0, 0, 0, 0, 0, 0, 0, 0, 0, 0, 0, 0, 0, 0, 0, 0, 0, 0, 0, 0, 0, 0, 0, 0, 0, 0, 0, 0, 0, 0, 0, 0, 0, 0, 0, 0, 0, 0, 0, 0, 0, 0, 0, 0, 0, 0, 0, 0, 0, 0, 0, 0, 0, 0, 0, 0, 0, 0, 0, 0, 0, 0, 0, 0, 0, 0, 0, 0, 0, 0, 0, 0.00305343512446, 0.00305343512446, 0, 0.00610687024891, 0, 0.0122137404978, 0, 0.00610687024891, 0, 0, 0.0213740449399, 0, 0.0137404575944, 0, 0.0198473278433, 0, 0, 0.0259541980922, 0, 0.0412213727832, 0, 0, 0.120610684156, 0, 0, 0.235114499927, 0, 0, 0.166412219405, 0, 0, 0.0198473278433, 0, 0, 0, 0.0122137404978, 0, 0, 0.00763358781114, 0, 0, 0, 0.0137404575944, 0, 0, 0, 0.0183206107467, 0, 0, 0, 0.0427480898798, 0, 0, 0, 0.0488549619913, 0, 0, 0, 0, 0.0351145043969, 0, 0, 0, 0.0366412214935, 0.00916030537337, 0, 0, 0, 0, 0.0396946556866, 0, 0, 0, 0, 0.0274809151888, 0, 0, 0, 0, 0, 0.0122137404978, 0, 0, 0, 0, 0, 0, 0.00152671756223, 0, 0, 0, 0, 0, 0, 0, 0, 0, 0, 0, 0, 0, 0, 0, 0, 0, 0, 0, 0, 0, 0, 0, 0, 0, 0, 0, 0, 0, 0, 0, 0, 0, 0, 0, 0, 0, 0, 0, 0, 0, 0, 0, 0, 0, 0, 0, 0, 0, 0, 0, 0, 0, 0, 0, 0, 0, 0, 0, 0, 0, 0, 0, 0]
},
"tonal": {
    "chords_changes_rate": 0.0430745817721,
    "chords_number_rate": 0.00197869096883,
    "chords_strength": {
        "mean": 0.522746384144
    },
    "hpcp_crest": {
        "mean": 15.3872089386
    },
    "hpcp_entropy": {
        "mean": 1.78751516342
    },
    "key_edma": {
        "strength": 0.809706330299,
        "key": "C",
        "scale": "major"
    },
    "key_krumhansl": {
        "strength": 0.80584871769,
        "key": "C",
        "scale": "major"
    },
    "key_temperley": {
        "strength": 0.797006487846,
        "key": "C",
        "scale": "major"
    },
    "tuning_diatonic_strength": 0.618660867214,
    "tuning_equal_tempered_deviation": 0.0471530593932,
    "tuning_frequency": 437.465789795,
    "tuning_nontempered_energy_ratio": 0.677183270454,
    "hpcp": {
        "mean": [0.115979783237, 0.0848178192973, 0.0333979986608, 0.0248397458345, 0.0285061486065, 0.0844583436847, 0.148512974381, 0.116703294218, 0.156434327364, 0.240180104971, 0.134714722633, 0.027668710798, 0.0264284610748, 0.030148062855, 0.0501343533397, 0.0904216989875, 0.071944013238, 0.0265490021557, 0.0209636390209, 0.0290977843106, 0.0637138113379, 0.081467024982, 0.0551005080342, 0.0357874408364, 0.0312080085278, 0.0309735331684, 0.0572997815907, 0.0899439901114, 0.0967987179756, 0.277574211359, 0.477168351412, 0.287923038006, 0.0660367012024, 0.0443203411996, 0.0422446094453, 0.0737131759524]
    },
    "chords_histogram": [21.5525112152, 7.83866071701, 36.1187210083, 1.94824957848, 1.49162864685, 2.35920858383, 1.32420086861, 0, 0.197869107127, 1.0654489994, 4.550989151, 0.228310495615, 0.197869107127, 0, 0, 0, 0, 12.9223747253, 0.0152206998318, 3.10502290726, 0, 0, 2.1765601635, 2.90715384483],
    "thpcp": [1, 0.603399276733, 0.138392880559, 0.0928819775581, 0.0885318741202, 0.154480442405, 0.243058413267, 0.177752405405, 0.0699920654297, 0.0520565658808, 0.0597402341664, 0.176999047399, 0.311238110065, 0.244574680924, 0.327838867903, 0.503344595432, 0.282321155071, 0.0579852163792, 0.0553860291839, 0.0631811842322, 0.105066381395, 0.189496427774, 0.150772809982, 0.0556386485696, 0.0439334213734, 0.0609801225364, 0.133524805307, 0.170730158687, 0.115473933518, 0.0749996080995, 0.065402507782, 0.0649111196399, 0.120082944632, 0.18849529326, 0.202860727906, 0.581711292267],
    "chords_key": "G",
    "chords_scale": "major"
}
}