{
"metadata": {
    "version": {
        "essentia": "2.1-beta6-dev",
        "essentia_git_sha": "v2.1_beta5-1177-g1d1cc983",
        "extractor": "music 2.0"
    },
    "audio_properties": {
        "analysis": {
            "equal_loudness": 0,
            "length": 261.839996338,
            "sample_rate": 44100,
            "start_time": 0,
            "downmix": "mix"
        },
        "bit_rate": 1411200,
        "length": 261.839996338,
        "lossless": 1,
        "number_channels": 2,
        "replay_gain": -14.659992218,
        "sample_rate": 44100,
        "codec": "pcm_s16le",
        "md5_encoded": "2487baf05d73a5c80ffa8b3481793c1c"
    },
    "tags": {
        "file_name": "09 - Manchester Orchestra - Alice and Interiors.wav",
        "album": ["I'm Like a Virgin Losing a Child"],
        "albumartist": ["Manchester Orchestra"],
        "artist": ["Manchester Orchestra"],
        "copyright": ["2006 Favorite Gentlemen 2006 Favorite Gentlemen"],
        "date": ["2006"],
        "discnumber": ["1"],
        "disctotal": ["1"],
        "genre": ["Alternative & Indie"],
        "isrc": ["USTC10665314"],
        "title": ["Alice and Interiors"],
        "tracknumber": ["9"],
        "tracktotal": ["11"]
    }
},
"lowlevel": {
    "average_loudness": 0.868224978447,
    "barkbands_crest": {
        "mean": 10.256772995
    },
    "barkbands_flatness_db": {
        "mean": 0.126484155655
    },
    "barkbands_kurtosis": {
        "mean": 3.71808075905
    },
    "barkbands_skewness": {
        "mean": 1.35353410244
    },
    "barkbands_spread": {
        "mean": 29.8668308258
    },
    "dissonance": {
        "mean": 0.464264214039
    },
    "dynamic_complexity": 5.38123559952,
    "erbbands_crest": {
        "mean": 7.86033391953
    },
    "erbbands_flatness_db": {
        "mean": 0.143091768026
    },
    "erbbands_kurtosis": {
        "mean": 0.72520595789
    },
    "erbbands_skewness": {
        "mean": 0.118470415473
    },
    "erbbands_spread": {
        "mean": 39.8991165161
    },
    "hfc": {
        "mean": 19.5271282196
    },
    "loudness_ebu128": {
        "integrated": -8.94456100464,
        "loudness_range": 11.7998638153,
        "momentary": {
            "mean": -12.2085666656
        },
        "short_term": {
            "mean": -11.2550792694
        }
    },
    "melbands_crest": {
        "mean": 14.4767255783
    },
    "melbands_flatness_db": {
        "mean": 0.194028109312
    },
    "melbands_kurtosis": {
        "mean": 12.897231102
    },
    "melbands_skewness": {
        "mean": 2.64938640594
    },
    "melbands_spread": {
        "mean": 28.1283912659
    },
    "pitch_salience": {
        "mean": 0.553680479527
    },
    "silence_rate_20dB": {
        "mean": 1
    },
    "silence_rate_30dB": {
        "mean": 0.998226642609
    },
    "silence_rate_60dB": {
        "mean": 0.154371336102
    },
    "spectral_centroid": {
        "mean": 1763.09960938
    },
    "spectral_complexity": {
        "mean": 23.0124130249
    },
    "spectral_decrease": {
        "mean": -5.74623371108e-09
    },
    "spectral_energy": {
        "mean": 0.0234587732702
    },
    "spectral_energyband_high": {
        "mean": 0.00101331062615
    },
    "spectral_energyband_low": {
        "mean": 0.0090758651495
    },
    "spectral_energyband_middle_high": {
        "mean": 0.00562403164804
    },
    "spectral_energyband_middle_low": {
        "mean": 0.00846237223595
    },
    "spectral_entropy": {
        "mean": 7.65429878235
    },
    "spectral_flux": {
        "mean": 0.0725375264883
    },
    "spectral_kurtosis": {
        "mean": 6.77013587952
    },
    "spectral_rms": {
        "mean": 0.00426581175998
    },
    "spectral_rolloff": {
        "mean": 2083.59155273
    },
    "spectral_skewness": {
        "mean": 1.55099582672
    },
    "spectral_spread": {
        "mean": 4572513
    },
    "spectral_strongpeak": {
        "mean": 0.721890568733
    },
    "zerocrossingrate": {
        "mean": 0.0774705559015
    },
    "barkbands": {
        "mean": [0.00043130342965, 0.0058084721677, 0.00223097926937, 0.00186908745673, 0.0031517567113, 0.000677498814184, 0.000678962271195, 0.000861733104102, 0.00102030544076, 0.00114539160859, 0.000622828898486, 0.00068561534863, 0.000636910495814, 0.000414359063143, 0.000433464418165, 0.000366159365512, 0.000349996407749, 0.000343638093909, 0.00053618097445, 0.000400922435801, 0.000283577333903, 0.000167040430824, 0.000137781680678, 0.000110249078716, 6.00323510298e-05, 2.50640860031e-05, 9.46581440076e-06]
    },
    "erbbands": {
        "mean": [0.163787558675, 1.27525281906, 2.91366624832, 4.15064525604, 12.2964429855, 7.88793802261, 4.27640962601, 6.47695732117, 9.6461391449, 11.2764225006, 21.0867347717, 23.9881858826, 28.6987495422, 34.1156463623, 28.2017230988, 25.5051231384, 29.3874549866, 20.7070617676, 23.7839241028, 20.6316452026, 22.5676288605, 19.7933769226, 19.0570755005, 22.2992630005, 27.1214752197, 18.3915481567, 15.2031888962, 8.70823478699, 6.14444208145, 4.85699892044, 3.98243165016, 2.69557380676, 1.558557868, 0.764646530151, 0.389402747154, 0.129906281829, 0.0410272851586, 0.0116229001433, 0.00159384054132, 0.000113489550131]
    },
    "gfcc": {
        "mean": [-29.2541046143, 80.8836135864, -108.902587891, 34.2111091614, -48.6653060913, 7.13616657257, -22.3695087433, 10.4237575531, -22.3548564911, 0.292330145836, -15.4449949265, -2.70297384262, -10.4312419891],
        "cov": [[32855.8125, -531.613037109, -2169.65283203, 1889.61694336, -534.51776123, 1643.28540039, -270.208953857, 898.492004395, -394.628051758, 276.914215088, -494.236022949, 49.8704223633, -600.057922363], [-531.613037109, 2423.35473633, -134.564697266, -387.634399414, -16.749294281, -511.227844238, 64.0819396973, -198.051315308, -54.1024055481, -107.449485779, 21.5195503235, -85.7431030273, 63.45104599], [-2169.65283203, -134.564697266, 1256.70166016, -97.7230987549, -13.5616779327, -6.173848629, -132.847427368, 32.9122123718, 35.9178619385, 24.0800056458, 17.4267597198, 77.7659301758, 47.6347427368], [1889.61694336, -387.634399414, -97.7230987549, 558.657104492, 35.4178314209, 202.2240448, -7.52919530869, 114.020637512, 45.4409179688, 37.8842048645, -33.2017593384, 1.91853356361, -9.23496627808], [-534.51776123, -16.749294281, -13.5616779327, 35.4178314209, 336.7159729, 19.5895996094, 145.714767456, 46.9405975342, 54.9599113464, 34.7635192871, 24.0407161713, -1.89757919312, 31.4664497375], [1643.28540039, -511.227844238, -6.173848629, 202.2240448, 19.5895996094, 405.852874756, 19.1696414948, 124.663444519, 6.88480997086, 43.9920845032, 9.99680423737, 34.7006645203, -47.0558929443], [-270.208953857, 64.0819396973, -132.847427368, -7.52919530869, 145.714767456, 19.1696414948, 210.195678711, 32.2033538818, 34.9973869324, 20.7643604279, 35.0591087341, -10.7887353897, 10.5981359482], [898.492004395, -198.051315308, 32.9122123718, 114.020637512, 46.9405975342, 124.663444519, 32.2033538818, 172.033370972, 52.7971153259, 53.1426010132, 7.59329271317, 22.7099456787, -10.4634227753], [-394.628051758, -54.1024055481, 35.9178619385, 45.4409179688, 54.9599113464, 6.88480997086, 34.9973869324, 52.7971153259, 127.268829346, 47.0650100708, 23.3016872406, 4.34617900848, 13.5213317871], [276.914215088, -107.449485779, 24.0800056458, 37.8842048645, 34.7635192871, 43.9920845032, 20.7643604279, 53.1426010132, 47.0650100708, 90.3399734497, 30.1745567322, 17.8329277039, -4.2978887558], [-494.236022949, 21.5195503235, 17.4267597198, -33.2017593384, 24.0407161713, 9.99680423737, 35.0591087341, 7.59329271317, 23.3016872406, 30.1745567322, 83.0220947266, 27.3238697052, 6.73975324631], [49.8704223633, -85.7431030273, 77.7659301758, 1.91853356361, -1.89757919312, 34.7006645203, -10.7887353897, 22.7099456787, 4.34617900848, 17.8329277039, 27.3238697052, 69.9427108765, 18.6157894135], [-600.057922363, 63.45104599, 47.6347427368, -9.23496627808, 31.4664497375, -47.0558929443, 10.5981359482, -10.4634227753, 13.5213317871, -4.2978887558, 6.73975324631, 18.6157894135, 69.147277832]],
        "icov": [[0.00011166940385, -0.00014606222976, 0.000178536152816, -0.000216718399315, 9.39071833272e-05, -0.000271036406048, 0.000107953834231, -0.00038915744517, 0.000421633914812, -0.000516485248227, 0.000767481164075, -0.000525420880876, 0.000600642990321], [-0.00014606222976, 0.000812178943306, -0.000202659735805, 0.000424074416514, -4.71713028674e-05, 0.000981511548162, -0.000356123462552, 0.000457176414784, -0.000370066671167, 0.00102769769728, -0.00145312864333, 0.00123190321028, -0.00105716031976], [0.000178536152816, -0.000202659735805, 0.00127773475833, -3.21233201248e-05, -8.39717249619e-05, -0.00048070619232, 0.00105908815749, -0.000894257391337, 0.000354005635018, -0.00084021280054, 0.00121689238586, -0.0015028573107, 0.000428768980782], [-0.000216718399315, 0.000424074416514, -3.21233201248e-05, 0.00305662350729, -0.000389206863474, -0.000514675746672, 0.000440739502665, -9.823666187e-05, -0.00148796779104, 0.000735060137231, -0.000372978800442, 0.00159425474703, -0.00215120613575], [9.39071833272e-05, -4.71713028674e-05, -8.39717249619e-05, -0.000389206863474, 0.004775790032, -0.000209370220546, -0.00307471398264, -0.000585290312301, -0.000133266425109, -0.00118605059106, 0.000928501831368, 0.000212970975554, -0.00126450043172], [-0.000271036406048, 0.000981511548162, -0.00048070619232, -0.000514675746672, -0.000209370220546, 0.00549333775416, -0.000973641290329, -0.00106300192419, 0.000219236098928, 0.00148664123844, -0.00268021272495, -0.000259300490143, 0.00121225498151], [0.000107953834231, -0.000356123462552, 0.00105908815749, 0.000440739502665, -0.00307471398264, -0.000973641290329, 0.00866381637752, -0.0015885324683, -0.000176480330992, -0.000121598721307, -0.00220346194692, 0.00156259920914, -0.000417743634898], [-0.00038915744517, 0.000457176414784, -0.000894257391337, -9.823666187e-05, -0.000585290312301, -0.00106300192419, -0.0015885324683, 0.0115634175017, -0.00412231730297, -0.00126720231492, -0.000469918857561, -0.000705537269823, -0.000694397662301], [0.000421633914812, -0.000370066671167, 0.000354005635018, -0.00148796779104, -0.000133266425109, 0.000219236098928, -0.000176480330992, -0.00412231730297, 0.0133553538471, -0.00609152857214, 0.000685525184963, 0.000557348888833, -3.80415040127e-05], [-0.000516485248227, 0.00102769769728, -0.00084021280054, 0.000735060137231, -0.00118605059106, 0.00148664123844, -0.000121598721307, -0.00126720231492, -0.00609152857214, 0.0200946796685, -0.00836077518761, 0.00077228830196, -0.000322636537021], [0.000767481164075, -0.00145312864333, 0.00121689238586, -0.000372978800442, 0.000928501831368, -0.00268021272495, -0.00220346194692, -0.000469918857561, 0.000685525184963, -0.00836077518761, 0.0236726552248, -0.0110290506855, 0.00513379275799], [-0.000525420880876, 0.00123190321028, -0.0015028573107, 0.00159425474703, 0.000212970975554, -0.000259300490143, 0.00156259920914, -0.000705537269823, 0.000557348888833, 0.00077228830196, -0.0110290506855, 0.0253874715418, -0.0108822081238], [0.000600642990321, -0.00105716031976, 0.000428768980782, -0.00215120613575, -0.00126450043172, 0.00121225498151, -0.000417743634898, -0.000694397662301, -3.80415040127e-05, -0.000322636537021, 0.00513379275799, -0.0108822081238, 0.0238376781344]]
    },
    "melbands": {
        "mean": [0.00152913446072, 0.00157805532217, 0.00100386724807, 0.000779350695666, 0.000164784534718, 0.000138862495078, 0.000148074948811, 0.000140719566843, 0.000174434375367, 0.000144853140227, 0.000148045175592, 0.000146991529618, 9.4550610811e-05, 7.99054396339e-05, 6.56131160213e-05, 5.81592576054e-05, 3.58715224138e-05, 3.92436086258e-05, 3.09214592562e-05, 2.25351886911e-05, 2.7304955438e-05, 2.03343224712e-05, 1.81149916898e-05, 1.67785110534e-05, 1.7662634491e-05, 2.22853414016e-05, 1.51523336172e-05, 1.17627469081e-05, 1.09878073999e-05, 5.96054724156e-06, 4.51741288998e-06, 3.45865942109e-06, 3.12599513563e-06, 2.51507276516e-06, 2.50912785305e-06, 1.75733850938e-06, 1.61155821843e-06, 1.10523069452e-06, 8.54603513289e-07, 5.81930521548e-07]
    },
    "melbands128": {
        "mean": [0.000367027678294, 0.00131303968374, 0.0018425474409, 0.00227125640959, 0.00176950963214, 0.000956738367677, 0.000685328617692, 0.00108781945892, 0.00143124465831, 0.000848841154948, 0.00033629941754, 0.000169703111169, 0.00013198365923, 0.000126881568576, 0.000149901155964, 0.000148056045873, 0.000115545299195, 0.000194006890524, 0.000118809664855, 9.83161007753e-05, 0.000163266202435, 0.000233924962231, 0.000136994625791, 0.00016610007151, 0.000187294412171, 0.00010757741984, 0.000129324878799, 0.000118851552543, 0.000205390359042, 0.000195183092728, 9.74469367065e-05, 0.00010694636876, 0.000104520913737, 6.41833394184e-05, 0.000118616975669, 6.58308563288e-05, 5.3913139709e-05, 6.19120692136e-05, 8.14669838292e-05, 6.5778978751e-05, 5.22094778717e-05, 4.68427278975e-05, 3.09410461341e-05, 2.87096918328e-05, 4.93800434924e-05, 3.83367150789e-05, 3.55003976438e-05, 2.68120056717e-05, 3.3541193261e-05, 2.84578691208e-05, 1.63779568538e-05, 1.83230513358e-05, 3.6879133404e-05, 2.59679545707e-05, 2.0969151592e-05, 1.98598263523e-05, 1.86550314538e-05, 2.04761618079e-05, 1.73626212927e-05, 1.54689587362e-05, 1.77709789568e-05, 1.62860105775e-05, 1.60840190802e-05, 1.53994751599e-05, 2.50152861554e-05, 2.27370528592e-05, 2.23149345402e-05, 1.76116373041e-05, 1.43096967804e-05, 9.5540226539e-06, 1.1589038877e-05, 1.33319772431e-05, 1.15929460662e-05, 1.2540114767e-05, 7.7614959082e-06, 5.09923575009e-06, 5.25574932908e-06, 6.31931925454e-06, 4.15407612309e-06, 3.27691236635e-06, 3.39586790687e-06, 3.6981566609e-06, 3.1216620755e-06, 3.15652323479e-06, 3.1439394661e-06, 2.34212211581e-06, 2.05093624572e-06, 3.27947168444e-06, 2.59716193796e-06, 2.04675825444e-06, 1.75812726866e-06, 1.77035951765e-06, 1.54823089815e-06, 1.8835986566e-06, 1.44767557231e-06, 1.05938909201e-06, 1.0776285535e-06, 1.0817848306e-06, 9.37046422678e-07, 6.90066485731e-07, 5.80863400046e-07, 5.46639455479e-07, 6.13585939391e-07, 5.45661691831e-07, 4.60879476805e-07, 3.46491503933e-07, 3.07183910309e-07, 2.40355831238e-07, 2.23168342472e-07, 1.80107548431e-07, 1.54661449869e-07, 1.11416305515e-07, 1.2787330661e-07, 1.24155192793e-07, 1.22480500409e-07, 1.06504089104e-07, 8.45848688869e-08, 6.79809701865e-08, 5.923802604e-08, 5.23570058419e-08, 4.10196427936e-08, 3.39896857326e-08, 2.99922575664e-08, 2.16772484407e-08, 1.61727573555e-08, 8.0976256811e-09, 7.76870401342e-10, 1.07310349842e-11]
    },
    "mfcc": {
        "mean": [-666.422241211, 113.597160339, -0.830949664116, 31.2323665619, -1.01756489277, 3.75546860695, 7.37091064453, 7.12850570679, 2.64727139473, 6.88095378876, -2.51611304283, -1.14697229862, -0.415895879269],
        "cov": [[20903.6523438, -2062.41210938, -1206.58654785, 466.528869629, 273.903961182, 817.937988281, 558.462280273, 666.183044434, 296.213409424, 560.313354492, 212.204360962, 275.496307373, 20.2473011017], [-2062.41210938, 2177.94677734, 88.6959991455, -3.6680328846, -130.184158325, -240.764572144, -48.4993629456, -143.620529175, -81.3540344238, -101.194023132, -54.8637199402, -93.4457397461, 11.1993217468], [-1206.58654785, 88.6959991455, 1002.18035889, -28.3797283173, 97.2532272339, -36.9394493103, -137.367324829, -14.6884202957, -41.0399780273, -64.5872421265, -33.7652282715, 5.36446142197, -5.28988218307], [466.528869629, -3.6680328846, -28.3797283173, 332.582458496, 71.1394348145, 18.7351150513, 16.3990650177, 8.63283348083, 81.3285675049, 34.5513496399, 3.52083539963, 13.9666233063, 18.6244831085], [273.903961182, -130.184158325, 97.2532272339, 71.1394348145, 182.210983276, 56.4975891113, 13.837688446, 43.168800354, 45.8727760315, 34.9938812256, 12.7155380249, 27.9339122772, 9.717253685], [817.937988281, -240.764572144, -36.9394493103, 18.7351150513, 56.4975891113, 176.612167358, 77.0424804688, 59.7225112915, 27.3692111969, 38.5233535767, 24.7755451202, 25.3690090179, 6.36446142197], [558.462280273, -48.4993629456, -137.367324829, 16.3990650177, 13.837688446, 77.0424804688, 167.50970459, 64.6255493164, 26.7208309174, 36.4587249756, 21.3548297882, 17.9798088074, 17.4486560822], [666.183044434, -143.620529175, -14.6884202957, 8.63283348083, 43.168800354, 59.7225112915, 64.6255493164, 119.444610596, 40.8561134338, 41.7210540771, 21.8025779724, 36.2015647888, 11.0146408081], [296.213409424, -81.3540344238, -41.0399780273, 81.3285675049, 45.8727760315, 27.3692111969, 26.7208309174, 40.8561134338, 114.333198547, 51.7773361206, 18.5501937866, 22.3552284241, 15.7388238907], [560.313354492, -101.194023132, -64.5872421265, 34.5513496399, 34.9938812256, 38.5233535767, 36.4587249756, 41.7210540771, 51.7773361206, 112.118125916, 48.4206962585, 27.0374565125, 13.463013649], [212.204360962, -54.8637199402, -33.7652282715, 3.52083539963, 12.7155380249, 24.7755451202, 21.3548297882, 21.8025779724, 18.5501937866, 48.4206962585, 79.0572662354, 41.097492218, 15.8605337143], [275.496307373, -93.4457397461, 5.36446142197, 13.9666233063, 27.9339122772, 25.3690090179, 17.9798088074, 36.2015647888, 22.3552284241, 27.0374565125, 41.097492218, 95.1888656616, 30.5034885406], [20.2473011017, 11.1993217468, -5.28988218307, 18.6244831085, 9.717253685, 6.36446142197, 17.4486560822, 11.0146408081, 15.7388238907, 13.463013649, 15.8605337143, 30.5034885406, 68.6103210449]],
        "icov": [[7.64350697864e-05, 2.44262519118e-05, 7.05346756149e-05, -0.000104313992779, 4.51355990663e-05, -0.000206057637115, 3.53127506969e-05, -0.000278899475234, 0.000136842456413, -0.000239870118094, 0.000113258523925, -8.42354929773e-05, 8.26725954539e-05], [2.44262519118e-05, 0.000602089217864, -6.40159705654e-05, -0.000136091315653, 0.000145510945003, 0.000678873911966, -0.000417567556724, 0.000268026458798, 0.000159321789397, 9.81974008027e-05, -9.60672841757e-05, 0.000366496155038, -0.000290447875159], [7.05346756149e-05, -6.40159705654e-05, 0.00137464713771, 3.67285101674e-05, -0.000899868609849, -0.000264229398454, 0.0012006983161, -0.000755373912398, 0.000513112754561, 0.000346285669366, 0.000288436742267, -0.00027352097095, -7.72078710725e-05], [-0.000104313992779, -0.000136091315653, 3.67285101674e-05, 0.00408518733457, -0.00128158123698, 0.000238138120039, -0.000221420268645, 0.00147307885345, -0.00280232192017, 0.000158974100486, 0.000511538994033, -7.09196756361e-05, -0.000548942538444], [4.51355990663e-05, 0.000145510945003, -0.000899868609849, -0.00128158123698, 0.00798985082656, -0.00188708887435, 0.000449052022304, -0.00129805423785, -0.00120233464986, -0.00127146299928, 0.000685538805556, -0.000878071354236, 0.000136284463224], [-0.000206057637115, 0.000678873911966, -0.000264229398454, 0.000238138120039, -0.00188708887435, 0.00977507699281, -0.00351816462353, -0.000442130636657, 9.73041314865e-05, 0.000335436110618, -0.00125577568542, 0.000375551229808, 0.000226377509534], [3.53127506969e-05, -0.000417567556724, 0.0012006983161, -0.000221420268645, 0.000449052022304, -0.00351816462353, 0.0101949675009, -0.00445128884166, 0.00040120552876, -0.000447692611488, -0.000195498665562, 0.000676572090015, -0.0016647480661], [-0.000278899475234, 0.000268026458798, -0.000755373912398, 0.00147307885345, -0.00129805423785, -0.000442130636657, -0.00445128884166, 0.0154118016362, -0.00336029962637, -0.00110458384734, 0.000774174171966, -0.00305876717903, 0.000631647242699], [0.000136842456413, 0.000159321789397, 0.000513112754561, -0.00280232192017, -0.00120233464986, 9.73041314865e-05, 0.00040120552876, -0.00336029962637, 0.0145103726536, -0.0048495978117, 0.0011052825721, -0.000488892081194, -0.00108258111868], [-0.000239870118094, 9.81974008027e-05, 0.000346285669366, 0.000158974100486, -0.00127146299928, 0.000335436110618, -0.000447692611488, -0.00110458384734, -0.0048495978117, 0.0167722050101, -0.00857928674668, 0.00177777127828, -0.00050731661031], [0.000113258523925, -9.60672841757e-05, 0.000288436742267, 0.000511538994033, 0.000685538805556, -0.00125577568542, -0.000195498665562, 0.000774174171966, 0.0011052825721, -0.00857928674668, 0.0215426906943, -0.00765308644623, -0.000337113277055], [-8.42354929773e-05, 0.000366496155038, -0.00027352097095, -7.09196756361e-05, -0.000878071354236, 0.000375551229808, 0.000676572090015, -0.00305876717903, -0.000488892081194, 0.00177777127828, -0.00765308644623, 0.0170626938343, -0.00568174012005], [8.26725954539e-05, -0.000290447875159, -7.72078710725e-05, -0.000548942538444, 0.000136284463224, 0.000226377509534, -0.0016647480661, 0.000631647242699, -0.00108258111868, -0.00050731661031, -0.000337113277055, -0.00568174012005, 0.0179746672511]]
    },
    "spectral_contrast_coeffs": {
        "mean": [-0.720750033855, -0.761638224125, -0.761327266693, -0.800618827343, -0.802761137486, -0.7636089921]
    },
    "spectral_contrast_valleys": {
        "mean": [-7.07123947144, -7.18075752258, -7.76836967468, -7.97167062759, -7.60161924362, -10.5196170807]
    }
},
"rhythm": {
    "beats_count": 548,
    "beats_loudness": {
        "mean": 0.0316541828215
    },
    "bpm": 126.052055359,
    "bpm_histogram_first_peak_bpm": 126,
    "bpm_histogram_first_peak_weight": 0.287072241306,
    "bpm_histogram_second_peak_bpm": 120,
    "bpm_histogram_second_peak_spread": 0.222222149372,
    "bpm_histogram_second_peak_weight": 0.0127970753238,
    "danceability": 1.09924006462,
    "onset_rate": 3.15432071686,
    "beats_loudness_band_ratio": {
        "mean": [0.543077588081, 0.147935390472, 0.11771889776, 0.0861210003495, 0.0625255480409, 0.0987153351307]
    },
    "beats_position": [0.522448956966, 1.02167797089, 1.49768710136, 1.97369611263, 2.4497051239, 2.92571425438, 3.40172338486, 3.87773227692, 4.35374164581, 4.841360569, 5.31736946106, 5.78176879883, 6.25777769089, 6.73378658295, 7.20979595184, 7.6858048439, 8.17342376709, 8.66104316711, 9.13705158234, 9.61306095123, 10.0890703201, 10.5650787354, 11.0294780731, 11.505487442, 11.9814968109, 12.4691152573, 12.9451246262, 13.4211339951, 13.8971424103, 14.3731517792, 14.8375511169, 15.3251695633, 15.8011789322, 16.2771873474, 16.7531967163, 17.2292060852, 17.7052154541, 18.181224823, 18.6456241608, 19.1100215912, 19.5976409912, 20.0852603912, 20.5728797913, 21.0488891602, 21.5248966217, 21.9892959595, 22.4653053284, 22.9413146973, 23.4173240662, 23.8933334351, 24.369342804, 24.8453502655, 25.3213596344, 25.7973690033, 26.2733783722, 26.7493877411, 27.22539711, 27.7014045715, 28.1774139404, 28.6534233093, 29.1294326782, 29.6054420471, 30.081451416, 30.5574588776, 31.0218582153, 31.5094776154, 31.9970970154, 32.4847145081, 32.960723877, 33.4251251221, 33.901134491, 34.3771438599, 34.8531494141, 35.329158783, 35.8051681519, 36.269569397, 36.7455787659, 37.2215881348, 37.6975975037, 38.1736030579, 38.6612243652, 39.1488418579, 39.6248512268, 40.1008605957, 40.5768699646, 41.0528793335, 41.5172767639, 41.9932861328, 42.4692955017, 42.9336967468, 43.4213142395, 43.9089317322, 44.3849411011, 44.86095047, 45.3253517151, 45.8129692078, 46.2889785767, 46.7765960693, 47.2642173767, 47.7402267456, 48.2162361145, 48.6806335449, 49.14503479, 49.6210403442, 50.0854415894, 50.5614509583, 51.0374603271, 51.5250778198, 52.0010871887, 52.4770965576, 52.9531059265, 53.4291152954, 53.8935127258, 54.3579139709, 54.8339233398, 55.3099327087, 55.7975502014, 56.2851676941, 56.761177063, 57.2371864319, 57.7131958008, 58.1892051697, 58.6652145386, 59.1412239075, 59.6056213379, 60.070022583, 60.5460319519, 61.0220413208, 61.498046875, 61.9624481201, 62.4152374268, 62.8564147949, 63.2975959778, 63.7387733459, 64.1915664673, 64.655960083, 65.1087493896, 65.5731506348, 66.049156189, 66.5251693726, 67.0011749268, 67.4771881104, 67.9415893555, 68.4175949097, 68.8936004639, 69.3696136475, 69.8456192017, 70.3100204468, 70.7976379395, 71.2852630615, 71.7612686157, 72.2372741699, 72.724899292, 73.1892929077, 73.6653060913, 74.1413116455, 74.6289291382, 75.1165542603, 75.5925598145, 76.0569610596, 76.5329666138, 76.9973678589, 77.4733810425, 77.9493865967, 78.4253921509, 78.9014053345, 79.3890228271, 79.8882522583, 80.3874816895, 80.8867111206, 81.3859405518, 81.8967819214, 82.3960113525, 82.9068450928, 83.4060745239, 83.8936920166, 84.3813171387, 84.8573226929, 85.3333282471, 85.8093414307, 86.2737426758, 86.74974823, 87.2257614136, 87.7017669678, 88.177772522, 88.6537857056, 89.1297912598, 89.6058044434, 90.0818099976, 90.5578231812, 91.0338287354, 91.5098419189, 91.9974594116, 92.4850769043, 92.9610900879, 93.4254837036, 93.9014968872, 94.3775024414, 94.853515625, 95.3295211792, 95.8055343628, 96.2931518555, 96.7691574097, 97.2451705933, 97.7211761475, 98.1971893311, 98.6615829468, 99.1375961304, 99.6136016846, 100.089614868, 100.565620422, 101.041633606, 101.51763916, 102.005256653, 102.481269836, 102.957275391, 103.421676636, 103.89768219, 104.373695374, 104.849700928, 105.325714111, 105.790107727, 106.254508972, 106.718910217, 107.20652771, 107.694145203, 108.181770325, 108.657775879, 109.133781433, 109.598182678, 110.085800171, 110.561813354, 111.037818909, 111.513832092, 111.989837646, 112.46585083, 112.941856384, 113.417869568, 113.893875122, 114.369888306, 114.857505798, 115.333511353, 115.809524536, 116.28553009, 116.761543274, 117.237548828, 117.713554382, 118.177955627, 118.653968811, 119.118362427, 119.605987549, 120.093605042, 120.557998657, 121.034011841, 121.498413086, 121.97441864, 122.462036133, 122.949661255, 123.425666809, 123.901672363, 124.377685547, 124.853691101, 125.329704285, 125.805709839, 126.281723022, 126.757728577, 127.245346069, 127.721359253, 128.197372437, 128.661773682, 129.149383545, 129.637008667, 130.101409912, 130.565795898, 131.041809082, 131.517822266, 131.993835449, 132.469833374, 132.945846558, 133.421859741, 133.897872925, 134.37387085, 134.849884033, 135.325897217, 135.801895142, 136.277908325, 136.753921509, 137.229934692, 137.705932617, 138.181945801, 138.669570923, 139.157180786, 139.621582031, 140.097595215, 140.56199646, 141.037994385, 141.514007568, 141.990020752, 142.466033936, 142.94203186, 143.418045044, 143.894058228, 144.370071411, 144.846069336, 145.32208252, 145.798095703, 146.274108887, 146.750106812, 147.226119995, 147.702133179, 148.178131104, 148.654144287, 149.130157471, 149.606170654, 150.082168579, 150.558181763, 151.034194946, 151.51020813, 151.986206055, 152.462219238, 152.938232422, 153.414230347, 153.89024353, 154.366256714, 154.853881836, 155.329879761, 155.794281006, 156.270294189, 156.746307373, 157.222305298, 157.698318481, 158.174331665, 158.650344849, 159.126342773, 159.613967896, 160.089981079, 160.565979004, 161.053604126, 161.52961731, 161.994003296, 162.470016479, 162.946029663, 163.422042847, 163.886444092, 164.362442017, 164.8384552, 165.314468384, 165.790466309, 166.266479492, 166.742492676, 167.206893921, 167.694503784, 168.182128906, 168.65814209, 169.134140015, 169.621765137, 170.09777832, 170.573776245, 171.03817749, 171.502578735, 171.96697998, 172.454605103, 172.942214966, 173.429840088, 173.905853271, 174.381851196, 174.85786438, 175.333877563, 175.809890747, 176.285888672, 176.761901855, 177.237915039, 177.713912964, 178.189926147, 178.665939331, 179.141952515, 179.606338501, 180.093963623, 180.581588745, 181.05758667, 181.521987915, 181.998001099, 182.474014282, 182.950012207, 183.437637329, 183.913650513, 184.389663696, 184.854049683, 185.330062866, 185.80607605, 186.282089233, 186.758087158, 187.234100342, 187.710113525, 188.174514771, 188.662124634, 189.138137817, 189.614151001, 190.101760864, 190.577774048, 191.053787231, 191.529785156, 191.994186401, 192.470199585, 192.946212769, 193.422225952, 193.886611938, 194.351013184, 194.827026367, 195.303039551, 195.779037476, 196.255050659, 196.742675781, 197.230285645, 197.706298828, 198.182312012, 198.658325195, 199.13432312, 199.610336304, 200.097961426, 200.585571289, 201.061584473, 201.525985718, 202.001998901, 202.477996826, 202.95401001, 203.418411255, 203.894424438, 204.370422363, 204.846435547, 205.32244873, 205.798446655, 206.274459839, 206.762084961, 207.238098145, 207.702484131, 208.178497314, 208.654510498, 209.130523682, 209.606521606, 210.070922852, 210.558547974, 211.034561157, 211.510559082, 211.986572266, 212.462585449, 212.938583374, 213.414596558, 213.90222168, 214.389831543, 214.865844727, 215.34185791, 215.817871094, 216.293869019, 216.758270264, 217.234283447, 217.710296631, 218.186294556, 218.662307739, 219.138320923, 219.614334106, 220.090332031, 220.566345215, 221.053970337, 221.518356323, 222.005981445, 222.481994629, 222.958007812, 223.422393799, 223.898406982, 224.362808228, 224.838821411, 225.314819336, 225.79083252, 226.278457642, 226.766067505, 227.242080688, 227.718093872, 228.194107056, 228.67010498, 229.146118164, 229.633743286, 230.109741211, 230.574142456, 231.05015564, 231.526168823, 232.002166748, 232.478179932, 232.954193115, 233.430206299, 233.906204224, 234.382217407, 234.858230591, 235.334228516, 235.810241699, 236.286254883, 236.762268066, 237.238265991, 237.714279175, 238.190292358, 238.666305542, 239.142303467, 239.606704712, 240.082717896, 240.558731079, 241.046340942, 241.522354126, 241.99836731, 242.474365234, 242.950378418, 243.426391602, 243.902404785, 244.37840271, 244.866027832, 245.342041016, 245.806442261, 246.282440186, 246.758453369, 247.234466553, 247.710464478, 248.174865723, 248.662490845, 249.138504028, 249.614501953, 250.090515137, 250.56652832, 251.042541504, 251.518539429, 251.994552612, 252.470565796, 252.946563721, 253.422576904, 253.898590088, 254.374603271, 254.839004517, 255.303390503, 255.767791748, 256.232208252, 256.708190918, 257.184204102, 257.660217285, 258.136230469, 258.670288086, 259.204345703, 259.73840332, 260.272460938, 260.806518555, 261.340576172],
    "bpm_histogram": [0, 0, 0, 0, 0, 0, 0, 0, 0, 0, 0, 0, 0, 0, 0, 0, 0, 0, 0, 0, 0, 0, 0, 0, 0, 0, 0, 0, 0, 0, 0, 0, 0, 0, 0, 0, 0, 0, 0, 0, 0, 0, 0, 0, 0, 0, 0, 0, 0, 0, 0, 0, 0, 0, 0, 0, 0, 0, 0, 0, 0, 0, 0, 0, 0, 0, 0, 0, 0, 0, 0, 0, 0, 0, 0, 0, 0, 0, 0, 0, 0, 0, 0, 0, 0, 0, 0, 0, 0, 0, 0, 0, 0, 0, 0, 0, 0, 0, 0, 0, 0, 0, 0, 0, 0, 0, 0, 0, 0, 0, 0, 0, 0.0109689217061, 0, 0, 0, 0, 0.00365630723536, 0, 0, 0.0127970753238, 0, 0, 0.14076782763, 0, 0, 0.685557603836, 0, 0, 0.135283365846, 0, 0, 0, 0.00548446085304, 0, 0, 0.00548446085304, 0, 0, 0, 0, 0, 0, 0, 0, 0, 0, 0, 0, 0, 0, 0, 0, 0, 0, 0, 0, 0, 0, 0, 0, 0, 0, 0, 0, 0, 0, 0, 0, 0, 0, 0, 0, 0, 0, 0, 0, 0, 0, 0, 0, 0, 0, 0, 0, 0, 0, 0, 0, 0, 0, 0, 0, 0, 0, 0, 0, 0, 0, 0, 0, 0, 0, 0, 0, 0, 0, 0, 0, 0, 0, 0, 0, 0, 0, 0, 0, 0, 0, 0, 0, 0, 0, 0, 0, 0, 0, 0, 0, 0, 0, 0, 0, 0, 0, 0, 0, 0, 0, 0, 0, 0, 0, 0, 0, 0, 0, 0, 0, 0]
},
"tonal": {
    "chords_changes_rate": 0.0382978729904,
    "chords_number_rate": 0.0014184396714,
    "chords_strength": {
        "mean": 0.53709936142
    },
    "hpcp_crest": {
        "mean": 13.0662021637
    },
    "hpcp_entropy": {
        "mean": 2.03095531464
    },
    "key_edma": {
        "strength": 0.690509140491,
        "key": "C#",
        "scale": "major"
    },
    "key_krumhansl": {
        "strength": 0.690816283226,
        "key": "F#",
        "scale": "minor"
    },
    "key_temperley": {
        "strength": 0.694365024567,
        "key": "F#",
        "scale": "minor"
    },
    "tuning_diatonic_strength": 0.56099230051,
    "tuning_equal_tempered_deviation": 0.21161942184,
    "tuning_frequency": 434.193115234,
    "tuning_nontempered_energy_ratio": 0.95481723547,
    "hpcp": {
        "mean": [0.247910514474, 0.262837737799, 0.101446337998, 0.0489560700953, 0.0449398867786, 0.0500043444335, 0.0881204083562, 0.094220481813, 0.0548760220408, 0.0382945165038, 0.0356950759888, 0.0490733385086, 0.154246941209, 0.187860891223, 0.0997436270118, 0.151788637042, 0.203247606754, 0.113059446216, 0.0524904355407, 0.0474541150033, 0.0590743422508, 0.147701725364, 0.180303260684, 0.109573431313, 0.0836061686277, 0.0808389410377, 0.118452779949, 0.287993699312, 0.326340615749, 0.164390817285, 0.0790655985475, 0.059180278331, 0.0561605580151, 0.0949526205659, 0.115733370185, 0.113272614777]
    },
    "chords_histogram": [41.8262405396, 19.9822692871, 2.35815596581, 2.5, 0, 0.868794322014, 0, 0.921985805035, 0.159574463964, 0.319148927927, 0, 0, 0, 0, 0.319148927927, 0.0531914904714, 1.8262411356, 0, 1.29432618618, 0, 0, 0, 2.73049640656, 24.8404254913],
    "thpcp": [1, 0.503740012646, 0.242279365659, 0.181345120072, 0.172091841698, 0.290961712599, 0.354639798403, 0.347099334002, 0.759667992592, 0.805409193039, 0.310860276222, 0.150015249848, 0.13770852983, 0.153227463365, 0.270025879145, 0.288718223572, 0.168155655265, 0.117345236242, 0.109379813075, 0.150374591351, 0.472656279802, 0.575658917427, 0.305642694235, 0.465123325586, 0.622808158398, 0.346446126699, 0.160845547915, 0.145412832499, 0.181020498276, 0.45259988308, 0.552500188351, 0.335763990879, 0.256192952394, 0.247713387012, 0.362972825766, 0.882494211197],
    "chords_key": "F#",
    "chords_scale": "minor"
}
}