{
"metadata": {
    "version": {
        "essentia": "2.1-beta6-dev",
        "essentia_git_sha": "v2.1_beta5-1177-g1d1cc983",
        "extractor": "music 2.0"
    },
    "audio_properties": {
        "analysis": {
            "equal_loudness": 0,
            "length": 217.399993896,
            "sample_rate": 44100,
            "start_time": 0,
            "downmix": "mix"
        },
        "bit_rate": 1411200,
        "length": 217.399993896,
        "lossless": 1,
        "number_channels": 2,
        "replay_gain": -9.19096183777,
        "sample_rate": 44100,
        "codec": "pcm_s16le",
        "md5_encoded": "c47f0a8fa4ee65660ddbe5356c8e5201"
    },
    "tags": {
        "file_name": "07 - Manchester Orchestra - All That I Really Wanted.wav",
        "album": ["HOPE"],
        "albumartist": ["Manchester Orchestra"],
        "artist": ["Manchester Orchestra"],
        "composer": ["Andy Hull"],
        "copyright": ["℗ 2014 Seven Four Entertainment LLC. Manufactured and Distributed by Concord Music Group, Inc."],
        "date": ["2014"],
        "discnumber": ["1"],
        "disctotal": ["1"],
        "genre": ["Rock"],
        "isrc": ["USC4R1400111"],
        "title": ["All That I Really Wanted"],
        "tracknumber": ["7"],
        "tracktotal": ["11"]
    }
},
"lowlevel": {
    "average_loudness": 0.801948010921,
    "barkbands_crest": {
        "mean": 10.0849275589
    },
    "barkbands_flatness_db": {
        "mean": 0.215372994542
    },
    "barkbands_kurtosis": {
        "mean": 29.450012207
    },
    "barkbands_skewness": {
        "mean": 1.44758272171
    },
    "barkbands_spread": {
        "mean": 10.3686952591
    },
    "dissonance": {
        "mean": 0.4286429286
    },
    "dynamic_complexity": 4.79670095444,
    "erbbands_crest": {
        "mean": 10.3431549072
    },
    "erbbands_flatness_db": {
        "mean": 0.209496363997
    },
    "erbbands_kurtosis": {
        "mean": 1.90515267849
    },
    "erbbands_skewness": {
        "mean": 0.834192574024
    },
    "erbbands_spread": {
        "mean": 28.5475749969
    },
    "hfc": {
        "mean": 13.4913740158
    },
    "loudness_ebu128": {
        "integrated": -13.4985752106,
        "loudness_range": 7.59739589691,
        "momentary": {
            "mean": -16.1962184906
        },
        "short_term": {
            "mean": -15.3290300369
        }
    },
    "melbands_crest": {
        "mean": 12.7305374146
    },
    "melbands_flatness_db": {
        "mean": 0.300414383411
    },
    "melbands_kurtosis": {
        "mean": 15.5118284225
    },
    "melbands_skewness": {
        "mean": 2.51462197304
    },
    "melbands_spread": {
        "mean": 13.3038063049
    },
    "pitch_salience": {
        "mean": 0.577091038227
    },
    "silence_rate_20dB": {
        "mean": 1
    },
    "silence_rate_30dB": {
        "mean": 0.99775737524
    },
    "silence_rate_60dB": {
        "mean": 0.0924818441272
    },
    "spectral_centroid": {
        "mean": 725.938171387
    },
    "spectral_complexity": {
        "mean": 13.1961765289
    },
    "spectral_decrease": {
        "mean": -7.38447303306e-09
    },
    "spectral_energy": {
        "mean": 0.0290943328291
    },
    "spectral_energyband_high": {
        "mean": 9.50574467424e-05
    },
    "spectral_energyband_low": {
        "mean": 0.00714668119326
    },
    "spectral_energyband_middle_high": {
        "mean": 0.00395127665251
    },
    "spectral_energyband_middle_low": {
        "mean": 0.0193874817342
    },
    "spectral_entropy": {
        "mean": 6.65532827377
    },
    "spectral_flux": {
        "mean": 0.0620595477521
    },
    "spectral_kurtosis": {
        "mean": 16.5632400513
    },
    "spectral_rms": {
        "mean": 0.00489800795913
    },
    "spectral_rolloff": {
        "mean": 973.870056152
    },
    "spectral_skewness": {
        "mean": 2.79642915726
    },
    "spectral_spread": {
        "mean": 3332683
    },
    "spectral_strongpeak": {
        "mean": 0.928360760212
    },
    "zerocrossingrate": {
        "mean": 0.0406877398491
    },
    "barkbands": {
        "mean": [2.40386743826e-05, 0.00251012179069, 0.00317813479342, 0.00386769231409, 0.00583427259699, 0.00438217399642, 0.00211918726563, 0.0015697843628, 0.0015098224394, 0.000922153471038, 0.000403275800636, 0.000769327569287, 0.000422386627179, 0.000377839867724, 0.000353894662112, 0.000187805344467, 0.000230721489061, 0.000210602098377, 9.84151192824e-05, 3.88934167859e-05, 1.64874763868e-05, 1.75130044227e-05, 1.38525465445e-05, 2.05072719837e-05, 1.205501394e-05, 3.00554597743e-06, 4.5593918685e-07]
    },
    "erbbands": {
        "mean": [0.0343957766891, 0.728127896786, 3.22278380394, 8.33452129364, 17.9740715027, 18.1662826538, 30.1684417725, 36.014881134, 30.1116771698, 29.8450088501, 34.7292556763, 34.59740448, 28.6163730621, 26.6346569061, 26.3966426849, 25.9530334473, 19.4466648102, 18.757314682, 21.0015659332, 15.4098310471, 11.0332584381, 13.9367036819, 12.7831535339, 6.16876173019, 4.48980283737, 1.83430290222, 0.769472718239, 0.596814095974, 0.679853379726, 0.388367265463, 0.430013388395, 0.404802680016, 0.347456157207, 0.176799416542, 0.0636051148176, 0.0164424851537, 0.0053491378203, 0.000974133377895, 8.48602576298e-05, 3.63155850209e-05]
    },
    "gfcc": {
        "mean": [-75.567779541, 147.475402832, -100.674316406, 18.3296699524, -45.3120346069, -2.2490811348, -43.4567298889, 0.543855190277, -20.7124328613, -12.0039730072, -9.38355255127, -6.95720815659, -12.5606813431],
        "cov": [[22760.65625, 1438.39880371, -3441.57617188, 1079.66223145, -1013.62115479, 24.5861206055, -843.534362793, 772.697387695, -562.253112793, -143.180664062, -357.379821777, 27.8588657379, -430.800933838], [1438.39880371, 1884.64697266, -290.072906494, -129.540145874, 216.01991272, -166.16343689, 46.6750259399, -134.771621704, -18.6942157745, -41.5910873413, 52.312461853, -75.8759384155, 26.4932861328], [-3441.57617188, -290.072906494, 1209.65795898, 87.2817382812, 61.2679901123, 96.5953903198, 111.77255249, -150.336746216, -21.2421627045, 96.1429977417, 44.4357070923, -7.07442426682, 70.2311248779], [1079.66223145, -129.540145874, 87.2817382812, 681.83404541, -93.672203064, -95.3811645508, -56.0609779358, 10.5247220993, -52.5797119141, 51.1360397339, -44.9140129089, -12.237496376, 70.1261520386], [-1013.62115479, 216.01991272, 61.2679901123, -93.672203064, 300.405639648, 28.5343513489, 42.9591217041, -50.1334190369, 37.3234786987, -27.6104621887, 14.6081905365, -7.24425840378, -2.67499184608], [24.5861206055, -166.16343689, 96.5953903198, -95.3811645508, 28.5343513489, 255.283401489, 34.3833084106, 14.4099779129, -22.9525699615, -16.925113678, 3.22456669807, 13.4092712402, -42.7853889465], [-843.534362793, 46.6750259399, 111.77255249, -56.0609779358, 42.9591217041, 34.3833084106, 181.779083252, -31.5723628998, 2.39124131203, 1.98376607895, 25.4721355438, 9.59732723236, 17.7857189178], [772.697387695, -134.771621704, -150.336746216, 10.5247220993, -50.1334190369, 14.4099779129, -31.5723628998, 184.532699585, 19.8236160278, -19.2937583923, -20.2984256744, 11.3816328049, -39.2167205811], [-562.253112793, -18.6942157745, -21.2421627045, -52.5797119141, 37.3234786987, -22.9525699615, 2.39124131203, 19.8236160278, 143.941879272, 19.0516471863, -1.99544358253, -7.39632225037, 28.6380329132], [-143.180664062, -41.5910873413, 96.1429977417, 51.1360397339, -27.6104621887, -16.925113678, 1.98376607895, -19.2937583923, 19.0516471863, 121.799407959, 10.2958774567, -5.37809610367, 33.9380378723], [-357.379821777, 52.312461853, 44.4357070923, -44.9140129089, 14.6081905365, 3.22456669807, 25.4721355438, -20.2984256744, -1.99544358253, 10.2958774567, 105.269241333, 9.08811187744, -6.39783620834], [27.8588657379, -75.8759384155, -7.07442426682, -12.237496376, -7.24425840378, 13.4092712402, 9.59732723236, 11.3816328049, -7.39632225037, -5.37809610367, 9.08811187744, 78.8604507446, 4.99572753906], [-430.800933838, 26.4932861328, 70.2311248779, 70.1261520386, -2.67499184608, -42.7853889465, 17.7857189178, -39.2167205811, 28.6380329132, 33.9380378723, -6.39783620834, 4.99572753906, 131.779190063]],
        "icov": [[0.000357960059773, -0.000477659166791, 0.000823183974717, -0.000612894422375, 0.000860026339069, -0.000902684696484, 0.00082707015099, -0.000637650955468, 0.000885142246261, -0.00054441409884, 0.000571397948079, -0.000439430819824, 0.000568920688238], [-0.000477659166791, 0.0013972511515, -0.000841059722006, 0.000942761078477, -0.00167636072729, 0.00168297858909, -0.00129368470516, 0.00123037106823, -0.000767480756622, 0.000796926033217, -0.00109131296631, 0.00129408203065, -0.00098322390113], [0.000823183974717, -0.000841059722006, 0.00307450955734, -0.00157534168102, 0.00167296233121, -0.00245360680856, 0.00140750140417, -0.000667680928018, 0.00226537277922, -0.00191388791427, 0.000963427009992, -0.000663963379338, 0.00098114751745], [-0.000612894422375, 0.000942761078477, -0.00157534168102, 0.00299641303718, -0.00134104164317, 0.00223819166422, -0.00099756475538, 0.000633392366581, -0.000376858544769, 0.000413751316955, -0.000393008551328, 0.00113912764937, -0.00201245141216], [0.000860026339069, -0.00167636072729, 0.00167296233121, -0.00134104164317, 0.00648112827912, -0.00282094837166, 0.00156446429901, -0.000565787951928, 0.000420235533966, -0.000116530696687, 0.00141490844544, -0.00125799665693, 0.00186179403681], [-0.000902684696484, 0.00168297858909, -0.00245360680856, 0.00223819166422, -0.00282094837166, 0.00740558328107, -0.00282412418164, 0.00108393211849, -0.00114393490367, 0.00152970221825, -0.00112237292342, 0.000883155036718, -0.000355192489224], [0.00082707015099, -0.00129368470516, 0.00140750140417, -0.00099756475538, 0.00156446429901, -0.00282412418164, 0.00845164153725, -0.00125378591474, 0.00208760634996, -0.00103106815368, 0.000316509103868, -0.00171519280411, 0.000237885848037], [-0.000637650955468, 0.00123037106823, -0.000667680928018, 0.000633392366581, -0.000565787951928, 0.00108393211849, -0.00125378591474, 0.00871064141393, -0.00350657664239, 0.00161163345911, -0.000339053163771, -0.00014456253848, 0.00112477119546], [0.000885142246261, -0.000767480756622, 0.00226537277922, -0.000376858544769, 0.000420235533966, -0.00114393490367, 0.00208760634996, -0.00350657664239, 0.0113519467413, -0.00303403171711, 0.00146919430699, 0.000347968220012, -0.0012744916603], [-0.00054441409884, 0.000796926033217, -0.00191388791427, 0.000413751316955, -0.000116530696687, 0.00152970221825, -0.00103106815368, 0.00161163345911, -0.00303403171711, 0.011007017456, -0.00212267041206, 0.0013336398406, -0.0023560624104], [0.000571397948079, -0.00109131296631, 0.000963427009992, -0.000393008551328, 0.00141490844544, -0.00112237292342, 0.000316509103868, -0.000339053163771, 0.00146919430699, -0.00212267041206, 0.0116778351367, -0.0023865874391, 0.00218856032006], [-0.000439430819824, 0.00129408203065, -0.000663963379338, 0.00113912764937, -0.00125799665693, 0.000883155036718, -0.00171519280411, -0.00014456253848, 0.000347968220012, 0.0013336398406, -0.0023865874391, 0.0147249074653, -0.00259253848344], [0.000568920688238, -0.00098322390113, 0.00098114751745, -0.00201245141216, 0.00186179403681, -0.000355192489224, 0.000237885848037, 0.00112477119546, -0.0012744916603, -0.0023560624104, 0.00218856032006, -0.00259253848344, 0.0115073826164]]
    },
    "melbands": {
        "mean": [0.000526830321178, 0.00147321715485, 0.00181216187775, 0.00129366538022, 0.00101309875026, 0.000791786238551, 0.000456918322016, 0.000340018188581, 0.000264303584117, 0.000214952757233, 0.000144405479659, 0.000115590439236, 7.32473490643e-05, 0.000102797843283, 3.52267452399e-05, 4.81347342429e-05, 3.17757330777e-05, 3.54416406481e-05, 2.34127928707e-05, 1.47080363604e-05, 1.2214565686e-05, 1.42394728755e-05, 1.37268589242e-05, 9.31731665332e-06, 4.46749982075e-06, 3.64027891919e-06, 2.4442317681e-06, 8.96774452031e-07, 5.3708328096e-07, 3.20720943137e-07, 3.42771016903e-07, 3.87844892202e-07, 3.34726507845e-07, 1.77270777613e-07, 2.54316489645e-07, 2.2960821866e-07, 2.60491702875e-07, 2.53254995641e-07, 2.04845434837e-07, 1.30830414946e-07]
    },
    "melbands128": {
        "mean": [7.62841364121e-06, 9.68746535364e-05, 0.000763721822295, 0.00130820588674, 0.00155082065612, 0.00158615445253, 0.00148535147309, 0.00221308111213, 0.00186243955977, 0.00123051286209, 0.000927002576645, 0.000885339628439, 0.00100502884015, 0.00121297570877, 0.000976793118753, 0.000467613950605, 0.000321771280142, 0.000626219029073, 0.000357339333277, 0.000312032934744, 0.000317245983751, 0.000450705614639, 0.000178037225851, 0.000182891264558, 0.000274993421044, 0.000180936069228, 0.000216919870581, 7.67252131482e-05, 0.000159966148203, 0.000178274087375, 7.17990187695e-05, 4.46586236649e-05, 8.11377103673e-05, 6.79868462612e-05, 0.000148049439304, 0.000107915111585, 4.14508394897e-05, 2.7823192795e-05, 3.175130405e-05, 4.75659435324e-05, 4.90056954732e-05, 5.53885402041e-05, 2.82933579001e-05, 1.27429393615e-05, 5.06772521476e-05, 3.61321763194e-05, 2.95210811601e-05, 1.73598145921e-05, 2.58614800259e-05, 2.35610768868e-05, 9.93988396658e-06, 7.78328922024e-06, 1.83060947165e-05, 1.03765669337e-05, 8.09844459582e-06, 1.9890612748e-05, 1.19765509226e-05, 1.49905044964e-05, 1.44778214235e-05, 1.1775366147e-05, 9.60177021625e-06, 7.5758625826e-06, 3.54406915903e-06, 4.09398398915e-06, 4.96931534144e-06, 2.80130666397e-06, 3.75596664526e-06, 3.22522168972e-06, 2.01015313905e-06, 1.61000207299e-06, 8.26319251246e-07, 6.49537980735e-07, 5.07765605562e-07, 6.7509421342e-07, 2.73512341664e-07, 3.18270849675e-07, 3.3759565099e-07, 3.39113199743e-07, 3.45930345702e-07, 3.45358159848e-07, 3.65472459407e-07, 3.94618041355e-07, 4.45938610483e-07, 3.8350884779e-07, 2.02045200126e-07, 1.11839590033e-07, 1.97864167717e-07, 2.39445171246e-07, 2.68276096449e-07, 2.59731251617e-07, 2.33714629871e-07, 2.18376811745e-07, 2.15518426216e-07, 2.73263793815e-07, 2.83860970285e-07, 2.56342190141e-07, 2.47858224611e-07, 2.45433398049e-07, 2.16494228766e-07, 1.81460507065e-07, 1.5338338244e-07, 1.21099489547e-07, 1.04832913905e-07, 9.29519003989e-08, 6.96394053534e-08, 5.63876767501e-08, 3.90155285857e-08, 2.59415369186e-08, 2.43366908848e-08, 2.4247231778e-08, 2.26349552435e-08, 1.94648421825e-08, 1.68884852769e-08, 1.30303066115e-08, 1.11361746491e-08, 9.28465038186e-09, 6.47696829503e-09, 4.50642367866e-09, 2.63775423726e-09, 1.55799151358e-09, 1.40416966943e-09, 1.20262166892e-09, 8.94080032232e-10, 5.61045376823e-10, 5.62974777907e-10, 4.92277829611e-10, 2.64315874743e-10, 1.55599408358e-10]
    },
    "mfcc": {
        "mean": [-721.347412109, 181.288574219, 4.95024442673, 24.5166397095, 15.2847890854, -3.36992883682, -6.31244468689, 4.80110645294, -12.3365850449, -0.644728124142, -2.54795885086, -5.72735738754, -3.4261367321],
        "cov": [[15927.2314453, -97.5635986328, -1659.79211426, -198.995681763, -151.172912598, -690.318481445, -403.619934082, 379.173431396, -183.564849854, 118.682312012, 28.6372890472, -94.9223327637, -154.19593811], [-97.5635986328, 1896.35998535, -240.425186157, -140.769256592, 86.0690460205, 90.5666046143, 45.9994659424, 29.7141799927, -103.887649536, 42.7185821533, -1.73769903183, -63.1061477661, 21.1908283234], [-1659.79211426, -240.425186157, 925.939147949, 194.658432007, 2.40733957291, 152.005050659, 124.645225525, -134.326889038, 46.3232650757, -51.1757087708, -30.5789337158, 51.7837295532, 24.8156299591], [-198.995681763, -140.769256592, 194.658432007, 551.806030273, 8.31776237488, 8.93721580505, -13.526049614, -113.260543823, 65.4239196777, -26.466758728, -64.3936004639, 20.2642631531, 45.3637313843], [-151.172912598, 86.0690460205, 2.40733957291, 8.31776237488, 230.085037231, 24.2579593658, -7.54700422287, 30.9445724487, -2.32181620598, -4.50524187088, 31.8303794861, -8.04317378998, -22.5464935303], [-690.318481445, 90.5666046143, 152.005050659, 8.93721580505, 24.2579593658, 230.338653564, 74.9774932861, -34.0487861633, 10.3265790939, 2.95796251297, -25.4868602753, 4.62278938293, -12.5332574844], [-403.619934082, 45.9994659424, 124.645225525, -13.526049614, -7.54700422287, 74.9774932861, 180.120147705, 24.9199523926, -24.7652721405, -22.1407108307, 0.647745966911, 10.4419746399, -4.3254365921], [379.173431396, 29.7141799927, -134.326889038, -113.260543823, 30.9445724487, -34.0487861633, 24.9199523926, 208.79675293, -25.9965991974, -7.01527690887, 43.6150169373, -12.2705249786, -22.0153923035], [-183.564849854, -103.887649536, 46.3232650757, 65.4239196777, -2.32181620598, 10.3265790939, -24.7652721405, -25.9965991974, 150.190261841, 19.3227882385, -34.7013435364, 2.03793072701, 9.51150035858], [118.682312012, 42.7185821533, -51.1757087708, -26.466758728, -4.50524187088, 2.95796251297, -22.1407108307, -7.01527690887, 19.3227882385, 117.693778992, 8.44847393036, -12.2877473831, 13.7798051834], [28.6372890472, -1.73769903183, -30.5789337158, -64.3936004639, 31.8303794861, -25.4868602753, 0.647745966911, 43.6150169373, -34.7013435364, 8.44847393036, 118.594451904, 11.4916305542, -12.9349050522], [-94.9223327637, -63.1061477661, 51.7837295532, 20.2642631531, -8.04317378998, 4.62278938293, 10.4419746399, -12.2705249786, 2.03793072701, -12.2877473831, 11.4916305542, 81.4720611572, 9.0758266449], [-154.19593811, 21.1908283234, 24.8156299591, 45.3637313843, -22.5464935303, -12.5332574844, -4.3254365921, -22.0153923035, 9.51150035858, 13.7798051834, -12.9349050522, 9.0758266449, 84.2560577393]],
        "icov": [[8.92512107384e-05, 9.39383880905e-06, 0.000108536907646, -4.74591506645e-05, 5.71559176024e-05, 0.000167650257936, 7.43227719795e-05, -0.00010140856466, 0.000111747787741, -0.00010255905363, 0.000102481164504, -2.9044222174e-05, 0.00019513090956], [9.39383880905e-06, 0.00063380796928, 0.000213692561374, 9.13888870855e-05, -0.000267372262897, -0.000297843042063, -0.000172967658727, 8.812383021e-05, 0.000420125434175, -0.000151543063112, 0.000143781187944, 0.000359665515134, -0.000395374139771], [0.000108536907646, 0.000213692561374, 0.00177024549339, -0.000339314254234, -9.25277927308e-05, -0.00051448866725, -0.000910879811272, 0.000751615792979, -0.00017998542171, 0.00041130502359, -0.000171680861968, -0.000388331536669, -0.000176946559804], [-4.74591506645e-05, 9.13888870855e-05, -0.000339314254234, 0.00241972785443, -0.000500263879076, 0.000179795155418, 3.11859912472e-05, 0.000930931477342, -0.000634981959593, 0.000607487978414, 0.000740338815376, -0.000171736479388, -0.00107048486825], [5.71559176024e-05, -0.000267372262897, -9.25277927308e-05, -0.000500263879076, 0.00507153617218, -0.000691584078595, 0.000859645719174, -0.000916396733373, -0.000218195767957, 0.000249641365372, -0.00148106610868, 0.000448840786703, 0.00123545294628], [0.000167650257936, -0.000297843042063, -0.00051448866725, 0.000179795155418, -0.000691584078595, 0.00644211284816, -0.00209207297303, 0.000694854417816, -0.000219573092181, -0.00110118545126, 0.0014889286831, -0.000380576879252, 0.00175827986095], [7.43227719795e-05, -0.000172967658727, -0.000910879811272, 3.11859912472e-05, 0.000859645719174, -0.00209207297303, 0.00787534099072, -0.00195495248772, 0.00129255338106, 0.000767549034208, 0.000136185379233, -0.000517585838679, 4.85420241603e-05], [-0.00010140856466, 8.812383021e-05, 0.000751615792979, 0.000930931477342, -0.000916396733373, 0.000694854417816, -0.00195495248772, 0.00680621340871, -0.000404182152124, 0.000826058734674, -0.00159843347501, 0.000725253601559, 0.000192861218238], [0.000111747787741, 0.000420125434175, -0.00017998542171, -0.000634981959593, -0.000218195767957, -0.000219573092181, 0.00129255338106, -0.000404182152124, 0.00835531298071, -0.00186224689241, 0.00236550252885, -0.000345123524312, 0.000125102465972], [-0.00010255905363, -0.000151543063112, 0.00041130502359, 0.000607487978414, 0.000249641365372, -0.00110118545126, 0.000767549034208, 0.000826058734674, -0.00186224689241, 0.0100707300007, -0.00181841361336, 0.00154437520541, -0.00232187355869], [0.000102481164504, 0.000143781187944, -0.000171680861968, 0.000740338815376, -0.00148106610868, 0.0014889286831, 0.000136185379233, -0.00159843347501, 0.00236550252885, -0.00181841361336, 0.011259932071, -0.0023923064582, 0.00123450579122], [-2.9044222174e-05, 0.000359665515134, -0.000388331536669, -0.000171736479388, 0.000448840786703, -0.000380576879252, -0.000517585838679, 0.000725253601559, -0.000345123524312, 0.00154437520541, -0.0023923064582, 0.0138272624463, -0.00178066210356], [0.00019513090956, -0.000395374139771, -0.000176946559804, -0.00107048486825, 0.00123545294628, 0.00175827986095, 4.85420241603e-05, 0.000192861218238, 0.000125102465972, -0.00232187355869, 0.00123450579122, -0.00178066210356, 0.0143455695361]]
    },
    "spectral_contrast_coeffs": {
        "mean": [-0.681975185871, -0.7092192173, -0.737553417683, -0.763315498829, -0.736303448677, -0.794798851013]
    },
    "spectral_contrast_valleys": {
        "mean": [-6.50338792801, -7.07816267014, -8.1839056015, -8.62840366364, -9.23312664032, -11.8286628723]
    }
},
"rhythm": {
    "beats_count": 431,
    "beats_loudness": {
        "mean": 0.0352367833257
    },
    "bpm": 129.303024292,
    "bpm_histogram_first_peak_bpm": 129,
    "bpm_histogram_first_peak_weight": 0.421538472176,
    "bpm_histogram_second_peak_bpm": 86,
    "bpm_histogram_second_peak_spread": 0.476923108101,
    "bpm_histogram_second_peak_weight": 0.079069763422,
    "danceability": 1.0077958107,
    "onset_rate": 2.13411784172,
    "beats_loudness_band_ratio": {
        "mean": [0.416366040707, 0.325119584799, 0.172823667526, 0.0792065709829, 0.0398692712188, 0.0181212611496]
    },
    "beats_position": [0.708208620548, 1.43963718414, 2.17106580734, 2.89088439941, 3.61070299149, 4.31891155243, 5.02712011337, 5.72371864319, 6.40870714188, 7.0936961174, 7.77868461609, 8.47528362274, 9.17188167572, 9.86848068237, 10.5650787354, 11.261677742, 11.9582767487, 12.6432647705, 13.328253746, 14.0132427216, 14.6982307434, 15.3832197189, 16.0798187256, 16.7764167786, 17.4730148315, 18.1580047607, 18.8313827515, 19.5163707733, 20.1897506714, 20.8747386932, 21.5713367462, 22.2679367065, 22.9645347595, 23.6495227814, 24.3345127106, 25.0195007324, 25.7044887543, 26.4010887146, 27.0976867676, 27.7942848206, 28.4908847809, 29.1874828339, 29.8840808868, 30.5806789398, 31.2772789001, 31.962266922, 32.6588668823, 33.3438529968, 34.028842926, 34.7138328552, 35.4104309082, 36.1070289612, 36.8036270142, 37.5002250671, 38.1968231201, 38.8818130493, 39.5668029785, 40.251789093, 40.9367790222, 41.6333770752, 42.3415870667, 43.0381851196, 43.7463951111, 44.4546012878, 45.1860313416, 45.9058494568, 46.532787323, 47.1481170654, 47.6473464966, 48.1581840515, 48.6458053589, 49.1102027893, 49.5629920959, 50.0157814026, 50.4917907715, 50.9678001404, 51.4321975708, 51.8965988159, 52.3609962463, 52.813785553, 53.2781867981, 53.7541923523, 54.2185935974, 54.6829910278, 55.1590003967, 55.6350097656, 56.1110191345, 56.5870285034, 57.0514259338, 57.5274353027, 58.0034446716, 58.4678459167, 58.9322433472, 59.4082527161, 59.884262085, 60.3602714539, 60.8246688843, 61.2774581909, 61.7302474976, 62.1830368042, 62.6474380493, 63.1118354797, 63.5762329102, 64.0406341553, 64.5282516479, 65.0042648315, 65.4918823242, 65.9794998169, 66.4555053711, 66.9431304932, 67.4191360474, 67.90675354, 68.3711547852, 68.8471679688, 69.3115615845, 69.7759628296, 70.2287521362, 70.6815414429, 71.1343307495, 71.6103363037, 72.0863494873, 72.5623550415, 73.0267562866, 73.4911575317, 73.9555511475, 74.4199523926, 74.8843536377, 75.3487548828, 75.8131484985, 76.2775497437, 76.7419509888, 77.2063446045, 77.6823577881, 78.1583633423, 78.6343765259, 79.0871658325, 79.5515594482, 80.0159606934, 80.4803619385, 80.9447631836, 81.4091567993, 81.8735580444, 82.3379592896, 82.7907485962, 83.2551422119, 83.719543457, 84.1723327637, 84.6367340088, 85.1011352539, 85.5655288696, 86.0415420532, 86.4943313599, 86.9587249756, 87.4231262207, 87.8875274658, 88.3519287109, 88.8163223267, 89.2807235718, 89.7451248169, 90.2095184326, 90.6855316162, 91.1615371704, 91.6259384155, 92.0903396606, 92.5547409058, 93.0191345215, 93.4835357666, 93.9479370117, 94.4007263184, 94.853515625, 95.3179092407, 95.7939224243, 96.2583236694, 96.7227172852, 97.1987304688, 97.6631240845, 98.1391372681, 98.6151428223, 99.1027679443, 99.5787734985, 100.054779053, 100.530792236, 101.006797791, 101.424758911, 101.842720032, 102.260681152, 102.748298645, 103.224304199, 103.700317383, 104.176322937, 104.640724182, 105.105125427, 105.569519043, 106.02230835, 106.486709595, 106.95111084, 107.415504456, 107.879905701, 108.344306946, 108.808708191, 109.273101807, 109.737503052, 110.201904297, 110.666305542, 111.130699158, 111.595100403, 112.059501648, 112.523895264, 112.988296509, 113.464309692, 113.928703308, 114.393104553, 114.869110107, 115.333511353, 115.809524536, 116.262313843, 116.715103149, 117.167892456, 117.64389801, 118.119903564, 118.58430481, 119.048706055, 119.501495361, 119.954284668, 120.418685913, 120.894691467, 121.370697021, 121.835098267, 122.31111145, 122.787117004, 123.263130188, 123.727523804, 124.203536987, 124.679542542, 125.155555725, 125.619949341, 126.095962524, 126.56036377, 127.024757385, 127.477546692, 127.941947937, 128.406341553, 128.870742798, 129.335144043, 129.799545288, 130.263946533, 130.728347778, 131.192733765, 131.680358887, 132.15637207, 132.632385254, 133.108383179, 133.584396362, 134.037185669, 134.489974976, 134.954376221, 135.418777466, 135.883178711, 136.347564697, 136.811965942, 137.264755249, 137.729156494, 138.193557739, 138.657958984, 139.122360229, 139.575149536, 140.039550781, 140.503936768, 140.956726074, 141.421127319, 141.885528564, 142.338317871, 142.802719116, 143.267120361, 143.731521606, 144.195922852, 144.660308838, 145.113098145, 145.589111328, 146.053512573, 146.517913818, 146.982315063, 147.458312988, 147.934326172, 148.398727417, 148.839904785, 149.292694092, 149.73387146, 150.186660767, 150.639450073, 151.09223938, 151.556640625, 152.02104187, 152.485443115, 152.94984436, 153.414230347, 153.89024353, 154.366256714, 154.830657959, 155.295059204, 155.747848511, 156.200637817, 156.653427124, 157.11781311, 157.570602417, 158.035003662, 158.499404907, 158.963806152, 159.428207397, 159.892608643, 160.357009888, 160.821395874, 161.285797119, 161.750198364, 162.214599609, 162.679000854, 163.1434021, 163.596191406, 164.048980713, 164.50177002, 164.954559326, 165.407348633, 165.860137939, 166.324539185, 166.800537109, 167.276550293, 167.740951538, 168.205352783, 168.669754028, 169.134140015, 169.59854126, 170.062942505, 170.52734375, 170.991744995, 171.444534302, 171.908935547, 172.373336792, 172.826126099, 173.290512085, 173.743301392, 174.196090698, 174.660491943, 175.124893188, 175.589294434, 176.053695679, 176.506484985, 176.97088623, 177.435287476, 177.9112854, 178.375686646, 178.840087891, 179.304489136, 179.768890381, 180.233291626, 180.686080933, 181.138870239, 181.603256226, 182.056045532, 182.508834839, 182.973236084, 183.437637329, 183.902038574, 184.366439819, 184.830841064, 185.29524231, 185.771240234, 186.247253418, 186.711654663, 187.176055908, 187.640457153, 188.10484314, 188.557632446, 189.010421753, 189.46321106, 189.916000366, 190.368789673, 190.821578979, 191.285980225, 191.75038147, 192.214782715, 192.67918396, 193.143585205, 193.596374512, 194.060760498, 194.525161743, 194.97795105, 195.430740356, 195.883529663, 196.347930908, 196.800720215, 197.253509521, 197.717910767, 198.182312012, 198.646713257, 199.111114502, 199.563903809, 200.028289795, 200.481079102, 200.945480347, 201.398269653, 201.85105896, 202.315460205, 202.77986145, 203.244262695, 203.720275879, 204.207885742, 204.695510864, 205.217956543, 205.740402222, 206.2628479, 206.704025269, 207.156814575, 207.598007202, 208.03918457, 208.480361938, 208.921539307, 209.362716675, 209.873550415, 210.384399414, 210.895233154, 211.348022461, 211.800811768, 212.253601074, 212.776046753, 213.298492432, 213.832565308, 214.389831543, 214.947113037, 215.504394531, 216.050064087, 216.595733643],
    "bpm_histogram": [0, 0, 0, 0, 0, 0, 0, 0, 0, 0, 0, 0, 0, 0, 0, 0, 0, 0, 0, 0, 0, 0, 0, 0, 0, 0, 0, 0, 0, 0, 0, 0, 0, 0, 0, 0, 0, 0, 0, 0, 0, 0, 0, 0, 0, 0, 0, 0, 0, 0, 0, 0, 0, 0, 0, 0, 0, 0, 0, 0, 0, 0, 0, 0, 0, 0, 0, 0, 0, 0, 0, 0, 0, 0, 0, 0, 0, 0, 0, 0, 0, 0, 0.00697674416006, 0.00697674416006, 0, 0.0116279069334, 0.0674418583512, 0, 0.0534883737564, 0.00465116277337, 0, 0, 0, 0, 0, 0, 0.00232558138669, 0, 0.00232558138669, 0, 0, 0, 0, 0, 0, 0, 0, 0, 0.00697674416006, 0, 0.00465116277337, 0, 0.00232558138669, 0, 0, 0.0116279069334, 0, 0.00930232554674, 0, 0, 0.00232558138669, 0, 0, 0.0255813952535, 0, 0, 0.151162788272, 0, 0, 0.437209308147, 0, 0, 0, 0.167441859841, 0, 0, 0.0186046510935, 0, 0, 0, 0, 0, 0, 0, 0.00697674416006, 0, 0, 0, 0, 0, 0, 0, 0, 0, 0, 0, 0, 0, 0, 0, 0, 0, 0, 0, 0, 0, 0, 0, 0, 0, 0, 0, 0, 0, 0, 0, 0, 0, 0, 0, 0, 0, 0, 0, 0, 0, 0, 0, 0, 0, 0, 0, 0, 0, 0, 0, 0, 0, 0, 0, 0, 0, 0, 0, 0, 0, 0, 0, 0, 0, 0, 0, 0, 0, 0, 0, 0, 0, 0, 0, 0, 0, 0, 0, 0, 0, 0, 0, 0, 0, 0, 0, 0, 0, 0, 0, 0, 0, 0, 0, 0, 0, 0, 0, 0, 0, 0, 0, 0, 0]
},
"tonal": {
    "chords_changes_rate": 0.0469784326851,
    "chords_number_rate": 0.001708306605,
    "chords_strength": {
        "mean": 0.521177470684
    },
    "hpcp_crest": {
        "mean": 15.218214035
    },
    "hpcp_entropy": {
        "mean": 1.73543262482
    },
    "key_edma": {
        "strength": 0.80059927702,
        "key": "A",
        "scale": "major"
    },
    "key_krumhansl": {
        "strength": 0.810587227345,
        "key": "A",
        "scale": "major"
    },
    "key_temperley": {
        "strength": 0.824694752693,
        "key": "A",
        "scale": "major"
    },
    "tuning_diatonic_strength": 0.599949657917,
    "tuning_equal_tempered_deviation": 0.0369504466653,
    "tuning_frequency": 442.804626465,
    "tuning_nontempered_energy_ratio": 0.648290455341,
    "hpcp": {
        "mean": [0.291284441948, 0.141196683049, 0.0250599682331, 0.0162169113755, 0.0290525853634, 0.217056974769, 0.308545321226, 0.134002372622, 0.0342887379229, 0.0223470199853, 0.0291895251721, 0.130262538791, 0.186428755522, 0.107423119247, 0.161224275827, 0.215469434857, 0.104666799307, 0.0374755300581, 0.0320214927197, 0.0447428375483, 0.238894075155, 0.385191500187, 0.211177513003, 0.0814186781645, 0.0781881809235, 0.0614307262003, 0.178645089269, 0.25353243947, 0.122612006962, 0.0251458920538, 0.0145321153104, 0.022319810465, 0.0840579792857, 0.116431489587, 0.0940351709723, 0.21224078536]
    },
    "chords_histogram": [28.0589370728, 1.02498400211, 23.4892158508, 0, 1.8791372776, 0, 0, 0.0213538333774, 6.64104223251, 0.128123000264, 0.149476826191, 0.0854153335094, 0, 0, 0, 0.405722826719, 0.0427076667547, 0.768737971783, 0.0854153335094, 0.533845841885, 0, 14.2643604279, 13.1539611816, 9.26756381989],
    "thpcp": [1, 0.548240303993, 0.211371943355, 0.202985212207, 0.159481003881, 0.463782519102, 0.658198416233, 0.318314403296, 0.0652815327048, 0.0377269871533, 0.0579447112978, 0.218223869801, 0.302269101143, 0.244125768542, 0.551000714302, 0.756206810474, 0.366562306881, 0.0650584697723, 0.0421009063721, 0.0754237473011, 0.563504040241, 0.801017999649, 0.347885072231, 0.0890173763037, 0.0580153502524, 0.0757792592049, 0.338176041842, 0.483989804983, 0.2788823843, 0.418556153774, 0.559382617474, 0.271726667881, 0.0972906500101, 0.0831313580275, 0.116157382727, 0.620195627213],
    "chords_key": "A",
    "chords_scale": "major"
}
}