{
"metadata": {
    "version": {
        "essentia": "2.1-beta6-dev",
        "essentia_git_sha": "v2.1_beta5-1177-g1d1cc983",
        "extractor": "music 2.0"
    },
    "audio_properties": {
        "analysis": {
            "equal_loudness": 0,
            "length": 199.906661987,
            "sample_rate": 44100,
            "start_time": 0,
            "downmix": "mix"
        },
        "bit_rate": 1411200,
        "length": 199.906661987,
        "lossless": 1,
        "number_channels": 2,
        "replay_gain": -15.2262420654,
        "sample_rate": 44100,
        "codec": "pcm_s16le",
        "md5_encoded": "697ff8d4a8aa523aac397b9749b2e8ab"
    },
    "tags": {
        "file_name": "05 - Manchester Orchestra - The Ocean.wav",
        "album": ["Cope (Deluxe Version)"],
        "albumartist": ["Manchester Orchestra"],
        "artist": ["Manchester Orchestra"],
        "composer": ["Andy Hull"],
        "copyright": ["℗ 2013 Seven Four Entertainment and Republic Records"],
        "date": ["2012"],
        "discnumber": ["1"],
        "disctotal": ["1"],
        "genre": ["Alternative & Indie"],
        "isrc": ["USUG11301015"],
        "title": ["The Ocean"],
        "tracknumber": ["5"],
        "tracktotal": ["13"]
    }
},
"lowlevel": {
    "average_loudness": 0.93899667263,
    "barkbands_crest": {
        "mean": 8.92970943451
    },
    "barkbands_flatness_db": {
        "mean": 0.146657705307
    },
    "barkbands_kurtosis": {
        "mean": 7.90574121475
    },
    "barkbands_skewness": {
        "mean": 1.6146569252
    },
    "barkbands_spread": {
        "mean": 18.8415298462
    },
    "dissonance": {
        "mean": 0.466948956251
    },
    "dynamic_complexity": 3.64495754242,
    "erbbands_crest": {
        "mean": 9.10361289978
    },
    "erbbands_flatness_db": {
        "mean": 0.162242949009
    },
    "erbbands_kurtosis": {
        "mean": 1.75875496864
    },
    "erbbands_skewness": {
        "mean": 0.601004779339
    },
    "erbbands_spread": {
        "mean": 33.8070602417
    },
    "hfc": {
        "mean": 23.3773937225
    },
    "loudness_ebu128": {
        "integrated": -6.64691495895,
        "loudness_range": 4.43522691727,
        "momentary": {
            "mean": -8.08973789215
        },
        "short_term": {
            "mean": -7.33554840088
        }
    },
    "melbands_crest": {
        "mean": 13.0037164688
    },
    "melbands_flatness_db": {
        "mean": 0.221372157335
    },
    "melbands_kurtosis": {
        "mean": 16.7865409851
    },
    "melbands_skewness": {
        "mean": 2.47651767731
    },
    "melbands_spread": {
        "mean": 20.9257545471
    },
    "pitch_salience": {
        "mean": 0.583234727383
    },
    "silence_rate_20dB": {
        "mean": 1
    },
    "silence_rate_30dB": {
        "mean": 1
    },
    "silence_rate_60dB": {
        "mean": 0.0242712814361
    },
    "spectral_centroid": {
        "mean": 1155.62512207
    },
    "spectral_complexity": {
        "mean": 24.178144455
    },
    "spectral_decrease": {
        "mean": -7.55629780969e-09
    },
    "spectral_energy": {
        "mean": 0.0306395534426
    },
    "spectral_energyband_high": {
        "mean": 0.000576530350372
    },
    "spectral_energyband_low": {
        "mean": 0.00907622929662
    },
    "spectral_energyband_middle_high": {
        "mean": 0.00898000784218
    },
    "spectral_energyband_middle_low": {
        "mean": 0.0145477820188
    },
    "spectral_entropy": {
        "mean": 7.39478969574
    },
    "spectral_flux": {
        "mean": 0.083114169538
    },
    "spectral_kurtosis": {
        "mean": 7.12900018692
    },
    "spectral_rms": {
        "mean": 0.00525272497907
    },
    "spectral_rolloff": {
        "mean": 1300.03027344
    },
    "spectral_skewness": {
        "mean": 1.83093464375
    },
    "spectral_spread": {
        "mean": 3943496.5
    },
    "spectral_strongpeak": {
        "mean": 1.15026426315
    },
    "zerocrossingrate": {
        "mean": 0.0512455441058
    },
    "barkbands": {
        "mean": [4.89344347443e-05, 0.00276791700162, 0.0043791574426, 0.00304279429838, 0.00375559972599, 0.00204264372587, 0.00143725785892, 0.00120940816123, 0.00170976156369, 0.0023614410311, 0.00211606896482, 0.00095572299324, 0.000850426498801, 0.00070603156928, 0.000450347317383, 0.000461535382783, 0.000630669936072, 0.000577696831897, 0.000443443394033, 0.000209813981201, 0.000143028504681, 0.00012350056204, 7.65840086387e-05, 8.67149647092e-05, 3.58492470696e-05, 9.36216110858e-06, 7.16938711776e-06]
    },
    "erbbands": {
        "mean": [0.0488886907697, 0.779097497463, 4.47699165344, 8.68566989899, 9.90145587921, 14.2741107941, 15.4339666367, 15.6243629456, 18.533531189, 23.1382884979, 30.2336711884, 41.0137138367, 82.5844802856, 65.6485519409, 67.768661499, 46.6259307861, 38.0381660461, 42.4458236694, 29.1286621094, 20.9692974091, 30.1889038086, 32.6213493347, 32.0063476562, 27.3181438446, 18.6273574829, 9.62810230255, 6.96968078613, 4.89960813522, 4.76344919205, 2.80586290359, 2.28986096382, 1.91729080677, 1.32834088802, 0.538526296616, 0.188422009349, 0.0530707426369, 0.0154062574729, 0.0061204363592, 0.00125425169244, 9.19404192246e-05]
    },
    "gfcc": {
        "mean": [-6.22146177292, 107.025611877, -110.1978302, 27.5427799225, -49.2505569458, 5.26558732986, -30.5056877136, 3.98613381386, -23.944185257, -9.95357513428, -16.6978797913, -5.52691650391, -14.1411085129],
        "cov": [[16587.6660156, -970.421264648, -3484.48828125, -329.713134766, -880.394042969, 44.8667106628, -382.997833252, 254.927261353, -229.145370483, -14.1063938141, -43.5010490417, 181.158554077, -133.767074585], [-970.421264648, 1423.3939209, 232.074905396, 49.1108055115, 280.090576172, -73.1037139893, 124.324523926, -109.158538818, 60.3156929016, -113.626838684, 48.916305542, -97.1575546265, 53.4922142029], [-3484.48828125, 232.074905396, 1596.42248535, 216.125701904, 174.931304932, -24.0644416809, 73.660194397, -114.315757751, 24.6233310699, 23.0283279419, -34.5380706787, -52.8600692749, 51.3706321716], [-329.713134766, 49.1108055115, 216.125701904, 282.120513916, 27.2640419006, -52.9113693237, -38.0202407837, 4.43445825577, 33.22498703, -7.48461675644, -8.13795852661, -8.99453926086, 20.0794258118], [-880.394042969, 280.090576172, 174.931304932, 27.2640419006, 245.87348938, 23.9845466614, 57.1106491089, -19.7188529968, 25.8471603394, -23.669549942, 18.9876098633, -22.4473781586, 3.40628457069], [44.8667106628, -73.1037139893, -24.0644416809, -52.9113693237, 23.9845466614, 190.790176392, 33.3494262695, 6.3369011879, -28.5034217834, -6.82812929153, 10.6646518707, 5.18166399002, -17.4944229126], [-382.997833252, 124.324523926, 73.660194397, -38.0202407837, 57.1106491089, 33.3494262695, 134.689529419, -4.89169502258, 11.8800792694, -2.05669021606, 11.696015358, -11.4969968796, 5.45473480225], [254.927261353, -109.158538818, -114.315757751, 4.43445825577, -19.7188529968, 6.3369011879, -4.89169502258, 98.8225097656, 25.6488494873, 7.56836652756, -3.57161784172, 8.70831775665, -8.65584564209], [-229.145370483, 60.3156929016, 24.6233310699, 33.22498703, 25.8471603394, -28.5034217834, 11.8800792694, 25.6488494873, 88.3590927124, 24.4766845703, 3.54696011543, -9.94112873077, 3.7930085659], [-14.1063938141, -113.626838684, 23.0283279419, -7.48461675644, -23.669549942, -6.82812929153, -2.05669021606, 7.56836652756, 24.4766845703, 80.9713745117, 9.70121574402, 5.2757730484, 1.82898080349], [-43.5010490417, 48.916305542, -34.5380706787, -8.13795852661, 18.9876098633, 10.6646518707, 11.696015358, -3.57161784172, 3.54696011543, 9.70121574402, 51.513885498, 16.5244369507, -0.15068462491], [181.158554077, -97.1575546265, -52.8600692749, -8.99453926086, -22.4473781586, 5.18166399002, -11.4969968796, 8.70831775665, -9.94112873077, 5.2757730484, 16.5244369507, 57.7398262024, 13.0032672882], [-133.767074585, 53.4922142029, 51.3706321716, 20.0794258118, 3.40628457069, -17.4944229126, 5.45473480225, -8.65584564209, 3.7930085659, 1.82898080349, -0.15068462491, 13.0032672882, 52.5006752014]],
        "icov": [[0.000141254218761, -9.2296708317e-05, 0.000287244503852, -0.000122426761664, 0.000287296395982, -7.33728520572e-05, 9.21072132769e-05, -6.34574244032e-05, 0.00030090418295, -0.000234400140471, 0.000382334459573, -0.000293421122478, 0.000216780914343], [-9.2296708317e-05, 0.00169836659916, -0.000134477915708, 0.000234180493862, -0.0011197096901, 0.000686606450472, -0.000611907569692, 0.00126686587464, -0.00137599161826, 0.00260440446436, -0.00260848295875, 0.00299320579506, -0.00208985875361], [0.000287244503852, -0.000134477915708, 0.00150898762513, -0.000970805587713, 4.7119527153e-05, -0.000197382105398, -0.000344168307493, 0.000888587965164, 0.000711868109647, -0.00114491221029, 0.00165364437271, -0.000297248159768, -5.60666339879e-05], [-0.000122426761664, 0.000234180493862, -0.000970805587713, 0.00496174115688, -0.000543882255442, 0.000800738402177, 0.00183313293383, -0.000764064956456, -0.00192375073675, 0.00175911106635, -0.00118073541671, 0.00108994310722, -0.00170825689565], [0.000287296395982, -0.0011197096901, 4.7119527153e-05, -0.000543882255442, 0.00684554129839, -0.00125509710051, -0.000884073437192, -0.000200293507078, -0.000791636295617, 0.000634004070889, -0.000726139929611, -0.000497855595313, 0.00138756085653], [-7.33728520572e-05, 0.000686606450472, -0.000197382105398, 0.000800738402177, -0.00125509710051, 0.00667994003743, -0.00165062572341, -0.000643287436105, 0.00186261429917, 0.000886362395249, -0.00176670297515, 0.000513647100888, 0.00107540306635], [9.21072132769e-05, -0.000611907569692, -0.000344168307493, 0.00183313293383, -0.000884073437192, -0.00165062572341, 0.0100464969873, -0.000958732329309, -0.000986350351013, -0.000225576164667, -0.00121359666809, 0.00111498427577, -0.00140126503538], [-6.34574244032e-05, 0.00126686587464, 0.000888587965164, -0.000764064956456, -0.000200293507078, -0.000643287436105, -0.000958732329309, 0.0142709873617, -0.00579357240349, 0.00164410483558, 0.00103478168603, -0.000967826286796, 0.00082537898561], [0.00030090418295, -0.00137599161826, 0.000711868109647, -0.00192375073675, -0.000791636295617, 0.00186261429917, -0.000986350351013, -0.00579357240349, 0.0182688944042, -0.00756774703041, 0.00146475795191, 0.000522238318808, 0.000845810456667], [-0.000234400140471, 0.00260440446436, -0.00114491221029, 0.00175911106635, 0.000634004070889, 0.000886362395249, -0.000225576164667, 0.00164410483558, -0.00756774703041, 0.0195967182517, -0.00792976282537, 0.00416968204081, -0.00344606931321], [0.000382334459573, -0.00260848295875, 0.00165364437271, -0.00118073541671, -0.000726139929611, -0.00176670297515, -0.00121359666809, 0.00103478168603, 0.00146475795191, -0.00792976282537, 0.029914714396, -0.0136859752238, 0.00586654199287], [-0.000293421122478, 0.00299320579506, -0.000297248159768, 0.00108994310722, -0.000497855595313, 0.000513647100888, 0.00111498427577, -0.000967826286796, 0.000522238318808, 0.00416968204081, -0.0136859752238, 0.0295246057212, -0.0115301776677], [0.000216780914343, -0.00208985875361, -5.60666339879e-05, -0.00170825689565, 0.00138756085653, 0.00107540306635, -0.00140126503538, 0.00082537898561, 0.000845810456667, -0.00344606931321, 0.00586654199287, -0.0115301776677, 0.0259187892079]]
    },
    "melbands": {
        "mean": [0.000597023172304, 0.0019074943848, 0.00149663537741, 0.000856628001202, 0.000555734790396, 0.000362990424037, 0.000291203643428, 0.000248057505814, 0.000247877353104, 0.000268190167844, 0.000406372651923, 0.000249003700446, 0.000232097008848, 0.000139045616379, 8.66151531227e-05, 9.12102550501e-05, 7.78901085141e-05, 4.81353927171e-05, 2.96429589071e-05, 3.09339993692e-05, 3.72295726265e-05, 3.67685606761e-05, 2.91113519779e-05, 2.5783019737e-05, 2.17671149585e-05, 1.62072392413e-05, 9.1383644758e-06, 5.64704669159e-06, 4.6477257456e-06, 3.20904837281e-06, 2.69416545962e-06, 2.75940215033e-06, 2.26315205509e-06, 1.29694376483e-06, 1.37244603593e-06, 1.19315063785e-06, 1.15416503377e-06, 1.01019418253e-06, 6.72411829328e-07, 3.77902864557e-07]
    },
    "melbands128": {
        "mean": [4.49188919447e-05, 0.00028634336195, 0.000712913752068, 0.00139679934364, 0.00220466870815, 0.00207951967604, 0.00189426192082, 0.00131163815968, 0.000916325196158, 0.000868710747454, 0.0008514689398, 0.000541079905815, 0.000552596931811, 0.000465966586489, 0.000349823152646, 0.000307038484607, 0.000307854410494, 0.000253841542872, 0.000342095823726, 0.000244499387918, 0.000211399994441, 0.000208558296436, 0.000306455272948, 0.000218618835788, 0.000217951572267, 0.000307393289404, 0.000306706264382, 0.000602972751949, 0.000289196905214, 0.00015193472791, 0.000328923371853, 0.000260861386778, 0.00017012655735, 0.000323419662891, 6.48269851808e-05, 0.000144571036799, 0.000136148519232, 7.82191782491e-05, 5.67853203393e-05, 8.18916378194e-05, 0.000116563896881, 7.19200106687e-05, 7.97906759544e-05, 8.54732861626e-05, 4.72947431263e-05, 5.15682986588e-05, 3.49550646206e-05, 3.31967239617e-05, 2.47023835982e-05, 2.02465671464e-05, 3.92153124267e-05, 3.21420520777e-05, 2.77606650343e-05, 4.42077252956e-05, 4.97871587868e-05, 3.61266538675e-05, 2.49311706284e-05, 2.5615314371e-05, 3.18038473779e-05, 3.55925076292e-05, 2.10332600545e-05, 2.01597413252e-05, 3.23169515468e-05, 1.83129541256e-05, 1.30771823024e-05, 2.12249506149e-05, 1.33914354592e-05, 1.01046880445e-05, 9.15900182008e-06, 6.38671690467e-06, 5.29856333742e-06, 5.85594534641e-06, 4.56000407212e-06, 4.69596989205e-06, 4.29423425885e-06, 3.20998287862e-06, 2.74150784207e-06, 2.82932023765e-06, 2.81685379377e-06, 2.31951980822e-06, 2.76541686617e-06, 3.02067928715e-06, 2.60073716163e-06, 2.45152341449e-06, 1.79514745469e-06, 1.00581189599e-06, 1.2307268662e-06, 1.57430599756e-06, 1.41066777815e-06, 1.22106143863e-06, 1.15783632282e-06, 1.17962622426e-06, 1.26929569433e-06, 1.13825092285e-06, 1.11743270281e-06, 1.08126334908e-06, 1.02759099718e-06, 8.42515476052e-07, 7.28995587451e-07, 5.48498348962e-07, 4.52443828181e-07, 3.51919027253e-07, 2.94341390372e-07, 2.26247479418e-07, 2.32424739011e-07, 1.6234885436e-07, 1.43116835716e-07, 9.64212176768e-08, 8.11722742355e-08, 6.76559182011e-08, 6.65076882456e-08, 4.97596701621e-08, 4.31691873359e-08, 4.17788648122e-08, 3.69776813613e-08, 4.07954701132e-08, 4.49532926439e-08, 6.07888708259e-08, 7.29695912582e-08, 3.96853323537e-08, 3.30318172814e-08, 1.93259310777e-08, 1.33024711246e-08, 1.05838804387e-08, 1.1119049681e-08, 1.33105277911e-08, 1.26834587277e-08, 9.16998654787e-09]
    },
    "mfcc": {
        "mean": [-649.800109863, 139.122467041, -1.99438416958, 26.5413036346, 3.4798104763, 2.98537230492, 1.47078692913, 8.95176315308, -2.34089636803, -1.10096049309, -2.38721013069, -2.92256903648, -6.30662870407],
        "cov": [[15559.3710938, -1169.76452637, -2416.53149414, -825.335693359, -772.009338379, -602.500976562, -363.731964111, 16.3927936554, -251.011764526, -64.673789978, -72.6780090332, -28.4661903381, -110.551834106], [-1169.76452637, 1448.74279785, 180.187164307, 194.676925659, 132.351730347, 122.831718445, 83.4783630371, 39.6463279724, 13.627368927, 6.78675699234, -12.1374635696, -12.3841657639, -4.56981754303], [-2416.53149414, 180.187164307, 1040.07800293, 272.564208984, 144.641494751, 130.476547241, 50.0285606384, -57.4594459534, 62.5020103455, -15.3816289902, -9.89276409149, -12.6339540482, 21.6657047272], [-825.335693359, 194.676925659, 272.564208984, 346.991912842, 103.345252991, -1.91511464119, -27.3729019165, -22.3551025391, 37.9127922058, -5.23559904099, 4.30794286728, -9.69885444641, 29.8523807526], [-772.009338379, 132.351730347, 144.641494751, 103.345252991, 197.302230835, 55.2522010803, 11.1692667007, 27.9899654388, 8.02079772949, -1.9064977169, 20.0513916016, -7.35640573502, -5.6182141304], [-602.500976562, 122.831718445, 130.476547241, -1.91511464119, 55.2522010803, 147.660614014, 65.449005127, 11.044924736, 3.98453783989, 4.78346157074, 0.0227766167372, 8.54899406433, -8.43326091766], [-363.731964111, 83.4783630371, 50.0285606384, -27.3729019165, 11.1692667007, 65.449005127, 112.771377563, 29.8731899261, 3.06658768654, 0.630162835121, -5.6364736557, 8.97842407227, -5.84194898605], [16.3927936554, 39.6463279724, -57.4594459534, -22.3551025391, 27.9899654388, 11.044924736, 29.8731899261, 102.992630005, 3.20466637611, 1.25987970829, 9.51780319214, 0.389513283968, -16.2780532837], [-251.011764526, 13.627368927, 62.5020103455, 37.9127922058, 8.02079772949, 3.98453783989, 3.06658768654, 3.20466637611, 71.5148010254, 29.3967208862, 2.1078145504, 1.44377958775, 10.057890892], [-64.673789978, 6.78675699234, -15.3816289902, -5.23559904099, -1.9064977169, 4.78346157074, 0.630162835121, 1.25987970829, 29.3967208862, 75.3735046387, 21.6015529633, 6.00497102737, 4.06218385696], [-72.6780090332, -12.1374635696, -9.89276409149, 4.30794286728, 20.0513916016, 0.0227766167372, -5.6364736557, 9.51780319214, 2.1078145504, 21.6015529633, 60.731300354, 15.0573339462, 0.451069116592], [-28.4661903381, -12.3841657639, -12.6339540482, -9.69885444641, -7.35640573502, 8.54899406433, 8.97842407227, 0.389513283968, 1.44377958775, 6.00497102737, 15.0573339462, 49.9264678955, 15.456079483], [-110.551834106, -4.56981754303, 21.6657047272, 29.8523807526, -5.6182141304, -8.43326091766, -5.84194898605, -16.2780532837, 10.057890892, 4.06218385696, 0.451069116592, 15.456079483, 51.756652832]],
        "icov": [[0.000128022962599, 2.6670162697e-05, 0.000207834556932, 3.0743991374e-05, 0.000262782850768, 0.000123630874441, 0.000232360078371, -4.44240613433e-05, 0.000151123284013, 4.92081271659e-05, 0.000104688602732, 1.23084964798e-05, 0.000194184336578], [2.6670162697e-05, 0.000856946455315, 0.000134640242322, -0.00057810958242, -0.000110946282803, -0.000504288240336, -0.000386821659049, -0.000205309566809, 0.000256658589933, -0.000247423595283, 0.00033412736957, 0.000174575980054, 0.000121764242067], [0.000207834556932, 0.000134640242322, 0.00191891123541, -0.000967496947851, 2.1407915483e-05, -0.000972031324636, -0.000211423728615, 0.000986863044091, -0.000815735023934, 0.000770743878093, 0.000115809692943, 0.000451539788628, 0.000303220091155], [3.0743991374e-05, -0.00057810958242, -0.000967496947851, 0.00517965992913, -0.00201583537273, 0.00155869557057, 0.00123685656581, 0.000555655162316, -0.00168871739879, 0.000882458407432, -0.000281287997495, 0.000526931136847, -0.00211439072154], [0.000262782850768, -0.000110946282803, 2.1407915483e-05, -0.00201583537273, 0.00854974240065, -0.00267761666328, 0.0015945212217, -0.00259081576951, 0.000846370763611, 0.000733381777536, -0.00251137255691, 0.0015546384966, 0.00089776009554], [0.000123630874441, -0.000504288240336, -0.000972031324636, 0.00155869557057, -0.00267761666328, 0.0120129343122, -0.00510232290253, 0.00109093775973, 0.000598172133323, -0.00116847688332, 0.000956072064582, -0.00226400676183, 0.00180458603427], [0.000232360078371, -0.000386821659049, -0.000211423728615, 0.00123685656581, 0.0015945212217, -0.00510232290253, 0.014394428581, -0.0039554676041, -2.73741843557e-05, 0.000196080130991, 0.00189850060269, -0.0018474048702, 8.47640330903e-05], [-4.44240613433e-05, -0.000205309566809, 0.000986863044091, 0.000555655162316, -0.00259081576951, 0.00109093775973, -0.0039554676041, 0.0129161477089, -0.00231344019994, 0.00117607496213, -0.00183204887435, -0.000153589076945, 0.00308481254615], [0.000151123284013, 0.000256658589933, -0.000815735023934, -0.00168871739879, 0.000846370763611, 0.000598172133323, -2.73741843557e-05, -0.00231344019994, 0.0197601355612, -0.00851142499596, 0.00266991090029, -5.4818305216e-05, -0.00205925991759], [4.92081271659e-05, -0.000247423595283, 0.000770743878093, 0.000882458407432, 0.000733381777536, -0.00116847688332, 0.000196080130991, 0.00117607496213, -0.00851142499596, 0.0188969187438, -0.00696071004495, 0.000817969208583, -0.000479851529235], [0.000104688602732, 0.00033412736957, 0.000115809692943, -0.000281287997495, -0.00251137255691, 0.000956072064582, 0.00189850060269, -0.00183204887435, 0.00266991090029, -0.00696071004495, 0.0221556518227, -0.00724991038442, 0.00188756478019], [1.23084964798e-05, 0.000174575980054, 0.000451539788628, 0.000526931136847, 0.0015546384966, -0.00226400676183, -0.0018474048702, -0.000153589076945, -5.4818305216e-05, 0.000817969208583, -0.00724991038442, 0.0260199606419, -0.00866890605539], [0.000194184336578, 0.000121764242067, 0.000303220091155, -0.00211439072154, 0.00089776009554, 0.00180458603427, 8.47640330903e-05, 0.00308481254615, -0.00205925991759, -0.000479851529235, 0.00188756478019, -0.00866890605539, 0.0252207815647]]
    },
    "spectral_contrast_coeffs": {
        "mean": [-0.699576079845, -0.789087593555, -0.768095970154, -0.812160313129, -0.795400261879, -0.769412994385]
    },
    "spectral_contrast_valleys": {
        "mean": [-6.38691520691, -6.48429346085, -7.17240905762, -7.57142114639, -7.60392475128, -10.5340337753]
    }
},
"rhythm": {
    "beats_count": 462,
    "beats_loudness": {
        "mean": 0.0338374301791
    },
    "bpm": 139.143417358,
    "bpm_histogram_first_peak_bpm": 140,
    "bpm_histogram_first_peak_weight": 0.410714268684,
    "bpm_histogram_second_peak_bpm": 133,
    "bpm_histogram_second_peak_spread": 0,
    "bpm_histogram_second_peak_weight": 0.0238611716777,
    "danceability": 1.1046128273,
    "onset_rate": 2.5109565258,
    "beats_loudness_band_ratio": {
        "mean": [0.425596833229, 0.200048923492, 0.170088589191, 0.155587151647, 0.0721784904599, 0.0327226892114]
    },
    "beats_position": [0.371519267559, 0.766258478165, 1.16099774837, 1.57895684242, 2.00852608681, 2.43809509277, 2.86766433716, 3.29723358154, 3.72680258751, 4.15637159348, 4.59755086899, 5.01551008224, 5.44507932663, 5.87464857101, 6.29260778427, 6.71056699753, 7.1517457962, 7.58131504059, 8.01088428497, 8.44045352936, 8.87002277374, 9.29959201813, 9.72916126251, 10.1471195221, 10.5766887665, 11.0062580109, 11.4358272552, 11.8653964996, 12.3065757751, 12.7361450195, 13.1657142639, 13.5952835083, 14.0248527527, 14.4428119659, 14.8723802567, 15.301949501, 15.7315187454, 16.1610889435, 16.5790481567, 16.99700737, 17.4381847382, 17.8677539825, 18.2857131958, 18.7152824402, 19.1448516846, 19.574420929, 19.9923801422, 20.4219493866, 20.8631286621, 21.2926979065, 21.7106571198, 22.1402263641, 22.5697956085, 22.9993648529, 23.4289340973, 23.8585033417, 24.2880725861, 24.7176418304, 25.158821106, 25.5883903503, 26.0063495636, 26.4475269318, 26.8770961761, 27.3066654205, 27.747844696, 28.1774139404, 28.6069831848, 29.0249423981, 29.4545116425, 29.8724708557, 30.3020401001, 30.7316093445, 31.1611785889, 31.5791378021, 31.9970970154, 32.4266662598, 32.8562355042, 33.2741928101, 33.7037620544, 34.1333312988, 34.5629005432, 34.9808616638, 35.4104309082, 35.8400001526, 36.269569397, 36.6991386414, 37.1287078857, 37.5466651917, 37.9878463745, 38.4174156189, 38.8469848633, 39.2765541077, 39.7061233521, 40.124080658, 40.5652618408, 41.006439209, 41.4360084534, 41.8655776978, 42.2951469421, 42.7247161865, 43.1542854309, 43.5838546753, 44.0134239197, 44.4429931641, 44.86095047, 45.2905197144, 45.7200889587, 46.1380500793, 46.5676193237, 46.9971885681, 47.415145874, 47.8331069946, 48.262676239, 48.6806335449, 49.1102027893, 49.5397720337, 49.9693412781, 50.4105224609, 50.8516998291, 51.2928771973, 51.7340583801, 52.1752357483, 52.6164169312, 53.0575942993, 53.4987754822, 53.9399528503, 54.3695220947, 54.8107032776, 55.2518806458, 55.6814498901, 56.1110191345, 56.5405883789, 56.9701576233, 57.4113349915, 57.8409042358, 58.2704734802, 58.7000427246, 59.1412239075, 59.5824012756, 60.0235824585, 60.4531517029, 60.8827209473, 61.3122901917, 61.741859436, 62.1714286804, 62.6009979248, 63.0305671692, 63.4601364136, 63.889705658, 64.3076629639, 64.7372360229, 65.1668014526, 65.5963668823, 66.0143280029, 66.4555053711, 66.8850784302, 67.3146438599, 67.7558288574, 68.1737823486, 68.6033554077, 69.0329208374, 69.474105835, 69.9036712646, 70.3332443237, 70.7511978149, 71.1691589355, 71.6103363037, 72.0282974243, 72.4694747925, 72.8990478516, 73.3286132812, 73.7465744019, 74.1761474609, 74.6057128906, 75.0352783203, 75.4648513794, 75.8828125, 76.3007659912, 76.7303390503, 77.15990448, 77.5894775391, 78.0190429688, 78.4602279663, 78.8781814575, 79.3193664551, 79.7489318848, 80.1785049438, 80.5964584351, 81.0260314941, 81.4555969238, 81.8851699829, 82.3147354126, 82.7443084717, 83.1738739014, 83.591835022, 84.0097961426, 84.4393615723, 84.8689346313, 85.298500061, 85.7164611816, 86.1460266113, 86.5755996704, 87.0051651001, 87.4347381592, 87.8643035889, 88.2938766479, 88.7234420776, 89.1414031982, 89.5825805664, 90.0121536255, 90.4417190552, 90.8712921143, 91.3008575439, 91.7188186646, 92.1483917236, 92.5779571533, 93.0075302124, 93.4370956421, 93.8666687012, 94.2962341309, 94.737411499, 95.1553726196, 95.5849380493, 96.0145111084, 96.4440765381, 96.8736495972, 97.2916107178, 97.7211761475, 98.1507492065, 98.5803146362, 99.0098876953, 99.4278411865, 99.8458023071, 100.275375366, 100.704940796, 101.134513855, 101.564079285, 101.982040405, 102.423217773, 102.864395142, 103.305580139, 103.746757507, 104.187934875, 104.629112244, 105.070289612, 105.511474609, 105.941040039, 106.382217407, 106.823402405, 107.252967834, 107.694145203, 108.123718262, 108.553283691, 108.994468689, 109.41242218, 109.841995239, 110.25995636, 110.68952179, 111.130699158, 111.571876526, 112.013061523, 112.442626953, 112.872200012, 113.301765442, 113.731338501, 114.172515869, 114.613693237, 115.054870605, 115.496055603, 115.937232971, 116.366798401, 116.807983398, 117.237548828, 117.678726196, 118.119903564, 118.549476624, 118.979042053, 119.397003174, 119.826576233, 120.256141663, 120.685714722, 121.115280151, 121.55645752, 121.997642517, 122.438819885, 122.879997253, 123.321174622, 123.750747681, 124.18031311, 124.598274231, 125.039451599, 125.480628967, 125.921813965, 126.362991333, 126.804168701, 127.245346069, 127.674919128, 128.104492188, 128.545669556, 128.975234985, 129.404800415, 129.845977783, 130.275558472, 130.705123901, 131.14630127, 131.587478638, 132.017044067, 132.446624756, 132.876190186, 133.305755615, 133.735321045, 134.176498413, 134.61769104, 135.070480347, 135.511657715, 135.941223145, 136.370788574, 136.811965942, 137.253143311, 137.694335938, 138.123901367, 138.553466797, 138.994644165, 139.435821533, 139.865386963, 140.294967651, 140.712921143, 141.142486572, 141.58366394, 142.013244629, 142.43119812, 142.849151611, 143.267120361, 143.685073853, 144.137863159, 144.590652466, 145.031829834, 145.473007202, 145.914199829, 146.355377197, 146.796554565, 147.226119995, 147.655685425, 148.096862793, 148.538040161, 148.96762085, 149.397186279, 149.838363647, 150.267929077, 150.709106445, 151.138687134, 151.568252563, 152.009429932, 152.438995361, 152.86857605, 153.298141479, 153.727706909, 154.157272339, 154.598449707, 155.039627075, 155.469207764, 155.910385132, 156.3515625, 156.792739868, 157.222305298, 157.663482666, 158.093063354, 158.522628784, 158.952194214, 159.381759644, 159.811340332, 160.240905762, 160.68208313, 161.123260498, 161.552825928, 161.994003296, 162.423583984, 162.864761353, 163.294326782, 163.723892212, 164.1534729, 164.58303833, 165.024215698, 165.465393066, 165.906570435, 166.347747803, 166.788925171, 167.230117798, 167.659683228, 168.089248657, 168.518814087, 168.948379517, 169.377960205, 169.807525635, 170.237091064, 170.666656494, 171.096237183, 171.525802612, 171.96697998, 172.408157349, 172.849334717, 173.290512085, 173.720092773, 174.149658203, 174.579223633, 175.008789062, 175.449981689, 175.891159058, 176.332336426, 176.773513794, 177.203079224, 177.632644653, 178.073822021, 178.515014648, 178.944580078, 179.385757446, 179.815322876, 180.244888306, 180.686080933, 181.115646362, 181.545211792, 181.974777222, 182.41595459, 182.857131958, 183.298324585, 183.739501953, 184.169067383, 184.598632812, 185.028198242, 185.457778931, 185.898956299, 186.328521729, 186.758087158, 187.176055908, 187.594009399, 188.023574829, 188.453155518, 188.882720947, 189.312286377, 189.741851807, 190.171432495, 190.600997925, 191.030563354, 191.460128784, 191.878097534, 192.307662964, 192.737228394, 193.166793823, 193.596374512, 194.025939941, 194.455505371, 194.885070801, 195.314651489, 195.755828857, 196.208618164, 196.661407471, 197.114196777, 197.566986084, 198.019775391, 198.472564697, 198.925354004, 199.378143311],
    "bpm_histogram": [0, 0, 0, 0, 0, 0, 0, 0, 0, 0, 0, 0, 0, 0, 0, 0, 0, 0, 0, 0, 0, 0, 0, 0, 0, 0, 0, 0, 0, 0, 0, 0, 0, 0, 0, 0, 0, 0, 0, 0, 0, 0, 0, 0, 0, 0, 0, 0, 0, 0, 0, 0, 0, 0, 0, 0, 0, 0, 0, 0, 0, 0, 0, 0, 0, 0, 0, 0, 0, 0, 0, 0, 0, 0, 0, 0, 0, 0, 0, 0, 0, 0, 0, 0, 0, 0, 0, 0, 0, 0, 0, 0, 0, 0, 0, 0, 0, 0, 0, 0, 0, 0, 0, 0, 0, 0, 0, 0, 0, 0, 0, 0, 0, 0, 0, 0, 0, 0, 0, 0, 0, 0, 0, 0, 0, 0, 0, 0, 0, 0, 0, 0, 0, 0.0238611716777, 0, 0, 0.273318886757, 0, 0, 0, 0.572668135166, 0, 0, 0, 0.12581345439, 0, 0, 0, 0, 0, 0, 0, 0.00433839485049, 0, 0, 0, 0, 0, 0, 0, 0, 0, 0, 0, 0, 0, 0, 0, 0, 0, 0, 0, 0, 0, 0, 0, 0, 0, 0, 0, 0, 0, 0, 0, 0, 0, 0, 0, 0, 0, 0, 0, 0, 0, 0, 0, 0, 0, 0, 0, 0, 0, 0, 0, 0, 0, 0, 0, 0, 0, 0, 0, 0, 0, 0, 0, 0, 0, 0, 0, 0, 0, 0, 0, 0, 0, 0, 0, 0, 0, 0, 0, 0, 0, 0, 0, 0, 0, 0, 0, 0, 0, 0, 0, 0, 0, 0, 0, 0, 0]
},
"tonal": {
    "chords_changes_rate": 0.0466790534556,
    "chords_number_rate": 0.00162563868798,
    "chords_strength": {
        "mean": 0.569402813911
    },
    "hpcp_crest": {
        "mean": 13.5242433548
    },
    "hpcp_entropy": {
        "mean": 2.07318782806
    },
    "key_edma": {
        "strength": 0.860870599747,
        "key": "Eb",
        "scale": "major"
    },
    "key_krumhansl": {
        "strength": 0.869866549969,
        "key": "Eb",
        "scale": "major"
    },
    "key_temperley": {
        "strength": 0.877879023552,
        "key": "Eb",
        "scale": "major"
    },
    "tuning_diatonic_strength": 0.705719232559,
    "tuning_equal_tempered_deviation": 0.040081769228,
    "tuning_frequency": 440.254241943,
    "tuning_nontempered_energy_ratio": 0.707361400127,
    "hpcp": {
        "mean": [0.0848062857985, 0.0705498456955, 0.18424358964, 0.359703332186, 0.271981418133, 0.098802678287, 0.0700218677521, 0.0703113302588, 0.164671301842, 0.203930944204, 0.101970352232, 0.0520483329892, 0.0471336953342, 0.0453513152897, 0.13854958117, 0.224051564932, 0.187773928046, 0.246166631579, 0.310369610786, 0.186023265123, 0.0729390531778, 0.0477615818381, 0.0471849739552, 0.127408996224, 0.19582696259, 0.128373324871, 0.0701285228133, 0.0650271251798, 0.0713332369924, 0.212891623378, 0.287819623947, 0.178497165442, 0.162146791816, 0.191427990794, 0.134667560458, 0.0952422171831]
    },
    "chords_histogram": [26.7998142242, 8.82489585876, 20.4830474854, 0, 0, 0, 0, 0.905712962151, 3.52995824814, 1.1147236824, 0, 0, 0, 0, 0.441244781017, 0.348351150751, 0.325127720833, 0.836042702198, 0, 0.185787275434, 0, 0.1393404603, 18.3000469208, 17.7659072876],
    "thpcp": [1, 0.75612705946, 0.274678230286, 0.19466561079, 0.195470333099, 0.457797557116, 0.566942036152, 0.283484578133, 0.14469794929, 0.131034910679, 0.126079767942, 0.385177373886, 0.622878730297, 0.522024452686, 0.684360146523, 0.862848877907, 0.517157495022, 0.202775582671, 0.132780477405, 0.131177470088, 0.35420575738, 0.544412434101, 0.356886684895, 0.194962114096, 0.180779874325, 0.198311299086, 0.591853380203, 0.800158321857, 0.496234387159, 0.450779229403, 0.532182991505, 0.374385088682, 0.264779925346, 0.235767304897, 0.196133419871, 0.512209832668],
    "chords_key": "Eb",
    "chords_scale": "major"
}
}