{
"metadata": {
    "version": {
        "essentia": "2.1-beta6-dev",
        "essentia_git_sha": "v2.1_beta5-1177-g1d1cc983",
        "extractor": "music 2.0"
    },
    "audio_properties": {
        "analysis": {
            "equal_loudness": 0,
            "length": 280.413330078,
            "sample_rate": 44100,
            "start_time": 0,
            "downmix": "mix"
        },
        "bit_rate": 1411200,
        "length": 280.413330078,
        "lossless": 1,
        "number_channels": 2,
        "replay_gain": -7.45028114319,
        "sample_rate": 44100,
        "codec": "pcm_s16le",
        "md5_encoded": "4319774860a8812d452499e088bc5531"
    },
    "tags": {
        "file_name": "06 - Manchester Orchestra - Every Stone.wav",
        "album": ["HOPE"],
        "albumartist": ["Manchester Orchestra"],
        "artist": ["Manchester Orchestra"],
        "composer": ["Andy Hull"],
        "copyright": ["℗ 2014 Seven Four Entertainment LLC. Manufactured and Distributed by Concord Music Group, Inc."],
        "date": ["2014"],
        "discnumber": ["1"],
        "disctotal": ["1"],
        "genre": ["Rock"],
        "isrc": ["USC4R1400110"],
        "title": ["Every Stone"],
        "tracknumber": ["6"],
        "tracktotal": ["11"]
    }
},
"lowlevel": {
    "average_loudness": 0.694982111454,
    "barkbands_crest": {
        "mean": 10.8281860352
    },
    "barkbands_flatness_db": {
        "mean": 0.330177217722
    },
    "barkbands_kurtosis": {
        "mean": 13.3031101227
    },
    "barkbands_skewness": {
        "mean": 1.38285374641
    },
    "barkbands_spread": {
        "mean": 6.40382575989
    },
    "dissonance": {
        "mean": 0.366609483957
    },
    "dynamic_complexity": 4.40880870819,
    "erbbands_crest": {
        "mean": 11.3837776184
    },
    "erbbands_flatness_db": {
        "mean": 0.305950015783
    },
    "erbbands_kurtosis": {
        "mean": 2.58925247192
    },
    "erbbands_skewness": {
        "mean": 0.721278190613
    },
    "erbbands_spread": {
        "mean": 16.2701911926
    },
    "hfc": {
        "mean": 9.58638477325
    },
    "loudness_ebu128": {
        "integrated": -15.5941677094,
        "loudness_range": 9.81559658051,
        "momentary": {
            "mean": -18.1720638275
        },
        "short_term": {
            "mean": -17.2672367096
        }
    },
    "melbands_crest": {
        "mean": 15.467168808
    },
    "melbands_flatness_db": {
        "mean": 0.451265573502
    },
    "melbands_kurtosis": {
        "mean": 11.1785783768
    },
    "melbands_skewness": {
        "mean": 2.06101751328
    },
    "melbands_spread": {
        "mean": 7.04804039001
    },
    "pitch_salience": {
        "mean": 0.524582862854
    },
    "silence_rate_20dB": {
        "mean": 1
    },
    "silence_rate_30dB": {
        "mean": 0.99312800169
    },
    "silence_rate_60dB": {
        "mean": 0.0692167580128
    },
    "spectral_centroid": {
        "mean": 426.093109131
    },
    "spectral_complexity": {
        "mean": 10.3496437073
    },
    "spectral_decrease": {
        "mean": -7.09279612821e-09
    },
    "spectral_energy": {
        "mean": 0.0276392139494
    },
    "spectral_energyband_high": {
        "mean": 9.13953772397e-05
    },
    "spectral_energyband_low": {
        "mean": 0.0088110640645
    },
    "spectral_energyband_middle_high": {
        "mean": 0.00240331538953
    },
    "spectral_energyband_middle_low": {
        "mean": 0.0182391405106
    },
    "spectral_entropy": {
        "mean": 5.80360126495
    },
    "spectral_flux": {
        "mean": 0.0508538670838
    },
    "spectral_kurtosis": {
        "mean": 98.5811462402
    },
    "spectral_rms": {
        "mean": 0.0047401804477
    },
    "spectral_rolloff": {
        "mean": 699.071777344
    },
    "spectral_skewness": {
        "mean": 6.74691772461
    },
    "spectral_spread": {
        "mean": 1937102.5
    },
    "spectral_strongpeak": {
        "mean": 0.68858063221
    },
    "zerocrossingrate": {
        "mean": 0.0250869747251
    },
    "barkbands": {
        "mean": [4.47712664027e-05, 0.00192244525533, 0.00512505043298, 0.00447483360767, 0.00543039385229, 0.00394934182987, 0.00181747961324, 0.00124772661366, 0.000980315729976, 0.00144390692003, 0.0003748969757, 0.000230011544772, 0.000137165232445, 0.000121400269563, 7.76728484198e-05, 6.20282444288e-05, 4.83449039166e-05, 3.06898728013e-05, 1.94608128368e-05, 2.32111142395e-05, 1.96699420485e-05, 1.20391769087e-05, 9.03740965441e-06, 1.77797483047e-05, 1.37943852678e-05, 5.21980291524e-06, 6.18187186774e-07]
    },
    "erbbands": {
        "mean": [0.0149443363771, 0.659197509289, 5.52436876297, 9.88151454926, 22.540096283, 13.3124923706, 21.9864311218, 32.882900238, 26.8159389496, 28.3687705994, 23.7973022461, 21.6328544617, 41.9153022766, 23.6606140137, 14.5191049576, 9.23976802826, 7.43254470825, 6.78146219254, 4.39148807526, 3.88567519188, 2.889523983, 3.10051202774, 1.76523768902, 1.33559989929, 0.876169383526, 1.03960514069, 0.835926115513, 0.81124150753, 0.5006108284, 0.224871888757, 0.267646074295, 0.28759509325, 0.340649187565, 0.210060685873, 0.0688909515738, 0.0265920367092, 0.00852085277438, 0.00161504896823, 0.000100993071101, 3.38393365382e-05]
    },
    "gfcc": {
        "mean": [-160.259765625, 200.502731323, -61.0932388306, -18.4108638763, -46.057636261, -4.43276691437, -29.5514469147, -5.84904813766, -19.2059020996, -15.6461515427, -16.3723125458, -12.8331108093, -7.99102592468],
        "cov": [[20129.4824219, -2008.52209473, -5382.44921875, 1845.52307129, -127.491928101, 556.800842285, -1005.42022705, 574.342529297, -450.617706299, 480.067871094, 43.4852371216, 441.672943115, -77.9471893311], [-2008.52209473, 3487.39282227, 334.667663574, -1317.8807373, 668.274475098, -99.588973999, 355.922302246, -516.977600098, 315.494293213, -204.605407715, 198.692962646, -193.120666504, 105.138320923], [-5382.44921875, 334.667663574, 2925.25683594, -56.8177947998, -238.905090332, -54.6488723755, 196.533126831, 1.53201377392, -76.7322769165, -177.921279907, -169.701660156, -123.305122375, -92.8036346436], [1845.52307129, -1317.8807373, -56.8177947998, 1337.74047852, -106.473648071, -61.9411811829, -222.452331543, 196.797439575, -127.501831055, 110.613586426, -50.7339324951, 87.2336654663, -52.2392158508], [-127.491928101, 668.274475098, -238.905090332, -106.473648071, 406.680633545, -36.0273208618, -19.8387947083, -138.944961548, 116.443984985, 2.36689281464, 76.0725021362, -29.6321563721, 13.1611766815], [556.800842285, -99.588973999, -54.6488723755, -61.9411811829, -36.0273208618, 185.327316284, 19.8372764587, 27.3045463562, -41.7904090881, 11.8425302505, -25.5461177826, 9.2757062912, -5.70382928848], [-1005.42022705, 355.922302246, 196.533126831, -222.452331543, -19.8387947083, 19.8372764587, 271.32635498, -22.3629970551, 28.8490829468, -65.6324005127, 5.6441116333, -30.7399425507, 56.3506317139], [574.342529297, -516.977600098, 1.53201377392, 196.797439575, -138.944961548, 27.3045463562, -22.3629970551, 218.50642395, -55.5296173096, -13.3540410995, -72.7443466187, 42.1297950745, -8.3265542984], [-450.617706299, 315.494293213, -76.7322769165, -127.501831055, 116.443984985, -41.7904090881, 28.8490829468, -55.5296173096, 129.030014038, 2.97267889977, 30.2241477966, -28.8903331757, 17.3556652069], [480.067871094, -204.605407715, -177.921279907, 110.613586426, 2.36689281464, 11.8425302505, -65.6324005127, -13.3540410995, 2.97267889977, 109.482841492, 30.4622802734, 1.33113276958, -28.705406189], [43.4852371216, 198.692962646, -169.701660156, -50.7339324951, 76.0725021362, -25.5461177826, 5.6441116333, -72.7443466187, 30.2241477966, 30.4622802734, 101.799423218, 8.43017482758, -0.995035707951], [441.672943115, -193.120666504, -123.305122375, 87.2336654663, -29.6321563721, 9.2757062912, -30.7399425507, 42.1297950745, -28.8903331757, 1.33113276958, 8.43017482758, 80.3665847778, 20.418170929], [-77.9471893311, 105.138320923, -92.8036346436, -52.2392158508, 13.1611766815, -5.70382928848, 56.3506317139, -8.3265542984, 17.3556652069, -28.705406189, -0.995035707951, 20.418170929, 93.1976776123]],
        "icov": [[0.000527542259078, -0.0009689470171, 0.00107922730967, -0.000952493341174, 0.00108550919686, -0.00131958397105, 0.00115147570614, -0.00108305516187, 0.00130796991289, -0.000826722069178, 0.00094072218053, -0.000777456210926, 0.000730201194528], [-0.0009689470171, 0.0029310232494, -0.00213037291542, 0.0023404029198, -0.00317917950451, 0.00251448154449, -0.00247394293547, 0.002831826685, -0.00269211037084, 0.0029355105944, -0.00281767244451, 0.00238265260123, -0.00172137632035], [0.00107922730967, -0.00213037291542, 0.00275637628511, -0.00211293855682, 0.00263035157695, -0.00245288945735, 0.00197107461281, -0.00182713114191, 0.00282615120523, -0.00115154962987, 0.00289304135367, -0.00145628361497, 0.00245868298225], [-0.000952493341174, 0.0023404029198, -0.00211293855682, 0.00327448803, -0.00298559409566, 0.00330170383677, -0.00191796617582, 0.00139913603198, -0.00138373894151, 0.00062709703343, -0.00177842774428, 0.00120626704302, -0.00162954290863], [0.00108550919686, -0.00317917950451, 0.00263035157695, -0.00298559409566, 0.00797040574253, -0.00360495247878, 0.0038197459653, -0.00112878589425, -0.000435974536231, -0.000880918640178, 0.00130946189165, -0.00167698261794, 0.00187477341387], [-0.00131958397105, 0.00251448154449, -0.00245288945735, 0.00330170383677, -0.00360495247878, 0.0105833820999, -0.00451721949503, 0.00244701118208, -0.000188706049812, -0.000714793684892, 0.000789210840594, 0.000423572113505, -0.000694833870512], [0.00115147570614, -0.00247394293547, 0.00197107461281, -0.00191796617582, 0.0038197459653, -0.00451721949503, 0.00919136404991, -0.00354126491584, 0.00182915513869, 0.000549042306375, -0.00122360035311, 0.00156598421745, -0.00257571833208], [-0.00108305516187, 0.002831826685, -0.00182713114191, 0.00139913603198, -0.00112878589425, 0.00244701118208, -0.00354126491584, 0.0121824676171, -0.00395765434951, 0.00432790769264, 0.00300585245714, -0.00205697049387, 0.000955896219239], [0.00130796991289, -0.00269211037084, 0.00282615120523, -0.00138373894151, -0.000435974536231, -0.000188706049812, 0.00182915513869, -0.00395765434951, 0.0172137692571, -0.00537319388241, 0.00248616421595, 0.000901294115465, -0.000271497730864], [-0.000826722069178, 0.0029355105944, -0.00115154962987, 0.00062709703343, -0.000880918640178, -0.000714793684892, 0.000549042306375, 0.00432790769264, -0.00537319388241, 0.0192907750607, -0.00803753361106, 0.00517146894708, 0.0010606017895], [0.00094072218053, -0.00281767244451, 0.00289304135367, -0.00177842774428, 0.00130946189165, 0.000789210840594, -0.00122360035311, 0.00300585245714, 0.00248616421595, -0.00803753361106, 0.0228643044829, -0.0101851904765, 0.00625813473016], [-0.000777456210926, 0.00238265260123, -0.00145628361497, 0.00120626704302, -0.00167698261794, 0.000423572113505, 0.00156598421745, -0.00205697049387, 0.000901294115465, 0.00517146894708, -0.0101851904765, 0.0234504062682, -0.00880139693618], [0.000730201194528, -0.00172137632035, 0.00245868298225, -0.00162954290863, 0.00187477341387, -0.000694833870512, -0.00257571833208, 0.000955896219239, -0.000271497730864, 0.0010606017895, 0.00625813473016, -0.00880139693618, 0.0185252055526]]
    },
    "melbands": {
        "mean": [0.000314840232022, 0.00213289563544, 0.002192735672, 0.00135975540616, 0.000677655334584, 0.000744341989048, 0.000390585220885, 0.000306931236992, 0.000192748833797, 0.000132708548335, 0.000220722780796, 0.000114219641546, 4.64726181235e-05, 2.86075865006e-05, 2.12968116102e-05, 1.38448840517e-05, 1.30075050038e-05, 6.80822358845e-06, 6.12356734564e-06, 5.56583154321e-06, 2.47027651312e-06, 3.75927743335e-06, 1.46811612467e-06, 1.40429892781e-06, 1.05726508082e-06, 6.51977643429e-07, 6.42003101348e-07, 7.13090116733e-07, 5.93084962475e-07, 4.26094800332e-07, 4.81558572574e-07, 3.23650795053e-07, 1.4102846535e-07, 1.23474805491e-07, 1.50401646692e-07, 1.63194769698e-07, 1.79456392857e-07, 2.46973087314e-07, 2.11485826185e-07, 1.72092342154e-07]
    },
    "melbands128": {
        "mean": [1.31121123559e-05, 2.81854936475e-05, 0.000228073549806, 0.00123765075114, 0.00287350383587, 0.00221031019464, 0.00173902988899, 0.00251891184598, 0.0024629952386, 0.00149405712727, 0.000466711382614, 0.00040668938891, 0.0007453149301, 0.00100099609699, 0.000888854207005, 0.000462060968857, 0.000506369397044, 0.00032885588007, 0.000355083233444, 0.00029664428439, 0.000338732264936, 0.000153225773829, 0.000209950812859, 0.000189946425962, 0.000106227496872, 0.000142171178595, 9.28059089347e-05, 0.000215614272747, 0.000399351818487, 0.000104516722786, 4.41948759544e-05, 4.31348271377e-05, 4.00285316573e-05, 6.42134909867e-05, 2.5611871024e-05, 2.14428546315e-05, 2.14171541302e-05, 3.03770721075e-05, 1.15449875011e-05, 1.73219541466e-05, 1.61111292982e-05, 4.77025923828e-06, 1.64949233294e-05, 1.41270611493e-05, 8.84657310962e-06, 5.58460442335e-06, 4.25784446634e-06, 9.34704985411e-06, 5.23847074874e-06, 2.04176376428e-06, 8.51639833854e-06, 5.70899146624e-06, 2.05077981263e-06, 1.4103425201e-06, 1.95499819711e-06, 6.74710054227e-06, 2.15031218431e-06, 6.55969756735e-07, 1.76957746589e-06, 1.8938338826e-06, 1.40975203067e-06, 7.12515884516e-07, 1.72320426373e-06, 7.01322449004e-07, 9.82885239864e-07, 5.93361903611e-07, 5.04831632497e-07, 6.25214966021e-07, 6.78982758018e-07, 6.72619648867e-07, 6.16302770595e-07, 8.52285836572e-07, 7.55249629947e-07, 5.7359505945e-07, 3.29834961121e-07, 3.92874369481e-07, 4.73384261568e-07, 5.21812296483e-07, 4.90002094011e-07, 4.50946743058e-07, 3.53962178679e-07, 2.75416283557e-07, 2.18233026317e-07, 1.14891108183e-07, 9.57012034064e-08, 8.92571065947e-08, 1.53540412384e-07, 1.51938920112e-07, 1.43313542367e-07, 1.45036793242e-07, 1.79736346695e-07, 1.5794783792e-07, 1.60830680329e-07, 1.67945344742e-07, 1.93539108295e-07, 2.36784401864e-07, 2.68472007292e-07, 2.47459269076e-07, 2.26443859219e-07, 1.81359325779e-07, 1.73875221776e-07, 1.84394423286e-07, 1.57241871079e-07, 1.04927842415e-07, 6.40461834678e-08, 3.98074142538e-08, 4.5357126055e-08, 4.8164654487e-08, 4.71931222989e-08, 4.67734366794e-08, 3.73872133252e-08, 2.96722859616e-08, 2.47145930388e-08, 2.18974403055e-08, 1.91346085643e-08, 1.51316132957e-08, 1.11663274183e-08, 7.77405873009e-09, 3.79974940401e-09, 1.72029013257e-09, 9.45350020487e-10, 6.84692524899e-10, 5.64833957384e-10, 3.71995767523e-10, 3.28400140415e-10, 2.83697038084e-10, 2.49110482242e-10, 2.02191596799e-10]
    },
    "mfcc": {
        "mean": [-822.199768066, 242.725631714, 37.4955062866, 7.15457773209, 3.43029546738, -2.42014122009, -2.09512901306, 1.58662343025, 1.12534546852, -3.01599407196, -6.32448244095, -4.74320602417, -9.44703769684],
        "cov": [[19343.1367188, -1919.62023926, -4776.63085938, 192.37713623, 302.132904053, 3.89127230644, -171.227020264, -141.945159912, -415.027038574, -145.504333496, -34.3881034851, 238.499465942, 138.172073364], [-1919.62023926, 3943.97045898, -138.536834717, -879.525695801, 66.4811477661, 307.048278809, -18.5008602142, -32.747428894, -39.5709037781, -15.3459777832, 74.2434234619, -25.7997646332, 70.3667068481], [-4776.63085938, -138.536834717, 2568.69067383, 284.023529053, -103.477836609, -103.597816467, 154.848754883, 124.174308777, 170.393066406, 24.6610603333, -62.5019836426, -52.891002655, -109.971618652], [192.37713623, -879.525695801, 284.023529053, 839.392456055, 176.960510254, -28.5111351013, 10.2128143311, 24.5781269073, 18.5471954346, -27.0263500214, -18.2888221741, 32.601726532, 24.3131866455], [302.132904053, 66.4811477661, -103.477836609, 176.960510254, 349.576934814, 71.4538040161, -51.3500862122, -36.6824493408, -34.9854469299, -37.8897705078, 10.7053613663, 70.835609436, 17.4286937714], [3.89127230644, 307.048278809, -103.597816467, -28.5111351013, 71.4538040161, 213.121673584, 26.6112670898, -58.3393440247, -45.4485816956, -12.041973114, 23.4330654144, 23.0721359253, 42.4394378662], [-171.227020264, -18.5008602142, 154.848754883, 10.2128143311, -51.3500862122, 26.6112670898, 127.560577393, 33.4403915405, 6.16802978516, 3.26974320412, -6.32946872711, -14.3405761719, 0.386511206627], [-141.945159912, -32.747428894, 124.174308777, 24.5781269073, -36.6824493408, -58.3393440247, 33.4403915405, 129.806228638, 61.7849845886, 6.87030506134, -19.9110450745, -30.2154407501, -22.5971755981], [-415.027038574, -39.5709037781, 170.393066406, 18.5471954346, -34.9854469299, -45.4485816956, 6.16802978516, 61.7849845886, 141.00994873, 42.9036026001, -29.0468044281, -33.9824562073, -43.4132347107], [-145.504333496, -15.3459777832, 24.6610603333, -27.0263500214, -37.8897705078, -12.041973114, 3.26974320412, 6.87030506134, 42.9036026001, 93.1469726562, 16.1462421417, -28.5354213715, -16.9356269836], [-34.3881034851, 74.2434234619, -62.5019836426, -18.2888221741, 10.7053613663, 23.4330654144, -6.32946872711, -19.9110450745, -29.0468044281, 16.1462421417, 71.865737915, 26.1080532074, 12.7545061111], [238.499465942, -25.7997646332, -52.891002655, 32.601726532, 70.835609436, 23.0721359253, -14.3405761719, -30.2154407501, -33.9824562073, -28.5354213715, 26.1080532074, 95.7651748657, 30.6504325867], [138.172073364, 70.3667068481, -109.971618652, 24.3131866455, 17.4286937714, 42.4394378662, 0.386511206627, -22.5971755981, -43.4132347107, -16.9356269836, 12.7545061111, 30.6504325867, 85.7940063477]],
        "icov": [[0.000123480931506, 4.03922276746e-05, 0.000249930104474, -6.14745295024e-05, 1.10823539217e-05, 2.69355732598e-05, -0.000122565106722, -0.000129990949063, 0.000251078978181, -9.92182031041e-05, 0.000363055209164, -0.00032336669392, 0.000225542651606], [4.03922276746e-05, 0.000448770093499, 4.45422415396e-07, 0.000520303146914, -0.000323352316627, -0.000493914994877, 0.000152391105075, -0.000276240258245, -0.000150321211549, 0.000281747838017, -0.000357851560693, 0.000411973480368, -0.000457866059151], [0.000249930104474, 4.45422415396e-07, 0.00101617572363, -0.000401306111598, 0.000192190913367, 0.00023770329426, -0.00084931042511, -0.000188542049727, 0.000137780603836, -0.000140879361425, 0.000890140770935, -0.000877240905538, 0.00103390740696], [-6.14745295024e-05, 0.000520303146914, -0.000401306111598, 0.00222612405196, -0.00141526944935, -2.78227635135e-05, -0.00010515080794, -0.000231012760196, -0.000720213924069, 0.00060466863215, -0.000664700288326, 0.000932274968363, -0.00171142490581], [1.10823539217e-05, -0.000323352316627, 0.000192190913367, -0.00141526944935, 0.00485153961927, -0.00160959979985, 0.00189315446187, -0.000404503633035, 0.000695817696396, 9.08655565581e-05, 0.00108711887151, -0.00321764894761, 0.00194830156397], [2.69355732598e-05, -0.000493914994877, 0.00023770329426, -2.78227635135e-05, -0.00160959979985, 0.00783425755799, -0.00345398578793, 0.00343243521638, -0.000371752947103, 0.000300771003822, -0.00104766781442, 0.000756180263124, -0.00219758250751], [-0.000122565106722, 0.000152391105075, -0.00084931042511, -0.00010515080794, 0.00189315446187, -0.00345398578793, 0.0111867962405, -0.00376327056438, 0.00147765409201, -0.00052922469331, 0.000510578451212, 0.00011728987738, -0.000178624861292], [-0.000129990949063, -0.000276240258245, -0.000188542049727, -0.000231012760196, -0.000404503633035, 0.00343243521638, -0.00376327056438, 0.0127685870975, -0.00532580818981, 0.0025629682932, -0.00140227109659, 0.00271372823045, -0.000926023174543], [0.000251078978181, -0.000150321211549, 0.000137780603836, -0.000720213924069, 0.000695817696396, -0.000371752947103, 0.00147765409201, -0.00532580818981, 0.0142150735483, -0.0068327547051, 0.0062228506431, -0.00235510035418, 0.00449331384152], [-9.92182031041e-05, 0.000281747838017, -0.000140879361425, 0.00060466863215, 9.08655565581e-05, 0.000300771003822, -0.00052922469331, 0.0025629682932, -0.0068327547051, 0.0169410649687, -0.00827112514526, 0.00578356254846, -0.000862967746798], [0.000363055209164, -0.000357851560693, 0.000890140770935, -0.000664700288326, 0.00108711887151, -0.00104766781442, 0.000510578451212, -0.00140227109659, 0.0062228506431, -0.00827112514526, 0.0218346044421, -0.00808921735734, 0.00212397589348], [-0.00032336669392, 0.000411973480368, -0.000877240905538, 0.000932274968363, -0.00321764894761, 0.000756180263124, 0.00011728987738, 0.00271372823045, -0.00235510035418, 0.00578356254846, -0.00808921735734, 0.0185401365161, -0.00568298297003], [0.000225542651606, -0.000457866059151, 0.00103390740696, -0.00171142490581, 0.00194830156397, -0.00219758250751, -0.000178624861292, -0.000926023174543, 0.00449331384152, -0.000862967746798, 0.00212397589348, -0.00568298297003, 0.017744442448]]
    },
    "spectral_contrast_coeffs": {
        "mean": [-0.642512500286, -0.71813160181, -0.711540520191, -0.791278779507, -0.812315881252, -0.839745998383]
    },
    "spectral_contrast_valleys": {
        "mean": [-6.75730609894, -7.105946064, -8.47784423828, -9.68215370178, -10.5734701157, -12.9046945572]
    }
},
"rhythm": {
    "beats_count": 573,
    "beats_loudness": {
        "mean": 0.029975451529
    },
    "bpm": 139.048049927,
    "bpm_histogram_first_peak_bpm": 140,
    "bpm_histogram_first_peak_weight": 0.532786846161,
    "bpm_histogram_second_peak_bpm": 129,
    "bpm_histogram_second_peak_spread": 0.486842095852,
    "bpm_histogram_second_peak_weight": 0.136363640428,
    "danceability": 0.910181999207,
    "onset_rate": 1.24452888966,
    "beats_loudness_band_ratio": {
        "mean": [0.576067090034, 0.291786968708, 0.149841979146, 0.0698881447315, 0.00654466031119, 0.0123717747629]
    },
    "beats_position": [0.452789098024, 0.917188167572, 1.38158726692, 1.83437633514, 2.28716540337, 2.73995471001, 3.1811337471, 3.62231278419, 4.06349182129, 4.52789115906, 4.99229001999, 5.44507932663, 5.89786815643, 6.3622674942, 6.82666635513, 7.2910656929, 7.75546455383, 8.2198638916, 8.68426322937, 9.13705158234, 9.58984088898, 10.0426301956, 10.47219944, 10.9133787155, 11.3429479599, 11.7841272354, 12.2136955261, 12.6432647705, 13.0728340149, 13.479183197, 13.9087524414, 14.3383216858, 14.7678909302, 15.2206802368, 15.6734695435, 16.1262588501, 16.5790481567, 17.031835556, 17.4846248627, 17.9490242004, 18.4134235382, 18.8662128448, 19.3306121826, 19.8066215515, 20.2710208893, 20.7354183197, 21.1882076263, 21.6293869019, 22.0821762085, 22.5001354218, 22.918094635, 23.3360538483, 23.7656230927, 24.1835823059, 24.6131515503, 25.0543308258, 25.5187301636, 25.9831295013, 26.4475269318, 26.9235363007, 27.3763256073, 27.8175048828, 28.2702941895, 28.7230834961, 29.1642627716, 29.6054420471, 30.0350112915, 30.4645805359, 30.9057598114, 31.3237190247, 31.7416782379, 32.171245575, 32.6008148193, 33.053604126, 33.5180053711, 33.9824028015, 34.5280723572, 35.0853500366, 35.6426315308, 36.2231292725, 36.7920188904, 37.3609046936, 37.9181861877, 38.4986839294, 39.1488418579, 39.8106117249, 40.4607696533, 41.099319458, 41.7494773865, 42.3996353149, 43.0497932434, 43.6999549866, 44.3617210388, 45.0002708435, 45.6272087097, 46.2657585144, 46.9043083191, 47.5544662476, 48.204624176, 48.8547821045, 49.5165519714, 50.1667098999, 50.8052597046, 51.4321975708, 52.0591392517, 52.6860771179, 53.3246231079, 53.9631729126, 54.6017227173, 55.2518806458, 55.9020385742, 56.5405883789, 57.1907463074, 57.8409042358, 58.4794540405, 59.1180038452, 59.7681617737, 60.4067115784, 61.0452613831, 61.6954193115, 62.3339653015, 62.9725151062, 63.6226730347, 64.2612228394, 64.9113845825, 65.5499343872, 66.1768722534, 66.8154220581, 67.4423599243, 68.0809020996, 68.7310638428, 69.3812255859, 70.0313796997, 70.6815414429, 71.3316955566, 71.9818572998, 72.632019043, 73.2821731567, 73.9323348999, 74.5824966431, 75.2442626953, 75.8479766846, 76.4516983032, 77.0554199219, 77.5314254761, 77.9958267212, 78.4602279663, 78.924621582, 79.4006347656, 79.8766403198, 80.3410415649, 80.8054428101, 81.2698364258, 81.7342376709, 82.198638916, 82.6630401611, 83.1274337769, 83.591835022, 84.0562362671, 84.5206298828, 84.9850311279, 85.4378204346, 85.8789978027, 86.3201828003, 86.74974823, 87.1909255981, 87.6321105957, 88.0732879639, 88.514465332, 88.9324264526, 89.3503875732, 89.7683410645, 90.1863021851, 90.6158676147, 91.0686569214, 91.5098419189, 91.9510192871, 92.4154205322, 92.8914260864, 93.36743927, 93.8434448242, 94.3194503784, 94.7838516235, 95.2366409302, 95.6894302368, 96.1538314819, 96.5950088501, 97.0361862183, 97.4773712158, 97.918548584, 98.3713378906, 98.8241271973, 99.2769165039, 99.7297058105, 100.182495117, 100.635284424, 101.169342041, 101.703399658, 102.237457275, 102.783126831, 103.328796387, 103.862854004, 104.396911621, 104.930976868, 105.511474609, 106.080360413, 106.672470093, 107.113647461, 107.54322052, 107.97278595, 108.39074707, 108.797096252, 109.203445435, 109.598182678, 109.992919922, 110.399269104, 110.805618286, 111.200363159, 111.629928589, 112.059501648, 112.489067078, 112.918640137, 113.336593628, 113.766166687, 114.195732117, 114.625305176, 115.031654358, 115.461219788, 115.890792847, 116.320358276, 116.749931335, 117.179496765, 117.620681763, 118.050247192, 118.479812622, 118.909385681, 119.327346802, 119.745300293, 120.174873352, 120.61605072, 121.057228088, 121.475189209, 121.904762268, 122.322715759, 122.752288818, 123.181854248, 123.599815369, 124.029388428, 124.458953857, 124.900131226, 125.329704285, 125.759269714, 126.200454712, 126.769340515, 127.326622009, 127.988388062, 128.650161743, 129.300308228, 129.962081909, 130.623855591, 131.297225952, 131.947387695, 132.609161377, 133.25932312, 133.909469604, 134.559631348, 135.198181152, 135.836730957, 136.4868927, 137.137054443, 137.775604248, 138.414154053, 139.064300537, 139.71446228, 140.364624023, 141.026397705, 141.66494751, 142.315093994, 142.965255737, 143.61541748, 144.288803101, 144.962173462, 145.635559082, 146.308929443, 146.970703125, 147.632461548, 148.282623291, 148.932785034, 149.582946777, 150.233108521, 150.883255005, 151.556640625, 152.055877686, 152.555099487, 153.054321289, 153.518722534, 153.971511841, 154.424301147, 154.865478516, 155.306671143, 155.747848511, 156.189025879, 156.618591309, 157.048156738, 157.477722168, 157.930511475, 158.383300781, 158.836090088, 159.300491333, 159.764892578, 160.240905762, 160.705307007, 161.169708252, 161.634094238, 162.098495483, 162.562896729, 163.027297974, 163.491699219, 163.956100464, 164.420501709, 164.873291016, 165.326080322, 165.778869629, 166.231658936, 166.672836304, 167.114013672, 167.55519104, 168.019592285, 168.48399353, 168.948379517, 169.412780762, 169.877182007, 170.329971313, 170.794372559, 171.247161865, 171.699951172, 172.14112854, 172.547485352, 172.942214966, 173.336959839, 173.75491333, 174.17288208, 174.590835571, 175.008789062, 175.449981689, 175.891159058, 176.332336426, 176.761901855, 177.191467285, 177.621032715, 178.039001465, 178.480178833, 178.898132324, 179.327713013, 179.768890381, 180.198455811, 180.62802124, 181.04598999, 181.463943481, 181.881896973, 182.299865723, 182.717819214, 183.158996582, 183.60017395, 184.041351318, 184.470932007, 184.912109375, 185.341674805, 185.771240234, 186.200805664, 186.630386353, 187.059951782, 187.477905273, 187.895874023, 188.313827515, 188.720184326, 189.149749756, 189.579315186, 190.020492554, 190.461669922, 190.89125061, 191.32081604, 191.761993408, 192.191558838, 192.621124268, 193.050704956, 193.491882324, 193.933059692, 194.374237061, 194.815414429, 195.256591797, 195.697769165, 196.150558472, 196.603347778, 197.056137085, 197.508926392, 197.973327637, 198.437728882, 198.890518188, 199.366531372, 199.830932617, 200.295318604, 200.759719849, 201.224121094, 201.688522339, 202.10647583, 202.52444458, 202.95401001, 203.383575439, 203.801544189, 204.219497681, 204.64906311, 205.07862854, 205.49659729, 205.914550781, 206.344116211, 206.773696899, 207.203262329, 207.632827759, 208.050796509, 208.480361938, 208.909927368, 209.351104736, 209.780670166, 210.210250854, 210.639816284, 211.069381714, 211.487350464, 211.893692017, 212.311645508, 212.741226196, 213.170791626, 213.600357056, 214.041534424, 214.482711792, 214.91229248, 215.330245972, 215.759811401, 216.189376831, 216.61895752, 217.048522949, 217.478088379, 217.907653809, 218.337234497, 218.766799927, 219.207977295, 219.637542725, 220.067123413, 220.496688843, 220.914642334, 221.344207764, 221.773788452, 222.21496582, 222.64453125, 223.097320557, 223.561721802, 224.026123047, 224.490524292, 224.954910278, 225.419311523, 225.883712769, 226.348114014, 226.812515259, 227.276916504, 227.752914429, 228.228927612, 228.716552734, 229.204162598, 229.69178772, 230.179412842, 230.62059021, 231.061767578, 231.502944946, 231.990570068, 232.466567993, 232.954193115, 233.41859436, 233.882995605, 234.347381592, 234.811782837, 235.276184082, 235.740585327, 236.216598511, 236.692596436, 237.156997681, 237.633010864, 238.120635986, 238.60824585, 239.095870972, 239.583480835, 240.071105957, 240.547119141, 240.999908447, 241.452697754, 241.893875122, 242.323440552, 242.753005981, 243.18258667, 243.623764038, 244.053329468, 244.482894897, 244.912460327, 245.342041016, 245.771606445, 246.201171875, 246.630737305, 247.060317993, 247.489883423, 247.907836914, 248.337417603, 248.766983032, 249.196548462, 249.626113892, 250.020858765, 250.415603638, 250.810333252, 251.193466187, 251.576599121, 251.959716797, 252.342849731, 252.795639038, 253.236816406, 253.677993774, 254.119186401, 254.56036377, 255.001541138, 255.442718506, 255.883895874, 256.325073242, 256.766265869, 257.219055176, 257.671844482, 258.124633789, 258.565795898, 259.018585205, 259.459777832, 259.900939941, 260.330505371, 260.771697998, 261.201263428, 261.642456055, 262.083618164, 262.524810791, 262.9659729, 263.407165527, 263.848327637, 264.289520264, 264.719085693, 265.16027832, 265.60144043, 266.10067749, 266.599914551, 267.099121094, 267.737670898, 268.376220703, 269.014770508, 269.653320312, 270.291870117, 270.930419922, 271.557373047, 272.195922852, 272.834472656, 273.473022461, 274.111572266, 274.738494873, 275.365447998, 275.992370605, 276.596099854, 277.211425781, 277.826751709, 278.442077637, 279.057403564, 279.672729492],
    "bpm_histogram": [0, 0, 0, 0, 0, 0, 0, 0, 0, 0, 0, 0, 0, 0, 0, 0, 0, 0, 0, 0, 0, 0, 0, 0, 0, 0, 0, 0, 0, 0, 0, 0, 0, 0, 0, 0, 0, 0, 0, 0, 0, 0, 0, 0, 0, 0, 0, 0, 0, 0, 0, 0, 0, 0, 0, 0, 0, 0, 0, 0, 0, 0, 0, 0, 0, 0, 0, 0, 0, 0, 0, 0, 0, 0, 0, 0, 0, 0, 0, 0, 0, 0, 0, 0, 0, 0, 0, 0, 0, 0.0104895103723, 0, 0.0209790207446, 0.0804195776582, 0, 0.0594405606389, 0, 0.0174825172871, 0, 0.00874125864357, 0.00699300691485, 0, 0.00174825172871, 0, 0.00524475518614, 0, 0.00699300691485, 0, 0, 0.00699300691485, 0, 0.00524475518614, 0, 0.0104895103723, 0, 0, 0, 0, 0, 0, 0, 0.0104895103723, 0, 0, 0.0192307699472, 0, 0, 0.0314685329795, 0, 0, 0.136363640428, 0, 0, 0, 0.097902096808, 0, 0, 0.152097895741, 0, 0, 0, 0.199300706387, 0, 0, 0, 0.0751748234034, 0, 0, 0, 0.0157342664897, 0, 0, 0, 0.0139860138297, 0, 0, 0, 0, 0.00699300691485, 0, 0, 0, 0, 0, 0, 0, 0, 0, 0, 0, 0, 0, 0, 0, 0, 0, 0, 0, 0, 0, 0, 0, 0, 0, 0, 0, 0, 0, 0, 0, 0, 0, 0, 0, 0, 0, 0, 0, 0, 0, 0, 0, 0, 0, 0, 0, 0, 0, 0, 0, 0, 0, 0, 0, 0, 0, 0, 0, 0, 0, 0, 0, 0, 0, 0, 0, 0, 0, 0, 0, 0, 0, 0, 0, 0, 0, 0, 0, 0, 0, 0, 0, 0, 0, 0, 0, 0, 0, 0, 0, 0]
},
"tonal": {
    "chords_changes_rate": 0.0223509930074,
    "chords_number_rate": 0.00115894037299,
    "chords_strength": {
        "mean": 0.555521786213
    },
    "hpcp_crest": {
        "mean": 17.785446167
    },
    "hpcp_entropy": {
        "mean": 1.50095891953
    },
    "key_edma": {
        "strength": 0.651863396168,
        "key": "Ab",
        "scale": "major"
    },
    "key_krumhansl": {
        "strength": 0.67059648037,
        "key": "Ab",
        "scale": "major"
    },
    "key_temperley": {
        "strength": 0.691043019295,
        "key": "Ab",
        "scale": "major"
    },
    "tuning_diatonic_strength": 0.589653670788,
    "tuning_equal_tempered_deviation": 0.061131387949,
    "tuning_frequency": 438.477722168,
    "tuning_nontempered_energy_ratio": 0.635522425175,
    "hpcp": {
        "mean": [0.0292644873261, 0.0220383796841, 0.0564286932349, 0.121962107718, 0.092399969697, 0.0226142611355, 0.0107057392597, 0.0167140383273, 0.0837460160255, 0.132610946894, 0.0717212483287, 0.0418112650514, 0.068382576108, 0.0482716336846, 0.0201552063227, 0.018098751083, 0.0269058309495, 0.152049258351, 0.332009553909, 0.211554557085, 0.0205221623182, 0.0110980151221, 0.0131475552917, 0.193933427334, 0.350385725498, 0.17643840611, 0.0229745749384, 0.0149101130664, 0.00996847450733, 0.0691655054688, 0.12953479588, 0.0980660915375, 0.217710182071, 0.594058096409, 0.450151741505, 0.0607205666602]
    },
    "chords_histogram": [43.7582778931, 3.01324510574, 5.41390705109, 0.612582802773, 0, 0, 1.00993382931, 0, 0, 0, 0.0331125818193, 0, 0, 0, 0, 0.860927164555, 0.513245046139, 2.36754965782, 0, 0, 0, 0.0165562909096, 9.71854305267, 32.6821174622],
    "thpcp": [1, 0.757757127285, 0.102213181555, 0.0492619946599, 0.0370980203152, 0.0949885100126, 0.20530334115, 0.155540287495, 0.0380674228072, 0.0180213674903, 0.0281353592873, 0.140972778201, 0.223228916526, 0.120731033385, 0.0703824535012, 0.11511092633, 0.0812574326992, 0.0339280068874, 0.0304662976414, 0.0452915802598, 0.255950152874, 0.558883965015, 0.356117635965, 0.0345457158983, 0.0186816994101, 0.0221317671239, 0.326455324888, 0.589817285538, 0.297005295753, 0.0386739522219, 0.0250987447798, 0.0167803019285, 0.116428859532, 0.218050718307, 0.165078282356, 0.366479605436],
    "chords_key": "Ab",
    "chords_scale": "major"
}
}