{
"metadata": {
    "version": {
        "essentia": "2.1-beta6-dev",
        "essentia_git_sha": "v2.1_beta5-1177-g1d1cc983",
        "extractor": "music 2.0"
    },
    "audio_properties": {
        "analysis": {
            "equal_loudness": 0,
            "length": 246.42666626,
            "sample_rate": 44100,
            "start_time": 0,
            "downmix": "mix"
        },
        "bit_rate": 1411200,
        "length": 246.42666626,
        "lossless": 1,
        "number_channels": 2,
        "replay_gain": -13.2972278595,
        "sample_rate": 44100,
        "codec": "pcm_s16le",
        "md5_encoded": "7e3e19d12d6fcc798c3978c7dc7c209d"
    },
    "tags": {
        "file_name": "08 - Manchester Orchestra - Leave It Alone.wav",
        "album": ["Simple Math"],
        "albumartist": ["Manchester Orchestra"],
        "artist": ["Manchester Orchestra"],
        "composer": ["Andy Hull"],
        "copyright": ["(P) 2011 Sony Music Entertainment"],
        "date": ["2011"],
        "discnumber": ["1"],
        "disctotal": ["1"],
        "genre": ["Alternative & Indie"],
        "isrc": ["USSM11101289"],
        "title": ["Leave It Alone"],
        "tracknumber": ["8"],
        "tracktotal": ["10"]
    }
},
"lowlevel": {
    "average_loudness": 0.641222655773,
    "barkbands_crest": {
        "mean": 10.4540891647
    },
    "barkbands_flatness_db": {
        "mean": 0.18316693604
    },
    "barkbands_kurtosis": {
        "mean": 7.10103702545
    },
    "barkbands_skewness": {
        "mean": 1.75110280514
    },
    "barkbands_spread": {
        "mean": 19.2362289429
    },
    "dissonance": {
        "mean": 0.453349143267
    },
    "dynamic_complexity": 8.30940914154,
    "erbbands_crest": {
        "mean": 9.2748336792
    },
    "erbbands_flatness_db": {
        "mean": 0.18874527514
    },
    "erbbands_kurtosis": {
        "mean": 2.00636482239
    },
    "erbbands_skewness": {
        "mean": 0.238836377859
    },
    "erbbands_spread": {
        "mean": 36.9633636475
    },
    "hfc": {
        "mean": 19.402256012
    },
    "loudness_ebu128": {
        "integrated": -8.56318950653,
        "loudness_range": 18.1824703217,
        "momentary": {
            "mean": -15.6127214432
        },
        "short_term": {
            "mean": -14.3685617447
        }
    },
    "melbands_crest": {
        "mean": 15.5612001419
    },
    "melbands_flatness_db": {
        "mean": 0.265335649252
    },
    "melbands_kurtosis": {
        "mean": 15.7136554718
    },
    "melbands_skewness": {
        "mean": 2.91283774376
    },
    "melbands_spread": {
        "mean": 19.0165843964
    },
    "pitch_salience": {
        "mean": 0.511406958103
    },
    "silence_rate_20dB": {
        "mean": 1
    },
    "silence_rate_30dB": {
        "mean": 0.968532145023
    },
    "silence_rate_60dB": {
        "mean": 0.307895243168
    },
    "spectral_centroid": {
        "mean": 1117.59765625
    },
    "spectral_complexity": {
        "mean": 16.5375919342
    },
    "spectral_decrease": {
        "mean": -6.91075907611e-09
    },
    "spectral_energy": {
        "mean": 0.0278426092118
    },
    "spectral_energyband_high": {
        "mean": 0.00102430710103
    },
    "spectral_energyband_low": {
        "mean": 0.014703322202
    },
    "spectral_energyband_middle_high": {
        "mean": 0.00410878565162
    },
    "spectral_energyband_middle_low": {
        "mean": 0.00891760736704
    },
    "spectral_entropy": {
        "mean": 7.16080474854
    },
    "spectral_flux": {
        "mean": 0.0650766938925
    },
    "spectral_kurtosis": {
        "mean": 12.4143714905
    },
    "spectral_rms": {
        "mean": 0.0042298543267
    },
    "spectral_rolloff": {
        "mean": 1235.5579834
    },
    "spectral_skewness": {
        "mean": 2.11987137794
    },
    "spectral_spread": {
        "mean": 3642406.75
    },
    "spectral_strongpeak": {
        "mean": 0.527174949646
    },
    "zerocrossingrate": {
        "mean": 0.048749089241
    },
    "barkbands": {
        "mean": [0.000146930178744, 0.0084876017645, 0.00525901420042, 0.00158395047765, 0.00269004842266, 0.00166700046975, 0.00104182655923, 0.000651154317893, 0.00108393281698, 0.000653679249808, 0.000586039270274, 0.000409423315432, 0.000317537633236, 0.000326389534166, 0.000284921901766, 0.000502071517985, 0.00027886099997, 0.000343921361491, 0.000392176269088, 0.000205773918424, 0.000140207048389, 0.000145043173688, 0.00020260058227, 0.000245726550929, 0.00016803960898, 2.67217856162e-05, 1.98698899112e-06]
    },
    "erbbands": {
        "mean": [0.143242537975, 2.23358678818, 6.77730607986, 5.16002988815, 7.12845373154, 7.81810045242, 13.1096439362, 15.0858421326, 16.5288314819, 13.0714530945, 14.4258346558, 25.0031299591, 23.6040534973, 22.8681144714, 19.5959339142, 15.2551641464, 15.0631141663, 14.7745370865, 16.0776672363, 18.9004020691, 25.3886814117, 17.87068367, 20.1065387726, 19.7576179504, 16.366607666, 9.10473155975, 6.52556180954, 5.22577857971, 5.46465682983, 5.35934066772, 5.84506464005, 4.90010452271, 4.2728638649, 2.70277404785, 0.700845062733, 0.156853318214, 0.047562982887, 0.00548853259534, 0.000442402466433, 5.078979666e-05]
    },
    "gfcc": {
        "mean": [-103.598052979, 130.834671021, -112.487091064, 28.5988235474, -44.4360046387, 3.96456599236, -31.1453742981, 2.13320016861, -18.7460422516, -7.68112039566, -15.2612295151, -7.5133600235, -6.83374261856],
        "cov": [[40294.71875, -6326.41113281, -1641.99890137, 4215.34130859, -2680.22875977, 2258.50366211, -160.571228027, 2475.77807617, 192.403594971, 1257.04248047, 1021.48638916, 1220.86303711, -322.27947998], [-6326.41113281, 2918.34936523, -421.273895264, -1111.71484375, 765.44128418, -725.789916992, 190.578552246, -616.99822998, 1.22637748718, -399.015411377, -130.311050415, -304.466217041, 126.024742126], [-1641.99890137, -421.273895264, 1146.51245117, 128.432907104, -165.662277222, 186.519485474, -41.3053665161, 82.9054031372, -42.95104599, 26.9004249573, -47.7526664734, 64.8820114136, 35.755405426], [4215.34130859, -1111.71484375, 128.432907104, 974.496826172, -307.842773438, 282.888793945, -10.6978874207, 325.338104248, 41.2049407959, 188.228500366, 117.7237854, 133.890548706, -16.6287612915], [-2680.22875977, 765.44128418, -165.662277222, -307.842773438, 514.322937012, -232.683731079, 31.5630531311, -206.430511475, 11.4941644669, -122.618888855, -104.699188232, -151.17779541, 24.2565612793], [2258.50366211, -725.789916992, 186.519485474, 282.888793945, -232.683731079, 412.376525879, 30.3678207397, 214.991867065, 17.7592544556, 123.908462524, 60.9001808167, 99.0045089722, -39.0147476196], [-160.571228027, 190.578552246, -41.3053665161, -10.6978874207, 31.5630531311, 30.3678207397, 190.405944824, 1.42402100563, 9.52653694153, -7.13688230515, 31.1565494537, -9.90269756317, 4.43761825562], [2475.77807617, -616.99822998, 82.9054031372, 325.338104248, -206.430511475, 214.991867065, 1.42402100563, 316.154937744, 48.1407814026, 100.382369995, 59.3112564087, 104.025123596, -11.0981664658], [192.403594971, 1.22637748718, -42.95104599, 41.2049407959, 11.4941644669, 17.7592544556, 9.52653694153, 48.1407814026, 109.770812988, 35.1759033203, 10.4528074265, -6.6763586998, -0.311917990446], [1257.04248047, -399.015411377, 26.9004249573, 188.228500366, -122.618888855, 123.908462524, -7.13688230515, 100.382369995, 35.1759033203, 150.226531982, 64.6729507446, 44.6881637573, -19.8117027283], [1021.48638916, -130.311050415, -47.7526664734, 117.7237854, -104.699188232, 60.9001808167, 31.1565494537, 59.3112564087, 10.4528074265, 64.6729507446, 125.711395264, 64.8744430542, -2.48481655121], [1220.86303711, -304.466217041, 64.8820114136, 133.890548706, -151.17779541, 99.0045089722, -9.90269756317, 104.025123596, -6.6763586998, 44.6881637573, 64.8744430542, 130.723068237, 15.3376941681], [-322.27947998, 126.024742126, 35.755405426, -16.6287612915, 24.2565612793, -39.0147476196, 4.43761825562, -11.0981664658, -0.311917990446, -19.8117027283, -2.48481655121, 15.3376941681, 77.1832580566]],
        "icov": [[0.000189141574083, -0.000265626149485, 0.000504193129018, -0.000535068335012, 0.000408031686675, -0.000544528535102, 0.000422644341597, -0.000729195890017, 0.000472815765534, -0.000392895773984, 0.000185807744856, -0.000566953327507, 0.00036170281237], [-0.000265626149485, 0.00210662861355, -0.000709582003765, 0.00163621641695, -0.00118005508557, 0.00183374888729, -0.00185528327711, 0.00178712862544, -0.00175353244413, 0.00251997611485, -0.00193368201144, 0.00199361960404, -0.00202483870089], [0.000504193129018, -0.000709582003765, 0.00243614800274, -0.00147046113852, 0.00135908275843, -0.00200105947442, 0.00123177864589, -0.0018002713332, 0.00162012618966, -0.00115532486234, 0.00146453955676, -0.00171793706249, 0.000148735707626], [-0.000535068335012, 0.00163621641695, -0.00147046113852, 0.00374572491273, -0.00129041494802, 0.00196364661679, -0.00170780031476, 0.00113864301238, -0.00162484811153, 0.0010799994925, -0.00185815477744, 0.00239368737675, -0.00202239444479], [0.000408031686675, -0.00118005508557, 0.00135908275843, -0.00129041494802, 0.00505024008453, -0.000974400376435, 0.00070649117697, -0.00103371415753, 0.00041138016968, -0.000738213595469, 0.00215156353079, 0.00072566367453, 0.000191209692275], [-0.000544528535102, 0.00183374888729, -0.00200105947442, 0.00196364661679, -0.000974400376435, 0.00747106829658, -0.00343810464256, 0.000678236829117, -0.00163735204842, 0.000158538678079, -0.000551892444491, 0.000853186822496, 0.000306907953927], [0.000422644341597, -0.00185528327711, 0.00123177864589, -0.00170780031476, 0.00070649117697, -0.00343810464256, 0.00821856129915, -0.00236038235016, 0.00155975681264, -0.000645875465125, -0.00163325038739, -0.000204743148061, 0.000912268413231], [-0.000729195890017, 0.00178712862544, -0.0018002713332, 0.00113864301238, -0.00103371415753, 0.000678236829117, -0.00236038235016, 0.0107125816867, -0.00509061804041, 0.00220536650158, -0.000163090138813, -0.000420972966822, -0.00191580201499], [0.000472815765534, -0.00175353244413, 0.00162012618966, -0.00162484811153, 0.00041138016968, -0.00163735204842, 0.00155975681264, -0.00509061804041, 0.0134551906958, -0.0053130663, 0.00122458289843, 6.15425233264e-05, 0.000676015857607], [-0.000392895773984, 0.00251997611485, -0.00115532486234, 0.0010799994925, -0.000738213595469, 0.000158538678079, -0.000645875465125, 0.00220536650158, -0.0053130663, 0.0162381883711, -0.00731104845181, 0.00417956709862, -0.00124019756913], [0.000185807744856, -0.00193368201144, 0.00146453955676, -0.00185815477744, 0.00215156353079, -0.000551892444491, -0.00163325038739, -0.000163090138813, 0.00122458289843, -0.00731104845181, 0.0173587948084, -0.0084780966863, 0.00234159035608], [-0.000566953327507, 0.00199361960404, -0.00171793706249, 0.00239368737675, 0.00072566367453, 0.000853186822496, -0.000204743148061, -0.000420972966822, 6.15425233264e-05, 0.00417956709862, -0.0084780966863, 0.0201468802989, -0.00735990703106], [0.00036170281237, -0.00202483870089, 0.000148735707626, -0.00202239444479, 0.000191209692275, 0.000306907953927, 0.000912268413231, -0.00191580201499, 0.000676015857607, -0.00124019756913, 0.00234159035608, -0.00735990703106, 0.018257452175]]
    },
    "melbands": {
        "mean": [0.00182221713476, 0.00331774516962, 0.00098338467069, 0.000516418134794, 0.000458833295852, 0.00033582811011, 0.000236367530306, 0.000143406898133, 0.000120190750749, 0.000163761840668, 0.000116352042824, 9.21803948586e-05, 6.74507755321e-05, 4.90844358865e-05, 3.64799707313e-05, 3.20034814649e-05, 2.74258673016e-05, 2.60900887952e-05, 2.43223148573e-05, 3.46809720213e-05, 2.58323379967e-05, 1.80901279236e-05, 1.83372721949e-05, 1.47800901686e-05, 1.63107542903e-05, 1.45115354826e-05, 8.72180498845e-06, 5.45584043721e-06, 4.2747160478e-06, 3.42582802659e-06, 2.7843279895e-06, 3.25183577843e-06, 2.53714006249e-06, 3.18402544508e-06, 3.43624378729e-06, 3.14119506584e-06, 2.8988131362e-06, 2.94467668027e-06, 2.96762050311e-06, 2.05101923711e-06]
    },
    "melbands128": {
        "mean": [0.000138682182296, 0.000818465079647, 0.00220550689846, 0.00431294040754, 0.00418201321736, 0.00213230075315, 0.000977021059953, 0.000776922388468, 0.000785630429164, 0.000430497020716, 0.000383057398722, 0.000555438164156, 0.000471231818665, 0.000349786016159, 0.000366823544027, 0.000283918430796, 0.000318328064168, 0.000223030656343, 0.000156318608788, 0.00012333621271, 0.00016647700977, 0.000115341419587, 0.0001083188763, 0.000132793720695, 0.000155707835802, 0.000203535804758, 0.000112843721581, 0.000105761777377, 0.000130768676172, 6.23732194072e-05, 0.000109479871753, 8.99656733964e-05, 4.50914812973e-05, 7.13055487722e-05, 6.23471714789e-05, 3.82599173463e-05, 3.00064311887e-05, 4.90731108584e-05, 2.7957785278e-05, 3.16266232403e-05, 3.83062033507e-05, 2.15509462578e-05, 2.58969830611e-05, 2.61203658738e-05, 4.15062131651e-05, 1.87088771781e-05, 1.85097669601e-05, 3.59752993973e-05, 1.96771507035e-05, 1.27935327328e-05, 4.78608744743e-05, 4.12856097682e-05, 3.58869983756e-05, 1.39050089274e-05, 1.37076885949e-05, 2.39094752033e-05, 1.57975773618e-05, 1.23078580145e-05, 2.33543942159e-05, 2.39205510297e-05, 1.08447056846e-05, 9.87288785836e-06, 1.65123965417e-05, 1.65535057022e-05, 2.04256866709e-05, 1.48376411744e-05, 1.05919789348e-05, 1.07779796963e-05, 8.49751450005e-06, 5.7446000028e-06, 4.59882539872e-06, 6.68657548886e-06, 4.3224208639e-06, 3.89101705878e-06, 3.80071287509e-06, 3.4937190776e-06, 3.26259873873e-06, 3.26098302139e-06, 2.46127547143e-06, 2.5311258014e-06, 3.43678811987e-06, 3.51264930032e-06, 2.94943879453e-06, 1.98724819711e-06, 2.65335370386e-06, 3.14511999022e-06, 3.28984583575e-06, 3.48871958522e-06, 3.54163739757e-06, 3.27941825162e-06, 3.3076944419e-06, 2.96038410852e-06, 3.14795420309e-06, 2.93032212539e-06, 2.7718444926e-06, 2.7046987725e-06, 3.08216976919e-06, 3.1016199955e-06, 2.96030270874e-06, 3.03411775349e-06, 2.55983400166e-06, 1.89272384432e-06, 1.43731051594e-06, 1.01005844044e-06, 6.80981031564e-07, 4.99568102441e-07, 3.68228626257e-07, 2.62784112692e-07, 2.27476192549e-07, 2.13710734442e-07, 2.11662865013e-07, 1.93501421109e-07, 1.50154562562e-07, 1.0374245818e-07, 7.67495151877e-08, 4.85430717845e-08, 2.32438104319e-08, 1.40062414999e-08, 1.50791628073e-08, 1.36865301315e-08, 9.81886039142e-09, 5.95976201723e-09, 2.86818924167e-09, 1.86200388441e-09, 1.47894241298e-09, 1.11628495336e-09, 6.56056486914e-10, 3.33468030966e-10]
    },
    "mfcc": {
        "mean": [-740.032836914, 150.855224609, 2.45083212852, 24.6093387604, 9.61434268951, 3.68534851074, 0.814477145672, 4.76235818863, 0.763165593147, 2.95871090889, -4.96414136887, -7.0507850647, -4.38485240936],
        "cov": [[37379.5742188, -5859.50341797, -669.093688965, 1843.17553711, -1152.90063477, 47.7207946777, 318.945129395, 1015.17071533, 22.0262393951, 458.676147461, 939.908630371, 1476.62524414, 1015.25976562], [-5859.50341797, 2964.453125, -655.727722168, -489.871704102, 109.858688354, -124.803009033, -59.3427276611, -236.890228271, -45.7200584412, -132.614868164, -247.394210815, -299.605529785, -159.449554443], [-669.093688965, -655.727722168, 1123.16821289, 60.1961212158, 0.148139834404, 93.6619033813, 30.9993515015, 103.139297485, 68.5128479004, -18.2577877045, 19.588180542, 54.5382385254, -17.8354549408], [1843.17553711, -489.871704102, 60.1961212158, 530.195251465, -14.1534404755, 33.3308982849, 31.0450897217, 50.4904708862, 37.1928215027, 30.9670753479, 45.1333694458, 94.3613357544, 61.7817611694], [-1152.90063477, 109.858688354, 0.148139834404, -14.1534404755, 267.097015381, 0.95472073555, -44.6196670532, -42.3464660645, 26.1281509399, 9.88679599762, -43.3192367554, -74.9905395508, -37.5579566956], [47.7207946777, -124.803009033, 93.6619033813, 33.3308982849, 0.95472073555, 166.634002686, 62.9788627625, 20.9467315674, 16.5890712738, 28.1656703949, 26.1184196472, 20.4824733734, -4.40432405472], [318.945129395, -59.3427276611, 30.9993515015, 31.0450897217, -44.6196670532, 62.9788627625, 142.47984314, 46.5214729309, 1.87466526031, 5.34404945374, 20.2831897736, 36.7992401123, 17.8559188843], [1015.17071533, -236.890228271, 103.139297485, 50.4904708862, -42.3464660645, 20.9467315674, 46.5214729309, 155.12840271, 47.3812789917, 16.1543998718, 29.9774951935, 67.8852539062, 40.9604072571], [22.0262393951, -45.7200584412, 68.5128479004, 37.1928215027, 26.1281509399, 16.5890712738, 1.87466526031, 47.3812789917, 114.349220276, 40.4528503418, -4.24790811539, 8.29279327393, 5.32803869247], [458.676147461, -132.614868164, -18.2577877045, 30.9670753479, 9.88679599762, 28.1656703949, 5.34404945374, 16.1543998718, 40.4528503418, 102.636695862, 43.3112449646, 19.3633346558, 12.3767194748], [939.908630371, -247.394210815, 19.588180542, 45.1333694458, -43.3192367554, 26.1184196472, 20.2831897736, 29.9774951935, -4.24790811539, 43.3112449646, 111.137275696, 73.3542327881, 27.1269435883], [1476.62524414, -299.605529785, 54.5382385254, 94.3613357544, -74.9905395508, 20.4824733734, 36.7992401123, 67.8852539062, 8.29279327393, 19.3633346558, 73.3542327881, 156.993621826, 75.1743774414], [1015.25976562, -159.449554443, -17.8354549408, 61.7817611694, -37.5579566956, -4.40432405472, 17.8559188843, 40.9604072571, 5.32803869247, 12.3767194748, 27.1269435883, 75.1743774414, 96.6365661621]],
        "icov": [[7.85675729276e-05, 0.000101657948107, 0.000130123124109, -0.000103126469185, 0.000151812564582, 4.70943887194e-05, 6.62267048028e-05, -0.000247147283517, 9.93099965854e-05, -9.79941542028e-05, -7.15074056643e-05, -0.00023099136888, -0.000207240504096], [0.000101657948107, 0.000738969189115, 0.000477695924928, 0.00023397791665, 0.000227213327889, 0.000161983844009, -0.00019365841581, 0.000148395236465, -0.000313276279485, 0.000334576179739, 0.00055896921549, -9.28165682126e-05, 4.81459210278e-05], [0.000130123124109, 0.000477695924928, 0.00144003354944, -2.29827728617e-05, 0.000191775980056, -0.000447965692729, 0.000189873637282, -0.000748492602725, -0.000609347946011, 0.000790423306171, 8.31493307487e-05, -0.000714307592716, 0.000502573209815], [-0.000103126469185, 0.00023397791665, -2.29827728617e-05, 0.002559292363, -0.000402891106205, -0.000199640417122, -0.000380120443879, 0.000730018189643, -0.000927359913476, 0.000320996390656, 0.000391828332795, -0.000568676099647, -0.000233413345995], [0.000151812564582, 0.000227213327889, 0.000191775980056, -0.000402891106205, 0.00505242310464, -0.000440213043476, 0.00117135432083, 0.000188053396414, -0.000865408102982, -0.000838633044623, 0.000690831569955, 0.00126880547032, -0.000305456283968], [4.70943887194e-05, 0.000161983844009, -0.000447965692729, -0.000199640417122, -0.000440213043476, 0.00829647388309, -0.0037051893305, 0.000461856194306, -0.000261331908405, -0.00178919988684, -0.000715072383173, -0.000592938857153, 0.00141888961662], [6.62267048028e-05, -0.00019365841581, 0.000189873637282, -0.000380120443879, 0.00117135432083, -0.0037051893305, 0.00999454408884, -0.00282777100801, 0.00121682172175, 0.000166200814419, -2.28726094065e-05, -0.000662315636873, -0.000665752391797], [-0.000247147283517, 0.000148395236465, -0.000748492602725, 0.000730018189643, 0.000188053396414, 0.000461856194306, -0.00282777100801, 0.0115735437721, -0.0049050161615, 0.0014260688331, -7.28516943127e-06, -0.00136525451671, -0.000900538638234], [9.93099965854e-05, -0.000313276279485, -0.000609347946011, -0.000927359913476, -0.000865408102982, -0.000261331908405, 0.00121682172175, -0.0049050161615, 0.0140699259937, -0.0066853556782, 0.00350736756809, -0.00101189268753, 0.000309206545353], [-9.79941542028e-05, 0.000334576179739, 0.000790423306171, 0.000320996390656, -0.000838633044623, -0.00178919988684, 0.000166200814419, 0.0014260688331, -0.0066853556782, 0.016229044646, -0.0068989531137, 0.00240108510479, -0.00116156111471], [-7.15074056643e-05, 0.00055896921549, 8.31493307487e-05, 0.000391828332795, 0.000690831569955, -0.000715072383173, -2.28726094065e-05, -7.28516943127e-06, 0.00350736756809, -0.0068989531137, 0.0180086493492, -0.00726231234148, 0.00296599953435], [-0.00023099136888, -9.28165682126e-05, -0.000714307592716, -0.000568676099647, 0.00126880547032, -0.000592938857153, -0.000662315636873, -0.00136525451671, -0.00101189268753, 0.00240108510479, -0.00726231234148, 0.0174030214548, -0.00807854346931], [-0.000207240504096, 4.81459210278e-05, 0.000502573209815, -0.000233413345995, -0.000305456283968, 0.00141888961662, -0.000665752391797, -0.000900538638234, 0.000309206545353, -0.00116156111471, 0.00296599953435, -0.00807854346931, 0.0188808962703]]
    },
    "spectral_contrast_coeffs": {
        "mean": [-0.705835223198, -0.766393184662, -0.776218950748, -0.797343850136, -0.796309053898, -0.776662230492]
    },
    "spectral_contrast_valleys": {
        "mean": [-7.158244133, -7.45709514618, -8.09066200256, -8.45053672791, -8.7533864975, -11.7562656403]
    }
},
"rhythm": {
    "beats_count": 491,
    "beats_loudness": {
        "mean": 0.0364010743797
    },
    "bpm": 99.8047027588,
    "bpm_histogram_first_peak_bpm": 99,
    "bpm_histogram_first_peak_weight": 0.358078598976,
    "bpm_histogram_second_peak_bpm": 148,
    "bpm_histogram_second_peak_spread": 0.56561088562,
    "bpm_histogram_second_peak_weight": 0.195918366313,
    "danceability": 0.969892501831,
    "onset_rate": 2.2195622921,
    "beats_loudness_band_ratio": {
        "mean": [0.541513264179, 0.209552586079, 0.117490001023, 0.0798294469714, 0.0649825111032, 0.0320231281221]
    },
    "beats_position": [0.603718817234, 1.21904754639, 1.84598636627, 2.47292518616, 3.09986400604, 3.7151927948, 4.33052158356, 4.94585037231, 5.54956912994, 6.15328788757, 6.7570066452, 7.36072540283, 7.94122457504, 8.52172279358, 8.93968200684, 9.34603118896, 9.76399040222, 10.1703395844, 10.5650787354, 10.9714279175, 11.3777770996, 11.7841272354, 12.1904764175, 12.5968255997, 13.0147848129, 13.4443531036, 13.873922348, 14.3034915924, 14.7330608368, 15.1626300812, 15.5921993256, 16.0333786011, 16.4629478455, 16.8925170898, 17.3220863342, 17.7400455475, 18.1580047607, 18.575963974, 18.9939231873, 19.3886623383, 19.7834014893, 20.1781406403, 20.5728797913, 20.9560089111, 21.339138031, 21.7454872131, 22.1518363953, 22.5697956085, 22.9877548218, 23.405714035, 23.8352832794, 24.2532424927, 24.6828117371, 25.1007709503, 25.5071201324, 25.9134693146, 26.3082084656, 26.7145576477, 27.1209068298, 27.5388660431, 27.9452152252, 28.3515644073, 28.7463035583, 29.1526527405, 29.5706119537, 30.1743297577, 30.7664394379, 31.3701572418, 31.9738769531, 32.5775947571, 33.1813163757, 33.7850341797, 34.3771438599, 34.9692497253, 35.5613594055, 36.1534690857, 36.7571868896, 37.3609046936, 37.9646263123, 38.5683441162, 39.1604537964, 39.7525634766, 40.3562812805, 40.9483909607, 41.5521087646, 42.1558265686, 42.7595443726, 43.374874115, 44.0018119812, 44.6287536621, 45.2556915283, 45.8826293945, 46.5211791992, 47.1481170654, 47.7866668701, 48.4252128601, 49.0985946655, 49.7719726562, 50.445350647, 51.0606803894, 51.6760063171, 52.2913360596, 52.9182739258, 53.5219955444, 54.1257133484, 54.7294311523, 55.333152771, 55.936870575, 56.5405883789, 57.1443061829, 57.736415863, 58.340133667, 58.9322433472, 59.5359611511, 60.1396827698, 60.7434005737, 61.3355102539, 61.9392280579, 62.531337738, 63.135055542, 63.7387733459, 64.3308868408, 64.9229888916, 65.5267105103, 66.1304321289, 66.7341461182, 67.3378677368, 67.929977417, 68.5220870972, 69.1258010864, 69.7295227051, 70.3332443237, 70.936958313, 71.5290679932, 72.1327896118, 72.724899292, 73.3286132812, 73.9323348999, 74.5360565186, 75.1397705078, 75.731880188, 76.3356018066, 76.9277114868, 77.5198135376, 78.1235351562, 78.7156448364, 79.3193664551, 79.9230804443, 80.5151901245, 81.1189117432, 81.7226257324, 82.3263473511, 82.9300689697, 83.5221786499, 84.1258926392, 84.7296142578, 85.321723938, 85.9254379272, 86.5291595459, 87.1212692261, 87.7133789062, 88.3170928955, 88.9208145142, 89.5245361328, 90.116645813, 90.7203598022, 91.3240814209, 91.9277954102, 92.5199050903, 93.123626709, 93.7157363892, 94.3078460693, 94.8999557495, 95.5036697388, 96.1073913574, 96.7111129761, 97.3148269653, 97.918548584, 98.5222625732, 99.1143722534, 99.7180938721, 100.321815491, 100.913917542, 101.506027222, 102.098136902, 102.701858521, 103.305580139, 103.909294128, 104.513015747, 105.116729736, 105.720451355, 106.324172974, 106.927886963, 107.519996643, 108.123718262, 108.715827942, 109.319541931, 109.92326355, 110.51537323, 111.119087219, 111.722808838, 112.326530457, 112.918640137, 113.522354126, 114.114463806, 114.706573486, 115.310295105, 115.914009094, 116.517730713, 117.109840393, 117.713554382, 118.317276001, 118.909385681, 119.5131073, 120.116821289, 120.708930969, 121.312652588, 121.904762268, 122.508476257, 123.112197876, 123.715919495, 124.308021545, 124.900131226, 125.503852844, 126.107574463, 126.711288452, 127.315010071, 127.907119751, 128.499221802, 129.10295105, 129.706665039, 130.310379028, 130.914108276, 131.517822266, 132.109924316, 132.702041626, 133.305755615, 133.909469604, 134.513198853, 135.116912842, 135.709014893, 136.301132202, 136.904846191, 137.508575439, 138.10067749, 138.692779541, 139.296508789, 139.900222778, 140.503936768, 141.107666016, 141.699768066, 142.303482056, 142.895599365, 143.499313354, 144.103042603, 144.706756592, 145.298858643, 145.890975952, 146.483078003, 147.075195312, 147.678909302, 148.282623291, 148.886352539, 149.490066528, 150.093780518, 150.685897827, 151.289611816, 151.881713867, 152.485443115, 153.100769043, 153.692871094, 154.296600342, 154.900314331, 155.492416382, 156.084533691, 156.688247681, 157.28036499, 157.884078979, 158.487792969, 159.079910278, 159.683624268, 160.287338257, 160.891067505, 161.494781494, 162.098495483, 162.690612793, 163.282714844, 163.689071655, 164.08380127, 164.466934204, 164.873291016, 165.279632568, 165.674377441, 166.080718994, 166.487075806, 166.893417358, 167.29977417, 167.694503784, 168.089248657, 168.48399353, 168.890335083, 169.296691895, 169.691421509, 170.086166382, 170.480911255, 170.875640869, 171.270385742, 171.676727295, 172.083084106, 172.477813721, 172.884170532, 173.290512085, 173.685256958, 174.080001831, 174.474731445, 174.869476318, 175.275817871, 175.682174683, 176.088516235, 176.494873047, 176.88961792, 177.284347534, 177.679092407, 178.073822021, 178.480178833, 178.886520386, 179.292877197, 179.69921875, 180.093963623, 180.488708496, 180.88343811, 181.278182983, 181.672927856, 182.067657471, 182.462402344, 182.857131958, 183.275100708, 183.669830322, 184.064575195, 184.470932007, 184.87727356, 185.283630371, 185.689971924, 186.084716797, 186.479446411, 186.874191284, 187.268936157, 187.67527771, 188.081634521, 188.476364136, 188.882720947, 189.2890625, 189.683807373, 190.078552246, 190.47328186, 190.879638672, 191.285980225, 191.680725098, 192.075454712, 192.481811523, 192.888153076, 193.282897949, 193.677642822, 194.072372437, 194.478729248, 194.885070801, 195.279815674, 195.686157227, 196.092514038, 196.487258911, 196.881988525, 197.288345337, 197.69468689, 198.089431763, 198.484161377, 198.890518188, 199.285263062, 199.691604614, 200.086349487, 200.481079102, 200.875823975, 201.270568848, 201.6769104, 202.083267212, 202.477996826, 202.872741699, 203.279083252, 203.673828125, 204.080184937, 204.474914551, 204.869659424, 205.264389038, 205.67074585, 206.077087402, 206.471832275, 206.866577148, 207.272918701, 207.679275513, 208.085617065, 208.491973877, 208.886703491, 209.281448364, 209.676193237, 210.070922852, 210.477279663, 210.883621216, 211.278366089, 211.684707642, 212.091064453, 212.485794067, 212.88053894, 213.275283813, 213.670013428, 214.076370239, 214.471099854, 214.877456665, 215.283798218, 215.690155029, 216.108108521, 216.526077271, 216.932418823, 217.338775635, 217.756729126, 218.174682617, 218.592651367, 219.010604858, 219.428573608, 219.8465271, 220.264480591, 220.670837402, 221.077178955, 221.471923828, 221.866668701, 222.261398315, 222.667755127, 223.062484741, 223.468841553, 223.863571167, 224.25831604, 224.664672852, 225.071014404, 225.477371216, 225.883712769, 226.278457642, 226.673187256, 227.079544067, 227.48588562, 227.892242432, 228.286987305, 228.681716919, 229.076461792, 229.471191406, 229.877548218, 230.272293091, 230.667022705, 231.061767578, 231.468109131, 231.886077881, 232.292419434, 232.710388184, 233.139953613, 233.569519043, 233.987472534, 234.417053223, 234.835006714, 235.241363525, 235.647705078, 236.065658569, 236.472015381, 236.889968872, 237.296325684, 237.702667236, 238.085800171, 238.468933105, 238.840454102, 239.211975098, 239.548660278, 239.885345459, 240.22203064, 240.558731079, 240.953460693, 241.348205566, 241.742950439, 242.242172241, 242.729797363, 243.217407227, 243.705032349, 244.20425415, 244.691879272, 245.179489136, 245.667114258],
    "bpm_histogram": [0, 0, 0, 0, 0, 0, 0, 0, 0, 0, 0, 0, 0, 0, 0, 0, 0, 0, 0, 0, 0, 0, 0, 0, 0, 0, 0, 0, 0, 0, 0, 0, 0, 0, 0, 0, 0, 0, 0, 0, 0, 0, 0, 0, 0, 0, 0, 0, 0, 0, 0, 0, 0, 0, 0, 0, 0, 0, 0, 0, 0, 0, 0, 0, 0, 0, 0, 0, 0, 0, 0, 0, 0, 0, 0, 0, 0, 0, 0, 0, 0, 0, 0, 0, 0, 0, 0, 0, 0, 0.00612244894728, 0, 0, 0, 0, 0.00612244894728, 0, 0.0183673463762, 0, 0.0183673463762, 0.281632661819, 0, 0.144897952676, 0, 0.0040816324763, 0, 0, 0, 0, 0, 0, 0, 0, 0, 0, 0, 0, 0, 0, 0, 0, 0.0040816324763, 0, 0, 0.0122448978946, 0, 0, 0, 0, 0, 0, 0, 0, 0, 0, 0, 0, 0.00204081623815, 0, 0, 0, 0.0285714287311, 0, 0, 0, 0.0612244904041, 0, 0, 0, 0.195918366313, 0, 0, 0, 0.193877547979, 0, 0, 0, 0, 0.0102040814236, 0, 0, 0, 0.0040816324763, 0, 0, 0, 0, 0, 0, 0, 0, 0, 0, 0, 0, 0, 0, 0, 0, 0.0081632649526, 0, 0, 0, 0, 0, 0, 0, 0, 0, 0, 0, 0, 0, 0, 0, 0, 0, 0, 0, 0, 0, 0, 0, 0, 0, 0, 0, 0, 0, 0, 0, 0, 0, 0, 0, 0, 0, 0, 0, 0, 0, 0, 0, 0, 0, 0, 0, 0, 0, 0, 0, 0, 0, 0, 0, 0, 0, 0, 0, 0, 0, 0, 0, 0, 0, 0, 0, 0, 0, 0, 0]
},
"tonal": {
    "chords_changes_rate": 0.0452147684991,
    "chords_number_rate": 0.00150715897325,
    "chords_strength": {
        "mean": 0.527844548225
    },
    "hpcp_crest": {
        "mean": 13.4516439438
    },
    "hpcp_entropy": {
        "mean": 1.97954630852
    },
    "key_edma": {
        "strength": 0.78114771843,
        "key": "F#",
        "scale": "major"
    },
    "key_krumhansl": {
        "strength": 0.778186261654,
        "key": "F#",
        "scale": "major"
    },
    "key_temperley": {
        "strength": 0.772751152515,
        "key": "F#",
        "scale": "major"
    },
    "tuning_diatonic_strength": 0.58068716526,
    "tuning_equal_tempered_deviation": 0.0774721056223,
    "tuning_frequency": 442.03793335,
    "tuning_nontempered_energy_ratio": 0.695233047009,
    "hpcp": {
        "mean": [0.0414655506611, 0.0413474962115, 0.121596671641, 0.146500110626, 0.0671516880393, 0.0331168211997, 0.0290770828724, 0.0431721247733, 0.129990920424, 0.149532452226, 0.0878361463547, 0.220326632261, 0.311050325632, 0.151324912906, 0.0393521599472, 0.0363381542265, 0.0438353084028, 0.0900682806969, 0.108145497739, 0.0642773583531, 0.0417114198208, 0.0385131388903, 0.0488574877381, 0.1102816239, 0.12888866663, 0.107901878655, 0.243923649192, 0.35570332408, 0.214711561799, 0.087750852108, 0.0752133503556, 0.0682001039386, 0.181471675634, 0.26168474555, 0.148918926716, 0.057159177959]
    },
    "chords_histogram": [29.6156749725, 11.2283344269, 26.8462696075, 10.4935941696, 12.8862094879, 1.01733231544, 0, 0, 0.301431804895, 0.301431804895, 0.715900540352, 0.791258454323, 0.697061061859, 0.226073846221, 0.207234367728, 0, 0, 1.39412212372, 0, 0.414468735456, 0, 0.77241897583, 0.244913339615, 1.84626972675],
    "thpcp": [1, 0.603625416756, 0.246696740389, 0.211449667811, 0.191733106971, 0.510177075863, 0.735682606697, 0.418660491705, 0.160693407059, 0.116573415697, 0.116241522133, 0.341848552227, 0.411860406399, 0.188785657287, 0.0931023657322, 0.0817453190684, 0.121371157467, 0.365447580814, 0.420385301113, 0.246936529875, 0.619411230087, 0.874465584755, 0.425424516201, 0.110631972551, 0.102158598602, 0.123235590756, 0.253211796284, 0.304032862186, 0.180704966187, 0.117264635861, 0.108273208141, 0.137354597449, 0.310038208961, 0.362348794937, 0.303347975016, 0.685750246048],
    "chords_key": "F#",
    "chords_scale": "major"
}
}