{
"metadata": {
    "version": {
        "essentia": "2.1-beta6-dev",
        "essentia_git_sha": "v2.1_beta5-1177-g1d1cc983",
        "extractor": "music 2.0"
    },
    "audio_properties": {
        "analysis": {
            "equal_loudness": 0,
            "length": 221.093338013,
            "sample_rate": 44100,
            "start_time": 0,
            "downmix": "mix"
        },
        "bit_rate": 1411200,
        "length": 221.093338013,
        "lossless": 1,
        "number_channels": 2,
        "replay_gain": -13.5763511658,
        "sample_rate": 44100,
        "codec": "pcm_s16le",
        "md5_encoded": "4df26ec13eb5e2bba52d88d30fdd6ca6"
    },
    "tags": {
        "file_name": "08 - Manchester Orchestra - My Friend Marcus (Album Version).wav",
        "album": ["Mean Everything To Nothing"],
        "albumartist": ["Manchester Orchestra"],
        "artist": ["Manchester Orchestra"],
        "composer": ["Andy Hull"],
        "copyright": ["(P) 2009 Sony Music Entertainment"],
        "date": ["2009"],
        "discnumber": ["1"],
        "disctotal": ["1"],
        "genre": ["Pop\/Rock"],
        "isrc": ["USSM10900805"],
        "title": ["My Friend Marcus (Album Version)"],
        "tracknumber": ["8"],
        "tracktotal": ["12"]
    }
},
"lowlevel": {
    "average_loudness": 0.838000774384,
    "barkbands_crest": {
        "mean": 12.9646348953
    },
    "barkbands_flatness_db": {
        "mean": 0.185791611671
    },
    "barkbands_kurtosis": {
        "mean": 18.4674625397
    },
    "barkbands_skewness": {
        "mean": 2.74630594254
    },
    "barkbands_spread": {
        "mean": 19.739440918
    },
    "dissonance": {
        "mean": 0.453841924667
    },
    "dynamic_complexity": 4.45928907394,
    "erbbands_crest": {
        "mean": 9.0202331543
    },
    "erbbands_flatness_db": {
        "mean": 0.152092784643
    },
    "erbbands_kurtosis": {
        "mean": 1.54064357281
    },
    "erbbands_skewness": {
        "mean": 0.426394820213
    },
    "erbbands_spread": {
        "mean": 45.3819389343
    },
    "hfc": {
        "mean": 19.3055458069
    },
    "loudness_ebu128": {
        "integrated": -8.80057048798,
        "loudness_range": 7.32895469666,
        "momentary": {
            "mean": -10.846414566
        },
        "short_term": {
            "mean": -10.0690221786
        }
    },
    "melbands_crest": {
        "mean": 18.1901855469
    },
    "melbands_flatness_db": {
        "mean": 0.265105903149
    },
    "melbands_kurtosis": {
        "mean": 38.5869941711
    },
    "melbands_skewness": {
        "mean": 4.1112780571
    },
    "melbands_spread": {
        "mean": 17.2611808777
    },
    "pitch_salience": {
        "mean": 0.440109163523
    },
    "silence_rate_20dB": {
        "mean": 1
    },
    "silence_rate_30dB": {
        "mean": 0.954531133175
    },
    "silence_rate_60dB": {
        "mean": 0.105323955417
    },
    "spectral_centroid": {
        "mean": 1264.09094238
    },
    "spectral_complexity": {
        "mean": 20.0931434631
    },
    "spectral_decrease": {
        "mean": -8.84174067295e-09
    },
    "spectral_energy": {
        "mean": 0.0351217053831
    },
    "spectral_energyband_high": {
        "mean": 0.00099881819915
    },
    "spectral_energyband_low": {
        "mean": 0.0217554513365
    },
    "spectral_energyband_middle_high": {
        "mean": 0.00453627714887
    },
    "spectral_energyband_middle_low": {
        "mean": 0.00864667445421
    },
    "spectral_entropy": {
        "mean": 7.4062204361
    },
    "spectral_flux": {
        "mean": 0.0747831612825
    },
    "spectral_kurtosis": {
        "mean": 5.86594581604
    },
    "spectral_rms": {
        "mean": 0.00525192124769
    },
    "spectral_rolloff": {
        "mean": 984.143432617
    },
    "spectral_skewness": {
        "mean": 1.60426712036
    },
    "spectral_spread": {
        "mean": 4464545.5
    },
    "spectral_strongpeak": {
        "mean": 0.55946290493
    },
    "zerocrossingrate": {
        "mean": 0.0438169240952
    },
    "barkbands": {
        "mean": [8.2836508227e-05, 0.0158680789173, 0.00509363505989, 0.00175727775786, 0.00297758821398, 0.00127840437926, 0.000814466387965, 0.000730230822228, 0.000903782143723, 0.000569487223402, 0.000554030877538, 0.000569856434595, 0.000324257591274, 0.000401102210162, 0.000377775722882, 0.000437905342551, 0.000550401397049, 0.000339118618285, 0.000337670731824, 0.000341815175489, 0.000247486459557, 0.000197365312488, 0.000144473437103, 0.000122639496112, 7.45985307731e-05, 2.3534781576e-05, 1.9591623186e-06]
    },
    "erbbands": {
        "mean": [0.316040724516, 3.98789691925, 7.4027428627, 4.99427604675, 8.61869335175, 10.3465061188, 8.61572933197, 12.1635217667, 10.2734279633, 14.9570121765, 15.6049432755, 18.0599937439, 24.0106525421, 18.5236949921, 23.4675235748, 19.2506332397, 15.2084789276, 18.6739387512, 20.2735767365, 22.0793151855, 27.1688404083, 28.9035663605, 20.1019668579, 17.0898342133, 16.4371318817, 16.3089962006, 12.0247774124, 8.9024066925, 7.32683372498, 5.09122419357, 4.10472869873, 2.77130055428, 1.92568385601, 0.951544225216, 0.482394993305, 0.158136531711, 0.033256970346, 0.00431906990707, 0.000368409528164, 5.80476444156e-05]
    },
    "gfcc": {
        "mean": [-35.7704048157, 105.962928772, -96.7438201904, 50.917049408, -50.7497329712, 13.4013500214, -27.1109771729, 14.4925479889, -15.4437541962, 0.452497005463, -11.991481781, -1.06750357151, -6.54335212708],
        "cov": [[17340.9023438, -3028.37036133, -2945.91601562, 834.070251465, -917.12298584, 918.280700684, -932.404663086, 197.769393921, -581.291381836, 563.792480469, -276.554290771, 393.653656006, -52.5652122498], [-3028.37036133, 1692.34924316, 145.280563354, -392.055389404, 356.14956665, -330.200134277, 267.105804443, -147.134246826, 216.508499146, -187.750991821, 150.3019104, -108.133132935, 64.7922210693], [-2945.91601562, 145.280563354, 1416.68835449, 38.573059082, 198.635940552, -20.8323478699, 150.55619812, 76.0827789307, 40.407787323, -45.8656044006, -11.7401399612, -30.2204837799, -42.1848640442], [834.070251465, -392.055389404, 38.573059082, 564.517211914, -100.656600952, 27.1524410248, 16.1648845673, 6.85610771179, -10.1053304672, 30.4962654114, -5.96560096741, -18.3837337494, 35.057975769], [-917.12298584, 356.14956665, 198.635940552, -100.656600952, 361.964385986, -27.8495025635, 138.954406738, 40.9953689575, 62.4544525146, -21.5989608765, 5.59655809402, -4.51616191864, 7.57674837112], [918.280700684, -330.200134277, -20.8323478699, 27.1524410248, -27.8495025635, 276.725189209, 0.0955230891705, 57.0320854187, -35.442653656, 58.6410751343, -16.4465293884, 33.0014648438, -19.5755882263], [-932.404663086, 267.105804443, 150.55619812, 16.1648845673, 138.954406738, 0.0955230891705, 274.44354248, 11.1325845718, 63.9193382263, -24.6279640198, 28.2779445648, -36.3103790283, 13.2178211212], [197.769393921, -147.134246826, 76.0827789307, 6.85610771179, 40.9953689575, 57.0320854187, 11.1325845718, 160.7137146, 23.7320270538, 34.0170211792, -5.33488464355, 23.804857254, -14.7281398773], [-581.291381836, 216.508499146, 40.407787323, -10.1053304672, 62.4544525146, -35.442653656, 63.9193382263, 23.7320270538, 142.925827026, 8.57515716553, 46.5931282043, -19.362033844, 13.8343544006], [563.792480469, -187.750991821, -45.8656044006, 30.4962654114, -21.5989608765, 58.6410751343, -24.6279640198, 34.0170211792, 8.57515716553, 117.883560181, 16.9332714081, 27.1455764771, -8.78422737122], [-276.554290771, 150.3019104, -11.7401399612, -5.96560096741, 5.59655809402, -16.4465293884, 28.2779445648, -5.33488464355, 46.5931282043, 16.9332714081, 110.331230164, 10.2722148895, 2.89191937447], [393.653656006, -108.133132935, -30.2204837799, -18.3837337494, -4.51616191864, 33.0014648438, -36.3103790283, 23.804857254, -19.362033844, 27.1455764771, 10.2722148895, 86.254737854, 18.9632415771], [-52.5652122498, 64.7922210693, -42.1848640442, 35.057975769, 7.57674837112, -19.5755882263, 13.2178211212, -14.7281398773, 13.8343544006, -8.78422737122, 2.89191937447, 18.9632415771, 87.4374313354]],
        "icov": [[0.000268263131147, -0.000180411676411, 0.000506703741848, -0.000519171706401, 0.000101555160654, -0.000562191940844, 0.000424349273089, -0.000328801979776, 0.000544391747098, -0.000686003069859, 0.000662156846374, -0.0007393968408, 0.000476795219583], [-0.000180411676411, 0.0027951032389, -0.000340008671628, 0.00186547636986, -0.0015090086963, 0.00175366480835, -0.00110500445589, 0.00179616792593, -0.00206111604348, 0.00272252457216, -0.00320593104698, 0.00237697851844, -0.00190855830442], [0.000506703741848, -0.000340008671628, 0.00179071119055, -0.00114574260078, -0.000155987043399, -0.000971774628852, 0.000529525743332, -0.00093589728931, 0.00100814481266, -0.000959821569268, 0.0013637568336, -0.00146459427197, 0.00145475566387], [-0.000519171706401, 0.00186547636986, -0.00114574260078, 0.00397199764848, -0.000230937963352, 0.00178937788587, -0.00165988947265, 0.0012098691659, -0.00165516498964, 0.00183069205377, -0.00281282886863, 0.00351185770705, -0.00318727549165], [0.000101555160654, -0.0015090086963, -0.000155987043399, -0.000230937963352, 0.00497286114842, -0.00052001880249, -0.00126479193568, -0.00170836981852, 0.000190453109099, -0.00133217265829, 0.00248910766095, -0.00206079008058, 0.000753329135478], [-0.000562191940844, 0.00175366480835, -0.000971774628852, 0.00178937788587, -0.00052001880249, 0.00663052778691, -0.00226348917931, 0.000250089651672, -0.000810941914096, 0.000696848263033, -0.00205598562025, 0.00126446911599, -0.00091786775738], [0.000424349273089, -0.00110500445589, 0.000529525743332, -0.00165988947265, -0.00126479193568, -0.00226348917931, 0.00651404215023, -0.000960103061516, 0.000319870043313, -0.000827808806207, 0.000482196483063, 0.00055165484082, 0.000181975294254], [-0.000328801979776, 0.00179616792593, -0.00093589728931, 0.0012098691659, -0.00170836981852, 0.000250089651672, -0.000960103061516, 0.00957233458757, -0.00396609026939, 0.000970316992607, -0.000889283197466, -0.000728378712665, 0.000408647756558], [0.000544391747098, -0.00206111604348, 0.00100814481266, -0.00165516498964, 0.000190453109099, -0.000810941914096, 0.000319870043313, -0.00396609026939, 0.012995316647, -0.00449885707349, -0.0010960692307, 0.00108042173088, -0.000616013305262], [-0.000686003069859, 0.00272252457216, -0.000959821569268, 0.00183069205377, -0.00133217265829, 0.000696848263033, -0.000827808806207, 0.000970316992607, -0.00449885707349, 0.0150964139029, -0.00546317221597, 0.000713472254574, -0.000812496931758], [0.000662156846374, -0.00320593104698, 0.0013637568336, -0.00281282886863, 0.00248910766095, -0.00205598562025, 0.000482196483063, -0.000889283197466, -0.0010960692307, -0.00546317221597, 0.0163448527455, -0.00721827568486, 0.00431025726721], [-0.0007393968408, 0.00237697851844, -0.00146459427197, 0.00351185770705, -0.00206079008058, 0.00126446911599, 0.00055165484082, -0.000728378712665, 0.00108042173088, 0.000713472254574, -0.00721827568486, 0.0207551456988, -0.0084268366918], [0.000476795219583, -0.00190855830442, 0.00145475566387, -0.00318727549165, 0.000753329135478, -0.00091786775738, 0.000181975294254, 0.000408647756558, -0.000616013305262, -0.000812496931758, 0.00431025726721, -0.0084268366918, 0.0165888741612]]
    },
    "melbands": {
        "mean": [0.00374402990565, 0.00433416804299, 0.00102255621459, 0.000679402903188, 0.000337597593898, 0.000259799009655, 0.000165273348102, 0.000171586696524, 0.000117408955703, 0.00012593268184, 0.000120737589896, 7.31674808776e-05, 7.81396520324e-05, 6.568920071e-05, 3.8522954128e-05, 3.44893887814e-05, 3.51278358721e-05, 3.32862182404e-05, 3.0373214031e-05, 3.10572177113e-05, 3.23645217577e-05, 3.35017430189e-05, 2.05778596865e-05, 1.47101809489e-05, 1.37450542752e-05, 1.25398246382e-05, 1.1240996173e-05, 1.07893247332e-05, 8.0900181274e-06, 5.51697348783e-06, 5.15211786478e-06, 4.3549680413e-06, 3.38811719303e-06, 2.60904926108e-06, 2.46803051596e-06, 1.95355164578e-06, 1.5781043885e-06, 1.37573670145e-06, 1.10809901344e-06, 6.98390579146e-07]
    },
    "melbands128": {
        "mean": [7.88564721006e-05, 0.00169098528568, 0.00560388993472, 0.00709205307066, 0.00486820144579, 0.00201337854378, 0.000856023922097, 0.000973357702605, 0.000895617238712, 0.000639552948996, 0.000612612115219, 0.000388013373595, 0.000283774686977, 0.000220293630264, 0.000309049588395, 0.000266518938588, 0.000156082445756, 0.000128632062115, 0.000208105702768, 0.000149316445459, 0.000175630731974, 0.00018133224512, 9.194737504e-05, 8.41803994263e-05, 8.41630535433e-05, 0.000168484737515, 0.000163676435477, 0.000103411664895, 0.000111101471703, 4.92894505442e-05, 7.51264597056e-05, 8.49791176734e-05, 7.48660895624e-05, 6.73827089486e-05, 9.9276076071e-05, 4.92490144097e-05, 3.96694085794e-05, 5.23522066942e-05, 2.38115590037e-05, 2.93761277135e-05, 4.09393214795e-05, 3.49871079379e-05, 2.91658398055e-05, 3.68076398445e-05, 4.7254627134e-05, 2.6189676646e-05, 2.57274205069e-05, 3.85497514799e-05, 2.60820743279e-05, 2.61574314209e-05, 3.67497523257e-05, 2.91803789878e-05, 2.75827242149e-05, 3.54491348844e-05, 4.15305621573e-05, 3.67344800907e-05, 2.28956287174e-05, 1.91576891666e-05, 2.15652707993e-05, 2.04239004233e-05, 1.21242901514e-05, 1.26227605506e-05, 1.35169839268e-05, 1.46939783008e-05, 1.327731934e-05, 1.28280034914e-05, 1.16810069812e-05, 1.09762468128e-05, 1.15491729957e-05, 1.10028677227e-05, 1.15760103654e-05, 1.023087043e-05, 9.08308265934e-06, 7.70309998188e-06, 7.08772267899e-06, 5.44297790839e-06, 4.98772260471e-06, 4.78250558444e-06, 5.45933744434e-06, 5.07959020979e-06, 4.95898120789e-06, 3.69553617929e-06, 3.68303562936e-06, 3.6883084249e-06, 2.81681263914e-06, 2.57367400991e-06, 2.5232882308e-06, 2.62347975877e-06, 2.57333476839e-06, 2.31342619372e-06, 2.04303182727e-06, 1.91610411093e-06, 1.64506343481e-06, 1.7468871647e-06, 1.37922006616e-06, 1.28818362555e-06, 1.44717614603e-06, 1.39455107728e-06, 1.16576825349e-06, 9.5463587968e-07, 7.71728480231e-07, 6.38930373498e-07, 6.26140774784e-07, 5.92528181187e-07, 6.07701281297e-07, 4.89552292038e-07, 3.9829006937e-07, 3.41639179169e-07, 2.75252801885e-07, 1.74264243924e-07, 1.49339072664e-07, 1.20812941873e-07, 9.50502467845e-08, 7.54532862857e-08, 5.3308919945e-08, 3.58484015806e-08, 2.49930121043e-08, 1.506611369e-08, 1.15594600558e-08, 9.00953622818e-09, 8.34609181766e-09, 6.64196742051e-09, 4.47594716846e-09, 2.75610156919e-09, 2.11801931549e-09, 1.55210999608e-09, 9.31388965952e-10, 4.55922161136e-10]
    },
    "mfcc": {
        "mean": [-679.965026855, 126.945854187, 17.2647037506, 41.0577125549, 7.67061567307, 7.93047428131, 3.16469550133, 11.4664258957, 5.4899430275, 5.40765810013, 1.26261878014, 1.67776703835, 4.12561130524],
        "cov": [[18295.5410156, -3066.15625, -2412.53100586, -340.277099609, -442.535186768, 127.050056458, -234.035995483, -282.062530518, -231.531799316, -84.8656845093, -369.93560791, 88.5690994263, -76.3455581665], [-3066.15625, 1893.0892334, -75.5149536133, -76.7778778076, 73.4888305664, -93.0849456787, 1.57348144054, 69.6506576538, -5.90183448792, -25.1500988007, 84.6681137085, -23.8271808624, 75.0799789429], [-2412.53100586, -75.5149536133, 1029.6138916, 168.918441772, 124.352554321, 35.1980171204, 84.1945724487, 49.6765708923, 53.7950401306, 9.44413948059, 66.1968002319, 1.64057981968, -3.5021135807], [-340.277099609, -76.7778778076, 168.918441772, 437.323364258, 27.3222484589, 18.2843456268, 25.0147972107, -2.96074962616, 42.5724449158, 16.6107749939, -2.99423599243, 8.15752983093, 1.27930319309], [-442.535186768, 73.4888305664, 124.352554321, 27.3222484589, 211.852630615, -1.71930813789, 20.1579933167, 36.9776344299, 37.3038482666, 8.04431724548, 25.9701633453, 8.85945320129, 22.6509914398], [127.050056458, -93.0849456787, 35.1980171204, 18.2843456268, -1.71930813789, 174.675598145, 70.5184326172, 12.4857349396, 29.3248538971, 27.3316192627, -5.28685045242, 8.26174736023, -0.73643386364], [-234.035995483, 1.57348144054, 84.1945724487, 25.0147972107, 20.1579933167, 70.5184326172, 155.264053345, 60.0582466125, 37.4828147888, 28.9421081543, 26.2894020081, 11.3322181702, -1.77087676525], [-282.062530518, 69.6506576538, 49.6765708923, -2.96074962616, 36.9776344299, 12.4857349396, 60.0582466125, 122.724555969, 43.18309021, 22.5180702209, 23.6498813629, 11.4812688828, 10.6073255539], [-231.531799316, -5.90183448792, 53.7950401306, 42.5724449158, 37.3038482666, 29.3248538971, 37.4828147888, 43.18309021, 129.554748535, 39.5168571472, 0.427597463131, 4.46480751038, 15.966925621], [-84.8656845093, -25.1500988007, 9.44413948059, 16.6107749939, 8.04431724548, 27.3316192627, 28.9421081543, 22.5180702209, 39.5168571472, 102.835906982, 34.7025947571, 13.5166969299, -9.03304290771], [-369.93560791, 84.6681137085, 66.1968002319, -2.99423599243, 25.9701633453, -5.28685045242, 26.2894020081, 23.6498813629, 0.427597463131, 34.7025947571, 114.474205017, 34.369972229, 16.4028224945], [88.5690994263, -23.8271808624, 1.64057981968, 8.15752983093, 8.85945320129, 8.26174736023, 11.3322181702, 11.4812688828, 4.46480751038, 13.5166969299, 34.369972229, 80.2577285767, 33.5876045227], [-76.3455581665, 75.0799789429, -3.5021135807, 1.27930319309, 22.6509914398, -0.73643386364, -1.77087676525, 10.6073255539, 15.966925621, -9.03304290771, 16.4028224945, 33.5876045227, 90.0611877441]],
        "icov": [[0.000147740851389, 0.000247452699114, 0.000351614988176, 1.40171068779e-05, -1.51077447299e-05, -7.75992375566e-05, 7.59955810281e-06, 3.07442917347e-07, 0.000124281228636, 9.80332915788e-05, 0.000107899642899, -0.000141058582813, -4.35432448285e-05], [0.000247452699114, 0.00103738624603, 0.000682168232743, 6.66595442453e-05, -0.000154496956384, 0.000129552528961, -4.22660996264e-05, -0.000310758070555, 0.000275168713415, 0.000352718896465, -0.000389953696867, 0.000436362926848, -0.000658912118524], [0.000351614988176, 0.000682168232743, 0.0020484845154, -0.000369488436263, -0.000587805174291, -0.000273079669569, -0.000341336708516, -9.92738059722e-05, 4.76352906844e-05, 0.000755743589252, -0.000602505519055, 4.05920873163e-05, 0.000126814687974], [1.40171068779e-05, 6.66595442453e-05, -0.000369488436263, 0.00256141321734, -9.37852892093e-05, 9.04583503143e-05, -0.000286643014988, 0.000603614316788, -0.000685895385686, -0.000249518605415, 0.000441833253717, -0.00041191719356, 2.28829248954e-05], [-1.51077447299e-05, -0.000154496956384, -0.000587805174291, -9.37852892093e-05, 0.0056166020222, 0.000229629949899, 0.000172343439772, -0.000964973354712, -0.00112200668082, 0.000243772243266, -0.000688057567459, 0.000159244824317, -0.000909930618946], [-7.75992375566e-05, 0.000129552528961, -0.000273079669569, 9.04583503143e-05, 0.000229629949899, 0.00773401325569, -0.00375303835608, 0.00115465093404, -0.00062725157477, -0.00151622854173, 0.00140831363387, -0.000428304454545, -0.000527623458765], [7.59955810281e-06, -4.22660996264e-05, -0.000341336708516, -0.000286643014988, 0.000172343439772, -0.00375303835608, 0.0104393418878, -0.00411668047309, -0.000720532261766, -2.92449185508e-05, -0.0015895748511, -0.000262686924543, 0.00116085552145], [3.07442917347e-07, -0.000310758070555, -9.92738059722e-05, 0.000603614316788, -0.000964973354712, 0.00115465093404, -0.00411668047309, 0.0117895463482, -0.00267740595154, -0.000542857393157, -0.000490191916469, -0.000742172182072, -0.000184184274985], [0.000124281228636, 0.000275168713415, 4.76352906844e-05, -0.000685895385686, -0.00112200668082, -0.00062725157477, -0.000720532261766, -0.00267740595154, 0.0113074416295, -0.00420892424881, 0.00246555870399, 0.00085200445028, -0.00272785266861], [9.80332915788e-05, 0.000352718896465, 0.000755743589252, -0.000249518605415, 0.000243772243266, -0.00151622854173, -2.92449185508e-05, -0.000542857393157, -0.00420892424881, 0.0140427853912, -0.00472688861191, -0.00127073051408, 0.00330113503151], [0.000107899642899, -0.000389953696867, -0.000602505519055, 0.000441833253717, -0.000688057567459, 0.00140831363387, -0.0015895748511, -0.000490191916469, 0.00246555870399, -0.00472688861191, 0.0133990524337, -0.00470258668065, -0.00099989969749], [-0.000141058582813, 0.000436362926848, 4.05920873163e-05, -0.00041191719356, 0.000159244824317, -0.000428304454545, -0.000262686924543, -0.000742172182072, 0.00085200445028, -0.00127073051408, -0.00470258668065, 0.0178658738732, -0.00652218889445], [-4.35432448285e-05, -0.000658912118524, 0.000126814687974, 2.28829248954e-05, -0.000909930618946, -0.000527623458765, 0.00116085552145, -0.000184184274985, -0.00272785266861, 0.00330113503151, -0.00099989969749, -0.00652218889445, 0.0153188509867]]
    },
    "spectral_contrast_coeffs": {
        "mean": [-0.714497983456, -0.742972373962, -0.764698922634, -0.802192509174, -0.805878460407, -0.762794435024]
    },
    "spectral_contrast_valleys": {
        "mean": [-6.62696790695, -7.21495246887, -7.99820756912, -8.23083305359, -7.83478403091, -10.6264381409]
    }
},
"rhythm": {
    "beats_count": 557,
    "beats_loudness": {
        "mean": 0.0557753965259
    },
    "bpm": 151.892745972,
    "bpm_histogram_first_peak_bpm": 152,
    "bpm_histogram_first_peak_weight": 0.165271937847,
    "bpm_histogram_second_peak_bpm": 157,
    "bpm_histogram_second_peak_spread": 0.03125,
    "bpm_histogram_second_peak_weight": 0.111510790884,
    "danceability": 1.1179254055,
    "onset_rate": 3.02561569214,
    "beats_loudness_band_ratio": {
        "mean": [0.726691484451, 0.104837074876, 0.0719837769866, 0.042743679136, 0.0383274182677, 0.0346769466996]
    },
    "beats_position": [0.417959183455, 0.824308395386, 1.23065757751, 1.62539684772, 2.02013611794, 2.42648530006, 2.83283448219, 3.22757363319, 3.63392281532, 4.02866220474, 4.43501138687, 4.82975053787, 5.22448968887, 5.61922883987, 6.01396799088, 6.40870714188, 6.80344676971, 7.19818592072, 7.59292507172, 7.98766422272, 8.38240337372, 8.78875255585, 9.18349170685, 9.58984088898, 9.98458003998, 10.379319191, 10.774058342, 11.1804075241, 11.5867567062, 11.9814968109, 12.3762359619, 12.7709751129, 13.177324295, 13.572063446, 13.966802597, 14.361541748, 14.7678909302, 15.1626300812, 15.5573692322, 15.9521083832, 16.3584575653, 16.7648067474, 17.1595458984, 17.5542850494, 17.9490242004, 18.3321533203, 18.7152824402, 19.1100215912, 19.5163707733, 19.9227199554, 20.3174591064, 20.7121982574, 21.1069393158, 21.5016784668, 21.9080276489, 22.3143768311, 22.7091159821, 23.1038551331, 23.4985942841, 23.8933334351, 24.2880725861, 24.6828117371, 25.0891609192, 25.4955101013, 25.8902492523, 26.2849884033, 26.6797275543, 27.0744667053, 27.4692058563, 27.8755550385, 28.2819042206, 28.6766433716, 29.0713825226, 29.4661216736, 29.8608608246, 30.2672100067, 30.6735591888, 31.0682983398, 31.4630374908, 31.8577766418, 32.2525177002, 32.6472549438, 33.0419960022, 33.4367332458, 33.8314743042, 34.2262115479, 34.6209526062, 35.0156898499, 35.422039032, 35.8283882141, 36.2231292725, 36.6294784546, 37.0242156982, 37.4189567566, 37.8136940002, 38.2084350586, 38.6031723022, 38.9979133606, 39.3926506042, 39.7989997864, 40.1937408447, 40.5884780884, 40.9832191467, 41.3895683289, 41.795917511, 42.1906585693, 42.585395813, 42.9801368713, 43.374874115, 43.7696151733, 44.164352417, 44.5590934753, 44.953830719, 45.3485717773, 45.743309021, 46.1380500793, 46.532787323, 46.9275283813, 47.322265625, 47.7286148071, 48.1349639893, 48.5297050476, 48.9244422913, 49.3191833496, 49.7139205933, 50.1086616516, 50.5033988953, 50.8981399536, 51.2928771973, 51.6876182556, 52.0823554993, 52.4770965576, 52.8602256775, 53.2433547974, 53.6380958557, 54.0328330994, 54.4275741577, 54.8223114014, 55.2170524597, 55.6117897034, 56.0065307617, 56.4012680054, 56.7960090637, 57.1907463074, 57.5854873657, 57.9686164856, 58.3517456055, 58.7464828491, 59.1412239075, 59.5359611511, 59.9307022095, 60.3370513916, 60.7317886353, 61.1381378174, 61.5328788757, 61.9276161194, 62.3223571777, 62.7170982361, 63.1118354797, 63.5065765381, 63.9013137817, 64.2960510254, 64.6907958984, 65.0855331421, 65.4802703857, 65.8750076294, 66.2697525024, 66.6644897461, 67.0592269897, 67.4655761719, 67.871925354, 68.2782745361, 68.6846237183, 69.0793609619, 69.4624938965, 69.8688430786, 70.2635803223, 70.6583175659, 71.064666748, 71.4710159302, 71.8657608032, 72.2604980469, 72.6552352905, 73.0499725342, 73.4447174072, 73.8394546509, 74.2341918945, 74.6405410767, 75.0468902588, 75.4416275024, 75.8363723755, 76.2311096191, 76.6258468628, 77.0205917358, 77.4153289795, 77.8216781616, 78.2280273438, 78.6227645874, 79.0175018311, 79.4238510132, 79.8302001953, 80.2249450684, 80.5964584351, 80.9912033081, 81.3859405518, 81.7806777954, 82.1754150391, 82.5701599121, 82.9648971558, 83.3596343994, 83.7659835815, 84.1491165161, 84.5438537598, 84.9385910034, 85.3333282471, 85.7280731201, 86.1228103638, 86.5175476074, 86.9122848511, 87.3070297241, 87.6901550293, 88.0732879639, 88.4680252075, 88.8627624512, 89.2575073242, 89.6522445679, 90.0469818115, 90.4417190552, 90.8364639282, 91.2312011719, 91.6143264771, 91.9974594116, 92.3921966553, 92.7869338989, 93.181678772, 93.5764160156, 93.9711532593, 94.3542861938, 94.737411499, 95.1321487427, 95.5268936157, 95.9216308594, 96.316368103, 96.6995010376, 97.0826263428, 97.4773712158, 97.8721084595, 98.2668457031, 98.6615829468, 99.0563278198, 99.4510650635, 99.8458023071, 100.240539551, 100.635284424, 101.018409729, 101.401542664, 101.796279907, 102.191017151, 102.585754395, 102.980499268, 103.375236511, 103.769973755, 104.164710999, 104.559455872, 104.954193115, 105.348930359, 105.743675232, 106.138412476, 106.533149719, 106.916282654, 107.311019897, 107.705757141, 108.088890076, 108.483627319, 108.878364563, 109.273101807, 109.66784668, 110.062583923, 110.457321167, 110.840454102, 111.235191345, 111.629928589, 112.024665833, 112.419410706, 112.802536011, 113.185668945, 113.56879425, 113.963539124, 114.358276367, 114.753013611, 115.147750854, 115.542495728, 115.937232971, 116.320358276, 116.715103149, 117.109840393, 117.504577637, 117.887710571, 118.270835876, 118.66557312, 119.071922302, 119.466667175, 119.861404419, 120.256141663, 120.650878906, 121.045623779, 121.440361023, 121.835098267, 122.22983551, 122.612968445, 123.007705688, 123.390838623, 123.785575867, 124.18031311, 124.575057983, 124.969795227, 125.352920532, 125.736053467, 126.13079071, 126.525527954, 126.920272827, 127.303398132, 127.686531067, 128.081268311, 128.476013184, 128.870742798, 129.265487671, 129.648620605, 130.031738281, 130.414871216, 130.821228027, 131.22756958, 131.633926392, 132.028656006, 132.423400879, 132.818145752, 133.224487305, 133.630844116, 134.02557373, 134.420318604, 134.815048218, 135.233016968, 135.650970459, 136.034103394, 136.417236328, 136.811965942, 137.206710815, 137.601455688, 137.996185303, 138.402542114, 138.808883667, 139.20362854, 139.598358154, 139.993103027, 140.3878479, 140.782577515, 141.177322388, 141.58366394, 141.990020752, 142.384765625, 142.779495239, 143.185852051, 143.568969727, 143.9637146, 144.358459473, 144.741577148, 145.136322021, 145.542678833, 145.937408447, 146.33215332, 146.726898193, 147.121627808, 147.527984619, 147.934326172, 148.329071045, 148.723800659, 149.118545532, 149.513290405, 149.90802002, 150.314376831, 150.720718384, 151.115463257, 151.52180481, 151.916549683, 152.299682617, 152.694412231, 153.089157104, 153.495513916, 153.901855469, 154.296600342, 154.691329956, 155.086074829, 155.480819702, 155.875549316, 156.270294189, 156.665023804, 157.059768677, 157.45451355, 157.849243164, 158.232376099, 158.615509033, 159.010253906, 159.404983521, 159.788116455, 160.194458008, 160.577590942, 160.960723877, 161.343856812, 161.750198364, 162.144943237, 162.539672852, 162.911193848, 163.282714844, 163.677459717, 164.072189331, 164.466934204, 164.850067139, 165.233200073, 165.627929688, 166.022674561, 166.417419434, 166.812149048, 167.206893921, 167.590026855, 167.973144531, 168.367889404, 168.762634277, 169.157363892, 169.552108765, 169.946838379, 170.329971313, 170.713104248, 171.107849121, 171.490966797, 171.874099731, 172.257232666, 172.640365601, 173.035095215, 173.429840088, 173.812973022, 174.207702637, 174.590835571, 174.973968506, 175.35710144, 175.751831055, 176.158187866, 176.55291748, 176.947662354, 177.342407227, 177.748748779, 178.143493652, 178.538223267, 178.93296814, 179.327713013, 179.722442627, 180.1171875, 180.511917114, 180.906661987, 181.30140686, 181.696136475, 182.090881348, 182.485626221, 182.880355835, 183.275100708, 183.669830322, 184.064575195, 184.459320068, 184.854049683, 185.248794556, 185.643539429, 186.038269043, 186.433013916, 186.827758789, 187.222488403, 187.617233276, 188.011962891, 188.406707764, 188.801452637, 189.196182251, 189.590927124, 189.985671997, 190.380401611, 190.775146484, 191.169876099, 191.564620972, 191.959365845, 192.354095459, 192.748840332, 193.143585205, 193.538314819, 193.933059692, 194.327789307, 194.72253418, 195.117279053, 195.512008667, 195.90675354, 196.301498413, 196.696228027, 197.0909729, 197.485717773, 197.880447388, 198.275192261, 198.669921875, 199.064666748, 199.459411621, 199.854141235, 200.248886108, 200.643630981, 201.038360596, 201.433105469, 201.827835083, 202.210968018, 202.617324829, 203.012054443, 203.406799316, 203.801544189, 204.196273804, 204.591018677, 204.985748291, 205.380493164, 205.775238037, 206.169967651, 206.564712524, 206.959457397, 207.354187012, 207.748931885, 208.143676758, 208.538406372, 208.933151245, 209.327880859, 209.722625732, 210.117370605, 210.51210022, 210.906845093, 211.301589966, 211.69631958, 212.091064453, 212.485794067, 212.892150879, 213.298492432, 213.693237305, 214.111190796, 214.529159546, 214.947113037, 215.376678467, 215.85269165, 216.340316772, 216.816329956, 217.234283447, 217.640625, 218.046981812, 218.453323364, 218.859680176, 219.266021729, 219.683990479, 220.10194397, 220.51991272],
    "bpm_histogram": [0, 0, 0, 0, 0, 0, 0, 0, 0, 0, 0, 0, 0, 0, 0, 0, 0, 0, 0, 0, 0, 0, 0, 0, 0, 0, 0, 0, 0, 0, 0, 0, 0, 0, 0, 0, 0, 0, 0, 0, 0, 0, 0, 0, 0, 0, 0, 0, 0, 0, 0, 0, 0, 0, 0, 0, 0, 0, 0, 0, 0, 0, 0, 0, 0, 0, 0, 0, 0, 0, 0, 0, 0, 0, 0, 0, 0, 0, 0, 0, 0, 0, 0, 0, 0, 0, 0, 0, 0, 0, 0, 0, 0, 0, 0, 0, 0, 0, 0, 0, 0, 0, 0, 0, 0, 0, 0, 0, 0, 0, 0, 0, 0, 0, 0, 0, 0, 0, 0, 0, 0, 0, 0, 0.00179856119212, 0, 0, 0.00359712238424, 0, 0, 0, 0, 0, 0, 0, 0, 0, 0, 0, 0, 0, 0.00179856119212, 0, 0, 0, 0.0161870494485, 0, 0, 0, 0.142086327076, 0, 0, 0, 0.717625916004, 0, 0, 0, 0, 0.111510790884, 0, 0, 0, 0.00359712238424, 0.00179856119212, 0, 0, 0, 0, 0, 0, 0, 0, 0, 0, 0, 0, 0, 0, 0, 0, 0, 0, 0, 0, 0, 0, 0, 0, 0, 0, 0, 0, 0, 0, 0, 0, 0, 0, 0, 0, 0, 0, 0, 0, 0, 0, 0, 0, 0, 0, 0, 0, 0, 0, 0, 0, 0, 0, 0, 0, 0, 0, 0, 0, 0, 0, 0, 0, 0, 0, 0, 0, 0, 0, 0, 0, 0, 0, 0, 0, 0, 0, 0, 0, 0, 0, 0, 0, 0, 0, 0]
},
"tonal": {
    "chords_changes_rate": 0.0447291061282,
    "chords_number_rate": 0.00230995379388,
    "chords_strength": {
        "mean": 0.581153213978
    },
    "hpcp_crest": {
        "mean": 13.2838230133
    },
    "hpcp_entropy": {
        "mean": 2.01239562035
    },
    "key_edma": {
        "strength": 0.720194876194,
        "key": "B",
        "scale": "major"
    },
    "key_krumhansl": {
        "strength": 0.706688702106,
        "key": "B",
        "scale": "major"
    },
    "key_temperley": {
        "strength": 0.717061877251,
        "key": "F#",
        "scale": "major"
    },
    "tuning_diatonic_strength": 0.646961271763,
    "tuning_equal_tempered_deviation": 0.123396933079,
    "tuning_frequency": 442.804626465,
    "tuning_nontempered_energy_ratio": 0.813572525978,
    "hpcp": {
        "mean": [0.0331539660692, 0.0596293434501, 0.18658208847, 0.215173348784, 0.109457798302, 0.115785777569, 0.160700589418, 0.139580070972, 0.110011920333, 0.0889880880713, 0.0806344076991, 0.157268404961, 0.162886172533, 0.0746607109904, 0.0509669519961, 0.0501818023622, 0.0564255677164, 0.0823329612613, 0.0761746838689, 0.0451272279024, 0.0362736843526, 0.0376013405621, 0.0567438267171, 0.103904873133, 0.0997594222426, 0.0806836560369, 0.265121221542, 0.324709236622, 0.133404269814, 0.0505069084466, 0.042424749583, 0.0408233292401, 0.0700078085065, 0.0828533992171, 0.0547943450511, 0.0357126146555]
    },
    "chords_histogram": [49.3700141907, 11.6127681732, 1.61696767807, 0.461990773678, 5.87988233566, 3.25493478775, 0.923981547356, 0, 3.38093233109, 0.251994967461, 5.87988233566, 0.503989934921, 2.12095761299, 0.587988257408, 1.21797561646, 2.89794206619, 0, 0.314993709326, 0, 0.146997064352, 0.167996644974, 0.0839983224869, 8.58882808685, 0.734985291958],
    "thpcp": [1, 0.410842239857, 0.155545026064, 0.130654588342, 0.125722721219, 0.215601533651, 0.255161821842, 0.168748959899, 0.109983362257, 0.102103553712, 0.183639198542, 0.574612796307, 0.662664711475, 0.337094813585, 0.356582939625, 0.494906127453, 0.429861724377, 0.338801324368, 0.274054676294, 0.248328045011, 0.484336107969, 0.501637041569, 0.229930967093, 0.156961813569, 0.154543802142, 0.173772603273, 0.253559023142, 0.234593525529, 0.138977348804, 0.111711278558, 0.115800030529, 0.174752727151, 0.319993585348, 0.307226926088, 0.248479709029, 0.816488087177],
    "chords_key": "F#",
    "chords_scale": "major"
}
}