{
"metadata": {
    "version": {
        "essentia": "2.1-beta6-dev",
        "essentia_git_sha": "v2.1_beta5-1177-g1d1cc983",
        "extractor": "music 2.0"
    },
    "audio_properties": {
        "analysis": {
            "equal_loudness": 0,
            "length": 176.626663208,
            "sample_rate": 44100,
            "start_time": 0,
            "downmix": "mix"
        },
        "bit_rate": 1411200,
        "length": 176.626663208,
        "lossless": 1,
        "number_channels": 2,
        "replay_gain": -9.13681983948,
        "sample_rate": 44100,
        "codec": "pcm_s16le",
        "md5_encoded": "a90453305347a4be31741287a5dee0ea"
    },
    "tags": {
        "file_name": "10 - Manchester Orchestra - See It Again.wav",
        "album": ["HOPE"],
        "albumartist": ["Manchester Orchestra"],
        "artist": ["Manchester Orchestra"],
        "composer": ["Andy Hull"],
        "copyright": ["℗ 2014 Seven Four Entertainment LLC. Manufactured and Distributed by Concord Music Group, Inc."],
        "date": ["2014"],
        "discnumber": ["1"],
        "disctotal": ["1"],
        "genre": ["Rock"],
        "isrc": ["USC4R1400114"],
        "title": ["See It Again"],
        "tracknumber": ["10"],
        "tracktotal": ["11"]
    }
},
"lowlevel": {
    "average_loudness": 0.883241176605,
    "barkbands_crest": {
        "mean": 11.0991296768
    },
    "barkbands_flatness_db": {
        "mean": 0.24701397121
    },
    "barkbands_kurtosis": {
        "mean": 18.6219062805
    },
    "barkbands_skewness": {
        "mean": 2.28066110611
    },
    "barkbands_spread": {
        "mean": 7.60623216629
    },
    "dissonance": {
        "mean": 0.392291754484
    },
    "dynamic_complexity": 4.46905708313,
    "erbbands_crest": {
        "mean": 11.7503213882
    },
    "erbbands_flatness_db": {
        "mean": 0.241774395108
    },
    "erbbands_kurtosis": {
        "mean": 8.78102302551
    },
    "erbbands_skewness": {
        "mean": 1.63891935349
    },
    "erbbands_spread": {
        "mean": 19.5289154053
    },
    "hfc": {
        "mean": 13.1774978638
    },
    "loudness_ebu128": {
        "integrated": -14.0167093277,
        "loudness_range": 4.35716915131,
        "momentary": {
            "mean": -16.2526283264
        },
        "short_term": {
            "mean": -14.8435811996
        }
    },
    "melbands_crest": {
        "mean": 13.1760158539
    },
    "melbands_flatness_db": {
        "mean": 0.327785551548
    },
    "melbands_kurtosis": {
        "mean": 14.8936233521
    },
    "melbands_skewness": {
        "mean": 2.0506362915
    },
    "melbands_spread": {
        "mean": 8.35334968567
    },
    "pitch_salience": {
        "mean": 0.601312816143
    },
    "silence_rate_20dB": {
        "mean": 1
    },
    "silence_rate_30dB": {
        "mean": 0.999342799187
    },
    "silence_rate_60dB": {
        "mean": 0.0854363813996
    },
    "spectral_centroid": {
        "mean": 566.590270996
    },
    "spectral_complexity": {
        "mean": 10.4710826874
    },
    "spectral_decrease": {
        "mean": -6.54870069283e-09
    },
    "spectral_energy": {
        "mean": 0.025911513716
    },
    "spectral_energyband_high": {
        "mean": 0.00018713195459
    },
    "spectral_energyband_low": {
        "mean": 0.00140461593401
    },
    "spectral_energyband_middle_high": {
        "mean": 0.00256264791824
    },
    "spectral_energyband_middle_low": {
        "mean": 0.0229709409177
    },
    "spectral_entropy": {
        "mean": 6.39832830429
    },
    "spectral_flux": {
        "mean": 0.0638033226132
    },
    "spectral_kurtosis": {
        "mean": 14.7578382492
    },
    "spectral_rms": {
        "mean": 0.00464231427759
    },
    "spectral_rolloff": {
        "mean": 1005.30224609
    },
    "spectral_skewness": {
        "mean": 3.20355606079
    },
    "spectral_spread": {
        "mean": 4059588.5
    },
    "spectral_strongpeak": {
        "mean": 1.20001351833
    },
    "zerocrossingrate": {
        "mean": 0.0412719585001
    },
    "barkbands": {
        "mean": [8.80129107372e-07, 1.26256963995e-05, 0.000477386085549, 0.00209583202377, 0.00632140692323, 0.00437607057393, 0.00449424050748, 0.0034949190449, 0.00158529484179, 0.00110333424527, 0.000634381663986, 0.000321604456985, 0.000241259724135, 0.000170530038304, 0.000129436724819, 7.3851828347e-05, 8.16309184302e-05, 6.57858690829e-05, 2.89176532533e-05, 2.94278070214e-05, 3.14357494062e-05, 2.99173316307e-05, 3.01077179756e-05, 4.08372070524e-05, 2.64198260993e-05, 1.31065735332e-05, 9.0984929102e-07]
    },
    "erbbands": {
        "mean": [0.000240860608756, 0.0104269878939, 0.378590375185, 4.31571769714, 18.1031188965, 20.0150432587, 21.764623642, 34.9391784668, 64.2035140991, 69.332572937, 72.3714904785, 35.3881034851, 39.2028198242, 22.9940948486, 19.6385040283, 14.9405679703, 11.8369274139, 9.90148735046, 7.55303287506, 5.24785280228, 4.36034345627, 4.55602884293, 4.0080780983, 1.97691833973, 1.55837523937, 1.30647802353, 1.02037906647, 1.44256138802, 0.902369618416, 1.22397267818, 0.793431401253, 0.761184871197, 0.709852218628, 0.350186288357, 0.160737678409, 0.0757452324033, 0.0195150189102, 0.00317503139377, 0.00015202780196, 3.54556832463e-05]
    },
    "gfcc": {
        "mean": [-92.2876434326, 112.049377441, -73.6377563477, -16.3945884705, -99.9948959351, -12.0728158951, -58.3737449646, -4.58706903458, -31.8642063141, -20.4036960602, -21.8635597229, -2.40078616142, -26.7379665375],
        "cov": [[17445.8417969, 716.817443848, -3266.3347168, -496.12121582, -838.81463623, -140.821624756, -1170.04980469, 392.341278076, -360.801605225, 31.3651714325, -475.24597168, -95.6716156006, -418.537139893], [716.817443848, 1255.76245117, 240.61315918, -398.647369385, -204.424209595, 85.7851791382, 32.1395111084, -2.66457414627, 29.0878639221, -209.398452759, 37.3033714294, 58.9499702454, -115.296897888], [-3266.3347168, 240.61315918, 1737.6340332, 238.575820923, -420.458618164, 48.5456237793, 371.092437744, -59.369720459, -4.35462474823, -52.3243255615, 95.7257232666, 165.456604004, 43.410243988], [-496.12121582, -398.647369385, 238.575820923, 590.673706055, 14.5432281494, -188.024307251, -6.62804269791, 47.73595047, -45.2319526672, 73.4770278931, -1.15166771412, 24.4757175446, 76.2205963135], [-838.81463623, -204.424209595, -420.458618164, 14.5432281494, 577.927978516, -2.69718194008, -104.193664551, 3.72365140915, 86.2694015503, 33.3459472656, -23.4427909851, -114.311126709, 64.271812439], [-140.821624756, 85.7851791382, 48.5456237793, -188.024307251, -2.69718194008, 261.297943115, 92.5826187134, -59.3004264832, 13.2984552383, 2.24972033501, 1.62304913998, -25.5188789368, -42.4750556946], [-1170.04980469, 32.1395111084, 371.092437744, -6.62804269791, -104.193664551, 92.5826187134, 289.242858887, -18.1909503937, -28.5064754486, -44.7689170837, 70.7466430664, 39.8106002808, -23.5159759521], [392.341278076, -2.66457414627, -59.369720459, 47.73595047, 3.72365140915, -59.3004264832, -18.1909503937, 124.001274109, 16.5242023468, -22.279302597, -10.2915611267, 13.9205589294, -0.149388417602], [-360.801605225, 29.0878639221, -4.35462474823, -45.2319526672, 86.2694015503, 13.2984552383, -28.5064754486, 16.5242023468, 117.137191772, 4.73858547211, -6.78182220459, -14.5984296799, 16.4760036469], [31.3651714325, -209.398452759, -52.3243255615, 73.4770278931, 33.3459472656, 2.24972033501, -44.7689170837, -22.279302597, 4.73858547211, 134.476547241, -7.19822454453, -43.3543357849, 28.3140296936], [-475.24597168, 37.3033714294, 95.7257232666, -1.15166771412, -23.4427909851, 1.62304913998, 70.7466430664, -10.2915611267, -6.78182220459, -7.19822454453, 92.2674789429, 26.5934715271, -15.0029764175], [-95.6716156006, 58.9499702454, 165.456604004, 24.4757175446, -114.311126709, -25.5188789368, 39.8106002808, 13.9205589294, -14.5984296799, -43.3543357849, 26.5934715271, 96.9966125488, -3.43031263351], [-418.537139893, -115.296897888, 43.410243988, 76.2205963135, 64.271812439, -42.4750556946, -23.5159759521, -0.149388417602, 16.4760036469, 28.3140296936, -15.0029764175, -3.43031263351, 93.3889160156]],
        "icov": [[0.000461105169961, -0.000394090660848, 0.000927884655539, -0.000324472668581, 0.00123837334104, -0.000635960197542, 0.00111997732893, -0.00118523149285, 0.000995202572085, -0.000469304097351, 0.00109110295307, -0.000138812960358, 0.000688988773618], [-0.000394090660848, 0.00195079611149, -0.00126678682864, 0.00115523673594, -0.000737152702641, 0.000551269913558, 6.34764946881e-05, 0.000885623972863, -0.00105602515396, 0.0025211116299, -0.00172906508669, 0.000868659873959, 0.000239762070123], [0.000927884655539, -0.00126678682864, 0.00328757870011, -0.00160594598856, 0.00324193947017, -0.00155769847333, 0.00072749343235, -0.00149729382247, 0.000863249006215, -0.00113972171675, 0.00233154674061, -0.00120419438463, 0.000141784868902], [-0.000324472668581, 0.00115523673594, -0.00160594598856, 0.00399822555482, -0.00155529810581, 0.00262707634829, -0.000660869292915, -0.000346396729583, 0.000969331362285, -0.000934717478231, -0.000378177152015, -0.000294988305541, -0.000405591359595], [0.00123837334104, -0.000737152702641, 0.00324193947017, -0.00155529810581, 0.0068991612643, -0.00238898722455, 0.00334400474094, -0.00279039517045, 0.000430464104284, 0.00084287772188, 0.00131318776403, 0.00312223914079, -0.000600635248702], [-0.000635960197542, 0.000551269913558, -0.00155769847333, 0.00262707634829, -0.00238898722455, 0.00833374354988, -0.00451345229521, 0.00369247538038, -0.00200033187866, -0.00155061518308, 0.00114424654748, 0.000485183147248, 0.00173892895691], [0.00111997732893, 6.34764946881e-05, 0.00072749343235, -0.000660869292915, 0.00334400474094, -0.00451345229521, 0.0107522103935, -0.0040838313289, 0.00411727558821, 0.00239487411454, -0.00238150241785, 0.00132721441332, 0.00185936980415], [-0.00118523149285, 0.000885623972863, -0.00149729382247, -0.000346396729583, -0.00279039517045, 0.00369247538038, -0.0040838313289, 0.0137678505853, -0.00555963395163, 0.00277476501651, -0.00103420834057, -0.00102069496643, -0.000710273045115], [0.000995202572085, -0.00105602515396, 0.000863249006215, 0.000969331362285, 0.000430464104284, -0.00200033187866, 0.00411727558821, -0.00555963395163, 0.0140775181353, -0.00229714252055, 0.00207972154021, -0.000471704726806, 0.000315458251862], [-0.000469304097351, 0.0025211116299, -0.00113972171675, -0.000934717478231, 0.00084287772188, -0.00155061518308, 0.00239487411454, 0.00277476501651, -0.00229714252055, 0.0154244545847, -0.0051210145466, 0.00722832186148, -0.00320427468978], [0.00109110295307, -0.00172906508669, 0.00233154674061, -0.000378177152015, 0.00131318776403, 0.00114424654748, -0.00238150241785, -0.00103420834057, 0.00207972154021, -0.0051210145466, 0.0189950503409, -0.0057863984257, 0.00502019375563], [-0.000138812960358, 0.000868659873959, -0.00120419438463, -0.000294988305541, 0.00312223914079, 0.000485183147248, 0.00132721441332, -0.00102069496643, -0.000471704726806, 0.00722832186148, -0.0057863984257, 0.01983474195, -0.00265402463265], [0.000688988773618, 0.000239762070123, 0.000141784868902, -0.000405591359595, -0.000600635248702, 0.00173892895691, 0.00185936980415, -0.000710273045115, 0.000315458251862, -0.00320427468978, 0.00502019375563, -0.00265402463265, 0.0176530219615]]
    },
    "melbands": {
        "mean": [1.94265771825e-06, 0.000171599036548, 0.00112764246296, 0.00147301144898, 0.000733616878279, 0.000866725924425, 0.000971549772657, 0.000744592747651, 0.000579341372941, 0.000197813715204, 0.000193741885596, 9.14375123102e-05, 7.3891307693e-05, 3.93120099034e-05, 2.80352178379e-05, 2.68145813607e-05, 1.78729824256e-05, 1.23140343931e-05, 9.74288559519e-06, 5.69508029002e-06, 4.70966233479e-06, 4.76127934235e-06, 4.08034884458e-06, 3.07696268464e-06, 1.41430462008e-06, 1.08790948161e-06, 1.08764572815e-06, 8.23181267151e-07, 6.30740260021e-07, 7.31286263544e-07, 8.50829110277e-07, 4.66257574772e-07, 6.25925849818e-07, 6.75495584801e-07, 4.45768591817e-07, 4.32317762034e-07, 4.77994660741e-07, 5.48700995751e-07, 3.71607342231e-07, 2.71255316875e-07]
    },
    "melbands128": {
        "mean": [2.63364682951e-07, 1.75319030404e-07, 8.21537014417e-07, 8.53719575389e-06, 6.48115528747e-05, 0.000300838641124, 0.000776167318691, 0.00112513150088, 0.00209835893475, 0.00170100992545, 0.00103017676156, 0.000569105963223, 0.00073454604717, 0.000859768304508, 0.000552418641746, 0.00103383953683, 0.00133756676223, 0.000727804319467, 0.000950613466557, 0.000712164212018, 0.000761231582146, 0.00044617979438, 0.000773675157689, 0.00042283401126, 0.000124733574921, 0.000180865186849, 0.000123153979075, 0.000275312457234, 0.000169774793903, 5.79808838665e-05, 8.82617387106e-05, 9.99111653073e-05, 7.13163681212e-05, 6.92271496519e-05, 1.82480998774e-05, 4.37432609033e-05, 4.87250836159e-05, 2.67736249953e-05, 1.04643440864e-05, 3.30414877681e-05, 3.42893290508e-05, 1.31272418002e-05, 1.55523630383e-05, 2.26513784582e-05, 1.54934277816e-05, 8.88264639798e-06, 1.08105878098e-05, 1.24949956444e-05, 8.34806178318e-06, 3.91815774492e-06, 5.45448710909e-06, 7.84797975939e-06, 3.90084051105e-06, 4.20149763158e-06, 4.5422916628e-06, 4.57916621599e-06, 5.40654673387e-06, 4.01489069191e-06, 3.46725869349e-06, 4.4982352847e-06, 3.02945159092e-06, 2.18067771129e-06, 1.92236552721e-06, 9.60405941441e-07, 1.0360770375e-06, 1.01834916677e-06, 1.21324262636e-06, 1.17518231946e-06, 1.09694622097e-06, 8.84750079422e-07, 7.87947783465e-07, 8.19140439035e-07, 8.04793160114e-07, 5.94396340148e-07, 4.02300429414e-07, 6.39460097318e-07, 8.88723320713e-07, 1.04122591438e-06, 8.66238963226e-07, 6.76201580063e-07, 4.73242494081e-07, 3.9415840547e-07, 3.78979279958e-07, 6.29902331184e-07, 8.81639380168e-07, 7.30912518065e-07, 6.33723004739e-07, 4.92185392886e-07, 4.24233803642e-07, 4.14169193164e-07, 4.25462559406e-07, 4.3582221565e-07, 4.44799724164e-07, 4.52423904562e-07, 4.9975113825e-07, 6.05273442034e-07, 5.79861477945e-07, 4.48669425168e-07, 3.87178090477e-07, 3.16059669103e-07, 3.01464496033e-07, 2.78327689784e-07, 2.2271706257e-07, 1.64096803701e-07, 1.59743436257e-07, 1.83984766977e-07, 1.856604257e-07, 1.60017563644e-07, 1.35421103664e-07, 9.8935117876e-08, 8.42360137199e-08, 7.19588868492e-08, 5.32260173713e-08, 4.81822972631e-08, 4.36523670544e-08, 3.4140402505e-08, 1.92836875357e-08, 8.50738679503e-09, 3.38731331873e-09, 2.1989312593e-09, 2.07523154216e-09, 1.69474612122e-09, 1.30430322098e-09, 8.78350669975e-10, 5.45686384967e-10, 3.34555771975e-10, 2.98448654679e-10, 2.51009962815e-10]
    },
    "mfcc": {
        "mean": [-750.85546875, 159.561508179, 45.9132194519, -10.0449762344, -20.9998588562, -25.6611709595, -29.3264942169, 1.38838660717, -26.9066753387, -15.827082634, -12.6008043289, -10.0872392654, -7.79855823517],
        "cov": [[12516.0263672, 610.857727051, -2216.875, -704.131347656, 116.528839111, -667.692810059, -571.71875, -284.48425293, -210.874938965, 111.337356567, -69.6512145996, -298.129760742, -284.624908447], [610.857727051, 1628.29919434, 329.833435059, -526.308776855, -130.36227417, -51.1089935303, -149.073425293, 299.378570557, -209.760391235, -11.3576917648, 2.23714947701, -75.7557678223, 29.3140735626], [-2216.875, 329.833435059, 1954.00390625, 232.222427368, -566.364990234, 54.4894447327, 91.2007675171, 201.097198486, -25.5155715942, -264.834320068, -17.1976680756, 224.110931396, 127.424728394], [-704.131347656, -526.308776855, 232.222427368, 658.466064453, 71.1846237183, -117.998703003, 35.7122039795, -83.2053070068, 91.348739624, -93.2181015015, -31.4100875854, 61.0812034607, 42.499294281], [116.528839111, -130.36227417, -566.364990234, 71.1846237183, 446.249176025, 5.95271110535, -75.4609985352, -120.713363647, 85.6036453247, 134.321273804, -2.76178002357, -112.633674622, -25.3802070618], [-667.692810059, -51.1089935303, 54.4894447327, -117.998703003, 5.95271110535, 243.253204346, 79.1646652222, -33.8357048035, 14.3281707764, 58.5888061523, 16.9944782257, 6.57481765747, -14.9163217545], [-571.71875, -149.073425293, 91.2007675171, 35.7122039795, -75.4609985352, 79.1646652222, 195.147735596, 23.8680534363, 3.62313747406, -8.28002738953, 15.3339681625, 44.0047988892, 16.9777965546], [-284.48425293, 299.378570557, 201.097198486, -83.2053070068, -120.713363647, -33.8357048035, 23.8680534363, 262.089202881, -47.6495780945, -66.8298568726, 23.5909767151, 48.9267539978, 28.7592735291], [-210.874938965, -209.760391235, -25.5155715942, 91.348739624, 85.6036453247, 14.3281707764, 3.62313747406, -47.6495780945, 156.02961731, 41.8367347717, -18.433675766, -0.495854079723, 10.8161029816], [111.337356567, -11.3576917648, -264.834320068, -93.2181015015, 134.321273804, 58.5888061523, -8.28002738953, -66.8298568726, 41.8367347717, 167.17640686, 16.4104099274, -66.5196151733, -1.04073500633], [-69.6512145996, 2.23714947701, -17.1976680756, -31.4100875854, -2.76178002357, 16.9944782257, 15.3339681625, 23.5909767151, -18.433675766, 16.4104099274, 89.0173034668, 22.311750412, 2.47549295425], [-298.129760742, -75.7557678223, 224.110931396, 61.0812034607, -112.633674622, 6.57481765747, 44.0047988892, 48.9267539978, -0.495854079723, -66.5196151733, 22.311750412, 125.458488464, 22.1216659546], [-284.624908447, 29.3140735626, 127.424728394, 42.499294281, -25.3802070618, -14.9163217545, 16.9777965546, 28.7592735291, 10.8161029816, -1.04073500633, 2.47549295425, 22.1216659546, 87.8223419189]],
        "icov": [[0.000169663369888, -9.19091617106e-05, 0.00022932192951, 9.64865175774e-05, 0.00031953130383, 0.000425784935942, 0.000212005033973, 0.000302826636471, -5.51748307771e-05, 2.03885269912e-06, 2.78744464595e-05, -8.55933540151e-05, 0.000253222417086], [-9.19091617106e-05, 0.00172936252784, -0.000815659586806, 0.00122240709607, -0.000975943694357, 0.000427381455665, 0.000588224560488, -0.00149271439295, 0.00160487263929, -0.000449531769846, 0.000536683481187, 0.000938383047469, -0.000572019198444], [0.00022932192951, -0.000815659586806, 0.00184034579434, -0.0010756169213, 0.00225834734738, -0.000906685483642, 0.000802154128905, 0.000490268866997, -0.00109996204264, 0.000939458841458, -0.000111949630082, -0.000475028005894, -0.000681793142576], [9.64865175774e-05, 0.00122240709607, -0.0010756169213, 0.00422569876537, -0.00236558797769, 0.00287458021194, -0.00102592527401, 0.000790451245848, 0.000135659385705, 0.00150600285269, 0.00058656570036, -0.000571997545194, -0.000706819526386], [0.00031953130383, -0.000975943694357, 0.00225834734738, -0.00236558797769, 0.00715618301183, -0.00132982234936, 0.00236547342502, 0.000782967545092, -0.00253180507571, -0.00128990493249, -0.00108479312621, 0.0021191900596, 0.000151219253894], [0.000425784935942, 0.000427381455665, -0.000906685483642, 0.00287458021194, -0.00132982234936, 0.00889661721885, -0.00286611611955, 0.00185501913074, 0.00031084191869, -0.0022460760083, 0.000224481613259, -0.00156910147052, 0.00255912053399], [0.000212005033973, 0.000588224560488, 0.000802154128905, -0.00102592527401, 0.00236547342502, -0.00286611611955, 0.00840118899941, -0.00130779191386, 0.00039691850543, -0.000616985431407, -0.000227854892728, -0.000320489401929, -0.00114474468865], [0.000302826636471, -0.00149271439295, 0.000490268866997, 0.000790451245848, 0.000782967545092, 0.00185501913074, -0.00130779191386, 0.00734843173996, -0.00106935319491, 0.00227471347898, -0.00161487492733, -0.00164758681785, -0.000607226567809], [-5.51748307771e-05, 0.00160487263929, -0.00109996204264, 0.000135659385705, -0.00253180507571, 0.00031084191869, 0.00039691850543, -0.00106935319491, 0.0106296483427, -0.00360368099064, 0.0031093719881, -0.00158529530745, -0.000629775400739], [2.03885269912e-06, -0.000449531769846, 0.000939458841458, 0.00150600285269, -0.00128990493249, -0.0022460760083, -0.000616985431407, 0.00227471347898, -0.00360368099064, 0.0139213260263, -0.00366472313181, 0.00427874317393, -0.00368079985492], [2.78744464595e-05, 0.000536683481187, -0.000111949630082, 0.00058656570036, -0.00108479312621, 0.000224481613259, -0.000227854892728, -0.00161487492733, 0.0031093719881, -0.00366472313181, 0.0142563031986, -0.00450694886968, 0.000394315575249], [-8.55933540151e-05, 0.000938383047469, -0.000475028005894, -0.000571997545194, 0.0021191900596, -0.00156910147052, -0.000320489401929, -0.00164758681785, -0.00158529530745, 0.00427874317393, -0.00450694886968, 0.015661245212, -0.00224910117686], [0.000253222417086, -0.000572019198444, -0.000681793142576, -0.000706819526386, 0.000151219253894, 0.00255912053399, -0.00114474468865, -0.000607226567809, -0.000629775400739, -0.00368079985492, 0.000394315575249, -0.00224910117686, 0.0152173833922]]
    },
    "spectral_contrast_coeffs": {
        "mean": [-0.564499437809, -0.703729689121, -0.743556380272, -0.787597954273, -0.785341203213, -0.821214199066]
    },
    "spectral_contrast_valleys": {
        "mean": [-7.616355896, -6.52450180054, -8.12638282776, -9.56366252899, -9.65433216095, -11.0581693649]
    }
},
"rhythm": {
    "beats_count": 274,
    "beats_loudness": {
        "mean": 0.0294542033225
    },
    "bpm": 80.4069671631,
    "bpm_histogram_first_peak_bpm": 82,
    "bpm_histogram_first_peak_weight": 0.364705920219,
    "bpm_histogram_second_peak_bpm": 73,
    "bpm_histogram_second_peak_spread": 0.46875,
    "bpm_histogram_second_peak_weight": 0.12454213202,
    "danceability": 0.93061453104,
    "onset_rate": 1.77190744877,
    "beats_loudness_band_ratio": {
        "mean": [0.242359265685, 0.424992501736, 0.375873237848, 0.0664995536208, 0.0163422953337, 0.0343681052327]
    },
    "beats_position": [0.452789098024, 0.917188167572, 1.369977355, 1.8111563921, 2.2523355484, 2.70512461662, 3.09986400604, 3.49460315704, 3.88934230804, 4.27247142792, 4.66721057892, 5.06195020676, 5.45668935776, 5.85142850876, 6.2229475975, 6.58285713196, 6.9543762207, 7.32589578629, 7.69741487503, 8.06893444061, 8.44045352936, 8.8119726181, 9.17188167572, 9.54340076447, 9.91492080688, 10.2864398956, 10.7043991089, 11.110748291, 11.4938774109, 11.8886165619, 12.2833557129, 12.6780948639, 13.0728340149, 13.4559631348, 13.8507022858, 14.2338323593, 14.6285715103, 15.0233106613, 15.4064397812, 15.8011789322, 16.1843090057, 16.5790481567, 16.9737873077, 17.3685264587, 17.786485672, 18.1928348541, 18.5991840363, 19.0171432495, 19.5279808044, 20.0272102356, 20.5264396667, 21.0721092224, 21.6061668396, 22.1518363953, 22.6975059509, 23.2431735992, 23.7888431549, 24.3461227417, 24.89179039, 25.4142398834, 25.9366893768, 26.470746994, 26.9931964874, 27.5156459808, 28.0264854431, 28.6069831848, 29.1874828339, 29.7679805756, 30.3484802246, 30.9289798737, 31.5443077087, 32.1596374512, 32.7633552551, 33.3670730591, 33.9824028015, 34.5977325439, 35.2130622864, 35.8283882141, 36.4437179565, 37.1751480103, 37.9065742493, 38.672832489, 39.4390907288, 40.1589126587, 40.8671188354, 41.5869369507, 42.3067550659, 43.0381851196, 43.7696151733, 44.5010414124, 45.1628112793, 45.8245811462, 46.4863471985, 47.1481170654, 47.8098869324, 48.4716529846, 49.2379112244, 49.9809532166, 50.7704315186, 51.5599098206, 52.3377761841, 53.1272544861, 53.9283447266, 54.7178230286, 55.4956893921, 56.2735595703, 57.0978660583, 57.9337844849, 58.7813148499, 59.6172332764, 60.4415397644, 61.1381378174, 61.8347396851, 62.5545578003, 63.2859840393, 64.0174102783, 64.7604522705, 65.5383224487, 66.316192627, 67.1172790527, 67.9183654785, 68.7078475952, 69.508934021, 70.2868041992, 71.0762786865, 71.8309249878, 72.5855789185, 73.3286132812, 74.060043335, 74.8030853271, 75.5577316284, 76.3239898682, 77.1018600464, 77.8565063477, 78.6111526489, 79.3541946411, 80.0972290039, 80.8286590576, 81.5484771729, 82.2450790405, 82.9416732788, 83.6963272095, 84.4625854492, 85.2172317505, 85.9834899902, 86.7265319824, 87.4695663452, 88.2126083374, 88.9556427002, 89.6290206909, 90.3023986816, 90.9061203003, 91.5098419189, 92.1019515991, 92.6127853394, 93.1352386475, 93.6925125122, 94.2614059448, 94.830291748, 95.3875732422, 95.9448471069, 96.5021286011, 96.9317016602, 97.3612670898, 97.802444458, 98.2320175171, 98.6615829468, 99.0795440674, 99.5091171265, 99.9386825562, 100.356643677, 100.774604797, 101.250610352, 101.726615906, 102.214241028, 102.701858521, 103.189476013, 103.677093506, 104.164710999, 104.640724182, 105.128341675, 105.615959167, 106.091972351, 106.556373596, 107.148475647, 107.740585327, 108.332695007, 108.936416626, 109.540130615, 110.271560669, 111.014602661, 111.746032715, 112.477455139, 113.301765442, 114.126075745, 114.961990356, 115.786300659, 116.610610962, 117.434921265, 118.259223938, 119.048706055, 119.861404419, 120.674102783, 121.486801147, 122.195007324, 122.90322113, 123.623039246, 124.342857361, 125.062675476, 125.770881653, 126.502311707, 127.23374176, 127.965164185, 128.696594238, 129.428024292, 130.147842407, 130.867660522, 131.575866699, 132.272476196, 132.980682373, 133.746932983, 134.501586914, 135.244628906, 135.999267578, 136.74230957, 137.485351562, 138.228393555, 138.971420288, 139.702850342, 140.445892334, 141.177322388, 141.908752441, 142.628570557, 143.36000061, 144.091430664, 144.834457397, 145.681991577, 146.529525757, 147.365432739, 148.20135498, 149.037277222, 149.861587524, 150.674285889, 151.486984253, 152.322906494, 153.147201538, 153.971511841, 154.795822144, 155.620132446, 156.444442749, 157.268753052, 158.093063354, 158.917373657, 159.741668701, 160.577590942, 161.413513184, 162.168167114, 162.911193848, 163.65423584, 164.397277832, 165.151931763, 165.918182373, 166.742492676, 167.578414917, 168.344665527, 169.122543335, 169.912017822, 170.70149231, 171.479354858, 172.257232666, 173.104751587, 173.963897705, 174.823028564, 175.682174683],
    "bpm_histogram": [0, 0, 0, 0, 0, 0, 0, 0, 0, 0, 0, 0, 0, 0, 0, 0, 0, 0, 0, 0, 0, 0, 0, 0, 0, 0, 0, 0, 0, 0, 0, 0, 0, 0, 0, 0, 0, 0, 0, 0, 0, 0, 0, 0, 0, 0, 0, 0, 0, 0, 0, 0, 0, 0, 0, 0, 0, 0, 0, 0, 0, 0, 0, 0, 0, 0, 0, 0, 0, 0, 0.0109890112653, 0.01465201471, 0.036630038172, 0.0695970728993, 0.018315019086, 0.01465201471, 0.0329670347273, 0.036630038172, 0.0329670347273, 0, 0.0402930416167, 0.0769230797887, 0.0805860832334, 0.0402930416167, 0, 0.0219780225307, 0.018315019086, 0, 0, 0.007326007355, 0, 0.0219780225307, 0, 0, 0, 0, 0, 0, 0.0256410259753, 0.0219780225307, 0, 0.01465201471, 0, 0.018315019086, 0, 0.007326007355, 0, 0, 0.018315019086, 0, 0.0219780225307, 0, 0.007326007355, 0, 0, 0.018315019086, 0, 0.0109890112653, 0, 0, 0.007326007355, 0, 0, 0.0256410259753, 0, 0, 0.01465201471, 0, 0, 0.007326007355, 0, 0, 0, 0.007326007355, 0, 0, 0.0109890112653, 0, 0, 0, 0.0219780225307, 0, 0, 0, 0.0219780225307, 0, 0, 0, 0.0109890112653, 0, 0, 0, 0.0659340694547, 0, 0, 0, 0, 0.0219780225307, 0, 0, 0, 0.036630038172, 0, 0, 0, 0, 0, 0.007326007355, 0, 0, 0, 0, 0, 0, 0, 0, 0, 0, 0, 0, 0, 0, 0, 0, 0, 0, 0, 0, 0, 0, 0, 0, 0, 0, 0, 0, 0, 0, 0, 0, 0, 0, 0, 0, 0, 0, 0, 0, 0, 0, 0, 0, 0, 0, 0, 0, 0, 0, 0, 0, 0, 0, 0, 0, 0, 0, 0, 0, 0, 0, 0, 0, 0, 0, 0, 0, 0, 0, 0, 0, 0, 0, 0, 0, 0, 0, 0, 0, 0, 0]
},
"tonal": {
    "chords_changes_rate": 0.034954007715,
    "chords_number_rate": 0.00183968467172,
    "chords_strength": {
        "mean": 0.608802258968
    },
    "hpcp_crest": {
        "mean": 15.0194664001
    },
    "hpcp_entropy": {
        "mean": 1.76418530941
    },
    "key_edma": {
        "strength": 0.709780573845,
        "key": "Ab",
        "scale": "major"
    },
    "key_krumhansl": {
        "strength": 0.710828661919,
        "key": "Eb",
        "scale": "major"
    },
    "key_temperley": {
        "strength": 0.717911243439,
        "key": "Eb",
        "scale": "major"
    },
    "tuning_diatonic_strength": 0.597997426987,
    "tuning_equal_tempered_deviation": 0.0265150927007,
    "tuning_frequency": 441.527557373,
    "tuning_nontempered_energy_ratio": 0.694548308849,
    "hpcp": {
        "mean": [0.0221805609763, 0.0326181724668, 0.167938321829, 0.306847006083, 0.188988611102, 0.0420370772481, 0.0238277725875, 0.0319079980254, 0.178084880114, 0.284894764423, 0.148574873805, 0.026059621945, 0.0119238514453, 0.0152380727232, 0.0662502869964, 0.113330997527, 0.0982225835323, 0.254110246897, 0.367797464132, 0.1812851578, 0.0373602956533, 0.0169151071459, 0.0208101328462, 0.0708941295743, 0.11661157757, 0.0815254822373, 0.0327338762581, 0.02228474617, 0.0510571226478, 0.300853669643, 0.442406773567, 0.257513523102, 0.174684748054, 0.15720461309, 0.0761383324862, 0.0300722625107]
    },
    "chords_histogram": [30.118265152, 4.02102518082, 1.3666228056, 0, 0, 0, 0.0788436233997, 0.10512483865, 2.94349551201, 0, 0, 0, 0, 0, 0.7095926404, 0, 0, 0, 0, 0, 0, 3.4428384304, 11.3009195328, 45.9132728577],
    "thpcp": [1, 0.58207410574, 0.394850969315, 0.35533952713, 0.172100290656, 0.0679742395878, 0.0501361228526, 0.0737289190292, 0.379601597786, 0.693585693836, 0.427182912827, 0.0950190648437, 0.0538594201207, 0.0721236616373, 0.402536511421, 0.643965661526, 0.335833191872, 0.0589042119682, 0.0269522350281, 0.0344435796142, 0.149749711156, 0.256169229746, 0.222018718719, 0.57438147068, 0.83135586977, 0.409770309925, 0.084447838366, 0.0382342860103, 0.0470384582877, 0.160246476531, 0.263584524393, 0.184277206659, 0.0739904493093, 0.0503716208041, 0.115407645702, 0.680038571358],
    "chords_key": "C",
    "chords_scale": "minor"
}
}