{
"metadata": {
    "version": {
        "essentia": "2.1-beta6-dev",
        "essentia_git_sha": "v2.1_beta5-1177-g1d1cc983",
        "extractor": "music 2.0"
    },
    "audio_properties": {
        "analysis": {
            "equal_loudness": 0,
            "length": 182.520004272,
            "sample_rate": 44100,
            "start_time": 0,
            "downmix": "mix"
        },
        "bit_rate": 1411200,
        "length": 182.520004272,
        "lossless": 1,
        "number_channels": 2,
        "replay_gain": -14.6040401459,
        "sample_rate": 44100,
        "codec": "pcm_s16le",
        "md5_encoded": "8c0434eccb9c269e8ed5e247a3698720"
    },
    "tags": {
        "file_name": "07 - Manchester Orchestra - All That I Really Wanted.wav",
        "album": ["Cope (Deluxe Version)"],
        "albumartist": ["Manchester Orchestra"],
        "artist": ["Manchester Orchestra"],
        "composer": ["Manchester Orchestra"],
        "copyright": ["℗ 2013 Seven Four Entertainment and Republic Records"],
        "date": ["2012"],
        "discnumber": ["1"],
        "disctotal": ["1"],
        "genre": ["Alternative & Indie"],
        "isrc": ["USUG11301017"],
        "title": ["All That I Really Wanted"],
        "tracknumber": ["7"],
        "tracktotal": ["13"]
    }
},
"lowlevel": {
    "average_loudness": 0.95911693573,
    "barkbands_crest": {
        "mean": 8.78813457489
    },
    "barkbands_flatness_db": {
        "mean": 0.146821141243
    },
    "barkbands_kurtosis": {
        "mean": 4.48775243759
    },
    "barkbands_skewness": {
        "mean": 1.49784040451
    },
    "barkbands_spread": {
        "mean": 21.2837753296
    },
    "dissonance": {
        "mean": 0.466408371925
    },
    "dynamic_complexity": 2.2614839077,
    "erbbands_crest": {
        "mean": 8.91585445404
    },
    "erbbands_flatness_db": {
        "mean": 0.165560275316
    },
    "erbbands_kurtosis": {
        "mean": 0.488963961601
    },
    "erbbands_skewness": {
        "mean": 0.0558666400611
    },
    "erbbands_spread": {
        "mean": 36.4252052307
    },
    "hfc": {
        "mean": 24.2048454285
    },
    "loudness_ebu128": {
        "integrated": -6.70534276962,
        "loudness_range": 3.48707723618,
        "momentary": {
            "mean": -7.70834207535
        },
        "short_term": {
            "mean": -7.0240521431
        }
    },
    "melbands_crest": {
        "mean": 13.4708909988
    },
    "melbands_flatness_db": {
        "mean": 0.219525903463
    },
    "melbands_kurtosis": {
        "mean": 13.4678573608
    },
    "melbands_skewness": {
        "mean": 2.59165358543
    },
    "melbands_spread": {
        "mean": 21.9638652802
    },
    "pitch_salience": {
        "mean": 0.542463600636
    },
    "silence_rate_20dB": {
        "mean": 1
    },
    "silence_rate_30dB": {
        "mean": 1
    },
    "silence_rate_60dB": {
        "mean": 0.0171712040901
    },
    "spectral_centroid": {
        "mean": 1251.83532715
    },
    "spectral_complexity": {
        "mean": 26.0146274567
    },
    "spectral_decrease": {
        "mean": -9.405258794e-09
    },
    "spectral_energy": {
        "mean": 0.0376930348575
    },
    "spectral_energyband_high": {
        "mean": 0.000447880243883
    },
    "spectral_energyband_low": {
        "mean": 0.0152953891084
    },
    "spectral_energyband_middle_high": {
        "mean": 0.00884501263499
    },
    "spectral_energyband_middle_low": {
        "mean": 0.0151900937781
    },
    "spectral_entropy": {
        "mean": 7.40854501724
    },
    "spectral_flux": {
        "mean": 0.0922961011529
    },
    "spectral_kurtosis": {
        "mean": 6.35472679138
    },
    "spectral_rms": {
        "mean": 0.0059102983214
    },
    "spectral_rolloff": {
        "mean": 1235.00219727
    },
    "spectral_skewness": {
        "mean": 1.6840031147
    },
    "spectral_spread": {
        "mean": 3589893.75
    },
    "spectral_strongpeak": {
        "mean": 1.01013815403
    },
    "zerocrossingrate": {
        "mean": 0.0473604239523
    },
    "barkbands": {
        "mean": [4.37068483734e-05, 0.00682227080688, 0.00661345291883, 0.00291870930232, 0.0044807898812, 0.00254357419908, 0.00163382093888, 0.00140747684054, 0.00171640631743, 0.00187193206511, 0.0010982126696, 0.00102324958425, 0.000691569584887, 0.000838741019834, 0.000528051808942, 0.000697548384778, 0.000954207906034, 0.000780174450483, 0.000439190858742, 0.000241213012487, 0.000144729914609, 9.39557066886e-05, 4.41529191448e-05, 4.34344401583e-05, 1.65445762832e-05, 4.89374906465e-06, 1.02861292817e-06]
    },
    "erbbands": {
        "mean": [0.0860202983022, 1.92007541656, 7.17406606674, 9.9072227478, 9.52107715607, 16.8073387146, 21.5851459503, 20.2069854736, 19.7629432678, 30.1796474457, 36.1769638062, 35.168006897, 58.6800041199, 49.3680458069, 34.0751228333, 40.4869003296, 33.8995475769, 38.6316947937, 32.178440094, 29.8877048492, 49.9325447083, 54.1335144043, 44.0814819336, 29.4922733307, 18.060962677, 11.0698413849, 7.36540079117, 4.51565217972, 3.72585844994, 1.84586536884, 1.31853830814, 1.08240652084, 0.586580097675, 0.249919906259, 0.0865186676383, 0.0294828563929, 0.00758195621893, 0.00141714548226, 0.000193618514459, 5.29113058292e-05]
    },
    "gfcc": {
        "mean": [10.8933992386, 117.247322083, -120.448150635, 36.8954620361, -44.7280082703, 7.74852085114, -34.4647216797, 8.19251060486, -19.7986965179, -8.41908359528, -14.0767059326, -2.41728043556, -11.9634609222],
        "cov": [[9539.86523438, -140.796478271, -1785.921875, 260.425445557, -568.555786133, -78.8823318481, -129.340209961, 83.8769683838, -187.864151001, 61.9975700378, -87.6954650879, 12.3667449951, -88.3088531494], [-140.796478271, 754.254333496, 50.0417938232, -109.772529602, 206.37789917, 2.55076670647, 57.7652244568, -29.4955749512, 77.8876647949, -121.639900208, 46.6814422607, -45.2695388794, 3.95638036728], [-1785.921875, 50.0417938232, 825.373352051, 48.5253257751, 112.109855652, 36.2410430908, -1.17187523842, 7.89175271988, 3.85735368729, 32.4377479553, -12.0453596115, -1.79050755501, 29.7598114014], [260.425445557, -109.772529602, 48.5253257751, 350.368164062, -34.4804573059, -87.2692642212, -62.9885482788, 27.253578186, 41.2367897034, 0.0720977187157, -5.68691205978, 3.5784137249, 32.4779663086], [-568.555786133, 206.37789917, 112.109855652, -34.4804573059, 273.479644775, 36.0387001038, 0.810819089413, 5.53487443924, 40.6980361938, -44.2054672241, 5.84035491943, 10.3607158661, 4.60463047028], [-78.8823318481, 2.55076670647, 36.2410430908, -87.2692642212, 36.0387001038, 192.856170654, 61.3200492859, -11.9449148178, 0.465228378773, -15.1938877106, -3.77480053902, -4.55344295502, -10.2859783173], [-129.340209961, 57.7652244568, -1.17187523842, -62.9885482788, 0.810819089413, 61.3200492859, 150.38508606, 20.6604785919, -14.4371442795, -2.06333184242, 13.717634201, -15.0137329102, -7.40732955933], [83.8769683838, -29.4955749512, 7.89175271988, 27.253578186, 5.53487443924, -11.9449148178, 20.6604785919, 97.4022903442, 37.6621017456, -1.87583327293, -8.10556125641, 3.74861288071, 2.74611949921], [-187.864151001, 77.8876647949, 3.85735368729, 41.2367897034, 40.6980361938, 0.465228378773, -14.4371442795, 37.6621017456, 116.557510376, -8.23546695709, -0.0833196043968, -4.45521306992, 4.32227897644], [61.9975700378, -121.639900208, 32.4377479553, 0.0720977187157, -44.2054672241, -15.1938877106, -2.06333184242, -1.87583327293, -8.23546695709, 107.831375122, 13.089381218, -3.88831543922, -7.12878274918], [-87.6954650879, 46.6814422607, -12.0453596115, -5.68691205978, 5.84035491943, -3.77480053902, 13.717634201, -8.10556125641, -0.0833196043968, 13.089381218, 62.2665786743, 13.7443771362, -2.50649213791], [12.3667449951, -45.2695388794, -1.79050755501, 3.5784137249, 10.3607158661, -4.55344295502, -15.0137329102, 3.74861288071, -4.45521306992, -3.88831543922, 13.7443771362, 71.9291915894, 24.8031902313], [-88.3088531494, 3.95638036728, 29.7598114014, 32.4779663086, 4.60463047028, -10.2859783173, -7.40732955933, 2.74611949921, 4.32227897644, -7.12878274918, -2.50649213791, 24.8031902313, 60.5862808228]],
        "icov": [[0.000557619729079, -0.00148806592915, 0.00137985975016, -0.00128937792033, 0.00103856960777, -0.00143534620292, 0.00127799389884, -0.00197972054593, 0.00248350878246, -0.00225903093815, 0.00220129755326, -0.00158818275668, 0.00114497868344], [-0.00148806592915, 0.00739731499925, -0.00397104583681, 0.00477236881852, -0.00436804490164, 0.00553763192147, -0.00478526344523, 0.00727970618755, -0.00920356344432, 0.00978994276375, -0.00911997724324, 0.00743555882946, -0.00451542856172], [0.00137985975016, -0.00397104583681, 0.00485689705238, -0.00361952162348, 0.00193766842131, -0.0040838951245, 0.00333183002658, -0.00523432716727, 0.00673950091004, -0.00675496598706, 0.00605446007103, -0.00386313884519, 0.00218552863225], [-0.00128937792033, 0.00477236881852, -0.00361952162348, 0.00729806162417, -0.00231690844521, 0.00518237333745, -0.00237515079789, 0.0046083657071, -0.00783006846905, 0.00711534405127, -0.00670975632966, 0.00558157265186, -0.00493544666097], [0.00103856960777, -0.00436804490164, 0.00193766842131, -0.00231690844521, 0.00742313312367, -0.00382067356259, 0.00329292053357, -0.00444980338216, 0.00404343707487, -0.0038635765668, 0.0047215167433, -0.00505144195631, 0.0030009848997], [-0.00143534620292, 0.00553763192147, -0.0040838951245, 0.00518237333745, -0.00382067356259, 0.0115649178624, -0.00688217347488, 0.00792773254216, -0.00896727107465, 0.00837833248079, -0.00581561820582, 0.00475722691044, -0.0027353442274], [0.00127799389884, -0.00478526344523, 0.00333183002658, -0.00237515079789, 0.00329292053357, -0.00688217347488, 0.0131289595738, -0.00930127315223, 0.00892510451376, -0.00625466834754, 0.00275344983675, -0.00166154629551, 0.00184141495265], [-0.00197972054593, 0.00727970618755, -0.00523432716727, 0.0046083657071, -0.00444980338216, 0.00792773254216, -0.00930127315223, 0.0219883490354, -0.0152359884232, 0.00995092559606, -0.00631684344262, 0.00466905348003, -0.00362491817214], [0.00248350878246, -0.00920356344432, 0.00673950091004, -0.00783006846905, 0.00404343707487, -0.00896727107465, 0.00892510451376, -0.0152359884232, 0.0245667342097, -0.0128634991124, 0.0106341699138, -0.00713895540684, 0.00515628885478], [-0.00225903093815, 0.00978994276375, -0.00675496598706, 0.00711534405127, -0.0038635765668, 0.00837833248079, -0.00625466834754, 0.00995092559606, -0.0128634991124, 0.0242045819759, -0.0152550004423, 0.0104684783146, -0.00507898908108], [0.00220129755326, -0.00911997724324, 0.00605446007103, -0.00670975632966, 0.0047215167433, -0.00581561820582, 0.00275344983675, -0.00631684344262, 0.0106341699138, -0.0152550004423, 0.0311701260507, -0.0148356640711, 0.00851321779191], [-0.00158818275668, 0.00743555882946, -0.00386313884519, 0.00558157265186, -0.00505144195631, 0.00475722691044, -0.00166154629551, 0.00466905348003, -0.00713895540684, 0.0104684783146, -0.0148356640711, 0.0262741800398, -0.0127471415326], [0.00114497868344, -0.00451542856172, 0.00218552863225, -0.00493544666097, 0.0030009848997, -0.0027353442274, 0.00184141495265, -0.00362491817214, 0.00515628885478, -0.00507898908108, 0.00851321779191, -0.0127471415326, 0.0243435204029]]
    },
    "melbands": {
        "mean": [0.00134492944926, 0.00342188659124, 0.00167819240596, 0.000878289807588, 0.000801735499408, 0.000462943775347, 0.00031120076892, 0.000329653150402, 0.00030590739334, 0.000215149353608, 0.000303632899886, 0.000212945014937, 0.000133145062136, 9.58496893873e-05, 0.00011494049977, 6.07098954788e-05, 7.46385048842e-05, 5.57747589482e-05, 4.07925108448e-05, 3.85758648918e-05, 6.19048732915e-05, 5.88146976952e-05, 4.64993245259e-05, 3.22117557516e-05, 2.32554848481e-05, 1.56123496708e-05, 1.03637194115e-05, 6.41285305392e-06, 4.95176163895e-06, 3.34893661602e-06, 2.29805914387e-06, 2.18580930778e-06, 1.6509679881e-06, 7.9829266042e-07, 7.80303309966e-07, 7.08527863935e-07, 6.19084232767e-07, 4.38847052919e-07, 2.91090088922e-07, 1.81428731594e-07]
    },
    "melbands128": {
        "mean": [3.95971364924e-05, 0.000326663110172, 0.00161150714848, 0.00377875729464, 0.00385925965384, 0.00318871461786, 0.0021360903047, 0.00125083117746, 0.000918760255445, 0.000693869194947, 0.00102023989893, 0.000991529785097, 0.000743521435652, 0.000592958531342, 0.000416313589085, 0.000448416103609, 0.000354108953616, 0.000224493836868, 0.000325108965626, 0.000384317099815, 0.000285859976429, 0.000332069612341, 0.00027647826937, 0.000350660266122, 0.000211135411519, 0.000152897933731, 0.000237090163864, 0.000288961135084, 0.000461546849692, 0.000155845089466, 0.000165382778505, 0.000220946429181, 0.000136876551551, 5.47071722394e-05, 0.000108665517473, 9.31310787564e-05, 9.36470605666e-05, 0.000171452891664, 8.07159522083e-05, 5.32901431143e-05, 5.45067996427e-05, 7.3876712122e-05, 7.49371320126e-05, 6.61132507958e-05, 9.14321426535e-05, 4.50458246632e-05, 2.96800917567e-05, 4.44856887043e-05, 4.37968192273e-05, 3.97654512199e-05, 2.468043931e-05, 4.8507914471e-05, 7.40672112443e-05, 5.89254232182e-05, 6.22838997515e-05, 6.56689371681e-05, 4.92056751682e-05, 3.94794296881e-05, 5.67456190765e-05, 3.98437987315e-05, 2.80294370896e-05, 2.77434755844e-05, 2.55607792496e-05, 2.06360182347e-05, 2.31049307331e-05, 1.56019268616e-05, 1.05947538032e-05, 1.18940370157e-05, 1.03535821836e-05, 8.74802208273e-06, 6.54577070236e-06, 5.01117801832e-06, 5.13117447554e-06, 5.43894930161e-06, 4.04222510042e-06, 3.46700221598e-06, 3.08427502205e-06, 2.64455547949e-06, 2.19001572077e-06, 1.82271571703e-06, 2.35690004047e-06, 2.16685498344e-06, 2.19149342229e-06, 1.7552282543e-06, 1.12971486033e-06, 6.44441115583e-07, 7.47465037421e-07, 9.32550904054e-07, 7.56282986458e-07, 7.21190701825e-07, 6.38548101506e-07, 6.86123030391e-07, 8.78624064171e-07, 6.05582670232e-07, 4.95808080814e-07, 4.53993521887e-07, 4.6384406005e-07, 3.57518729288e-07, 2.99316099017e-07, 2.48264768743e-07, 2.26874377063e-07, 1.63125420727e-07, 1.43346483128e-07, 1.02036970873e-07, 1.01097512584e-07, 7.39801038208e-08, 6.68515198754e-08, 6.12813977341e-08, 5.05890476177e-08, 3.67057992889e-08, 3.49753896955e-08, 2.72427236325e-08, 2.22361773439e-08, 1.7681829334e-08, 1.36674094264e-08, 1.17662164456e-08, 9.52695700107e-09, 8.41159497611e-09, 6.98896807094e-09, 5.41254996378e-09, 4.38624869759e-09, 3.27478710815e-09, 2.61398214185e-09, 1.97632976651e-09, 1.54141099884e-09, 1.21902254957e-09, 9.65147184395e-10, 6.7366390244e-10]
    },
    "mfcc": {
        "mean": [-628.870178223, 142.86555481, -9.36900234222, 31.8222179413, 11.0455656052, 3.68729352951, -0.434457868338, 11.5529298782, -0.975507497787, -1.58041596413, -0.487815916538, 0.742777466774, -4.65969514847],
        "cov": [[9466.36035156, -443.961883545, -1093.57263184, -48.8284568787, -642.394592285, -250.481933594, -132.077453613, -131.0521698, -140.137771606, 24.0338439941, -169.941558838, 51.4136238098, 15.1468753815], [-443.961883545, 978.744934082, -19.674955368, -87.5649261475, 153.969345093, 54.7962646484, 42.2321586609, 106.790809631, -16.9614810944, -1.55064940453, 59.3380279541, -50.029586792, -34.5024147034], [-1093.57263184, -19.674955368, 555.311767578, 98.0491027832, 76.5136413574, 38.6243782043, 31.4396800995, -26.7074069977, 53.7015609741, -19.4370803833, 11.0822315216, 30.2062454224, -1.69395911694], [-48.8284568787, -87.5649261475, 98.0491027832, 324.249572754, 69.325920105, -73.3757476807, -50.4845428467, -24.8423519135, 26.741027832, -20.0987949371, -3.77495622635, 19.68334198, 26.0527114868], [-642.394592285, 153.969345093, 76.5136413574, 69.325920105, 272.825286865, 34.3366889954, -49.2293777466, 55.5614585876, 30.2499370575, -29.5673465729, 34.4880981445, -25.6099452972, -12.8759975433], [-250.481933594, 54.7962646484, 38.6243782043, -73.3757476807, 34.3366889954, 136.012008667, 44.4678688049, 16.0732860565, 2.33389091492, 3.23835301399, 11.8666734695, -8.39782810211, -22.9811668396], [-132.077453613, 42.2321586609, 31.4396800995, -50.4845428467, -49.2293777466, 44.4678688049, 144.1275177, 10.6511230469, -6.77461862564, 16.0275001526, -8.11620330811, 8.60084342957, -9.64406394958], [-131.0521698, 106.790809631, -26.7074069977, -24.8423519135, 55.5614585876, 16.0732860565, 10.6511230469, 143.392715454, 34.0266532898, -15.7304811478, 24.0209503174, -10.2702951431, -14.6296415329], [-140.137771606, -16.9614810944, 53.7015609741, 26.741027832, 30.2499370575, 2.33389091492, -6.77461862564, 34.0266532898, 88.6095199585, 19.9125099182, -0.0719418823719, 2.22482085228, 9.32689094543], [24.0338439941, -1.55064940453, -19.4370803833, -20.0987949371, -29.5673465729, 3.23835301399, 16.0275001526, -15.7304811478, 19.9125099182, 97.3327255249, 12.8025779724, 0.0604414530098, 7.66708564758], [-169.941558838, 59.3380279541, 11.0822315216, -3.77495622635, 34.4880981445, 11.8666734695, -8.11620330811, 24.0209503174, -0.0719418823719, 12.8025779724, 79.5133972168, 15.8848981857, -5.52934646606], [51.4136238098, -50.029586792, 30.2062454224, 19.68334198, -25.6099452972, -8.39782810211, 8.60084342957, -10.2702951431, 2.22482085228, 0.0604414530098, 15.8848981857, 66.9248580933, 22.4509029388], [15.1468753815, -34.5024147034, -1.69395911694, 26.0527114868, -12.8759975433, -22.9811668396, -9.64406394958, -14.6296415329, 9.32689094543, 7.66708564758, -5.52934646606, 22.4509029388, 66.7788696289]],
        "icov": [[0.000172935033333, -1.31133310788e-05, 0.000312525808113, -9.94351867121e-05, 0.000337145786034, 2.23541373998e-05, 0.000209303558222, 2.56919101957e-05, -1.93993546418e-05, 2.18804652832e-05, 0.000264052854618, -0.000283710309304, 0.000226719566854], [-1.31133310788e-05, 0.00134871830232, -3.8855796447e-05, 0.000326103734551, -0.000801304762717, 0.000176751433173, -0.00060985685559, -0.000653895840514, 0.000677488395013, -0.000204352647415, -0.0007011591224, 0.000832058081869, -0.000162355616339], [0.000312525808113, -3.8855796447e-05, 0.00299382372759, -0.000745596247725, 2.51811597991e-05, -0.00055699958466, -0.000603805761784, 0.0014231876703, -0.00199032807723, 0.00105479930062, 2.5943950277e-06, -0.00141866726335, 0.000947667576838], [-9.94351867121e-05, 0.000326103734551, -0.000745596247725, 0.00463448744267, -0.00183877313975, 0.00261087925173, -1.26669988276e-06, 0.000906011497136, -0.00087686436018, 0.000563936366234, 1.28236060846e-05, -0.000718551571481, -0.000593321688939], [0.000337145786034, -0.000801304762717, 2.51811597991e-05, -0.00183877313975, 0.00706653995439, -0.00232898280956, 0.00271408213302, -0.00126029376406, -0.00114343280438, 0.0015139891766, -0.0014409350697, 0.0018722753739, 0.000141545606311], [2.23541373998e-05, 0.000176751433173, -0.00055699958466, 0.00261087925173, -0.00232898280956, 0.0108632100746, -0.00315784616396, 0.000676507246681, -0.000603473279625, 7.46437945054e-05, -0.000925991975237, 0.000154901863425, 0.00198203418404], [0.000209303558222, -0.00060985685559, -0.000603805761784, -1.26669988276e-06, 0.00271408213302, -0.00315784616396, 0.0101939504966, -0.00210410286672, 0.00173960532993, -0.00209108158015, 0.00286254612729, -0.00244807242416, 0.00112759543117], [2.56919101957e-05, -0.000653895840514, 0.0014231876703, 0.000906011497136, -0.00126029376406, 0.000676507246681, -0.00210410286672, 0.0111483931541, -0.00627486500889, 0.00382163957693, -0.00341840670444, 0.000720163108781, 0.00137970573269], [-1.93993546418e-05, 0.000677488395013, -0.00199032807723, -0.00087686436018, -0.00114343280438, -0.000603473279625, 0.00173960532993, -0.00627486500889, 0.0174018163234, -0.00601732870564, 0.00331531092525, -0.000661509577185, -0.00214825454168], [2.18804652832e-05, -0.000204352647415, 0.00105479930062, 0.000563936366234, 0.0015139891766, 7.46437945054e-05, -0.00209108158015, 0.00382163957693, -0.00601732870564, 0.0139859290794, -0.00480142096058, 0.00244064326398, -0.00143438880332], [0.000264052854618, -0.0007011591224, 2.5943950277e-06, 1.28236060846e-05, -0.0014409350697, -0.000925991975237, 0.00286254612729, -0.00341840670444, 0.00331531092525, -0.00480142096058, 0.0182587672025, -0.00767852086574, 0.0028224773705], [-0.000283710309304, 0.000832058081869, -0.00141866726335, -0.000718551571481, 0.0018722753739, 0.000154901863425, -0.00244807242416, 0.000720163108781, -0.000661509577185, 0.00244064326398, -0.00767852086574, 0.0220828391612, -0.00729068461806], [0.000226719566854, -0.000162355616339, 0.000947667576838, -0.000593321688939, 0.000141545606311, 0.00198203418404, 0.00112759543117, 0.00137970573269, -0.00214825454168, -0.00143438880332, 0.0028224773705, -0.00729068461806, 0.0194190386683]]
    },
    "spectral_contrast_coeffs": {
        "mean": [-0.706464886665, -0.770183742046, -0.769143998623, -0.794217467308, -0.770705997944, -0.760420978069]
    },
    "spectral_contrast_valleys": {
        "mean": [-6.12353897095, -6.39594268799, -7.07596874237, -7.31735038757, -7.4467587471, -10.4933052063]
    }
},
"rhythm": {
    "beats_count": 488,
    "beats_loudness": {
        "mean": 0.0412232503295
    },
    "bpm": 162.376998901,
    "bpm_histogram_first_peak_bpm": 161,
    "bpm_histogram_first_peak_weight": 0.248792290688,
    "bpm_histogram_second_peak_bpm": 167,
    "bpm_histogram_second_peak_spread": 0,
    "bpm_histogram_second_peak_weight": 0.129363447428,
    "danceability": 1.17481684685,
    "onset_rate": 2.4543633461,
    "beats_loudness_band_ratio": {
        "mean": [0.49165982008, 0.192633971572, 0.135025009513, 0.106514468789, 0.0877406522632, 0.024457519874]
    },
    "beats_position": [0.383129239082, 0.777868449688, 1.16099774837, 1.55573689938, 1.95047616959, 2.35682535172, 2.76317453384, 3.16952371597, 3.5758728981, 3.97061228752, 4.35374164581, 4.73687076569, 5.11999988556, 5.4915189743, 5.87464857101, 6.24616765976, 6.6176867485, 6.97759628296, 7.36072540283, 7.73224496841, 8.10376358032, 8.47528362274, 8.84680271149, 9.21832180023, 9.6014509201, 9.98458003998, 10.3560991287, 10.7392292023, 11.110748291, 11.4822673798, 11.8653964996, 12.2369155884, 12.6084346771, 12.9799547195, 13.3514738083, 13.722992897, 14.1061220169, 14.4892511368, 14.8607711792, 15.2322902679, 15.6038093567, 15.9637184143, 16.3352375031, 16.6951465607, 17.0666656494, 17.4381847382, 17.8097057343, 18.181224823, 18.5411338806, 18.9010429382, 19.272562027, 19.6324710846, 19.9923801422, 20.363899231, 20.7354183197, 21.1069393158, 21.4784584045, 21.8499774933, 22.2098865509, 22.5697956085, 22.9413146973, 23.312833786, 23.6843528748, 24.0442619324, 24.40417099, 24.7756919861, 25.1472110748, 25.5187301636, 25.8902492523, 26.2617683411, 26.6216773987, 26.9815864563, 27.353105545, 27.7246246338, 28.0961437225, 28.4560546875, 28.8159637451, 29.1874828339, 29.5590019226, 29.9305210114, 30.290430069, 30.6503391266, 31.0218582153, 31.3933773041, 31.7648983002, 32.1364173889, 32.5079345703, 32.8794555664, 33.2509727478, 33.6224937439, 33.99401474, 34.3539237976, 34.725440979, 35.0853500366, 35.4452590942, 35.8167800903, 36.1882972717, 36.5482063293, 36.9197273254, 37.2912483215, 37.6627655029, 38.034286499, 38.3941955566, 38.765712738, 39.1256217957, 39.4855308533, 39.8454399109, 40.216960907, 40.6000900269, 40.9716110229, 41.3315200806, 41.703037262, 42.0629463196, 42.4344673157, 42.8059844971, 43.1775054932, 43.5374145508, 43.9089317322, 44.2804527283, 44.6519737244, 45.0234909058, 45.3950119019, 45.7549209595, 46.1148300171, 46.4863471985, 46.8462562561, 47.229385376, 47.6125144958, 47.9956436157, 48.3671646118, 48.7386856079, 49.1102027893, 49.4817237854, 49.8532409668, 50.2363700867, 50.6078910828, 50.9794082642, 51.3509292603, 51.7340583801, 52.1055755615, 52.4887046814, 52.871837616, 53.2433547974, 53.6148757935, 53.9980049133, 54.3811340332, 54.7526512146, 55.1241722107, 55.4956893921, 55.8672103882, 56.2503395081, 56.6334686279, 57.0049858093, 57.3765068054, 57.7480278015, 58.1195449829, 58.491065979, 58.8625831604, 59.2341041565, 59.6172332764, 60.0003623962, 60.3834915161, 60.766620636, 61.1381378174, 61.5096588135, 61.8811798096, 62.252696991, 62.6242179871, 62.9957351685, 63.3672561646, 63.7387733459, 64.1102905273, 64.4934234619, 64.864944458, 65.2480697632, 65.6195907593, 65.9911117554, 66.3626327515, 66.7341461182, 67.1056671143, 67.4771881104, 67.8487091064, 68.2202224731, 68.5917434692, 68.9632644653, 69.3463897705, 69.7295227051, 70.1126480103, 70.4957809448, 70.8673019409, 71.238822937, 71.6103363037, 71.9818572998, 72.3533782959, 72.7365036011, 73.1196365356, 73.4911575317, 73.8626708984, 74.245803833, 74.6289291382, 75.0004501343, 75.3719711304, 75.7434921265, 76.1150131226, 76.4865264893, 76.8464355469, 77.2063446045, 77.5778656006, 77.9493865967, 78.3209075928, 78.6808166504, 79.040725708, 79.4122467041, 79.7721557617, 80.1320648193, 80.503578186, 80.8750991821, 81.2466201782, 81.6181411743, 81.9780502319, 82.3379592896, 82.7094802856, 83.0693893433, 83.4292984009, 83.8008117676, 84.1723327637, 84.5438537598, 84.9153747559, 85.2868881226, 85.6584091187, 86.0299301147, 86.4014511108, 86.7729721069, 87.1328811646, 87.5043945312, 87.8643035889, 88.235824585, 88.5957336426, 88.9556427002, 89.3271636963, 89.6986846924, 90.0702056885, 90.4301147461, 90.7900238037, 91.1615371704, 91.5330581665, 91.9045791626, 92.2761001587, 92.6476211548, 93.0191345215, 93.3790435791, 93.7389526367, 94.1104736328, 94.4819946289, 94.853515625, 95.2250289917, 95.5849380493, 95.9448471069, 96.316368103, 96.6878890991, 97.0594100952, 97.4309310913, 97.802444458, 98.1739654541, 98.5338745117, 98.9053955078, 99.2653045654, 99.6368255615, 99.9967346191, 100.368255615, 100.739768982, 101.111289978, 101.482810974, 101.842720032, 102.214241028, 102.585754395, 102.957275391, 103.328796387, 103.700317383, 104.06022644, 104.420135498, 104.791656494, 105.163169861, 105.534690857, 105.906211853, 106.266120911, 106.626029968, 106.997550964, 107.38067627, 107.752197266, 108.123718262, 108.495239258, 108.866752625, 109.249885559, 109.621406555, 109.992919922, 110.364440918, 110.735961914, 111.10748291, 111.479003906, 111.850517273, 112.222038269, 112.593559265, 112.965080261, 113.336593628, 113.708114624, 114.102851868, 114.485984802, 114.869110107, 115.240631104, 115.6121521, 115.983673096, 116.355194092, 116.738319397, 117.121452332, 117.492965698, 117.864486694, 118.247619629, 118.630744934, 119.00226593, 119.373786926, 119.745300293, 120.116821289, 120.488342285, 120.87147522, 121.254600525, 121.626121521, 122.009246826, 122.380767822, 122.752288818, 123.135414124, 123.50693512, 123.878456116, 124.249977112, 124.621498108, 125.004623413, 125.387756348, 125.759269714, 126.13079071, 126.502311707, 126.873832703, 127.245346069, 127.616867065, 128, 128.371520996, 128.743041992, 129.114562988, 129.497680664, 129.86920166, 130.240722656, 130.612243652, 130.995376587, 131.366897583, 131.750015259, 132.133148193, 132.516281128, 132.876190186, 133.236099243, 133.607620239, 133.979141235, 134.362258911, 134.733779907, 135.105300903, 135.488433838, 135.859954834, 136.243087769, 136.626205444, 136.99772644, 137.369247437, 137.740768433, 138.112289429, 138.483810425, 138.855331421, 139.226852417, 139.598358154, 139.96987915, 140.353012085, 140.724533081, 141.107666016, 141.479187012, 141.850692749, 142.222213745, 142.593734741, 142.965255737, 143.336776733, 143.708297729, 144.091430664, 144.46295166, 144.834457397, 145.205978394, 145.589111328, 145.960632324, 146.33215332, 146.703674316, 147.075195312, 147.458312988, 147.841445923, 148.212966919, 148.584487915, 148.956008911, 149.327529907, 149.699050903, 150.070556641, 150.442077637, 150.825210571, 151.208343506, 151.579864502, 151.951385498, 152.334503174, 152.70602417, 153.089157104, 153.472290039, 153.855422974, 154.238540649, 154.621673584, 154.99319458, 155.364715576, 155.736236572, 156.107757568, 156.479278564, 156.850784302, 157.222305298, 157.605438232, 157.976959229, 158.348480225, 158.731613159, 159.103118896, 159.474639893, 159.846160889, 160.217681885, 160.589202881, 160.960723877, 161.332244873, 161.703765869, 162.086883545, 162.458404541, 162.841537476, 163.213058472, 163.596191406, 163.979324341, 164.350830078, 164.722351074, 165.09387207, 165.465393066, 165.836914062, 166.220046997, 166.603164673, 166.974685669, 167.346206665, 167.7293396, 168.112472534, 168.48399353, 168.843902588, 169.203811646, 169.575332642, 169.946838379, 170.318359375, 170.689880371, 171.061401367, 171.432922363, 171.804443359, 172.187576294, 172.57069397, 172.942214966, 173.313735962, 173.696868896, 174.080001831, 174.451522827, 174.823028564, 175.194549561, 175.566070557, 175.937591553, 176.320724487, 176.703857422, 177.086975098, 177.470108032, 177.841629028, 178.236373901, 178.607894897, 178.991012573, 179.374145508, 179.757278442, 180.140411377, 180.523529053, 180.906661987, 181.289794922, 181.672927856, 182.056045532],
    "bpm_histogram": [0, 0, 0, 0, 0, 0, 0, 0, 0, 0, 0, 0, 0, 0, 0, 0, 0, 0, 0, 0, 0, 0, 0, 0, 0, 0, 0, 0, 0, 0, 0, 0, 0, 0, 0, 0, 0, 0, 0, 0, 0, 0, 0, 0, 0, 0, 0, 0, 0, 0, 0, 0, 0, 0, 0, 0, 0, 0, 0, 0, 0, 0, 0, 0, 0, 0, 0, 0, 0, 0, 0, 0, 0, 0, 0, 0, 0, 0, 0, 0, 0, 0, 0, 0, 0, 0, 0, 0, 0, 0, 0, 0, 0, 0, 0, 0, 0, 0, 0, 0, 0, 0, 0, 0, 0, 0, 0, 0, 0, 0, 0, 0, 0, 0, 0, 0, 0, 0, 0, 0, 0, 0, 0, 0, 0, 0, 0, 0, 0, 0, 0, 0, 0, 0, 0, 0, 0, 0, 0, 0, 0, 0, 0, 0, 0, 0, 0, 0, 0.00821355264634, 0, 0, 0, 0.0123203285038, 0, 0, 0, 0, 0.211498975754, 0, 0, 0, 0.570841908455, 0.0677618086338, 0, 0, 0, 0, 0.129363447428, 0, 0, 0, 0, 0, 0, 0, 0, 0, 0, 0, 0, 0, 0, 0, 0, 0, 0, 0, 0, 0, 0, 0, 0, 0, 0, 0, 0, 0, 0, 0, 0, 0, 0, 0, 0, 0, 0, 0, 0, 0, 0, 0, 0, 0, 0, 0, 0, 0, 0, 0, 0, 0, 0, 0, 0, 0, 0, 0, 0, 0, 0, 0, 0, 0, 0, 0, 0, 0, 0, 0, 0, 0, 0, 0, 0, 0, 0, 0, 0, 0, 0]
},
"tonal": {
    "chords_changes_rate": 0.0696846395731,
    "chords_number_rate": 0.00279755843803,
    "chords_strength": {
        "mean": 0.52120667696
    },
    "hpcp_crest": {
        "mean": 13.2474088669
    },
    "hpcp_entropy": {
        "mean": 2.05483293533
    },
    "key_edma": {
        "strength": 0.793839275837,
        "key": "B",
        "scale": "major"
    },
    "key_krumhansl": {
        "strength": 0.806081056595,
        "key": "B",
        "scale": "major"
    },
    "key_temperley": {
        "strength": 0.820839822292,
        "key": "B",
        "scale": "major"
    },
    "tuning_diatonic_strength": 0.613030076027,
    "tuning_equal_tempered_deviation": 0.0133510250598,
    "tuning_frequency": 440.508636475,
    "tuning_nontempered_energy_ratio": 0.706166446209,
    "hpcp": {
        "mean": [0.0354517921805, 0.0339660570025, 0.0729933679104, 0.115026161075, 0.113057643175, 0.208604112267, 0.313786178827, 0.207281127572, 0.0835859775543, 0.0573349036276, 0.0571631416678, 0.153830692172, 0.281714200974, 0.201157078147, 0.0766651108861, 0.0681181028485, 0.0672997906804, 0.129195973277, 0.187608152628, 0.142212569714, 0.145971566439, 0.215144172311, 0.17036806047, 0.103265456855, 0.0848166048527, 0.0749881193042, 0.170908659697, 0.287814855576, 0.210290268064, 0.107570938766, 0.0956879258156, 0.0712235420942, 0.115553483367, 0.17048573494, 0.114516064525, 0.0502179041505]
    },
    "chords_histogram": [32.1210594177, 1.04272639751, 18.8453712463, 0.228891149163, 1.85656154156, 0.940996944904, 0.254323512316, 0.228891149163, 3.43336725235, 2.79755854607, 0, 0, 0, 0.152594104409, 0.508647024632, 2.11088514328, 0.508647024632, 0.203458800912, 0, 1.47507631779, 0.178026452661, 17.7517795563, 12.3092575073, 3.05188202858],
    "thpcp": [1, 0.660580813885, 0.266378760338, 0.182719662786, 0.182172268629, 0.490240484476, 0.897790312767, 0.641064167023, 0.244322776794, 0.21708445251, 0.214476600289, 0.411732524633, 0.59788531065, 0.453214883804, 0.465194374323, 0.685639441013, 0.542943179607, 0.329094976187, 0.270300626755, 0.238978400826, 0.54466599226, 0.917232394218, 0.670170605183, 0.342816054821, 0.304946273565, 0.226981133223, 0.368255496025, 0.543318152428, 0.364949345589, 0.160038605332, 0.112980730832, 0.108245864511, 0.232621356845, 0.366574972868, 0.360301524401, 0.664797008038],
    "chords_key": "B",
    "chords_scale": "major"
}
}