{
"metadata": {
    "version": {
        "essentia": "2.1-beta6-dev",
        "essentia_git_sha": "v2.1_beta5-1177-g1d1cc983",
        "extractor": "music 2.0"
    },
    "audio_properties": {
        "analysis": {
            "equal_loudness": 0,
            "length": 434.359985352,
            "sample_rate": 44100,
            "start_time": 0,
            "downmix": "mix"
        },
        "bit_rate": 1411200,
        "length": 434.359985352,
        "lossless": 1,
        "number_channels": 2,
        "replay_gain": -11.6287555695,
        "sample_rate": 44100,
        "codec": "pcm_s16le",
        "md5_encoded": "36a7015423a5fa729e0b84ef45fe0e59"
    },
    "tags": {
        "file_name": "10 - Manchester Orchestra - Leaky Breaks.wav",
        "album": ["Simple Math"],
        "albumartist": ["Manchester Orchestra"],
        "artist": ["Manchester Orchestra"],
        "composer": ["Andy Hull"],
        "copyright": ["(P) 2011 Sony Music Entertainment"],
        "date": ["2011"],
        "discnumber": ["1"],
        "disctotal": ["1"],
        "genre": ["Alternative & Indie"],
        "isrc": ["USSM11101291"],
        "title": ["Leaky Breaks"],
        "tracknumber": ["10"],
        "tracktotal": ["10"]
    }
},
"lowlevel": {
    "average_loudness": 0.739990949631,
    "barkbands_crest": {
        "mean": 11.95819664
    },
    "barkbands_flatness_db": {
        "mean": 0.209703654051
    },
    "barkbands_kurtosis": {
        "mean": 13.1178588867
    },
    "barkbands_skewness": {
        "mean": 2.42281389236
    },
    "barkbands_spread": {
        "mean": 10.5256547928
    },
    "dissonance": {
        "mean": 0.440620005131
    },
    "dynamic_complexity": 4.73421478271,
    "erbbands_crest": {
        "mean": 9.9118642807
    },
    "erbbands_flatness_db": {
        "mean": 0.182399138808
    },
    "erbbands_kurtosis": {
        "mean": 2.43354344368
    },
    "erbbands_skewness": {
        "mean": 1.1279296875
    },
    "erbbands_spread": {
        "mean": 31.9538040161
    },
    "hfc": {
        "mean": 12.85197258
    },
    "loudness_ebu128": {
        "integrated": -11.0642356873,
        "loudness_range": 5.60730171204,
        "momentary": {
            "mean": -13.9100103378
        },
        "short_term": {
            "mean": -13.4361829758
        }
    },
    "melbands_crest": {
        "mean": 15.8761091232
    },
    "melbands_flatness_db": {
        "mean": 0.300282150507
    },
    "melbands_kurtosis": {
        "mean": 23.0887126923
    },
    "melbands_skewness": {
        "mean": 3.05744886398
    },
    "melbands_spread": {
        "mean": 9.97304534912
    },
    "pitch_salience": {
        "mean": 0.507687389851
    },
    "silence_rate_20dB": {
        "mean": 1
    },
    "silence_rate_30dB": {
        "mean": 0.947295248508
    },
    "silence_rate_60dB": {
        "mean": 0.0864336118102
    },
    "spectral_centroid": {
        "mean": 702.004211426
    },
    "spectral_complexity": {
        "mean": 12.5262985229
    },
    "spectral_decrease": {
        "mean": -1.01596384638e-08
    },
    "spectral_energy": {
        "mean": 0.0395103171468
    },
    "spectral_energyband_high": {
        "mean": 0.000380570680136
    },
    "spectral_energyband_low": {
        "mean": 0.0228698886931
    },
    "spectral_energyband_middle_high": {
        "mean": 0.00182888691779
    },
    "spectral_energyband_middle_low": {
        "mean": 0.0172876007855
    },
    "spectral_entropy": {
        "mean": 7.04884433746
    },
    "spectral_flux": {
        "mean": 0.0808635503054
    },
    "spectral_kurtosis": {
        "mean": 10.5354242325
    },
    "spectral_rms": {
        "mean": 0.00548602966592
    },
    "spectral_rolloff": {
        "mean": 674.414489746
    },
    "spectral_skewness": {
        "mean": 2.17862606049
    },
    "spectral_spread": {
        "mean": 3887104.5
    },
    "spectral_strongpeak": {
        "mean": 0.700780332088
    },
    "zerocrossingrate": {
        "mean": 0.0324439257383
    },
    "barkbands": {
        "mean": [0.000843695597723, 0.0127297323197, 0.00657116807997, 0.00466718059033, 0.00330571131781, 0.00349733955227, 0.00254629203118, 0.00189445458818, 0.00111499289051, 0.000578760285862, 0.000296038168017, 0.000279537955066, 0.000119929631182, 0.000116497642011, 0.000108957407065, 9.63285638136e-05, 8.71070442372e-05, 8.01409696578e-05, 0.000148392427946, 9.95718510239e-05, 7.85031370469e-05, 6.20416103629e-05, 5.57835883228e-05, 7.38689559512e-05, 4.96443644806e-05, 7.69468442741e-06, 9.48904812503e-07]
    },
    "erbbands": {
        "mean": [0.31279656291, 3.03685116768, 7.75397968292, 12.9105901718, 11.5895318985, 12.0373678207, 17.9807510376, 26.441740036, 44.6373100281, 36.1386642456, 38.3057937622, 21.923500061, 19.1988010406, 14.1492328644, 9.76794815063, 12.3488731384, 6.48230457306, 5.91280078888, 5.76293230057, 5.70253896713, 5.0985622406, 4.72320652008, 4.60814571381, 6.92023515701, 6.15626525879, 4.78787899017, 3.61266279221, 2.85379362106, 2.37059020996, 1.5734872818, 1.6969897747, 1.61437857151, 1.18182110786, 0.77670353651, 0.218897864223, 0.0516058951616, 0.0113812834024, 0.00200070138089, 0.00017555730301, 4.99663183291e-05]
    },
    "gfcc": {
        "mean": [-63.7483825684, 138.38734436, -94.105430603, 32.9970321655, -54.5427474976, -1.03785097599, -29.7412109375, 8.85572910309, -17.2058467865, -0.150483354926, -9.88266658783, -7.11768531799, -8.44364738464],
        "cov": [[17040.4394531, -1404.63623047, -885.724121094, 719.316589355, -981.140441895, 787.338623047, -715.246032715, 301.419799805, -510.653381348, 181.874954224, -232.54447937, 131.414047241, -203.437347412], [-1404.63623047, 2147.22558594, -125.621253967, -92.9399719238, 513.78704834, -419.593994141, 418.844207764, -271.552368164, 312.229980469, -118.738357544, 223.049728394, -91.7070770264, 206.16255188], [-885.724121094, -125.621253967, 999.945556641, -24.8883018494, 115.255348206, 110.88331604, -169.237136841, 107.705795288, -23.5885906219, -34.8563537598, -19.6392059326, 0.931293785572, -13.1247339249], [719.316589355, -92.9399719238, -24.8883018494, 470.031494141, 35.4350585938, 23.5019454956, 57.8430938721, -34.7698135376, 30.0330600739, 30.239074707, 51.0243339539, 3.34011697769, 63.7552871704], [-981.140441895, 513.78704834, 115.255348206, 35.4350585938, 391.309387207, -63.8277053833, 158.072967529, -52.1008796692, 104.927879333, -17.7183856964, 58.523727417, -11.0533151627, 55.8953819275], [787.338623047, -419.593994141, 110.88331604, 23.5019454956, -63.8277053833, 272.770446777, -74.4371261597, 108.139381409, -47.9852752686, 36.722694397, -27.536857605, 30.7366657257, -43.1537208557], [-715.246032715, 418.844207764, -169.237136841, 57.8430938721, 158.072967529, -74.4371261597, 335.153594971, -52.3488960266, 136.971008301, 40.3922309875, 86.5135421753, 1.69460844994, 62.2971420288], [301.419799805, -271.552368164, 107.705795288, -34.7698135376, -52.1008796692, 108.139381409, -52.3488960266, 184.369171143, -9.91330337524, 50.2448997498, -17.2517185211, 22.109254837, -35.3756790161], [-510.653381348, 312.229980469, -23.5885906219, 30.0330600739, 104.927879333, -47.9852752686, 136.971008301, -9.91330337524, 165.488616943, 34.2890625, 73.0887069702, -6.80640792847, 49.0155601501], [181.874954224, -118.738357544, -34.8563537598, 30.239074707, -17.7183856964, 36.722694397, 40.3922309875, 50.2448997498, 34.2890625, 129.002090454, 35.8340339661, 35.8605918884, 3.82235312462], [-232.54447937, 223.049728394, -19.6392059326, 51.0243339539, 58.523727417, -27.536857605, 86.5135421753, -17.2517185211, 73.0887069702, 35.8340339661, 124.733444214, 22.1750526428, 54.0955543518], [131.414047241, -91.7070770264, 0.931293785572, 3.34011697769, -11.0533151627, 30.7366657257, 1.69460844994, 22.109254837, -6.80640792847, 35.8605918884, 22.1750526428, 72.4554748535, 13.8509302139], [-203.437347412, 206.16255188, -13.1247339249, 63.7552871704, 55.8953819275, -43.1537208557, 62.2971420288, -35.3756790161, 49.0155601501, 3.82235312462, 54.0955543518, 13.8509302139, 96.1485977173]],
        "icov": [[0.000134989139042, -0.000287201110041, 0.000170403189259, -0.000373616872821, 0.000290928437607, -0.000451336993137, 0.00032103311969, -0.000170351500856, 0.000289654970402, -0.000276227801805, 0.0003114939027, -0.000294199795462, 0.000260503671598], [-0.000287201110041, 0.0023378143087, -0.000290001800749, 0.00162100582384, -0.00172149098944, 0.00198423583061, -0.00115120445844, 0.000979417702183, -0.0016449179966, 0.0018479070859, -0.00232727709226, 0.00205006427132, -0.00195814576], [0.000170403189259, -0.000290001800749, 0.00161357515026, -0.000425001198892, -0.00052875536494, -0.000869091716595, 0.00141646433622, -0.000949056411628, 0.00014120216656, 0.000119062206068, 0.000118820607895, -0.000219173030928, 2.28274639085e-05], [-0.000373616872821, 0.00162100582384, -0.000425001198892, 0.00395917147398, -0.00135250086896, 0.000980388373137, -0.00123796355911, 0.00138555525336, -0.000921935832594, 0.000611844006926, -0.00207787170075, 0.00238299532793, -0.00313997804187], [0.000290928437607, -0.00172149098944, -0.00052875536494, -0.00135250086896, 0.0053840293549, -0.0014645823976, -0.000726671831217, -0.00010169527377, 4.90707570862e-05, -0.000447943224572, 0.00165562855545, -0.00163244723808, 0.00107401667628], [-0.000451336993137, 0.00198423583061, -0.000869091716595, 0.000980388373137, -0.0014645823976, 0.00768693303689, -0.0012440654682, -0.00151055876631, -0.000774075742811, 0.00123911362607, -0.00177742121741, 0.000180185306817, -0.000107098356239], [0.00032103311969, -0.00115120445844, 0.00141646433622, -0.00123796355911, -0.000726671831217, -0.0012440654682, 0.00698248110712, -6.20947248535e-05, -0.00204236549325, -0.00199278118089, 0.000320615741657, -0.00114322896115, 0.000583729706705], [-0.000170351500856, 0.000979417702183, -0.000949056411628, 0.00138555525336, -0.00010169527377, -0.00151055876631, -6.20947248535e-05, 0.0093487855047, -0.00224390137009, -0.00203040731139, -0.000111371620733, -2.37250824284e-05, 0.000642949249595], [0.000289654970402, -0.0016449179966, 0.00014120216656, -0.000921935832594, 4.90707570862e-05, -0.000774075742811, -0.00204236549325, -0.00224390137009, 0.0136272422969, -0.00359962438233, -0.00212624995038, 0.00241746404208, -0.00106362171937], [-0.000276227801805, 0.0018479070859, 0.000119062206068, 0.000611844006926, -0.000447943224572, 0.00123911362607, -0.00199278118089, -0.00203040731139, -0.00359962438233, 0.013605505228, -0.00386488391086, -0.00307089090347, 0.000335503660608], [0.0003114939027, -0.00232727709226, 0.000118820607895, -0.00207787170075, 0.00165562855545, -0.00177742121741, 0.000320615741657, -0.000111371620733, -0.00212624995038, -0.00386488391086, 0.0164909679443, -0.0052881622687, -0.00224450253882], [-0.000294199795462, 0.00205006427132, -0.000219173030928, 0.00238299532793, -0.00163244723808, 0.000180185306817, -0.00114322896115, -2.37250824284e-05, 0.00241746404208, -0.00307089090347, -0.0052881622687, 0.0210503209382, -0.0060339528136], [0.000260503671598, -0.00195814576, 2.28274639085e-05, -0.00313997804187, 0.00107401667628, -0.000107098356239, 0.000583729706705, 0.000642949249595, -0.00106362171937, 0.000335503660608, -0.00224450253882, -0.0060339528136, 0.0190824754536]]
    },
    "melbands": {
        "mean": [0.00326570146717, 0.00408707093447, 0.00215498451144, 0.000809326535091, 0.000587487360463, 0.000675029703416, 0.00063010683516, 0.000394307397073, 0.000320334074786, 0.000124220488942, 9.46523796301e-05, 5.77225364395e-05, 3.3530552173e-05, 3.0185423384e-05, 2.6640977012e-05, 1.00656479844e-05, 1.14019876492e-05, 9.1313950179e-06, 8.22328092909e-06, 7.72638668423e-06, 5.55499127586e-06, 5.0952944548e-06, 4.39448967882e-06, 3.55042743649e-06, 5.90294530411e-06, 5.46632509213e-06, 3.40997394233e-06, 3.11091366711e-06, 2.29158831644e-06, 1.96756172954e-06, 1.54477959313e-06, 1.41920622809e-06, 1.02760861864e-06, 8.02242198006e-07, 9.56945541475e-07, 1.01235070815e-06, 9.70877863438e-07, 8.01260114258e-07, 8.36381445879e-07, 5.89381954796e-07]
    },
    "melbands128": {
        "mean": [0.000704275502358, 0.00214638304897, 0.00444036722183, 0.00523941684514, 0.00433481298387, 0.00302711850964, 0.00281016295776, 0.00202657282352, 0.000995242036879, 0.00078392092837, 0.000667216896545, 0.000465812801849, 0.000640572165139, 0.000681225734297, 0.00035341954208, 0.000864660018124, 0.00109458784573, 0.0004217485548, 0.000325511151459, 0.00039493010263, 0.00048652215628, 0.00021558869048, 0.000378686236218, 0.000332369992975, 8.71228621691e-05, 8.0204968981e-05, 7.61704504839e-05, 0.000120193486509, 8.58156199683e-05, 5.32333870069e-05, 5.7620494772e-05, 4.59795846837e-05, 2.48218439083e-05, 3.61546262866e-05, 1.79472735908e-05, 3.4290154872e-05, 3.85885068681e-05, 3.26267290802e-05, 1.38744353535e-05, 1.08194399218e-05, 1.05624803837e-05, 6.60362047711e-06, 1.10373721327e-05, 1.54680528794e-05, 8.59675492393e-06, 8.156090189e-06, 9.01510065887e-06, 9.51058427745e-06, 6.73356862535e-06, 7.01838007444e-06, 9.23606876313e-06, 7.17847433407e-06, 4.71546854897e-06, 5.19119566889e-06, 6.43879548079e-06, 4.94297637488e-06, 4.21658796768e-06, 4.01291163143e-06, 4.64398544864e-06, 4.96239772474e-06, 2.68919598057e-06, 2.79535424852e-06, 5.72308954361e-06, 6.6814272941e-06, 6.62610727886e-06, 6.26080100119e-06, 4.20285277869e-06, 3.27156203639e-06, 3.28884539158e-06, 3.45948046743e-06, 3.24418442688e-06, 2.93881885227e-06, 2.52353584074e-06, 2.07629705073e-06, 2.10989037441e-06, 2.19316279981e-06, 1.7899217255e-06, 1.63675485965e-06, 1.48712592818e-06, 1.48902154251e-06, 1.47876755818e-06, 1.39606356697e-06, 1.24946154756e-06, 9.72685938905e-07, 8.76998910826e-07, 8.05293609574e-07, 7.41167298202e-07, 8.45409999783e-07, 1.00316037788e-06, 1.00642057532e-06, 1.00713657503e-06, 9.85382712315e-07, 1.06983293335e-06, 1.03997831502e-06, 8.65232209435e-07, 8.01739417966e-07, 7.81938865657e-07, 7.98548569492e-07, 8.63235470661e-07, 8.56051428855e-07, 7.60874115713e-07, 5.47655929495e-07, 3.85894793453e-07, 2.97760323065e-07, 2.34841166957e-07, 1.71283176087e-07, 1.25774192838e-07, 9.95805464754e-08, 8.33053093174e-08, 6.24541769412e-08, 4.92926943707e-08, 3.70904480462e-08, 3.32653264934e-08, 2.77000609117e-08, 2.03344310279e-08, 1.72380847374e-08, 1.43118334961e-08, 9.97339988373e-09, 6.48336184739e-09, 4.41371517113e-09, 2.81862844176e-09, 1.79790304866e-09, 1.06982522841e-09, 6.96921187426e-10, 4.64791427568e-10, 3.23220339382e-10, 1.5344846227e-10, 4.5302473578e-11]
    },
    "mfcc": {
        "mean": [-711.057861328, 164.915176392, 17.0569324493, 36.0405693054, 2.23823475838, -2.53626465797, 0.114925183356, 1.33849918842, 1.03778982162, 2.37295198441, 3.57817625999, -1.89402556419, 1.27116882801],
        "cov": [[15401.0234375, -1529.82946777, -494.344909668, -79.986579895, -326.355499268, 100.474090576, -12.7760038376, -99.2502212524, -90.9673309326, -123.285667419, -83.9347915649, -26.2673397064, -24.2366542816], [-1529.82946777, 2121.67822266, -260.556518555, 280.440856934, 53.0580596924, 46.6160240173, -1.02298998833, 34.0727043152, 21.576379776, 23.3883419037, 90.2085952759, -51.825252533, 21.885061264], [-494.344909668, -260.556518555, 781.155639648, -104.992477417, 245.477661133, -62.5100822449, 0.370746523142, 30.8771057129, -33.4376220703, 41.368522644, -76.8687820435, 36.3548583984, -41.4170379639], [-79.986579895, 280.440856934, -104.992477417, 494.623443604, 8.27827835083, 120.78225708, 35.2174568176, -18.9298343658, 38.5615921021, 1.82856750488, 39.8421897888, 2.06671071053, 27.8872737885], [-326.355499268, 53.0580596924, 245.477661133, 8.27827835083, 308.911071777, 1.36397194862, 15.3662099838, 38.246925354, -16.108127594, 30.7995910645, -36.7674255371, 4.22727394104, -39.1290359497], [100.474090576, 46.6160240173, -62.5100822449, 120.78225708, 1.36397194862, 185.484558105, 47.6450042725, 19.005317688, 20.0387496948, 22.6153488159, 22.4698314667, 6.7102189064, 21.2539653778], [-12.7760038376, -1.02298998833, 0.370746523142, 35.2174568176, 15.3662099838, 47.6450042725, 111.865570068, 33.5268630981, 21.4740009308, 18.1116352081, 22.1243953705, 16.4948406219, 18.0964584351], [-99.2502212524, 34.0727043152, 30.8771057129, -18.9298343658, 38.246925354, 19.005317688, 33.5268630981, 100.21521759, 21.652381897, 27.0524120331, 9.42098426819, 10.7064323425, -0.437844663858], [-90.9673309326, 21.576379776, -33.4376220703, 38.5615921021, -16.108127594, 20.0387496948, 21.4740009308, 21.652381897, 96.1252670288, 34.502368927, 33.374546051, 18.3609008789, 23.1991252899], [-123.285667419, 23.3883419037, 41.368522644, 1.82856750488, 30.7995910645, 22.6153488159, 18.1116352081, 27.0524120331, 34.502368927, 94.2680511475, 31.838684082, 22.6778888702, 12.6192398071], [-83.9347915649, 90.2085952759, -76.8687820435, 39.8421897888, -36.7674255371, 22.4698314667, 22.1243953705, 9.42098426819, 33.374546051, 31.838684082, 97.645111084, 35.5394630432, 41.3677864075], [-26.2673397064, -51.825252533, 36.3548583984, 2.06671071053, 4.22727394104, 6.7102189064, 16.4948406219, 10.7064323425, 18.3609008789, 22.6778888702, 35.5394630432, 79.3506164551, 44.3635368347], [-24.2366542816, 21.885061264, -41.4170379639, 27.8872737885, -39.1290359497, 21.2539653778, 18.0964584351, -0.437844663858, 23.1991252899, 12.6192398071, 41.3677864075, 44.3635368347, 90.0261230469]],
        "icov": [[7.45299548726e-05, 5.84148219787e-05, 6.14987511653e-05, -7.44115823181e-06, 3.16949626722e-05, -4.80759445054e-05, -3.13824557452e-06, 1.07514679257e-05, 6.98315052432e-05, 1.34345391416e-05, 5.17659973411e-05, -2.36927262449e-05, 3.02816060866e-05], [5.84148219787e-05, 0.000637033313978, 0.000228609147598, -0.000317232654197, -0.000284810259473, 0.000134062647703, 0.000214060826693, -0.000327668269165, 0.000230352961808, -8.80233346834e-05, -0.000583054032177, 0.00072859285865, -0.000273899291642], [6.14987511653e-05, 0.000228609147598, 0.00216766982339, 7.60469047236e-05, -0.00134045130108, 0.000541130430065, -0.00011513454956, -5.2413528465e-05, 0.000463161151856, -0.000944000552408, 0.00146419112571, -0.0014234057162, 0.00028878916055], [-7.44115823181e-06, -0.000317232654197, 7.60469047236e-05, 0.00283412309363, -0.000432646978879, -0.00169165688567, -0.000305969384499, 0.00126005802304, -0.00107397616375, 0.000788114208262, -0.000493444502354, 5.41493354831e-05, -0.000122515950352], [3.16949626722e-05, -0.000284810259473, -0.00134045130108, -0.000432646978879, 0.00513178901747, -0.000172420084709, -0.0005096605164, -0.00114516261965, 0.000807164120488, -0.00125147111248, 0.00133668468334, -0.00098305568099, 0.00180081685539], [-4.80759445054e-05, 0.000134062647703, 0.000541130430065, -0.00169165688567, -0.000172420084709, 0.00753448810428, -0.00218251277693, -0.00097734935116, 0.000517114473041, -0.00165985396598, 0.000323398387991, 0.000620885228273, -0.00104748993181], [-3.13824557452e-06, 0.000214060826693, -0.00011513454956, -0.000305969384499, -0.0005096605164, -0.00218251277693, 0.0115729011595, -0.00313175260089, -0.000781397800893, 0.000346354150679, -0.00146957417019, -0.000198513225769, -0.00113295007031], [1.07514679257e-05, -0.000327668269165, -5.2413528465e-05, 0.00126005802304, -0.00114516261965, -0.00097734935116, -0.00313175260089, 0.0130457086489, -0.00226421421394, -0.00157794950064, 8.03560396889e-05, -0.0010044638766, 0.00135680637322], [6.98315052432e-05, 0.000230352961808, 0.000463161151856, -0.00107397616375, 0.000807164120488, 0.000517114473041, -0.000781397800893, -0.00226421421394, 0.0141252288595, -0.0041256393306, -0.0015986711951, -0.000270053162239, -0.00131062301807], [1.34345391416e-05, -8.80233346834e-05, -0.000944000552408, 0.000788114208262, -0.00125147111248, -0.00165985396598, 0.000346354150679, -0.00157794950064, -0.0041256393306, 0.0154410274699, -0.00447358284146, -0.00108745554462, 0.000607486697845], [5.17659973411e-05, -0.000583054032177, 0.00146419112571, -0.000493444502354, 0.00133668468334, 0.000323398387991, -0.00146957417019, 8.03560396889e-05, -0.0015986711951, -0.00447358284146, 0.0181887280196, -0.00583612918854, -0.00266031711362], [-2.36927262449e-05, 0.00072859285865, -0.0014234057162, 5.41493354831e-05, -0.00098305568099, 0.000620885228273, -0.000198513225769, -0.0010044638766, -0.000270053162239, -0.00108745554462, -0.00583612918854, 0.0221406593919, -0.00940077006817], [3.02816060866e-05, -0.000273899291642, 0.00028878916055, -0.000122515950352, 0.00180081685539, -0.00104748993181, -0.00113295007031, 0.00135680637322, -0.00131062301807, 0.000607486697845, -0.00266031711362, -0.00940077006817, 0.018725361675]]
    },
    "spectral_contrast_coeffs": {
        "mean": [-0.703764557838, -0.727743566036, -0.778650164604, -0.827876210213, -0.809778511524, -0.774827837944]
    },
    "spectral_contrast_valleys": {
        "mean": [-6.50688457489, -6.7959394455, -7.90508508682, -8.35208320618, -8.36772823334, -11.3619279861]
    }
},
"rhythm": {
    "beats_count": 708,
    "beats_loudness": {
        "mean": 0.0647763758898
    },
    "bpm": 98.0138168335,
    "bpm_histogram_first_peak_bpm": 98,
    "bpm_histogram_first_peak_weight": 0.0843023657799,
    "bpm_histogram_second_peak_bpm": 110,
    "bpm_histogram_second_peak_spread": 0.5,
    "bpm_histogram_second_peak_weight": 0.005657708738,
    "danceability": 1.12411856651,
    "onset_rate": 2.71654248238,
    "beats_loudness_band_ratio": {
        "mean": [0.701910316944, 0.15743046999, 0.11895365268, 0.0304724127054, 0.0128750251606, 0.0171957947314]
    },
    "beats_position": [0.650158703327, 1.3235373497, 1.98530614376, 2.6470746994, 3.27401351929, 3.90095233917, 4.5046710968, 5.10838985443, 5.72371864319, 6.33904743195, 6.94276618958, 7.5464849472, 8.15020370483, 8.75392246246, 9.38086128235, 10.0078001022, 10.623128891, 11.2384576797, 11.8421764374, 12.445895195, 13.0612239838, 13.6765527725, 14.2918815613, 14.90721035, 15.5225391388, 16.1378688812, 16.7415866852, 17.3453063965, 17.9490242004, 18.5643539429, 19.179681778, 19.7950115204, 20.3987293243, 21.0140590668, 21.6293869019, 22.2447166443, 22.8600444794, 23.4753742218, 24.0907020569, 24.7060317993, 25.3213596344, 25.9366893768, 26.5404071808, 27.1441268921, 27.7594547272, 28.3747844696, 28.9901123047, 29.6054420471, 30.2091598511, 30.8244895935, 31.4398174286, 32.0435371399, 32.6588668823, 33.2741928101, 33.8779144287, 34.4932403564, 35.1085700989, 35.7355079651, 36.3392295837, 36.9429473877, 37.5466651917, 38.1619949341, 38.7773246765, 39.3810424805, 39.9847602844, 40.6116981506, 41.2270278931, 41.8423576355, 42.4460754395, 43.0497932434, 43.6651229858, 44.2804527283, 44.9073905945, 45.5227203369, 46.1380500793, 46.7417678833, 47.3454856873, 47.9608154297, 48.5761451721, 49.1798629761, 49.7951927185, 50.4105224609, 51.0142402649, 51.6179580688, 52.2448959351, 52.871837616, 53.4755554199, 54.0792732239, 54.6829910278, 55.2867126465, 55.9136505127, 56.5405883789, 57.1443061829, 57.7596359253, 58.3865737915, 59.0019035339, 59.6172332764, 60.2325630188, 60.8478889465, 61.4283905029, 62.0204963684, 62.5545578003, 63.0886154175, 63.6342849731, 64.1799545288, 64.7256240845, 65.2712936401, 65.8053512573, 66.3394088745, 66.9547348022, 67.5584564209, 68.1621780396, 68.7775039673, 69.392829895, 70.0081634521, 70.6118774414, 71.2272109985, 71.8425369263, 72.4578704834, 73.0731964111, 73.6769180298, 74.2922439575, 74.9075698853, 75.5112915039, 76.1150131226, 76.7187271118, 77.3340606689, 77.9377746582, 78.5531082153, 79.1684341431, 79.7837600708, 80.3990936279, 81.0144195557, 81.6181411743, 82.2218551636, 82.8371887207, 83.4525146484, 84.0678405762, 84.6947860718, 85.3101119995, 85.9138336182, 86.5175476074, 87.1328811646, 87.7482070923, 88.3519287109, 88.9672546387, 89.5941925049, 90.2095184326, 90.8132400513, 91.4169616699, 92.0206756592, 92.6243972778, 93.2281188965, 93.8550567627, 94.4703826904, 95.0857162476, 95.7010421753, 96.316368103, 96.9317016602, 97.5470275879, 98.1507492065, 98.7776870728, 99.3930130005, 100.008346558, 100.612060547, 101.215782166, 101.819496155, 102.434829712, 103.05015564, 103.665489197, 104.280815125, 104.896141052, 105.499862671, 106.115188599, 106.730522156, 107.345848083, 107.949569702, 108.553283691, 109.15700531, 109.772331238, 110.387664795, 111.002990723, 111.61831665, 112.222038269, 112.837364197, 113.452697754, 114.056411743, 114.6717453, 115.287071228, 115.902404785, 116.517730713, 117.133056641, 117.748390198, 118.352104187, 118.955825806, 119.571151733, 120.186485291, 120.801811218, 121.417137146, 122.032470703, 122.636184692, 123.25151825, 123.878456116, 124.493782043, 125.109115601, 125.71282959, 126.328163147, 126.943489075, 127.547210693, 128.162536621, 128.777862549, 129.393188477, 130.008529663, 130.612243652, 131.215957642, 131.831283569, 132.446624756, 133.073562622, 133.677276611, 134.292602539, 134.896316528, 135.511657715, 136.115371704, 136.730697632, 137.322814941, 137.938140869, 138.553466797, 139.157180786, 139.772521973, 140.3878479, 141.003173828, 141.618499756, 142.222213745, 142.837554932, 143.452880859, 144.056594849, 144.660308838, 145.264038086, 145.879364014, 146.50630188, 147.121627808, 147.748565674, 148.363891602, 148.979232788, 149.582946777, 150.186660767, 150.801986694, 151.417327881, 152.02104187, 152.636367798, 153.251693726, 153.867019653, 154.48236084, 155.086074829, 155.701400757, 156.316726685, 156.932067871, 157.547393799, 158.151107788, 158.754821777, 159.358551025, 159.962265015, 160.577590942, 161.19291687, 161.796646118, 162.423583984, 163.050521851, 163.65423584, 164.257949829, 164.861679077, 165.477005005, 166.092330933, 166.696044922, 167.311386108, 167.915100098, 168.518814087, 169.134140015, 169.749481201, 170.376419067, 170.991744995, 171.607070923, 172.222396851, 172.837722778, 173.453063965, 174.056777954, 174.660491943, 175.28742981, 175.891159058, 176.494873047, 177.110198975, 177.725524902, 178.32925415, 178.93296814, 179.548294067, 180.163619995, 180.790557861, 181.405899048, 182.021224976, 182.624938965, 183.228652954, 183.832382202, 184.436096191, 185.051422119, 185.666748047, 186.282089233, 186.897415161, 187.512741089, 188.128067017, 188.731781006, 189.347122192, 189.96244812, 190.577774048, 191.181488037, 191.796829224, 192.400543213, 193.015869141, 193.61958313, 194.234924316, 194.850250244, 195.465576172, 196.0809021, 196.696228027, 197.323165894, 197.93850708, 198.542221069, 199.145935059, 199.761260986, 200.376602173, 200.980316162, 201.59564209, 202.199356079, 202.791473389, 203.383575439, 203.998901367, 204.614242554, 205.229568481, 205.844894409, 206.564712524, 207.272918701, 207.981124878, 208.677734375, 209.374328613, 210.012878418, 210.651428223, 211.313186646, 211.963348389, 212.601898193, 213.22883606, 213.855773926, 214.459503174, 215.063217163, 215.666931152, 216.28225708, 216.897598267, 217.501312256, 218.105026245, 218.720352173, 219.335693359, 219.951019287, 220.566345215, 221.181671143, 221.79699707, 222.400726318, 223.004440308, 223.619766235, 224.235092163, 224.85043335, 225.454147339, 226.069473267, 226.684799194, 227.288528442, 227.90385437, 228.519180298, 229.134506226, 229.738220215, 230.353561401, 230.968887329, 231.584213257, 232.199539185, 232.803268433, 233.406982422, 234.010696411, 234.626022339, 235.241363525, 235.856689453, 236.472015381, 237.087341309, 237.702667236, 238.306396484, 238.910110474, 239.525436401, 240.140762329, 240.767700195, 241.383041382, 241.99836731, 242.613693237, 243.229019165, 243.832733154, 244.436462402, 245.05178833, 245.667114258, 246.270828247, 246.886169434, 247.501495361, 248.105209351, 248.720535278, 249.335861206, 249.939590454, 250.554916382, 251.17024231, 251.773956299, 252.377685547, 252.981399536, 253.596725464, 254.212051392, 254.81578064, 255.431106567, 256.058044434, 256.673370361, 257.288696289, 257.892425537, 258.496154785, 259.111480713, 259.726806641, 260.342132568, 260.957458496, 261.572784424, 262.188110352, 262.803436279, 263.407165527, 264.022491455, 264.637817383, 265.253143311, 265.868469238, 266.472198486, 267.087524414, 267.702850342, 268.30657959, 268.921905518, 269.548828125, 270.164154053, 270.767883301, 271.371612549, 271.975311279, 272.579040527, 273.182769775, 273.786468506, 274.401794434, 275.017150879, 275.644073486, 276.259399414, 276.874725342, 277.49005127, 278.105377197, 278.720733643, 279.33605957, 279.939758301, 280.543487549, 281.158813477, 281.774139404, 282.389465332, 283.00479126, 283.620117188, 284.235473633, 284.839172363, 285.442901611, 286.046630859, 286.661956787, 287.277282715, 287.904205322, 288.50793457, 289.111663818, 289.726989746, 290.342315674, 290.946014404, 291.549743652, 292.16506958, 292.780395508, 293.407348633, 294.03427124, 294.649597168, 295.276550293, 295.880279541, 296.472381592, 297.076080322, 297.703033447, 298.329986572, 298.933685303, 299.537414551, 300.141113281, 300.744842529, 301.348571777, 301.975494385, 302.60244751, 303.206176758, 303.809875488, 304.425201416, 305.040527344, 305.655853271, 306.25958252, 306.874908447, 307.478637695, 308.082366943, 308.697692871, 309.313018799, 309.916717529, 310.520446777, 311.124176025, 311.727874756, 312.354827881, 312.981750488, 313.608703613, 314.224029541, 314.816131592, 315.43145752, 316.046783447, 316.650512695, 317.254241943, 317.869567871, 318.484893799, 319.100219727, 319.715545654, 320.330871582, 320.94619751, 321.549926758, 322.153656006, 322.757354736, 323.372680664, 323.988006592, 324.603363037, 325.218688965, 325.822387695, 326.437713623, 327.053070068, 327.668395996, 328.295318604, 328.910644531, 329.514373779, 330.129699707, 330.745025635, 331.348754883, 331.952453613, 332.567779541, 333.183135986, 333.786834717, 334.390563965, 335.005889893, 335.62121582, 336.224945068, 336.828643799, 337.443969727, 338.059326172, 338.686248779, 339.301574707, 339.916900635, 340.520629883, 341.124359131, 341.739685059, 342.355010986, 342.958709717, 343.574066162, 344.18939209, 344.804718018, 345.420043945, 346.035369873, 346.650695801, 347.254425049, 347.858123779, 348.473449707, 349.088806152, 349.70413208, 350.319458008, 350.934783936, 351.550109863, 352.165435791, 352.780761719, 353.396087646, 354.011413574, 354.626739502, 355.24206543, 355.845794678, 356.449523926, 357.053222656, 357.656951904, 358.260681152, 358.864379883, 359.479736328, 360.095062256, 360.698760986, 361.302490234, 361.917816162, 362.53314209, 363.148468018, 363.763793945, 364.379119873, 364.994445801, 365.609802246, 366.225128174, 366.828826904, 367.444152832, 368.059509277, 368.663208008, 369.290161133, 369.905487061, 370.520812988, 371.136138916, 371.751464844, 372.366790771, 372.982116699, 373.597442627, 374.212768555, 374.816497803, 375.420227051, 376.023925781, 376.639282227, 377.254608154, 377.869934082, 378.48526001, 379.08895874, 379.692687988, 380.296417236, 380.900115967, 381.515472412, 382.119171143, 382.73449707, 383.349822998, 383.965148926, 384.580505371, 385.195831299, 385.811157227, 386.426483154, 387.030181885, 387.64553833, 388.260864258, 388.876190186, 389.491516113, 390.106842041, 390.722167969, 391.337493896, 391.952819824, 392.568145752, 393.18347168, 393.798828125, 394.414154053, 395.017852783, 395.621582031, 396.236907959, 396.852233887, 397.455963135, 398.071289062, 398.68661499, 399.290344238, 399.894042969, 400.497772217, 401.101501465, 401.705200195, 402.320526123, 402.935852051, 403.551208496, 404.166534424, 404.781860352, 405.397186279, 406.00088501, 406.616241455, 407.231567383, 407.846893311, 408.462219238, 409.077545166, 409.692871094, 410.308197021, 410.923522949, 411.538848877, 412.154174805, 412.76953125, 413.384857178, 413.988555908, 414.592285156, 415.196014404, 415.811340332, 416.42666626, 417.041992188, 417.657318115, 418.272644043, 418.887969971, 419.491699219, 420.095397949, 420.699127197, 421.302856445, 421.906555176, 422.521911621, 423.137237549, 423.752563477, 424.367889404, 424.983215332, 425.59854126, 426.202270508, 426.817596436, 427.432922363, 428.048248291, 428.651977539, 429.267303467, 429.894226074, 430.509552002, 431.12487793, 431.740203857, 432.355560303, 432.98248291, 433.609436035],
    "bpm_histogram": [0, 0, 0, 0, 0, 0, 0, 0, 0, 0, 0, 0, 0, 0, 0, 0, 0, 0, 0, 0, 0, 0, 0, 0, 0, 0, 0, 0, 0, 0, 0, 0, 0, 0, 0, 0, 0, 0, 0, 0, 0, 0, 0, 0, 0, 0, 0, 0, 0, 0, 0, 0, 0, 0, 0, 0, 0, 0, 0, 0, 0, 0, 0, 0, 0, 0, 0, 0, 0, 0, 0, 0, 0, 0, 0, 0, 0, 0, 0, 0, 0, 0, 0, 0.0014144271845, 0, 0.002828854369, 0.002828854369, 0, 0, 0.0014144271845, 0, 0.00424328166991, 0.0014144271845, 0, 0.00424328166991, 0, 0.0693069323897, 0, 0.571428596973, 0.319660544395, 0, 0.00848656333983, 0, 0.0014144271845, 0, 0, 0, 0, 0, 0, 0.005657708738, 0, 0.005657708738, 0, 0, 0, 0, 0, 0, 0, 0, 0, 0, 0, 0, 0, 0, 0, 0, 0, 0, 0, 0, 0, 0, 0, 0, 0, 0, 0, 0, 0, 0, 0, 0, 0, 0, 0, 0, 0, 0, 0, 0, 0, 0, 0, 0, 0, 0, 0, 0, 0, 0, 0, 0, 0, 0, 0, 0, 0, 0, 0, 0, 0, 0, 0, 0, 0, 0, 0, 0, 0, 0, 0, 0, 0, 0, 0, 0, 0, 0, 0, 0, 0, 0, 0, 0, 0, 0, 0, 0, 0, 0, 0, 0, 0, 0, 0, 0, 0, 0, 0, 0, 0, 0, 0, 0, 0, 0, 0, 0, 0, 0, 0, 0, 0, 0, 0, 0, 0, 0, 0, 0, 0, 0, 0, 0, 0, 0, 0, 0, 0, 0, 0, 0, 0, 0, 0, 0, 0]
},
"tonal": {
    "chords_changes_rate": 0.0410475693643,
    "chords_number_rate": 0.000748262973502,
    "chords_strength": {
        "mean": 0.588586211205
    },
    "hpcp_crest": {
        "mean": 13.7359428406
    },
    "hpcp_entropy": {
        "mean": 1.94467008114
    },
    "key_edma": {
        "strength": 0.805493950844,
        "key": "Ab",
        "scale": "major"
    },
    "key_krumhansl": {
        "strength": 0.794077336788,
        "key": "Ab",
        "scale": "major"
    },
    "key_temperley": {
        "strength": 0.77487719059,
        "key": "Ab",
        "scale": "major"
    },
    "tuning_diatonic_strength": 0.628757297993,
    "tuning_equal_tempered_deviation": 0.143786281347,
    "tuning_frequency": 436.708374023,
    "tuning_nontempered_energy_ratio": 0.862352311611,
    "hpcp": {
        "mean": [0.042541269213, 0.0406554341316, 0.0622158460319, 0.20142133534, 0.212123200297, 0.069963388145, 0.0386222824454, 0.0403246991336, 0.0713423341513, 0.177346289158, 0.153653696179, 0.0406365990639, 0.0202642697841, 0.0191756635904, 0.0286012217402, 0.0626712739468, 0.0924456119537, 0.235299423337, 0.473526865244, 0.349659413099, 0.0875033736229, 0.0380921177566, 0.0303923077881, 0.050285987556, 0.0806404575706, 0.0666898265481, 0.0348978638649, 0.0256437528878, 0.0253249164671, 0.0730507224798, 0.170985415578, 0.141026079655, 0.0793091207743, 0.24394659698, 0.250289022923, 0.0787917152047]
    },
    "chords_histogram": [44.019241333, 10.9246397018, 27.8888301849, 6.1250667572, 2.90753602982, 0.395510435104, 0.181721001863, 0.0855157673359, 0.16034206748, 0, 0.352752536535, 0.203099951148, 0.0962052345276, 0, 0, 0, 0, 3.1854622364, 0.032068412751, 0.983431339264, 0, 0, 0.10689470917, 2.35168361664],
    "thpcp": [1, 0.738415181637, 0.184790730476, 0.0804434120655, 0.0641828551888, 0.106194585562, 0.170297533274, 0.140836417675, 0.0736977458, 0.0541548021138, 0.0534814782441, 0.154269441962, 0.361089140177, 0.297820657492, 0.167485997081, 0.515169501305, 0.528563499451, 0.166393339634, 0.0898391902447, 0.0858566612005, 0.13138820231, 0.425364106894, 0.447964459658, 0.147749558091, 0.081563025713, 0.0851582065225, 0.15066164732, 0.374522119761, 0.324487805367, 0.0858168825507, 0.0427943393588, 0.0404954068363, 0.0604004189372, 0.132349982858, 0.1952278018, 0.496908277273],
    "chords_key": "Ab",
    "chords_scale": "major"
}
}