{
"metadata": {
    "version": {
        "essentia": "2.1-beta6-dev",
        "essentia_git_sha": "v2.1_beta5-1177-g1d1cc983",
        "extractor": "music 2.0"
    },
    "audio_properties": {
        "analysis": {
            "equal_loudness": 0,
            "length": 202.066665649,
            "sample_rate": 44100,
            "start_time": 0,
            "downmix": "mix"
        },
        "bit_rate": 1411200,
        "length": 202.066665649,
        "lossless": 1,
        "number_channels": 2,
        "replay_gain": -14.3081474304,
        "sample_rate": 44100,
        "codec": "pcm_s16le",
        "md5_encoded": "08a44cb9ccaa31fb71073d9db09679eb"
    },
    "tags": {
        "file_name": "01 - Manchester Orchestra - Top Notch.wav",
        "album": ["Cope (Deluxe Version)"],
        "albumartist": ["Manchester Orchestra"],
        "artist": ["Manchester Orchestra"],
        "composer": ["Andy Hull"],
        "copyright": ["℗ 2013 Seven Four Entertainment and Republic Records"],
        "date": ["2012"],
        "discnumber": ["1"],
        "disctotal": ["1"],
        "genre": ["Alternative & Indie"],
        "isrc": ["USUG11301011"],
        "title": ["Top Notch"],
        "tracknumber": ["1"],
        "tracktotal": ["13"]
    }
},
"lowlevel": {
    "average_loudness": 0.952822744846,
    "barkbands_crest": {
        "mean": 8.58344173431
    },
    "barkbands_flatness_db": {
        "mean": 0.130701005459
    },
    "barkbands_kurtosis": {
        "mean": 5.88141918182
    },
    "barkbands_skewness": {
        "mean": 1.60733854771
    },
    "barkbands_spread": {
        "mean": 20.6750850677
    },
    "dissonance": {
        "mean": 0.464699983597
    },
    "dynamic_complexity": 2.26886105537,
    "erbbands_crest": {
        "mean": 8.53434085846
    },
    "erbbands_flatness_db": {
        "mean": 0.149186477065
    },
    "erbbands_kurtosis": {
        "mean": 0.838377296925
    },
    "erbbands_skewness": {
        "mean": 0.337826937437
    },
    "erbbands_spread": {
        "mean": 37.6060829163
    },
    "hfc": {
        "mean": 23.0763874054
    },
    "loudness_ebu128": {
        "integrated": -7.09999370575,
        "loudness_range": 5.28782892227,
        "momentary": {
            "mean": -7.81884765625
        },
        "short_term": {
            "mean": -7.45817995071
        }
    },
    "melbands_crest": {
        "mean": 12.6916942596
    },
    "melbands_flatness_db": {
        "mean": 0.205426335335
    },
    "melbands_kurtosis": {
        "mean": 16.4266262054
    },
    "melbands_skewness": {
        "mean": 2.6066839695
    },
    "melbands_spread": {
        "mean": 21.5530319214
    },
    "pitch_salience": {
        "mean": 0.575200140476
    },
    "silence_rate_20dB": {
        "mean": 1
    },
    "silence_rate_30dB": {
        "mean": 1
    },
    "silence_rate_60dB": {
        "mean": 0.0171185657382
    },
    "spectral_centroid": {
        "mean": 1187.73852539
    },
    "spectral_complexity": {
        "mean": 24.0963916779
    },
    "spectral_decrease": {
        "mean": -8.26047763525e-09
    },
    "spectral_energy": {
        "mean": 0.0332699418068
    },
    "spectral_energyband_high": {
        "mean": 0.000559065781999
    },
    "spectral_energyband_low": {
        "mean": 0.0108001288027
    },
    "spectral_energyband_middle_high": {
        "mean": 0.00780238816515
    },
    "spectral_energyband_middle_low": {
        "mean": 0.0161539968103
    },
    "spectral_entropy": {
        "mean": 7.49684286118
    },
    "spectral_flux": {
        "mean": 0.0878573730588
    },
    "spectral_kurtosis": {
        "mean": 5.76581525803
    },
    "spectral_rms": {
        "mean": 0.00546805607155
    },
    "spectral_rolloff": {
        "mean": 1303.73974609
    },
    "spectral_skewness": {
        "mean": 1.73256385326
    },
    "spectral_spread": {
        "mean": 4419217
    },
    "spectral_strongpeak": {
        "mean": 1.01272130013
    },
    "zerocrossingrate": {
        "mean": 0.0542040430009
    },
    "barkbands": {
        "mean": [4.4815496949e-05, 0.00418085418642, 0.00463038682938, 0.003708522534, 0.0041496544145, 0.00265305791982, 0.00202638586052, 0.00165045005269, 0.00176620145794, 0.0017132461071, 0.00102034863085, 0.000978250987828, 0.000827764510177, 0.000580604013521, 0.000583273125812, 0.000558594998438, 0.00058310769964, 0.000560884946026, 0.0003953622072, 0.000178641814273, 0.000113361791591, 9.7128257039e-05, 7.0632158895e-05, 0.000102458827314, 5.48089519725e-05, 2.38270913542e-05, 1.65114051924e-05]
    },
    "erbbands": {
        "mean": [0.0724729895592, 1.13295304775, 4.69384098053, 9.88636112213, 12.0101013184, 13.5160484314, 18.719537735, 25.9209041595, 27.274930954, 31.0119419098, 35.6692962646, 42.0782775879, 46.102268219, 48.5486526489, 44.6108322144, 35.5207939148, 36.3750686646, 29.6659297943, 36.8994102478, 24.6008968353, 33.069026947, 35.8121910095, 34.3295974731, 23.6046199799, 15.2851314545, 8.38597488403, 5.69789505005, 3.7099146843, 3.6490418911, 2.34151339531, 2.19138646126, 2.06415843964, 1.67459630966, 0.769577503204, 0.315409094095, 0.113206848502, 0.0424774028361, 0.0154328262433, 0.00297223497182, 0.000162210519193]
    },
    "gfcc": {
        "mean": [20.7521038055, 94.7450180054, -107.259780884, 24.5198993683, -48.1636543274, 4.52127981186, -35.3233222961, 7.06617069244, -23.7960071564, -7.65566110611, -15.7661867142, -2.57066917419, -15.4546098709],
        "cov": [[8086.68164062, -98.7055130005, -1333.66772461, -118.555206299, -188.6978302, -59.3016967773, -99.2682571411, 198.36239624, 49.810634613, 231.971618652, 68.444984436, 112.369270325, 47.5161056519], [-98.7055130005, 1016.8548584, -351.034576416, -52.5258293152, 141.959899902, -22.5798377991, 108.141937256, -23.4869289398, 52.403881073, 6.86460113525, 61.6164474487, -28.0617866516, 36.2470321655], [-1333.66772461, -351.034576416, 1048.08117676, 192.441146851, 19.5608291626, 24.6063652039, 1.05160963535, -21.276260376, -34.228477478, -10.4580049515, -41.0953292847, -25.3738765717, -4.01564025879], [-118.555206299, -52.5258293152, 192.441146851, 351.983428955, 26.6657772064, -21.8106708527, -73.1859512329, 49.562953949, 52.5091056824, -0.994040846825, -4.60484409332, 2.05036497116, 26.3144569397], [-188.6978302, 141.959899902, 19.5608291626, 26.6657772064, 283.228851318, 58.1085929871, 22.962348938, 9.78541183472, 37.3629608154, 7.86702680588, 11.4546642303, 5.53353071213, 25.180059433], [-59.3016967773, -22.5798377991, 24.6063652039, -21.8106708527, 58.1085929871, 230.658401489, 73.3818054199, -0.935559511185, -19.0672855377, -22.5507011414, -10.1509914398, -4.37259578705, -19.2782402039], [-99.2682571411, 108.141937256, 1.05160963535, -73.1859512329, 22.962348938, 73.3818054199, 186.606292725, 14.3012113571, -10.1119976044, -1.18643093109, 15.9653244019, -10.7925310135, -18.298204422], [198.36239624, -23.4869289398, -21.276260376, 49.562953949, 9.78541183472, -0.935559511185, 14.3012113571, 120.523040771, 49.4305839539, 4.47318458557, 9.38622951508, 10.8020238876, 1.88735628128], [49.810634613, 52.403881073, -34.228477478, 52.5091056824, 37.3629608154, -19.0672855377, -10.1119976044, 49.4305839539, 99.0581359863, 36.5515022278, 11.6347007751, 2.71028351784, 14.9441223145], [231.971618652, 6.86460113525, -10.4580049515, -0.994040846825, 7.86702680588, -22.5507011414, -1.18643093109, 4.47318458557, 36.5515022278, 120.062812805, 35.1375656128, 4.42374420166, 29.8549098969], [68.444984436, 61.6164474487, -41.0953292847, -4.60484409332, 11.4546642303, -10.1509914398, 15.9653244019, 9.38622951508, 11.6347007751, 35.1375656128, 72.0728912354, 26.2289199829, 7.26302862167], [112.369270325, -28.0617866516, -25.3738765717, 2.05036497116, 5.53353071213, -4.37259578705, -10.7925310135, 10.8020238876, 2.71028351784, 4.42374420166, 26.2289199829, 62.8849525452, 23.3561534882], [47.5161056519, 36.2470321655, -4.01564025879, 26.3144569397, 25.180059433, -19.2782402039, -18.298204422, 1.88735628128, 14.9441223145, 29.8549098969, 7.26302862167, 23.3561534882, 76.8303909302]],
        "icov": [[0.000194047868717, 4.81238967041e-05, 0.000278027524473, -7.57870293455e-05, 6.57724231132e-05, -3.25402943417e-05, 6.42429949949e-05, -0.000354496471118, 0.00032772438135, -0.000532521808054, 0.000235680388869, -0.000255358871073, 9.05944907572e-05], [4.81238967041e-05, 0.0016705453163, 0.000625701330137, -0.000164787707035, -0.000642696628347, 0.000488839112222, -0.00111011601985, 0.000914336531423, -0.000848966243211, 0.000957944605034, -0.00168930238578, 0.00180939468555, -0.00127976876684], [0.000278027524473, 0.000625701330137, 0.00175720837433, -0.00102412840351, -0.000253944279393, 0.00013588721049, -0.000639318779577, 7.49764076318e-05, 0.000945462379605, -0.000821477093268, 0.00048429693561, 0.000268947158474, -5.35440485692e-05], [-7.57870293455e-05, -0.000164787707035, -0.00102412840351, 0.00426855497062, -1.15963382541e-06, -0.00028014506097, 0.0018513238756, -0.00133378722239, -0.00187196489424, 0.00122362200636, -0.000853452191222, 0.000862979330122, -0.00128015514929], [6.57724231132e-05, -0.000642696628347, -0.000253944279393, -1.15963382541e-06, 0.00452195294201, -0.00145613029599, 0.000213272345718, 4.74184089398e-05, -0.00162290071603, 0.000170306055225, -0.000190087914234, -0.000410964450566, -0.00115569890477], [-3.25402943417e-05, 0.000488839112222, 0.00013588721049, -0.00028014506097, -0.00145613029599, 0.00570570910349, -0.00247203861363, 0.00036538761924, 0.000761488743592, 0.000461185583845, 0.000916562683415, -0.000408959429478, 0.000914078671485], [6.42429949949e-05, -0.00111011601985, -0.000639318779577, 0.0018513238756, 0.000213272345718, -0.00247203861363, 0.00827446486801, -0.00266801309772, 0.00119648140389, -0.000569812604226, -0.00162627070677, 0.00106119306292, 0.00098237360362], [-0.000354496471118, 0.000914336531423, 7.49764076318e-05, -0.00133378722239, 4.74184089398e-05, 0.00036538761924, -0.00266801309772, 0.0129271475598, -0.00708614429459, 0.00278044538572, -0.00144333799835, -0.000854670768604, 6.59166689729e-05], [0.00032772438135, -0.000848966243211, 0.000945462379605, -0.00187196489424, -0.00162290071603, 0.000761488743592, 0.00119648140389, -0.00708614429459, 0.0180726032704, -0.00633033877239, 0.00209995103069, -0.000469316088129, 0.000959139259066], [-0.000532521808054, 0.000957944605034, -0.000821477093268, 0.00122362200636, 0.000170306055225, 0.000461185583845, -0.000569812604226, 0.00278044538572, -0.00633033877239, 0.0149813070893, -0.00857768394053, 0.00554658146575, -0.00619416031986], [0.000235680388869, -0.00168930238578, 0.00048429693561, -0.000853452191222, -0.000190087914234, 0.000916562683415, -0.00162627070677, -0.00144333799835, 0.00209995103069, -0.00857768394053, 0.023805424571, -0.012294976972, 0.0053211604245], [-0.000255358871073, 0.00180939468555, 0.000268947158474, 0.000862979330122, -0.000410964450566, -0.000408959429478, 0.00106119306292, -0.000854670768604, -0.000469316088129, 0.00554658146575, -0.012294976972, 0.0258432049304, -0.00942938774824], [9.05944907572e-05, -0.00127976876684, -5.35440485692e-05, -0.00128015514929, -0.00115569890477, 0.000914078671485, 0.00098237360362, 6.59166689729e-05, 0.000959139259066, -0.00619416031986, 0.0053211604245, -0.00942938774824, 0.0194234009832]]
    },
    "melbands": {
        "mean": [0.000917122757528, 0.00219038501382, 0.00178811384831, 0.000866953923833, 0.000672702968586, 0.000552155950572, 0.000424095982453, 0.000361026701285, 0.000271243741736, 0.000271479948424, 0.00024297197524, 0.000215814143303, 0.000133075198391, 0.000124284721096, 8.34127640701e-05, 8.24563685455e-05, 4.97359760629e-05, 6.12681615166e-05, 3.94702801714e-05, 3.48155153915e-05, 3.73561524611e-05, 3.8992951886e-05, 3.11544063152e-05, 2.4883178412e-05, 1.89847269212e-05, 1.29750924316e-05, 7.9018618635e-06, 4.9587824833e-06, 3.73099328499e-06, 2.6702048217e-06, 1.94322433344e-06, 2.03096738005e-06, 1.9206752313e-06, 1.0707714182e-06, 1.3105779999e-06, 1.19313608593e-06, 1.27866815092e-06, 1.24791688449e-06, 9.25291999465e-07, 5.51535151772e-07]
    },
    "melbands128": {
        "mean": [4.12227273046e-05, 0.000378890516004, 0.00121676409617, 0.00206422619522, 0.00229733320884, 0.00232370104641, 0.00204988825135, 0.0018002637662, 0.00116580689792, 0.000717697956134, 0.000747232232243, 0.000780395814218, 0.000668503344059, 0.000469813792733, 0.000693526002578, 0.000491872895509, 0.000406718550948, 0.000413373258198, 0.000482566538267, 0.000249272008659, 0.000397775875172, 0.000411606073612, 0.000208459910937, 0.000204027979635, 0.000241129033384, 0.000380551820854, 0.000150569889229, 0.000140425559948, 0.000449625542387, 0.000238224485656, 0.000151653104695, 0.000128967207274, 8.14799350337e-05, 0.000195727538085, 0.000163629112649, 9.53956332523e-05, 5.70990086999e-05, 0.00011752609862, 6.55382173136e-05, 6.96321731084e-05, 0.000109328117105, 5.91843563598e-05, 4.37817870989e-05, 4.13457855757e-05, 6.63345272187e-05, 6.95709968568e-05, 5.14254716109e-05, 4.7253412049e-05, 3.00402316498e-05, 2.09834142879e-05, 3.78940967494e-05, 4.50695151812e-05, 4.25534963142e-05, 3.086552897e-05, 3.28236747009e-05, 5.06356482219e-05, 3.35367985826e-05, 2.04911866604e-05, 3.37552846759e-05, 4.60317023681e-05, 1.86176912393e-05, 1.45880694618e-05, 2.32456786762e-05, 1.92380994122e-05, 1.48032131619e-05, 1.36753606057e-05, 1.12472152978e-05, 9.21378887142e-06, 7.25411700842e-06, 5.87287786402e-06, 5.08254606757e-06, 4.62986736238e-06, 3.71211740458e-06, 3.66630456483e-06, 3.63925346392e-06, 2.67692325906e-06, 2.32969819081e-06, 2.09940708373e-06, 1.93682467398e-06, 1.71056308318e-06, 1.89793399841e-06, 2.19918547373e-06, 2.23556617129e-06, 2.16668217945e-06, 1.47706214193e-06, 7.78911157795e-07, 1.02713227079e-06, 1.35963693992e-06, 1.45039973631e-06, 1.16795035865e-06, 1.10065366243e-06, 1.20394395253e-06, 1.34250365136e-06, 1.25069379919e-06, 1.26663587707e-06, 1.31461354158e-06, 1.24813732327e-06, 1.15972920867e-06, 9.69106167759e-07, 8.05761374068e-07, 6.58363887851e-07, 5.01179556522e-07, 4.27039992701e-07, 3.93251752939e-07, 3.59556366902e-07, 3.27094767272e-07, 2.57941564996e-07, 1.99987709948e-07, 1.74704325673e-07, 1.71170199792e-07, 1.63142715337e-07, 1.47471794776e-07, 1.29673594529e-07, 1.17558208501e-07, 1.06878005113e-07, 1.11215442189e-07, 1.20262583891e-07, 1.39003418553e-07, 1.38704606911e-07, 1.01844314315e-07, 8.89839171236e-08, 4.88968936452e-08, 3.19960342665e-08, 2.50563534365e-08, 2.16690185795e-08, 1.84526864899e-08, 1.63002891185e-08, 1.16278462414e-08]
    },
    "mfcc": {
        "mean": [-626.904907227, 131.743728638, -0.763831019402, 23.8330097198, 7.62674379349, -0.975580453873, -0.0579361729324, 8.04813575745, -3.71141052246, -1.54043841362, -2.59591150284, -1.50353717804, -5.40744113922],
        "cov": [[6364.39941406, -105.640106201, -1190.75097656, -177.183151245, -264.893585205, -205.419906616, -115.628692627, -109.229568481, 35.9239311218, 129.367675781, 41.6167182922, 154.964523315, 140.020721436], [-105.640106201, 919.616577148, -314.45425415, -30.2864933014, -30.8850078583, 61.1180763245, 65.8996353149, 2.05411243439, 2.55603528023, 44.191204071, 14.2557640076, 30.5945549011, 19.4266910553], [-1190.75097656, -314.45425415, 843.612731934, 157.117248535, 74.891494751, 30.2767467499, 41.1156539917, -1.70323884487, 21.452999115, -31.8226051331, -2.36024641991, -21.6371841431, -17.78307724], [-177.183151245, -30.2864933014, 157.117248535, 308.400360107, 116.344070435, -50.3686027527, -42.7697715759, -21.0051422119, 35.9249229431, 1.67440581322, 12.43775177, 13.618391037, 37.9278755188], [-264.893585205, -30.8850078583, 74.891494751, 116.344070435, 272.235290527, 40.3718490601, -23.5954799652, 26.5128116608, 35.6810302734, 0.111088477075, 7.51841545105, -3.72695660591, -12.62865448], [-205.419906616, 61.1180763245, 30.2767467499, -50.3686027527, 40.3718490601, 178.377868652, 75.0933303833, 16.4089298248, 12.775677681, 9.91030883789, -3.32582712173, 9.16278648376, -32.4069366455], [-115.628692627, 65.8996353149, 41.1156539917, -42.7697715759, -23.5954799652, 75.0933303833, 144.609619141, 40.7767295837, 6.9103975296, 16.0657539368, 0.678674042225, 15.8062143326, -10.734623909], [-109.229568481, 2.05411243439, -1.70323884487, -21.0051422119, 26.5128116608, 16.4089298248, 40.7767295837, 166.296615601, 10.6277008057, -2.85185956955, 25.6841220856, -23.5977554321, -16.9971923828], [35.9239311218, 2.55603528023, 21.452999115, 35.9249229431, 35.6810302734, 12.775677681, 6.9103975296, 10.6277008057, 87.4824676514, 34.9298362732, 6.89853191376, 7.88179111481, 8.59484767914], [129.367675781, 44.191204071, -31.8226051331, 1.67440581322, 0.111088477075, 9.91030883789, 16.0657539368, -2.85185956955, 34.9298362732, 84.2740402222, 26.9628067017, 14.4093313217, 9.02102947235], [41.6167182922, 14.2557640076, -2.36024641991, 12.43775177, 7.51841545105, -3.32582712173, 0.678674042225, 25.6841220856, 6.89853191376, 26.9628067017, 75.7217788696, 21.6449928284, 15.7147712708], [154.964523315, 30.5945549011, -21.6371841431, 13.618391037, -3.72695660591, 9.16278648376, 15.8062143326, -23.5977554321, 7.88179111481, 14.4093313217, 21.6449928284, 83.6336669922, 32.1542205811], [140.020721436, 19.4266910553, -17.78307724, 37.9278755188, -12.62865448, -32.4069366455, -10.734623909, -16.9971923828, 8.59484767914, 9.02102947235, 15.7147712708, 32.1542205811, 75.166229248]],
        "icov": [[0.000267468130914, 0.000195686807274, 0.000420116295572, -1.94910862774e-05, 0.000155226516654, 0.000141691765748, -1.36305716296e-05, 8.14685772639e-05, -0.000168787781149, -0.000229020588449, 1.83736356121e-05, -0.000329245725879, -0.000152159904246], [0.000195686807274, 0.00152979406994, 0.000912585179321, -0.000378242635634, 0.000228401142522, -0.000384781393223, -0.000692970352247, 0.000189056794625, 5.68985778955e-05, -0.000489607395139, -0.000113542861072, -0.000122441575513, -0.000408508203691], [0.000420116295572, 0.000912585179321, 0.00239006569609, -0.00106899463572, 0.000276530132396, -0.000159247967531, -0.0011361486977, 0.000562079716474, -0.000563499168493, 0.000420005526394, -0.000531286757905, 0.00017020208179, 8.13354126876e-05], [-1.94910862774e-05, -0.000378242635634, -0.00106899463572, 0.00541691761464, -0.00228790496476, 0.00180000450928, 0.000503427057993, 0.000605224515311, -0.00126519287005, 0.000298008293612, -0.000236576146563, -0.000327612098772, -0.00195322674699], [0.000155226516654, 0.000228401142522, 0.000276530132396, -0.00228790496476, 0.00556627009064, -0.00218718708493, 0.00181472150143, -0.00114727544133, -0.00129101402126, 0.000166992031154, -8.12542930362e-05, -0.00045453038183, 0.00120262615383], [0.000141691765748, -0.000384781393223, -0.000159247967531, 0.00180000450928, -0.00218718708493, 0.00927971210331, -0.00413828436285, 0.00093652511714, -0.00117130612489, 7.10700405762e-05, -4.94415144203e-05, -0.0015430774074, 0.00293953344226], [-1.36305716296e-05, -0.000692970352247, -0.0011361486977, 0.000503427057993, 0.00181472150143, -0.00413828436285, 0.0117251900956, -0.0035826403182, 0.000504405004904, -0.00239845342003, 0.00243841204792, -0.00309840845875, 0.00011255924619], [8.14685772639e-05, 0.000189056794625, 0.000562079716474, 0.000605224515311, -0.00114727544133, 0.00093652511714, -0.0035826403182, 0.0085669234395, -0.00183552654926, 0.00244334968738, -0.00471921544522, 0.00347996945493, 0.000678197422531], [-0.000168787781149, 5.68985778955e-05, -0.000563499168493, -0.00126519287005, -0.00129101402126, -0.00117130612489, 0.000504405004904, -0.00183552654926, 0.0158741921186, -0.00710951397195, 0.002519414993, -0.000527923577465, -0.00152290251572], [-0.000229020588449, -0.000489607395139, 0.000420005526394, 0.000298008293612, 0.000166992031154, 7.10700405762e-05, -0.00239845342003, 0.00244334968738, -0.00710951397195, 0.0180671717972, -0.00678561348468, 0.000955833354965, 0.000425215868745], [1.83736356121e-05, -0.000113542861072, -0.000531286757905, -0.000236576146563, -8.12542930362e-05, -4.94415144203e-05, 0.00243841204792, -0.00471921544522, 0.002519414993, -0.00678561348468, 0.0188767593354, -0.00505868950859, -0.00202131830156], [-0.000329245725879, -0.000122441575513, 0.00017020208179, -0.000327612098772, -0.00045453038183, -0.0015430774074, -0.00309840845875, 0.00347996945493, -0.000527923577465, 0.000955833354965, -0.00505868950859, 0.0180240105838, -0.00625363178551], [-0.000152159904246, -0.000408508203691, 8.13354126876e-05, -0.00195322674699, 0.00120262615383, 0.00293953344226, 0.00011255924619, 0.000678197422531, -0.00152290251572, 0.000425215868745, -0.00202131830156, -0.00625363178551, 0.0195573549718]]
    },
    "spectral_contrast_coeffs": {
        "mean": [-0.684190630913, -0.759120225906, -0.761829733849, -0.80079126358, -0.78394061327, -0.778454065323]
    },
    "spectral_contrast_valleys": {
        "mean": [-6.42024040222, -6.41497993469, -7.13759374619, -7.402094841, -7.45256233215, -10.1677103043]
    }
},
"rhythm": {
    "beats_count": 437,
    "beats_loudness": {
        "mean": 0.0382367484272
    },
    "bpm": 130.272171021,
    "bpm_histogram_first_peak_bpm": 129,
    "bpm_histogram_first_peak_weight": 0.383529424667,
    "bpm_histogram_second_peak_bpm": 123,
    "bpm_histogram_second_peak_spread": 0.125,
    "bpm_histogram_second_peak_weight": 0.0160550456494,
    "danceability": 1.07471203804,
    "onset_rate": 2.96907305717,
    "beats_loudness_band_ratio": {
        "mean": [0.443760454655, 0.201384246349, 0.157494619489, 0.122897408903, 0.0799013972282, 0.0334821343422]
    },
    "beats_position": [0.487619042397, 0.975238084793, 1.46285712719, 1.95047616959, 2.42648530006, 2.90249419212, 3.3785033226, 3.85451245308, 4.34213161469, 4.841360569, 5.32897949219, 5.80498838425, 6.26938772202, 6.73378658295, 7.19818592072, 7.65097475052, 8.10376358032, 8.55655288696, 9.0093421936, 9.47374153137, 9.93814086914, 10.3909292221, 10.8437185287, 11.3081178665, 11.7609071732, 12.2136955261, 12.6780948639, 13.1424942017, 13.5952835083, 14.0480718613, 14.5008611679, 14.9536504745, 15.4064397812, 15.8476190567, 16.3120174408, 16.7764167786, 17.2292060852, 17.693605423, 18.1580047607, 18.6224040985, 19.0868015289, 19.5512008667, 20.0156002045, 20.4799995422, 20.94439888, 21.4087982178, 21.8731975555, 22.3375968933, 22.8019943237, 23.2547836304, 23.707572937, 24.1719722748, 24.6363716125, 25.1007709503, 25.5651702881, 26.0295696259, 26.4823570251, 26.9467563629, 27.3995456696, 27.8639450073, 28.3283443451, 28.7811336517, 29.2339229584, 29.6983222961, 30.1627197266, 30.6271190643, 31.1031284332, 31.567527771, 32.0203170776, 32.4731063843, 32.9258956909, 33.3902931213, 33.8546943665, 34.3074836731, 34.7602729797, 35.2246704102, 35.6890678406, 36.1534690857, 36.6062583923, 37.0706558228, 37.5234451294, 37.976234436, 38.4290237427, 38.8818130493, 39.334602356, 39.7989997864, 40.2634010315, 40.7277984619, 41.192199707, 41.6449890137, 42.0977783203, 42.550567627, 43.0033569336, 43.467754364, 43.9321517944, 44.3849411011, 44.8377304077, 45.3021316528, 45.7549209595, 46.2077102661, 46.6721076965, 47.1248970032, 47.5776863098, 48.0420837402, 48.5064849854, 48.9708824158, 49.4352836609, 49.8996810913, 50.3640823364, 50.8284797668, 51.2928771973, 51.7456665039, 52.1984558105, 52.6628570557, 53.1272544861, 53.5916557312, 54.0560531616, 54.5088424683, 54.9616317749, 55.4260292053, 55.8904304504, 56.3548278809, 56.819229126, 57.2836265564, 57.7480278015, 58.2008171082, 58.6536026001, 59.1180038452, 59.5824012756, 60.0351905823, 60.4879798889, 60.952381134, 61.4051704407, 61.8579597473, 62.310749054, 62.7751464844, 63.2395439148, 63.6923332214, 64.1451263428, 64.6095199585, 65.0739212036, 65.5499343872, 66.0143280029, 66.478729248, 66.9431304932, 67.4075241089, 67.8603134155, 68.3247146606, 68.7775039673, 69.2419052124, 69.7062988281, 70.1707000732, 70.6351013184, 71.0995025635, 71.5522918701, 72.0166854858, 72.4694747925, 72.9338760376, 73.3982772827, 73.8626708984, 74.3270721436, 74.7914733887, 75.2442626953, 75.697052002, 76.1614532471, 76.6142425537, 77.0786361694, 77.5314254761, 77.9958267212, 78.4602279663, 78.924621582, 79.3890228271, 79.8534240723, 80.3178253174, 80.7822189331, 81.2466201782, 81.7110214233, 82.1754150391, 82.6398162842, 83.0926055908, 83.5570068359, 84.0097961426, 84.4741897583, 84.9385910034, 85.4029922485, 85.8673934937, 86.3201828003, 86.7729721069, 87.2373657227, 87.7017669678, 88.1661682129, 88.6305618286, 89.0949630737, 89.5593643188, 90.0121536255, 90.4765548706, 90.9293441772, 91.393737793, 91.8581390381, 92.3225402832, 92.7869338989, 93.251335144, 93.7157363892, 94.1801376343, 94.64453125, 95.1089324951, 95.5617218018, 96.0145111084, 96.4789123535, 96.9433059692, 97.4077072144, 97.8721084595, 98.3365097046, 98.8009033203, 99.253692627, 99.7064819336, 100.170883179, 100.623672485, 101.076461792, 101.540863037, 102.005256653, 102.469657898, 102.934059143, 103.398452759, 103.862854004, 104.315643311, 104.768432617, 105.221221924, 105.67401123, 106.138412476, 106.591201782, 107.055595398, 107.508384705, 107.961174011, 108.413963318, 108.878364563, 109.33115387, 109.795555115, 110.248344421, 110.712738037, 111.177139282, 111.629928589, 112.082717896, 112.547119141, 113.011520386, 113.464309692, 113.917098999, 114.369888306, 114.822669983, 115.287071228, 115.751472473, 116.215873718, 116.680267334, 117.133056641, 117.585845947, 118.050247192, 118.503036499, 118.967437744, 119.420227051, 119.884620667, 120.349021912, 120.801811218, 121.254600525, 121.71900177, 122.183395386, 122.647796631, 123.112197876, 123.576599121, 124.040992737, 124.505393982, 124.958183289, 125.422584534, 125.87537384, 126.339767456, 126.804168701, 127.268569946, 127.732971191, 128.197372437, 128.661773682, 129.126159668, 129.590560913, 130.054962158, 130.519363403, 130.983764648, 131.436553955, 131.889343262, 132.342132568, 132.806533813, 133.25932312, 133.723709106, 134.188110352, 134.652511597, 135.116912842, 135.569702148, 136.022491455, 136.4868927, 136.951293945, 137.404083252, 137.856872559, 138.321273804, 138.78565979, 139.250061035, 139.71446228, 140.178863525, 140.643264771, 141.096054077, 141.548843384, 142.013244629, 142.477645874, 142.94203186, 143.406433105, 143.870834351, 144.335235596, 144.799636841, 145.264038086, 145.716827393, 146.169616699, 146.622406006, 147.075195312, 147.539596558, 148.003982544, 148.456771851, 148.909561157, 149.373962402, 149.838363647, 150.302764893, 150.767166138, 151.231567383, 151.695953369, 152.160354614, 152.624755859, 153.089157104, 153.541946411, 154.006347656, 154.459136963, 154.923538208, 155.387939453, 155.84072876, 156.293518066, 156.757904053, 157.222305298, 157.686706543, 158.151107788, 158.627120972, 159.103118896, 159.567520142, 160.031921387, 160.496322632, 160.949111938, 161.401901245, 161.854690552, 162.319091797, 162.771881104, 163.22467041, 163.677459717, 164.141860962, 164.606262207, 165.070648193, 165.535049438, 166.011062622, 166.463851929, 166.916641235, 167.369430542, 167.845443726, 168.32144165, 168.785842896, 169.238632202, 169.691421509, 170.155822754, 170.620223999, 171.084625244, 171.549026489, 172.013427734, 172.477813721, 172.942214966, 173.406616211, 173.859405518, 174.323806763, 174.776596069, 175.240997314, 175.70539856, 176.169799805, 176.622589111, 177.086975098, 177.539764404, 178.004165649, 178.456954956, 178.921356201, 179.385757446, 179.86177063, 180.326171875, 180.790557861, 181.254959106, 181.719360352, 182.183761597, 182.648162842, 183.08934021, 183.542129517, 183.994918823, 184.44770813, 184.912109375, 185.364898682, 185.817687988, 186.270477295, 186.73487854, 187.199264526, 187.663665771, 188.128067017, 188.592468262, 189.056869507, 189.521270752, 189.985671997, 190.438461304, 190.90284729, 191.355636597, 191.820037842, 192.272827148, 192.725616455, 193.166793823, 193.61958313, 194.072372437, 194.536773682, 195.001174927, 195.465576172, 195.929977417, 196.394378662, 196.847167969, 197.299957275, 197.752746582, 198.205535889, 198.669921875, 199.13432312, 199.598724365, 200.06312561, 200.527526855, 201.015136719, 201.502761841],
    "bpm_histogram": [0, 0, 0, 0, 0, 0, 0, 0, 0, 0, 0, 0, 0, 0, 0, 0, 0, 0, 0, 0, 0, 0, 0, 0, 0, 0, 0, 0, 0, 0, 0, 0, 0, 0, 0, 0, 0, 0, 0, 0, 0, 0, 0, 0, 0, 0, 0, 0, 0, 0, 0, 0, 0, 0, 0, 0, 0, 0, 0, 0, 0, 0, 0, 0, 0, 0, 0, 0, 0, 0, 0, 0, 0, 0, 0, 0, 0, 0, 0, 0, 0, 0, 0, 0, 0, 0, 0, 0, 0, 0, 0, 0, 0, 0, 0, 0, 0, 0, 0, 0, 0, 0, 0, 0, 0, 0, 0, 0, 0, 0, 0, 0, 0, 0, 0, 0, 0, 0, 0, 0, 0.00229357788339, 0, 0, 0.0160550456494, 0, 0, 0.0298165138811, 0, 0, 0.600917458534, 0, 0, 0, 0.344036698341, 0, 0, 0.00688073411584, 0, 0, 0, 0, 0, 0, 0, 0, 0, 0, 0, 0, 0, 0, 0, 0, 0, 0, 0, 0, 0, 0, 0, 0, 0, 0, 0, 0, 0, 0, 0, 0, 0, 0, 0, 0, 0, 0, 0, 0, 0, 0, 0, 0, 0, 0, 0, 0, 0, 0, 0, 0, 0, 0, 0, 0, 0, 0, 0, 0, 0, 0, 0, 0, 0, 0, 0, 0, 0, 0, 0, 0, 0, 0, 0, 0, 0, 0, 0, 0, 0, 0, 0, 0, 0, 0, 0, 0, 0, 0, 0, 0, 0, 0, 0, 0, 0, 0, 0, 0, 0, 0, 0, 0, 0, 0, 0, 0, 0, 0, 0, 0, 0]
},
"tonal": {
    "chords_changes_rate": 0.0551343895495,
    "chords_number_rate": 0.00183781294618,
    "chords_strength": {
        "mean": 0.557174146175
    },
    "hpcp_crest": {
        "mean": 13.0931491852
    },
    "hpcp_entropy": {
        "mean": 2.07903933525
    },
    "key_edma": {
        "strength": 0.797291517258,
        "key": "F#",
        "scale": "major"
    },
    "key_krumhansl": {
        "strength": 0.787701427937,
        "key": "F#",
        "scale": "major"
    },
    "key_temperley": {
        "strength": 0.771483063698,
        "key": "F#",
        "scale": "major"
    },
    "tuning_diatonic_strength": 0.611150979996,
    "tuning_equal_tempered_deviation": 0.0330545715988,
    "tuning_frequency": 441.527557373,
    "tuning_nontempered_energy_ratio": 0.725498735905,
    "hpcp": {
        "mean": [0.0606484599411, 0.0638834238052, 0.205315172672, 0.318764537573, 0.194955334067, 0.068869791925, 0.0467069223523, 0.0456543006003, 0.0761908218265, 0.120742484927, 0.131218746305, 0.23571151495, 0.339751034975, 0.214253216982, 0.0860444009304, 0.0671800673008, 0.0735723823309, 0.140355095267, 0.17797061801, 0.126305952668, 0.0850911438465, 0.077279701829, 0.0903557240963, 0.203631609678, 0.295682817698, 0.221267536283, 0.181840509176, 0.208628088236, 0.151021316648, 0.0876565054059, 0.0659728348255, 0.0542249120772, 0.0963162779808, 0.175429478288, 0.141616910696, 0.0704317763448]
    },
    "chords_histogram": [17.4362506866, 36.8940963745, 20.5605335236, 3.85940718651, 0.137835979462, 0.918906509876, 0.574316561222, 0, 7.97151374817, 2.38915681839, 0.689179897308, 0.0459453240037, 0, 0, 0, 0.114863313735, 0, 1.60808634758, 0, 0.0918906480074, 0.137835979462, 0, 0.160808637738, 6.40937280655],
    "thpcp": [1, 0.630618274212, 0.253257215023, 0.197733223438, 0.2165479213, 0.4131115973, 0.523826539516, 0.371760308743, 0.250451475382, 0.227459803224, 0.265946865082, 0.599355399609, 0.87029260397, 0.651263773441, 0.535216927528, 0.614061653614, 0.44450584054, 0.25800216198, 0.194179937243, 0.159601897001, 0.283490747213, 0.516347169876, 0.416825532913, 0.20730407536, 0.178508535028, 0.188030108809, 0.604310631752, 0.938229799271, 0.573818206787, 0.202706649899, 0.137473970652, 0.134375751019, 0.224254861474, 0.355385184288, 0.386220306158, 0.69377720356],
    "chords_key": "Bb",
    "chords_scale": "minor"
}
}