{
"metadata": {
    "version": {
        "essentia": "2.1-beta6-dev",
        "essentia_git_sha": "v2.1_beta5-1177-g1d1cc983",
        "extractor": "music 2.0"
    },
    "audio_properties": {
        "analysis": {
            "equal_loudness": 0,
            "length": 275.586669922,
            "sample_rate": 44100,
            "start_time": 0,
            "downmix": "mix"
        },
        "bit_rate": 1411200,
        "length": 275.586669922,
        "lossless": 1,
        "number_channels": 2,
        "replay_gain": -10.8361988068,
        "sample_rate": 44100,
        "codec": "pcm_s16le",
        "md5_encoded": "58acf4f46f6b509ecf6ce390cb88ebc4"
    },
    "tags": {
        "file_name": "02 - Manchester Orchestra - It's Okay With Me.wav",
        "album": ["Fourteen Years Of Excellence"],
        "albumartist": ["Manchester Orchestra"],
        "artist": ["Manchester Orchestra"],
        "composer": ["Andy Hull"],
        "copyright": ["(P) 2009 Sony Music Entertainment"],
        "date": ["2009"],
        "discnumber": ["1"],
        "disctotal": ["1"],
        "genre": ["Rock"],
        "isrc": ["USSM10901938"],
        "title": ["It's Okay With Me"],
        "tracknumber": ["2"],
        "tracktotal": ["4"]
    }
},
"lowlevel": {
    "average_loudness": 0.456806749105,
    "barkbands_crest": {
        "mean": 13.2789964676
    },
    "barkbands_flatness_db": {
        "mean": 0.278850108385
    },
    "barkbands_kurtosis": {
        "mean": 10.050992012
    },
    "barkbands_skewness": {
        "mean": 2.14974975586
    },
    "barkbands_spread": {
        "mean": 8.97097110748
    },
    "dissonance": {
        "mean": 0.400357961655
    },
    "dynamic_complexity": 8.46965026855,
    "erbbands_crest": {
        "mean": 13.612036705
    },
    "erbbands_flatness_db": {
        "mean": 0.280689895153
    },
    "erbbands_kurtosis": {
        "mean": 2.05740714073
    },
    "erbbands_skewness": {
        "mean": 0.818847417831
    },
    "erbbands_spread": {
        "mean": 21.7443065643
    },
    "hfc": {
        "mean": 9.36276721954
    },
    "loudness_ebu128": {
        "integrated": -14.3965864182,
        "loudness_range": 13.6267786026,
        "momentary": {
            "mean": -21.178647995
        },
        "short_term": {
            "mean": -18.2636051178
        }
    },
    "melbands_crest": {
        "mean": 16.5845680237
    },
    "melbands_flatness_db": {
        "mean": 0.355023831129
    },
    "melbands_kurtosis": {
        "mean": 13.7366867065
    },
    "melbands_skewness": {
        "mean": 2.46133828163
    },
    "melbands_spread": {
        "mean": 12.1656074524
    },
    "pitch_salience": {
        "mean": 0.49364811182
    },
    "silence_rate_20dB": {
        "mean": 1
    },
    "silence_rate_30dB": {
        "mean": 1
    },
    "silence_rate_60dB": {
        "mean": 0.421819716692
    },
    "spectral_centroid": {
        "mean": 696.535766602
    },
    "spectral_complexity": {
        "mean": 7.18820571899
    },
    "spectral_decrease": {
        "mean": -3.45992257067e-09
    },
    "spectral_energy": {
        "mean": 0.013907795772
    },
    "spectral_energyband_high": {
        "mean": 0.000123334830278
    },
    "spectral_energyband_low": {
        "mean": 0.00251475605182
    },
    "spectral_energyband_middle_high": {
        "mean": 0.00273201009259
    },
    "spectral_energyband_middle_low": {
        "mean": 0.0091157015413
    },
    "spectral_entropy": {
        "mean": 6.23201942444
    },
    "spectral_flux": {
        "mean": 0.0319310724735
    },
    "spectral_kurtosis": {
        "mean": 25.5523929596
    },
    "spectral_rms": {
        "mean": 0.0029242830351
    },
    "spectral_rolloff": {
        "mean": 876.294250488
    },
    "spectral_skewness": {
        "mean": 3.27717041969
    },
    "spectral_spread": {
        "mean": 2297519.5
    },
    "spectral_strongpeak": {
        "mean": 0.949669599533
    },
    "zerocrossingrate": {
        "mean": 0.0314466692507
    },
    "barkbands": {
        "mean": [3.797916861e-07, 0.000129913474666, 0.00191567535512, 0.000894971424714, 0.0034902410116, 0.00136711925734, 0.00114197249059, 0.000985474558547, 0.000990001484752, 0.0004765218182, 0.000290978321573, 0.000254411570495, 0.000412127672462, 0.000192174309632, 0.000174057597178, 0.000191348881344, 0.000330535636749, 0.000399775977712, 0.000135297639645, 2.33765367739e-05, 1.40730617204e-05, 2.41126799665e-05, 1.90667178686e-05, 2.06443964998e-05, 2.6517205697e-05, 6.69363498673e-06, 3.46923513916e-07]
    },
    "erbbands": {
        "mean": [0.00127658760175, 0.0726294070482, 1.57481098175, 3.11174893379, 6.84483718872, 14.0436840057, 8.25133514404, 13.9527349472, 17.7101840973, 18.8562240601, 18.1206798553, 27.5463352203, 15.7132253647, 11.3984861374, 13.8301362991, 11.9230136871, 17.8011684418, 12.1025133133, 11.4038715363, 8.42474269867, 11.2374734879, 16.3363513947, 23.7485237122, 12.1090145111, 4.19916534424, 1.23248195648, 0.666961193085, 0.598265349865, 0.807445824146, 0.821504533291, 0.497703850269, 0.407100558281, 0.360069870949, 0.315702646971, 0.174136906862, 0.0517541468143, 0.00807452853769, 0.00080229958985, 7.59098984418e-05, 1.88850463019e-05]
    },
    "gfcc": {
        "mean": [-194.239639282, 162.434326172, -124.548301697, -12.5123615265, -44.6207046509, -29.8612709045, -53.1088829041, -1.26717042923, -26.1616573334, -22.4135513306, -20.93608284, -9.34092140198, -9.56860542297],
        "cov": [[18033.7578125, -3093.54003906, -871.185852051, 1430.4708252, -1181.9296875, 1137.90856934, -736.662963867, 326.317199707, -316.459655762, -395.387512207, -169.13684082, 167.969284058, -856.821899414], [-3093.54003906, 2497.72070312, 33.1005020142, -643.631103516, 979.654418945, -439.054046631, 350.010955811, -279.959686279, 228.967010498, -195.264007568, 116.630195618, -234.74861145, 132.432449341], [-871.185852051, 33.1005020142, 1179.15270996, 371.524780273, -51.3927650452, 250.844955444, 18.6653709412, 55.8249702454, 20.7792224884, 83.2739562988, -105.181846619, -49.9422035217, 32.5428581238], [1430.4708252, -643.631103516, 371.524780273, 918.966369629, -70.0844116211, 204.670211792, 14.2450609207, 117.815086365, 16.994392395, 44.4897003174, -44.3342475891, 29.8826293945, -54.2513389587], [-1181.9296875, 979.654418945, -51.3927650452, -70.0844116211, 692.423034668, -138.368362427, 181.14491272, -100.00717926, 108.286277771, -65.7518234253, 42.4102516174, -98.7899246216, 43.1278152466], [1137.90856934, -439.054046631, 250.844955444, 204.670211792, -138.368362427, 463.083190918, -16.3267555237, 61.5523681641, -12.0866498947, 43.2585678101, -52.1404762268, 10.4326219559, -106.945381165], [-736.662963867, 350.010955811, 18.6653709412, 14.2450609207, 181.14491272, -16.3267555237, 282.035186768, -4.16380977631, 34.3568496704, -0.0765140727162, 29.6273384094, -33.6075820923, -1.46938848495], [326.317199707, -279.959686279, 55.8249702454, 117.815086365, -100.00717926, 61.5523681641, -4.16380977631, 189.796447754, 10.5886125565, 13.3355855942, -19.2142734528, 27.8868331909, -19.2237415314], [-316.459655762, 228.967010498, 20.7792224884, 16.994392395, 108.286277771, -12.0866498947, 34.3568496704, 10.5886125565, 180.331558228, -3.27430176735, -2.56240105629, -18.9717102051, 12.8483276367], [-395.387512207, -195.264007568, 83.2739562988, 44.4897003174, -65.7518234253, 43.2585678101, -0.0765140727162, 13.3355855942, -3.27430176735, 159.268081665, 9.15458297729, 2.08672261238, 14.022726059], [-169.13684082, 116.630195618, -105.181846619, -44.3342475891, 42.4102516174, -52.1404762268, 29.6273384094, -19.2142734528, -2.56240105629, 9.15458297729, 121.568984985, 19.8589096069, -16.3267173767], [167.969284058, -234.74861145, -49.9422035217, 29.8826293945, -98.7899246216, 10.4326219559, -33.6075820923, 27.8868331909, -18.9717102051, 2.08672261238, 19.8589096069, 120.325645447, 8.02568817139], [-856.821899414, 132.432449341, 32.5428581238, -54.2513389587, 43.1278152466, -106.945381165, -1.46938848495, -19.2237415314, 12.8483276367, 14.022726059, -16.3267173767, 8.02568817139, 139.197174072]],
        "icov": [[0.000168806887814, -0.00011529996118, 0.000282012857497, -0.000346699118381, 0.000224176532356, -0.000295832986012, 0.00038130331086, -5.8439312852e-05, 0.000186286997632, 0.000341830775142, 0.000214019819396, 1.91245107999e-05, 0.000619301514234], [-0.00011529996118, 0.00343335792422, -0.00157023395877, 0.00215497380123, -0.00277378410101, 0.00142299989238, -0.00185263121966, 0.00162753672339, -0.0022138224449, 0.0026394049637, -0.00253961840644, 0.00247554504313, -0.00111347890925], [0.000282012857497, -0.00157023395877, 0.00225561647676, -0.00175182707608, 0.00149856810458, -0.00161277432926, 0.00119169184472, -0.000763471645769, 0.00114618882071, -0.000907480192836, 0.00179193250369, -0.000334402750013, 0.000438557821326], [-0.000346699118381, 0.00215497380123, -0.00175182707608, 0.00323906401172, -0.00208991090767, 0.00110175798181, -0.00175859872252, 0.000430605228757, -0.00165208510589, 0.000738069997169, -0.0015610139817, 0.000813991064206, -0.00112934841309], [0.000224176532356, -0.00277378410101, 0.00149856810458, -0.00208991090767, 0.00483378674835, -0.00115234719124, 0.000576775404625, -0.00042197064613, 0.000796014384832, -0.000808801210951, 0.00134040834382, -0.000378072465537, 0.000605830689892], [-0.000295832986012, 0.00142299989238, -0.00161277432926, 0.00110175798181, -0.00115234719124, 0.00459897983819, -0.00134353339672, 0.000557395862415, -0.00114297866821, -0.000420205673436, 0.000252783036558, 6.49171197438e-05, 0.00175859499723], [0.00038130331086, -0.00185263121966, 0.00119169184472, -0.00175859872252, 0.000576775404625, -0.00134353339672, 0.00608818279579, -0.00144093914423, 0.00133435521275, -0.000897715159226, 0.000654388626572, -0.000598190643359, 0.00187852315139], [-5.8439312852e-05, 0.00162753672339, -0.000763471645769, 0.000430605228757, -0.00042197064613, 0.000557395862415, -0.00144093914423, 0.00726400827989, -0.00195735692978, 0.00117710302584, -0.000406169448979, 9.06162968022e-05, -5.65173377254e-06], [0.000186286997632, -0.0022138224449, 0.00114618882071, -0.00165208510589, 0.000796014384832, -0.00114297866821, 0.00133435521275, -0.00195735692978, 0.00783404242247, -0.0015819396358, 0.00194650271442, -0.00121906853747, 0.000694896094501], [0.000341830775142, 0.0026394049637, -0.000907480192836, 0.000738069997169, -0.000808801210951, -0.000420205673436, -0.000897715159226, 0.00117710302584, -0.0015819396358, 0.0105642331764, -0.00360115338117, 0.00321294739842, -0.00135221611708], [0.000214019819396, -0.00253961840644, 0.00179193250369, -0.0015610139817, 0.00134040834382, 0.000252783036558, 0.000654388626572, -0.000406169448979, 0.00194650271442, -0.00360115338117, 0.0130572849885, -0.00484763272107, 0.00443010777235], [1.91245107999e-05, 0.00247554504313, -0.000334402750013, 0.000813991064206, -0.000378072465537, 6.49171197438e-05, -0.000598190643359, 9.06162968022e-05, -0.00121906853747, 0.00321294739842, -0.00484763272107, 0.0130342561752, -0.00320012774318], [0.000619301514234, -0.00111347890925, 0.000438557821326, -0.00112934841309, 0.000605830689892, 0.00175859499723, 0.00187852315139, -5.65173377254e-06, 0.000694896094501, -0.00135221611708, 0.00443010777235, -0.00320012774318, 0.0134714962915]]
    },
    "melbands": {
        "mean": [1.96880318981e-05, 0.000577214523219, 0.000616723205894, 0.00083931221161, 0.00034509919351, 0.000289336399874, 0.000261986715486, 0.000211584250792, 0.000149760846398, 0.000162614451256, 7.23165794625e-05, 4.43715143774e-05, 4.23099590989e-05, 3.54251533281e-05, 3.20054932672e-05, 3.82554244425e-05, 2.04628395295e-05, 1.86390243471e-05, 1.08727117549e-05, 1.46869597302e-05, 1.319758303e-05, 1.64718730957e-05, 2.12220456888e-05, 2.07542689168e-05, 8.60750242282e-06, 3.91337880501e-06, 1.33074036057e-06, 7.07984042947e-07, 4.47933217629e-07, 3.29408862854e-07, 3.49206430883e-07, 4.39494925786e-07, 5.07349852796e-07, 4.30050391742e-07, 2.83471479179e-07, 2.58218022964e-07, 2.39179087203e-07, 2.2712754344e-07, 2.85790747512e-07, 2.64787672677e-07]
    },
    "melbands128": {
        "mean": [2.41840297122e-07, 2.23154233936e-06, 8.44943770062e-06, 8.73260796652e-05, 0.000602618383709, 0.00101820321288, 0.000636287441012, 0.000435094552813, 0.000573630735744, 0.00117337238044, 0.000805349030998, 0.000360755337169, 0.000238907843595, 0.000247135030804, 0.000410628010286, 0.000225395575399, 0.000202882380108, 0.000379811710445, 0.000172941203346, 0.0002033191995, 0.000251384539297, 0.000143573604873, 0.00011831435404, 0.00016147842689, 0.00024390964245, 0.00013393512927, 5.6559802033e-05, 0.000101442659798, 3.33996031259e-05, 6.25868633506e-05, 3.89972265111e-05, 2.80798103631e-05, 4.31674379797e-05, 5.82847605983e-05, 3.1191346352e-05, 3.62351238437e-05, 2.89553736366e-05, 1.70926741703e-05, 5.10971985932e-05, 4.04335878557e-05, 3.90702698496e-05, 2.79827490886e-05, 1.75567820406e-05, 1.85590179171e-05, 1.73379685293e-05, 2.02410155907e-05, 1.8853790607e-05, 1.24937032524e-05, 5.29914541403e-06, 8.85099416337e-06, 2.21286281885e-05, 1.39342273542e-05, 5.52425944988e-06, 1.75838176801e-05, 2.01132897928e-05, 1.46459788084e-05, 1.09131387944e-05, 2.70261225523e-05, 2.1361740437e-05, 2.00467420655e-05, 2.86811064143e-05, 1.25479236885e-05, 9.48086744756e-06, 8.92137632036e-06, 4.91165792482e-06, 3.53941368303e-06, 3.80772758035e-06, 1.51437336626e-06, 8.33340436657e-07, 7.71689087742e-07, 6.85521058585e-07, 7.25828328996e-07, 5.88342572883e-07, 3.73486784611e-07, 2.90262192948e-07, 3.77682056296e-07, 3.02120923834e-07, 3.23146451819e-07, 3.42758511351e-07, 3.86373130823e-07, 4.39466248281e-07, 4.58235120959e-07, 4.61683754338e-07, 5.35723984285e-07, 5.21399329045e-07, 4.90247259677e-07, 3.95027086597e-07, 3.04929045569e-07, 2.82782224303e-07, 2.60847571099e-07, 2.52919079458e-07, 2.57797864833e-07, 2.69638690042e-07, 2.50916571076e-07, 2.10765421116e-07, 2.02178242148e-07, 2.16301714318e-07, 2.8291168519e-07, 3.11389044327e-07, 2.68509921852e-07, 2.638958847e-07, 2.81034175487e-07, 2.45603644089e-07, 2.22442537279e-07, 2.04249019475e-07, 1.81664887577e-07, 1.45097857285e-07, 1.11474214748e-07, 7.82943629929e-08, 6.34568948499e-08, 4.67399132731e-08, 2.94325150918e-08, 1.86777366906e-08, 1.27797461502e-08, 8.19550383113e-09, 5.92235860353e-09, 4.20784784794e-09, 3.30854255104e-09, 2.91281199161e-09, 2.03841765689e-09, 1.29511490421e-09, 8.89719131703e-10, 5.05679997875e-10, 2.73736228129e-10, 1.08120262743e-10, 1.7613585937e-11, 2.09499258219e-12, 1.52009470549e-12]
    },
    "mfcc": {
        "mean": [-840.054870605, 199.457977295, -18.0580406189, 9.50071811676, 11.9105978012, -26.6624546051, -21.2883701324, -1.6994894743, -11.5008277893, -13.2736215591, -10.9109725952, -13.5120239258, -10.2352724075],
        "cov": [[16656.515625, -2240.70043945, -1189.68115234, 482.674499512, -348.258178711, 144.626724243, -236.949111938, 749.739746094, -478.702545166, -462.546386719, 721.791564941, -262.569793701, -274.699951172], [-2240.70043945, 2584.21386719, -516.903137207, -261.294372559, 368.339447021, -56.0239944458, 69.5391387939, -60.9039993286, 9.64504146576, 26.3392562866, -151.663345337, 5.90122652054, 21.3701705933], [-1189.68115234, -516.903137207, 1252.89245605, 149.992980957, -1.51751756668, 153.078460693, 36.194519043, -40.5845336914, 158.402603149, 81.5242462158, -58.2507705688, 68.8492431641, 52.5760688782], [482.674499512, -261.294372559, 149.992980957, 658.015930176, 110.588432312, 64.6067733765, 79.0432357788, 64.4052658081, 72.1511688232, 27.4022636414, 5.85931921005, 55.9906578064, -3.20597982407], [-348.258178711, 368.339447021, -1.51751756668, 110.588432312, 352.429534912, 82.7011566162, 14.8269586563, 13.0877447128, 51.3510131836, 60.5479927063, -39.5279541016, 22.7608509064, 5.55307340622], [144.626724243, -56.0239944458, 153.078460693, 64.6067733765, 82.7011566162, 310.745849609, 74.0760269165, 34.5158119202, 46.6921005249, 52.3847846985, 29.5573310852, 23.8559131622, 17.1950073242], [-236.949111938, 69.5391387939, 36.194519043, 79.0432357788, 14.8269586563, 74.0760269165, 231.682327271, 26.1859912872, 18.3658504486, 19.624256134, 12.7779407501, 18.7966117859, 21.3371143341], [749.739746094, -60.9039993286, -40.5845336914, 64.4052658081, 13.0877447128, 34.5158119202, 26.1859912872, 252.606536865, -0.745953857899, -9.26063632965, 72.8015899658, 12.9254007339, 3.52492618561], [-478.702545166, 9.64504146576, 158.402603149, 72.1511688232, 51.3510131836, 46.6921005249, 18.3658504486, -0.745953857899, 193.780563354, 56.0165977478, -38.9225196838, 27.2188663483, 1.57251858711], [-462.546386719, 26.3392562866, 81.5242462158, 27.4022636414, 60.5479927063, 52.3847846985, 19.624256134, -9.26063632965, 56.0165977478, 172.426956177, 21.5147762299, 12.348367691, 13.0134963989], [721.791564941, -151.663345337, -58.2507705688, 5.85931921005, -39.5279541016, 29.5573310852, 12.7779407501, 72.8015899658, -38.9225196838, 21.5147762299, 179.278640747, 7.7333407402, -13.2533226013], [-262.569793701, 5.90122652054, 68.8492431641, 55.9906578064, 22.7608509064, 23.8559131622, 18.7966117859, 12.9254007339, 27.2188663483, 12.348367691, 7.7333407402, 104.51322937, 25.0956172943], [-274.699951172, 21.3701705933, 52.5760688782, -3.20597982407, 5.55307340622, 17.1950073242, 21.3371143341, 3.52492618561, 1.57251858711, 13.0134963989, -13.2533226013, 25.0956172943, 94.8417510986]],
        "icov": [[0.000125906939502, 8.74809993547e-05, 0.000108633248601, -0.000103300568298, -1.67463749676e-05, -0.0001413415157, 0.000143438461237, -0.000217999360757, 9.57234733505e-05, 0.000289386283839, -0.000312209682306, 0.000265339680482, 0.000128556857817], [8.74809993547e-05, 0.000670016685035, 0.00031648541335, 0.000274826626992, -0.000709527521394, 8.17180698505e-05, -0.000248449941864, -0.000113857226097, 8.0839763541e-06, 0.000158384034876, 0.000188649282791, -2.1940235456e-05, 3.3409716707e-05], [0.000108633248601, 0.00031648541335, 0.00120245467406, -0.000128458719701, 5.10092977493e-05, -0.000506786163896, 0.000103240410681, -7.64271408116e-06, -0.000514331506565, -3.42853081747e-06, 0.000192731036805, -0.000195427361177, -0.000274002144579], [-0.000103300568298, 0.000274826626992, -0.000128458719701, 0.00210770312697, -0.000881335465237, 0.000283866334939, -0.000826187024359, -0.000171937659616, -0.000443017925136, -0.000145858502947, 0.000413608300732, -0.000998130533844, 0.00032300199382], [-1.67463749676e-05, -0.000709527521394, 5.10092977493e-05, -0.000881335465237, 0.00442660599947, -0.00111804076005, 0.000663692248054, -0.000327371351887, -0.000118053831102, -0.00119923416059, 0.000907032750547, -0.000301728665363, 0.000232770427829], [-0.0001413415157, 8.17180698505e-05, -0.000506786163896, 0.000283866334939, -0.00111804076005, 0.00439296290278, -0.001326499274, 1.00178076536e-05, -0.000518858723808, -0.000703821366187, -0.000461942894617, -0.000341940030921, -0.000439089752035], [0.000143438461237, -0.000248449941864, 0.000103240410681, -0.000826187024359, 0.000663692248054, -0.001326499274, 0.00530962366611, -0.000477228517411, 3.59753867087e-05, 0.000152915890794, -0.000622054445557, 0.000210764774238, -0.000753160624299], [-0.000217999360757, -0.000113857226097, -7.64271408116e-06, -0.000171937659616, -0.000327371351887, 1.00178076536e-05, -0.000477228517411, 0.0051989001222, -0.000683986116201, 0.000428349274443, -0.00160576263443, -0.000489433587063, -0.00081816141028], [9.57234733505e-05, 8.0839763541e-06, -0.000514331506565, -0.000443017925136, -0.000118053831102, -0.000518858723808, 3.59753867087e-05, -0.000683986116201, 0.00714287860319, -0.00183140696026, 0.00171639374457, -0.0010479085613, 0.00131388299633], [0.000289386283839, 0.000158384034876, -3.42853081747e-06, -0.000145858502947, -0.00119923416059, -0.000703821366187, 0.000152915890794, 0.000428349274443, -0.00183140696026, 0.00815258268267, -0.00284296623431, 0.0010606306605, -0.000819241569843], [-0.000312209682306, 0.000188649282791, 0.000192731036805, 0.000413608300732, 0.000907032750547, -0.000461942894617, -0.000622054445557, -0.00160576263443, 0.00171639374457, -0.00284296623431, 0.00891533214599, -0.00201568822376, 0.00133145414293], [0.000265339680482, -2.1940235456e-05, -0.000195427361177, -0.000998130533844, -0.000301728665363, -0.000341940030921, 0.000210764774238, -0.000489433587063, -0.0010479085613, 0.0010606306605, -0.00201568822376, 0.0120082423091, -0.00268877064809], [0.000128556857817, 3.3409716707e-05, -0.000274002144579, 0.00032300199382, 0.000232770427829, -0.000439089752035, -0.000753160624299, -0.00081816141028, 0.00131388299633, -0.000819241569843, 0.00133145414293, -0.00268877064809, 0.0123254945502]]
    },
    "spectral_contrast_coeffs": {
        "mean": [-0.58340716362, -0.678623437881, -0.719557225704, -0.762929439545, -0.745367288589, -0.82742536068]
    },
    "spectral_contrast_valleys": {
        "mean": [-8.61009120941, -8.01320552826, -9.2543964386, -9.61038303375, -10.1817083359, -13.2452306747]
    }
},
"rhythm": {
    "beats_count": 565,
    "beats_loudness": {
        "mean": 0.0168331861496
    },
    "bpm": 105.160400391,
    "bpm_histogram_first_peak_bpm": 105,
    "bpm_histogram_first_peak_weight": 0.713513493538,
    "bpm_histogram_second_peak_bpm": 157,
    "bpm_histogram_second_peak_spread": 0.417582392693,
    "bpm_histogram_second_peak_weight": 0.093971632421,
    "danceability": 0.81208717823,
    "onset_rate": 2.27858829498,
    "beats_loudness_band_ratio": {
        "mean": [0.283623605967, 0.394008994102, 0.234613716602, 0.0643248856068, 0.0565688498318, 0.0216140542179]
    },
    "beats_position": [0.615328788757, 1.23065757751, 1.8111563921, 2.40326523781, 2.97215414047, 3.55265307426, 4.13315200806, 4.73687076569, 5.34058952332, 5.92108821869, 6.51319694519, 7.10530614853, 7.6858048439, 8.27791404724, 8.85841274261, 9.43891143799, 10.0078001022, 10.4489793777, 10.8901586533, 11.3197278976, 11.749297142, 12.1556463242, 12.5619955063, 12.9683446884, 13.3746938705, 13.7810430527, 14.1873922348, 14.5937414169, 14.9884805679, 15.3948297501, 15.7895689011, 16.1843090057, 16.5790481567, 16.9853973389, 17.391746521, 17.786485672, 18.1928348541, 18.5991840363, 19.0171432495, 19.4118824005, 19.8066215515, 20.2013607025, 20.5960998535, 21.0721092224, 21.548116684, 22.0241260529, 22.3840351105, 22.7555541992, 23.1154651642, 23.4753742218, 23.8468933105, 24.2068023682, 24.5783214569, 24.9382305145, 25.286529541, 25.6464385986, 26.0063495636, 26.3662586212, 26.7261676788, 27.0976867676, 27.4575958252, 27.8175048828, 28.1774139404, 28.5141029358, 28.8624038696, 29.2107028961, 29.5590019226, 29.9305210114, 30.3020401001, 30.6735591888, 31.0334682465, 31.4165973663, 31.7997264862, 32.1828575134, 32.542766571, 32.9142837524, 33.2741928101, 33.6341018677, 34.0056228638, 34.3655319214, 34.7370529175, 35.1085700989, 35.4916992188, 35.9561004639, 36.4321098328, 36.9197273254, 37.5234451294, 38.1155548096, 38.7076644897, 39.2997741699, 39.8918800354, 40.4723815918, 41.0528793335, 41.6333770752, 42.2254867554, 42.8175964355, 43.4097061157, 43.9902038574, 44.5707015991, 45.0815429688, 45.6039886475, 46.1380500793, 46.6721076965, 47.1945571899, 47.7982749939, 48.4019927979, 49.0057144165, 49.6210403442, 50.2247619629, 50.8168716431, 51.4089775085, 51.9894790649, 52.5467567444, 53.1156463623, 53.5800437927, 54.0560531616, 54.5204544067, 54.9964599609, 55.4608612061, 55.936870575, 56.4012680054, 56.8772773743, 57.3648986816, 57.8409042358, 58.2356452942, 58.6303825378, 59.03673172, 59.4779129028, 59.9307022095, 60.3950996399, 60.8362808228, 61.2774581909, 61.7186393738, 62.1714286804, 62.6009979248, 63.042175293, 63.4717445374, 63.9013137817, 64.3192749023, 64.7256240845, 65.1319732666, 65.5150985718, 65.8982315063, 66.29296875, 66.6877059937, 67.0824508667, 67.4888000488, 67.895149231, 68.3595428467, 68.8239440918, 69.2883453369, 69.7527389526, 70.2984085083, 70.8556900024, 71.4013595581, 71.9354171753, 72.4578704834, 72.9919281006, 73.5259857178, 74.060043335, 74.6057128906, 75.1629943848, 75.7086639404, 76.2543258667, 76.7999954224, 77.368888855, 77.9377746582, 78.5066680908, 79.075553894, 79.6444396973, 80.2249450684, 80.7822189331, 81.3511123657, 81.9199981689, 82.4772796631, 83.0461654663, 83.6150588989, 84.1955566406, 84.7644424438, 85.3333282471, 85.8906097412, 86.4478912354, 87.0051651001, 87.5624465942, 88.1197280884, 88.6770019531, 89.2342834473, 89.7915649414, 90.3488388062, 90.9061203003, 91.4634017944, 92.0438995361, 92.5663452148, 93.0887985229, 93.6112442017, 94.0175933838, 94.4239425659, 94.830291748, 95.2250289917, 95.6197738647, 96.0145111084, 96.3860321045, 96.7691574097, 97.1522903442, 97.5470275879, 97.9301605225, 98.3365097046, 98.7428588867, 99.1492080688, 99.555557251, 99.9619064331, 100.368255615, 100.774604797, 101.215782166, 101.668571472, 102.121360779, 102.574150085, 103.026939392, 103.491333008, 103.932518005, 104.420135498, 104.907752991, 105.406982422, 105.906211853, 106.417053223, 106.927886963, 107.427116394, 107.926345825, 108.413963318, 108.90158844, 109.389205933, 109.969703674, 110.526985168, 111.10748291, 111.676368713, 112.233650208, 112.790924072, 113.359817505, 113.917098999, 114.497596741, 115.078094482, 115.658592224, 116.250701904, 116.842811584, 117.400085449, 117.945755005, 118.491424561, 119.048706055, 119.605987549, 120.174873352, 120.743759155, 121.301040649, 121.869926453, 122.438819885, 122.99609375, 123.553375244, 124.122268677, 124.69115448, 125.260040283, 125.828933716, 126.386207581, 126.943489075, 127.512374878, 128.069656372, 128.638549805, 129.195831299, 129.764709473, 130.345214844, 130.890884399, 131.436553955, 131.970611572, 132.539505005, 133.108383179, 133.677276611, 134.234558105, 134.803451538, 135.372329712, 135.952835083, 136.521713257, 137.090606689, 137.647888184, 138.216781616, 138.77406311, 139.331329346, 139.900222778, 140.469116211, 141.037994385, 141.641723633, 142.245437622, 142.849151611, 143.441268921, 144.056594849, 144.660308838, 145.275650024, 145.798095703, 146.33215332, 146.866210938, 147.284164429, 147.702133179, 148.108474731, 148.526443481, 148.944396973, 149.362350464, 149.780319214, 150.209884644, 150.627838135, 151.034194946, 151.440536499, 151.858505249, 152.264846802, 152.682815552, 153.089157104, 153.495513916, 153.913467407, 154.31980896, 154.702941895, 155.086074829, 155.469207764, 155.84072876, 156.223846436, 156.60697937, 156.990112305, 157.373245239, 157.756362915, 158.13949585, 158.522628784, 158.89414978, 159.277282715, 159.660400391, 160.031921387, 160.415054321, 160.798187256, 161.181304932, 161.564437866, 161.935958862, 162.330703735, 162.737045288, 163.155014038, 163.65423584, 164.141860962, 164.629470825, 165.117095947, 165.604721069, 166.092330933, 166.684448242, 167.276550293, 167.868652344, 168.460769653, 169.041259766, 169.621765137, 170.202270508, 170.78276062, 171.363265991, 171.955368042, 172.535873413, 173.104751587, 173.67364502, 174.230926514, 174.799819946, 175.345489502, 175.891159058, 176.448425293, 176.97088623, 177.493331909, 178.015777588, 178.515014648, 179.002624512, 179.490249634, 179.977859497, 180.477096558, 180.976318359, 181.545211792, 182.102493286, 182.671386719, 183.240264893, 183.809158325, 184.366439819, 184.923721313, 185.480987549, 186.038269043, 186.595550537, 187.152832031, 187.710113525, 188.255783081, 188.801452637, 189.358734131, 189.904388428, 190.450057983, 191.007339478, 191.564620972, 192.098678589, 192.632736206, 193.166793823, 193.584762573, 194.014328003, 194.432281494, 194.815414429, 195.186935425, 195.558456421, 195.941589355, 196.324707031, 196.696228027, 197.067749023, 197.43927002, 197.810791016, 198.19392395, 198.588653564, 198.995010376, 199.401351929, 199.80770874, 200.202438354, 200.701675415, 201.224121094, 201.734954834, 202.315460205, 202.895965576, 203.476455688, 204.068572998, 204.660675049, 205.264389038, 205.879730225, 206.495056152, 207.121994019, 207.748931885, 208.352645874, 208.956375122, 209.560089111, 210.152191162, 210.744308472, 211.406066895, 212.079452515, 212.671554565, 213.252059937, 213.844161987, 214.436279297, 215.016769409, 215.59727478, 216.177780151, 216.781494141, 217.350387573, 217.919265747, 218.476547241, 219.045440674, 219.614334106, 220.18321228, 220.740493774, 221.309387207, 221.866668701, 222.423934937, 223.027664185, 223.619766235, 224.211883545, 224.792373657, 225.36126709, 225.930160522, 226.510650635, 227.091156006, 227.567153931, 228.054779053, 228.554016113, 229.00680542, 229.459594727, 229.912384033, 230.341949463, 230.748291016, 231.154647827, 231.549377441, 231.955734253, 232.362075806, 232.780044556, 233.197998047, 233.615966797, 234.033920288, 234.451873779, 234.881454468, 235.311019897, 235.740585327, 236.170150757, 236.553283691, 236.936416626, 237.319549561, 237.702667236, 238.085800171, 238.468933105, 238.840454102, 239.223571777, 239.61831665, 240.013061523, 240.396179199, 240.767700195, 241.15083313, 241.533966064, 241.905487061, 242.288604736, 242.671737671, 243.054870605, 243.43800354, 243.809524536, 244.192642212, 244.575775146, 244.947296143, 245.330429077, 245.713562012, 246.085067749, 246.456588745, 246.828109741, 247.199630737, 247.571151733, 247.965896606, 248.360626221, 248.743759155, 249.12689209, 249.510025024, 249.916366577, 250.31111145, 250.705841064, 251.088973999, 251.472106934, 251.866836548, 252.261581421, 252.702758789, 253.167160034, 253.631561279, 254.235275269, 254.839004517, 255.431106567, 256.023223877, 256.626922607, 257.230651855, 257.822753906, 258.414855957, 258.995361328, 259.575866699, 260.179595947, 260.783294678, 261.375427246, 261.9559021, 262.548034668, 263.128509521, 263.709014893, 264.301116943, 264.904846191, 265.508575439, 266.123901367, 266.750823975, 267.366149902, 267.87701416, 268.376220703, 268.875457764, 269.258575439, 269.653320312, 270.048065186, 270.442810059, 270.802703857, 271.162628174, 271.510925293, 271.870819092, 272.242340088, 272.613861084, 272.9737854, 273.345306396, 273.716827393, 274.088348389, 274.459869385, 274.831390381],
    "bpm_histogram": [0, 0, 0, 0, 0, 0, 0, 0, 0, 0, 0, 0, 0, 0, 0, 0, 0, 0, 0, 0, 0, 0, 0, 0, 0, 0, 0, 0, 0, 0, 0, 0, 0, 0, 0, 0, 0, 0, 0, 0, 0, 0, 0, 0, 0, 0, 0, 0, 0, 0, 0, 0, 0, 0, 0, 0, 0, 0, 0, 0, 0, 0, 0, 0, 0, 0, 0, 0, 0, 0, 0, 0, 0, 0, 0, 0, 0, 0, 0, 0, 0, 0, 0, 0, 0, 0, 0, 0, 0, 0.00177304958925, 0, 0.00177304958925, 0, 0, 0, 0, 0.00531914876774, 0, 0.014184396714, 0.0443262420595, 0, 0.0656028389931, 0, 0.0780141875148, 0, 0.093971632421, 0, 0, 0.0904255285859, 0, 0.0283687934279, 0, 0.021276595071, 0, 0, 0.0195035468787, 0, 0.00886524841189, 0, 0, 0.021276595071, 0, 0, 0.0283687934279, 0, 0, 0.0177304968238, 0, 0, 0.0230496451259, 0, 0, 0, 0.0159574467689, 0, 0, 0.0177304968238, 0, 0, 0, 0.021276595071, 0, 0, 0, 0.0354609936476, 0, 0, 0, 0.0762411355972, 0, 0, 0, 0.0585106387734, 0, 0, 0, 0, 0.093971632421, 0, 0, 0, 0.06737588346, 0.00177304958925, 0, 0, 0, 0, 0.0372340418398, 0, 0, 0, 0, 0.00886524841189, 0, 0, 0, 0, 0, 0.00177304958925, 0, 0, 0, 0, 0, 0, 0, 0, 0, 0, 0, 0, 0, 0, 0, 0, 0, 0, 0, 0, 0, 0, 0, 0, 0, 0, 0, 0, 0, 0, 0, 0, 0, 0, 0, 0, 0, 0, 0, 0, 0, 0, 0, 0, 0, 0, 0, 0, 0, 0, 0, 0, 0, 0, 0, 0, 0, 0, 0, 0, 0, 0, 0, 0, 0, 0, 0, 0, 0, 0, 0]
},
"tonal": {
    "chords_changes_rate": 0.0480121299624,
    "chords_number_rate": 0.00134770886507,
    "chords_strength": {
        "mean": 0.515218496323
    },
    "hpcp_crest": {
        "mean": 20.6618213654
    },
    "hpcp_entropy": {
        "mean": 1.24189674854
    },
    "key_edma": {
        "strength": 0.713958799839,
        "key": "F",
        "scale": "major"
    },
    "key_krumhansl": {
        "strength": 0.722455739975,
        "key": "F",
        "scale": "major"
    },
    "key_temperley": {
        "strength": 0.720890462399,
        "key": "F",
        "scale": "major"
    },
    "tuning_diatonic_strength": 0.603322446346,
    "tuning_equal_tempered_deviation": 0.0912259072065,
    "tuning_frequency": 438.477722168,
    "tuning_nontempered_energy_ratio": 0.683475613594,
    "hpcp": {
        "mean": [0.234048351645, 0.164085701108, 0.0761654451489, 0.119929693639, 0.0862240567803, 0.0181170720607, 0.0174939148128, 0.0221918653697, 0.118203364313, 0.264794826508, 0.177701026201, 0.0285549163818, 0.0178862344474, 0.0161892920732, 0.036937519908, 0.0728483721614, 0.0562160052359, 0.0268011912704, 0.0202758349478, 0.0147459851578, 0.0470192246139, 0.107088908553, 0.0900759100914, 0.182215094566, 0.478817999363, 0.335930287838, 0.0336411967874, 0.0258947405964, 0.0218990128487, 0.0408905036747, 0.0691945031285, 0.0532161220908, 0.0260457973927, 0.0238525699824, 0.0343159623444, 0.124814808369]
    },
    "chords_histogram": [38.5613212585, 18.9016170502, 8.27156352997, 0, 0.286388128996, 0, 0.421159029007, 0, 3.41981124878, 0, 0, 0, 0, 0.13477088511, 0, 4.07681941986, 0, 5.00336933136, 0, 0.067385442555, 0, 0.336927235126, 11.5397577286, 8.97911071777],
    "thpcp": [1, 0.701582431793, 0.0702588409185, 0.0540805496275, 0.0457355678082, 0.0853988453746, 0.144511073828, 0.111140601337, 0.0543960295618, 0.0498155243695, 0.071668073535, 0.260672748089, 0.488804399967, 0.342689096928, 0.15906971693, 0.25047031045, 0.180076897144, 0.0378370732069, 0.0365356244147, 0.0463471822441, 0.246864914894, 0.553017675877, 0.371124356985, 0.0596362650394, 0.0373549759388, 0.0338109508157, 0.0771431326866, 0.152142092586, 0.11740578711, 0.055973649025, 0.04234559834, 0.0307966396213, 0.0981985330582, 0.223652631044, 0.188121393323, 0.38055190444],
    "chords_key": "F",
    "chords_scale": "major"
}
}