{
"metadata": {
    "version": {
        "essentia": "2.1-beta6-dev",
        "essentia_git_sha": "v2.1_beta5-1177-g1d1cc983",
        "extractor": "music 2.0"
    },
    "audio_properties": {
        "analysis": {
            "equal_loudness": 0,
            "length": 347.600006104,
            "sample_rate": 44100,
            "start_time": 0,
            "downmix": "mix"
        },
        "bit_rate": 1411200,
        "length": 347.600006104,
        "lossless": 1,
        "number_channels": 2,
        "replay_gain": -14.8455867767,
        "sample_rate": 44100,
        "codec": "pcm_s16le",
        "md5_encoded": "677ff9b28d70201ef4cfaeaa11b17a00"
    },
    "tags": {
        "file_name": "04 - Manchester Orchestra - Pride (Album Version).wav",
        "album": ["Mean Everything To Nothing"],
        "albumartist": ["Manchester Orchestra"],
        "artist": ["Manchester Orchestra"],
        "composer": ["Andy Hull"],
        "copyright": ["(P) 2009 Sony Music Entertainment"],
        "date": ["2009"],
        "discnumber": ["1"],
        "disctotal": ["1"],
        "genre": ["Pop\/Rock"],
        "isrc": ["USSM10900801"],
        "title": ["Pride (Album Version)"],
        "tracknumber": ["4"],
        "tracktotal": ["12"]
    }
},
"lowlevel": {
    "average_loudness": 0.829098045826,
    "barkbands_crest": {
        "mean": 10.4498186111
    },
    "barkbands_flatness_db": {
        "mean": 0.15681040287
    },
    "barkbands_kurtosis": {
        "mean": 7.62704944611
    },
    "barkbands_skewness": {
        "mean": 2.06350183487
    },
    "barkbands_spread": {
        "mean": 25.0432243347
    },
    "dissonance": {
        "mean": 0.466778308153
    },
    "dynamic_complexity": 3.95720076561,
    "erbbands_crest": {
        "mean": 6.93988895416
    },
    "erbbands_flatness_db": {
        "mean": 0.147515833378
    },
    "erbbands_kurtosis": {
        "mean": 0.581125378609
    },
    "erbbands_skewness": {
        "mean": 0.130029439926
    },
    "erbbands_spread": {
        "mean": 50.5058059692
    },
    "hfc": {
        "mean": 22.4072151184
    },
    "loudness_ebu128": {
        "integrated": -7.20335197449,
        "loudness_range": 14.1505002975,
        "momentary": {
            "mean": -9.62806224823
        },
        "short_term": {
            "mean": -9.34677505493
        }
    },
    "melbands_crest": {
        "mean": 15.0904941559
    },
    "melbands_flatness_db": {
        "mean": 0.235335499048
    },
    "melbands_kurtosis": {
        "mean": 24.9565448761
    },
    "melbands_skewness": {
        "mean": 3.73138618469
    },
    "melbands_spread": {
        "mean": 20.6435146332
    },
    "pitch_salience": {
        "mean": 0.563452839851
    },
    "silence_rate_20dB": {
        "mean": 1
    },
    "silence_rate_30dB": {
        "mean": 0.974350392818
    },
    "silence_rate_60dB": {
        "mean": 0.11502237618
    },
    "spectral_centroid": {
        "mean": 1431.93237305
    },
    "spectral_complexity": {
        "mean": 24.7911968231
    },
    "spectral_decrease": {
        "mean": -7.73588570979e-09
    },
    "spectral_energy": {
        "mean": 0.031229481101
    },
    "spectral_energyband_high": {
        "mean": 0.00138294650242
    },
    "spectral_energyband_low": {
        "mean": 0.0169812142849
    },
    "spectral_energyband_middle_high": {
        "mean": 0.00425089616328
    },
    "spectral_energyband_middle_low": {
        "mean": 0.0108181443065
    },
    "spectral_entropy": {
        "mean": 7.51563215256
    },
    "spectral_flux": {
        "mean": 0.0746522247791
    },
    "spectral_kurtosis": {
        "mean": 12.1627483368
    },
    "spectral_rms": {
        "mean": 0.00500383321196
    },
    "spectral_rolloff": {
        "mean": 1358.70581055
    },
    "spectral_skewness": {
        "mean": 1.78076481819
    },
    "spectral_spread": {
        "mean": 4461166
    },
    "spectral_strongpeak": {
        "mean": 0.424390226603
    },
    "zerocrossingrate": {
        "mean": 0.0567105524242
    },
    "barkbands": {
        "mean": [8.08168624644e-05, 0.00970679521561, 0.00505328737199, 0.00382247869857, 0.00304634100758, 0.00187628297135, 0.000860546133481, 0.000477954046801, 0.000610390270595, 0.000328181748046, 0.000345878186636, 0.00039396630018, 0.000313884811476, 0.000258246756857, 0.000339314283337, 0.000462276482722, 0.000602212559897, 0.000476692483062, 0.000532009173185, 0.000479256443214, 0.000364732550224, 0.000259087653831, 0.000183693467989, 0.000204173906241, 0.000113911111839, 3.3693806472e-05, 3.19833293361e-06]
    },
    "erbbands": {
        "mean": [0.179670661688, 2.51949715614, 6.12760639191, 10.0821304321, 10.7484817505, 11.1578302383, 12.8372058868, 13.4025278091, 13.3030614853, 10.7995891571, 12.3766031265, 12.9032211304, 11.8211297989, 14.3062610626, 10.8282461166, 15.8623180389, 14.9657115936, 13.2668476105, 15.7150821686, 18.4797325134, 31.1173057556, 33.5588798523, 26.490442276, 26.3580970764, 28.0216255188, 22.033121109, 17.0098018646, 12.5982465744, 9.89712524414, 6.50080060959, 5.38951969147, 4.61894369125, 3.06271386147, 1.49635314941, 0.685644209385, 0.226462677121, 0.0504967533052, 0.00604598037899, 0.00057544518495, 6.97158247931e-05]
    },
    "gfcc": {
        "mean": [-18.0958137512, 101.086723328, -98.3457870483, 52.5725326538, -49.3608551025, 6.76600646973, -31.8072814941, 5.40896081924, -23.5560455322, -3.0958738327, -15.7297210693, 0.290616840124, -8.58249950409],
        "cov": [[19533.4863281, -4984.203125, -4290.078125, 1815.70800781, -757.712280273, 1185.71875, -704.842956543, 1398.26635742, 548.846008301, 1150.87866211, -125.884368896, -121.168197632, -496.724334717], [-4984.203125, 2464.35595703, 499.828399658, -438.58706665, 480.745452881, -527.113708496, 498.948730469, -554.278503418, 53.9056777954, -284.162597656, 127.480529785, 9.48504734039, 221.035217285], [-4290.078125, 499.828399658, 1670.21582031, -448.586578369, 1.7651860714, -89.0883331299, -45.2780189514, -188.895584106, -252.287704468, -271.828826904, -32.8127059937, 36.1718521118, 60.2632408142], [1815.70800781, -438.58706665, -448.586578369, 520.495849609, -26.6771640778, 21.7246818542, 0.816197097301, 110.672843933, 115.536621094, 114.502639771, -12.0479040146, -23.5648784637, 0.565657019615], [-757.712280273, 480.745452881, 1.7651860714, -26.6771640778, 274.830383301, -87.8344192505, 157.672927856, -110.132667542, 42.0179595947, -28.1750774384, 37.0831680298, 8.6692905426, 44.5146865845], [1185.71875, -527.113708496, -89.0883331299, 21.7246818542, -87.8344192505, 283.222015381, -107.008857727, 143.361251831, -26.6171455383, 64.0717391968, -10.8605480194, -9.7271270752, -61.0293006897], [-704.842956543, 498.948730469, -45.2780189514, 0.816197097301, 157.672927856, -107.008857727, 282.657562256, -108.478164673, 62.2880821228, -47.3869972229, 28.4922657013, 3.01608324051, 59.6577987671], [1398.26635742, -554.278503418, -188.895584106, 110.672843933, -110.132667542, 143.361251831, -108.478164673, 241.040100098, 30.1863384247, 86.665802002, -29.0954532623, -10.8394365311, -49.1920585632], [548.846008301, 53.9056777954, -252.287704468, 115.536621094, 42.0179595947, -26.6171455383, 62.2880821228, 30.1863384247, 146.825637817, 61.6094551086, 19.5268287659, -8.12270832062, 7.29447221756], [1150.87866211, -284.162597656, -271.828826904, 114.502639771, -28.1750774384, 64.0717391968, -47.3869972229, 86.665802002, 61.6094551086, 145.564544678, 18.2925205231, 4.73193073273, -31.1567745209], [-125.884368896, 127.480529785, -32.8127059937, -12.0479040146, 37.0831680298, -10.8605480194, 28.4922657013, -29.0954532623, 19.5268287659, 18.2925205231, 84.2308731079, 21.9817752838, 11.4284276962], [-121.168197632, 9.48504734039, 36.1718521118, -23.5648784637, 8.6692905426, -9.7271270752, 3.01608324051, -10.8394365311, -8.12270832062, 4.73193073273, 21.9817752838, 63.94921875, 19.6927223206], [-496.724334717, 221.035217285, 60.2632408142, 0.565657019615, 44.5146865845, -61.0293006897, 59.6577987671, -49.1920585632, 7.29447221756, -31.1567745209, 11.4284276962, 19.6927223206, 80.3233718872]],
        "icov": [[0.000491868529934, 0.000442992459284, 0.000849852280226, -0.000344239262631, 0.000105462910142, -0.00055571529083, 5.57320345251e-05, -0.000283335335553, -0.000146558653796, -0.000635561533272, 0.000258366111666, -2.11090009543e-05, 0.000227128664847], [0.000442992459284, 0.00278829154558, 0.000721107411664, 0.00125840422697, -0.00117002497427, 0.00117671489716, -0.000914977805223, 0.00161773408763, -0.00168067228515, 0.00067496864358, -0.00156904500909, 0.00207172404043, -0.00214069266804], [0.000849852280226, 0.000721107411664, 0.0025766894687, -0.00017769447004, 0.000159316521604, -0.000921294675209, 0.000510828569531, -0.000412296765717, 0.000622559862677, 0.000148956591147, 0.000586778973229, -0.00038803278585, -6.80532248225e-05], [-0.000344239262631, 0.00125840422697, -0.00017769447004, 0.0042525860481, -0.000687277817633, 0.00176126649603, -0.000684770580847, 0.000736301590223, -0.00182885711547, 4.79006339447e-05, -0.000625632703304, 0.00227906485088, -0.00309478840791], [0.000105462910142, -0.00117002497427, 0.000159316521604, -0.000687277817633, 0.00666087772697, -0.00103426945861, -0.00188140850514, 0.00053218670655, -0.00016365913325, -0.0012048908975, 0.000116969917144, -0.00106833176687, 0.000796005537268], [-0.00055571529083, 0.00117671489716, -0.000921294675209, 0.00176126649603, -0.00103426945861, 0.00783935561776, -0.000647662673146, -0.0015168369282, 0.00129513652064, 0.000304671673803, -0.002450308064, 0.00205411179923, -6.87106876285e-05], [5.57320345251e-05, -0.000914977805223, 0.000510828569531, -0.000684770580847, -0.00188140850514, -0.000647662673146, 0.00734579516575, 0.000487660232466, -0.00207868916914, 0.00190472777467, 0.00037200236693, -0.000601171341259, -0.00110051012598], [-0.000283335335553, 0.00161773408763, -0.000412296765717, 0.000736301590223, 0.00053218670655, -0.0015168369282, 0.000487660232466, 0.0106578320265, -0.00354005512781, -0.000307403010083, 0.00100692838896, 0.000845044851303, -0.00133041327354], [-0.000146558653796, -0.00168067228515, 0.000622559862677, -0.00182885711547, -0.00016365913325, 0.00129513652064, -0.00207868916914, -0.00354005512781, 0.0144384661689, -0.00465679913759, -0.000610829214565, 0.00090909586288, 0.000461458461359], [-0.000635561533272, 0.00067496864358, 0.000148956591147, 4.79006339447e-05, -0.0012048908975, 0.000304671673803, 0.00190472777467, -0.000307403010083, -0.00465679913759, 0.0167801771313, -0.00429964577779, -0.00210694083944, 0.00145656010136], [0.000258366111666, -0.00156904500909, 0.000586778973229, -0.000625632703304, 0.000116969917144, -0.002450308064, 0.00037200236693, 0.00100692838896, -0.000610829214565, -0.00429964577779, 0.0171200353652, -0.00613542692736, 0.00134950701613], [-2.11090009543e-05, 0.00207172404043, -0.00038803278585, 0.00227906485088, -0.00106833176687, 0.00205411179923, -0.000601171341259, 0.000845044851303, 0.00090909586288, -0.00210694083944, -0.00613542692736, 0.0217611268163, -0.00780168035999], [0.000227128664847, -0.00214069266804, -6.80532248225e-05, -0.00309478840791, 0.000796005537268, -6.87106876285e-05, -0.00110051012598, -0.00133041327354, 0.000461458461359, 0.00145656010136, 0.00134950701613, -0.00780168035999, 0.0215709395707]]
    },
    "melbands": {
        "mean": [0.002241168404, 0.0033129719086, 0.0017572704237, 0.000765678822063, 0.000438219838543, 0.000321963481838, 0.000201924631256, 0.000114586982818, 0.000104100865428, 8.18172193249e-05, 5.72636963625e-05, 5.56186387257e-05, 3.75547606382e-05, 4.04204183724e-05, 4.09182284784e-05, 3.01123309328e-05, 2.37597560044e-05, 2.36610376305e-05, 2.75293332379e-05, 2.58347790805e-05, 3.84999766538e-05, 3.755994112e-05, 2.46642212005e-05, 2.20877136599e-05, 2.10295202123e-05, 2.06085933314e-05, 1.8887436454e-05, 1.34419015012e-05, 1.1443380572e-05, 8.02444628789e-06, 7.01634598954e-06, 5.62511513635e-06, 4.6923228183e-06, 3.25467067341e-06, 3.29241424879e-06, 2.6997815894e-06, 2.77579329122e-06, 2.19511139221e-06, 1.72319437297e-06, 1.11459519303e-06]
    },
    "melbands128": {
        "mean": [7.3929411883e-05, 0.000881095067598, 0.00333955069073, 0.00449605239555, 0.00351087958552, 0.00232838792726, 0.00212031579576, 0.00177482364234, 0.000949589768425, 0.000755401095375, 0.000648133980576, 0.000339658319717, 0.000460130861029, 0.000462830910692, 0.000247579504503, 0.000316552177537, 0.000260094093392, 0.000148895065649, 0.000189626560314, 9.38997036428e-05, 0.000101886034827, 0.000101413708762, 0.000106123945443, 0.000112777743198, 6.84330661898e-05, 8.63844979904e-05, 6.48046552669e-05, 5.7942175772e-05, 4.78079055029e-05, 3.48454195773e-05, 8.03581351647e-05, 5.77845676162e-05, 2.26702450163e-05, 3.10203322442e-05, 4.05272367061e-05, 4.35485962953e-05, 3.85637576983e-05, 5.25108989677e-05, 3.11846342811e-05, 3.00266547129e-05, 3.33528187184e-05, 2.37439471675e-05, 2.38237262238e-05, 2.23718379857e-05, 2.46788767981e-05, 2.21745995077e-05, 2.34912131418e-05, 3.63098042726e-05, 2.33258397202e-05, 1.93641699298e-05, 2.48927026405e-05, 3.31449373334e-05, 3.88295266021e-05, 4.10807369917e-05, 3.94013550249e-05, 4.24639547418e-05, 3.08582311845e-05, 2.21363316086e-05, 2.38981228904e-05, 2.6184534363e-05, 2.15469153773e-05, 1.82925905392e-05, 2.35181651078e-05, 2.16910011659e-05, 1.81555806194e-05, 2.05646429094e-05, 2.25700405281e-05, 1.98432626348e-05, 1.83320680662e-05, 1.68256938196e-05, 1.30880571305e-05, 1.23997660921e-05, 1.14121075967e-05, 1.27597741084e-05, 9.19682406675e-06, 8.02273189038e-06, 7.42622978578e-06, 7.51938705434e-06, 7.45101169741e-06, 6.01737428951e-06, 5.14172234034e-06, 5.98820633968e-06, 5.49383685211e-06, 4.82752329845e-06, 3.83379165214e-06, 2.87344050776e-06, 2.99191128761e-06, 3.96074528908e-06, 3.4525078263e-06, 2.84265047412e-06, 2.42015062213e-06, 2.48086735155e-06, 3.39329176313e-06, 3.11453823088e-06, 2.15992076846e-06, 2.1808486963e-06, 2.22726680477e-06, 2.22036806008e-06, 1.77927654477e-06, 1.49481741119e-06, 1.20920560676e-06, 1.05051356059e-06, 1.00549937088e-06, 8.28738507153e-07, 7.4806490602e-07, 7.30896545065e-07, 6.54432142255e-07, 4.33078412243e-07, 3.60086090723e-07, 2.92236990163e-07, 2.35916630231e-07, 1.97110821887e-07, 1.44992469586e-07, 1.03040733279e-07, 7.13909429351e-08, 4.76351829093e-08, 3.18834025848e-08, 2.49414195963e-08, 2.02455474607e-08, 1.56108797e-08, 1.27465593636e-08, 1.04467448026e-08, 8.36522939807e-09, 6.77388145576e-09, 5.62784219227e-09, 4.6070178783e-09, 3.44085493431e-09, 1.79505599274e-09]
    },
    "mfcc": {
        "mean": [-660.435058594, 121.570175171, 13.432299614, 45.9120559692, 8.14228439331, 8.89474773407, 2.33950424194, 6.65074062347, 1.01798689365, -3.29261851311, -3.22433257103, -0.618486940861, -0.0235555674881],
        "cov": [[20681.4296875, -4508.51416016, -3745.14038086, 26.335149765, -205.868148804, -129.984405518, -425.687805176, -20.9845905304, 381.171264648, 1133.71960449, 716.801452637, 698.950073242, 307.362915039], [-4508.51416016, 2027.55810547, 194.317855835, 196.87953186, -112.800682068, 150.698394775, 79.0831298828, -17.8976783752, -19.571811676, -281.568389893, -67.2921981812, -147.393463135, 7.21059560776], [-3745.14038086, 194.317855835, 1425.47912598, -254.559753418, 172.522293091, -73.4557647705, 93.0574493408, 25.5394210815, -137.109115601, -169.985092163, -215.31803894, -137.589691162, -129.467254639], [26.335149765, 196.87953186, -254.559753418, 467.982116699, -63.9866104126, 71.0166091919, -32.0344009399, -26.8686828613, 90.6971969604, -18.3618335724, 50.6291389465, -8.18057632446, 43.1083450317], [-205.868148804, -112.800682068, 172.522293091, -63.9866104126, 174.771682739, -14.3585195541, 9.1872549057, -0.964114964008, -26.0400085449, 6.79707622528, -18.6794490814, 7.36639022827, -12.5564756393], [-129.984405518, 150.698394775, -73.4557647705, 71.0166091919, -14.3585195541, 152.836837769, 37.1819267273, 1.91874754429, 8.84268093109, -10.9390554428, 8.91871738434, -0.3751745224, 19.3908519745], [-425.687805176, 79.0831298828, 93.0574493408, -32.0344009399, 9.1872549057, 37.1819267273, 118.825462341, 32.1155776978, -9.36136054993, -20.8052196503, -31.811132431, -12.4001760483, -5.96655321121], [-20.9845905304, -17.8976783752, 25.5394210815, -26.8686828613, -0.964114964008, 1.91874754429, 32.1155776978, 86.488609314, 18.2170009613, 15.4797716141, -8.23428249359, -4.95392990112, -8.41125202179], [381.171264648, -19.571811676, -137.109115601, 90.6971969604, -26.0400085449, 8.84268093109, -9.36136054993, 18.2170009613, 106.548240662, 44.3364944458, 31.6788387299, 2.34089994431, 5.0894370079], [1133.71960449, -281.568389893, -169.985092163, -18.3618335724, 6.79707622528, -10.9390554428, -20.8052196503, 15.4797716141, 44.3364944458, 151.85887146, 53.0909614563, 40.6405105591, 4.65714025497], [716.801452637, -67.2921981812, -215.31803894, 50.6291389465, -18.6794490814, 8.91871738434, -31.811132431, -8.23428249359, 31.6788387299, 53.0909614563, 109.1198349, 45.2559394836, 30.8244495392], [698.950073242, -147.393463135, -137.589691162, -8.18057632446, 7.36639022827, -0.3751745224, -12.4001760483, -4.95392990112, 2.34089994431, 40.6405105591, 45.2559394836, 94.4854125977, 40.8902244568], [307.362915039, 7.21059560776, -129.467254639, 43.1083450317, -12.5564756393, 19.3908519745, -5.96655321121, -8.41125202179, 5.0894370079, 4.65714025497, 30.8244495392, 40.8902244568, 78.4388122559]],
        "icov": [[0.000420034164563, 0.000723245786503, 0.00085958186537, 0.000195608532522, 0.000180339382496, -9.92004279396e-05, 0.00021243505762, 7.77237510192e-05, -5.51217963221e-05, -0.000659103854559, -0.000110078319267, -0.00032608298352, -6.7269684223e-05], [0.000723245786503, 0.00204782839864, 0.00144699472003, 0.000260511791566, 0.000625232059974, -0.000698530115187, 0.000165067671333, 0.00016499699268, -0.000267710071057, 0.000171491075889, -0.000553710153326, 0.000334207870765, -0.000423546152888], [0.00085958186537, 0.00144699472003, 0.00317357084714, 0.000653068185784, -0.000683863821905, 0.000225049981964, 5.63797584618e-05, -8.3948703832e-05, 0.000452473439509, -0.000547092931811, 0.000967728730757, 4.47330021416e-05, 0.000807625649031], [0.000195608532522, 0.000260511791566, 0.000653068185784, 0.00348983891308, 0.00023954041535, -0.00116133934353, 0.000821726804134, 0.00102471886203, -0.00290936720558, 0.000980305252597, -0.000641087826807, 0.000817333464511, -0.001176209189], [0.000180339382496, 0.000625232059974, -0.000683863821905, 0.00023954041535, 0.0072754570283, -0.000331105286023, -8.39143613121e-05, 0.000569407828152, 0.000588954368141, -0.00112890801392, -1.28928513732e-05, -0.001430751523, 5.6379903981e-05], [-9.92004279396e-05, -0.000698530115187, 0.000225049981964, -0.00116133934353, -0.000331105286023, 0.00862233620137, -0.00323775690049, 0.000228066652198, 0.000685852894094, -0.000398796837544, -0.000317189114867, 0.000243225731538, -0.000966692925431], [0.00021243505762, 0.000165067671333, 5.63797584618e-05, 0.000821726804134, -8.39143613121e-05, -0.00323775690049, 0.0118243787438, -0.00387049978599, -9.01321545825e-05, 0.000127557490487, 0.00224037608132, -0.000762311101425, -0.000419527408667], [7.77237510192e-05, 0.00016499699268, -8.3948703832e-05, 0.00102471886203, 0.000569407828152, 0.000228066652198, -0.00387049978599, 0.01449383609, -0.00348852830939, -0.00150954828132, 0.000585841189604, 0.000202982657356, 0.000253063859418], [-5.51217963221e-05, -0.000267710071057, 0.000452473439509, -0.00290936720558, 0.000588954368141, 0.000685852894094, -9.01321545825e-05, -0.00348852830939, 0.0152423661202, -0.00406718673185, -0.0012322118273, 0.00169583607931, 0.000982830068097], [-0.000659103854559, 0.000171491075889, -0.000547092931811, 0.000980305252597, -0.00112890801392, -0.000398796837544, 0.000127557490487, -0.00150954828132, -0.00406718673185, 0.0139756817371, -0.00319057423621, -0.000787913275417, 0.00198955088854], [-0.000110078319267, -0.000553710153326, 0.000967728730757, -0.000641087826807, -1.28928513732e-05, -0.000317189114867, 0.00224037608132, 0.000585841189604, -0.0012322118273, -0.00319057423621, 0.0165364891291, -0.0043641901575, -0.00121253216639], [-0.00032608298352, 0.000334207870765, 4.47330021416e-05, 0.000817333464511, -0.001430751523, 0.000243225731538, -0.000762311101425, 0.000202982657356, 0.00169583607931, -0.000787913275417, -0.0043641901575, 0.019514715299, -0.00797497760504], [-6.7269684223e-05, -0.000423546152888, 0.000807625649031, -0.001176209189, 5.6379903981e-05, -0.000966692925431, -0.000419527408667, 0.000253063859418, 0.000982830068097, 0.00198955088854, -0.00121253216639, -0.00797497760504, 0.0197259578854]]
    },
    "spectral_contrast_coeffs": {
        "mean": [-0.712989985943, -0.771633386612, -0.790246784687, -0.816377222538, -0.81011235714, -0.744642198086]
    },
    "spectral_contrast_valleys": {
        "mean": [-6.32373714447, -7.00312614441, -7.71614980698, -7.8783416748, -7.51136636734, -10.4861536026]
    }
},
"rhythm": {
    "beats_count": 720,
    "beats_loudness": {
        "mean": 0.0465326458216
    },
    "bpm": 121.189483643,
    "bpm_histogram_first_peak_bpm": 120,
    "bpm_histogram_first_peak_weight": 0.528619527817,
    "bpm_histogram_second_peak_bpm": 129,
    "bpm_histogram_second_peak_spread": 0.609318971634,
    "bpm_histogram_second_peak_weight": 0.151599436998,
    "danceability": 1.16522955894,
    "onset_rate": 1.64262509346,
    "beats_loudness_band_ratio": {
        "mean": [0.657571971416, 0.158847779036, 0.0615402311087, 0.0351878665388, 0.0525152906775, 0.06630410254]
    },
    "beats_position": [0.53405892849, 1.09133780003, 1.64861679077, 2.19428563118, 2.73995471001, 3.28562355042, 3.83129239082, 4.3653512001, 4.91102027893, 5.45668935776, 5.99074840546, 6.53641700745, 7.07047605515, 7.63936471939, 8.19664382935, 8.76553249359, 9.32281208038, 9.8800907135, 10.4489793777, 11.017868042, 11.5867567062, 12.144036293, 12.7013149261, 13.2585935593, 13.722992897, 14.1873922348, 14.6750106812, 15.2439002991, 15.8011789322, 16.3584575653, 16.9157371521, 17.4846248627, 17.995464325, 18.5063037872, 19.0171432495, 19.5395908356, 20.062040329, 20.5844898224, 21.1882076263, 21.7803173065, 22.3492050171, 22.9064846039, 23.4869842529, 23.9513835907, 24.3925609589, 24.8337402344, 25.2749195099, 25.7160987854, 26.1804981232, 26.6332874298, 27.0744667053, 27.5156459808, 27.9684352875, 28.3399543762, 28.7230834961, 29.0946025848, 29.4661216736, 29.8492507935, 30.2323799133, 30.6155090332, 30.9986381531, 31.3817672729, 31.7648983002, 32.1480255127, 32.5311546326, 32.960723877, 33.3902931213, 33.8314743042, 34.2842636108, 34.725440979, 35.1666221619, 35.5961914062, 36.0257606506, 36.455329895, 36.8965072632, 37.3957366943, 37.8949661255, 38.3825836182, 38.8702049255, 39.3578224182, 39.8454399109, 40.3795013428, 40.9251708984, 41.4708366394, 41.9932861328, 42.5157356262, 43.0497932434, 43.5838546753, 44.1063041687, 44.6171417236, 45.1163711548, 45.6272087097, 46.1264381409, 46.625667572, 47.1248970032, 47.6241264343, 48.1233558655, 48.6225852966, 49.1218147278, 49.6210403442, 50.1318817139, 50.6427192688, 51.1419487, 51.6411781311, 52.1404075623, 52.6396369934, 53.1388664246, 53.6380958557, 54.1373214722, 54.6365509033, 55.1357803345, 55.6350097656, 56.1342391968, 56.6334686279, 57.1326980591, 57.6319274902, 58.1311569214, 58.6303825378, 59.129611969, 59.6288414001, 60.1280708313, 60.6273002625, 61.1265296936, 61.6257591248, 62.1249885559, 62.6242179871, 63.1234474182, 63.6226730347, 64.1219024658, 64.621131897, 65.1203613281, 65.6195907593, 66.1188201904, 66.6180496216, 67.1172790527, 67.6165084839, 68.115737915, 68.6149673462, 69.1025848389, 69.5902023315, 70.0778198242, 70.5770492554, 71.0762786865, 71.5755081177, 72.0747375488, 72.57396698, 73.0615844727, 73.5492019653, 74.0368270874, 74.5244445801, 75.0236740112, 75.5112915039, 76.0105209351, 76.5097503662, 76.9973678589, 77.49659729, 77.9842147827, 78.4602279663, 78.947845459, 79.4354629517, 79.9346923828, 80.433921814, 80.9215393066, 81.4207687378, 81.9083862305, 82.3960113525, 82.8836288452, 83.3596343994, 83.8472518921, 84.3464813232, 84.8573226929, 85.356552124, 85.8557815552, 86.3317871094, 86.8194122314, 87.3070297241, 87.8178634644, 88.328704834, 88.8395462036, 89.3503875732, 89.8612213135, 90.3720626831, 90.8829040527, 91.393737793, 91.9045791626, 92.4386367798, 92.9843063354, 93.5183639526, 94.0640335083, 94.5980911255, 95.1321487427, 95.6429901123, 96.1654434204, 96.6530609131, 97.1406784058, 97.6282958984, 98.1159133911, 98.6151428223, 99.1143722534, 99.6019973755, 100.089614868, 100.588844299, 101.076461792, 101.564079285, 102.051696777, 102.550926208, 103.05015564, 103.549385071, 104.048614502, 104.536231995, 105.023849487, 105.523078918, 106.010704041, 106.509933472, 106.997550964, 107.485168457, 107.97278595, 108.460403442, 108.948028564, 109.435646057, 109.934875488, 110.422492981, 110.910110474, 111.397727966, 111.896957397, 112.396186829, 112.89541626, 113.383033752, 113.870658875, 114.369888306, 114.869110107, 115.356735229, 115.844352722, 116.331970215, 116.831199646, 117.330429077, 117.81804657, 118.305664062, 118.793289185, 119.280906677, 119.76852417, 120.256141663, 120.755371094, 121.254600525, 121.753829956, 122.241447449, 122.717460632, 123.205078125, 123.692695618, 124.191925049, 124.69115448, 125.178771973, 125.666389465, 126.154014587, 126.64163208, 127.140861511, 127.640090942, 128.127700806, 128.615325928, 129.10295105, 129.590560913, 130.078186035, 130.577407837, 131.065032959, 131.564254761, 132.051879883, 132.539505005, 133.038726807, 133.537963867, 134.048797607, 134.536407471, 135.035644531, 135.523269653, 136.022491455, 136.510116577, 136.99772644, 137.485351562, 137.961364746, 138.448974609, 138.924987793, 139.412597656, 139.911834717, 140.422668457, 140.921905518, 141.409515381, 141.885528564, 142.384765625, 142.872375488, 143.36000061, 143.836013794, 144.335235596, 144.834457397, 145.333694458, 145.82131958, 146.308929443, 146.796554565, 147.284164429, 147.783401489, 148.282623291, 148.781860352, 149.269470215, 149.757095337, 150.256317139, 150.755554199, 151.254776001, 151.742401123, 152.230026245, 152.717636108, 153.20526123, 153.704483032, 154.203720093, 154.691329956, 155.178955078, 155.67817688, 156.17741394, 156.688247681, 157.187484741, 157.686706543, 158.185943604, 158.685165405, 159.172790527, 159.648788452, 160.124801636, 160.612426758, 161.100036621, 161.587661743, 162.075286865, 162.574508667, 163.073745728, 163.561355591, 164.048980713, 164.548202515, 165.024215698, 165.51184082, 165.999450684, 166.498687744, 166.997909546, 167.485534668, 167.973144531, 168.472381592, 168.959991455, 169.447616577, 169.946838379, 170.446075439, 170.933700562, 171.421310425, 171.908935547, 172.408157349, 172.895782471, 173.383392334, 173.871017456, 174.370239258, 174.869476318, 175.36869812, 175.856323242, 176.343948364, 176.843170166, 177.330795288, 177.818405151, 178.306030273, 178.793640137, 179.292877197, 179.792098999, 180.279724121, 180.778961182, 181.266571045, 181.754196167, 182.24180603, 182.741043091, 183.228652954, 183.716278076, 184.215499878, 184.714736938, 185.21395874, 185.759628296, 186.293685913, 186.827758789, 187.350204468, 187.872650146, 188.395095825, 188.952377319, 189.498046875, 190.055328369, 190.600997925, 191.14666748, 191.692337036, 192.191558838, 192.690795898, 193.1900177, 193.689254761, 194.188476562, 194.676101685, 195.152099609, 195.628112793, 196.092514038, 196.556915283, 197.00970459, 197.474105835, 197.95010376, 198.426116943, 198.913742065, 199.38973999, 199.854141235, 200.31854248, 200.794555664, 201.270568848, 201.746566772, 202.210968018, 202.675369263, 203.151382446, 203.62739563, 204.091781616, 204.5677948, 205.043807983, 205.519821167, 205.984207153, 206.460220337, 206.936233521, 207.400634766, 207.87663269, 208.341033936, 208.817047119, 209.293060303, 209.769073486, 210.233459473, 210.709472656, 211.18548584, 211.661499023, 212.12588501, 212.601898193, 213.066299438, 213.530700684, 213.995101929, 214.459503174, 214.92388916, 215.399902344, 215.875915527, 216.340316772, 216.804718018, 217.269119263, 217.733505249, 218.197906494, 218.662307739, 219.138320923, 219.602722168, 220.078720093, 220.554733276, 221.019134521, 221.483535767, 221.947937012, 222.423934937, 222.888336182, 223.352737427, 223.82875061, 224.304763794, 224.76914978, 225.233551025, 225.686340332, 226.139129639, 226.615142822, 227.091156006, 227.555557251, 228.019943237, 228.472732544, 228.925521851, 229.389923096, 229.854324341, 230.307113647, 230.783126831, 231.259140015, 231.735137939, 232.187927246, 232.640716553, 233.105117798, 233.569519043, 234.045532227, 234.521530151, 234.997543335, 235.46194458, 235.926345825, 236.379135132, 236.843536377, 237.307937622, 237.783935547, 238.248336792, 238.701126099, 239.153915405, 239.606704712, 240.071105957, 240.535507202, 240.999908447, 241.475906372, 241.951919556, 242.416320801, 242.880722046, 243.345123291, 243.809524536, 244.273925781, 244.738311768, 245.191101074, 245.643890381, 246.108291626, 246.572692871, 247.025482178, 247.489883423, 247.942672729, 248.418685913, 248.894683838, 249.359085083, 249.823486328, 250.276275635, 250.729064941, 251.181854248, 251.646255493, 252.0990448, 252.563446045, 253.02784729, 253.492233276, 253.945022583, 254.39781189, 254.839004517, 255.303390503, 255.767791748, 256.232208252, 256.696594238, 257.160980225, 257.613769531, 258.066558838, 258.519348145, 258.983764648, 259.436553955, 259.900939941, 260.365356445, 260.829742432, 261.282531738, 261.735321045, 262.188110352, 262.640899658, 263.105316162, 263.569702148, 264.010864258, 264.475280762, 264.916442871, 265.357635498, 265.822021484, 266.286437988, 266.750823975, 267.203613281, 267.656402588, 268.109191895, 268.561981201, 269.003173828, 269.444335938, 269.885528564, 270.326721191, 270.779510498, 271.220672607, 271.673461914, 272.114654541, 272.55581665, 273.008605957, 273.461395264, 273.902587891, 274.355377197, 274.796539307, 275.249328613, 275.713745117, 276.166534424, 276.61932373, 277.06048584, 277.501678467, 277.942840576, 278.384033203, 278.83682251, 279.289611816, 279.730773926, 280.171966553, 280.624755859, 281.077545166, 281.518737793, 281.9715271, 282.424316406, 282.865478516, 283.318267822, 283.771057129, 284.223846436, 284.676635742, 285.117828369, 285.558990479, 286.011779785, 286.464569092, 286.905761719, 287.346923828, 287.788116455, 288.240905762, 288.693695068, 289.134857178, 289.576049805, 290.028839111, 290.481628418, 290.934417725, 291.375610352, 291.828399658, 292.269561768, 292.710754395, 293.163543701, 293.616333008, 294.057495117, 294.510284424, 294.96307373, 295.415863037, 295.880279541, 296.356262207, 296.809051514, 297.26184082, 297.726257324, 298.190643311, 298.666656494, 299.142669678, 299.607055664, 300.083068848, 300.547485352, 301.023498535, 301.499481201, 301.975494385, 302.439910889, 302.915924072, 303.391906738, 303.856323242, 304.332336426, 304.808349609, 305.284362793, 305.760345459, 306.236358643, 306.700775146, 307.17678833, 307.641174316, 308.1171875, 308.593200684, 309.069213867, 309.533599854, 310.009613037, 310.473999023, 310.950012207, 311.426025391, 311.902038574, 312.378051758, 312.854064941, 313.330047607, 313.794464111, 314.258850098, 314.734863281, 315.210876465, 315.675262451, 316.139678955, 316.604064941, 317.080078125, 317.556091309, 318.032104492, 318.508117676, 318.972503662, 319.448516846, 319.924530029, 320.400543213, 320.876556396, 321.340942383, 321.805358887, 322.281341553, 322.757354736, 323.23336792, 323.709381104, 324.17376709, 324.649780273, 325.114196777, 325.578582764, 326.054595947, 326.518981934, 326.994995117, 327.482635498, 327.958648682, 328.446258545, 328.922271729, 329.409881592, 329.897491455, 330.327056885, 330.756652832, 331.186218262, 331.592559814, 331.998901367, 332.416870117, 332.834838867, 333.24118042, 333.647521973, 334.053863525, 334.471832275, 334.878173828, 335.284515381, 335.702484131, 336.166900635, 336.631286621, 337.095672607, 337.548461914, 338.012878418, 338.477264404, 338.976501465, 339.487335205, 339.998168945, 340.509033203, 341.019866943, 341.530700684, 342.041534424, 342.540771484, 343.040008545, 343.632110596, 344.224212646, 344.816314697, 345.408416748, 346.000549316, 346.592651367, 347.184753418],
    "bpm_histogram": [0, 0, 0, 0, 0, 0, 0, 0, 0, 0, 0, 0, 0, 0, 0, 0, 0, 0, 0, 0, 0, 0, 0, 0, 0, 0, 0, 0, 0, 0, 0, 0, 0, 0, 0, 0, 0, 0, 0, 0, 0, 0, 0, 0, 0, 0, 0, 0, 0, 0, 0, 0, 0, 0, 0, 0, 0, 0, 0, 0, 0, 0, 0, 0, 0, 0, 0, 0, 0, 0, 0, 0, 0, 0, 0, 0, 0, 0, 0, 0, 0, 0, 0, 0, 0, 0, 0, 0, 0, 0, 0, 0, 0, 0, 0, 0, 0, 0, 0, 0.00139082060196, 0, 0.0111265648156, 0, 0.00139082060196, 0, 0.0111265648156, 0, 0, 0.019471488893, 0, 0.0222531296313, 0, 0.0166898462921, 0, 0, 0.0139082055539, 0, 0.0375521555543, 0, 0, 0.19471488893, 0, 0, 0.180806681514, 0, 0, 0.137691244483, 0, 0, 0.151599436998, 0, 0, 0, 0.0987482592463, 0, 0, 0.0584144629538, 0, 0, 0, 0.0111265648156, 0, 0, 0, 0.00556328240782, 0, 0, 0, 0.00973574444652, 0, 0, 0, 0, 0, 0, 0, 0, 0.0125173851848, 0, 0, 0, 0.00417246157303, 0, 0, 0, 0, 0, 0, 0, 0, 0, 0, 0, 0, 0, 0, 0, 0, 0, 0, 0, 0, 0, 0, 0, 0, 0, 0, 0, 0, 0, 0, 0, 0, 0, 0, 0, 0, 0, 0, 0, 0, 0, 0, 0, 0, 0, 0, 0, 0, 0, 0, 0, 0, 0, 0, 0, 0, 0, 0, 0, 0, 0, 0, 0, 0, 0, 0, 0, 0, 0, 0, 0, 0, 0, 0, 0, 0, 0, 0, 0, 0, 0, 0, 0, 0, 0, 0, 0, 0]
},
"tonal": {
    "chords_changes_rate": 0.0515629164875,
    "chords_number_rate": 0.00120224419516,
    "chords_strength": {
        "mean": 0.491594403982
    },
    "hpcp_crest": {
        "mean": 13.9507446289
    },
    "hpcp_entropy": {
        "mean": 2.08463954926
    },
    "key_edma": {
        "strength": 0.695457935333,
        "key": "Ab",
        "scale": "minor"
    },
    "key_krumhansl": {
        "strength": 0.694789886475,
        "key": "Eb",
        "scale": "major"
    },
    "key_temperley": {
        "strength": 0.703564524651,
        "key": "Eb",
        "scale": "major"
    },
    "tuning_diatonic_strength": 0.543091118336,
    "tuning_equal_tempered_deviation": 0.0396468490362,
    "tuning_frequency": 440.254241943,
    "tuning_nontempered_energy_ratio": 0.686896681786,
    "hpcp": {
        "mean": [0.0467943027616, 0.0531601384282, 0.158271059394, 0.297156393528, 0.199438050389, 0.0564475283027, 0.0579817928374, 0.0544628575444, 0.0575400218368, 0.0635386407375, 0.0600378364325, 0.0863583832979, 0.124688491225, 0.101339362562, 0.0696604177356, 0.0757316052914, 0.118677981198, 0.395392626524, 0.521068692207, 0.250488728285, 0.076027430594, 0.0534310750663, 0.0504430569708, 0.0671575292945, 0.081814661622, 0.0697387829423, 0.0736668631434, 0.101149141788, 0.0928108990192, 0.0944482237101, 0.089890062809, 0.0592815540731, 0.0758149325848, 0.113415159285, 0.0996417924762, 0.0615707300603]
    },
    "chords_histogram": [37.2562103271, 0.454181134701, 0.908362269402, 0.574405550957, 0.240448832512, 0, 0, 0, 0.120224416256, 0.0400748066604, 0, 0.480897665024, 0, 0.120224416256, 0.133582681417, 1.49612605572, 2.39113020897, 26.7432537079, 3.86053967476, 3.20598459244, 2.91210269928, 0.0935078784823, 9.43093776703, 9.5378036499],
    "thpcp": [1, 0.480721116066, 0.145906731486, 0.102541327477, 0.0968069210649, 0.128884211183, 0.157013192773, 0.133837983012, 0.141376495361, 0.194118633866, 0.178116440773, 0.181258678436, 0.172510966659, 0.113769173622, 0.145498916507, 0.217658743262, 0.19122582674, 0.118162408471, 0.0898044779897, 0.102021366358, 0.303743183613, 0.570282578468, 0.382748097181, 0.10833030194, 0.111274756491, 0.104521453381, 0.110426940024, 0.121939085424, 0.115220576525, 0.165733203292, 0.239293769002, 0.194483697414, 0.133687585592, 0.145339012146, 0.227758795023, 0.758810937405],
    "chords_key": "Eb",
    "chords_scale": "major"
}
}