{
"metadata": {
    "version": {
        "essentia": "2.1-beta6-dev",
        "essentia_git_sha": "v2.1_beta5-1177-g1d1cc983",
        "extractor": "music 2.0"
    },
    "audio_properties": {
        "analysis": {
            "equal_loudness": 0,
            "length": 328.933319092,
            "sample_rate": 44100,
            "start_time": 0,
            "downmix": "mix"
        },
        "bit_rate": 1411200,
        "length": 328.933319092,
        "lossless": 1,
        "number_channels": 2,
        "replay_gain": -10.6034927368,
        "sample_rate": 44100,
        "codec": "pcm_s16le",
        "md5_encoded": "14a9cd0ec69c702185b7eca45769c35a"
    },
    "tags": {
        "file_name": "05 - Manchester Orchestra - The Alien.wav",
        "album": ["A Black Mile To The Surface"],
        "albumartist": ["Manchester Orchestra"],
        "artist": ["Manchester Orchestra"],
        "composer": ["Andy Hull"],
        "copyright": ["℗ 2017 Loma Vista Recordings."],
        "date": ["2017"],
        "discnumber": ["1"],
        "disctotal": ["1"],
        "genre": ["Alternative & Indie"],
        "isrc": ["USC4R1702133"],
        "title": ["The Alien"],
        "tracknumber": ["5"],
        "tracktotal": ["11"]
    }
},
"lowlevel": {
    "average_loudness": 0.74855864048,
    "barkbands_crest": {
        "mean": 13.5731573105
    },
    "barkbands_flatness_db": {
        "mean": 0.242093145847
    },
    "barkbands_kurtosis": {
        "mean": 19.2746658325
    },
    "barkbands_skewness": {
        "mean": 2.86295104027
    },
    "barkbands_spread": {
        "mean": 9.38973903656
    },
    "dissonance": {
        "mean": 0.435770332813
    },
    "dynamic_complexity": 3.38452672958,
    "erbbands_crest": {
        "mean": 9.83089923859
    },
    "erbbands_flatness_db": {
        "mean": 0.198984161019
    },
    "erbbands_kurtosis": {
        "mean": 1.53426826
    },
    "erbbands_skewness": {
        "mean": 0.727761149406
    },
    "erbbands_spread": {
        "mean": 32.1558189392
    },
    "hfc": {
        "mean": 12.1338243484
    },
    "loudness_ebu128": {
        "integrated": -11.8206348419,
        "loudness_range": 9.90242481232,
        "momentary": {
            "mean": -13.3834466934
        },
        "short_term": {
            "mean": -12.9838151932
        }
    },
    "melbands_crest": {
        "mean": 17.3353118896
    },
    "melbands_flatness_db": {
        "mean": 0.345982253551
    },
    "melbands_kurtosis": {
        "mean": 31.6604118347
    },
    "melbands_skewness": {
        "mean": 3.56797266006
    },
    "melbands_spread": {
        "mean": 9.04501914978
    },
    "pitch_salience": {
        "mean": 0.451972275972
    },
    "silence_rate_20dB": {
        "mean": 0.999647080898
    },
    "silence_rate_30dB": {
        "mean": 0.909366846085
    },
    "silence_rate_60dB": {
        "mean": 0.0589397884905
    },
    "spectral_centroid": {
        "mean": 692.409179688
    },
    "spectral_complexity": {
        "mean": 12.5862216949
    },
    "spectral_decrease": {
        "mean": -1.24212986563e-08
    },
    "spectral_energy": {
        "mean": 0.0479813367128
    },
    "spectral_energyband_high": {
        "mean": 0.00013546468108
    },
    "spectral_energyband_low": {
        "mean": 0.0339719057083
    },
    "spectral_energyband_middle_high": {
        "mean": 0.00255695637316
    },
    "spectral_energyband_middle_low": {
        "mean": 0.0126867620274
    },
    "spectral_entropy": {
        "mean": 6.70791435242
    },
    "spectral_flux": {
        "mean": 0.081325262785
    },
    "spectral_kurtosis": {
        "mean": 13.474943161
    },
    "spectral_rms": {
        "mean": 0.00608412642032
    },
    "spectral_rolloff": {
        "mean": 535.01348877
    },
    "spectral_skewness": {
        "mean": 2.51947689056
    },
    "spectral_spread": {
        "mean": 3123332.5
    },
    "spectral_strongpeak": {
        "mean": 0.598271429539
    },
    "zerocrossingrate": {
        "mean": 0.0242015104741
    },
    "barkbands": {
        "mean": [0.000829616270494, 0.0252450723201, 0.00654957257211, 0.00243261246942, 0.0046022743918, 0.0021649536211, 0.0019738310948, 0.000710069085471, 0.000765460194089, 0.000356591772288, 0.000461201765575, 0.000230436795391, 0.000113615540613, 0.000128494109958, 0.000138209245051, 0.000209947465919, 0.000323618063703, 0.00043277599616, 0.00011393504974, 9.54409551923e-05, 3.40970509569e-05, 2.31372723647e-05, 9.63389447861e-06, 1.5585716028e-05, 1.52166103362e-05, 4.64268032374e-06, 1.21318555557e-06]
    },
    "erbbands": {
        "mean": [0.67902892828, 5.72092866898, 8.71684932709, 8.3778219223, 10.4311800003, 17.4986877441, 20.5147037506, 14.2382087708, 15.7137393951, 34.7104034424, 17.3668479919, 13.7768993378, 14.162065506, 18.9954471588, 10.3955535889, 7.75170946121, 5.80337572098, 7.19721317291, 5.25863409042, 7.10495328903, 15.3769369125, 21.4857616425, 24.101436615, 10.4833631516, 5.8763628006, 4.29397296906, 1.62667810917, 1.26618790627, 0.89006716013, 0.448527544737, 0.302343904972, 0.324271917343, 0.261644989252, 0.239070400596, 0.0629334002733, 0.0218345783651, 0.00835293903947, 0.00178760814015, 0.000211704420508, 6.53346651234e-05]
    },
    "gfcc": {
        "mean": [-68.2702789307, 152.387588501, -92.0663146973, 25.7056236267, -34.0877990723, -5.26403236389, -27.97514534, 10.7117290497, -17.8699512482, -6.89458179474, -12.5713720322, -2.56737470627, -5.32828998566],
        "cov": [[8299.57226562, -1225.55151367, -499.628417969, 862.188903809, -385.11605835, 186.13659668, -507.064666748, 652.658691406, -48.5990447998, 95.0042800903, 174.743423462, 292.468841553, -122.663536072], [-1225.55151367, 1676.22570801, -395.71282959, -359.924285889, 525.145385742, -292.274230957, 396.328704834, -180.386138916, 216.155548096, -75.0637359619, 104.777038574, -54.0220031738, 181.291030884], [-499.628417969, -395.71282959, 1455.89086914, 388.382415771, 84.8806762695, 397.316009521, 22.0255584717, 57.1572875977, 64.0133666992, 46.6845932007, 18.8645706177, -16.6835079193, 9.69162368774], [862.188903809, -359.924285889, 388.382415771, 627.97869873, 120.351554871, 9.16246986389, 2.58065295219, 138.047210693, 59.6005477905, 46.9768257141, 84.5471725464, 82.49559021, 70.7775802612], [-385.11605835, 525.145385742, 84.8806762695, 120.351554871, 463.092010498, -57.1313743591, 204.088394165, -2.43744254112, 150.20614624, -2.53818392754, 104.545318604, 34.2142601013, 122.610237122], [186.13659668, -292.274230957, 397.316009521, 9.16246986389, -57.1313743591, 346.847290039, -22.2918434143, 43.2455482483, -0.839627623558, 15.3685483932, 0.864155590534, -16.3169269562, -54.1011657715], [-507.064666748, 396.328704834, 22.0255584717, 2.58065295219, 204.088394165, -22.2918434143, 303.852111816, -45.8992004395, 87.2924423218, 12.1003837585, 50.1534538269, -2.62909221649, 79.2747650146], [652.658691406, -180.386138916, 57.1572875977, 138.047210693, -2.43744254112, 43.2455482483, -45.8992004395, 197.635223389, 35.2020072937, 14.8144016266, 49.0310134888, 37.9425048828, 2.45472192764], [-48.5990447998, 216.155548096, 64.0133666992, 59.6005477905, 150.20614624, -0.839627623558, 87.2924423218, 35.2020072937, 182.735015869, 23.0396060944, 58.6146507263, 19.6544475555, 50.5541801453], [95.0042800903, -75.0637359619, 46.6845932007, 46.9768257141, -2.53818392754, 15.3685483932, 12.1003837585, 14.8144016266, 23.0396060944, 82.697227478, 29.227853775, 3.58075213432, 4.17905712128], [174.743423462, 104.777038574, 18.8645706177, 84.5471725464, 104.545318604, 0.864155590534, 50.1534538269, 49.0310134888, 58.6146507263, 29.227853775, 129.08605957, 46.0433273315, 38.1590919495], [292.468841553, -54.0220031738, -16.6835079193, 82.49559021, 34.2142601013, -16.3169269562, -2.62909221649, 37.9425048828, 19.6544475555, 3.58075213432, 46.0433273315, 99.6173171997, 36.2433700562], [-122.663536072, 181.291030884, 9.69162368774, 70.7775802612, 122.610237122, -54.1011657715, 79.2747650146, 2.45472192764, 50.5541801453, 4.17905712128, 38.1590919495, 36.2433700562, 121.04044342]],
        "icov": [[0.000302955100778, -0.000365731772035, 0.000382741913199, -0.000770450162236, 0.000356364034815, -0.000676785246469, 0.00038196973037, -0.000608143862337, 0.000193189713173, -0.000403656740673, 0.000250772660365, -0.000672789639793, 0.000428992294474], [-0.000365731772035, 0.0035220826976, -0.000549715419766, 0.00305078434758, -0.00230159051716, 0.00270294211805, -0.00173275277484, 0.00161710300017, -0.00190710520837, 0.00304625555873, -0.00271816691384, 0.0032490179874, -0.0021687746048], [0.000382741913199, -0.000549715419766, 0.00192803319078, -0.00203729444183, 0.000267658237135, -0.00265458528884, 0.00064243178349, -0.000278789026197, 6.09003473073e-05, -0.000711485976353, 0.000800351495855, -0.000242633876042, 0.000194857391762], [-0.000770450162236, 0.00305078434758, -0.00203729444183, 0.00635810242966, -0.00260202260688, 0.00414622854441, -0.001615401241, 0.000532188278157, -0.00121556874365, 0.00177403632551, -0.00254863407463, 0.00197775894776, -0.00271096662618], [0.000356364034815, -0.00230159051716, 0.000267658237135, -0.00260202260688, 0.00633606268093, -0.0014189996291, -0.000429053150583, -0.000629045709502, -0.0008397870115, -1.46092497744e-05, -0.000550521712285, -0.00170329352841, -0.000415404618252], [-0.000676785246469, 0.00270294211805, -0.00265458528884, 0.00414622854441, -0.0014189996291, 0.0080455057323, -0.00209897337481, 0.000573365890887, -0.00141067127697, 0.00227738334797, -0.00270773051307, 0.00253365095705, 5.59230138606e-05], [0.00038196973037, -0.00173275277484, 0.00064243178349, -0.001615401241, -0.000429053150583, -0.00209897337481, 0.00652380939573, 0.000218327200855, 3.83119586331e-05, -0.00220677815378, 0.000539798173122, -0.000596544356085, -0.00083656120114], [-0.000608143862337, 0.00161710300017, -0.000278789026197, 0.000532188278157, -0.000629045709502, 0.000573365890887, 0.000218327200855, 0.00901923049241, -0.00250863446854, 0.00211220560595, -0.00330452877097, 0.00142771936953, -0.00117052916903], [0.000193189713173, -0.00190710520837, 6.09003473073e-05, -0.00121556874365, -0.0008397870115, -0.00141067127697, 3.83119586331e-05, -0.00250863446854, 0.00960626360029, -0.00346088851802, 0.000630697817542, -0.00179705116898, 0.000450612511486], [-0.000403656740673, 0.00304625555873, -0.000711485976353, 0.00177403632551, -1.46092497744e-05, 0.00227738334797, -0.00220677815378, 0.00211220560595, -0.00346088851802, 0.017327696085, -0.00627688039094, 0.00446277391165, -0.0020270824898], [0.000250772660365, -0.00271816691384, 0.000800351495855, -0.00254863407463, -0.000550521712285, -0.00270773051307, 0.000539798173122, -0.00330452877097, 0.000630697817542, -0.00627688039094, 0.015676336363, -0.00676441704854, 0.00184908846859], [-0.000672789639793, 0.0032490179874, -0.000242633876042, 0.00197775894776, -0.00170329352841, 0.00253365095705, -0.000596544356085, 0.00142771936953, -0.00179705116898, 0.00446277391165, -0.00676441704854, 0.0180978477001, -0.00615561055019], [0.000428992294474, -0.0021687746048, 0.000194857391762, -0.00271096662618, -0.000415404618252, 5.59230138606e-05, -0.00083656120114, -0.00117052916903, 0.000450612511486, -0.0020270824898, 0.00184908846859, -0.00615561055019, 0.0156738497317]]
    },
    "melbands": {
        "mean": [0.00672436691821, 0.0055823023431, 0.00149363290984, 0.00099568173755, 0.000732093350962, 0.000334398704581, 0.000302783591906, 0.000339440710377, 0.00013358729484, 9.14858319447e-05, 7.12526452844e-05, 7.64595752116e-05, 4.67266982014e-05, 2.28291719395e-05, 1.68305668922e-05, 1.44572732097e-05, 1.25326387206e-05, 6.9797542892e-06, 1.28679530462e-05, 9.55003724812e-06, 1.76180510607e-05, 2.21712998609e-05, 2.23627885134e-05, 1.82335134014e-05, 7.51331845095e-06, 4.40514168076e-06, 4.07893367083e-06, 2.46736863119e-06, 1.03694958398e-06, 7.9475705661e-07, 6.82229824633e-07, 5.01575243561e-07, 4.30246188898e-07, 1.69986662968e-07, 1.70420463519e-07, 1.86961628401e-07, 1.96594527324e-07, 1.70190887161e-07, 2.13880213096e-07, 1.97642563649e-07]
    },
    "melbands128": {
        "mean": [0.000774450076278, 0.00464417925104, 0.00998056028038, 0.00939747598022, 0.00537545839325, 0.002987050917, 0.00171172677074, 0.00110849156044, 0.00101004401222, 0.00100552616641, 0.00104857992847, 0.000736891990528, 0.000745612953324, 0.000620737788267, 0.000274654041277, 0.000247303250944, 0.00012833380606, 0.000236938896705, 0.000637878081761, 0.000433734763646, 0.000164880722878, 0.000150013758685, 0.00013150619634, 0.000132860630401, 5.00817659486e-05, 0.000105798018922, 0.000101664962131, 3.7209581933e-05, 9.5579547633e-05, 3.44336112903e-05, 0.000102775040432, 9.43549530348e-05, 3.70956804545e-05, 1.07402947833e-05, 3.59633777407e-05, 1.82589064934e-05, 1.52838310896e-05, 2.95647641906e-05, 4.91765422339e-06, 9.9029730336e-06, 1.53086166392e-05, 2.36563319049e-05, 1.25754922919e-05, 6.48254672342e-06, 9.77552008408e-06, 4.64657205157e-06, 4.87010902361e-06, 2.33210175793e-05, 9.34284435061e-06, 4.84081283503e-06, 5.20084813616e-06, 1.70861148945e-05, 2.86157428491e-05, 1.16667833936e-05, 1.00521256172e-05, 3.20268554788e-05, 2.3828320991e-05, 1.11436193038e-05, 3.1709922041e-05, 2.62513185589e-05, 1.38923232953e-05, 1.69044196809e-05, 8.22946549306e-06, 5.21945275977e-06, 4.94942241858e-06, 4.93196193929e-06, 2.83903796117e-06, 5.24440929439e-06, 3.57437966159e-06, 4.034101039e-06, 2.69324232249e-06, 1.79419384949e-06, 1.07348159872e-06, 1.03464662971e-06, 7.42404495213e-07, 7.11776863227e-07, 8.96627284419e-07, 8.33160356706e-07, 6.64977676479e-07, 4.98813051308e-07, 5.10977713475e-07, 4.64363068886e-07, 5.48724131022e-07, 4.62066395812e-07, 3.27048439885e-07, 1.75018456616e-07, 1.02339150487e-07, 1.63614060966e-07, 2.01864622795e-07, 1.50035418756e-07, 1.53907166123e-07, 2.05657741503e-07, 2.30038907034e-07, 2.03187553893e-07, 1.71245218894e-07, 1.68788787391e-07, 1.68428002212e-07, 1.7177320899e-07, 1.96219062332e-07, 2.52852771609e-07, 2.49523651519e-07, 1.93200449417e-07, 1.3245072239e-07, 8.27493522593e-08, 5.64178819218e-08, 4.50209434177e-08, 4.12209040235e-08, 3.51791662467e-08, 3.86994791768e-08, 3.60487391049e-08, 3.05476497431e-08, 2.99378797308e-08, 2.57962682326e-08, 2.38753834481e-08, 1.99829912617e-08, 1.75688761317e-08, 1.22402221692e-08, 8.10155942332e-09, 6.21484730345e-09, 4.82586459682e-09, 5.02434582828e-09, 5.12610354164e-09, 3.59374174863e-09, 2.60095611715e-09, 2.73194444844e-09, 2.74019096302e-09, 2.30200214446e-09, 1.50465873094e-09]
    },
    "mfcc": {
        "mean": [-724.374328613, 188.833892822, 5.4134888649, 39.2145957947, 13.9394989014, -4.85969686508, 3.67025947571, 8.1262512207, 6.18114900589, -2.4350233078, -1.13244855404, 0.316537559032, -0.807043373585],
        "cov": [[8614.83984375, -1539.13061523, -387.399536133, 191.361602783, 195.177261353, -547.409240723, -135.373016357, 217.555374146, -228.513977051, -6.43114805222, 100.21421814, 54.379360199, 237.370391846], [-1539.13061523, 2001.42773438, -705.759643555, 1.23542046547, -101.097480774, 107.766433716, 27.1551914215, 17.4408855438, 107.224021912, 22.9905548096, -7.53790473938, -0.586526751518, -14.8205099106], [-387.399536133, -705.759643555, 1295.39782715, 6.25825357437, 252.431015015, 245.926025391, 104.257026672, 68.99609375, 9.61164474487, 120.660972595, -13.2200012207, 62.8474655151, 18.0680732727], [191.361602783, 1.23542046547, 6.25825357437, 600.422302246, 146.096176147, -1.13253128529, 63.5829620361, 33.8153381348, 88.965171814, -23.8240833282, 24.2843341827, 65.5309371948, 63.6236152649], [195.177261353, -101.097480774, 252.431015015, 146.096176147, 323.958312988, 49.1797828674, 31.6508769989, 89.8212203979, 7.72508096695, 60.0702285767, 22.3332138062, 35.0925292969, 49.1315994263], [-547.409240723, 107.766433716, 245.926025391, -1.13253128529, 49.1797828674, 271.72845459, 75.0450515747, 30.4467182159, 33.9319839478, 61.7169952393, 0.340591788292, 21.1056404114, -1.19505441189], [-135.373016357, 27.1551914215, 104.257026672, 63.5829620361, 31.6508769989, 75.0450515747, 165.516082764, 36.6810150146, 15.0235614777, 29.4627361298, 10.8892850876, 17.3913097382, 10.8101911545], [217.555374146, 17.4408855438, 68.99609375, 33.8153381348, 89.8212203979, 30.4467182159, 36.6810150146, 156.229385376, 15.4657583237, 43.3679389954, 19.5000457764, 22.5442085266, 35.5437889099], [-228.513977051, 107.224021912, 9.61164474487, 88.965171814, 7.72508096695, 33.9319839478, 15.0235614777, 15.4657583237, 117.780525208, 25.1129112244, -3.6103553772, 16.3335170746, -3.51866364479], [-6.43114805222, 22.9905548096, 120.660972595, -23.8240833282, 60.0702285767, 61.7169952393, 29.4627361298, 43.3679389954, 25.1129112244, 136.353256226, 29.2204227448, 17.2469825745, 11.832906723], [100.21421814, -7.53790473938, -13.2200012207, 24.2843341827, 22.3332138062, 0.340591788292, 10.8892850876, 19.5000457764, -3.6103553772, 29.2204227448, 89.8476028442, 30.0752563477, 10.9170570374], [54.379360199, -0.586526751518, 62.8474655151, 65.5309371948, 35.0925292969, 21.1056404114, 17.3913097382, 22.5442085266, 16.3335170746, 17.2469825745, 30.0752563477, 106.823776245, 30.8268299103], [237.370391846, -14.8205099106, 18.0680732727, 63.6236152649, 49.1315994263, -1.19505441189, 10.8101911545, 35.5437889099, -3.51866364479, 11.832906723, 10.9170570374, 30.8268299103, 105.076118469]],
        "icov": [[0.000192276304006, 0.000177619382157, 0.00015635600721, -5.48711686861e-05, -4.4739972509e-05, 0.000216110318433, 5.72228382225e-05, -0.000284794252366, 0.000256841391092, -0.000192005056306, 3.23080494127e-05, -8.0983278167e-05, -0.000238515538513], [0.000177619382157, 0.00095335842343, 0.000777708017267, 6.47817942081e-05, -0.00015925540356, -0.000489363563247, -8.60275831656e-05, -0.000330741488142, -0.000304598186631, -0.000377468270017, 0.000329229398631, -0.000286359514575, -0.000167993624927], [0.00015635600721, 0.000777708017267, 0.00178736797534, 0.00021772753098, -0.000960160861723, -0.00110123085324, -0.000353640469257, -9.63643251453e-05, 2.11565820791e-05, -0.000739550276194, 0.000905672204681, -0.00080219481606, 4.7950350563e-05], [-5.48711686861e-05, 6.47817942081e-05, 0.00021772753098, 0.00273261871189, -0.00140781363007, 0.000152335327584, -0.00106286047958, 0.000604862347245, -0.00242606620304, 0.00160262384452, -0.000541270710528, -0.000751163170207, -0.000979313394055], [-4.4739972509e-05, -0.00015925540356, -0.000960160861723, -0.00140781363007, 0.00522341672331, 5.19642380823e-05, 0.00070945196785, -0.00198660395108, 0.00124306813814, -0.00138772220816, -0.000200687587494, 0.000295824866043, -0.00061466061743], [0.000216110318433, -0.000489363563247, -0.00110123085324, 0.000152335327584, 5.19642380823e-05, 0.00610160501674, -0.00156134238932, -0.000260058004642, -0.000386089814128, -0.00120728835464, 0.000192002160475, -0.000277064711554, 1.79569597094e-05], [5.72228382225e-05, -8.60275831656e-05, -0.000353640469257, -0.00106286047958, 0.00070945196785, -0.00156134238932, 0.00770283164456, -0.00143623899203, 0.000770536134951, -0.000739777286071, -0.000378673255909, 5.15827050549e-05, 4.01744582632e-05], [-0.000284794252366, -0.000330741488142, -9.63643251453e-05, 0.000604862347245, -0.00198660395108, -0.000260058004642, -0.00143623899203, 0.00911062210798, -0.00139183085412, -0.000786355230957, -0.000754424661864, -0.000142497257912, -0.00159895408433], [0.000256841391092, -0.000304598186631, 2.11565820791e-05, -0.00242606620304, 0.00124306813814, -0.000386089814128, 0.000770536134951, -0.00139183085412, 0.0121439471841, -0.0031172670424, 0.0019535748288, -0.00117010402028, 0.00154609896708], [-0.000192005056306, -0.000377468270017, -0.000739550276194, 0.00160262384452, -0.00138772220816, -0.00120728835464, -0.000739777286071, -0.000786355230957, -0.0031172670424, 0.0112368529662, -0.00358129688539, 0.000369885965483, -0.000591699266806], [3.23080494127e-05, 0.000329229398631, 0.000905672204681, -0.000541270710528, -0.000200687587494, 0.000192002160475, -0.000378673255909, -0.000754424661864, 0.0019535748288, -0.00358129688539, 0.0141116045415, -0.00385299767368, 0.000668582506478], [-8.0983278167e-05, -0.000286359514575, -0.00080219481606, -0.000751163170207, 0.000295824866043, -0.000277064711554, 5.15827050549e-05, -0.000142497257912, -0.00117010402028, 0.000369885965483, -0.00385299767368, 0.0122805694118, -0.00264660501853], [-0.000238515538513, -0.000167993624927, 4.7950350563e-05, -0.000979313394055, -0.00061466061743, 1.79569597094e-05, 4.01744582632e-05, -0.00159895408433, 0.00154609896708, -0.000591699266806, 0.000668582506478, -0.00264660501853, 0.0122665017843]]
    },
    "spectral_contrast_coeffs": {
        "mean": [-0.704789638519, -0.717962026596, -0.727319359779, -0.77407091856, -0.761408925056, -0.794377565384]
    },
    "spectral_contrast_valleys": {
        "mean": [-6.28948450089, -7.09776973724, -8.14023208618, -8.67140007019, -8.84441566467, -11.7688083649]
    }
},
"rhythm": {
    "beats_count": 809,
    "beats_loudness": {
        "mean": 0.0655590891838
    },
    "bpm": 164.868026733,
    "bpm_histogram_first_peak_bpm": 167,
    "bpm_histogram_first_peak_weight": 0,
    "bpm_histogram_second_peak_bpm": 161,
    "bpm_histogram_second_peak_spread": 0,
    "bpm_histogram_second_peak_weight": 0.304455459118,
    "danceability": 1.05545675755,
    "onset_rate": 3.72402119637,
    "beats_loudness_band_ratio": {
        "mean": [0.69744682312, 0.152487233281, 0.106004729867, 0.0391485020518, 0.021279508248, 0.00758086750284]
    },
    "beats_position": [0.348299324512, 0.719818592072, 1.09133780003, 1.45124709606, 1.8111563921, 2.18267560005, 2.55419492722, 2.92571425438, 3.33206343651, 3.72680258751, 4.12154197693, 4.52789115906, 4.8994102478, 5.27092981339, 5.64244890213, 6.01396799088, 6.38548755646, 6.74539661407, 7.10530614853, 7.46521520615, 7.83673477173, 8.19664382935, 8.56816291809, 8.92807197571, 9.287981987, 9.64789104462, 10.0078001022, 10.3677091599, 10.7276191711, 11.0991382599, 11.4706573486, 11.8305664062, 12.1904764175, 12.5619955063, 12.9219045639, 13.2818136215, 13.6417226791, 14.0016326904, 14.3731517792, 14.7446708679, 15.1161899567, 15.4760990143, 15.8360090256, 16.1959171295, 16.5558280945, 16.9273471832, 17.2872562408, 17.6471652985, 18.0186843872, 18.390203476, 18.7501125336, 19.1100215912, 19.4815406799, 19.853061676, 20.2129707336, 20.5728797913, 20.94439888, 21.3043079376, 21.6642169952, 22.0125160217, 22.3840351105, 22.7555541992, 23.1154651642, 23.4753742218, 23.8352832794, 24.195192337, 24.5667114258, 24.9266204834, 25.286529541, 25.6464385986, 26.0179595947, 26.3778686523, 26.7493877411, 27.1092967987, 27.4692058563, 27.8291149139, 28.1890239716, 28.5605430603, 28.9204521179, 29.2803630829, 29.6518821716, 30.0234012604, 30.383310318, 30.7432193756, 31.1147384644, 31.4862575531, 31.8461666107, 32.2060775757, 32.5543746948, 32.9142837524, 33.2858047485, 33.6457138062, 34.0172348022, 34.3771438599, 34.7370529175, 35.1085700989, 35.4684791565, 35.8283882141, 36.1999092102, 36.5598182678, 36.9197273254, 37.2912483215, 37.6627655029, 38.0226745605, 38.3825836182, 38.7424926758, 39.1024017334, 39.462310791, 39.8222198486, 40.1937408447, 40.5536499023, 40.91355896, 41.2850799561, 41.6565971375, 42.0165061951, 42.3764152527, 42.7479362488, 43.1078453064, 43.467754364, 43.8276634216, 44.1875724792, 44.5590934753, 44.9306106567, 45.2905197144, 45.650428772, 46.0219497681, 46.3818588257, 46.7417678833, 47.1132888794, 47.473197937, 47.8331069946, 48.1930160522, 48.5529251099, 48.9244422913, 49.2843513489, 49.6442604065, 50.0157814026, 50.3756904602, 50.7355995178, 51.1071205139, 51.4670295715, 51.8269386292, 52.1984558105, 52.5699768066, 52.9182739258, 53.2781867981, 53.6380958557, 54.0096130371, 54.3811340332, 54.7526512146, 55.1125602722, 55.4724693298, 55.8439903259, 56.2155075073, 56.5754165649, 56.9353294373, 57.2952384949, 57.6551475525, 58.0150566101, 58.3749656677, 58.7348747253, 59.094783783, 59.4663009644, 59.8378219604, 60.2093429565, 60.5692520142, 60.9291610718, 61.2890701294, 61.648979187, 62.0204963684, 62.380405426, 62.7403144836, 63.1118354797, 63.4833564758, 63.8432655334, 64.2031707764, 64.563079834, 64.9229888916, 65.2945098877, 65.6544189453, 66.0143280029, 66.385848999, 66.7457580566, 67.1056671143, 67.4771881104, 67.837097168, 68.1970062256, 68.5685272217, 68.9284362793, 69.2883453369, 69.6482543945, 70.0081634521, 70.3680725098, 70.7395935059, 71.0995025635, 71.4710159302, 71.8425369263, 72.2024459839, 72.5623550415, 72.9338760376, 73.2937850952, 73.6536941528, 74.0136032104, 74.3735122681, 74.7450332642, 75.1165542603, 75.4764633179, 75.8363723755, 76.1962814331, 76.5561904907, 76.9277114868, 77.2876205444, 77.6475296021, 78.0074386597, 78.3673477173, 78.738861084, 79.1103820801, 79.4819030762, 79.8418121338, 80.2017211914, 80.5732421875, 80.9331512451, 81.2930603027, 81.6529693604, 82.012878418, 82.3727874756, 82.7326965332, 83.1042175293, 83.4757385254, 83.835647583, 84.1955566406, 84.5670700073, 84.9269790649, 85.2868881226, 85.6468048096, 86.0067138672, 86.3666229248, 86.7381362915, 87.0980453491, 87.4695663452, 87.8294754028, 88.1893844604, 88.5609054565, 88.9324264526, 89.2923355103, 89.6522445679, 90.0121536255, 90.3720626831, 90.7435836792, 91.1034927368, 91.4634017944, 91.8349151611, 92.2064361572, 92.5663452148, 92.9262542725, 93.274559021, 93.6460723877, 94.0175933838, 94.3775024414, 94.737411499, 95.0973205566, 95.4572296143, 95.8287506104, 96.2002716064, 96.5717926025, 96.9317016602, 97.2916107178, 97.6515197754, 98.0230331421, 98.3945541382, 98.7544631958, 99.1143722534, 99.474281311, 99.8341903687, 100.194099426, 100.554008484, 100.913917542, 101.285438538, 101.656959534, 102.02848053, 102.376777649, 102.748298645, 103.108207703, 103.46811676, 103.828025818, 104.199546814, 104.571060181, 104.930976868, 105.290885925, 105.650794983, 106.010704041, 106.370613098, 106.742126465, 107.102035522, 107.46194458, 107.833465576, 108.204986572, 108.56489563, 108.924804688, 109.284713745, 109.644622803, 110.00453186, 110.376052856, 110.735961914, 111.10748291, 111.467391968, 111.827301025, 112.198822021, 112.558731079, 112.930244446, 113.290153503, 113.650062561, 114.021583557, 114.393104553, 114.753013611, 115.10131073, 115.472831726, 115.844352722, 116.20426178, 116.564170837, 116.924079895, 117.283988953, 117.655509949, 118.015419006, 118.375328064, 118.74684906, 119.106758118, 119.466667175, 119.838180542, 120.1980896, 120.569610596, 120.929519653, 121.289428711, 121.660949707, 122.020858765, 122.380767822, 122.74067688, 123.112197876, 123.472106934, 123.832015991, 124.191925049, 124.551834106, 124.911743164, 125.271652222, 125.643173218, 126.014694214, 126.386207581, 126.746116638, 127.106025696, 127.477546692, 127.83745575, 128.197372437, 128.568893433, 128.92880249, 129.288711548, 129.648620605, 130.008529663, 130.3800354, 130.728347778, 131.099868774, 131.459777832, 131.81968689, 132.191192627, 132.562713623, 132.934234619, 133.294143677, 133.654052734, 134.013961792, 134.37387085, 134.745391846, 135.105300903, 135.465209961, 135.836730957, 136.196640015, 136.556549072, 136.928070068, 137.299591064, 137.659500122, 138.01940918, 138.379318237, 138.739227295, 139.110748291, 139.470657349, 139.830566406, 140.202087402, 140.56199646, 140.921905518, 141.293426514, 141.66494751, 142.024856567, 142.384765625, 142.744674683, 143.10458374, 143.476104736, 143.836013794, 144.195922852, 144.567428589, 144.938949585, 145.298858643, 145.6587677, 146.018676758, 146.378585815, 146.738494873, 147.098403931, 147.458312988, 147.829833984, 148.20135498, 148.561264038, 148.932785034, 149.292694092, 149.652603149, 150.012512207, 150.372421265, 150.743942261, 151.103851318, 151.463760376, 151.835281372, 152.19519043, 152.555099487, 152.926620483, 153.286529541, 153.646438599, 154.006347656, 154.366256714, 154.73777771, 155.109298706, 155.469207764, 155.829116821, 156.200637817, 156.572158813, 156.932067871, 157.291976929, 157.651885986, 158.011795044, 158.383300781, 158.743209839, 159.103118896, 159.474639893, 159.846160889, 160.206069946, 160.565979004, 160.925888062, 161.285797119, 161.645706177, 162.005615234, 162.37713623, 162.748657227, 163.120178223, 163.48008728, 163.839996338, 164.199905396, 164.559814453, 164.931335449, 165.291244507, 165.651153564, 166.011062622, 166.37097168, 166.742492676, 167.102401733, 167.473922729, 167.833831787, 168.193740845, 168.553649902, 168.91355896, 169.273468018, 169.644989014, 170.004898071, 170.364807129, 170.736328125, 171.107849121, 171.467758179, 171.827667236, 172.199172974, 172.55909729, 172.919006348, 173.278915405, 173.650421143, 174.021942139, 174.381851196, 174.753372192, 175.11328125, 175.473190308, 175.833099365, 176.193008423, 176.564529419, 176.924438477, 177.284347534, 177.65586853, 178.015777588, 178.375686646, 178.735595703, 179.095504761, 179.467025757, 179.838546753, 180.210067749, 180.569976807, 180.929885864, 181.289794922, 181.649703979, 182.021224976, 182.381134033, 182.752655029, 183.112564087, 183.472473145, 183.832382202, 184.203903198, 184.563812256, 184.923721313, 185.29524231, 185.666748047, 186.015060425, 186.374969482, 186.73487854, 187.106384277, 187.466293335, 187.826202393, 188.197723389, 188.557632446, 188.929153442, 189.2890625, 189.660583496, 190.020492554, 190.380401611, 190.740310669, 191.100219727, 191.471740723, 191.843261719, 192.203170776, 192.563079834, 192.922988892, 193.282897949, 193.654418945, 194.014328003, 194.374237061, 194.734146118, 195.105667114, 195.465576172, 195.837097168, 196.197006226, 196.556915283, 196.928436279, 197.288345337, 197.648254395, 198.019775391, 198.379684448, 198.739593506, 199.099502563, 199.459411621, 199.830932617, 200.202438354, 200.562347412, 200.92225647, 201.293777466, 201.653686523, 202.013595581, 202.373504639, 202.745025635, 203.104934692, 203.476455688, 203.836364746, 204.196273804, 204.556182861, 204.927703857, 205.287612915, 205.659133911, 206.030654907, 206.390563965, 206.750473022, 207.098770142, 207.470291138, 207.830200195, 208.190109253, 208.561630249, 208.933151245, 209.293060303, 209.65296936, 210.012878418, 210.372787476, 210.744308472, 211.104217529, 211.464126587, 211.835647583, 212.195556641, 212.555465698, 212.926986694, 213.286895752, 213.658401489, 214.018310547, 214.378234863, 214.738143921, 215.08644104, 215.457962036, 215.829467773, 216.20098877, 216.560897827, 216.920806885, 217.292327881, 217.652236938, 218.012145996, 218.383666992, 218.755187988, 219.115097046, 219.475006104, 219.823303223, 220.194824219, 220.566345215, 220.926254272, 221.28616333, 221.646072388, 222.005981445, 222.377502441, 222.737411499, 223.097320557, 223.468841553, 223.840362549, 224.211883545, 224.571792603, 224.93170166, 225.291610718, 225.651519775, 226.023040771, 226.382949829, 226.742858887, 227.114364624, 227.47428894, 227.834197998, 228.194107056, 228.554016113, 228.925521851, 229.285430908, 229.645339966, 230.016860962, 230.388381958, 230.759902954, 231.119812012, 231.479721069, 231.839630127, 232.199539185, 232.559448242, 232.9193573, 233.290878296, 233.650787354, 234.010696411, 234.382217407, 234.742126465, 235.113647461, 235.473556519, 235.845077515, 236.204986572, 236.56489563, 236.924804688, 237.284713745, 237.656234741, 238.027755737, 238.387664795, 238.747573853, 239.10748291, 239.479003906, 239.838912964, 240.21043396, 240.570343018, 240.941848755, 241.301757812, 241.66166687, 242.021575928, 242.393096924, 242.753005981, 243.112915039, 243.484436035, 243.844345093, 244.20425415, 244.564163208, 244.924072266, 245.295593262, 245.655502319, 246.015411377, 246.386932373, 246.746841431, 247.106750488, 247.478271484, 247.826568604, 248.1980896, 248.557998657, 248.917907715, 249.289428711, 249.660949707, 250.020858765, 250.380767822, 250.752288818, 251.123809814, 251.483718872, 251.84362793, 252.203536987, 252.563446045, 252.923355103, 253.28326416, 253.654785156, 254.026306152, 254.38621521, 254.746124268, 255.117630005, 255.489151001, 255.83744812, 256.197357178, 256.557281494, 256.92880249, 257.300323486, 257.660217285, 258.020141602, 258.3800354, 258.739959717, 259.111480713, 259.471374512, 259.831298828, 260.376953125, 260.922637939, 261.456695557, 262.013977051, 262.571228027, 263.291046143, 264.010864258, 264.74230957, 265.473724365, 266.19354248, 266.913360596, 267.644805908, 268.376220703, 269.107666016, 269.839080811, 270.570526123, 271.301940918, 272.021759033, 272.753204346, 273.484619141, 274.204437256, 274.924255371, 275.655700684, 276.375518799, 277.106933594, 277.838348389, 278.569793701, 279.289611816, 280.009429932, 280.729248047, 281.472290039, 282.215332031, 282.946746826, 283.666564941, 284.398010254, 285.129425049, 285.860870361, 286.580688477, 287.300506592, 288.020324707, 288.751739502, 289.483154297, 290.20300293, 290.922821045, 291.64263916, 292.362457275, 293.09387207, 293.825286865, 294.556732178, 295.276550293, 296.007965088, 296.7394104, 297.470825195, 298.202270508, 298.933685303, 299.653503418, 300.373321533, 301.093139648, 301.812957764, 302.532775879, 303.275817871, 304.018859863, 304.761901855, 305.504943848, 306.236358643, 306.967803955, 307.69921875, 308.430664062, 309.150482178, 309.881896973, 310.624938965, 311.367980957, 312.122619629, 312.865661621, 313.620300293, 314.363342285, 315.094787598, 315.83782959, 316.557647705, 317.2890625, 318.008880615, 318.740325928, 319.471740723, 320.203155518, 320.922973633, 321.631195068, 322.339416504, 323.082427979, 323.825469971, 324.556915283, 325.288330078, 326.008148193, 326.739593506, 327.471008301, 328.202453613],
    "bpm_histogram": [0, 0, 0, 0, 0, 0, 0, 0, 0, 0, 0, 0, 0, 0, 0, 0, 0, 0, 0, 0, 0, 0, 0, 0, 0, 0, 0, 0, 0, 0, 0, 0, 0, 0, 0, 0, 0, 0, 0, 0, 0, 0, 0, 0, 0, 0, 0, 0, 0, 0, 0, 0, 0, 0, 0, 0, 0, 0, 0, 0, 0, 0, 0, 0, 0, 0, 0, 0, 0, 0, 0, 0, 0, 0, 0, 0, 0, 0, 0, 0, 0.00247524748556, 0.0160891097039, 0.0532178208232, 0.0371287129819, 0, 0.00247524748556, 0, 0, 0, 0, 0, 0, 0, 0, 0, 0, 0, 0, 0, 0, 0, 0, 0, 0, 0, 0, 0, 0, 0.00247524748556, 0, 0.00247524748556, 0, 0.00123762374278, 0, 0, 0, 0, 0, 0, 0, 0, 0, 0, 0, 0, 0, 0, 0, 0, 0, 0, 0, 0, 0, 0, 0, 0, 0, 0, 0, 0, 0, 0, 0, 0, 0, 0, 0, 0.00247524748556, 0, 0, 0, 0.00247524748556, 0, 0, 0, 0, 0, 0, 0, 0, 0.271039605141, 0.0334158428013, 0, 0, 0, 0, 0.556930720806, 0, 0, 0, 0, 0.0160891097039, 0, 0, 0, 0, 0, 0, 0, 0, 0, 0, 0, 0, 0, 0, 0, 0, 0, 0, 0, 0, 0, 0, 0, 0, 0, 0, 0, 0, 0, 0, 0, 0, 0, 0, 0, 0, 0, 0, 0, 0, 0, 0, 0, 0, 0, 0, 0, 0, 0, 0, 0, 0, 0, 0, 0, 0, 0, 0, 0, 0, 0, 0, 0, 0, 0, 0, 0, 0, 0, 0, 0, 0, 0, 0, 0, 0, 0]
},
"tonal": {
    "chords_changes_rate": 0.0337380021811,
    "chords_number_rate": 0.00127046869602,
    "chords_strength": {
        "mean": 0.571541070938
    },
    "hpcp_crest": {
        "mean": 14.0648536682
    },
    "hpcp_entropy": {
        "mean": 1.88129651546
    },
    "key_edma": {
        "strength": 0.746956408024,
        "key": "B",
        "scale": "major"
    },
    "key_krumhansl": {
        "strength": 0.747528135777,
        "key": "B",
        "scale": "major"
    },
    "key_temperley": {
        "strength": 0.745186150074,
        "key": "B",
        "scale": "major"
    },
    "tuning_diatonic_strength": 0.56547999382,
    "tuning_equal_tempered_deviation": 0.211750596762,
    "tuning_frequency": 434.193115234,
    "tuning_nontempered_energy_ratio": 0.970763981342,
    "hpcp": {
        "mean": [0.032377012074, 0.0264779236168, 0.037341170013, 0.147412478924, 0.187833607197, 0.102324157953, 0.178487941623, 0.256629288197, 0.185732871294, 0.105579711497, 0.0557442754507, 0.0476514734328, 0.144468531013, 0.165552020073, 0.063083961606, 0.0297167915851, 0.0336597412825, 0.060306597501, 0.168927803636, 0.179820075631, 0.0680721923709, 0.0251896828413, 0.024748776108, 0.0482359007001, 0.105804570019, 0.103538617492, 0.0703315287828, 0.179860055447, 0.225293755531, 0.103221230209, 0.031921043992, 0.022947113961, 0.0380241945386, 0.128163933754, 0.167389348149, 0.0866152346134]
    },
    "chords_histogram": [25.4376068115, 8.13099956512, 28.9384536743, 4.06549978256, 8.04630184174, 1.7504234314, 2.13156414032, 0, 0, 0, 1.5386787653, 0.098814226687, 0.734048545361, 0, 0, 0, 0, 0, 0, 0.50818747282, 0, 0.0564652755857, 0, 18.562959671],
    "thpcp": [1, 0.723739981651, 0.411409437656, 0.217217117548, 0.18568213284, 0.562946379185, 0.645101845264, 0.24581746757, 0.11579657346, 0.1311609447, 0.234994992614, 0.658256113529, 0.700699746609, 0.265254974365, 0.0981559157372, 0.0964378491044, 0.187959447503, 0.412285625935, 0.403455972672, 0.274058848619, 0.70085555315, 0.877895712852, 0.402219206095, 0.124385818839, 0.089417360723, 0.148167788982, 0.499412745237, 0.652261257172, 0.337511092424, 0.126162573695, 0.103175766766, 0.145506262779, 0.574418008327, 0.731925845146, 0.398723602295, 0.6955088377],
    "chords_key": "F#",
    "chords_scale": "major"
}
}