{
"metadata": {
    "version": {
        "essentia": "2.1-beta6-dev",
        "essentia_git_sha": "v2.1_beta5-1177-g1d1cc983",
        "extractor": "music 2.0"
    },
    "audio_properties": {
        "analysis": {
            "equal_loudness": 0,
            "length": 419.093322754,
            "sample_rate": 44100,
            "start_time": 0,
            "downmix": "mix"
        },
        "bit_rate": 1411200,
        "length": 419.093322754,
        "lossless": 1,
        "number_channels": 2,
        "replay_gain": -13.6513767242,
        "sample_rate": 44100,
        "codec": "pcm_s16le",
        "md5_encoded": "4574631112a49f97a3f875da2bc2c254"
    },
    "tags": {
        "file_name": "11 - Manchester Orchestra - The Silence.wav",
        "album": ["A Black Mile To The Surface"],
        "albumartist": ["Manchester Orchestra"],
        "artist": ["Manchester Orchestra"],
        "composer": ["Andy Hull"],
        "copyright": ["℗ 2017 Loma Vista Recordings."],
        "date": ["2017"],
        "discnumber": ["1"],
        "disctotal": ["1"],
        "genre": ["Alternative & Indie"],
        "isrc": ["USC4R1702139"],
        "title": ["The Silence"],
        "tracknumber": ["11"],
        "tracktotal": ["11"]
    }
},
"lowlevel": {
    "average_loudness": 0.674781322479,
    "barkbands_crest": {
        "mean": 12.3994340897
    },
    "barkbands_flatness_db": {
        "mean": 0.219928175211
    },
    "barkbands_kurtosis": {
        "mean": 8.704246521
    },
    "barkbands_skewness": {
        "mean": 2.04434633255
    },
    "barkbands_spread": {
        "mean": 14.5036706924
    },
    "dissonance": {
        "mean": 0.457625240088
    },
    "dynamic_complexity": 6.3010764122,
    "erbbands_crest": {
        "mean": 8.12150096893
    },
    "erbbands_flatness_db": {
        "mean": 0.204237788916
    },
    "erbbands_kurtosis": {
        "mean": 0.465162158012
    },
    "erbbands_skewness": {
        "mean": 0.261108130217
    },
    "erbbands_spread": {
        "mean": 30.9228019714
    },
    "hfc": {
        "mean": 12.8614721298
    },
    "loudness_ebu128": {
        "integrated": -10.1024503708,
        "loudness_range": 10.2945747375,
        "momentary": {
            "mean": -14.0573263168
        },
        "short_term": {
            "mean": -13.5535421371
        }
    },
    "melbands_crest": {
        "mean": 15.2940168381
    },
    "melbands_flatness_db": {
        "mean": 0.323648661375
    },
    "melbands_kurtosis": {
        "mean": 15.7054395676
    },
    "melbands_skewness": {
        "mean": 2.98998117447
    },
    "melbands_spread": {
        "mean": 13.7096529007
    },
    "pitch_salience": {
        "mean": 0.501701712608
    },
    "silence_rate_20dB": {
        "mean": 1
    },
    "silence_rate_30dB": {
        "mean": 0.996842086315
    },
    "silence_rate_60dB": {
        "mean": 0.097119115293
    },
    "spectral_centroid": {
        "mean": 879.955444336
    },
    "spectral_complexity": {
        "mean": 16.9700279236
    },
    "spectral_decrease": {
        "mean": -6.78049127956e-09
    },
    "spectral_energy": {
        "mean": 0.026757825166
    },
    "spectral_energyband_high": {
        "mean": 0.000246528099524
    },
    "spectral_energyband_low": {
        "mean": 0.0145692098886
    },
    "spectral_energyband_middle_high": {
        "mean": 0.0039962567389
    },
    "spectral_energyband_middle_low": {
        "mean": 0.00923725310713
    },
    "spectral_entropy": {
        "mean": 6.99294805527
    },
    "spectral_flux": {
        "mean": 0.062518812716
    },
    "spectral_kurtosis": {
        "mean": 16.7755203247
    },
    "spectral_rms": {
        "mean": 0.00461309449747
    },
    "spectral_rolloff": {
        "mean": 961.005737305
    },
    "spectral_skewness": {
        "mean": 2.48789381981
    },
    "spectral_spread": {
        "mean": 2781910.5
    },
    "spectral_strongpeak": {
        "mean": 0.451643198729
    },
    "zerocrossingrate": {
        "mean": 0.0350495837629
    },
    "barkbands": {
        "mean": [0.000323206128087, 0.00966474413872, 0.0033693597652, 0.00195604562759, 0.00193941278849, 0.002127177082, 0.000990611501038, 0.000987560371868, 0.00106938485987, 0.000448330800282, 0.000545064045582, 0.000561218766961, 0.000296162674204, 0.00036169210216, 0.000371133588487, 0.000464489741717, 0.000376393203624, 0.000367806846043, 0.000228250821237, 0.000129280262627, 8.99608785403e-05, 4.10196043958e-05, 1.91757062566e-05, 1.70947532752e-05, 1.06819361463e-05, 2.2857498152e-06, 2.65495884832e-07]
    },
    "erbbands": {
        "mean": [0.215547382832, 2.35547232628, 4.3202586174, 5.89954471588, 5.16909503937, 6.82989645004, 16.4795074463, 14.5332984924, 13.3586778641, 17.3039569855, 22.3404159546, 22.6300144196, 18.3803310394, 17.0493221283, 21.9308376312, 19.2866535187, 14.8609933853, 18.4466991425, 19.0170402527, 17.3768730164, 29.0717201233, 22.639213562, 21.2048816681, 13.4262218475, 10.3210258484, 6.09415054321, 5.02585411072, 2.45925951004, 1.48932397366, 0.985192716122, 0.528344452381, 0.401044338942, 0.257280290127, 0.171412199736, 0.0455468036234, 0.0122532909736, 0.00374545482919, 0.000723887002096, 5.5585467635e-05, 3.24347747664e-05]
    },
    "gfcc": {
        "mean": [-104.171707153, 169.140899658, -110.853340149, 23.7873058319, -26.9229354858, -1.02131736279, -19.9205646515, 6.61980962753, -10.121723175, -3.23050761223, -4.65139627457, -4.1726064682, -4.28587627411],
        "cov": [[27748.953125, -2300.70751953, -4852.08154297, 2338.46728516, -1708.43286133, 845.794921875, -1040.29125977, 659.093811035, -336.08694458, 113.015113831, -253.8309021, 431.102325439, -76.2828979492], [-2300.70751953, 3022.5847168, 10.2411394119, -707.385742188, 1010.42193604, -554.872253418, 638.223083496, -228.432281494, 280.301544189, -18.7854194641, 200.729812622, -193.579162598, 160.009841919], [-4852.08154297, 10.2411394119, 1533.35791016, -347.541564941, 83.5707931519, 113.613075256, 29.0325031281, -48.0251083374, -16.2727279663, 25.9877490997, -42.1016273499, -57.1693000793, -38.9612350464], [2338.46728516, -707.385742188, -347.541564941, 533.661499023, -345.583129883, 72.5866470337, -167.297180176, 27.599319458, -58.3945236206, -19.55286026, -53.1932868958, 63.1123962402, -1.71356344223], [-1708.43286133, 1010.42193604, 83.5707931519, -345.583129883, 598.503845215, -205.128005981, 258.496551514, -60.8760452271, 111.576507568, -3.52232193947, 76.7069702148, -63.4444770813, 49.2686233521], [845.794921875, -554.872253418, 113.613075256, 72.5866470337, -205.128005981, 340.850982666, -134.42124939, 88.4506988525, -57.7023544312, 10.7962732315, -34.9435462952, 21.4868679047, -65.6099395752], [-1040.29125977, 638.223083496, 29.0325031281, -167.297180176, 258.496551514, -134.42124939, 275.648132324, -69.4102478027, 70.0977020264, 0.84683662653, 49.0682220459, -45.5473670959, 43.5787315369], [659.093811035, -228.432281494, -48.0251083374, 27.599319458, -60.8760452271, 88.4506988525, -69.4102478027, 155.179946899, 0.744866430759, 6.49148988724, -11.2121648788, 24.5166721344, -26.0490341187], [-336.08694458, 280.301544189, -16.2727279663, -58.3945236206, 111.576507568, -57.7023544312, 70.0977020264, 0.744866430759, 122.651992798, 0.595119059086, 24.5473384857, -20.3686542511, 16.4529247284], [113.015113831, -18.7854194641, 25.9877490997, -19.55286026, -3.52232193947, 10.7962732315, 0.84683662653, 6.49148988724, 0.595119059086, 84.4384613037, -1.28717339039, 1.11033987999, 5.18890571594], [-253.8309021, 200.729812622, -42.1016273499, -53.1932868958, 76.7069702148, -34.9435462952, 49.0682220459, -11.2121648788, 24.5473384857, -1.28717339039, 85.798248291, -2.597915411, 9.98879528046], [431.102325439, -193.579162598, -57.1693000793, 63.1123962402, -63.4444770813, 21.4868679047, -45.5473670959, 24.5166721344, -20.3686542511, 1.11033987999, -2.597915411, 76.0632705688, 2.97351074219], [-76.2828979492, 160.009841919, -38.9612350464, -1.71356344223, 49.2686233521, -65.6099395752, 43.5787315369, -26.0490341187, 16.4529247284, 5.18890571594, 9.98879528046, 2.97351074219, 75.7071685791]],
        "icov": [[0.00040375709068, -0.000741586729418, 0.00110068649519, -0.0010772930691, 0.000427377497545, -0.00123117456678, 0.00072009122232, -0.000773436040618, 0.000653907249216, -0.00106081692502, 0.00114107970148, -0.000852103403304, 0.000304053566651], [-0.000741586729418, 0.00268596364185, -0.00185211619828, 0.00264181266539, -0.00162511016242, 0.0028103790246, -0.0021849963814, 0.00187745003495, -0.00191229197662, 0.00224159727804, -0.00282826134935, 0.00280494871549, -0.00139566988219], [0.00110068649519, -0.00185211619828, 0.00390932150185, -0.00210662651807, 0.00116374285426, -0.00369482068345, 0.00192958209664, -0.00156196206808, 0.00171673251316, -0.002934001619, 0.0036596225109, -0.00199629785493, 0.000803794537205], [-0.0010772930691, 0.00264181266539, -0.00210662651807, 0.00715799629688, 0.000341734121321, 0.00360931106843, -0.00178449135274, 0.00283647654578, -0.00241220928729, 0.00377845810726, -0.00234989123419, 0.00189306109678, -0.00218153069727], [0.000427377497545, -0.00162511016242, 0.00116374285426, 0.000341734121321, 0.00528090680018, -0.00057355168974, -0.000553389429115, -0.00140040775295, 1.60794006661e-05, -0.000796896871179, 0.000932627473958, -0.00124611204956, 0.000351943774149], [-0.00123117456678, 0.0028103790246, -0.00369482068345, 0.00360931106843, -0.00057355168974, 0.00896436721087, -0.00207543186843, 0.000571652548388, -0.00146436423529, 0.00289574940689, -0.00392590044066, 0.00331149809062, 0.00104091980029], [0.00072009122232, -0.0021849963814, 0.00192958209664, -0.00178449135274, -0.000553389429115, -0.00207543186843, 0.00925642997026, -1.52329284901e-05, 0.000275901227724, -0.00224383082241, 0.00135908857919, -0.000864968285896, -0.000527188181877], [-0.000773436040618, 0.00187745003495, -0.00156196206808, 0.00283647654578, -0.00140040775295, 0.000571652548388, -1.52329284901e-05, 0.0105371624231, -0.00350156449713, 0.00161948893219, -0.00184896355495, -0.000143061028211, 0.000453655520687], [0.000653907249216, -0.00191229197662, 0.00171673251316, -0.00241220928729, 1.60794006661e-05, -0.00146436423529, 0.000275901227724, -0.00350156449713, 0.012309063226, -0.00201718253084, 0.000943691818975, -0.000211422040593, 0.000233324914007], [-0.00106081692502, 0.00224159727804, -0.002934001619, 0.00377845810726, -0.000796896871179, 0.00289574940689, -0.00224383082241, 0.00161948893219, -0.00201718253084, 0.0151372682303, -0.00291067222133, 0.00227190530859, -0.00265833293088], [0.00114107970148, -0.00282826134935, 0.0036596225109, -0.00234989123419, 0.000932627473958, -0.00392590044066, 0.00135908857919, -0.00184896355495, 0.000943691818975, -0.00291067222133, 0.0179187767208, -0.00481358543038, 0.00134908978362], [-0.000852103403304, 0.00280494871549, -0.00199629785493, 0.00189306109678, -0.00124611204956, 0.00331149809062, -0.000864968285896, -0.000143061028211, -0.000211422040593, 0.00227190530859, -0.00481358543038, 0.0194946713746, -0.00388234714046], [0.000304053566651, -0.00139566988219, 0.000803794537205, -0.00218153069727, 0.000351943774149, 0.00104091980029, -0.000527188181877, 0.000453655520687, 0.000233324914007, -0.00265833293088, 0.00134908978362, -0.00388234714046, 0.018067818135]]
    },
    "melbands": {
        "mean": [0.00241064513102, 0.00260080001317, 0.000973081914708, 0.000403984740842, 0.000514538842253, 0.000347474764567, 0.000201947827009, 0.000202849201742, 0.000184151605936, 0.000144888836076, 8.92999378266e-05, 6.60460791551e-05, 6.84575061314e-05, 6.43602397759e-05, 4.38164533989e-05, 3.14592143695e-05, 3.38838835887e-05, 2.92200238619e-05, 2.84983980237e-05, 2.54526585195e-05, 3.35119584634e-05, 2.42999194597e-05, 1.92792558664e-05, 1.62964606716e-05, 1.02331932794e-05, 8.89780494617e-06, 5.24189363205e-06, 3.76231196242e-06, 3.55273186869e-06, 1.95857592189e-06, 1.22396659208e-06, 8.61924604578e-07, 7.34279012704e-07, 4.44468042815e-07, 3.13897885462e-07, 2.58374200257e-07, 2.33017090068e-07, 1.71565019969e-07, 1.77746557029e-07, 1.34128129048e-07]
    },
    "melbands128": {
        "mean": [0.000286013033474, 0.00127989775501, 0.00358226965182, 0.00407392857596, 0.00258620944805, 0.00156753254123, 0.00128888769541, 0.000821304391138, 0.000455653702375, 0.000380260578822, 0.000361433340004, 0.000383013277315, 0.000621883082204, 0.000625182350632, 0.00032001407817, 0.000200687034521, 0.000221036185394, 0.000186497098184, 0.000220487301704, 0.000152421867824, 0.00024772528559, 0.000200913651497, 0.000171663690708, 0.000188482343219, 0.00011642552272, 0.000167287187651, 9.96164817479e-05, 8.39333733893e-05, 8.40848515509e-05, 3.43007450283e-05, 8.52323282743e-05, 7.86689270171e-05, 3.87824547943e-05, 8.90497976798e-05, 8.9600609499e-05, 4.61382587673e-05, 3.56951495633e-05, 6.86279599904e-05, 2.52501267823e-05, 2.5496170565e-05, 3.36046105076e-05, 3.71429377992e-05, 3.8129157474e-05, 2.71308144875e-05, 3.13109230774e-05, 3.06009496853e-05, 2.47250591201e-05, 4.12262452301e-05, 2.2501735657e-05, 1.16562960102e-05, 2.65988328465e-05, 3.32022027578e-05, 5.15723586432e-05, 2.21820864681e-05, 2.19385474338e-05, 3.17767626257e-05, 1.80359711521e-05, 1.47529308379e-05, 2.17257693294e-05, 2.5353532692e-05, 1.29529053083e-05, 1.29644195113e-05, 1.2568366401e-05, 7.55722976464e-06, 1.00136830952e-05, 1.00223587651e-05, 7.54761640565e-06, 6.50476613373e-06, 4.46386229669e-06, 3.97348458137e-06, 3.49367724084e-06, 4.06148274124e-06, 3.45693410964e-06, 4.01573925046e-06, 2.9012419418e-06, 1.92992752091e-06, 1.54324982304e-06, 1.54374333761e-06, 1.14949079943e-06, 9.59598651207e-07, 9.86942040981e-07, 7.27908343379e-07, 7.23898949673e-07, 7.73109775309e-07, 7.56303734306e-07, 4.9390678214e-07, 3.22203533187e-07, 3.50939814098e-07, 3.53416425014e-07, 2.47175307777e-07, 2.35229322243e-07, 2.83236801124e-07, 2.62613070845e-07, 2.62853461663e-07, 1.88940575185e-07, 1.5973252232e-07, 1.70808405642e-07, 1.78989751021e-07, 1.84920281754e-07, 1.70795928511e-07, 1.71357740442e-07, 1.2708039776e-07, 9.50140730538e-08, 6.67547581656e-08, 4.31070041884e-08, 2.9074929131e-08, 2.67617412675e-08, 2.39116886291e-08, 1.93843305851e-08, 1.72426801726e-08, 1.44901584065e-08, 1.24315002736e-08, 1.05640927117e-08, 1.08088764605e-08, 1.06776392172e-08, 7.02569025179e-09, 4.43181669141e-09, 2.54331666838e-09, 1.37328792782e-09, 9.14096909277e-10, 7.81785636228e-10, 5.63360968986e-10, 4.25873447618e-10, 2.88915918967e-10, 2.258686016e-10, 2.29888441616e-10, 2.03510264196e-10, 9.78775394067e-11]
    },
    "mfcc": {
        "mean": [-744.687561035, 194.684799194, -10.6205415726, 33.7534370422, 12.8213720322, 3.53926205635, 5.04181528091, 8.07061767578, 3.19620656967, 4.15299415588, 3.04423809052, 3.04503822327, 3.21255493164],
        "cov": [[25090.546875, -2678.5456543, -2955.95336914, 494.720855713, -611.284423828, -215.909286499, -508.182220459, 274.171936035, -185.559570312, -165.169036865, -251.366424561, -39.134967804, -35.6729888916], [-2678.5456543, 3952.0559082, -656.16015625, 77.6407470703, 193.657165527, 22.8544254303, 304.410064697, -37.8905220032, 173.439468384, 163.708999634, 143.595184326, 119.633468628, 74.8674697876], [-2955.95336914, -656.16015625, 1351.25219727, -221.95463562, 68.5866165161, 96.6233520508, -5.28791427612, -31.8142032623, 0.951467752457, -9.76219749451, 8.13847255707, -25.8449420929, -32.3680725098], [494.720855713, 77.6407470703, -221.95463562, 370.426879883, -79.7680740356, -7.14773511887, -30.0332355499, -47.4576911926, 27.0457420349, -50.4147567749, -37.3257446289, 11.6198177338, -8.24667263031], [-611.284423828, 193.657165527, 68.5866165161, -79.7680740356, 203.917526245, -12.8899936676, 17.6830196381, 39.5904083252, 0.0583194196224, 35.3223152161, 37.2245407104, -24.1803741455, 17.3433074951], [-215.909286499, 22.8544254303, 96.6233520508, -7.14773511887, -12.8899936676, 138.634841919, 29.1789913177, -16.425453186, 8.52424144745, 3.09654021263, -5.98064279556, 10.8227148056, -20.4639987946], [-508.182220459, 304.410064697, -5.28791427612, -30.0332355499, 17.6830196381, 29.1789913177, 136.734558105, 2.13690423965, 15.8045911789, 13.2637176514, 13.3479585648, 15.6234092712, 6.11441993713], [274.171936035, -37.8905220032, -31.8142032623, -47.4576911926, 39.5904083252, -16.425453186, 2.13690423965, 132.156539917, -10.9865789413, 18.0053596497, 17.985250473, -15.7499914169, 16.3891086578], [-185.559570312, 173.439468384, 0.951467752457, 27.0457420349, 0.0583194196224, 8.52424144745, 15.8045911789, -10.9865789413, 101.60193634, 16.0282611847, 6.30139064789, 9.86009120941, 0.957739472389], [-165.169036865, 163.708999634, -9.76219749451, -50.4147567749, 35.3223152161, 3.09654021263, 13.2637176514, 18.0053596497, 16.0282611847, 88.4551391602, 28.9042110443, -1.65837359428, 11.0109939575], [-251.366424561, 143.595184326, 8.13847255707, -37.3257446289, 37.2245407104, -5.98064279556, 13.3479585648, 17.985250473, 6.30139064789, 28.9042110443, 77.9021072388, 6.63347291946, 13.2563877106], [-39.134967804, 119.633468628, -25.8449420929, 11.6198177338, -24.1803741455, 10.8227148056, 15.6234092712, -15.7499914169, 9.86009120941, -1.65837359428, 6.63347291946, 65.640914917, 8.864818573], [-35.6729888916, 74.8674697876, -32.3680725098, -8.24667263031, 17.3433074951, -20.4639987946, 6.11441993713, 16.3891086578, 0.957739472389, 11.0109939575, 13.2563877106, 8.864818573, 65.3728942871]],
        "icov": [[7.74257641751e-05, 6.58491189824e-05, 0.000202236973564, 3.00906922348e-05, 0.000103604703327, -5.73170218559e-05, 0.000153436660185, -0.000142892808071, -1.77031579369e-05, 3.72310705643e-06, 7.11277025403e-05, -3.2088260923e-05, 3.63708350051e-05], [6.58491189824e-05, 0.000496223859955, 0.0003784763976, -0.00011555175297, -0.000355172116542, -7.40337200114e-05, -0.000625035550911, 0.000172501764609, -0.000436834379798, -0.000437782466179, -0.000313068885589, -0.000530132674612, -5.77679347771e-05], [0.000202236973564, 0.0003784763976, 0.00155383406673, 0.000646276515909, -0.000191478917259, -0.000815702020191, 0.000328248221194, 0.000145208992762, -0.000479810580146, 0.000328813795932, -8.04195515229e-05, 7.21906008039e-06, 0.000223113544052], [3.00906922348e-05, -0.00011555175297, 0.000646276515909, 0.00382783426903, 0.00081199943088, -0.000210255850106, 0.00102456344757, 0.000731753534637, -0.00120288843755, 0.00190392357763, 0.000713641988114, 0.000239609158598, -8.91678500921e-05], [0.000103604703327, -0.000355172116542, -0.000191478917259, 0.00081199943088, 0.00700432807207, 0.00040517639718, 0.000272755802143, -0.00135116907768, 0.000288986280793, -0.000676508352626, -0.00151020043995, 0.00282992981374, -0.000915050681215], [-5.73170218559e-05, -7.40337200114e-05, -0.000815702020191, -0.000210255850106, 0.00040517639718, 0.00872938334942, -0.00197206949815, 0.00037618612987, -8.20055865915e-05, -0.000989917432889, 0.000719179864973, -0.00134230451658, 0.00254247896373], [0.000153436660185, -0.000625035550911, 0.000328248221194, 0.00102456344757, 0.000272755802143, -0.00197206949815, 0.0099846990779, -0.000752078951336, -0.000439932395238, 0.000730670348275, 0.000185990837053, -0.000835098035168, -0.000384806626244], [-0.000142892808071, 0.000172501764609, 0.000145208992762, 0.000731753534637, -0.00135116907768, 0.00037618612987, -0.000752078951336, 0.00942848715931, 0.000418627081672, -0.000801641202997, -0.00140129146166, 0.0017039263621, -0.00174651097041], [-1.77031579369e-05, -0.000436834379798, -0.000479810580146, -0.00120288843755, 0.000288986280793, -8.20055865915e-05, -0.000439932395238, 0.000418627081672, 0.0114110186696, -0.00219214498065, -3.69450717699e-05, -0.000662660575472, 0.000234572624322], [3.72310705643e-06, -0.000437782466179, 0.000328813795932, 0.00190392357763, -0.000676508352626, -0.000989917432889, 0.000730670348275, -0.000801641202997, -0.00219214498065, 0.0152795566246, -0.00341169931926, 0.0013522215886, -0.00112440518569], [7.11277025403e-05, -0.000313068885589, -8.04195515229e-05, 0.000713641988114, -0.00151020043995, 0.000719179864973, 0.000185990837053, -0.00140129146166, -3.69450717699e-05, -0.00341169931926, 0.0167078841478, -0.0022203233093, -0.00110452238005], [-3.2088260923e-05, -0.000530132674612, 7.21906008039e-06, 0.000239609158598, 0.00282992981374, -0.00134230451658, -0.000835098035168, 0.0017039263621, -0.000662660575472, 0.0013522215886, -0.0022203233093, 0.0188054852188, -0.00321452342905], [3.63708350051e-05, -5.77679347771e-05, 0.000223113544052, -8.91678500921e-05, -0.000915050681215, 0.00254247896373, -0.000384806626244, -0.00174651097041, 0.000234572624322, -0.00112440518569, -0.00110452238005, -0.00321452342905, 0.0178404077888]]
    },
    "spectral_contrast_coeffs": {
        "mean": [-0.756519079208, -0.778526246548, -0.783326327801, -0.805160403252, -0.79268014431, -0.775623559952]
    },
    "spectral_contrast_valleys": {
        "mean": [-6.48286485672, -6.95450115204, -7.81305122375, -8.30127048492, -8.83054256439, -12.4401683807]
    }
},
"rhythm": {
    "beats_count": 510,
    "beats_loudness": {
        "mean": 0.0385241769254
    },
    "bpm": 67.1476821899,
    "bpm_histogram_first_peak_bpm": 67,
    "bpm_histogram_first_peak_weight": 0.0254452824593,
    "bpm_histogram_second_peak_bpm": 133,
    "bpm_histogram_second_peak_spread": 0.589743614197,
    "bpm_histogram_second_peak_weight": 0.0314341858029,
    "danceability": 1.01539814472,
    "onset_rate": 1.72508990765,
    "beats_loudness_band_ratio": {
        "mean": [0.660141289234, 0.162929981947, 0.0933859869838, 0.0547633990645, 0.0376369357109, 0.0175145119429]
    },
    "beats_position": [0.96362811327, 1.90403628349, 2.80961441994, 3.70358276367, 4.59755086899, 5.50312900543, 6.38548755646, 7.27945566177, 8.17342376709, 9.06739234924, 9.96135997772, 10.8553285599, 11.749297142, 12.6432647705, 13.5372333527, 14.4428119659, 15.3483896255, 16.2539672852, 17.1363258362, 18.0302944183, 18.9242630005, 19.8182315826, 20.7121982574, 21.6061668396, 22.5001354218, 23.3941040039, 24.2880725861, 25.1704311371, 26.076007843, 26.9699764252, 27.8639450073, 28.7695236206, 29.6634922028, 30.5690689087, 31.4630374908, 32.357006073, 33.2509727478, 34.1449432373, 35.0389099121, 35.9212684631, 36.8152389526, 37.7092056274, 38.6031723022, 39.4971427917, 40.402721405, 41.3083000183, 42.2022666931, 43.0962333679, 43.9902038574, 44.8841705322, 45.7665290833, 46.6721076965, 47.5660743713, 48.4716529846, 49.3656234741, 50.2595901489, 51.1535606384, 52.0475273132, 52.941493988, 53.8470726013, 54.7526512146, 55.6466217041, 56.5405883789, 57.4229469299, 58.3169136047, 59.2108840942, 60.1164627075, 61.0104293823, 61.9043960571, 62.7983665466, 63.6923332214, 64.5863037109, 65.4802703857, 66.3742370605, 67.2682037354, 68.1621780396, 69.0561447144, 69.9617233276, 70.8673019409, 71.7496566772, 72.6436233521, 73.5375976562, 74.4431762695, 75.3487548828, 76.2427215576, 77.1366882324, 78.0190429688, 78.9130172729, 79.8069839478, 80.7009506226, 81.5949172974, 82.4888839722, 83.3944625854, 84.3000411987, 85.1940155029, 86.0879821777, 86.9819488525, 87.8759155273, 88.7698822021, 89.6754608154, 90.5694351196, 91.4634017944, 92.3457565308, 93.2397232056, 94.1336975098, 95.0276641846, 95.9216308594, 96.8155975342, 97.709564209, 98.6151428223, 99.497505188, 100.391471863, 101.285438538, 102.191017151, 103.084983826, 103.990562439, 104.884536743, 105.778503418, 106.672470093, 107.578048706, 108.472015381, 109.365982056, 110.25995636, 111.153923035, 112.036277771, 112.930244446, 113.835823059, 114.729797363, 115.635368347, 116.529342651, 117.423309326, 118.328887939, 119.222854614, 120.128433228, 121.022399902, 121.916366577, 122.810340881, 123.692695618, 124.575057983, 125.469024658, 126.362991333, 127.256958008, 128.162536621, 129.068115234, 129.962081909, 130.856048584, 131.750015259, 132.643981934, 133.537963867, 134.44354248, 135.337509155, 136.23147583, 137.137054443, 138.031021118, 138.924987793, 139.807342529, 140.701309204, 141.595275879, 142.477645874, 143.371612549, 144.277191162, 145.171157837, 146.07673645, 146.970703125, 147.8646698, 148.770248413, 149.652603149, 150.546569824, 151.440536499, 152.334503174, 153.228485107, 154.122451782, 155.016418457, 155.910385132, 156.804351807, 157.628662109, 158.452972412, 159.300491333, 160.148025513, 160.960723877, 161.78503418, 162.609344482, 163.422042847, 164.246353149, 165.082260132, 165.906570435, 166.730880737, 167.55519104, 168.460769653, 169.366348267, 170.283538818, 171.21232605, 172.129516602, 173.011871338, 173.894241333, 174.764984131, 175.624130249, 176.506484985, 177.412063599, 178.317642212, 179.223220825, 180.1171875, 181.011154175, 181.90512085, 182.787475586, 183.681442261, 184.575408936, 185.469390869, 186.363357544, 187.268936157, 188.174514771, 189.056869507, 189.950836182, 190.844802856, 191.75038147, 192.655960083, 193.549926758, 194.443893433, 195.337860107, 196.231826782, 197.114196777, 198.008163452, 198.913742065, 199.80770874, 200.713287354, 201.618865967, 202.512832642, 203.406799316, 204.300765991, 205.183120728, 206.077087402, 206.959457397, 207.841812134, 208.747390747, 209.65296936, 210.558547974, 211.464126587, 212.3697052, 213.263671875, 214.15763855, 215.039993286, 215.933959961, 216.827926636, 217.710296631, 218.592651367, 219.49822998, 220.403808594, 221.297775269, 222.191741943, 223.097320557, 223.991287231, 224.885253906, 225.779220581, 226.673187256, 227.567153931, 228.472732544, 229.366714478, 230.260681152, 231.143035889, 232.037002563, 232.930969238, 233.836547852, 234.730514526, 235.624481201, 236.518447876, 237.424026489, 238.317993164, 239.211975098, 240.105941772, 240.999908447, 241.893875122, 242.787841797, 243.681808472, 244.575775146, 245.48135376, 246.375320435, 247.280899048, 248.174865723, 249.068832397, 249.962814331, 250.856781006, 251.750747681, 252.644714355, 253.53868103, 254.444259644, 255.338226318, 256.232208252, 257.137786865, 258.031738281, 258.925720215, 259.819671631, 260.713653564, 261.60760498, 262.501586914, 263.39553833, 264.289520264, 265.195098877, 266.089050293, 266.983032227, 267.87701416, 268.770965576, 269.66494751, 270.558898926, 271.464477539, 272.370056152, 273.275634766, 274.157989502, 275.040344238, 275.911102295, 276.805084229, 277.687438965, 278.593017578, 279.498596191, 280.404174805, 281.309753418, 282.215332031, 283.097686768, 283.991638184, 284.885620117, 285.779571533, 286.673553467, 287.5675354, 288.461486816, 289.35546875, 290.261047363, 291.178222656, 292.07220459, 292.966156006, 293.860137939, 294.742492676, 295.636444092, 296.530426025, 297.424407959, 298.329986572, 299.212341309, 300.094696045, 301.000274658, 301.905853271, 302.799804688, 303.693786621, 304.576141357, 305.470092773, 306.364074707, 307.26965332, 308.175231934, 309.080810547, 309.963165283, 310.857147217, 311.751098633, 312.645080566, 313.539031982, 314.444610596, 315.338592529, 316.232543945, 317.114929199, 318.020507812, 318.902862549, 319.808441162, 320.702392578, 321.596374512, 322.478729248, 323.372680664, 324.266662598, 325.172241211, 326.054595947, 326.960174561, 327.865753174, 328.759735107, 329.653686523, 330.559265137, 331.441619873, 332.335601807, 333.229553223, 334.135131836, 335.02911377, 335.923065186, 336.828643799, 337.734222412, 338.616607666, 339.510559082, 340.404541016, 341.298492432, 342.192474365, 343.086425781, 343.980407715, 344.862762451, 345.768341064, 346.673919678, 347.567871094, 348.473449707, 349.367431641, 350.273010254, 351.166992188, 352.049346924, 352.94329834, 353.837280273, 354.731231689, 355.636810303, 356.542388916, 357.447967529, 358.341949463, 359.235900879, 360.118255615, 361.000640869, 361.882995605, 362.6144104, 363.345855713, 364.077270508, 364.80871582, 365.551727295, 366.25994873, 366.968170166, 367.687988281, 368.407806396, 369.127624512, 369.847442627, 370.462768555, 371.078094482, 371.69342041, 372.308746338, 372.912475586, 373.516174316, 374.119903564, 374.723632812, 375.327331543, 375.942657471, 376.511566162, 377.092071533, 377.672546387, 378.253051758, 378.821929932, 379.437286377, 380.052612305, 380.667938232, 381.271636963, 381.875366211, 382.339752197, 382.804168701, 383.268554688, 383.732971191, 384.197357178, 384.661773682, 385.126159668, 385.578948975, 386.031738281, 386.484527588, 386.937316895, 387.390106201, 387.842895508, 388.295684814, 388.748474121, 389.201263428, 389.642456055, 390.095245361, 390.536407471, 390.989196777, 391.430389404, 391.871551514, 392.312744141, 392.777130127, 393.229919434, 393.694335938, 394.147125244, 394.599914551, 395.064300537, 395.621582031, 396.190460205, 396.747741699, 397.316650391, 397.885528564, 398.454406738, 399.034912109, 399.61541748, 400.184295654, 400.741577148, 401.298858643, 401.856140137, 402.413421631, 402.85458374, 403.284179688, 403.713745117, 404.143310547, 404.584472656, 405.025665283, 405.466827393, 405.97769165, 406.488525391, 406.999359131, 407.510192871, 408.021026611, 408.531860352, 408.984649658, 409.437438965, 409.901855469, 410.343017578, 410.784210205, 411.225402832, 411.747833252, 412.270294189, 412.792724609, 413.326782227, 413.849243164, 414.371704102, 414.905761719, 415.428192139, 415.950653076, 416.473114014, 417.007171631, 417.541229248, 418.075286865],
    "bpm_histogram": [0, 0, 0, 0, 0, 0, 0, 0, 0, 0, 0, 0, 0, 0, 0, 0, 0, 0, 0, 0, 0, 0, 0, 0, 0, 0, 0, 0, 0, 0, 0, 0, 0, 0, 0, 0, 0, 0, 0, 0, 0, 0, 0, 0, 0, 0, 0, 0, 0, 0, 0, 0, 0, 0, 0, 0, 0, 0, 0, 0, 0, 0, 0, 0, 0.00196463661268, 0.00785854645073, 0.190569743514, 0.465618848801, 0.0962671935558, 0.00392927322537, 0.00196463661268, 0.00392927322537, 0.00196463661268, 0.0157170929015, 0.00392927322537, 0, 0, 0, 0, 0, 0, 0.00196463661268, 0.00785854645073, 0.00785854645073, 0, 0.00392927322537, 0, 0, 0, 0, 0, 0, 0, 0, 0, 0, 0, 0, 0.0157170929015, 0.0137524558231, 0, 0, 0, 0.00982318259776, 0, 0.0137524558231, 0, 0, 0.0117878196761, 0, 0, 0, 0.00982318259776, 0, 0, 0.0157170929015, 0, 0.0117878196761, 0, 0, 0, 0, 0, 0, 0, 0, 0, 0, 0, 0.0216110013425, 0, 0, 0, 0.0314341858029, 0, 0, 0.0235756393522, 0, 0, 0, 0.00589390983805, 0, 0, 0, 0, 0, 0, 0, 0, 0, 0, 0, 0, 0, 0, 0, 0, 0, 0, 0, 0, 0, 0, 0, 0, 0, 0, 0, 0, 0, 0, 0, 0, 0, 0, 0, 0, 0, 0, 0, 0, 0, 0, 0, 0, 0, 0, 0, 0, 0, 0, 0, 0, 0, 0, 0, 0, 0, 0, 0, 0, 0, 0, 0, 0, 0, 0, 0, 0, 0, 0, 0, 0, 0, 0, 0, 0, 0, 0, 0, 0, 0, 0, 0, 0, 0, 0, 0, 0, 0, 0, 0, 0, 0, 0, 0, 0, 0, 0, 0, 0, 0, 0, 0, 0, 0, 0, 0, 0, 0]
},
"tonal": {
    "chords_changes_rate": 0.0395524054766,
    "chords_number_rate": 0.00110791053157,
    "chords_strength": {
        "mean": 0.552918672562
    },
    "hpcp_crest": {
        "mean": 15.4482088089
    },
    "hpcp_entropy": {
        "mean": 1.76315796375
    },
    "key_edma": {
        "strength": 0.73060375452,
        "key": "Ab",
        "scale": "major"
    },
    "key_krumhansl": {
        "strength": 0.733606040478,
        "key": "Ab",
        "scale": "major"
    },
    "key_temperley": {
        "strength": 0.731820940971,
        "key": "Ab",
        "scale": "major"
    },
    "tuning_diatonic_strength": 0.594380915165,
    "tuning_equal_tempered_deviation": 0.0698973834515,
    "tuning_frequency": 441.527557373,
    "tuning_nontempered_energy_ratio": 0.727869033813,
    "hpcp": {
        "mean": [0.0329178012908, 0.0296386405826, 0.0848103836179, 0.137377992272, 0.0868823081255, 0.0285003073514, 0.0208520237356, 0.026346500963, 0.0726697444916, 0.101036369801, 0.111278072, 0.214972123504, 0.241479635239, 0.118084944785, 0.048986338079, 0.0516690947115, 0.130338490009, 0.419573992491, 0.465150386095, 0.181686043739, 0.0511274300516, 0.0303881205618, 0.0320385992527, 0.0645072236657, 0.0827065333724, 0.0611152872443, 0.0663310736418, 0.0745136141777, 0.0509708598256, 0.0467267967761, 0.0529090836644, 0.0540152303874, 0.131760209799, 0.230153933167, 0.171123757958, 0.0640274360776]
    },
    "chords_histogram": [27.6866836548, 2.68114328384, 9.73853302002, 0.044316418469, 0.576113462448, 3.61178827286, 0, 0.121870152652, 0.653667211533, 0, 1.13006865978, 0.210502997041, 0.155107468367, 0.642588078976, 0, 0.454243302345, 0, 0.0221582092345, 0.686904489994, 22.6235313416, 3.65610456467, 2.53711509705, 20.2415237427, 2.52603578568],
    "thpcp": [1, 0.390596359968, 0.109915912151, 0.0653296709061, 0.0688779354095, 0.138680368662, 0.177806004882, 0.131388232112, 0.14260135591, 0.160192519426, 0.109579309821, 0.100455246866, 0.113746188581, 0.116124227643, 0.283263683319, 0.494794666767, 0.367889106274, 0.137648895383, 0.0707680806518, 0.0637184083462, 0.182328954339, 0.295341014862, 0.186783269048, 0.0612711682916, 0.0448285639286, 0.0566408224404, 0.156228497624, 0.217212259769, 0.239230304956, 0.462156176567, 0.519143164158, 0.253864020109, 0.105312906206, 0.111080408096, 0.28020721674, 0.902017951012],
    "chords_key": "Ab",
    "chords_scale": "major"
}
}