{
"metadata": {
    "version": {
        "essentia": "2.1-beta6-dev",
        "essentia_git_sha": "v2.1_beta5-1177-g1d1cc983",
        "extractor": "music 2.0"
    },
    "audio_properties": {
        "analysis": {
            "equal_loudness": 0,
            "length": 312.413330078,
            "sample_rate": 44100,
            "start_time": 0,
            "downmix": "mix"
        },
        "bit_rate": 1411200,
        "length": 312.413330078,
        "lossless": 1,
        "number_channels": 2,
        "replay_gain": -12.6902389526,
        "sample_rate": 44100,
        "codec": "pcm_s16le",
        "md5_encoded": "4b5401da52acb2725384a29f8112b3d1"
    },
    "tags": {
        "file_name": "07 - Manchester Orchestra - The Grocery.wav",
        "album": ["A Black Mile To The Surface"],
        "albumartist": ["Manchester Orchestra"],
        "artist": ["Manchester Orchestra"],
        "composer": ["Andy Hull"],
        "copyright": ["℗ 2017 Loma Vista Recordings."],
        "date": ["2017"],
        "discnumber": ["1"],
        "disctotal": ["1"],
        "genre": ["Alternative & Indie"],
        "isrc": ["USC4R1702135"],
        "title": ["The Grocery"],
        "tracknumber": ["7"],
        "tracktotal": ["11"]
    }
},
"lowlevel": {
    "average_loudness": 0.832371115685,
    "barkbands_crest": {
        "mean": 10.5069417953
    },
    "barkbands_flatness_db": {
        "mean": 0.151614829898
    },
    "barkbands_kurtosis": {
        "mean": 6.41767883301
    },
    "barkbands_skewness": {
        "mean": 1.84308183193
    },
    "barkbands_spread": {
        "mean": 20.3768692017
    },
    "dissonance": {
        "mean": 0.461837917566
    },
    "dynamic_complexity": 4.13431215286,
    "erbbands_crest": {
        "mean": 8.12250614166
    },
    "erbbands_flatness_db": {
        "mean": 0.153211638331
    },
    "erbbands_kurtosis": {
        "mean": 0.350907176733
    },
    "erbbands_skewness": {
        "mean": 0.15059658885
    },
    "erbbands_spread": {
        "mean": 35.8477020264
    },
    "hfc": {
        "mean": 20.9001789093
    },
    "loudness_ebu128": {
        "integrated": -9.72807979584,
        "loudness_range": 9.80604171753,
        "momentary": {
            "mean": -11.7129068375
        },
        "short_term": {
            "mean": -11.3763742447
        }
    },
    "melbands_crest": {
        "mean": 15.7289705276
    },
    "melbands_flatness_db": {
        "mean": 0.242024436593
    },
    "melbands_kurtosis": {
        "mean": 16.1093139648
    },
    "melbands_skewness": {
        "mean": 2.94076228142
    },
    "melbands_spread": {
        "mean": 19.7884120941
    },
    "pitch_salience": {
        "mean": 0.507227301598
    },
    "silence_rate_20dB": {
        "mean": 1
    },
    "silence_rate_30dB": {
        "mean": 0.964997053146
    },
    "silence_rate_60dB": {
        "mean": 0.0751337707043
    },
    "spectral_centroid": {
        "mean": 1260.21118164
    },
    "spectral_complexity": {
        "mean": 23.46626091
    },
    "spectral_decrease": {
        "mean": -8.79128148057e-09
    },
    "spectral_energy": {
        "mean": 0.0350760109723
    },
    "spectral_energyband_high": {
        "mean": 0.000677564064972
    },
    "spectral_energyband_low": {
        "mean": 0.0191418342292
    },
    "spectral_energyband_middle_high": {
        "mean": 0.00747498543933
    },
    "spectral_energyband_middle_low": {
        "mean": 0.00952776614577
    },
    "spectral_entropy": {
        "mean": 7.40303468704
    },
    "spectral_flux": {
        "mean": 0.0821013301611
    },
    "spectral_kurtosis": {
        "mean": 8.24420547485
    },
    "spectral_rms": {
        "mean": 0.00531654106453
    },
    "spectral_rolloff": {
        "mean": 1065.13330078
    },
    "spectral_skewness": {
        "mean": 1.87514781952
    },
    "spectral_spread": {
        "mean": 3800945.25
    },
    "spectral_strongpeak": {
        "mean": 0.68607789278
    },
    "zerocrossingrate": {
        "mean": 0.0447542630136
    },
    "barkbands": {
        "mean": [0.000523648341186, 0.0105262184516, 0.00647546397522, 0.00263459817506, 0.0022688107565, 0.00101958820596, 0.00136902881786, 0.000557983992621, 0.00148973742034, 0.00157020078041, 0.00149954285007, 0.000741598661989, 0.000655499927234, 0.000421637843829, 0.000461608520709, 0.000550793891307, 0.00050950224977, 0.000488625140861, 0.0004837308079, 0.000306590110995, 0.000228707576753, 0.000132988425321, 5.33451930096e-05, 5.22133013874e-05, 3.09641691274e-05, 1.50904788825e-05, 7.56828831072e-06]
    },
    "erbbands": {
        "mean": [0.265289247036, 2.47549939156, 7.78975534439, 8.42973709106, 7.28848361969, 8.01490211487, 6.68757724762, 9.82244205475, 14.0667963028, 20.0371322632, 16.0965099335, 26.6331615448, 52.720993042, 66.651222229, 34.5204162598, 25.5195446014, 30.7511310577, 23.218454361, 22.5842494965, 25.1587505341, 34.9672279358, 28.5183868408, 26.3579788208, 25.5741081238, 21.7216491699, 14.6529769897, 11.6627197266, 7.2028670311, 4.84721279144, 3.0049932003, 1.35148596764, 1.10697543621, 0.822734236717, 0.448125809431, 0.171181410551, 0.0675176903605, 0.0275720786303, 0.0067939911969, 0.00126572791487, 0.000128852931084]
    },
    "gfcc": {
        "mean": [-12.1367683411, 111.698471069, -104.964256287, 30.1079597473, -39.6609039307, 12.6528844833, -21.5291728973, 11.4664888382, -21.1409873962, -2.42089390755, -13.4634180069, -1.69596397877, -9.45985889435],
        "cov": [[12109.609375, -3388.76708984, -2040.41833496, 1254.71362305, -532.566101074, 46.771938324, -208.403411865, 489.631774902, -117.510635376, 126.830154419, -454.323150635, 244.039505005, -107.478118896], [-3388.76708984, 1713.13427734, 356.13381958, -438.789978027, 346.730102539, -15.0515651703, 136.797546387, -93.771156311, 95.4562835693, -90.7995147705, 196.486282349, -102.220169067, 52.5181808472], [-2040.41833496, 356.13381958, 803.686889648, -171.712966919, 36.8449440002, 15.2396402359, 28.2476501465, -103.109184265, 20.8282184601, 24.0945949554, 55.281162262, -38.4846839905, 13.6582164764], [1254.71362305, -438.789978027, -171.712966919, 506.96862793, -33.9830207825, -39.4500083923, -7.4486784935, 44.478187561, -4.21867227554, 46.3081817627, -49.6848258972, 19.252243042, 17.0750350952], [-532.566101074, 346.730102539, 36.8449440002, -33.9830207825, 257.709014893, 3.04095244408, 66.6862716675, -4.50437498093, 46.3511199951, -11.260269165, 41.9892425537, -11.6985549927, 16.6026992798], [46.771938324, -15.0515651703, 15.2396402359, -39.4500083923, 3.04095244408, 187.407897949, 55.2616996765, 11.6356010437, 12.181189537, 7.8765501976, -8.04347896576, -5.93838644028, -1.18033051491], [-208.403411865, 136.797546387, 28.2476501465, -7.4486784935, 66.6862716675, 55.2616996765, 177.205627441, 4.28733348846, 28.4533443451, 20.9588451385, 1.77230381966, -4.15616893768, 31.3034324646], [489.631774902, -93.771156311, -103.109184265, 44.478187561, -4.50437498093, 11.6356010437, 4.28733348846, 126.776412964, 18.8838558197, 5.83714389801, -8.31457996368, 14.8248062134, -3.26075816154], [-117.510635376, 95.4562835693, 20.8282184601, -4.21867227554, 46.3511199951, 12.181189537, 28.4533443451, 18.8838558197, 101.787055969, 25.7911052704, 7.2790555954, -4.79592180252, 9.1998758316], [126.830154419, -90.7995147705, 24.0945949554, 46.3081817627, -11.260269165, 7.8765501976, 20.9588451385, 5.83714389801, 25.7911052704, 100.080215454, -5.01682853699, 5.93243455887, 10.2905921936], [-454.323150635, 196.486282349, 55.281162262, -49.6848258972, 41.9892425537, -8.04347896576, 1.77230381966, -8.31457996368, 7.2790555954, -5.01682853699, 95.41796875, 9.77956962585, -1.66091966629], [244.039505005, -102.220169067, -38.4846839905, 19.252243042, -11.6985549927, -5.93838644028, -4.15616893768, 14.8248062134, -4.79592180252, 5.93243455887, 9.77956962585, 66.6812133789, 11.9538192749], [-107.478118896, 52.5181808472, 13.6582164764, 17.0750350952, 16.6026992798, -1.18033051491, 31.3034324646, -3.26075816154, 9.1998758316, 10.2905921936, -1.66091966629, 11.9538192749, 60.6007003784]],
        "icov": [[0.000393606169382, 0.000519219436683, 0.000626485911198, -0.000254047045019, -7.58857495384e-05, -0.000113604750368, -1.06006918941e-05, -0.000461065472336, -9.02434549062e-05, -3.51688231603e-06, 0.000328053283738, -0.000229684956139, 0.000246332259849], [0.000519219436683, 0.00256110006012, 0.000671584915835, 0.000714897527359, -0.00138391787186, 0.000389240478398, -0.000677891366649, -0.000266976159764, -0.000995725742541, 0.0012983889319, -0.00232070521452, 0.00244609755464, -0.00154434691649], [0.000626485911198, 0.000671584915835, 0.00259896088392, -8.48874769872e-05, 4.76906643598e-05, -0.000290846510325, -1.54225654114e-05, 0.000306490896037, -0.000303273613099, -0.000701224140357, -6.7501673584e-07, 0.000197459332412, 9.912517271e-05], [-0.000254047045019, 0.000714897527359, -8.48874769872e-05, 0.00318385381252, -0.000674271024764, 0.000927556073293, -0.000301286461763, -5.95435358264e-06, -0.000122561876196, -0.000477976136608, -0.000793348124716, 0.00147765176371, -0.00180341559462], [-7.58857495384e-05, -0.00138391787186, 4.76906643598e-05, -0.000674271024764, 0.00608040764928, 8.34254678921e-05, -0.00131069123745, 8.54021127452e-05, -0.00143572769593, 0.000435410649516, -0.000298052182188, -0.000847553485073, 0.000564446731005], [-0.000113604750368, 0.000389240478398, -0.000290846510325, 0.000927556073293, 8.34254678921e-05, 0.00637849234045, -0.00234580109827, -0.000397866329877, -0.000484953547129, 0.000172374318936, -0.000232151694945, 0.00101476116106, 0.000394911476178], [-1.06006918941e-05, -0.000677891366649, -1.54225654114e-05, -0.000301286461763, -0.00131069123745, -0.00234580109827, 0.00807228684425, -0.000321646162774, -0.000133503344841, -0.00168461538851, 0.00130555243231, -0.000334224459948, -0.00280858017504], [-0.000461065472336, -0.000266976159764, 0.000306490896037, -5.95435358264e-06, 8.54021127452e-05, -0.000397866329877, -0.000321646162774, 0.0101817334071, -0.00226581678726, 0.000344037340255, -0.000699204159901, -0.0010277305264, 0.000498217879795], [-9.02434549062e-05, -0.000995725742541, -0.000303273613099, -0.000122561876196, -0.00143572769593, -0.000484953547129, -0.000133503344841, -0.00226581678726, 0.0128038041294, -0.00386241730303, 0.000945148465689, 1.33950088639e-05, -0.000127924926346], [-3.51688231603e-06, 0.0012983889319, -0.000701224140357, -0.000477976136608, 0.000435410649516, 0.000172374318936, -0.00168461538851, 0.000344037340255, -0.00386241730303, 0.0129847377539, -0.00178806181066, 0.000815646431874, -0.00189443922136], [0.000328053283738, -0.00232070521452, -6.7501673584e-07, -0.000793348124716, -0.000298052182188, -0.000232151694945, 0.00130555243231, -0.000699204159901, 0.000945148465689, -0.00178806181066, 0.0171027649194, -0.00741291418672, 0.00427294755355], [-0.000229684956139, 0.00244609755464, 0.000197459332412, 0.00147765176371, -0.000847553485073, 0.00101476116106, -0.000334224459948, -0.0010277305264, 1.33950088639e-05, 0.000815646431874, -0.00741291418672, 0.0217391774058, -0.00725062843412], [0.000246332259849, -0.00154434691649, 9.912517271e-05, -0.00180341559462, 0.000564446731005, 0.000394911476178, -0.00280858017504, 0.000498217879795, -0.000127924926346, -0.00189443922136, 0.00427294755355, -0.00725062843412, 0.0219815969467]]
    },
    "melbands": {
        "mean": [0.00261520897038, 0.00375995738432, 0.00141205475666, 0.000531137222424, 0.000260002532741, 0.000211555307033, 0.000245829258347, 0.000200021080673, 0.000133556401124, 0.000191357976291, 0.000272347446298, 0.000275645725196, 0.000149547835463, 7.84898438724e-05, 5.61076740269e-05, 8.00517591415e-05, 3.69379267795e-05, 3.57823664672e-05, 3.80765850423e-05, 3.30252150889e-05, 4.17890441895e-05, 3.05684916384e-05, 2.52821719187e-05, 2.09343179449e-05, 2.07372486329e-05, 1.8641962015e-05, 1.16820974654e-05, 9.2865757324e-06, 7.856886441e-06, 5.31598061571e-06, 3.77103424398e-06, 2.9375860322e-06, 2.19228672904e-06, 1.40049053243e-06, 7.78398089096e-07, 6.74526631883e-07, 6.50120512091e-07, 5.85194072755e-07, 4.92949197906e-07, 3.44216914527e-07]
    },
    "melbands128": {
        "mean": [0.000451491854619, 0.00201945286244, 0.00314529216848, 0.00445329863578, 0.00451880553737, 0.00277071655728, 0.00179787992965, 0.00110261503141, 0.000673394941259, 0.000509699981194, 0.000463173666503, 0.000310296629323, 0.000222118163947, 0.00016421044711, 0.0002205647761, 0.000243541813688, 0.000171260355273, 0.000211797712836, 0.000411669781897, 0.000206157550565, 0.000112613743113, 0.000126090148115, 0.000139539901284, 0.000152831737068, 9.44202984101e-05, 0.000263341440586, 0.000280610547634, 0.000186479490367, 0.000435448251665, 0.000127633058582, 0.000349809008185, 0.000297879887512, 0.000104164231743, 5.29517019459e-05, 0.000119249867566, 6.47893466521e-05, 4.74081098218e-05, 8.68624410941e-05, 2.40562585532e-05, 7.28445738787e-05, 0.000113523412438, 5.16549407621e-05, 2.8119138733e-05, 2.8049797038e-05, 5.43712849321e-05, 2.87760540232e-05, 2.52929512499e-05, 5.32758313057e-05, 3.3444553992e-05, 2.66095212282e-05, 3.27339803334e-05, 3.55291304004e-05, 5.28932177986e-05, 3.93093796447e-05, 3.30091206706e-05, 3.31227674906e-05, 2.40724966716e-05, 2.20741039811e-05, 2.81137054117e-05, 2.76176251646e-05, 1.51707363329e-05, 2.23797433136e-05, 1.99168371182e-05, 2.02743012778e-05, 2.23972510867e-05, 1.98747584363e-05, 1.47337350427e-05, 1.52526372403e-05, 9.24543746805e-06, 9.93380217551e-06, 9.17381930776e-06, 9.88583451544e-06, 7.53271660869e-06, 8.28180327517e-06, 6.98850408298e-06, 5.23544213138e-06, 4.84358679387e-06, 4.22827179136e-06, 3.43938063452e-06, 3.50792606696e-06, 3.55556448994e-06, 2.28611725106e-06, 2.26225506594e-06, 2.34009985434e-06, 2.0793929707e-06, 1.59959529356e-06, 1.19973583423e-06, 9.04256580725e-07, 8.22782453724e-07, 5.82626853429e-07, 6.11574421328e-07, 7.21812511983e-07, 7.68285417507e-07, 6.72969406423e-07, 5.68112852761e-07, 5.36431798537e-07, 6.22780305548e-07, 5.82765665058e-07, 5.40660266779e-07, 4.10869603229e-07, 3.91954444012e-07, 3.36468616524e-07, 2.85477938178e-07, 2.46832399853e-07, 1.72279541744e-07, 1.44208684105e-07, 1.3628510942e-07, 1.24636414967e-07, 1.07049679343e-07, 1.08988288616e-07, 1.00722722607e-07, 9.99021096959e-08, 8.32457018873e-08, 8.06753774896e-08, 7.54635536282e-08, 5.49472645162e-08, 4.40477592178e-08, 4.45332695165e-08, 3.86073004677e-08, 4.21554204877e-08, 3.67621737496e-08, 3.56298066606e-08, 2.69203646042e-08, 2.39535360436e-08, 2.05276471377e-08, 1.68269664869e-08, 1.52990065061e-08, 8.50784775963e-09]
    },
    "mfcc": {
        "mean": [-660.703552246, 144.700515747, -0.606097102165, 28.6315612793, 6.91956520081, 7.01188850403, 10.9845209122, 11.3404102325, 5.07741069794, 2.64435887337, 0.693277716637, -1.5697414875, 0.17828835547],
        "cov": [[13523.6318359, -3855.78686523, -1725.17102051, 579.450744629, -320.550415039, -209.010940552, -316.053588867, 175.522003174, 318.127227783, 4.5482506752, -208.208602905, 29.1330318451, 8.88133335114], [-3855.78686523, 1901.24230957, 198.740936279, -268.97845459, 175.79473877, 16.2869510651, 137.587554932, 35.8310813904, -96.7055892944, 28.8361854553, 89.8353652954, -17.1789550781, 22.0813560486], [-1725.17102051, 198.740936279, 645.99432373, -65.2985839844, -2.61757326126, 62.3338813782, 20.9932231903, -71.2260131836, -31.9614524841, -3.6831715107, 26.9131393433, 11.7940864563, -9.41373348236], [579.450744629, -268.97845459, -65.2985839844, 383.981842041, 17.862487793, -4.62288570404, -5.34472990036, -32.5407295227, 48.5468826294, -10.4806566238, -6.28466939926, 18.4344463348, 8.28153705597], [-320.550415039, 175.79473877, -2.61757326126, 17.862487793, 175.436645508, -12.1097345352, -2.2693297863, 23.68724823, -30.3000030518, 3.29764604568, 29.9102897644, -4.59719371796, 0.961440384388], [-209.010940552, 16.2869510651, 62.3338813782, -4.62288570404, -12.1097345352, 175.584640503, 43.2005348206, -9.98964118958, 43.827419281, 27.4240913391, -8.04793453217, 16.8527736664, 0.534311294556], [-316.053588867, 137.587554932, 20.9932231903, -5.34472990036, -2.2693297863, 43.2005348206, 120.263084412, 25.9394607544, 7.36962032318, 7.14970684052, 4.02314853668, -0.00475861411542, 3.63483786583], [175.522003174, 35.8310813904, -71.2260131836, -32.5407295227, 23.68724823, -9.98964118958, 25.9394607544, 117.910919189, 7.3660492897, 5.49218177795, 11.7064876556, -9.72548389435, 1.26474189758], [318.127227783, -96.7055892944, -31.9614524841, 48.5468826294, -30.3000030518, 43.827419281, 7.36962032318, 7.3660492897, 128.69770813, 42.6254501343, -14.8311758041, 11.6726465225, 7.68696451187], [4.5482506752, 28.8361854553, -3.6831715107, -10.4806566238, 3.29764604568, 27.4240913391, 7.14970684052, 5.49218177795, 42.6254501343, 83.8510284424, 17.4009971619, 7.19619750977, 11.0578393936], [-208.208602905, 89.8353652954, 26.9131393433, -6.28466939926, 29.9102897644, -8.04793453217, 4.02314853668, 11.7064876556, -14.8311758041, 17.4009971619, 66.6134414673, 14.0895195007, 5.47747898102], [29.1330318451, -17.1789550781, 11.7940864563, 18.4344463348, -4.59719371796, 16.8527736664, -0.00475861411542, -9.72548389435, 11.6726465225, 7.19619750977, 14.0895195007, 63.496471405, 23.2566394806], [8.88133335114, 22.0813560486, -9.41373348236, 8.28153705597, 0.961440384388, 0.534311294556, 3.63483786583, 1.26474189758, 7.68696451187, 11.0578393936, 5.47747898102, 23.2566394806, 67.9278030396]],
        "icov": [[0.000367970671505, 0.000657097087242, 0.000715990725439, 3.68342189176e-05, 2.75514412351e-05, 0.000172152766027, 0.000121496603242, -0.000320528633893, -0.000223214694415, -0.000132384360768, 5.99063350819e-05, -0.000157965856488, -7.31942127459e-05], [0.000657097087242, 0.00196358701214, 0.00116086483467, 0.000612626899965, -0.000710407737643, 0.000414159876527, -0.000731225765776, -0.000282733759377, -0.000264699920081, -0.000313978001941, -0.000479724345496, -7.62086347095e-06, -0.000464481592644], [0.000715990725439, 0.00116086483467, 0.00327977444977, 0.000369778572349, 0.000136697111884, -0.000330279581249, 5.81834774493e-06, 0.000670627108775, -0.000229157551075, 0.00011844389519, -0.000853768899105, -0.000358144112397, 0.000124447033159], [3.68342189176e-05, 0.000612626899965, 0.000369778572349, 0.00350433401763, -0.0013121322263, 0.000444004894234, -0.000963703147136, 0.00155346270185, -0.00179794360884, 0.00127281551249, -0.000712945009582, -0.000444573437562, -0.000336268858518], [2.75514412351e-05, -0.000710407737643, 0.000136697111884, -0.0013121322263, 0.00749444868416, -0.000429410982179, 0.00147968286183, -0.00181081693154, 0.00179160153493, -0.000662479491439, -0.00189889059402, 0.000664611114189, 8.87601927388e-05], [0.000172152766027, 0.000414159876527, -0.000330279581249, 0.000444004894234, -0.000429410982179, 0.00774331158027, -0.00275066448376, 0.000746410223655, -0.00211145030335, -0.00164964876603, 0.00165502238087, -0.00213852408342, 0.000927618413698], [0.000121496603242, -0.000731225765776, 5.81834774493e-06, -0.000963703147136, 0.00147968286183, -0.00275066448376, 0.0111161656678, -0.00319962948561, 0.000343078805599, 3.27303314407e-05, 0.000180207352969, 0.00041050411528, -0.000393678870751], [-0.000320528633893, -0.000282733759377, 0.000670627108775, 0.00155346270185, -0.00181081693154, 0.000746410223655, -0.00319962948561, 0.0115009183064, -0.0018048027996, 0.00105389871169, -0.0027132644318, 0.00187993107829, -0.000377973192371], [-0.000223214694415, -0.000264699920081, -0.000229157551075, -0.00179794360884, 0.00179160153493, -0.00211145030335, 0.000343078805599, -0.0018048027996, 0.0126656275243, -0.00650935387239, 0.00363233522512, -0.00143684260547, 0.00013455998851], [-0.000132384360768, -0.000313978001941, 0.00011844389519, 0.00127281551249, -0.000662479491439, -0.00164964876603, 3.27303314407e-05, 0.00105389871169, -0.00650935387239, 0.0174382459372, -0.00615411717445, 0.00150509423111, -0.0021395822987], [5.99063350819e-05, -0.000479724345496, -0.000853768899105, -0.000712945009582, -0.00189889059402, 0.00165502238087, 0.000180207352969, -0.0027132644318, 0.00363233522512, -0.00615411717445, 0.0212086252868, -0.00584628432989, 0.00105362897739], [-0.000157965856488, -7.62086347095e-06, -0.000358144112397, -0.000444573437562, 0.000664611114189, -0.00213852408342, 0.00041050411528, 0.00187993107829, -0.00143684260547, 0.00150509423111, -0.00584628432989, 0.0207808520645, -0.00674764392897], [-7.31942127459e-05, -0.000464481592644, 0.000124447033159, -0.000336268858518, 8.87601927388e-05, 0.000927618413698, -0.000393678870751, -0.000377973192371, 0.00013455998851, -0.0021395822987, 0.00105362897739, -0.00674764392897, 0.0175181850791]]
    },
    "spectral_contrast_coeffs": {
        "mean": [-0.724521577358, -0.755977511406, -0.735962569714, -0.793068766594, -0.795061588287, -0.769775807858]
    },
    "spectral_contrast_valleys": {
        "mean": [-6.40797662735, -6.861369133, -7.40010452271, -7.7676153183, -7.75869894028, -10.6869897842]
    }
},
"rhythm": {
    "beats_count": 469,
    "beats_loudness": {
        "mean": 0.0400426089764
    },
    "bpm": 89.6530075073,
    "bpm_histogram_first_peak_bpm": 91,
    "bpm_histogram_first_peak_weight": 0.496519744396,
    "bpm_histogram_second_peak_bpm": 86,
    "bpm_histogram_second_peak_spread": 0,
    "bpm_histogram_second_peak_weight": 0.0491452999413,
    "danceability": 1.12507450581,
    "onset_rate": 2.94140148163,
    "beats_loudness_band_ratio": {
        "mean": [0.601390600204, 0.132871612906, 0.103428483009, 0.0988753437996, 0.0571941174567, 0.0389797575772]
    },
    "beats_position": [0.66176867485, 1.33514738083, 1.99691605568, 2.67029476166, 3.34367346764, 4.01705217361, 4.67882061005, 5.34058952332, 6.01396799088, 6.68734693527, 7.3491153717, 8.01088428497, 8.67265319824, 9.33442115784, 10.0078001022, 10.6811790466, 11.3429479599, 12.0047159195, 12.6780948639, 13.3514738083, 14.0248527527, 14.7098407745, 15.3948297501, 16.0798187256, 16.7648067474, 17.4497947693, 18.1347846985, 18.8197727203, 19.5047607422, 20.1897506714, 20.8747386932, 21.5713367462, 22.2679367065, 22.9645347595, 23.6611328125, 24.3345127106, 25.0078907013, 25.681268692, 26.3546485901, 27.0164165497, 27.6781845093, 28.3515644073, 29.0133323669, 29.6751022339, 30.3368701935, 31.0102481842, 31.6720180511, 32.3453979492, 33.0187759399, 33.6921539307, 34.3539237976, 35.0156898499, 35.6774597168, 36.3392295837, 37.0126075745, 37.6859855652, 38.3477554321, 39.0095214844, 39.6829032898, 40.3562812805, 41.0180473328, 41.6914291382, 42.3531951904, 43.0149650574, 43.6883430481, 44.3617210388, 45.0234909058, 45.6852607727, 46.347026825, 47.0204086304, 47.6821746826, 48.3439445496, 49.0057144165, 49.6674804688, 50.3408622742, 51.0142402649, 51.6876182556, 52.3493881226, 53.0111541748, 53.6845359802, 54.3579139709, 55.0196800232, 55.6814498901, 56.3432197571, 57.0165977478, 57.6899757385, 58.3517456055, 59.0135154724, 59.6752815247, 60.3486595154, 61.0104293823, 61.6721992493, 62.34557724, 63.0189552307, 63.6807250977, 64.3424911499, 65.0042648315, 65.6776428223, 66.351020813, 67.0127868652, 67.6745529175, 68.3363265991, 69.0097045898, 69.6714706421, 70.3332443237, 71.0066223145, 71.6683883667, 72.3301544189, 73.0035324097, 73.6769180298, 74.3502960205, 75.0120620728, 75.673828125, 76.3472061157, 77.0205917358, 77.6939697266, 78.3673477173, 79.0291137695, 79.6908798218, 80.3526535034, 81.0144195557, 81.6877975464, 82.3611755371, 83.0229492188, 83.684715271, 84.3580932617, 85.019859314, 85.6816329956, 86.3433990479, 87.0051651001, 87.6785507202, 88.3519287109, 89.0136947632, 89.6754608154, 90.3488388062, 91.0222167969, 91.6839904785, 92.3457565308, 93.0191345215, 93.6809082031, 94.3426742554, 95.0160522461, 95.6778182983, 96.33959198, 97.0129699707, 97.6747360229, 98.3365097046, 99.0098876953, 99.683265686, 100.356643677, 101.030021667, 101.69178772, 102.353561401, 103.015327454, 103.677093506, 104.350471497, 105.023849487, 105.685623169, 106.35900116, 107.020767212, 107.694145203, 108.367523193, 109.029296875, 109.691062927, 110.352828979, 111.014602661, 111.687980652, 112.349746704, 113.011520386, 113.684898376, 114.346664429, 115.020042419, 115.681808472, 116.355194092, 117.028572083, 117.701950073, 118.386940002, 119.083534241, 119.780136108, 120.488342285, 121.161720276, 121.846710205, 122.531700134, 123.205078125, 123.890068054, 124.575057983, 125.271652222, 125.968254089, 126.664848328, 127.338226318, 128.011611938, 128.6849823, 129.346755981, 130.020126343, 130.681900024, 131.355285645, 132.017044067, 132.690429688, 133.352203369, 134.013961792, 134.675735474, 135.337509155, 135.999267578, 136.672653198, 137.34602356, 138.01940918, 138.681182861, 139.342941284, 140.016326904, 140.678085327, 141.339859009, 142.013244629, 142.68661499, 143.371612549, 144.056594849, 144.741577148, 145.426574707, 146.123168945, 146.819763184, 147.516372681, 148.20135498, 148.897949219, 149.594558716, 150.291152954, 150.987747192, 151.672744751, 152.346115112, 153.019500732, 153.681274414, 154.343032837, 155.016418457, 155.67817688, 156.3515625, 157.013336182, 157.675094604, 158.336868286, 159.010253906, 159.683624268, 160.357009888, 161.030380249, 161.692153931, 162.353912354, 163.015686035, 163.677459717, 164.350830078, 165.024215698, 165.68598938, 166.347747803, 167.021133423, 167.682891846, 168.344665527, 169.006439209, 169.67980957, 170.35319519, 171.014968872, 171.688339233, 172.350112915, 173.011871338, 173.67364502, 174.335418701, 175.008789062, 175.682174683, 176.343948364, 177.005706787, 177.679092407, 178.352462769, 179.01423645, 179.676010132, 180.349380493, 181.022766113, 181.684524536, 182.346298218, 183.019683838, 183.681442261, 184.343215942, 185.016601562, 185.678359985, 186.351745605, 187.013504028, 187.67527771, 188.337051392, 189.010421753, 189.683807373, 190.357177734, 191.030563354, 191.703948975, 192.388931274, 193.085525513, 193.78213501, 194.478729248, 195.163711548, 195.837097168, 196.510467529, 197.183853149, 197.857223511, 198.530609131, 199.215591431, 199.912200928, 200.608795166, 201.317001343, 201.990386963, 202.663757324, 203.337142944, 204.010513306, 204.683898926, 205.345672607, 206.00743103, 206.669204712, 207.330978394, 208.004348755, 208.677734375, 209.351104736, 210.012878418, 210.6746521, 211.348022461, 212.009796143, 212.671554565, 213.344940186, 214.018310547, 214.680084229, 215.34185791, 216.015228271, 216.677001953, 217.338775635, 218.012145996, 218.673919678, 219.335693359, 220.009063721, 220.670837402, 221.344207764, 222.005981445, 222.667755127, 223.32951355, 224.00289917, 224.676269531, 225.338043213, 225.999816895, 226.661590576, 227.323348999, 227.996734619, 228.67010498, 229.343490601, 230.005249023, 230.667022705, 231.340408325, 232.002166748, 232.66394043, 233.33732605, 234.010696411, 234.672470093, 235.345840454, 236.007614136, 236.680999756, 237.354370117, 238.027755737, 238.68951416, 239.351287842, 240.024673462, 240.698043823, 241.348205566, 242.009979248, 242.671737671, 243.333511353, 243.995285034, 244.668655396, 245.342041016, 246.015411377, 246.688796997, 247.35055542, 248.012329102, 248.685714722, 249.347473145, 250.009246826, 250.682632446, 251.356002808, 252.017776489, 252.691146851, 253.352920532, 254.014694214, 254.676452637, 255.338226318, 256, 256.673370361, 257.346740723, 258.020141602, 258.681884766, 259.343658447, 260.017059326, 260.67880249, 261.340576172, 262.013977051, 262.675720215, 263.349121094, 264.010864258, 264.684265137, 265.357635498, 266.01940918, 266.681182861, 267.342956543, 268.004699707, 268.666473389, 269.32824707, 270.001617432, 270.675018311, 271.336761475, 271.998535156, 272.671936035, 273.333679199, 273.995452881, 274.668823242, 275.342224121, 276.003997803, 276.665740967, 277.339141846, 278.000915527, 278.674285889, 279.33605957, 279.997802734, 280.659576416, 281.332977295, 282.006347656, 282.679718018, 283.353088379, 284.026489258, 284.688262939, 285.338409424, 286.000183105, 286.673553467, 287.346923828, 288.020324707, 288.682067871, 289.343841553, 290.017242432, 290.678985596, 291.340759277, 292.014129639, 292.687530518, 293.349304199, 294.011047363, 294.684448242, 295.346221924, 296.007965088, 296.66973877, 297.343109131, 298.004882812, 298.678283691, 299.340026855, 300.001800537, 300.663574219, 301.33694458, 301.998718262, 302.672088623, 303.333862305, 303.995635986, 304.634185791, 305.156646729, 305.690704346, 306.213134766, 306.735595703, 307.26965332, 307.780487061, 308.279724121, 308.778961182, 309.278167725, 309.777404785, 310.276641846, 310.775878906, 311.275085449, 311.77432251],
    "bpm_histogram": [0, 0, 0, 0, 0, 0, 0, 0, 0, 0, 0, 0, 0, 0, 0, 0, 0, 0, 0, 0, 0, 0, 0, 0, 0, 0, 0, 0, 0, 0, 0, 0, 0, 0, 0, 0, 0, 0, 0, 0, 0, 0, 0, 0, 0, 0, 0, 0, 0, 0, 0, 0, 0, 0, 0, 0, 0, 0, 0, 0, 0, 0, 0, 0, 0, 0, 0, 0, 0, 0, 0, 0, 0, 0, 0, 0, 0, 0, 0, 0, 0, 0, 0, 0, 0, 0.00427350448444, 0.0448717959225, 0, 0.0512820519507, 0.403846144676, 0, 0.45940169692, 0.00427350448444, 0, 0.00213675224222, 0, 0, 0, 0, 0, 0, 0, 0, 0, 0, 0, 0, 0, 0, 0, 0, 0, 0.00427350448444, 0, 0, 0.00641025649384, 0, 0.00213675224222, 0, 0, 0.0170940179378, 0, 0, 0, 0, 0, 0, 0, 0, 0, 0, 0, 0, 0, 0, 0, 0, 0, 0, 0, 0, 0, 0, 0, 0, 0, 0, 0, 0, 0, 0, 0, 0, 0, 0, 0, 0, 0, 0, 0, 0, 0, 0, 0, 0, 0, 0, 0, 0, 0, 0, 0, 0, 0, 0, 0, 0, 0, 0, 0, 0, 0, 0, 0, 0, 0, 0, 0, 0, 0, 0, 0, 0, 0, 0, 0, 0, 0, 0, 0, 0, 0, 0, 0, 0, 0, 0, 0, 0, 0, 0, 0, 0, 0, 0, 0, 0, 0, 0, 0, 0, 0, 0, 0, 0, 0, 0, 0, 0, 0, 0, 0, 0, 0, 0, 0, 0, 0, 0, 0, 0, 0, 0, 0, 0, 0, 0, 0, 0, 0]
},
"tonal": {
    "chords_changes_rate": 0.0392331704497,
    "chords_number_rate": 0.00148610491306,
    "chords_strength": {
        "mean": 0.531902551651
    },
    "hpcp_crest": {
        "mean": 14.4984769821
    },
    "hpcp_entropy": {
        "mean": 1.86028194427
    },
    "key_edma": {
        "strength": 0.79726099968,
        "key": "F#",
        "scale": "major"
    },
    "key_krumhansl": {
        "strength": 0.803453624249,
        "key": "F#",
        "scale": "major"
    },
    "key_temperley": {
        "strength": 0.812303721905,
        "key": "F#",
        "scale": "major"
    },
    "tuning_diatonic_strength": 0.643695116043,
    "tuning_equal_tempered_deviation": 0.233916655183,
    "tuning_frequency": 434.193115234,
    "tuning_nontempered_energy_ratio": 0.975702047348,
    "hpcp": {
        "mean": [0.0553981401026, 0.0346323475242, 0.0393542014062, 0.151661589742, 0.178934648633, 0.0774886161089, 0.100132852793, 0.119909830391, 0.0625205338001, 0.0419174842536, 0.0457965582609, 0.0635266974568, 0.187568336725, 0.235718131065, 0.119283668697, 0.0551649518311, 0.0468816272914, 0.051737640053, 0.122876018286, 0.148463889956, 0.0812235698104, 0.0421010367572, 0.0358155854046, 0.0452103242278, 0.098645158112, 0.117274865508, 0.104128941894, 0.265996366739, 0.330771833658, 0.160133272409, 0.0638148784637, 0.0512561202049, 0.0685786232352, 0.223067671061, 0.31692430377, 0.173388794065]
    },
    "chords_histogram": [40.4517745972, 2.40749001503, 13.3749446869, 1.12943971157, 4.72581386566, 0, 0.38638728857, 0, 0.193193644285, 0, 0, 0, 0, 0, 0, 1.12943971157, 0.326943069696, 3.37345814705, 0, 0.743052482605, 0.0445831492543, 20.2407493591, 5.27567243576, 6.197057724],
    "thpcp": [1, 0.484120041132, 0.192927181721, 0.154959142208, 0.20732909441, 0.674385309219, 0.958135724068, 0.524194538593, 0.167481437325, 0.104701623321, 0.11897688359, 0.458508163691, 0.540960967541, 0.234266072512, 0.302724838257, 0.362515240908, 0.189014077187, 0.126726284623, 0.138453617692, 0.192055940628, 0.567062616348, 0.712630629539, 0.36062219739, 0.166776448488, 0.141734033823, 0.15641489625, 0.371482700109, 0.448840796947, 0.245557695627, 0.127281203866, 0.108278825879, 0.136681303382, 0.298227190971, 0.354549139738, 0.314805954695, 0.804168760777],
    "chords_key": "F#",
    "chords_scale": "major"
}
}