{
"metadata": {
    "version": {
        "essentia": "2.1-beta6-dev",
        "essentia_git_sha": "v2.1_beta5-1177-g1d1cc983",
        "extractor": "music 2.0"
    },
    "audio_properties": {
        "analysis": {
            "equal_loudness": 0,
            "length": 242.399993896,
            "sample_rate": 44100,
            "start_time": 0,
            "downmix": "mix"
        },
        "bit_rate": 1411200,
        "length": 242.399993896,
        "lossless": 1,
        "number_channels": 2,
        "replay_gain": -14.4585514069,
        "sample_rate": 44100,
        "codec": "pcm_s16le",
        "md5_encoded": "e05bab13dfff5d9ae3d3e431d14bdea9"
    },
    "tags": {
        "file_name": "10 - Manchester Orchestra - See It Again.wav",
        "album": ["Cope (Deluxe Version)"],
        "albumartist": ["Manchester Orchestra"],
        "artist": ["Manchester Orchestra"],
        "composer": ["Manchester Orchestra"],
        "copyright": ["℗ 2013 Seven Four Entertainment and Republic Records"],
        "date": ["2012"],
        "discnumber": ["1"],
        "disctotal": ["1"],
        "genre": ["Alternative & Indie"],
        "isrc": ["USUG11301020"],
        "title": ["See It Again"],
        "tracknumber": ["10"],
        "tracktotal": ["13"]
    }
},
"lowlevel": {
    "average_loudness": 0.965724468231,
    "barkbands_crest": {
        "mean": 9.1035194397
    },
    "barkbands_flatness_db": {
        "mean": 0.174249723554
    },
    "barkbands_kurtosis": {
        "mean": 5.89274215698
    },
    "barkbands_skewness": {
        "mean": 1.59130644798
    },
    "barkbands_spread": {
        "mean": 18.5836238861
    },
    "dissonance": {
        "mean": 0.460596263409
    },
    "dynamic_complexity": 2.20467805862,
    "erbbands_crest": {
        "mean": 8.37937164307
    },
    "erbbands_flatness_db": {
        "mean": 0.18324303627
    },
    "erbbands_kurtosis": {
        "mean": 0.859885752201
    },
    "erbbands_skewness": {
        "mean": 0.197723180056
    },
    "erbbands_spread": {
        "mean": 32.6598548889
    },
    "hfc": {
        "mean": 22.8127231598
    },
    "loudness_ebu128": {
        "integrated": -7.00479364395,
        "loudness_range": 4.25498151779,
        "momentary": {
            "mean": -7.50556564331
        },
        "short_term": {
            "mean": -7.34886884689
        }
    },
    "melbands_crest": {
        "mean": 14.1240854263
    },
    "melbands_flatness_db": {
        "mean": 0.250191628933
    },
    "melbands_kurtosis": {
        "mean": 13.4517421722
    },
    "melbands_skewness": {
        "mean": 2.5471932888
    },
    "melbands_spread": {
        "mean": 20.7490539551
    },
    "pitch_salience": {
        "mean": 0.540265798569
    },
    "silence_rate_20dB": {
        "mean": 1
    },
    "silence_rate_30dB": {
        "mean": 1
    },
    "silence_rate_60dB": {
        "mean": 0.0143664395437
    },
    "spectral_centroid": {
        "mean": 1143.39099121
    },
    "spectral_complexity": {
        "mean": 24.7250270844
    },
    "spectral_decrease": {
        "mean": -9.43165368028e-09
    },
    "spectral_energy": {
        "mean": 0.0376663655043
    },
    "spectral_energyband_high": {
        "mean": 0.000359242636478
    },
    "spectral_energyband_low": {
        "mean": 0.0163639560342
    },
    "spectral_energyband_middle_high": {
        "mean": 0.00796025060117
    },
    "spectral_energyband_middle_low": {
        "mean": 0.0148228872567
    },
    "spectral_entropy": {
        "mean": 7.20958852768
    },
    "spectral_flux": {
        "mean": 0.0916675403714
    },
    "spectral_kurtosis": {
        "mean": 10.2260036469
    },
    "spectral_rms": {
        "mean": 0.00589328585193
    },
    "spectral_rolloff": {
        "mean": 1171.39978027
    },
    "spectral_skewness": {
        "mean": 1.98954880238
    },
    "spectral_spread": {
        "mean": 3160461.5
    },
    "spectral_strongpeak": {
        "mean": 0.792167961597
    },
    "zerocrossingrate": {
        "mean": 0.0428610481322
    },
    "barkbands": {
        "mean": [2.98549330182e-05, 0.00598553707823, 0.00860817171633, 0.00288964319043, 0.00415932806209, 0.00264668138698, 0.00177971762605, 0.00107755453791, 0.00206519663334, 0.00092119834153, 0.00131091463845, 0.000905046355911, 0.00053523038514, 0.000862013082951, 0.0007770198863, 0.000788168574218, 0.00070168171078, 0.000726934871636, 0.000426748010796, 0.00019823081675, 8.51006261655e-05, 7.53559506848e-05, 3.88837033825e-05, 4.60353076051e-05, 2.01523143915e-05, 4.92851404488e-06, 1.1087903431e-06]
    },
    "erbbands": {
        "mean": [0.0863969698548, 1.73505473137, 8.89263343811, 10.6705474854, 11.1081104279, 14.0872659683, 19.5042476654, 20.9208526611, 22.870349884, 26.4839820862, 33.3878517151, 37.6143608093, 36.2920722961, 45.4080619812, 38.1437454224, 33.3917999268, 26.921169281, 41.3034896851, 35.6442070007, 42.2338104248, 45.2311668396, 43.0912399292, 42.1039543152, 29.7286605835, 16.0400238037, 9.15033435822, 4.91797065735, 2.63324332237, 2.74488592148, 1.78154778481, 1.14913809299, 1.01197123528, 0.701901495457, 0.311758935452, 0.0990199297667, 0.026933522895, 0.00858422461897, 0.00173047196586, 0.000201215734705, 5.32103913429e-05]
    },
    "gfcc": {
        "mean": [-6.24581718445, 133.303390503, -120.855964661, 33.3599815369, -41.8066329956, 3.76251459122, -31.3299827576, 4.97857379913, -16.5152187347, -12.2587938309, -13.0204019547, -5.00566005707, -12.9555673599],
        "cov": [[9414.30761719, -2664.84179688, -2022.67626953, 85.5757904053, -903.097717285, 99.8867492676, -851.927368164, 429.006988525, -511.323699951, 444.360351562, -240.018096924, 178.93888855, -180.750747681], [-2664.84179688, 1460.52648926, 599.624755859, -125.655052185, 408.800384521, -51.8903121948, 384.912536621, -186.734573364, 223.734939575, -203.955657959, 126.2684021, -98.1007919312, 61.1269874573], [-2022.67626953, 599.624755859, 1328.17626953, 115.63079834, 143.130050659, 122.356414795, 163.697189331, -56.8868942261, 178.202056885, -86.4419021606, 57.3538970947, -4.36704778671, 9.02338790894], [85.5757904053, -125.655052185, 115.63079834, 264.247283936, -22.1779251099, -32.3577842712, -48.9225158691, 39.5914649963, 17.9126758575, -4.70417404175, 10.9666204453, 7.37022209167, 29.8710136414], [-903.097717285, 408.800384521, 143.130050659, -22.1779251099, 275.565490723, -3.8614590168, 124.376937866, -40.1240234375, 72.5976257324, -55.7492408752, 35.4061889648, -22.4245319366, 11.958193779], [99.8867492676, -51.8903121948, 122.356414795, -32.3577842712, -3.8614590168, 198.993362427, 25.50299263, 15.0996513367, 18.2175693512, -12.1754980087, 11.2057380676, 14.498966217, -24.3124275208], [-851.927368164, 384.912536621, 163.697189331, -48.9225158691, 124.376937866, 25.50299263, 228.598892212, -45.3699645996, 50.3173904419, -45.0076904297, 35.2243080139, -25.9754695892, 8.19389057159], [429.006988525, -186.734573364, -56.8868942261, 39.5914649963, -40.1240234375, 15.0996513367, -45.3699645996, 123.673492432, 13.2590875626, 12.5708799362, -2.25121378899, 15.6528425217, -12.1510047913], [-511.323699951, 223.734939575, 178.202056885, 17.9126758575, 72.5976257324, 18.2175693512, 50.3173904419, 13.2590875626, 132.366958618, -19.5661125183, 17.9169921875, -16.4145107269, 10.1909322739], [444.360351562, -203.955657959, -86.4419021606, -4.70417404175, -55.7492408752, -12.1754980087, -45.0076904297, 12.5708799362, -19.5661125183, 124.018318176, -12.6519184113, 6.84883403778, -3.85298800468], [-240.018096924, 126.2684021, 57.3538970947, 10.9666204453, 35.4061889648, 11.2057380676, 35.2243080139, -2.25121378899, 17.9169921875, -12.6519184113, 75.1571273804, 13.9952583313, 4.56795024872], [178.93888855, -98.1007919312, -4.36704778671, 7.37022209167, -22.4245319366, 14.498966217, -25.9754695892, 15.6528425217, -16.4145107269, 6.84883403778, 13.9952583313, 61.0805015564, 6.79121541977], [-180.750747681, 61.1269874573, 9.02338790894, 29.8710136414, 11.958193779, -24.3124275208, 8.19389057159, -12.1510047913, 10.1909322739, -3.85298800468, 4.56795024872, 6.79121541977, 63.1834526062]],
        "icov": [[0.000461004994577, -0.000621681567281, 0.000612380856182, -0.00068512634607, 0.000666639767587, -0.00092179258354, 0.000870193180162, -0.00110792240594, 0.00107416068204, -0.00124996365048, 0.00119694590103, -0.00107604719233, 0.0011295680888], [-0.000621681567281, 0.00718839326873, -0.00207966053858, 0.00441396515816, -0.00332219176926, 0.00463871750981, -0.00445805303752, 0.00584880262613, -0.00667049316689, 0.00710115022957, -0.0081575801596, 0.00681025348604, -0.00503932591528], [0.000612380856182, -0.00207966053858, 0.00223011011258, -0.00235088123009, 0.00139802647755, -0.00249617197551, 0.00131804018747, -0.0014085858129, 0.0010772178648, -0.00242758425884, 0.00288580916822, -0.00306219863705, 0.00268856412731], [-0.00068512634607, 0.00441396515816, -0.00235088123009, 0.00804034341127, -0.00207997323014, 0.00419297860935, -0.00170978426468, 0.00208893697709, -0.00423167040572, 0.00520333182067, -0.00650871684775, 0.00539392326027, -0.00617455737665], [0.000666639767587, -0.00332219176926, 0.00139802647755, -0.00207997323014, 0.00761846173555, -0.00199419399723, 0.000544271664694, -0.00222736038268, 0.00128682563081, -0.00252006854862, 0.00302944635041, -0.00326078617945, 0.00296689500101], [-0.00092179258354, 0.00463871750981, -0.00249617197551, 0.00419297860935, -0.00199419399723, 0.009844715707, -0.00413194391876, 0.00361238513142, -0.00541004398838, 0.0058336770162, -0.0061354408972, 0.00323788565584, -0.00203052721918], [0.000870193180162, -0.00445805303752, 0.00131804018747, -0.00170978426468, 0.000544271664694, -0.00413194391876, 0.0106336269528, -0.00343378633261, 0.00435929140076, -0.00432107038796, 0.00326692755334, -0.00222168699838, 0.00272610830143], [-0.00110792240594, 0.00584880262613, -0.0014085858129, 0.00208893697709, -0.00222736038268, 0.00361238513142, -0.00343378633261, 0.0166257098317, -0.00967550836504, 0.00660937232897, -0.00706495670602, 0.00339610455558, -0.00205073878169], [0.00107416068204, -0.00667049316689, 0.0010772178648, -0.00423167040572, 0.00128682563081, -0.00541004398838, 0.00435929140076, -0.00967550836504, 0.0187492780387, -0.00768154114485, 0.00695379404351, -0.00320632918738, 0.00297105149366], [-0.00124996365048, 0.00710115022957, -0.00242758425884, 0.00520333182067, -0.00252006854862, 0.0058336770162, -0.00432107038796, 0.00660937232897, -0.00768154114485, 0.0172787234187, -0.00850001256913, 0.00702085718513, -0.00585343223065], [0.00119694590103, -0.0081575801596, 0.00288580916822, -0.00650871684775, 0.00302944635041, -0.0061354408972, 0.00326692755334, -0.00706495670602, 0.00695379404351, -0.00850001256913, 0.0263820979744, -0.0138727426529, 0.00720844743773], [-0.00107604719233, 0.00681025348604, -0.00306219863705, 0.00539392326027, -0.00326078617945, 0.00323788565584, -0.00222168699838, 0.00339610455558, -0.00320632918738, 0.00702085718513, -0.0138727426529, 0.02846262604, -0.010086373426], [0.0011295680888, -0.00503932591528, 0.00268856412731, -0.00617455737665, 0.00296689500101, -0.00203052721918, 0.00272610830143, -0.00205073878169, 0.00297105149366, -0.00585343223065, 0.00720844743773, -0.010086373426, 0.0241048503667]]
    },
    "melbands": {
        "mean": [0.00122657686006, 0.00381056289189, 0.00186190416571, 0.000891136005521, 0.000673874979839, 0.000484662479721, 0.000352258735802, 0.000270094460575, 0.000306662113871, 0.00023970559414, 0.000181302631972, 0.000179516602657, 0.000151203625137, 9.05628112378e-05, 9.06818459043e-05, 4.96934444527e-05, 8.16427054815e-05, 5.37084415555e-05, 6.85385748511e-05, 5.00036549056e-05, 5.04454001202e-05, 4.35666224803e-05, 4.08348059864e-05, 3.3278563933e-05, 2.35675142903e-05, 1.43601955642e-05, 8.26815994515e-06, 5.49603328182e-06, 3.37522214977e-06, 1.95424695448e-06, 1.34732954393e-06, 1.51301321694e-06, 1.53494931965e-06, 7.72305668306e-07, 6.71262341712e-07, 6.05375930718e-07, 6.17964701632e-07, 5.2186095445e-07, 3.77628595061e-07, 2.231649745e-07]
    },
    "melbands128": {
        "mean": [2.81729626295e-05, 0.000372942682588, 0.00154273118824, 0.00318211177364, 0.00458146771416, 0.00403235293925, 0.0022429341916, 0.00127299630549, 0.0011183366878, 0.000878272403497, 0.000767462654039, 0.000682191981468, 0.000690061890054, 0.000636087672319, 0.000425927195465, 0.000448590173619, 0.000410593231209, 0.000288541108603, 0.000341267703334, 0.000329482834786, 0.000200015580049, 0.000208166544326, 0.000322210136801, 0.000444309873274, 0.000188860547496, 0.000188634425285, 0.000265674927505, 0.00012560369214, 0.000202125040232, 0.000101816025563, 0.00021406650194, 0.000252981990343, 0.000136510861921, 8.06160242064e-05, 0.000119701435324, 7.47073208913e-05, 6.64540712023e-05, 0.000142375167343, 6.25565953669e-05, 3.82910220651e-05, 4.20935793954e-05, 7.13068366167e-05, 9.33977935347e-05, 7.47443191358e-05, 7.51881743781e-05, 3.94422204408e-05, 3.80605524697e-05, 0.000100363889942, 5.98794467805e-05, 4.54287874163e-05, 4.50237857876e-05, 5.8025434555e-05, 6.66054620524e-05, 4.04791790061e-05, 3.10642681143e-05, 5.01558897668e-05, 4.74926273455e-05, 3.72682552552e-05, 4.00804092351e-05, 4.57212554466e-05, 3.06944893964e-05, 2.58333038801e-05, 2.84294092125e-05, 2.11847873288e-05, 1.9386094209e-05, 1.67195212271e-05, 8.46867169457e-06, 1.01357563835e-05, 7.90725789557e-06, 6.39103882349e-06, 5.86064697927e-06, 5.0673311307e-06, 3.75427839572e-06, 3.20004050991e-06, 2.7440564736e-06, 2.0208310616e-06, 1.60453441822e-06, 1.4669601569e-06, 1.27857538246e-06, 1.26591783101e-06, 1.44364821608e-06, 1.53090695676e-06, 1.82114627023e-06, 1.66534584878e-06, 1.3061194295e-06, 6.59535146497e-07, 6.55679286865e-07, 7.70401868522e-07, 6.6778090968e-07, 6.16364900452e-07, 5.86092710364e-07, 5.8028155081e-07, 6.8680668619e-07, 6.33000240668e-07, 5.7235206441e-07, 5.51899233869e-07, 5.23838878053e-07, 4.61640979665e-07, 3.95988536184e-07, 3.31308399382e-07, 2.7218283094e-07, 2.0644893084e-07, 1.6307060946e-07, 1.27098218172e-07, 1.08725096482e-07, 8.98453293985e-08, 6.69882282978e-08, 4.68111025498e-08, 3.7602138292e-08, 3.87656413636e-08, 3.70841384267e-08, 3.05515861498e-08, 2.47115270469e-08, 2.31554526664e-08, 2.01156087343e-08, 1.47821044294e-08, 1.14732783274e-08, 9.1925311807e-09, 7.3678232404e-09, 4.93642282606e-09, 4.62782745458e-09, 3.35551408881e-09, 2.67274491428e-09, 2.11750994517e-09, 1.73667602521e-09, 1.31397415171e-09, 1.0368064185e-09, 7.04151181807e-10]
    },
    "mfcc": {
        "mean": [-647.325378418, 159.574386597, -11.406668663, 32.4180603027, 10.1934728622, 3.17740488052, -2.05642390251, 13.3299760818, -2.30293154716, 0.0791245251894, -0.591690659523, -3.02909898758, -3.29155755043],
        "cov": [[10143.8398438, -3113.23046875, -1562.03015137, -572.336853027, -400.897979736, -631.035705566, -243.966323853, -484.679534912, -216.820480347, 61.11145401, -170.857620239, 13.4618282318, -108.684532166], [-3113.23046875, 1612.51989746, 309.354003906, 121.162452698, 98.1455307007, 247.261856079, 112.313865662, 186.585220337, 55.3438339233, 20.9763450623, 70.3248825073, -0.952355563641, 42.7077484131], [-1562.03015137, 309.354003906, 1031.32641602, 108.085441589, 149.027664185, 139.668716431, 7.34066009521, 126.229537964, 47.9862098694, 9.79189586639, 63.3861579895, 23.2004623413, 24.7037811279], [-572.336853027, 121.162452698, 108.085441589, 286.681396484, 51.4143600464, -17.3255977631, 4.77602005005, -6.07468366623, 31.2294387817, -12.6283378601, -5.35402297974, 4.29098987579, 34.4733390808], [-400.897979736, 98.1455307007, 149.027664185, 51.4143600464, 194.414245605, 25.5784416199, -23.8490371704, 71.5073394775, 8.42411804199, 7.57394790649, 36.23802948, -12.4329910278, -6.83658838272], [-631.035705566, 247.261856079, 139.668716431, -17.3255977631, 25.5784416199, 176.256576538, 49.6620063782, 41.8225860596, 18.3725147247, 10.7677879333, 14.3627109528, 12.0696439743, -0.490036398172], [-243.966323853, 112.313865662, 7.34066009521, 4.77602005005, -23.8490371704, 49.6620063782, 117.10508728, 29.4988212585, -2.02378201485, -6.52215194702, -2.14186143875, 20.1480178833, 5.87135982513], [-484.679534912, 186.585220337, 126.229537964, -6.07468366623, 71.5073394775, 41.8225860596, 29.4988212585, 185.83996582, 9.42518901825, -3.95600342751, 45.4264984131, -0.230292379856, -19.8062877655], [-216.820480347, 55.3438339233, 47.9862098694, 31.2294387817, 8.42411804199, 18.3725147247, -2.02378201485, 9.42518901825, 82.8495788574, 29.4061431885, -4.55781745911, 1.38610339165, 14.0919303894], [61.11145401, 20.9763450623, 9.79189586639, -12.6283378601, 7.57394790649, 10.7677879333, -6.52215194702, -3.95600342751, 29.4061431885, 88.3570785522, 21.3824634552, -1.67324090004, 7.71757459641], [-170.857620239, 70.3248825073, 63.3861579895, -5.35402297974, 36.23802948, 14.3627109528, -2.14186143875, 45.4264984131, -4.55781745911, 21.3824634552, 75.3106613159, 11.4942235947, -8.0976896286], [13.4618282318, -0.952355563641, 23.2004623413, 4.29098987579, -12.4329910278, 12.0696439743, 20.1480178833, -0.230292379856, 1.38610339165, -1.67324090004, 11.4942235947, 63.8714027405, 17.346446991], [-108.684532166, 42.7077484131, 24.7037811279, 34.4733390808, -6.83658838272, -0.490036398172, 5.87135982513, -19.8062877655, 14.0919303894, 7.71757459641, -8.0976896286, 17.346446991, 67.1402130127]],
        "icov": [[0.000390950677684, 0.000582602689974, 0.00029361716588, 0.0003374304506, 9.5558934845e-05, 0.000316947553074, 0.000147097845911, 7.7137910921e-06, 0.000512042781338, -0.00069041835377, 0.000311544892611, -0.000401967583457, 9.57511147135e-05], [0.000582602689974, 0.00184245011769, 0.000467227830086, 7.35331632313e-05, 0.000234792532865, -0.000720173644368, -0.000100511533674, -0.000646309519652, 0.000651195994578, -0.000969749991782, -0.00015015603276, 0.000111713685328, -0.00067394861253], [0.00029361716588, 0.000467227830086, 0.00154947582632, -0.000148796243593, -0.000419496122049, -0.000742767762858, 0.000523316615727, -0.000495779328048, 5.70602387597e-05, -0.000282058608718, -0.000305677502183, -0.000552927609533, -0.000429344450822], [0.0003374304506, 7.35331632313e-05, -0.000148796243593, 0.00497541297227, -0.00144069967791, 0.00196594418958, -0.00082184956409, 0.0011746394448, -0.00144722184632, 0.000865282083396, 0.000338184501743, -0.000372568581952, -0.00137306936085], [9.5558934845e-05, 0.000234792532865, -0.000419496122049, -0.00144069967791, 0.00765116000548, -0.000985685968772, 0.0023622228764, -0.00247220741585, 0.000730569649022, -0.000568646180909, -0.00168706825934, 0.00140491931234, 8.10095880297e-05], [0.000316947553074, -0.000720173644368, -0.000742767762858, 0.00196594418958, -0.000985685968772, 0.00961757171899, -0.00302891945466, 0.000800848880317, -0.00103812222369, -0.000984791666269, 0.000849225674756, -0.00156621064525, 0.00154415739235], [0.000147097845911, -0.000100511533674, 0.000523316615727, -0.00082184956409, 0.0023622228764, -0.00302891945466, 0.0120024885982, -0.002672086237, 0.00187802664004, -0.000468339596409, 0.00202964595519, -0.00325630488805, -0.000342204846675], [7.7137910921e-06, -0.000646309519652, -0.000495779328048, 0.0011746394448, -0.00247220741585, 0.000800848880317, -0.002672086237, 0.00896081421524, -0.00207424093969, 0.00213959743269, -0.00389862270094, 0.000533519021701, 0.00221548229456], [0.000512042781338, 0.000651195994578, 5.70602387597e-05, -0.00144722184632, 0.000730569649022, -0.00103812222369, 0.00187802664004, -0.00207424093969, 0.0170463211834, -0.00732944952324, 0.00471636746079, -0.00131380010862, -0.00139962718822], [-0.00069041835377, -0.000969749991782, -0.000282058608718, 0.000865282083396, -0.000568646180909, -0.000984791666269, -0.000468339596409, 0.00213959743269, -0.00732944952324, 0.0168187431991, -0.00710446806625, 0.00289081642404, -0.00223286612891], [0.000311544892611, -0.00015015603276, -0.000305677502183, 0.000338184501743, -0.00168706825934, 0.000849225674756, 0.00202964595519, -0.00389862270094, 0.00471636746079, -0.00710446806625, 0.0210005417466, -0.00599253829569, 0.00295331166126], [-0.000401967583457, 0.000111713685328, -0.000552927609533, -0.000372568581952, 0.00140491931234, -0.00156621064525, -0.00325630488805, 0.000533519021701, -0.00131380010862, 0.00289081642404, -0.00599253829569, 0.0203203670681, -0.00578253017738], [9.57511147135e-05, -0.00067394861253, -0.000429344450822, -0.00137306936085, 8.10095880297e-05, 0.00154415739235, -0.000342204846675, 0.00221548229456, -0.00139962718822, -0.00223286612891, 0.00295331166126, -0.00578253017738, 0.0194444954395]]
    },
    "spectral_contrast_coeffs": {
        "mean": [-0.689807116985, -0.762715697289, -0.766176700592, -0.797376990318, -0.772696554661, -0.762141108513]
    },
    "spectral_contrast_valleys": {
        "mean": [-6.19317245483, -6.44892072678, -7.13720321655, -7.42269277573, -7.68834018707, -10.9165401459]
    }
},
"rhythm": {
    "beats_count": 635,
    "beats_loudness": {
        "mean": 0.0436116009951
    },
    "bpm": 155.285690308,
    "bpm_histogram_first_peak_bpm": 157,
    "bpm_histogram_first_peak_weight": 0.442922353745,
    "bpm_histogram_second_peak_bpm": 152,
    "bpm_histogram_second_peak_spread": 0.0392156839371,
    "bpm_histogram_second_peak_weight": 0.154574126005,
    "danceability": 1.14870965481,
    "onset_rate": 1.94706356525,
    "beats_loudness_band_ratio": {
        "mean": [0.521588742733, 0.179716557264, 0.134218484163, 0.102589704096, 0.0891842767596, 0.0199026670307]
    },
    "beats_position": [0.336689323187, 0.696598649025, 1.06811785698, 1.46285712719, 1.8575963974, 2.2523355484, 2.63546490669, 3.03020405769, 3.41333317757, 3.80807256699, 4.20281171799, 4.59755086899, 4.98067998886, 5.3754196167, 5.7701587677, 6.1648979187, 6.57124710083, 6.96598625183, 7.36072540283, 7.75546455383, 8.13859367371, 8.53333282471, 8.91646194458, 9.31120204926, 9.70594120026, 10.1006803513, 10.4954195023, 10.8901586533, 11.261677742, 11.6448068619, 12.0279359818, 12.4226751328, 12.8174142838, 13.2121543884, 13.6068935394, 14.0016326904, 14.3847618103, 14.7678909302, 15.1626300812, 15.5573692322, 15.9521083832, 16.3468475342, 16.7299766541, 17.1247158051, 17.5078449249, 17.9025840759, 18.2973232269, 18.6920623779, 19.0868015289, 19.4815406799, 19.8762817383, 20.2710208893, 20.6657600403, 21.0488891602, 21.43201828, 21.8383674622, 22.221496582, 22.616235733, 22.9877548218, 23.3824939728, 23.7772331238, 24.1603622437, 24.5434913635, 24.9382305145, 25.3213596344, 25.7160987854, 26.0992279053, 26.4939670563, 26.8887062073, 27.2718353271, 27.6549663544, 28.0497055054, 28.4328346252, 28.8275737762, 29.2107028961, 29.6054420471, 29.988571167, 30.3717002869, 30.7432193756, 31.1379585266, 31.5326976776, 31.9158267975, 32.2989578247, 32.6820869446, 33.0652160645, 33.4367332458, 33.8198623657, 34.2029914856, 34.5977325439, 34.9808616638, 35.3523788452, 35.7355079651, 36.118637085, 36.5017662048, 36.8732872009, 37.2680282593, 37.6627655029, 38.034286499, 38.4174156189, 38.8121528625, 39.1952819824, 39.5784111023, 39.9499320984, 40.3330612183, 40.7161903381, 41.099319458, 41.4824485779, 41.8655776978, 42.2603149414, 42.6550559998, 43.0265769958, 43.4097061157, 43.7928352356, 44.164352417, 44.5358734131, 44.919002533, 45.3021316528, 45.6968688965, 46.0683898926, 46.4515190125, 46.8230361938, 47.2061653137, 47.5776863098, 47.9492073059, 48.3207244873, 48.6922454834, 49.0637626648, 49.4352836609, 49.8068008423, 50.1899299622, 50.573059082, 50.9445800781, 51.3160972595, 51.6876182556, 52.0707473755, 52.4422683716, 52.813785553, 53.1969146729, 53.5684356689, 53.9515647888, 54.3346939087, 54.7178230286, 55.1009521484, 55.4840812683, 55.8672103882, 56.2387275696, 56.6334686279, 57.0282058716, 57.4113349915, 57.794467926, 58.1775970459, 58.5607261658, 58.9322433472, 59.3037643433, 59.6752815247, 60.0468025208, 60.4299316406, 60.8130607605, 61.1845779419, 61.5677070618, 61.9508361816, 62.3339653015, 62.7170982361, 63.100227356, 63.4833564758, 63.8780937195, 64.2612228394, 64.6443557739, 65.0274810791, 65.4106140137, 65.7937393188, 66.1768722534, 66.5599975586, 66.9547348022, 67.3378677368, 67.7093887329, 68.0809020996, 68.4524230957, 68.8239440918, 69.1954650879, 69.5785903931, 69.9617233276, 70.3448486328, 70.7279815674, 71.0995025635, 71.4826278687, 71.8657608032, 72.2488861084, 72.6204071045, 73.0035324097, 73.3750534058, 73.7697982788, 74.152923584, 74.5360565186, 74.9191818237, 75.3023147583, 75.673828125, 76.0569610596, 76.4400863647, 76.8348312378, 77.2063446045, 77.5778656006, 77.9493865967, 78.3325119019, 78.7040328979, 79.0871658325, 79.4586868286, 79.8302001953, 80.2017211914, 80.5732421875, 80.9447631836, 81.3278884888, 81.6994094849, 82.08253479, 82.4540557861, 82.8371887207, 83.2203140259, 83.6034469604, 83.9865722656, 84.3580932617, 84.7296142578, 85.1011352539, 85.4842605591, 85.8673934937, 86.2505187988, 86.6336517334, 87.0051651001, 87.3766860962, 87.7482070923, 88.1313400269, 88.5260772705, 88.9092025757, 89.2691116333, 89.6522445679, 90.023765564, 90.3952789307, 90.7551879883, 91.1150970459, 91.486618042, 91.8581390381, 92.2296600342, 92.6011810303, 92.972694397, 93.3326034546, 93.7157363892, 94.0988616943, 94.4819946289, 94.853515625, 95.2366409302, 95.6081619263, 95.9912872314, 96.3628082275, 96.7343292236, 97.1058502197, 97.4773712158, 97.8488845825, 98.2204055786, 98.5919265747, 98.9634475708, 99.3233566284, 99.683265686, 100.054779053, 100.426300049, 100.797821045, 101.157730103, 101.529251099, 101.912376404, 102.2838974, 102.655418396, 103.026939392, 103.398452759, 103.769973755, 104.141494751, 104.501403809, 104.861312866, 105.221221924, 105.581130981, 105.952651978, 106.324172974, 106.69568634, 107.067207336, 107.438728333, 107.810249329, 108.181770325, 108.541679382, 108.913192749, 109.273101807, 109.644622803, 110.016143799, 110.387664795, 110.759178162, 111.130699158, 111.502220154, 111.908569336, 112.30330658, 112.709655762, 113.104400635, 113.499137878, 113.870658875, 114.242172241, 114.625305176, 115.008430481, 115.379951477, 115.763084412, 116.134597778, 116.517730713, 116.900856018, 117.283988953, 117.655509949, 118.038635254, 118.421768188, 118.804893494, 119.188026428, 119.571151733, 119.954284668, 120.325805664, 120.697319031, 121.080451965, 121.463577271, 121.846710205, 122.22983551, 122.612968445, 122.99609375, 123.356010437, 123.715919495, 124.075828552, 124.43573761, 124.807250977, 125.178771973, 125.550292969, 125.921813965, 126.293327332, 126.664848328, 127.036369324, 127.40789032, 127.802627563, 128.17414856, 128.545669556, 128.917190552, 129.288711548, 129.660217285, 130.031738281, 130.403259277, 130.774780273, 131.157913208, 131.541046143, 131.912567139, 132.284072876, 132.667205811, 133.050338745, 133.421859741, 133.804992676, 134.176498413, 134.559631348, 134.931152344, 135.30267334, 135.674194336, 136.045715332, 136.417236328, 136.788757324, 137.171875, 137.555007935, 137.926528931, 138.298049927, 138.657958984, 139.017868042, 139.389389038, 139.760910034, 140.14402771, 140.527160645, 140.910293579, 141.293426514, 141.66494751, 142.048065186, 142.43119812, 142.802719116, 143.185852051, 143.568969727, 143.928878784, 144.288803101, 144.63710022, 145.008621216, 145.380126953, 145.751647949, 146.123168945, 146.494689941, 146.866210938, 147.237731934, 147.60925293, 147.980773926, 148.352294922, 148.723800659, 149.095321655, 149.455230713, 149.815139771, 150.175048828, 150.534957886, 150.906478882, 151.277999878, 151.649520874, 152.02104187, 152.392562866, 152.764083862, 153.147201538, 153.530334473, 153.901855469, 154.273376465, 154.644897461, 155.016418457, 155.387939453, 155.771057129, 156.165802002, 156.548934937, 156.943664551, 157.338409424, 157.70993042, 158.081451416, 158.452972412, 158.824493408, 159.219223022, 159.602355957, 159.99710083, 160.391830444, 160.786575317, 161.169708252, 161.552825928, 161.924346924, 162.307479858, 162.679000854, 163.073745728, 163.456863403, 163.839996338, 164.211517334, 164.606262207, 164.977767944, 165.360900879, 165.744033813, 166.127166748, 166.510284424, 166.893417358, 167.276550293, 167.659683228, 168.042816162, 168.425933838, 168.809066772, 169.192199707, 169.563720703, 169.946838379, 170.329971313, 170.713104248, 171.096237183, 171.479354858, 171.862487793, 172.245620728, 172.628753662, 173.023483276, 173.406616211, 173.789749146, 174.17288208, 174.555999756, 174.93913269, 175.322265625, 175.70539856, 176.100128174, 176.483261108, 176.866394043, 177.237915039, 177.632644653, 178.027389526, 178.422134399, 178.793640137, 179.18838501, 179.571517944, 179.954650879, 180.337768555, 180.720901489, 181.115646362, 181.498779297, 181.881896973, 182.265029907, 182.648162842, 183.031295776, 183.414413452, 183.797546387, 184.180679321, 184.575408936, 184.946929932, 185.330062866, 185.713195801, 186.107940674, 186.502670288, 186.885803223, 187.257324219, 187.640457153, 188.011962891, 188.395095825, 188.77822876, 189.172973633, 189.567703247, 189.950836182, 190.333969116, 190.717086792, 191.100219727, 191.483352661, 191.866485596, 192.26121521, 192.655960083, 193.039093018, 193.422225952, 193.793731689, 194.176864624, 194.559997559, 194.954742432, 195.349472046, 195.73260498, 196.115737915, 196.498855591, 196.881988525, 197.276733398, 197.659866333, 198.042984009, 198.437728882, 198.832473755, 199.215591431, 199.598724365, 199.970245361, 200.341766357, 200.724899292, 201.108016968, 201.491149902, 201.862670898, 202.245803833, 202.628936768, 203.012054443, 203.383575439, 203.778320312, 204.161453247, 204.556182861, 204.939315796, 205.32244873, 205.705581665, 206.088699341, 206.460220337, 206.831741333, 207.203262329, 207.586395264, 207.95791626, 208.329421997, 208.689331055, 209.060852051, 209.420761108, 209.780670166, 210.140579224, 210.500488281, 210.860397339, 211.231918335, 211.603439331, 211.974960327, 212.346481323, 212.718002319, 213.089523315, 213.461044312, 213.832565308, 214.215682983, 214.587203979, 214.970336914, 215.34185791, 215.724990845, 216.108108521, 216.491241455, 216.87437439, 217.245895386, 217.617416382, 217.988937378, 218.360443115, 218.731964111, 219.103485107, 219.475006104, 219.8465271, 220.229660034, 220.589569092, 220.949478149, 221.309387207, 221.680908203, 222.052429199, 222.423934937, 222.795455933, 223.15536499, 223.515274048, 223.886795044, 224.25831604, 224.629837036, 224.989746094, 225.372879028, 225.744400024, 226.115921021, 226.475830078, 226.847335815, 227.207244873, 227.578765869, 227.961898804, 228.345031738, 228.716552734, 229.08807373, 229.459594727, 229.831100464, 230.225845337, 230.608978271, 230.980499268, 231.352020264, 231.711929321, 232.083435059, 232.454956055, 232.814865112, 233.186386108, 233.546295166, 233.917816162, 234.289337158, 234.649246216, 235.078811646, 235.508392334, 235.937957764, 236.367523193, 236.797088623, 237.238265991, 237.66784668, 238.120635986, 238.573425293, 239.0262146, 239.502212524, 239.96661377, 240.431015015, 240.907028198, 241.383041382, 241.847427368],
    "bpm_histogram": [0, 0, 0, 0, 0, 0, 0, 0, 0, 0, 0, 0, 0, 0, 0, 0, 0, 0, 0, 0, 0, 0, 0, 0, 0, 0, 0, 0, 0, 0, 0, 0, 0, 0, 0, 0, 0, 0, 0, 0, 0, 0, 0, 0, 0, 0, 0, 0, 0, 0, 0, 0, 0, 0, 0, 0, 0, 0, 0, 0, 0, 0, 0, 0, 0, 0, 0, 0, 0, 0, 0, 0, 0, 0, 0, 0, 0, 0, 0, 0, 0, 0, 0, 0, 0, 0, 0, 0, 0, 0, 0, 0, 0, 0, 0, 0, 0, 0, 0, 0, 0, 0, 0, 0, 0, 0, 0, 0, 0, 0, 0, 0, 0, 0, 0, 0, 0, 0, 0, 0, 0, 0, 0, 0, 0, 0, 0.0047318614088, 0, 0, 0.0047318614088, 0, 0, 0, 0.0047318614088, 0, 0, 0.00157728709746, 0, 0, 0, 0.0094637228176, 0, 0, 0, 0, 0, 0, 0, 0.00630914838985, 0, 0, 0, 0.154574126005, 0, 0, 0, 0, 0.384858042002, 0, 0, 0, 0.305993676186, 0.0520504750311, 0, 0, 0, 0, 0.0694006308913, 0, 0, 0, 0, 0.00157728709746, 0, 0, 0, 0, 0, 0, 0, 0, 0, 0, 0, 0, 0, 0, 0, 0, 0, 0, 0, 0, 0, 0, 0, 0, 0, 0, 0, 0, 0, 0, 0, 0, 0, 0, 0, 0, 0, 0, 0, 0, 0, 0, 0, 0, 0, 0, 0, 0, 0, 0, 0, 0, 0, 0, 0, 0, 0, 0, 0, 0, 0, 0, 0, 0, 0, 0, 0, 0, 0, 0, 0, 0, 0, 0, 0, 0, 0]
},
"tonal": {
    "chords_changes_rate": 0.0563110522926,
    "chords_number_rate": 0.00210687611252,
    "chords_strength": {
        "mean": 0.515977859497
    },
    "hpcp_crest": {
        "mean": 13.0515632629
    },
    "hpcp_entropy": {
        "mean": 2.06023025513
    },
    "key_edma": {
        "strength": 0.684012651443,
        "key": "B",
        "scale": "major"
    },
    "key_krumhansl": {
        "strength": 0.701413869858,
        "key": "B",
        "scale": "major"
    },
    "key_temperley": {
        "strength": 0.722201347351,
        "key": "B",
        "scale": "major"
    },
    "tuning_diatonic_strength": 0.583864271641,
    "tuning_equal_tempered_deviation": 0.0419226586819,
    "tuning_frequency": 441.272583008,
    "tuning_nontempered_energy_ratio": 0.694682359695,
    "hpcp": {
        "mean": [0.0425399206579, 0.0373254902661, 0.107733786106, 0.183442845941, 0.154595628381, 0.231504201889, 0.298531860113, 0.161939635873, 0.0818716138601, 0.0777722895145, 0.0649272203445, 0.129258498549, 0.189790427685, 0.122163802385, 0.0562671013176, 0.0519600026309, 0.0637204200029, 0.1756067276, 0.275731980801, 0.184889435768, 0.104364328086, 0.11047219485, 0.0874499604106, 0.0709180682898, 0.0702829435468, 0.0673119872808, 0.157847851515, 0.225180491805, 0.143260523677, 0.0904780104756, 0.0782653614879, 0.0660876780748, 0.184219092131, 0.33516150713, 0.242583036423, 0.0825105905533]
    },
    "chords_histogram": [29.8218727112, 8.48496437073, 2.56655812263, 0.287301272154, 1.74296116829, 0.134073927999, 17.2763843536, 0.287301272154, 3.23692774773, 0, 1.28327906132, 0, 0, 0, 0, 0, 0.459682047367, 1.76211452484, 0, 0.114920511842, 0, 8.0252828598, 4.23290538788, 20.2834701538],
    "thpcp": [1, 0.723779499531, 0.246181577444, 0.126923650503, 0.111365683377, 0.32143843174, 0.547326683998, 0.461257100105, 0.690724313259, 0.890710473061, 0.483168959618, 0.24427510798, 0.232044219971, 0.193719208241, 0.38566032052, 0.566265583038, 0.364492326975, 0.167880564928, 0.15502974391, 0.190118551254, 0.523946583271, 0.822683930397, 0.55164283514, 0.311385184526, 0.329608827829, 0.260918855667, 0.211593717337, 0.209698736668, 0.200834482908, 0.470960557461, 0.671856641769, 0.427437275648, 0.269953459501, 0.233515366912, 0.197181582451, 0.54964274168],
    "chords_key": "B",
    "chords_scale": "major"
}
}