{
"metadata": {
    "version": {
        "essentia": "2.1-beta6-dev",
        "essentia_git_sha": "v2.1_beta5-1177-g1d1cc983",
        "extractor": "music 2.0"
    },
    "audio_properties": {
        "analysis": {
            "equal_loudness": 0,
            "length": 185.346664429,
            "sample_rate": 44100,
            "start_time": 0,
            "downmix": "mix"
        },
        "bit_rate": 1411200,
        "length": 185.346664429,
        "lossless": 1,
        "number_channels": 2,
        "replay_gain": -15.499628067,
        "sample_rate": 44100,
        "codec": "pcm_s16le",
        "md5_encoded": "df16be454fcff0466ea0d060f9f48e86"
    },
    "tags": {
        "file_name": "12 - Manchester Orchestra - Never Really Been Another Way Out.wav",
        "album": ["Cope (Deluxe Version)"],
        "albumartist": ["Manchester Orchestra"],
        "artist": ["Manchester Orchestra"],
        "composer": ["Manchester Orchestra"],
        "copyright": ["℗ 2013 Seven Four Entertainment and Republic Records"],
        "date": ["2012"],
        "discnumber": ["1"],
        "disctotal": ["1"],
        "genre": ["Alternative & Indie"],
        "isrc": ["USUG11301022"],
        "title": ["Never Really Been Another Way Out"],
        "tracknumber": ["12"],
        "tracktotal": ["13"]
    }
},
"lowlevel": {
    "average_loudness": 0.959497869015,
    "barkbands_crest": {
        "mean": 8.77337551117
    },
    "barkbands_flatness_db": {
        "mean": 0.131933867931
    },
    "barkbands_kurtosis": {
        "mean": 4.34482431412
    },
    "barkbands_skewness": {
        "mean": 1.55115318298
    },
    "barkbands_spread": {
        "mean": 22.2565155029
    },
    "dissonance": {
        "mean": 0.470899283886
    },
    "dynamic_complexity": 2.17492699623,
    "erbbands_crest": {
        "mean": 8.03368091583
    },
    "erbbands_flatness_db": {
        "mean": 0.154388397932
    },
    "erbbands_kurtosis": {
        "mean": 0.0732076466084
    },
    "erbbands_skewness": {
        "mean": 0.0212467219681
    },
    "erbbands_spread": {
        "mean": 39.2137413025
    },
    "hfc": {
        "mean": 23.4740142822
    },
    "loudness_ebu128": {
        "integrated": -6.2572479248,
        "loudness_range": 4.75959348679,
        "momentary": {
            "mean": -7.12246084213
        },
        "short_term": {
            "mean": -6.59925127029
        }
    },
    "melbands_crest": {
        "mean": 13.3974123001
    },
    "melbands_flatness_db": {
        "mean": 0.201225847006
    },
    "melbands_kurtosis": {
        "mean": 13.3627462387
    },
    "melbands_skewness": {
        "mean": 2.68876028061
    },
    "melbands_spread": {
        "mean": 23.5723400116
    },
    "pitch_salience": {
        "mean": 0.550513803959
    },
    "silence_rate_20dB": {
        "mean": 1
    },
    "silence_rate_30dB": {
        "mean": 1
    },
    "silence_rate_60dB": {
        "mean": 0.0197895783931
    },
    "spectral_centroid": {
        "mean": 1343.71069336
    },
    "spectral_complexity": {
        "mean": 24.9481468201
    },
    "spectral_decrease": {
        "mean": -8.30398683149e-09
    },
    "spectral_energy": {
        "mean": 0.0334703549743
    },
    "spectral_energyband_high": {
        "mean": 0.000545938208234
    },
    "spectral_energyband_low": {
        "mean": 0.0130108483136
    },
    "spectral_energyband_middle_high": {
        "mean": 0.00783618260175
    },
    "spectral_energyband_middle_low": {
        "mean": 0.0146140055731
    },
    "spectral_entropy": {
        "mean": 7.51338291168
    },
    "spectral_flux": {
        "mean": 0.0867791622877
    },
    "spectral_kurtosis": {
        "mean": 5.05321407318
    },
    "spectral_rms": {
        "mean": 0.00554263964295
    },
    "spectral_rolloff": {
        "mean": 1344.35656738
    },
    "spectral_skewness": {
        "mean": 1.49823451042
    },
    "spectral_spread": {
        "mean": 3894796.5
    },
    "spectral_strongpeak": {
        "mean": 0.83325111866
    },
    "zerocrossingrate": {
        "mean": 0.0528454966843
    },
    "barkbands": {
        "mean": [2.80358635791e-05, 0.00381012959406, 0.0068057612516, 0.00416358094662, 0.00361505779438, 0.0023734793067, 0.00156754092313, 0.000978850177489, 0.00163062545471, 0.00144927483052, 0.000802796974313, 0.000756229041144, 0.000445246201707, 0.000774425221607, 0.000640319776721, 0.000847905001137, 0.000783783674706, 0.000681485340465, 0.000524089031387, 0.000358681718353, 0.000147454018588, 0.000114132999443, 7.14055422577e-05, 6.49855355732e-05, 2.39771015913e-05, 6.58011003907e-06, 4.09979111282e-06]
    },
    "erbbands": {
        "mean": [0.0539426468313, 1.12508034706, 6.49453496933, 12.4968309402, 12.2820386887, 12.9819364548, 16.625667572, 17.4270172119, 16.2680988312, 27.6194477081, 28.7164516449, 29.5214252472, 49.3797683716, 36.4071807861, 25.5017719269, 29.2563858032, 23.5715789795, 33.1866569519, 33.0230255127, 35.472743988, 52.2578697205, 49.1201591492, 40.4707870483, 29.1530132294, 27.3748416901, 13.7845916748, 7.55309391022, 4.99822044373, 4.29312610626, 2.80147814751, 2.10759091377, 1.57636630535, 0.918907046318, 0.349596560001, 0.135358169675, 0.0405593402684, 0.00985213275999, 0.00350743765011, 0.000665077648591, 7.64399810578e-05]
    },
    "gfcc": {
        "mean": [16.2471942902, 105.087081909, -122.094070435, 37.4819259644, -46.802444458, 2.90082144737, -34.0804748535, 4.95521736145, -22.0257434845, -10.1576786041, -17.0701637268, -6.19318056107, -13.0244760513],
        "cov": [[9193.43652344, -385.304260254, -908.894165039, 307.116546631, -664.509521484, 107.578605652, -173.167129517, 166.55921936, -77.1924743652, 24.4088687897, -123.576545715, -16.3970413208, -193.830841064], [-385.304260254, 730.790710449, -87.1834335327, 50.5878295898, 195.391891479, -83.1576156616, 63.5417633057, -39.4666862488, 30.530670166, -74.2444458008, 49.3748626709, -36.9868965149, 66.5272369385], [-908.894165039, -87.1834335327, 802.37701416, 56.972076416, 90.7883300781, 66.2811431885, -11.1938476562, -12.849448204, -37.8081245422, 2.13168072701, -22.130651474, 20.8125839233, 46.8201293945], [307.116546631, 50.5878295898, 56.972076416, 244.909622192, 1.14908993244, -38.2185173035, -54.4136657715, 22.5237922668, 35.4621162415, -30.2305202484, 8.54617500305, -2.49095988274, 15.2800941467], [-664.509521484, 195.391891479, 90.7883300781, 1.14908993244, 313.679656982, 5.42327260971, 54.536693573, 1.5337896347, 24.4663009644, -26.6917877197, 17.8940448761, 7.46233320236, 48.2339363098], [107.578605652, -83.1576156616, 66.2811431885, -38.2185173035, 5.42327260971, 176.68522644, 44.7444725037, -7.44624948502, -22.5833263397, 10.9974813461, -0.939187824726, 7.91677379608, -11.8782691956], [-173.167129517, 63.5417633057, -11.1938476562, -54.4136657715, 54.536693573, 44.7444725037, 152.860702515, 28.4895763397, 2.7667863369, 19.3382091522, 5.22286081314, -3.4310901165, 1.94449734688], [166.55921936, -39.4666862488, -12.849448204, 22.5237922668, 1.5337896347, -7.44624948502, 28.4895763397, 102.221908569, 37.6668281555, 14.4414825439, -4.9786400795, -0.378720849752, 0.395512074232], [-77.1924743652, 30.530670166, -37.8081245422, 35.4621162415, 24.4663009644, -22.5833263397, 2.7667863369, 37.6668281555, 88.3682479858, 22.1896705627, 7.7735786438, -2.36566400528, 1.36129558086], [24.4088687897, -74.2444458008, 2.13168072701, -30.2305202484, -26.6917877197, 10.9974813461, 19.3382091522, 14.4414825439, 22.1896705627, 90.070854187, 16.450876236, 1.58030045033, -14.981713295], [-123.576545715, 49.3748626709, -22.130651474, 8.54617500305, 17.8940448761, -0.939187824726, 5.22286081314, -4.9786400795, 7.7735786438, 16.450876236, 61.3467254639, 20.9718589783, 0.452546000481], [-16.3970413208, -36.9868965149, 20.8125839233, -2.49095988274, 7.46233320236, 7.91677379608, -3.4310901165, -0.378720849752, -2.36566400528, 1.58030045033, 20.9718589783, 55.8101005554, 21.653377533], [-193.830841064, 66.5272369385, 46.8201293945, 15.2800941467, 48.2339363098, -11.8782691956, 1.94449734688, 0.395512074232, 1.36129558086, -14.981713295, 0.452546000481, 21.653377533, 72.2555770874]],
        "icov": [[0.000206006909139, -0.000183991418453, 0.000282022316242, -0.000440016068751, 0.000237792977714, -0.000342082435964, 0.000278999650618, -0.00050558213843, 0.000606384885032, -0.000437905342551, 0.000836612831336, -0.000622861552984, 0.000491822545882], [-0.000183991418453, 0.00318787270226, -1.22361043395e-05, 0.000180905175512, -0.00104362238199, 0.00142570503522, -0.00196874886751, 0.00219464511611, -0.00173658586573, 0.00294771674089, -0.00443274900317, 0.00465683685616, -0.00321090989746], [0.000282022316242, -1.22361043395e-05, 0.00195896928199, -0.00128316204064, -0.000359086174285, -0.0009860182181, 0.000586971233133, -0.00054488342721, 0.00182139966637, -0.00140924367588, 0.00196227501146, -0.00103812280577, -0.000193107684026], [-0.000440016068751, 0.000180905175512, -0.00128316204064, 0.00662164017558, 9.30978130782e-05, 0.000963982427493, 0.00129139993805, -0.000419238378527, -0.00373284006491, 0.00350959738716, -0.00392094999552, 0.00261071673594, -0.00181170459837], [0.000237792977714, -0.00104362238199, -0.000359086174285, 9.30978130782e-05, 0.00501060299575, -0.000698955147527, -0.000904538203031, -0.000434099085396, -0.0012391183991, 0.00110008474439, -0.000147318132804, -0.000690598040819, -0.00116189895198], [-0.000342082435964, 0.00142570503522, -0.0009860182181, 0.000963982427493, -0.000698955147527, 0.00788882281631, -0.00322364107706, 0.00208226079121, -0.000289368908852, 0.00126418680884, -0.00212000263855, 0.000756067747716, 9.7801683296e-05], [0.000278999650618, -0.00196874886751, 0.000586971233133, 0.00129139993805, -0.000904538203031, -0.00322364107706, 0.0106328371912, -0.00494766235352, 0.00246865465306, -0.00339047983289, 0.00211877864785, -0.0013053471921, 0.00135089142714], [-0.00050558213843, 0.00219464511611, -0.00054488342721, -0.000419238378527, -0.000434099085396, 0.00208226079121, -0.00494766235352, 0.0153986550868, -0.00721411500126, 0.00160809629597, -0.00132340367418, 0.00213714037091, -0.00241706008092], [0.000606384885032, -0.00173658586573, 0.00182139966637, -0.00373284006491, -0.0012391183991, -0.000289368908852, 0.00246865465306, -0.00721411500126, 0.0194479301572, -0.00763949984685, 0.00391602050513, -0.00290303025395, 0.00248244823888], [-0.000437905342551, 0.00294771674089, -0.00140924367588, 0.00350959738716, 0.00110008474439, 0.00126418680884, -0.00339047983289, 0.00160809629597, -0.00763949984685, 0.0188496727496, -0.0101219322532, 0.0055978577584, -0.00172373140231], [0.000836612831336, -0.00443274900317, 0.00196227501146, -0.00392094999552, -0.000147318132804, -0.00212000263855, 0.00211877864785, -0.00132340367418, 0.00391602050513, -0.0101219322532, 0.030674321577, -0.0175163447857, 0.00846796110272], [-0.000622861552984, 0.00465683685616, -0.00103812280577, 0.00261071673594, -0.000690598040819, 0.000756067747716, -0.0013053471921, 0.00213714037091, -0.00290303025395, 0.0055978577584, -0.0175163447857, 0.0328827127814, -0.0137583380565], [0.000491822545882, -0.00321090989746, -0.000193107684026, -0.00181170459837, -0.00116189895198, 9.7801683296e-05, 0.00135089142714, -0.00241706008092, 0.00248244823888, -0.00172373140231, 0.00846796110272, -0.0137583380565, 0.0230581518263]]
    },
    "melbands": {
        "mean": [0.000781640643254, 0.00280016195029, 0.00215720920824, 0.000860289263073, 0.000576660619117, 0.000407597020967, 0.000272318517091, 0.000276974140434, 0.000252785190241, 0.000190733728232, 0.000256853818428, 0.000160546740517, 0.000101449943031, 6.73633621773e-05, 8.30375138321e-05, 3.98061674787e-05, 6.70979279676e-05, 5.37280502613e-05, 5.58201936656e-05, 4.80680828332e-05, 5.74960286031e-05, 5.21017391293e-05, 3.91802277591e-05, 3.12507145281e-05, 2.2530408387e-05, 2.16757744056e-05, 1.76491375896e-05, 7.02999204805e-06, 5.07805634697e-06, 3.23328526974e-06, 2.77316371466e-06, 2.45641922447e-06, 2.12197005567e-06, 1.30553974031e-06, 1.22321227991e-06, 1.07225855572e-06, 9.28242116061e-07, 7.17042780707e-07, 4.19484280201e-07, 2.49888415738e-07]
    },
    "melbands128": {
        "mean": [2.48578253377e-05, 0.000213298510062, 0.00100445526186, 0.00202992395498, 0.00301008322276, 0.00344621157274, 0.00266979192384, 0.00191512308083, 0.00115630892105, 0.000750380277168, 0.00075627194019, 0.000514639366884, 0.000555265694857, 0.00065265694866, 0.000366088934243, 0.000326587440213, 0.000244149094215, 0.000202644077945, 0.000378792610718, 0.000368316075765, 0.000175208522705, 0.000177226480446, 0.000294570345432, 0.000313920056215, 0.000125658043544, 0.000173255408299, 0.000245038303547, 0.000210407466511, 0.000392528076191, 0.000115996721433, 0.00010381318134, 0.000170237442944, 0.00011159190035, 3.5972429032e-05, 7.85904849181e-05, 6.05508103035e-05, 7.27919323253e-05, 0.000124766433146, 5.49775977561e-05, 3.81607096642e-05, 3.30449693138e-05, 4.590296885e-05, 6.68628636049e-05, 7.22111362847e-05, 8.6233834736e-05, 3.63354738511e-05, 3.15323377436e-05, 8.26035975479e-05, 4.78736365039e-05, 3.77363139705e-05, 2.82193668681e-05, 8.42585141072e-05, 8.00311827334e-05, 3.84332197427e-05, 2.84300931526e-05, 7.23800985725e-05, 4.99034031236e-05, 3.44483451045e-05, 3.786446905e-05, 4.50841216662e-05, 2.77892413578e-05, 2.43557715294e-05, 2.40430981648e-05, 1.94023396034e-05, 2.47361040238e-05, 2.60054530372e-05, 1.32801742438e-05, 2.51634355664e-05, 1.7951713744e-05, 8.60780983203e-06, 7.37620712243e-06, 5.8293226175e-06, 5.82142547501e-06, 4.91103992317e-06, 4.43728458777e-06, 3.28367241309e-06, 2.60498427451e-06, 2.96757661999e-06, 3.01501586364e-06, 2.3082682219e-06, 2.41611019192e-06, 2.62203298007e-06, 2.2695496682e-06, 2.20804463424e-06, 1.98376778826e-06, 1.18548302908e-06, 1.18874220334e-06, 1.19120920772e-06, 1.20612867249e-06, 1.2836900396e-06, 1.15373006793e-06, 9.58418013397e-07, 1.04082835151e-06, 9.39573965297e-07, 8.41421069708e-07, 8.81209246018e-07, 6.67898518714e-07, 5.28841610503e-07, 4.63980370569e-07, 3.28728361865e-07, 2.92650867095e-07, 2.28775874689e-07, 2.18884792957e-07, 1.69302992958e-07, 1.57382331167e-07, 1.22809311165e-07, 1.06407618716e-07, 8.11438880532e-08, 6.4836640945e-08, 5.01320549517e-08, 4.36558345029e-08, 3.19735207199e-08, 2.64545256812e-08, 2.46123388337e-08, 2.23647269593e-08, 2.42187105925e-08, 2.6346675952e-08, 3.31609442128e-08, 3.78479363405e-08, 2.06823624893e-08, 1.57846322679e-08, 9.97103555278e-09, 8.13926703813e-09, 8.12284639551e-09, 9.78864189705e-09, 1.13863496409e-08, 9.21980092272e-09, 5.46199308005e-09]
    },
    "mfcc": {
        "mean": [-622.859558105, 131.581497192, -10.4335231781, 34.0131721497, 7.10830211639, 1.81212198734, -1.00997710228, 8.49149990082, -2.15031385422, -0.217182710767, -4.1875128746, -3.57468914986, -4.6041264534],
        "cov": [[7763.68896484, -472.147277832, -449.821044922, -156.647445679, -442.751281738, -171.062805176, -217.017303467, 22.2649116516, -43.0622444153, 122.455947876, -22.5677375793, 50.3904418945, 11.648355484], [-472.147277832, 716.223876953, -105.356544495, 119.21862793, 96.1731185913, 35.763217926, 83.3734970093, 27.4667873383, 8.12478256226, -11.4621934891, -4.66875600815, -42.4789466858, -22.2735557556], [-449.821044922, -105.356544495, 573.262207031, 44.8324813843, 72.5146484375, 50.0163650513, 27.1345977783, -23.4541530609, 12.8464460373, -40.6547966003, -22.8825836182, 6.08192586899, -8.14484405518], [-156.647445679, 119.21862793, 44.8324813843, 255.152755737, 102.754272461, -40.9180717468, -24.406785965, 15.8504543304, 18.7461948395, -3.75331473351, -13.1558675766, -12.9759616852, 25.406080246], [-442.751281738, 96.1731185913, 72.5146484375, 102.754272461, 224.125915527, 31.1229686737, 1.96243274212, 33.7954368591, 5.8216137886, -17.3412380219, -8.12401199341, -26.0594482422, -1.37505495548], [-171.062805176, 35.763217926, 50.0163650513, -40.9180717468, 31.1229686737, 134.731216431, 61.7095870972, 10.7059354782, -1.70564985275, -9.74205589294, 10.4031915665, -2.93072485924, -25.0564956665], [-217.017303467, 83.3734970093, 27.1345977783, -24.406785965, 1.96243274212, 61.7095870972, 137.78024292, 28.3288249969, 20.959236145, -0.144869089127, 2.66023755074, 6.11422157288, -14.301981926], [22.2649116516, 27.4667873383, -23.4541530609, 15.8504543304, 33.7954368591, 10.7059354782, 28.3288249969, 89.8669662476, 23.3584957123, 2.27519488335, 6.23101234436, -5.95232391357, -3.5885477066], [-43.0622444153, 8.12478256226, 12.8464460373, 18.7461948395, 5.8216137886, -1.70564985275, 20.959236145, 23.3584957123, 84.6907424927, 39.6123046875, -3.27570033073, 0.610523402691, 12.3560829163], [122.455947876, -11.4621934891, -40.6547966003, -3.75331473351, -17.3412380219, -9.74205589294, -0.144869089127, 2.27519488335, 39.6123046875, 87.3852081299, 23.6702823639, 7.33654069901, 14.9803438187], [-22.5677375793, -4.66875600815, -22.8825836182, -13.1558675766, -8.12401199341, 10.4031915665, 2.66023755074, 6.23101234436, -3.27570033073, 23.6702823639, 72.5251693726, 27.8041324615, 6.62477827072], [50.3904418945, -42.4789466858, 6.08192586899, -12.9759616852, -26.0594482422, -2.93072485924, 6.11422157288, -5.95232391357, 0.610523402691, 7.33654069901, 27.8041324615, 66.5160903931, 25.8282394409], [11.648355484, -22.2735557556, -8.14484405518, 25.406080246, -1.37505495548, -25.0564956665, -14.301981926, -3.5885477066, 12.3560829163, 14.9803438187, 6.62477827072, 25.8282394409, 66.494140625]],
        "icov": [[0.000169263585121, 5.93754448346e-05, 7.38772869227e-05, -5.4266431107e-05, 0.000320421968354, -3.94084527215e-05, 0.000263079331489, -0.000306698930217, 0.000221083784709, -0.00031638002838, 0.00029691751115, -0.000173217966221, 0.000119725475088], [5.93754448346e-05, 0.00197928654961, 0.000637472199742, -0.00104779493995, -0.000369070126908, -0.000167089572642, -0.00142325600609, 0.000419194431743, 4.56891903013e-05, 0.00024279828358, -0.000311710668029, 0.000926348264329, 0.000384976330679], [7.38772869227e-05, 0.000637472199742, 0.00230615097098, -0.000627235451248, -0.000595175952185, -0.00072086288128, -0.00052327348385, 0.00114767055493, -0.000952980713919, 0.00107827666216, 0.000414866372012, -0.000575776619371, 0.000504646450281], [-5.4266431107e-05, -0.00104779493995, -0.000627235451248, 0.00623694108799, -0.00249401875772, 0.00222084438428, 0.000828775577247, -0.000326185778249, -0.00102263700683, 0.000404756661737, 0.000125327147543, 0.00030695926398, -0.00188824592624], [0.000320421968354, -0.000369070126908, -0.000595175952185, -0.00249401875772, 0.00752281723544, -0.00242467713542, 0.00171782728285, -0.00289591355249, 0.000754075590521, -2.69439151452e-05, 0.000285052345134, 0.0016398151638, -0.000644063111395], [-3.94084527215e-05, -0.000167089572642, -0.00072086288128, 0.00222084438428, -0.00242467713542, 0.0115742171183, -0.00447772489861, 0.000627483183052, 0.00021727339481, 0.000665779982228, -0.00225095427595, 0.000438050017692, 0.00225989124738], [0.000263079331489, -0.00142325600609, -0.00052327348385, 0.000828775577247, 0.00171782728285, -0.00447772489861, 0.0120302690193, -0.00356680317782, -0.00196743826382, -0.000355466181645, 0.00174205959775, -0.00301745999604, 0.00128386472352], [-0.000306698930217, 0.000419194431743, 0.00114767055493, -0.000326185778249, -0.00289591355249, 0.000627483183052, -0.00356680317782, 0.0151709336787, -0.0050269914791, 0.00302342814393, -0.0033006912563, 0.00177766126581, 0.000578823382966], [0.000221083784709, 4.56891903013e-05, -0.000952980713919, -0.00102263700683, 0.000754075590521, 0.00021727339481, -0.00196743826382, -0.0050269914791, 0.0193261187524, -0.010149076581, 0.00468985456973, -0.000483341078507, -0.00193068163935], [-0.00031638002838, 0.00024279828358, 0.00107827666216, 0.000404756661737, -2.69439151452e-05, 0.000665779982228, -0.000355466181645, 0.00302342814393, -0.010149076581, 0.0192507300526, -0.00759437121451, 0.00273701036349, -0.00230633164756], [0.00029691751115, -0.000311710668029, 0.000414866372012, 0.000125327147543, 0.000285052345134, -0.00225095427595, 0.00174205959775, -0.0033006912563, 0.00468985456973, -0.00759437121451, 0.0207266677171, -0.0093779982999, 0.00161789089907], [-0.000173217966221, 0.000926348264329, -0.000575776619371, 0.00030695926398, 0.0016398151638, 0.000438050017692, -0.00301745999604, 0.00177766126581, -0.000483341078507, 0.00273701036349, -0.0093779982999, 0.024152925238, -0.00917543377727], [0.000119725475088, 0.000384976330679, 0.000504646450281, -0.00188824592624, -0.000644063111395, 0.00225989124738, 0.00128386472352, 0.000578823382966, -0.00193068163935, -0.00230633164756, 0.00161789089907, -0.00917543377727, 0.0213569812477]]
    },
    "spectral_contrast_coeffs": {
        "mean": [-0.682291984558, -0.769443333149, -0.764288604259, -0.785300731659, -0.778490304947, -0.758910834789]
    },
    "spectral_contrast_valleys": {
        "mean": [-6.32975530624, -6.47110128403, -7.12624740601, -7.36180114746, -7.26114225388, -10.3211984634]
    }
},
"rhythm": {
    "beats_count": 334,
    "beats_loudness": {
        "mean": 0.0370019599795
    },
    "bpm": 108.457519531,
    "bpm_histogram_first_peak_bpm": 108,
    "bpm_histogram_first_peak_weight": 0.646864712238,
    "bpm_histogram_second_peak_bpm": 103,
    "bpm_histogram_second_peak_spread": 0.285714268684,
    "bpm_histogram_second_peak_weight": 0.0450450442731,
    "danceability": 1.11224102974,
    "onset_rate": 2.28738021851,
    "beats_loudness_band_ratio": {
        "mean": [0.509813547134, 0.165858134627, 0.126287832856, 0.107524700463, 0.106120482087, 0.0312894508243]
    },
    "beats_position": [0.510838985443, 1.03328800201, 1.55573689938, 2.06657600403, 2.55419492722, 3.04181408882, 3.54104304314, 4.05188179016, 4.57433080673, 5.10838985443, 5.64244890213, 6.17650794983, 6.71056699753, 7.25623559952, 7.79029464722, 8.32435321808, 8.85841274261, 9.39247131348, 9.91492080688, 10.4489793777, 10.9830379486, 11.5170974731, 12.051156044, 12.5852155685, 13.1192741394, 13.6533327103, 14.1873922348, 14.7214508057, 15.2555103302, 15.7895689011, 16.3236274719, 16.8576869965, 17.4033565521, 17.9490242004, 18.483083725, 19.0171432495, 19.5512008667, 20.0852603912, 20.6309299469, 21.1649875641, 21.7106571198, 22.2447166443, 22.7903842926, 23.3360538483, 23.8701133728, 24.4157810211, 24.9614505768, 25.4955101013, 26.0411777496, 26.5868473053, 27.132516861, 27.6781845093, 28.2354640961, 28.7695236206, 29.3035831451, 29.8376407623, 30.383310318, 30.9173698425, 31.4630374908, 31.9970970154, 32.5311546326, 33.0768241882, 33.6224937439, 34.1565513611, 34.7022209167, 35.2362823486, 35.7819480896, 36.3160095215, 36.8500671387, 37.3841247559, 37.9297943115, 38.4754638672, 39.0095214844, 39.55519104, 40.1008605957, 40.6465301514, 41.1805877686, 41.7262573242, 42.2719268799, 42.8175964355, 43.374874115, 43.9321517944, 44.4894332886, 45.046710968, 45.6039886475, 46.1612701416, 46.718547821, 47.2642173767, 47.8098869324, 48.3671646118, 48.9244422913, 49.4933319092, 50.0622215271, 50.6194992065, 51.1767807007, 51.7340583801, 52.2913360596, 52.8486175537, 53.4058952332, 53.9747848511, 54.5436706543, 55.1009521484, 55.6582298279, 56.2155075073, 56.7727890015, 57.3300666809, 57.8757362366, 58.4214057922, 58.9786834717, 59.5359611511, 60.0816307068, 60.6389122009, 61.1845779419, 61.7302474976, 62.2759170532, 62.8215866089, 63.3672561646, 63.9129257202, 64.4585952759, 65.0042648315, 65.5499343872, 66.107208252, 66.6644897461, 67.2217712402, 67.779045105, 68.3479385376, 68.9168243408, 69.474105835, 70.0081634521, 70.5654373169, 71.1111068726, 71.6567764282, 72.2024459839, 72.7481155396, 73.2937850952, 73.8394546509, 74.3735122681, 74.9075698853, 75.4532394409, 75.9989089966, 76.5445785522, 77.0786361694, 77.6243057251, 78.1583633423, 78.7040328979, 79.2497024536, 79.7837600708, 80.3294296265, 80.8634872437, 81.4091567993, 81.9432220459, 82.4772796631, 83.0113372803, 83.5570068359, 84.1026763916, 84.6483459473, 85.1940155029, 85.7280731201, 86.2621307373, 86.807800293, 87.3534698486, 87.9107437134, 88.4680252075, 89.0020828247, 89.5361404419, 90.0818099976, 90.6274795532, 91.1731491089, 91.7188186646, 92.2528762817, 92.8101577759, 93.3442153931, 93.8898849487, 94.4355545044, 94.9696121216, 95.5268936157, 96.0841674805, 96.6414489746, 97.1987304688, 97.767616272, 98.3248977661, 98.8937835693, 99.4510650635, 100.008346558, 100.565620422, 101.122901917, 101.680175781, 102.249069214, 102.817955017, 103.375236511, 103.932518005, 104.48979187, 105.047073364, 105.615959167, 106.1848526, 106.753738403, 107.311019897, 107.868293762, 108.437187195, 109.006072998, 109.574966431, 110.143852234, 110.712738037, 111.270019531, 111.827301025, 112.38457489, 112.941856384, 113.499137878, 114.068023682, 114.636917114, 115.194190979, 115.763084412, 116.331970215, 116.900856018, 117.469749451, 118.027030945, 118.58430481, 119.164802551, 119.745300293, 120.325805664, 120.906303406, 121.486801147, 122.067298889, 122.647796631, 123.216690063, 123.808792114, 124.400901794, 124.981407166, 125.550292969, 126.13079071, 126.688072205, 127.245346069, 127.814239502, 128.383132935, 128.963623047, 129.532516479, 130.101409912, 130.670288086, 131.22756958, 131.796463013, 132.365356445, 132.934234619, 133.503128052, 134.072021484, 134.62928772, 135.186569214, 135.743850708, 136.301132202, 136.870025635, 137.438903809, 138.007797241, 138.576690674, 139.133972168, 139.691238403, 140.248519897, 140.805801392, 141.363082886, 141.92036438, 142.477645874, 143.034912109, 143.592193604, 144.149475098, 144.706756592, 145.264038086, 145.82131958, 146.378585815, 146.93586731, 147.504760742, 148.085250854, 148.654144287, 149.211425781, 149.780319214, 150.349197388, 150.91809082, 151.486984253, 152.044265747, 152.601531982, 153.182037354, 153.750930786, 154.31980896, 154.900314331, 155.469207764, 156.038085938, 156.60697937, 157.175872803, 157.733154297, 158.290420532, 158.847702026, 159.404983521, 159.962265015, 160.531158447, 161.100036621, 161.657318115, 162.214599609, 162.771881104, 163.329162598, 163.874832153, 164.420501709, 164.989379883, 165.546661377, 166.103942871, 166.661224365, 167.218505859, 167.787384033, 168.344665527, 168.901947021, 169.447616577, 169.993286133, 170.550567627, 171.107849121, 171.665115356, 172.222396851, 172.768066406, 173.313735962, 173.871017456, 174.42829895, 174.973968506, 175.53125, 176.100128174, 176.657409668, 177.203079224, 177.760360718, 178.306030273, 178.863311768, 179.432189941, 180.001083374, 180.569976807, 181.138870239, 181.719360352, 182.311477661, 182.891967773, 183.484085083, 184.076187134, 184.679901123],
    "bpm_histogram": [0, 0, 0, 0, 0, 0, 0, 0, 0, 0, 0, 0, 0, 0, 0, 0, 0, 0, 0, 0, 0, 0, 0, 0, 0, 0, 0, 0, 0, 0, 0, 0, 0, 0, 0, 0, 0, 0, 0, 0, 0, 0, 0, 0, 0, 0, 0, 0, 0, 0, 0, 0, 0, 0, 0, 0, 0, 0, 0, 0, 0, 0, 0, 0, 0, 0, 0, 0, 0, 0, 0, 0, 0, 0, 0, 0, 0, 0, 0, 0, 0, 0, 0, 0, 0, 0, 0, 0, 0, 0, 0, 0, 0, 0, 0, 0, 0, 0, 0, 0.00300300307572, 0, 0.0150150153786, 0, 0.0450450442731, 0, 0.183183178306, 0, 0, 0.321321308613, 0, 0.228228226304, 0, 0.177177175879, 0, 0, 0.0120120123029, 0, 0.00600600615144, 0, 0, 0.00300300307572, 0, 0, 0.00600600615144, 0, 0, 0, 0, 0, 0, 0, 0, 0, 0, 0, 0, 0, 0, 0, 0, 0, 0, 0, 0, 0, 0, 0, 0, 0, 0, 0, 0, 0, 0, 0, 0, 0, 0, 0, 0, 0, 0, 0, 0, 0, 0, 0, 0, 0, 0, 0, 0, 0, 0, 0, 0, 0, 0, 0, 0, 0, 0, 0, 0, 0, 0, 0, 0, 0, 0, 0, 0, 0, 0, 0, 0, 0, 0, 0, 0, 0, 0, 0, 0, 0, 0, 0, 0, 0, 0, 0, 0, 0, 0, 0, 0, 0, 0, 0, 0, 0, 0, 0, 0, 0, 0, 0, 0, 0, 0, 0, 0, 0, 0, 0, 0, 0, 0, 0, 0, 0, 0, 0, 0, 0, 0, 0, 0, 0, 0]
},
"tonal": {
    "chords_changes_rate": 0.0420736297965,
    "chords_number_rate": 0.00275482097641,
    "chords_strength": {
        "mean": 0.593054950237
    },
    "hpcp_crest": {
        "mean": 13.7619590759
    },
    "hpcp_entropy": {
        "mean": 1.97022211552
    },
    "key_edma": {
        "strength": 0.754897713661,
        "key": "Ab",
        "scale": "minor"
    },
    "key_krumhansl": {
        "strength": 0.759419322014,
        "key": "Ab",
        "scale": "minor"
    },
    "key_temperley": {
        "strength": 0.739395618439,
        "key": "Ab",
        "scale": "minor"
    },
    "tuning_diatonic_strength": 0.649775803089,
    "tuning_equal_tempered_deviation": 0.0437856651843,
    "tuning_frequency": 441.527557373,
    "tuning_nontempered_energy_ratio": 0.726120591164,
    "hpcp": {
        "mean": [0.0370431169868, 0.0333938337862, 0.104853227735, 0.198792308569, 0.174053415656, 0.237226426601, 0.318598270416, 0.190964996815, 0.077943585813, 0.0480624996126, 0.0537570863962, 0.105811059475, 0.127787515521, 0.0832669734955, 0.05451881513, 0.0537524074316, 0.0731273368001, 0.231433957815, 0.346682608128, 0.229913979769, 0.171314507723, 0.188746586442, 0.131437540054, 0.0935107991099, 0.0848162770271, 0.0696579664946, 0.123373299837, 0.173424035311, 0.118764221668, 0.0812030956149, 0.0718008354306, 0.069024220109, 0.169867098331, 0.234042391181, 0.153301268816, 0.0708120390773]
    },
    "chords_histogram": [19.7094917297, 25.6949653625, 13.2231407166, 1.20210373402, 0.400701224804, 2.02854990959, 0, 4.10718774796, 0.300525933504, 7.63836717606, 0.075131483376, 1.50262963772, 0, 0, 0, 0.325569748878, 1.55271720886, 0, 0, 0, 0, 0, 4.40771341324, 17.831205368],
    "thpcp": [1, 0.663182914257, 0.494153738022, 0.544436275959, 0.379129320383, 0.269730299711, 0.244651094079, 0.200927197933, 0.355868160725, 0.500238656998, 0.342573344707, 0.234228923917, 0.207108274102, 0.199099168181, 0.489978700876, 0.675091266632, 0.442194879055, 0.204256102443, 0.106850229204, 0.0963239371777, 0.302447319031, 0.573412954807, 0.502054095268, 0.684275507927, 0.918991208076, 0.550835251808, 0.224826931953, 0.138635456562, 0.155061393976, 0.30521017313, 0.368600875139, 0.24018214643, 0.157258585095, 0.155047893524, 0.210934534669, 0.667567253113],
    "chords_key": "B",
    "chords_scale": "major"
}
}