{
"metadata": {
    "version": {
        "essentia": "2.1-beta6-dev",
        "essentia_git_sha": "v2.1_beta5-1177-g1d1cc983",
        "extractor": "music 2.0"
    },
    "audio_properties": {
        "analysis": {
            "equal_loudness": 0,
            "length": 282.160003662,
            "sample_rate": 44100,
            "start_time": 0,
            "downmix": "mix"
        },
        "bit_rate": 1411200,
        "length": 282.160003662,
        "lossless": 1,
        "number_channels": 2,
        "replay_gain": -14.6074638367,
        "sample_rate": 44100,
        "codec": "pcm_s16le",
        "md5_encoded": "fa8f6669d2ca02d5ef14644f49f6fadb"
    },
    "tags": {
        "file_name": "05 - Manchester Orchestra - In My Teeth (Album Version).wav",
        "album": ["Mean Everything To Nothing"],
        "albumartist": ["Manchester Orchestra"],
        "artist": ["Manchester Orchestra"],
        "composer": ["Andy Hull"],
        "copyright": ["(P) 2009 Sony Music Entertainment"],
        "date": ["2009"],
        "discnumber": ["1"],
        "disctotal": ["1"],
        "genre": ["Pop\/Rock"],
        "isrc": ["USSM10900802"],
        "title": ["In My Teeth (Album Version)"],
        "tracknumber": ["5"],
        "tracktotal": ["12"]
    }
},
"lowlevel": {
    "average_loudness": 0.877374172211,
    "barkbands_crest": {
        "mean": 11.2148752213
    },
    "barkbands_flatness_db": {
        "mean": 0.132351651788
    },
    "barkbands_kurtosis": {
        "mean": 9.08029842377
    },
    "barkbands_skewness": {
        "mean": 1.71506297588
    },
    "barkbands_spread": {
        "mean": 31.3524742126
    },
    "dissonance": {
        "mean": 0.476688653231
    },
    "dynamic_complexity": 3.34152364731,
    "erbbands_crest": {
        "mean": 7.68886232376
    },
    "erbbands_flatness_db": {
        "mean": 0.143386557698
    },
    "erbbands_kurtosis": {
        "mean": 1.18996059895
    },
    "erbbands_skewness": {
        "mean": -0.276218682528
    },
    "erbbands_spread": {
        "mean": 44.36170578
    },
    "hfc": {
        "mean": 25.9930725098
    },
    "loudness_ebu128": {
        "integrated": -7.6323184967,
        "loudness_range": 5.79259634018,
        "momentary": {
            "mean": -8.97020244598
        },
        "short_term": {
            "mean": -8.60709476471
        }
    },
    "melbands_crest": {
        "mean": 15.6835746765
    },
    "melbands_flatness_db": {
        "mean": 0.198607236147
    },
    "melbands_kurtosis": {
        "mean": 26.2913246155
    },
    "melbands_skewness": {
        "mean": 3.39120554924
    },
    "melbands_spread": {
        "mean": 30.3879013062
    },
    "pitch_salience": {
        "mean": 0.508199632168
    },
    "silence_rate_20dB": {
        "mean": 1
    },
    "silence_rate_30dB": {
        "mean": 0.980498671532
    },
    "silence_rate_60dB": {
        "mean": 0.0622891485691
    },
    "spectral_centroid": {
        "mean": 1869.2388916
    },
    "spectral_complexity": {
        "mean": 26.9205951691
    },
    "spectral_decrease": {
        "mean": -8.08495581595e-09
    },
    "spectral_energy": {
        "mean": 0.0328720808029
    },
    "spectral_energyband_high": {
        "mean": 0.00145016610622
    },
    "spectral_energyband_low": {
        "mean": 0.018614217639
    },
    "spectral_energyband_middle_high": {
        "mean": 0.00625945394859
    },
    "spectral_energyband_middle_low": {
        "mean": 0.00759496260434
    },
    "spectral_entropy": {
        "mean": 7.75844573975
    },
    "spectral_flux": {
        "mean": 0.0890216305852
    },
    "spectral_kurtosis": {
        "mean": 4.18220233917
    },
    "spectral_rms": {
        "mean": 0.00515542086214
    },
    "spectral_rolloff": {
        "mean": 1903.10900879
    },
    "spectral_skewness": {
        "mean": 1.26431369781
    },
    "spectral_spread": {
        "mean": 4495090
    },
    "spectral_strongpeak": {
        "mean": 0.57654774189
    },
    "zerocrossingrate": {
        "mean": 0.0684577673674
    },
    "barkbands": {
        "mean": [0.000147736558574, 0.0137641988695, 0.00376033689827, 0.00231353915296, 0.00198873411864, 0.0011998162372, 0.00064245791873, 0.000535036844667, 0.000708203180693, 0.00065304042073, 0.00068562082015, 0.000521949201357, 0.000414079957409, 0.000469654507469, 0.00063539238181, 0.000604111410212, 0.000861405860633, 0.000721204909496, 0.000569708645344, 0.00046668475261, 0.000296837446513, 0.0002547155309, 0.000252992584137, 0.000217654480366, 0.000135311915074, 4.6660501539e-05, 4.84908923681e-06]
    },
    "erbbands": {
        "mean": [0.305731028318, 3.35369777679, 5.42499542236, 5.5747885704, 8.65261459351, 5.65263700485, 8.70727539062, 8.44958972931, 8.75625038147, 9.69685935974, 14.0225334167, 15.1418180466, 19.4641876221, 29.7418289185, 17.4574699402, 21.9531116486, 20.3028182983, 25.0218544006, 25.4047012329, 33.0968551636, 39.2094612122, 49.0580978394, 42.8347587585, 31.3742084503, 27.4180545807, 21.4357910156, 14.5194997787, 10.60181427, 9.35907173157, 7.88883876801, 7.08672809601, 4.8092045784, 3.56383013725, 1.85067081451, 0.797080874443, 0.303788512945, 0.0632713362575, 0.00853660516441, 0.0008791226428, 8.8255830633e-05]
    },
    "gfcc": {
        "mean": [3.75967168808, 81.0268707275, -113.608879089, 54.8191719055, -44.6850585938, 13.6318454742, -31.2044734955, 13.4704818726, -19.4458122253, -1.38074445724, -13.0279855728, 2.51471018791, -9.11349010468],
        "cov": [[12007.3378906, -2189.99682617, -1434.4251709, 157.740722656, -655.785705566, 1126.41650391, -46.0382843018, 590.168029785, -119.521087646, 365.198730469, -364.951660156, 134.199417114, -200.99647522], [-2189.99682617, 1909.69628906, -506.250091553, -143.004043579, 393.315429688, -419.170013428, 150.304611206, -104.648666382, 159.047729492, -160.018585205, 223.725204468, -92.823097229, 110.891067505], [-1434.4251709, -506.250091553, 1419.10766602, 333.170196533, -34.0073356628, 126.39100647, 25.0691013336, -3.54864382744, -60.1478500366, 34.6788024902, -58.68567276, 35.170463562, -36.6723327637], [157.740722656, -143.004043579, 333.170196533, 566.922973633, 22.0408172607, 116.619514465, 69.5498657227, 14.5602760315, 33.9448547363, 2.56070256233, 16.9554347992, -39.6422042847, 43.1036720276], [-655.785705566, 393.315429688, -34.0073356628, 22.0408172607, 287.505279541, -53.241153717, 61.0563240051, -34.3682174683, 45.7015914917, -34.1967124939, 44.2778205872, -31.2775478363, 16.7601242065], [1126.41650391, -419.170013428, 126.39100647, 116.619514465, -53.241153717, 395.189758301, 83.4797897339, 112.761459351, -25.1650600433, 71.6357498169, -34.7778358459, 24.2328968048, -32.3097038269], [-46.0382843018, 150.304611206, 25.0691013336, 69.5498657227, 61.0563240051, 83.4797897339, 186.267593384, 16.0901603699, 22.1220989227, -14.8650064468, 32.0579185486, -15.0190439224, 11.3170604706], [590.168029785, -104.648666382, -3.54864382744, 14.5602760315, -34.3682174683, 112.761459351, 16.0901603699, 159.835189819, 30.9642181396, 45.0180511475, -4.31528520584, 26.5261039734, -6.11768531799], [-119.521087646, 159.047729492, -60.1478500366, 33.9448547363, 45.7015914917, -25.1650600433, 22.1220989227, 30.9642181396, 108.79258728, 13.3645324707, 26.8381671906, -14.4366769791, 21.4724063873], [365.198730469, -160.018585205, 34.6788024902, 2.56070256233, -34.1967124939, 71.6357498169, -14.8650064468, 45.0180511475, 13.3645324707, 90.9502105713, 7.1343998909, 26.5207653046, -14.6874008179], [-364.951660156, 223.725204468, -58.68567276, 16.9554347992, 44.2778205872, -34.7778358459, 32.0579185486, -4.31528520584, 26.8381671906, 7.1343998909, 109.613204956, 13.0617361069, 32.9685554504], [134.199417114, -92.823097229, 35.170463562, -39.6422042847, -31.2775478363, 24.2328968048, -15.0190439224, 26.5261039734, -14.4366769791, 26.5207653046, 13.0617361069, 83.6875991821, 13.4334859848], [-200.99647522, 110.891067505, -36.6723327637, 43.1036720276, 16.7601242065, -32.3097038269, 11.3170604706, -6.11768531799, 21.4724063873, -14.6874008179, 32.9685554504, 13.4334859848, 74.3487625122]],
        "icov": [[0.000299621111481, 9.66966399574e-05, 0.000553394085728, -0.000399614247726, 0.000223680530326, -0.000376596930437, -7.93762374087e-05, -0.000463597622002, 0.000298081227811, -0.00054143340094, 0.000834322359879, -0.000448918290203, 0.000448372797109], [9.66966399574e-05, 0.00169657799415, 0.000348108558683, 0.000352469593054, -0.00107782334089, 0.000967565458268, -0.000939404475503, -0.000524767965544, -0.000788751756772, 0.00135280762333, -0.00190255814232, 0.000851044955198, -0.00035349058453], [0.000553394085728, 0.000348108558683, 0.00200034212321, -0.00142646825407, 0.00021612465207, -0.000438389368355, -0.000451806758065, -0.000691754568834, 0.000896333542187, -0.00117821630556, 0.00189884961583, -0.00168641016353, 0.00153421133291], [-0.000399614247726, 0.000352469593054, -0.00142646825407, 0.00348115991801, -0.000509783043526, -0.000254531652899, -0.000150772728375, 0.000635413394775, -0.00137038051616, 0.00130081514362, -0.00234233960509, 0.0031538119074, -0.00312672182918], [0.000223680530326, -0.00107782334089, 0.00021612465207, -0.000509783043526, 0.0054602236487, -0.00092848285567, -0.000474354194012, 0.000739801616874, -0.000934698036872, -0.000189929152839, 0.000763777003158, -0.000286733120447, 0.00105868990067], [-0.000376596930437, 0.000967565458268, -0.000438389368355, -0.000254531652899, -0.00092848285567, 0.00641733268276, -0.00329937250353, -0.00227185175754, 0.00160114176106, -0.00177485775203, -0.000509721168783, 0.000566609611269, 9.40783356782e-05], [-7.93762374087e-05, -0.000939404475503, -0.000451806758065, -0.000150772728375, -0.000474354194012, -0.00329937250353, 0.00854253396392, 0.000362655002391, -0.00107783626299, 0.00258187274449, -0.00188753951807, 0.000692589965183, -1.30696771521e-05], [-0.000463597622002, -0.000524767965544, -0.000691754568834, 0.000635413394775, 0.000739801616874, -0.00227185175754, 0.000362655002391, 0.0106745772064, -0.00444023590535, -0.000632339564618, -0.000312483869493, -0.00217638793401, 0.000178145754035], [0.000298081227811, -0.000788751756772, 0.000896333542187, -0.00137038051616, -0.000934698036872, 0.00160114176106, -0.00107783626299, -0.00444023590535, 0.0151404151693, -0.00609188573435, 0.00153040233999, 0.00278057088144, -0.00283304136246], [-0.00054143340094, 0.00135280762333, -0.00117821630556, 0.00130081514362, -0.000189929152839, -0.00177485775203, 0.00258187274449, -0.000632339564618, -0.00609188573435, 0.0207910332829, -0.00729909772053, -0.00248537305743, 0.00356204621494], [0.000834322359879, -0.00190255814232, 0.00189884961583, -0.00234233960509, 0.000763777003158, -0.000509721168783, -0.00188753951807, -0.000312483869493, 0.00153040233999, -0.00729909772053, 0.0185226500034, -0.00517000444233, -0.00190761766862], [-0.000448918290203, 0.000851044955198, -0.00168641016353, 0.0031538119074, -0.000286733120447, 0.000566609611269, 0.000692589965183, -0.00217638793401, 0.00278057088144, -0.00248537305743, -0.00517000444233, 0.0196641888469, -0.00767127564177], [0.000448372797109, -0.00035349058453, 0.00153421133291, -0.00312672182918, 0.00105868990067, 9.40783356782e-05, -1.30696771521e-05, 0.000178145754035, -0.00283304136246, 0.00356204621494, -0.00190761766862, -0.00767127564177, 0.0213316660374]]
    },
    "melbands": {
        "mean": [0.00341110723093, 0.00338776153512, 0.00111906963866, 0.000492709514219, 0.000281296321191, 0.000202487848583, 0.000134380272357, 0.000106219806185, 0.000118558244139, 9.67348314589e-05, 9.56411313382e-05, 0.000117252355267, 6.97306531947e-05, 4.87694778712e-05, 5.98749138589e-05, 4.19403440901e-05, 4.7094108595e-05, 3.52356073563e-05, 5.49983669771e-05, 3.86066749343e-05, 4.66943674837e-05, 5.34009413968e-05, 4.17737137468e-05, 3.24862485286e-05, 2.47128427873e-05, 2.07845187106e-05, 1.72524360096e-05, 1.388765304e-05, 9.58767668635e-06, 7.22969434719e-06, 5.74736259296e-06, 5.38265840078e-06, 4.69398946734e-06, 4.35475112681e-06, 4.22798484578e-06, 3.48689832208e-06, 2.73632986136e-06, 2.55658960668e-06, 2.16088051275e-06, 1.35051334382e-06]
    },
    "melbands128": {
        "mean": [0.000140752934385, 0.00174883252475, 0.00526539329439, 0.00573460757732, 0.00350209651515, 0.0015743317781, 0.000998510164209, 0.00127694639377, 0.000899094855413, 0.000393446855014, 0.000285183690721, 0.000215150066651, 0.000320569059113, 0.000322892912664, 0.00017171370564, 0.000157697810209, 0.000155032917974, 0.000113351859909, 0.000142259319546, 9.51621696004e-05, 9.86216473393e-05, 0.000105975879706, 0.000134084242745, 0.000121741570183, 7.64752694522e-05, 0.000105934224848, 8.9769870101e-05, 0.000101067184005, 9.68769963947e-05, 7.37979062251e-05, 0.000166710553458, 0.000125860926346, 4.63624419353e-05, 4.58782196802e-05, 3.74675510102e-05, 5.17584958288e-05, 5.88869261264e-05, 8.55819307617e-05, 3.57996832463e-05, 3.76432399207e-05, 4.67771133117e-05, 4.02316400141e-05, 5.54397338419e-05, 4.44954966952e-05, 3.53784307663e-05, 2.84674461e-05, 3.69611589122e-05, 7.91471466073e-05, 4.67640529678e-05, 3.41158520314e-05, 3.76626667276e-05, 4.28301427746e-05, 4.64701442979e-05, 4.7869685659e-05, 5.05473180965e-05, 6.1660859501e-05, 4.82092073071e-05, 3.66158565157e-05, 4.17655828642e-05, 4.7672445362e-05, 2.94068850053e-05, 2.39218243223e-05, 2.73542973446e-05, 2.63644760707e-05, 1.80659917532e-05, 2.15314466914e-05, 2.24697050726e-05, 1.68439237314e-05, 1.87775531231e-05, 1.2752037037e-05, 1.36461612783e-05, 1.54864155775e-05, 1.0838282833e-05, 8.44965870783e-06, 7.84529493103e-06, 7.92600985733e-06, 6.79858294461e-06, 5.80284176976e-06, 5.73127681491e-06, 5.37703863301e-06, 5.60374701308e-06, 5.12819133291e-06, 5.30183751835e-06, 4.76934064864e-06, 4.19668140239e-06, 3.994276085e-06, 4.43548742624e-06, 4.86689577883e-06, 4.15666090703e-06, 3.85500516131e-06, 4.04105185225e-06, 3.17278181683e-06, 2.89740046355e-06, 2.78514653473e-06, 2.56972157331e-06, 2.67519158115e-06, 2.52090512731e-06, 2.45914043262e-06, 2.35026709561e-06, 1.93551522898e-06, 1.5805979956e-06, 1.28474073335e-06, 1.01513887785e-06, 9.36943592933e-07, 9.26875998175e-07, 8.17560135147e-07, 6.9916410439e-07, 7.29995349502e-07, 5.16102602433e-07, 3.59934688277e-07, 2.93015375519e-07, 2.14991231928e-07, 1.8431201454e-07, 1.42563166605e-07, 1.03069410784e-07, 7.00393840702e-08, 4.87861235854e-08, 3.3976963465e-08, 2.75635123614e-08, 2.44745876898e-08, 2.19997033923e-08, 1.95168468053e-08, 1.42177745133e-08, 1.01967625454e-08, 7.62420881983e-09, 5.72039571267e-09, 4.1389198735e-09, 2.02497840718e-09]
    },
    "mfcc": {
        "mean": [-635.699645996, 102.734016418, -1.32070219517, 41.9856033325, 12.4887371063, 8.78381347656, 3.12385964394, 13.3358840942, 1.18136310577, 2.91637587547, -0.70981824398, 0.805941879749, 0.790184438229],
        "cov": [[11937.8271484, -1525.3248291, -1340.53649902, -737.95324707, -509.956878662, 193.479034424, 22.1911621094, 269.960235596, 277.530700684, 262.628173828, 52.2924995422, 147.888519287, 119.834129333], [-1525.3248291, 1536.71508789, -597.543823242, 74.2217407227, 58.4704017639, -172.053909302, -32.9822883606, 13.0642356873, -72.2702331543, -30.142370224, 56.3905754089, -24.6725749969, 34.5090484619], [-1340.53649902, -597.543823242, 1246.85546875, 225.447769165, 105.128807068, 143.941131592, 108.375328064, 11.5599422455, 46.4041404724, -5.78660297394, -11.3669214249, 23.14594841, -32.0270004272], [-737.95324707, 74.2217407227, 225.447769165, 445.212188721, 100.086456299, 50.6869697571, 23.2483768463, 4.9066824913, 19.288476944, 3.02939915657, -11.9607648849, 2.65425276756, 12.8204689026], [-509.956878662, 58.4704017639, 105.128807068, 100.086456299, 201.638168335, 25.5085964203, 14.5920362473, 2.17628502846, 12.249797821, 11.7973594666, 7.89528751373, 2.6864926815, 6.5185136795], [193.479034424, -172.053909302, 143.941131592, 50.6869697571, 25.5085964203, 212.468933105, 101.575325012, 49.3929023743, 37.0212211609, 34.0882301331, 10.9201946259, 13.4082183838, -0.511194527149], [22.1911621094, -32.9822883606, 108.375328064, 23.2483768463, 14.5920362473, 101.575325012, 165.335128784, 66.0975952148, 20.7840309143, 19.2295207977, 20.9837551117, 21.7292041779, 4.47161912918], [269.960235596, 13.0642356873, 11.5599422455, 4.9066824913, 2.17628502846, 49.3929023743, 66.0975952148, 115.900283813, 49.2481498718, 27.8799266815, 17.1288852692, 19.4544391632, 14.9160299301], [277.530700684, -72.2702331543, 46.4041404724, 19.288476944, 12.249797821, 37.0212211609, 20.7840309143, 49.2481498718, 95.0158233643, 45.2606887817, 5.13829040527, 12.0965385437, 11.8524074554], [262.628173828, -30.142370224, -5.78660297394, 3.02939915657, 11.7973594666, 34.0882301331, 19.2295207977, 27.8799266815, 45.2606887817, 88.9560775757, 34.0854644775, 12.3684015274, 10.1433506012], [52.2924995422, 56.3905754089, -11.3669214249, -11.9607648849, 7.89528751373, 10.9201946259, 20.9837551117, 17.1288852692, 5.13829040527, 34.0854644775, 67.8307266235, 29.9359340668, 9.22665786743], [147.888519287, -24.6725749969, 23.14594841, 2.65425276756, 2.6864926815, 13.4082183838, 21.7292041779, 19.4544391632, 12.0965385437, 12.3684015274, 29.9359340668, 73.8397140503, 32.9010505676], [119.834129333, 34.5090484619, -32.0270004272, 12.8204689026, 6.5185136795, -0.511194527149, 4.47161912918, 14.9160299301, 11.8524074554, 10.1433506012, 9.22665786743, 32.9010505676, 64.9685668945]],
        "icov": [[0.000195233951672, 0.000293807359412, 0.000329925183905, 7.78090834501e-05, 0.000243253336521, -7.28879895178e-05, 4.03160156566e-05, -0.000316786783515, -0.000242388123297, -0.000178790520295, -7.89424157119e-05, -0.000147518090671, -0.0001658560941], [0.000293807359412, 0.00154661771376, 0.00103443709668, -0.000364818843082, -7.2904767876e-05, 0.000721919117495, -0.000331198622007, -0.000994869158603, 0.000101217876363, 0.000391732086428, -0.00158808531705, 0.000743147043977, -0.000747736601625], [0.000329925183905, 0.00103443709668, 0.00186344760004, -0.000493693514727, -8.99915030459e-05, -9.87769381027e-05, -0.000627727597021, -0.000289323710604, -0.000827833951917, 0.000469476741273, -0.000617077341303, -0.00045863550622, 0.000373531860532], [7.78090834501e-05, -0.000364818843082, -0.000493693514727, 0.00301650236361, -0.000841161119752, -0.000739275361411, 0.000267739174888, 0.000170058090589, -0.000414358743001, -0.000335307442583, 0.00118275370914, -0.000240097986534, -0.000685698410962], [0.000243253336521, -7.2904767876e-05, -8.99915030459e-05, -0.000841161119752, 0.00626062462106, -0.000600523548201, 0.0001122905378, 0.000235997373238, -0.000823919195682, -0.000725896854419, -0.000549426826183, 0.000126632876345, -0.000705571961589], [-7.28879895178e-05, 0.000721919117495, -9.87769381027e-05, -0.000739275361411, -0.000600523548201, 0.00808009877801, -0.00424472056329, -0.000527952855919, -0.000370575900888, -0.00136910006404, -4.04765050916e-05, 0.000509307312313, 0.000414554466261], [4.03160156566e-05, -0.000331198622007, -0.000627727597021, 0.000267739174888, 0.0001122905378, -0.00424472056329, 0.0109705310315, -0.00494520692155, 0.0017994036898, 8.16900283098e-05, -0.000954353366978, -0.00132547714747, 0.000540654058568], [-0.000316786783515, -0.000994869158603, -0.000289323710604, 0.000170058090589, 0.000235997373238, -0.000527952855919, -0.00494520692155, 0.0154970781878, -0.00669754948467, 0.000863729568664, -0.000879487197381, -0.000459705799585, -0.000864141969942], [-0.000242388123297, 0.000101217876363, -0.000827833951917, -0.000414358743001, -0.000823919195682, -0.000370575900888, 0.0017994036898, -0.00669754948467, 0.0192383080721, -0.00867592263967, 0.00469451397657, -0.00117986882105, -0.000663775193971], [-0.000178790520295, 0.000391732086428, 0.000469476741273, -0.000335307442583, -0.000725896854419, -0.00136910006404, 8.16900283098e-05, 0.000863729568664, -0.00867592263967, 0.0206654835492, -0.0112008191645, 0.00358755001798, -0.00159230665304], [-7.89424157119e-05, -0.00158808531705, -0.000617077341303, 0.00118275370914, -0.000549426826183, -4.04765050916e-05, -0.000954353366978, -0.000879487197381, 0.00469451397657, -0.0112008191645, 0.0263862516731, -0.010776469484, 0.00337634398602], [-0.000147518090671, 0.000743147043977, -0.00045863550622, -0.000240097986534, 0.000126632876345, 0.000509307312313, -0.00132547714747, -0.000459705799585, -0.00117986882105, 0.00358755001798, -0.010776469484, 0.0234216116369, -0.0107887489721], [-0.0001658560941, -0.000747736601625, 0.000373531860532, -0.000685698410962, -0.000705571961589, 0.000414554466261, 0.000540654058568, -0.000864141969942, -0.000663775193971, -0.00159230665304, 0.00337634398602, -0.0107887489721, 0.0220036190003]]
    },
    "spectral_contrast_coeffs": {
        "mean": [-0.726043820381, -0.770626068115, -0.779953539371, -0.798714518547, -0.786394715309, -0.753086388111]
    },
    "spectral_contrast_valleys": {
        "mean": [-6.53990221024, -7.0876789093, -7.55817127228, -7.56180334091, -7.1519446373, -10.0630292892]
    }
},
"rhythm": {
    "beats_count": 602,
    "beats_loudness": {
        "mean": 0.0422165989876
    },
    "bpm": 128.622024536,
    "bpm_histogram_first_peak_bpm": 129,
    "bpm_histogram_first_peak_weight": 0.295221865177,
    "bpm_histogram_second_peak_bpm": 110,
    "bpm_histogram_second_peak_spread": 0,
    "bpm_histogram_second_peak_weight": 0.00998336076736,
    "danceability": 1.12395393848,
    "onset_rate": 2.8846783638,
    "beats_loudness_band_ratio": {
        "mean": [0.600775003433, 0.128422573209, 0.067490786314, 0.0638461112976, 0.101126685739, 0.0791505873203]
    },
    "beats_position": [0.476009070873, 0.952018141747, 1.42802715302, 1.90403628349, 2.36843538284, 2.83283448219, 3.29723358154, 3.76163268089, 4.22603178024, 4.7020406723, 5.17804956436, 5.64244890213, 6.10684776306, 6.57124710083, 7.03564596176, 7.50004529953, 7.97605419159, 8.45206356049, 8.91646194458, 9.38086128235, 9.84526062012, 10.3096599579, 10.774058342, 11.2384576797, 11.7028570175, 12.1672563553, 12.6316547394, 13.0960540771, 13.5604534149, 14.0248527527, 14.4892511368, 14.9536504745, 15.4180498123, 15.8824491501, 16.3468475342, 16.8112468719, 17.2756462097, 17.7400455475, 18.2044448853, 18.6688423157, 19.1332416534, 19.5976409912, 20.062040329, 20.5264396667, 20.9908390045, 21.4552383423, 21.9196376801, 22.3840351105, 22.8484344482, 23.312833786, 23.7656230927, 24.2416324615, 24.7060317993, 25.1820411682, 25.6464385986, 26.1224479675, 26.5868473053, 27.0512466431, 27.5156459808, 27.9800453186, 28.4444446564, 28.9088420868, 29.3732414246, 29.8376407623, 30.3020401001, 30.778049469, 31.2540588379, 31.7184581757, 32.1828575134, 32.6588668823, 33.1348762512, 33.6108856201, 34.0752830505, 34.5512924194, 35.0156898499, 35.480091095, 35.9444885254, 36.4088897705, 36.8732872009, 37.3376846313, 37.8020858765, 38.2664833069, 38.730884552, 39.2068939209, 39.6829032898, 40.1473007202, 40.6233100891, 41.099319458, 41.5637168884, 42.0397262573, 42.5041275024, 42.9801368713, 43.4445343018, 43.9089317322, 44.3849411011, 44.86095047, 45.3253517151, 45.801361084, 46.2657585144, 46.7417678833, 47.2061653137, 47.6705665588, 48.1349639893, 48.5993652344, 49.0753746033, 49.5513839722, 50.0157814026, 50.480178833, 50.9445800781, 51.420589447, 51.8965988159, 52.3609962463, 52.8253974915, 53.3014030457, 53.7774124146, 54.2418136597, 54.7062110901, 55.1706123352, 55.6350097656, 56.0994110107, 56.5638084412, 57.0282058716, 57.4926071167, 57.9802246094, 58.4562339783, 58.9322433472, 59.4082527161, 59.884262085, 60.3486595154, 60.8246688843, 61.2890701294, 61.741859436, 62.2062568665, 62.6706581116, 63.135055542, 63.5994529724, 64.0638504028, 64.5166397095, 64.9694290161, 65.4338302612, 65.8982315063, 66.3626327515, 66.8270263672, 67.2914276123, 67.7558288574, 68.2318344116, 68.7078475952, 69.1722412109, 69.6366424561, 70.1010437012, 70.5654373169, 71.029838562, 71.4942398071, 71.9586410522, 72.423034668, 72.8874359131, 73.3402252197, 73.8046264648, 74.2690200806, 74.7450332642, 75.2094345093, 75.673828125, 76.1382293701, 76.6026306152, 77.0670318604, 77.5314254761, 77.9958267212, 78.4602279663, 78.924621582, 79.3890228271, 79.8650360107, 80.3294296265, 80.8054428101, 81.2698364258, 81.7342376709, 82.198638916, 82.6630401611, 83.1274337769, 83.591835022, 84.0562362671, 84.5206298828, 84.9850311279, 85.449432373, 85.8906097412, 86.3666229248, 86.8310165405, 87.3070297241, 87.7714233398, 88.235824585, 88.7002258301, 89.1646270752, 89.6290206909, 90.093421936, 90.5578231812, 91.0222167969, 91.486618042, 91.9510192871, 92.4154205322, 92.8798141479, 93.3326034546, 93.8086166382, 94.2730178833, 94.737411499, 95.2018127441, 95.6662139893, 96.130607605, 96.5833969116, 97.0594100952, 97.5238113403, 97.9882049561, 98.4526062012, 98.9286117554, 99.3930130005, 99.8690261841, 100.345031738, 100.821044922, 101.285438538, 101.749839783, 102.214241028, 102.678634644, 103.143035889, 103.607437134, 104.071838379, 104.536231995, 105.00063324, 105.476638794, 105.952651978, 106.417053223, 106.893058777, 107.36907196, 107.833465576, 108.297866821, 108.762268066, 109.226661682, 109.691062927, 110.167076111, 110.643081665, 111.10748291, 111.571876526, 112.036277771, 112.500679016, 112.97668457, 113.441085815, 113.917098999, 114.381492615, 114.84589386, 115.310295105, 115.774688721, 116.250701904, 116.715103149, 117.179496765, 117.655509949, 118.131515503, 118.607528687, 119.083534241, 119.559547424, 120.02394104, 120.488342285, 120.95274353, 121.417137146, 121.881538391, 122.345939636, 122.810340881, 123.274734497, 123.739135742, 124.203536987, 124.667930603, 125.132331848, 125.596733093, 126.061134338, 126.525527954, 126.989929199, 127.465942383, 127.941947937, 128.42956543, 128.882354736, 129.335144043, 129.799545288, 130.263946533, 130.728347778, 131.192733765, 131.65713501, 132.121536255, 132.5859375, 133.050338745, 133.51473999, 133.979141235, 134.44354248, 134.907928467, 135.372329712, 135.836730957, 136.301132202, 136.765533447, 137.218322754, 137.671112061, 138.135513306, 138.599899292, 139.064300537, 139.528701782, 140.004714966, 140.480728149, 140.956726074, 141.409515381, 141.885528564, 142.361541748, 142.825942993, 143.290344238, 143.754730225, 144.21913147, 144.683532715, 145.14793396, 145.600723267, 146.065124512, 146.541137695, 147.005523682, 147.469924927, 147.934326172, 148.398727417, 148.863128662, 149.339141846, 149.791931152, 150.256317139, 150.720718384, 151.185119629, 151.649520874, 152.113922119, 152.578323364, 153.042724609, 153.507110596, 153.971511841, 154.435913086, 154.900314331, 155.364715576, 155.829116821, 156.293518066, 156.757904053, 157.222305298, 157.686706543, 158.151107788, 158.615509033, 159.079910278, 159.544311523, 160.00869751, 160.473098755, 160.949111938, 161.425125122, 161.889526367, 162.353912354, 162.818313599, 163.282714844, 163.747116089, 164.211517334, 164.675918579, 165.140319824, 165.604721069, 166.069107056, 166.533508301, 166.997909546, 167.462310791, 167.926712036, 168.391113281, 168.855514526, 169.308303833, 169.784301758, 170.248703003, 170.724716187, 171.189117432, 171.665115356, 172.129516602, 172.593917847, 173.058319092, 173.522720337, 173.987121582, 174.451522827, 174.915908813, 175.380310059, 175.856323242, 176.332336426, 176.796737671, 177.272735596, 177.737136841, 178.213150024, 178.67755127, 179.153549194, 179.617950439, 180.093963623, 180.558364868, 181.022766113, 181.498779297, 181.974777222, 182.439178467, 182.903579712, 183.367980957, 183.843994141, 184.308380127, 184.784393311, 185.248794556, 185.724807739, 186.200805664, 186.676818848, 187.152832031, 187.617233276, 188.081634521, 188.546035767, 189.010421753, 189.474822998, 189.927612305, 190.39201355, 190.844802856, 191.309204102, 191.773605347, 192.238006592, 192.702392578, 193.178405762, 193.654418945, 194.11882019, 194.583221436, 195.05921936, 195.535232544, 195.999633789, 196.464035034, 196.940048218, 197.404434204, 197.880447388, 198.344848633, 198.820861816, 199.285263062, 199.749649048, 200.214050293, 200.690063477, 201.154464722, 201.630477905, 202.09487915, 202.570877075, 203.03527832, 203.499679565, 203.964080811, 204.428482056, 204.90447998, 205.380493164, 205.856506348, 206.332519531, 206.796905518, 207.272918701, 207.760543823, 208.236557007, 208.712554932, 209.165344238, 209.618133545, 210.08253479, 210.535324097, 210.999725342, 211.464126587, 211.928527832, 212.381317139, 212.834106445, 213.298492432, 213.762893677, 214.23890686, 214.714920044, 215.179321289, 215.643707275, 216.108108521, 216.572509766, 217.036911011, 217.501312256, 217.965713501, 218.430114746, 218.894515991, 219.358901978, 219.823303223, 220.287704468, 220.763717651, 221.239730835, 221.692520142, 222.156906128, 222.609695435, 223.07409668, 223.538497925, 224.014511108, 224.490524292, 224.954910278, 225.4425354, 225.906936646, 226.371337891, 226.835739136, 227.300125122, 227.752914429, 228.205703735, 228.67010498, 229.134506226, 229.598907471, 230.063308716, 230.539321899, 231.015319824, 231.479721069, 231.944122314, 232.40852356, 232.872924805, 233.33732605, 233.801712036, 234.266113281, 234.730514526, 235.194915771, 235.659317017, 236.123718262, 236.588119507, 237.040908813, 237.49369812, 237.969696045, 238.43409729, 238.898498535, 239.36289978, 239.827301025, 240.291702271, 240.744491577, 241.208877563, 241.673278809, 242.137680054, 242.602081299, 243.066482544, 243.530883789, 244.006881714, 244.471282959, 244.947296143, 245.411697388, 245.876098633, 246.352111816, 246.828109741, 247.292510986, 247.756912231, 248.209701538, 248.662490845, 249.12689209, 249.591293335, 250.05569458, 250.520080566, 250.99609375, 251.460494995, 251.936508179, 252.400909424, 252.86529541, 253.329696655, 253.7940979, 254.258499146, 254.722900391, 255.187301636, 255.651702881, 256.116088867, 256.580505371, 257.044891357, 257.509277344, 257.973693848, 258.438079834, 258.902496338, 259.366882324, 259.831298828, 260.307312012, 260.771697998, 261.247711182, 261.700500488, 262.176513672, 262.640899658, 263.105316162, 263.569702148, 264.034088135, 264.498504639, 264.962890625, 265.427307129, 265.891693115, 266.356109619, 266.820495605, 267.284881592, 267.749298096, 268.213684082, 268.689697266, 269.165710449, 269.641723633, 270.117736816, 270.663391113, 271.209075928, 271.754730225, 272.300415039, 272.846069336, 273.39175415, 273.890960693, 274.390197754, 274.889434814, 275.365447998, 275.841461182, 276.329071045, 276.805084229, 277.269470215, 277.745483398, 278.221496582, 278.697509766, 279.173522949, 279.637908936, 280.102294922, 280.578308105, 281.054321289, 281.530334473],
    "bpm_histogram": [0, 0, 0, 0, 0, 0, 0, 0, 0, 0, 0, 0, 0, 0, 0, 0, 0, 0, 0, 0, 0, 0, 0, 0, 0, 0, 0, 0, 0, 0, 0, 0, 0, 0, 0, 0, 0, 0, 0, 0, 0, 0, 0, 0, 0, 0, 0, 0, 0, 0, 0, 0, 0, 0, 0, 0, 0, 0, 0, 0, 0, 0, 0, 0, 0, 0, 0, 0, 0, 0, 0, 0, 0, 0, 0, 0, 0, 0, 0, 0, 0, 0, 0, 0, 0, 0, 0, 0, 0, 0, 0, 0, 0, 0, 0, 0, 0, 0, 0, 0, 0, 0, 0, 0, 0, 0, 0, 0, 0, 0, 0.00998336076736, 0, 0, 0, 0, 0, 0, 0, 0, 0, 0.00499168038368, 0, 0, 0.00831946730614, 0, 0, 0.234608978033, 0, 0, 0.687188029289, 0, 0, 0, 0.0532445907593, 0, 0, 0.00166389346123, 0, 0, 0, 0, 0, 0, 0, 0, 0, 0, 0, 0, 0, 0, 0, 0, 0, 0, 0, 0, 0, 0, 0, 0, 0, 0, 0, 0, 0, 0, 0, 0, 0, 0, 0, 0, 0, 0, 0, 0, 0, 0, 0, 0, 0, 0, 0, 0, 0, 0, 0, 0, 0, 0, 0, 0, 0, 0, 0, 0, 0, 0, 0, 0, 0, 0, 0, 0, 0, 0, 0, 0, 0, 0, 0, 0, 0, 0, 0, 0, 0, 0, 0, 0, 0, 0, 0, 0, 0, 0, 0, 0, 0, 0, 0, 0, 0, 0, 0, 0, 0, 0, 0, 0, 0, 0, 0, 0, 0, 0, 0, 0, 0]
},
"tonal": {
    "chords_changes_rate": 0.0686193853617,
    "chords_number_rate": 0.00197465857491,
    "chords_strength": {
        "mean": 0.509329915047
    },
    "hpcp_crest": {
        "mean": 12.8586473465
    },
    "hpcp_entropy": {
        "mean": 2.17806196213
    },
    "key_edma": {
        "strength": 0.740005850792,
        "key": "Eb",
        "scale": "minor"
    },
    "key_krumhansl": {
        "strength": 0.759440422058,
        "key": "Eb",
        "scale": "minor"
    },
    "key_temperley": {
        "strength": 0.783175766468,
        "key": "Eb",
        "scale": "minor"
    },
    "tuning_diatonic_strength": 0.597259283066,
    "tuning_equal_tempered_deviation": 0.0256615057588,
    "tuning_frequency": 440.508636475,
    "tuning_nontempered_energy_ratio": 0.711068928242,
    "hpcp": {
        "mean": [0.0692158192396, 0.0753527209163, 0.160966739058, 0.245961919427, 0.165242493153, 0.102027751505, 0.125424861908, 0.102068535984, 0.0919180288911, 0.0985808968544, 0.0908593386412, 0.104727096856, 0.11722741276, 0.0887458696961, 0.0943517908454, 0.111195065081, 0.11817240715, 0.254799723625, 0.322105467319, 0.178218886256, 0.0724488794804, 0.0576615445316, 0.0678110644221, 0.110162332654, 0.141166523099, 0.113659545779, 0.102046854794, 0.112699717283, 0.0868539735675, 0.0843233540654, 0.0833936557174, 0.06368945539, 0.118283011019, 0.16849732399, 0.120108932257, 0.075224801898]
    },
    "chords_histogram": [21.1946678162, 0.674674987793, 6.40118455887, 1.72782623768, 4.13032770157, 19.6313972473, 1.18479514122, 17.9035701752, 0, 11.7163076401, 0.954418301582, 0.0658219531178, 0.37847623229, 0.0164554882795, 0.872140884399, 0.724041461945, 1.33289456367, 0.0493664629757, 0.246832311153, 1.31643903255, 0.148099392653, 0.477209150791, 2.96198773384, 5.89106464386],
    "thpcp": [1, 0.553293585777, 0.224922850728, 0.179014489055, 0.210524410009, 0.342007011175, 0.438261806965, 0.352864384651, 0.316811919212, 0.34988451004, 0.269644528627, 0.261788010597, 0.258901715279, 0.197728574276, 0.367218255997, 0.523112297058, 0.37288698554, 0.233540907502, 0.214885577559, 0.233938038349, 0.499733030796, 0.763606786728, 0.51300740242, 0.316752612591, 0.389390677214, 0.316879242659, 0.285366237164, 0.3060516119, 0.282079458237, 0.325132936239, 0.363941073418, 0.275518059731, 0.292922049761, 0.345213204622, 0.366874873638, 0.791044414043],
    "chords_key": "Eb",
    "chords_scale": "minor"
}
}