{
"metadata": {
    "version": {
        "essentia": "2.1-beta6-dev",
        "essentia_git_sha": "v2.1_beta5-1177-g1d1cc983",
        "extractor": "music 2.0"
    },
    "audio_properties": {
        "analysis": {
            "equal_loudness": 0,
            "length": 273.503112793,
            "sample_rate": 44100,
            "start_time": 0,
            "downmix": "mix"
        },
        "bit_rate": 1411200,
        "length": 273.503112793,
        "lossless": 1,
        "number_channels": 2,
        "replay_gain": -10.8677959442,
        "sample_rate": 44100,
        "codec": "pcm_s16le",
        "md5_encoded": "378f59605055cda93a47a51c9345196d"
    },
    "tags": {
        "file_name": "04 - I'd Rather Have.wav",
        "album": ["You Brainstorm, I Brainstorm, but Brilliance Needs a Good Editor"],
        "artist": ["Manchester Orchestra"],
        "date": ["2005"],
        "genre": ["Alternative Rock"],
        "title": ["I'd Rather Have"],
        "tracknumber": ["4"]
    }
},
"lowlevel": {
    "average_loudness": 0.594193279743,
    "barkbands_crest": {
        "mean": 10.3821582794
    },
    "barkbands_flatness_db": {
        "mean": 0.164169341326
    },
    "barkbands_kurtosis": {
        "mean": 9.06376075745
    },
    "barkbands_skewness": {
        "mean": 1.9750648737
    },
    "barkbands_spread": {
        "mean": 18.7608566284
    },
    "dissonance": {
        "mean": 0.456332683563
    },
    "dynamic_complexity": 3.36208844185,
    "erbbands_crest": {
        "mean": 8.55729961395
    },
    "erbbands_flatness_db": {
        "mean": 0.164846733212
    },
    "erbbands_kurtosis": {
        "mean": 0.815464675426
    },
    "erbbands_skewness": {
        "mean": 0.357129812241
    },
    "erbbands_spread": {
        "mean": 38.311756134
    },
    "hfc": {
        "mean": 13.8965530396
    },
    "loudness_ebu128": {
        "integrated": -12.8908424377,
        "loudness_range": 11.1066036224,
        "momentary": {
            "mean": -16.5655250549
        },
        "short_term": {
            "mean": -14.5260648727
        }
    },
    "melbands_crest": {
        "mean": 14.1870212555
    },
    "melbands_flatness_db": {
        "mean": 0.241310700774
    },
    "melbands_kurtosis": {
        "mean": 19.1310138702
    },
    "melbands_skewness": {
        "mean": 3.02575016022
    },
    "melbands_spread": {
        "mean": 20.0302410126
    },
    "pitch_salience": {
        "mean": 0.545212268829
    },
    "silence_rate_20dB": {
        "mean": 1
    },
    "silence_rate_30dB": {
        "mean": 0.999066233635
    },
    "silence_rate_60dB": {
        "mean": 0.102122239769
    },
    "spectral_centroid": {
        "mean": 1193.45556641
    },
    "spectral_complexity": {
        "mean": 16.6516132355
    },
    "spectral_decrease": {
        "mean": -5.52805445864e-09
    },
    "spectral_energy": {
        "mean": 0.0221245530993
    },
    "spectral_energyband_high": {
        "mean": 0.000364735344192
    },
    "spectral_energyband_low": {
        "mean": 0.00860303174704
    },
    "spectral_energyband_middle_high": {
        "mean": 0.00407165521756
    },
    "spectral_energyband_middle_low": {
        "mean": 0.0104833394289
    },
    "spectral_entropy": {
        "mean": 7.24051475525
    },
    "spectral_flux": {
        "mean": 0.0620735138655
    },
    "spectral_kurtosis": {
        "mean": 8.40932846069
    },
    "spectral_rms": {
        "mean": 0.00426481990144
    },
    "spectral_rolloff": {
        "mean": 1349.82299805
    },
    "spectral_skewness": {
        "mean": 1.84870827198
    },
    "spectral_spread": {
        "mean": 4285158.5
    },
    "spectral_strongpeak": {
        "mean": 0.61361771822
    },
    "zerocrossingrate": {
        "mean": 0.0527140237391
    },
    "barkbands": {
        "mean": [0.000210328071262, 0.00443180371076, 0.00263746688142, 0.00272837583907, 0.00383467623033, 0.00140411639586, 0.000925196451135, 0.000368044100469, 0.00110695452895, 0.000576681573875, 0.000313395750709, 0.000354511343176, 0.000472148298286, 0.000481191673316, 0.000256924104178, 0.000239966553636, 0.00067146186484, 0.000278667488601, 0.000361399172107, 0.000162880503922, 0.000106849620352, 7.69344624132e-05, 3.55223710358e-05, 3.76822208636e-05, 2.90049811156e-05, 1.7669159206e-05, 4.61552826891e-06]
    },
    "erbbands": {
        "mean": [0.103251844645, 1.07970678806, 3.09587478638, 6.43766117096, 11.7687835693, 12.8752164841, 9.6193113327, 12.2587280273, 13.7365121841, 9.30250644684, 11.5024900436, 23.6591415405, 21.5846214294, 14.0916872025, 11.3724422455, 15.5927209854, 24.0031147003, 23.9874839783, 16.2588310242, 13.6614761353, 15.5310468674, 40.3933906555, 18.7980880737, 17.0810203552, 15.4499034882, 8.19902896881, 4.27946949005, 4.12562561035, 2.71215224266, 2.00021362305, 0.879947960377, 0.798938035965, 0.588609397411, 0.293598890305, 0.2279445678, 0.115030452609, 0.0228623244911, 0.00467161322013, 0.000780934817158, 7.35250796424e-05]
    },
    "gfcc": {
        "mean": [-47.6499404907, 111.166625977, -107.607116699, 32.5148429871, -46.257144928, -0.0211322642863, -36.9445114136, -0.281841635704, -26.1007404327, -3.78422403336, -17.7398395538, -3.44739174843, -13.5565299988],
        "cov": [[23847.0625, -350.51940918, -2847.66894531, 1211.91906738, -718.369567871, 524.009155273, -216.337554932, 785.117919922, -242.921234131, 479.600769043, -81.9200286865, 315.867584229, -198.112503052], [-350.51940918, 1772.63500977, -182.699172974, -41.2898521423, 199.605804443, -162.670455933, 171.571838379, -162.209533691, 88.3700027466, -127.388237, 66.3756484985, -115.825920105, 52.3125419617], [-2847.66894531, -182.699172974, 1408.98095703, -133.470550537, 61.8051261902, 135.352157593, -52.3086624146, -34.7298774719, 20.2306976318, -64.609703064, -104.510360718, -48.396446228, 33.963684082], [1211.91906738, -41.2898521423, -133.470550537, 441.483703613, 23.6234798431, 49.8120269775, 63.5961685181, 89.0500030518, 71.1030197144, 89.4269866943, 42.6414451599, 29.8149280548, 38.1309394836], [-718.369567871, 199.605804443, 61.8051261902, 23.6234798431, 335.854217529, -12.5406322479, 137.710281372, 7.80020332336, 71.1733627319, 14.3271522522, 54.1121559143, 19.0774173737, 34.0433044434], [524.009155273, -162.670455933, 135.352157593, 49.8120269775, -12.5406322479, 239.05796814, 36.5214385986, 97.4071655273, 12.5608854294, 54.9949607849, 19.6021099091, 38.9634857178, 10.2789793015], [-216.337554932, 171.571838379, -52.3086624146, 63.5961685181, 137.710281372, 36.5214385986, 261.729003906, 46.5615921021, 83.8539123535, 32.9663314819, 58.5107460022, 29.8339729309, 42.3069915771], [785.117919922, -162.209533691, -34.7298774719, 89.0500030518, 7.80020332336, 97.4071655273, 46.5615921021, 212.448852539, 60.0533638, 81.9300079346, 34.6645050049, 50.7793312073, 18.0383758545], [-242.921234131, 88.3700027466, 20.2306976318, 71.1030197144, 71.1733627319, 12.5608854294, 83.8539123535, 60.0533638, 136.888885498, 45.4665412903, 39.6704902649, 6.82851219177, 30.7617931366], [479.600769043, -127.388237, -64.609703064, 89.4269866943, 14.3271522522, 54.9949607849, 32.9663314819, 81.9300079346, 45.4665412903, 137.912582397, 54.8282966614, 40.9509162903, 7.53470945358], [-81.9200286865, 66.3756484985, -104.510360718, 42.6414451599, 54.1121559143, 19.6021099091, 58.5107460022, 34.6645050049, 39.6704902649, 54.8282966614, 124.494979858, 42.9320869446, 19.2932853699], [315.867584229, -115.825920105, -48.396446228, 29.8149280548, 19.0774173737, 38.9634857178, 29.8339729309, 50.7793312073, 6.82851219177, 40.9509162903, 42.9320869446, 102.169570923, 26.7015476227], [-198.112503052, 52.3125419617, 33.963684082, 38.1309394836, 34.0433044434, 10.2789793015, 42.3069915771, 18.0383758545, 30.7617931366, 7.53470945358, 19.2932853699, 26.7015476227, 72.6680526733]],
        "icov": [[0.000113287227578, -0.000113056717964, 0.000212274491787, -0.00024539793958, 9.24094711081e-05, -0.000249581848038, 0.000126632279716, -0.000311286508804, 0.000273537036264, -0.000197406407096, 0.000491104263347, -0.000338138022926, 0.000313885248033], [-0.000113056717964, 0.00101171783172, -4.45373334514e-05, 0.000302704429487, -0.000342440849636, 0.000349957030267, -0.000470657134429, 0.000756034161896, -0.000732421758585, 0.00100688170642, -0.00122284912504, 0.00149921432603, -0.000997861847281], [0.000212274491787, -4.45373334514e-05, 0.00141073064879, -0.000134346613777, -0.000270037009614, -0.00139233074151, 0.000641256454401, -0.000177834968781, -0.000163007993251, -4.59150724055e-05, 0.00163013511337, -9.1661560873e-05, -0.000309167779051], [-0.00024539793958, 0.000302704429487, -0.000134346613777, 0.0034496341832, -0.000187083496712, 0.000212541868677, -0.000350160233211, 0.000390616391087, -0.00137081777211, -0.000854956393596, -0.000797313055955, 0.0011927037267, -0.00202740728855], [9.24094711081e-05, -0.000342440849636, -0.000270037009614, -0.000187083496712, 0.00439409306273, 0.000544422480743, -0.00170657678973, -8.58896746649e-05, -0.000538739142939, -0.000188210397027, -0.000549997552298, -0.000985262100585, 0.000357796874596], [-0.000249581848038, 0.000349957030267, -0.00139233074151, 0.000212541868677, 0.000544422480743, 0.00691974814981, -0.00151891668793, -0.00169539963827, 0.00093531771563, -0.000653852417599, -0.00169841002207, -4.68688704132e-05, -0.000181827970664], [0.000126632279716, -0.000470657134429, 0.000641256454401, -0.000350160233211, -0.00170657678973, -0.00151891668793, 0.00648465752602, -0.000414703390561, -0.00194980937522, 7.86273740232e-05, 0.000123394973343, -0.00101830321364, -0.000931322167162], [-0.000311286508804, 0.000756034161896, -0.000177834968781, 0.000390616391087, -8.58896746649e-05, -0.00169539963827, -0.000414703390561, 0.00910376291722, -0.00383851025254, -0.00136058602948, -0.00068221433321, -0.000763155636378, -0.00102555495687], [0.000273537036264, -0.000732421758585, -0.000163007993251, -0.00137081777211, -0.000538739142939, 0.00093531771563, -0.00194980937522, -0.00383851025254, 0.0134971151128, -0.0031610543374, -0.000291019532597, 0.00179736781865, -0.00169242627453], [-0.000197406407096, 0.00100688170642, -4.59150724055e-05, -0.000854956393596, -0.000188210397027, -0.000653852417599, 7.86273740232e-05, -0.00136058602948, -0.0031610543374, 0.0135328853503, -0.00481594260782, -0.000559077248909, 0.00109869404696], [0.000491104263347, -0.00122284912504, 0.00163013511337, -0.000797313055955, -0.000549997552298, -0.00169841002207, 0.000123394973343, -0.00068221433321, -0.000291019532597, -0.00481594260782, 0.0152609683573, -0.00559629825875, 0.001098185312], [-0.000338138022926, 0.00149921432603, -9.1661560873e-05, 0.0011927037267, -0.000985262100585, -4.68688704132e-05, -0.00101830321364, -0.000763155636378, 0.00179736781865, -0.000559077248909, -0.00559629825875, 0.0172783788294, -0.00689957011491], [0.000313885248033, -0.000997861847281, -0.000309167779051, -0.00202740728855, 0.000357796874596, -0.000181827970664, -0.000931322167162, -0.00102555495687, -0.00169242627453, 0.00109869404696, 0.001098185312, -0.00689957011491, 0.0200446713716]]
    },
    "melbands": {
        "mean": [0.00109719159082, 0.00157621654216, 0.0012634228915, 0.000961102370638, 0.000375026080292, 0.000280509644654, 0.0001949853322, 9.22455365071e-05, 0.000114138521894, 0.000147337806993, 0.000109456530481, 6.15413082414e-05, 4.40963558503e-05, 2.54332589975e-05, 6.52546877973e-05, 4.5219589083e-05, 4.35492474935e-05, 2.83071240119e-05, 1.6997104467e-05, 1.61633652169e-05, 1.6950245481e-05, 4.40768744738e-05, 2.4999728339e-05, 1.43661618495e-05, 1.33819539769e-05, 1.47318596646e-05, 7.74209456722e-06, 4.60175760963e-06, 2.48292849392e-06, 2.62148796537e-06, 2.234243766e-06, 1.46857155414e-06, 1.52000677645e-06, 9.44432258621e-07, 5.02299371874e-07, 4.41922367145e-07, 4.99851353197e-07, 4.51621531283e-07, 2.89545084797e-07, 2.31901054804e-07]
    },
    "melbands128": {
        "mean": [0.000170620667632, 0.000693672162015, 0.00147356756497, 0.00189513771329, 0.00170199922286, 0.0012100514723, 0.00128189427778, 0.00136481889058, 0.00109250179958, 0.00123153300956, 0.000631709583104, 0.000371238449588, 0.00022064789664, 0.00049192761071, 0.000321677071042, 0.000113585178042, 0.000239130225964, 0.000233091661357, 0.000108210464532, 0.000107042957097, 7.56701701903e-05, 7.47938684071e-05, 8.64535031724e-05, 0.000195063068531, 0.000183149371878, 0.000106117906398, 0.000136544651468, 8.11963691376e-05, 0.000138731309562, 6.0841011873e-05, 3.27029956679e-05, 5.54105135961e-05, 6.12126168562e-05, 1.94687963813e-05, 2.35837887885e-05, 1.673326733e-05, 4.18596318923e-05, 7.90401900304e-05, 7.97249376774e-05, 4.12841836805e-05, 2.14741994569e-05, 7.61473493185e-05, 4.29372084909e-05, 2.60792148765e-05, 4.22042467108e-05, 2.80167987512e-05, 1.59080500453e-05, 1.46039865285e-05, 1.57199301611e-05, 2.57572464761e-05, 1.28905794554e-05, 1.05236767922e-05, 1.82693565876e-05, 2.10297857848e-05, 1.35312866405e-05, 6.60602017888e-05, 4.46884369012e-05, 3.55756528734e-05, 1.52005704877e-05, 9.06955847313e-06, 1.85853641597e-05, 1.43266024679e-05, 8.21019239083e-06, 1.2267261809e-05, 2.38788652496e-05, 1.491254352e-05, 9.25770109461e-06, 1.01761715996e-05, 5.65267055208e-06, 7.41770554669e-06, 5.97341431785e-06, 2.25412827604e-06, 2.34533831645e-06, 2.637601483e-06, 2.41888665187e-06, 2.62328921963e-06, 2.54730593952e-06, 3.13435543831e-06, 1.92436141333e-06, 1.85471469649e-06, 1.35928485179e-06, 1.33677690428e-06, 1.56898670411e-06, 1.69369786818e-06, 1.3822392475e-06, 9.66446350503e-07, 9.00718134744e-07, 6.42693919417e-07, 4.77007063182e-07, 3.82105213248e-07, 4.04564985956e-07, 4.5048722086e-07, 5.22880611697e-07, 5.07212519096e-07, 4.93276957059e-07, 4.63490778202e-07, 4.83905182591e-07, 3.65682069514e-07, 3.0575804999e-07, 2.30776947774e-07, 2.27107008755e-07, 2.35885906363e-07, 2.33301705066e-07, 2.38447370293e-07, 2.51992616995e-07, 2.82912964167e-07, 2.89514076712e-07, 2.60196088675e-07, 2.08430748216e-07, 1.50331146642e-07, 1.04154572966e-07, 7.1702487503e-08, 6.01010228252e-08, 5.59238806375e-08, 4.31435829285e-08, 3.63101335665e-08, 3.27588551841e-08, 3.03414040559e-08, 2.70234732369e-08, 2.59492072274e-08, 2.06572288164e-08, 1.99617886665e-08, 1.50313805847e-08, 1.24164811766e-08, 1.01929602536e-08, 7.41587014019e-09, 3.82938925014e-09, 6.45767439522e-10]
    },
    "mfcc": {
        "mean": [-689.326171875, 142.120117188, -1.1627420187, 34.584148407, 6.7174077034, 4.7539768219, -2.33742547035, 1.54699838161, -6.10686922073, -2.74738430977, -1.76745522022, -3.30156588554, -8.19574260712],
        "cov": [[14424.5996094, -847.339355469, -1805.21691895, 667.124145508, -437.211761475, 96.9027099609, 223.996109009, 321.665710449, 192.862808228, 217.984298706, 382.869293213, 378.360839844, 154.788726807], [-847.339355469, 1515.22827148, -27.3373699188, 46.8898048401, 73.6578369141, 45.0166244507, 27.174282074, 39.5322418213, -28.3313674927, 20.0663986206, -26.1501407623, -34.6352043152, -19.6256084442], [-1805.21691895, -27.3373699188, 1105.24462891, -134.424789429, 181.141372681, 52.9234924316, -29.2352485657, -19.1493778229, 58.2246208191, 17.1396064758, -101.129188538, -71.4281768799, -32.7308540344], [667.124145508, 46.8898048401, -134.424789429, 369.471679688, 26.2027759552, 50.7439842224, 26.7385025024, 26.5943222046, 63.6439743042, 41.4471931458, 55.1970672607, 55.2712020874, 42.3633422852], [-437.211761475, 73.6578369141, 181.141372681, 26.2027759552, 211.622909546, 25.1119213104, 8.07252407074, 5.41460609436, 20.9072284698, 17.893075943, 0.194921076298, -3.84004712105, 0.151273563504], [96.9027099609, 45.0166244507, 52.9234924316, 50.7439842224, 25.1119213104, 150.211532593, 58.8117904663, 30.7636451721, 32.0454216003, 23.6477584839, 27.116399765, 14.3563652039, 6.5702085495], [223.996109009, 27.174282074, -29.2352485657, 26.7385025024, 8.07252407074, 58.8117904663, 138.601669312, 62.1806335449, 33.9032821655, 15.7448673248, 36.3392066956, 37.7301864624, 20.5062046051], [321.665710449, 39.5322418213, -19.1493778229, 26.5943222046, 5.41460609436, 30.7636451721, 62.1806335449, 128.242370605, 57.9948005676, 31.6418018341, 30.9898223877, 33.0278205872, 28.971282959], [192.862808228, -28.3313674927, 58.2246208191, 63.6439743042, 20.9072284698, 32.0454216003, 33.9032821655, 57.9948005676, 139.352706909, 52.0987930298, 25.4373893738, 28.4139003754, 9.13184642792], [217.984298706, 20.0663986206, 17.1396064758, 41.4471931458, 17.893075943, 23.6477584839, 15.7448673248, 31.6418018341, 52.0987930298, 137.573638916, 49.6065292358, 17.0791110992, 21.4703998566], [382.869293213, -26.1501407623, -101.129188538, 55.1970672607, 0.194921076298, 27.116399765, 36.3392066956, 30.9898223877, 25.4373893738, 49.6065292358, 110.830314636, 55.9663581848, 23.7057266235], [378.360839844, -34.6352043152, -71.4281768799, 55.2712020874, -3.84004712105, 14.3563652039, 37.7301864624, 33.0278205872, 28.4139003754, 17.0791110992, 55.9663581848, 118.116973877, 51.1501922607], [154.788726807, -19.6256084442, -32.7308540344, 42.3633422852, 0.151273563504, 6.5702085495, 20.5062046051, 28.971282959, 9.13184642792, 21.4703998566, 23.7057266235, 51.1501922607, 97.751701355]],
        "icov": [[0.000109412125312, 6.82757672621e-05, 0.000141796655953, -0.000117800227599, 0.000113928457722, -5.3793846746e-05, 7.80393929745e-06, -0.000202270122827, 6.25146822131e-06, -0.000127105828142, 5.09318806508e-06, -0.00015830907796, 0.000109672284452], [6.82757672621e-05, 0.000763466174249, 0.000170784725924, -0.000203200106625, -0.000217507244088, -0.00022124107636, -6.37882112642e-05, -0.000526864954736, 0.000432614877354, -0.000344893167494, 0.000408162595704, 1.10552100523e-05, 0.000305723602651], [0.000141796655953, 0.000170784725924, 0.00156273064204, 0.000453353888588, -0.000958803750109, -0.000776406319346, 0.000292900018394, 3.41374720847e-06, -0.000804725394119, -0.000512338185217, 0.00128046330065, -5.65799782635e-05, 3.45433763869e-05], [-0.000117800227599, -0.000203200106625, 0.000453353888588, 0.00374983204529, -0.000788743665908, -0.00100382382516, 0.000462956115371, 0.000930292706471, -0.00173501775134, 9.87790481304e-05, -0.000487130513648, -0.000317894096952, -0.00120683235582], [0.000113928457722, -0.000217507244088, -0.000958803750109, -0.000788743665908, 0.00600435491651, -0.000129135965835, -0.000247911113547, -9.1791516752e-05, 7.11669963493e-06, -0.000265840062639, -0.000704856822267, 2.56772364082e-06, 0.000102622165286], [-5.3793846746e-05, -0.00022124107636, -0.000776406319346, -0.00100382382516, -0.000129135965835, 0.00899550598115, -0.00346068805084, 6.92274552421e-05, -0.000273049488897, -0.000141510521644, -0.00147832278162, 0.000731617910787, 0.000349137466401], [7.80393929745e-06, -6.37882112642e-05, 0.000292900018394, 0.000462956115371, -0.000247911113547, -0.00346068805084, 0.0112014757469, -0.00396649073809, -0.000379914388759, 0.000872668577358, -0.00121959671378, -0.00154392945115, -0.000121525707073], [-0.000202270122827, -0.000526864954736, 3.41374720847e-06, 0.000930292706471, -9.1791516752e-05, 6.92274552421e-05, -0.00396649073809, 0.0129038831219, -0.00437824986875, -8.40260836412e-05, -0.000737619004212, 0.000308877060888, -0.002739620395], [6.25146822131e-06, 0.000432614877354, -0.000804725394119, -0.00173501775134, 7.11669963493e-06, -0.000273049488897, -0.000379914388759, -0.00437824986875, 0.0116461487487, -0.00320771010593, 0.000875514524523, -0.00197846745141, 0.00239459518343], [-0.000127105828142, -0.000344893167494, -0.000512338185217, 9.87790481304e-05, -0.000265840062639, -0.000141510521644, 0.000872668577358, -8.40260836412e-05, -0.00320771010593, 0.0106539856642, -0.00511557143182, 0.00233317282982, -0.00225127325393], [5.09318806508e-06, 0.000408162595704, 0.00128046330065, -0.000487130513648, -0.000704856822267, -0.00147832278162, -0.00121959671378, -0.000737619004212, 0.000875514524523, -0.00511557143182, 0.0162632782012, -0.00597340567037, 0.00151213852223], [-0.00015830907796, 1.10552100523e-05, -5.65799782635e-05, -0.000317894096952, 2.56772364082e-06, 0.000731617910787, -0.00154392945115, 0.000308877060888, -0.00197846745141, 0.00233317282982, -0.00597340567037, 0.0150662008673, -0.00620778324082], [0.000109672284452, 0.000305723602651, 3.45433763869e-05, -0.00120683235582, 0.000102622165286, 0.000349137466401, -0.000121525707073, -0.002739620395, 0.00239459518343, -0.00225127325393, 0.00151213852223, -0.00620778324082, 0.0146185141057]]
    },
    "spectral_contrast_coeffs": {
        "mean": [-0.684021949768, -0.739799380302, -0.742346644402, -0.780536174774, -0.780267000198, -0.759000480175]
    },
    "spectral_contrast_valleys": {
        "mean": [-6.84199380875, -7.25558900833, -8.25995445251, -8.27706623077, -8.23344230652, -11.2044343948]
    }
},
"rhythm": {
    "beats_count": 566,
    "beats_loudness": {
        "mean": 0.0241157393903
    },
    "bpm": 123.990638733,
    "bpm_histogram_first_peak_bpm": 123,
    "bpm_histogram_first_peak_weight": 0.37222224474,
    "bpm_histogram_second_peak_bpm": 129,
    "bpm_histogram_second_peak_spread": 0,
    "bpm_histogram_second_peak_weight": 0.0123893804848,
    "danceability": 1.06469666958,
    "onset_rate": 3.45496439934,
    "beats_loudness_band_ratio": {
        "mean": [0.478901416063, 0.256430149078, 0.12324668467, 0.0834914967418, 0.0747821629047, 0.0459222570062]
    },
    "beats_position": [0.510838985443, 1.01006805897, 1.49768710136, 1.98530614376, 2.46131515503, 2.93732428551, 3.41333317757, 3.90095233917, 4.38857126236, 4.87619018555, 5.36380958557, 5.83981847763, 6.31582736969, 6.80344676971, 7.2910656929, 7.77868461609, 8.26630401611, 8.74231243134, 9.22993183136, 9.70594120026, 10.1819496155, 10.6579589844, 11.1455783844, 11.6331968307, 12.1208162308, 12.6084346771, 13.0960540771, 13.572063446, 14.0480718613, 14.5356912613, 15.0233106613, 15.4993190765, 15.9753284454, 16.4513378143, 16.9273471832, 17.4149665833, 17.9025840759, 18.390203476, 18.877822876, 19.365442276, 19.853061676, 20.3406791687, 20.8282985687, 21.3159179688, 21.8035373688, 22.2911567688, 22.7787742615, 23.2431735992, 23.7307929993, 24.2184123993, 24.7060317993, 25.1820411682, 25.6580486298, 26.1456680298, 26.6332874298, 27.1209068298, 27.6085262299, 28.1077537537, 28.5837631226, 29.0597724915, 29.5473918915, 30.0234012604, 30.5110206604, 30.9870281219, 31.4630374908, 31.9506568909, 32.4382743835, 32.9375038147, 33.4251251221, 33.9243545532, 34.4003639221, 34.8763694763, 35.3639907837, 35.8516082764, 36.3392295837, 36.8152389526, 37.2912483215, 37.7672538757, 38.2432632446, 38.730884552, 39.2185020447, 39.7061233521, 40.1937408447, 40.6813583374, 41.1689796448, 41.6565971375, 42.1326065063, 42.6202278137, 43.0962333679, 43.5838546753, 44.071472168, 44.5474815369, 45.0234909058, 45.5111083984, 45.9987297058, 46.4863471985, 46.9739685059, 47.4615859985, 47.9375953674, 48.4252128601, 48.901222229, 49.3888435364, 49.8648529053, 50.3408622742, 50.8284797668, 51.3160972595, 51.8037185669, 52.2913360596, 52.7789573669, 53.2665748596, 53.7541923523, 54.2418136597, 54.7294311523, 55.2054405212, 55.6814498901, 56.1690673828, 56.6566886902, 57.1443061829, 57.6203155518, 58.0963249207, 58.583946228, 59.0715637207, 59.5475730896, 60.0351905823, 60.5111999512, 60.9988212585, 61.4864387512, 61.9740562439, 62.4500656128, 62.9260749817, 63.4136962891, 63.9013137817, 64.3889312744, 64.8765487671, 65.3525619507, 65.8401794434, 66.316192627, 66.8038101196, 67.2914276123, 67.779045105, 68.2666625977, 68.7542877197, 69.2419052124, 69.7179107666, 70.1939239502, 70.6699295044, 71.1575469971, 71.6335601807, 72.1211776733, 72.608795166, 73.0964126587, 73.5840377808, 74.0716552734, 74.5476608276, 75.0236740112, 75.4996795654, 75.975692749, 76.4633102417, 76.9509277344, 77.4385452271, 77.9145584106, 78.4021759033, 78.9014053345, 79.3774108887, 79.8534240723, 80.3294296265, 80.8170471191, 81.3046722412, 81.7806777954, 82.2682952881, 82.7559204102, 83.2435379028, 83.7311553955, 84.2071609497, 84.6831741333, 85.170791626, 85.6584091187, 86.1576385498, 86.6452560425, 87.1212692261, 87.6088867188, 88.0848999023, 88.5609054565, 89.0485229492, 89.5361404419, 90.023765564, 90.5113830566, 91.0106124878, 91.4982299805, 91.9742355347, 92.4502487183, 92.9378662109, 93.4138793945, 93.9014968872, 94.3891143799, 94.8651199341, 95.3411331177, 95.8287506104, 96.316368103, 96.8039855957, 97.2916107178, 97.7792282104, 98.2668457031, 98.7544631958, 99.2420806885, 99.7297058105, 100.217323303, 100.704940796, 101.180953979, 101.656959534, 102.144577026, 102.632194519, 103.119819641, 103.607437134, 104.095054626, 104.571060181, 105.047073364, 105.534690857, 106.02230835, 106.509933472, 106.985939026, 107.46194458, 107.949569702, 108.437187195, 108.924804688, 109.41242218, 109.888435364, 110.364440918, 110.840454102, 111.328071594, 111.804077148, 112.291702271, 112.779319763, 113.266937256, 113.74294281, 114.230567932, 114.706573486, 115.194190979, 115.681808472, 116.169433594, 116.645439148, 117.133056641, 117.609069824, 118.096687317, 118.58430481, 119.071922302, 119.547935486, 120.035552979, 120.511566162, 120.999183655, 121.486801147, 121.97441864, 122.462036133, 122.949661255, 123.425666809, 123.913284302, 124.400901794, 124.888526917, 125.364532471, 125.852149963, 126.339767456, 126.827392578, 127.303398132, 127.779411316, 128.267028809, 128.743041992, 129.219039917, 129.706665039, 130.194290161, 130.681900024, 131.157913208, 131.633926392, 132.121536255, 132.609161377, 133.09677124, 133.584396362, 134.060409546, 134.536407471, 135.024032593, 135.511657715, 135.999267578, 136.4868927, 136.974502563, 137.462127686, 137.938140869, 138.414154053, 138.901763916, 139.389389038, 139.876998901, 140.364624023, 140.840637207, 141.32824707, 141.804260254, 142.291885376, 142.767883301, 143.255508423, 143.731521606, 144.21913147, 144.706756592, 145.194366455, 145.670379639, 146.158004761, 146.645614624, 147.121627808, 147.60925293, 148.096862793, 148.572875977, 149.04888916, 149.524902344, 150.012512207, 150.500137329, 150.987747192, 151.475372314, 151.962997437, 152.4506073, 152.938232422, 153.414230347, 153.901855469, 154.389480591, 154.877090454, 155.364715576, 155.852325439, 156.328338623, 156.804351807, 157.28036499, 157.756362915, 158.243988037, 158.731613159, 159.219223022, 159.706848145, 160.194458008, 160.68208313, 161.158096313, 161.634094238, 162.12171936, 162.609344482, 163.096954346, 163.584579468, 164.060592651, 164.548202515, 165.024215698, 165.51184082, 165.999450684, 166.498687744, 166.986297607, 167.485534668, 167.961532593, 168.437545776, 168.91355896, 169.389572144, 169.772689819, 170.144210815, 170.52734375, 170.898864746, 171.281997681, 171.665115356, 172.048248291, 172.431381226, 172.802902222, 173.174423218, 173.545944214, 174.033554077, 174.509567261, 174.985580444, 175.473190308, 175.949203491, 176.436828613, 176.924438477, 177.412063599, 177.888076782, 178.375686646, 178.863311768, 179.350921631, 179.826934814, 180.302947998, 180.790557861, 181.278182983, 181.754196167, 182.230194092, 182.717819214, 183.205444336, 183.693054199, 184.180679321, 184.656692505, 185.13269043, 185.620315552, 186.107940674, 186.595550537, 187.071563721, 187.547576904, 188.023574829, 188.511199951, 188.987213135, 189.46321106, 189.939224243, 190.426849365, 190.914459229, 191.402084351, 191.889694214, 192.377319336, 192.864944458, 193.352554321, 193.840179443, 194.316192627, 194.792190552, 195.279815674, 195.767440796, 196.243438721, 196.731063843, 197.207077026, 197.69468689, 198.182312012, 198.658325195, 199.13432312, 199.621948242, 200.109558105, 200.597183228, 201.08480835, 201.560806274, 202.048431396, 202.536056519, 203.023666382, 203.499679565, 203.987304688, 204.474914551, 204.962539673, 205.438537598, 205.914550781, 206.402175903, 206.889785767, 207.377410889, 207.865036011, 208.352645874, 208.828659058, 209.304672241, 209.792282104, 210.268295288, 210.75592041, 211.243530273, 211.731155396, 212.218765259, 212.694778442, 213.170791626, 213.64680481, 214.134414673, 214.622039795, 215.109649658, 215.59727478, 216.084899902, 216.572509766, 217.060134888, 217.547744751, 218.023757935, 218.511383057, 218.99899292, 219.475006104, 219.951019287, 220.427032471, 220.914642334, 221.402267456, 221.889877319, 222.377502441, 222.853515625, 223.341125488, 223.817138672, 224.304763794, 224.792373657, 225.279998779, 225.767608643, 226.243621826, 226.71963501, 227.207244873, 227.694869995, 228.182495117, 228.67010498, 229.146118164, 229.622131348, 230.109741211, 230.597366333, 231.073379517, 231.549377441, 232.037002563, 232.524627686, 233.012237549, 233.499862671, 233.987472534, 234.475097656, 234.962722778, 235.450332642, 235.937957764, 236.425567627, 236.901580811, 237.377593994, 237.865203857, 238.341217041, 238.817230225, 239.304855347, 239.79246521, 240.280090332, 240.767700195, 241.255325317, 241.731338501, 242.207336426, 242.694961548, 243.18258667, 243.670196533, 244.157821655, 244.633834839, 245.109832764, 245.597457886, 246.085067749, 246.572692871, 247.037094116, 247.524719238, 248.012329102, 248.499954224, 248.987564087, 249.475189209, 249.962814331, 250.450424194, 250.938049316, 251.414047241, 251.890060425, 252.377685547, 252.86529541, 253.341308594, 253.817321777, 254.304931641, 254.792556763, 255.280181885, 255.767791748, 256.255401611, 256.743041992, 257.219055176, 257.695037842, 258.182678223, 258.670288086, 259.157897949, 259.64553833, 260.144744873, 260.643981934, 261.143218994, 261.665649414, 262.188110352, 262.710571289, 263.186584473, 263.650970459, 264.126983643, 264.591369629, 265.055786133, 265.520172119, 265.984588623, 266.460571289, 266.936584473, 267.412597656, 267.911834717, 268.422668457, 268.921905518, 269.397918701, 269.873931885, 270.349914551, 270.860778809, 271.371612549, 271.882446289, 272.38168335, 272.880889893],
    "bpm_histogram": [0, 0, 0, 0, 0, 0, 0, 0, 0, 0, 0, 0, 0, 0, 0, 0, 0, 0, 0, 0, 0, 0, 0, 0, 0, 0, 0, 0, 0, 0, 0, 0, 0, 0, 0, 0, 0, 0, 0, 0, 0, 0, 0, 0, 0, 0, 0, 0, 0, 0, 0, 0, 0, 0, 0, 0, 0, 0, 0, 0, 0, 0, 0, 0, 0, 0, 0, 0, 0, 0, 0, 0, 0, 0, 0, 0, 0, 0, 0, 0, 0, 0, 0, 0, 0, 0, 0, 0, 0, 0, 0, 0, 0, 0, 0, 0, 0, 0, 0, 0, 0, 0, 0, 0, 0, 0, 0, 0, 0, 0, 0, 0, 0, 0, 0, 0.00530973449349, 0, 0.00707964599133, 0, 0, 0.0283185839653, 0, 0, 0.600000023842, 0, 0, 0.327433615923, 0, 0, 0.0123893804848, 0, 0, 0, 0, 0, 0, 0, 0, 0, 0, 0, 0, 0, 0, 0, 0, 0, 0, 0, 0, 0, 0, 0, 0, 0, 0, 0, 0.010619468987, 0, 0, 0, 0.00884955748916, 0, 0, 0, 0, 0, 0, 0, 0, 0, 0, 0, 0, 0, 0, 0, 0, 0, 0, 0, 0, 0, 0, 0, 0, 0, 0, 0, 0, 0, 0, 0, 0, 0, 0, 0, 0, 0, 0, 0, 0, 0, 0, 0, 0, 0, 0, 0, 0, 0, 0, 0, 0, 0, 0, 0, 0, 0, 0, 0, 0, 0, 0, 0, 0, 0, 0, 0, 0, 0, 0, 0, 0, 0, 0, 0, 0, 0, 0, 0, 0, 0, 0, 0, 0, 0, 0, 0, 0]
},
"tonal": {
    "chords_changes_rate": 0.0415888652205,
    "chords_number_rate": 0.00169750466011,
    "chords_strength": {
        "mean": 0.513776421547
    },
    "hpcp_crest": {
        "mean": 14.3080158234
    },
    "hpcp_entropy": {
        "mean": 1.85890638828
    },
    "key_edma": {
        "strength": 0.83883368969,
        "key": "A",
        "scale": "major"
    },
    "key_krumhansl": {
        "strength": 0.834686040878,
        "key": "A",
        "scale": "major"
    },
    "key_temperley": {
        "strength": 0.830376505852,
        "key": "A",
        "scale": "major"
    },
    "tuning_diatonic_strength": 0.620857775211,
    "tuning_equal_tempered_deviation": 0.0260511245579,
    "tuning_frequency": 440.508636475,
    "tuning_nontempered_energy_ratio": 0.665230512619,
    "hpcp": {
        "mean": [0.30477425456, 0.117642961442, 0.0412895828485, 0.0411434285343, 0.0387232527137, 0.109086483717, 0.186429977417, 0.116175122559, 0.0661174729466, 0.0738907530904, 0.046623788774, 0.0889157056808, 0.126672193408, 0.0715150758624, 0.0328941754997, 0.0376631133258, 0.0484362915158, 0.0968605875969, 0.133278697729, 0.123932242393, 0.295913636684, 0.475735962391, 0.280268281698, 0.0672179237008, 0.0427251569927, 0.0402475818992, 0.10343901068, 0.169419229031, 0.115688510239, 0.0470139794052, 0.0388433262706, 0.0473024100065, 0.156078875065, 0.227474182844, 0.15746897459, 0.264429628849]
    },
    "chords_histogram": [19.4703788757, 12.5445594788, 29.943983078, 1.69750463963, 2.4274315834, 0, 2.41045665741, 0, 0.59412664175, 0.0679001882672, 3.5987098217, 0.220675602555, 0.645051777363, 0, 0, 0, 0, 14.4457645416, 2.91970801353, 0.441351205111, 0, 0.492276340723, 0.763877093792, 7.31624507904],
    "thpcp": [1, 0.589125692844, 0.141292497516, 0.0898085534573, 0.0846006721258, 0.217429459095, 0.356120288372, 0.243177980185, 0.0988236814737, 0.0816489160061, 0.0994299650192, 0.328078776598, 0.478152155876, 0.331000775099, 0.555832743645, 0.640637397766, 0.247286245227, 0.0867909640074, 0.086483746767, 0.0813965201378, 0.229300484061, 0.391876995564, 0.244200840592, 0.13897934556, 0.155318826437, 0.0980034992099, 0.186901375651, 0.266265749931, 0.150325134397, 0.0691437646747, 0.0791681036353, 0.101813390851, 0.203601568937, 0.28015267849, 0.260506361723, 0.622012317181],
    "chords_key": "E",
    "chords_scale": "major"
}
}