{
"metadata": {
    "version": {
        "essentia": "2.1-beta6-dev",
        "essentia_git_sha": "v2.1_beta5-1177-g1d1cc983",
        "extractor": "music 2.0"
    },
    "audio_properties": {
        "analysis": {
            "equal_loudness": 0,
            "length": 234.933334351,
            "sample_rate": 44100,
            "start_time": 0,
            "downmix": "mix"
        },
        "bit_rate": 1411200,
        "length": 234.933334351,
        "lossless": 1,
        "number_channels": 2,
        "replay_gain": -13.3379173279,
        "sample_rate": 44100,
        "codec": "pcm_s16le",
        "md5_encoded": "e06a015271539723b8943d7cbfe019c4"
    },
    "tags": {
        "file_name": "09 - Manchester Orchestra - The Mistake.wav",
        "album": ["A Black Mile To The Surface"],
        "albumartist": ["Manchester Orchestra"],
        "artist": ["Manchester Orchestra"],
        "composer": ["Andy Hull"],
        "copyright": ["℗ 2017 Loma Vista Recordings."],
        "date": ["2017"],
        "discnumber": ["1"],
        "disctotal": ["1"],
        "genre": ["Alternative & Indie"],
        "isrc": ["USC4R1702137"],
        "title": ["The Mistake"],
        "tracknumber": ["9"],
        "tracktotal": ["11"]
    }
},
"lowlevel": {
    "average_loudness": 0.637408614159,
    "barkbands_crest": {
        "mean": 10.8267374039
    },
    "barkbands_flatness_db": {
        "mean": 0.183735534549
    },
    "barkbands_kurtosis": {
        "mean": 4.58254241943
    },
    "barkbands_skewness": {
        "mean": 1.58153426647
    },
    "barkbands_spread": {
        "mean": 17.4976024628
    },
    "dissonance": {
        "mean": 0.43874630332
    },
    "dynamic_complexity": 5.1442527771,
    "erbbands_crest": {
        "mean": 9.58388710022
    },
    "erbbands_flatness_db": {
        "mean": 0.195851907134
    },
    "erbbands_kurtosis": {
        "mean": 0.294107168913
    },
    "erbbands_skewness": {
        "mean": 0.142148464918
    },
    "erbbands_spread": {
        "mean": 31.5958099365
    },
    "hfc": {
        "mean": 15.1950445175
    },
    "loudness_ebu128": {
        "integrated": -9.73442745209,
        "loudness_range": 10.0898180008,
        "momentary": {
            "mean": -13.2285814285
        },
        "short_term": {
            "mean": -12.3353233337
        }
    },
    "melbands_crest": {
        "mean": 15.0371999741
    },
    "melbands_flatness_db": {
        "mean": 0.270484566689
    },
    "melbands_kurtosis": {
        "mean": 12.394288063
    },
    "melbands_skewness": {
        "mean": 2.56881594658
    },
    "melbands_spread": {
        "mean": 17.8963451385
    },
    "pitch_salience": {
        "mean": 0.505188167095
    },
    "silence_rate_20dB": {
        "mean": 1
    },
    "silence_rate_30dB": {
        "mean": 0.982606947422
    },
    "silence_rate_60dB": {
        "mean": 0.157821923494
    },
    "spectral_centroid": {
        "mean": 1101.82275391
    },
    "spectral_complexity": {
        "mean": 17.0250015259
    },
    "spectral_decrease": {
        "mean": -7.09216463335e-09
    },
    "spectral_energy": {
        "mean": 0.0281456727535
    },
    "spectral_energyband_high": {
        "mean": 0.000359980767826
    },
    "spectral_energyband_low": {
        "mean": 0.0146812880412
    },
    "spectral_energyband_middle_high": {
        "mean": 0.00477520190179
    },
    "spectral_energyband_middle_low": {
        "mean": 0.00973108131438
    },
    "spectral_entropy": {
        "mean": 7.0732254982
    },
    "spectral_flux": {
        "mean": 0.0623507797718
    },
    "spectral_kurtosis": {
        "mean": 17.1837100983
    },
    "spectral_rms": {
        "mean": 0.00457564601675
    },
    "spectral_rolloff": {
        "mean": 1034.89831543
    },
    "spectral_skewness": {
        "mean": 2.45060229301
    },
    "spectral_spread": {
        "mean": 3242937
    },
    "spectral_strongpeak": {
        "mean": 0.572431027889
    },
    "zerocrossingrate": {
        "mean": 0.0407970845699
    },
    "barkbands": {
        "mean": [0.000271023251116, 0.00963283888996, 0.00358514860272, 0.0019193898188, 0.00229454878718, 0.00230627530254, 0.000915319833439, 0.000951011141296, 0.000924260006286, 0.000907686830033, 0.000707825121935, 0.000414620124502, 0.000426870479714, 0.000282947730739, 0.000425951438956, 0.000500427966472, 0.000545014452655, 0.000427879713243, 0.00026223322493, 0.00013888849935, 0.000111073371954, 8.66803602548e-05, 3.41803824995e-05, 3.63594735973e-05, 2.43350932578e-05, 8.30390126794e-06, 4.09586891692e-06]
    },
    "erbbands": {
        "mean": [0.238189280033, 2.25413489342, 4.40833091736, 5.99713087082, 5.74960184097, 7.54760789871, 14.8235359192, 19.5779838562, 12.9723262787, 20.8046607971, 17.590379715, 23.9017505646, 26.6156425476, 24.8471775055, 28.4525737762, 20.1902351379, 21.0818481445, 14.7721099854, 21.0985450745, 23.7444782257, 29.1330108643, 27.7868766785, 27.3054504395, 12.8897924423, 13.3150691986, 6.80429506302, 4.79069519043, 3.8937163353, 3.09946537018, 2.03725624084, 0.988926768303, 0.861651539803, 0.527434587479, 0.376195222139, 0.108423516154, 0.0368772298098, 0.0152264526114, 0.00448588840663, 0.000632024661172, 7.26221915102e-05]
    },
    "gfcc": {
        "mean": [-65.4302062988, 133.779266357, -113.778991699, 17.5997219086, -40.8058891296, 0.731823265553, -28.529214859, 10.0197753906, -14.0309638977, -3.22393035889, -8.82744693756, 0.733351707458, -3.53315806389],
        "cov": [[22715.9941406, -4789.22998047, -928.04486084, 3954.68945312, -199.997390747, 1082.12719727, -974.350097656, 238.166885376, -396.235778809, 161.113113403, -770.706298828, 131.695510864, -476.897918701], [-4789.22998047, 2978.21191406, 35.2140045166, -1011.56030273, 650.856994629, -372.747467041, 468.541351318, -76.9605102539, 151.091995239, -214.52885437, 262.161895752, -176.11958313, 169.86428833], [-928.04486084, 35.2140045166, 745.86126709, -73.7674865723, -59.048084259, 80.4886856079, 75.7868118286, 28.7785720825, 40.9047241211, 107.302978516, 30.7328872681, 40.6529388428, 35.7441177368], [3954.68945312, -1011.56030273, -73.7674865723, 1171.1607666, 36.5625114441, 145.808792114, -153.837936401, 64.8057479858, -60.3944282532, 15.6175289154, -170.802276611, -15.9324874878, -72.6328582764], [-199.997390747, 650.856994629, -59.048084259, 36.5625114441, 555.958129883, -8.13901615143, 173.651641846, 27.2391777039, 35.7794342041, -66.7180786133, 18.3014011383, -81.4476852417, 1.808365345], [1082.12719727, -372.747467041, 80.4886856079, 145.808792114, -8.13901615143, 320.416412354, 39.5704917908, 39.0454101562, 13.6100234985, 65.4274978638, -17.1405792236, 18.3858604431, -43.0597496033], [-974.350097656, 468.541351318, 75.7868118286, -153.837936401, 173.651641846, 39.5704917908, 317.827972412, -0.73041844368, 54.0169296265, 8.28356933594, 49.0347480774, -34.3279075623, 17.2814903259], [238.166885376, -76.9605102539, 28.7785720825, 64.8057479858, 27.2391777039, 39.0454101562, -0.73041844368, 148.115936279, 46.8708610535, 13.365896225, 7.48623561859, 8.22336483002, 2.78459596634], [-396.235778809, 151.091995239, 40.9047241211, -60.3944282532, 35.7794342041, 13.6100234985, 54.0169296265, 46.8708610535, 130.291946411, 31.1124916077, 30.9860858917, 8.41012573242, 20.3290290833], [161.113113403, -214.52885437, 107.302978516, 15.6175289154, -66.7180786133, 65.4274978638, 8.28356933594, 13.365896225, 31.1124916077, 124.631484985, 17.933172226, 30.3238506317, 1.46415603161], [-770.706298828, 262.161895752, 30.7328872681, -170.802276611, 18.3014011383, -17.1405792236, 49.0347480774, 7.48623561859, 30.9860858917, 17.933172226, 120.383735657, 31.6846065521, 34.2829399109], [131.695510864, -176.11958313, 40.6529388428, -15.9324874878, -81.4476852417, 18.3858604431, -34.3279075623, 8.22336483002, 8.41012573242, 30.3238506317, 31.6846065521, 110.342308044, 32.4753112793], [-476.897918701, 169.86428833, 35.7441177368, -72.6328582764, 1.808365345, -43.0597496033, 17.2814903259, 2.78459596634, 20.3290290833, 1.46415603161, 34.2829399109, 32.4753112793, 96.7476882935]],
        "icov": [[0.000198398673092, -0.000156757829245, 0.000262899004156, -0.000549578864593, 2.74539397651e-05, -0.000489395635668, 0.00032279608422, -0.000160537776537, 0.000355981552275, -0.000438367860625, 0.000596728525124, -0.000647656968795, 0.000409880216466], [-0.000156757829245, 0.00189649546519, -0.000562237983104, 0.00123932026327, -0.00121205567848, 0.00126508239191, -0.00101376336534, 0.000943936465774, -0.0014843022218, 0.00253145117313, -0.00270863738842, 0.00288059422746, -0.00195824424736], [0.000262899004156, -0.000562237983104, 0.00204261788167, -0.000789105193689, 0.000392099464079, -0.00101116159931, 0.000197259971173, -0.000627630332019, 0.000824151095003, -0.00223297229968, 0.00144107325468, -0.00146366935223, 0.000302715721773], [-0.000549578864593, 0.00123932026327, -0.000789105193689, 0.00318364822306, -0.00101406301837, 0.00133305799682, -0.000715558766387, 0.000252378726145, -0.00109414977487, 0.00171083363239, -0.00103240192402, 0.00260445079766, -0.00177488813642], [2.74539397651e-05, -0.00121205567848, 0.000392099464079, -0.00101406301837, 0.00353065994568, -0.000657286611386, -0.000812978774775, -0.000944497121964, 0.000393296679249, -0.000109071748739, 0.000750309671275, -0.000203248971957, 0.000892449985258], [-0.000489395635668, 0.00126508239191, -0.00101116159931, 0.00133305799682, -0.000657286611386, 0.00595206674188, -0.00217763450928, -1.23794779938e-05, -0.0013001334155, 0.000441183103248, -0.00211834092624, 0.0015123905614, 0.000301043415675], [0.00032279608422, -0.00101376336534, 0.000197259971173, -0.000715558766387, -0.000812978774775, -0.00217763450928, 0.00577404955402, 0.000145616941154, -6.04509405093e-05, -0.00192236958537, 0.000918259262107, -0.000560857995879, 0.000676068710163], [-0.000160537776537, 0.000943936465774, -0.000627630332019, 0.000252378726145, -0.000944497121964, -1.23794779938e-05, 0.000145616941154, 0.00886613223702, -0.00407425733283, 0.00189477624372, -0.00232623727061, 0.00144569249824, -0.00112988636829], [0.000355981552275, -0.0014843022218, 0.000824151095003, -0.00109414977487, 0.000393296679249, -0.0013001334155, -6.04509405093e-05, -0.00407425733283, 0.012014628388, -0.00487020518631, 0.00198744772933, -0.00277467630804, 0.00055319321109], [-0.000438367860625, 0.00253145117313, -0.00223297229968, 0.00171083363239, -0.000109071748739, 0.000441183103248, -0.00192236958537, 0.00189477624372, -0.00487020518631, 0.0156070757657, -0.00584965897724, 0.00315140956081, -0.00220662588254], [0.000596728525124, -0.00270863738842, 0.00144107325468, -0.00103240192402, 0.000750309671275, -0.00211834092624, 0.000918259262107, -0.00232623727061, 0.00198744772933, -0.00584965897724, 0.0176795646548, -0.00843305513263, 0.00157254829537], [-0.000647656968795, 0.00288059422746, -0.00146366935223, 0.00260445079766, -0.000203248971957, 0.0015123905614, -0.000560857995879, 0.00144569249824, -0.00277467630804, 0.00315140956081, -0.00843305513263, 0.0187209583819, -0.00777898961678], [0.000409880216466, -0.00195824424736, 0.000302715721773, -0.00177488813642, 0.000892449985258, 0.000301043415675, 0.000676068710163, -0.00112988636829, 0.00055319321109, -0.00220662588254, 0.00157254829537, -0.00777898961678, 0.0163505878299]]
    },
    "melbands": {
        "mean": [0.00245079537854, 0.00257844990119, 0.00100978906266, 0.000448838720331, 0.000503905233927, 0.000432358618127, 0.000193030835362, 0.000226247284445, 0.000141514770803, 0.000145922444062, 0.000129231921164, 9.77236268227e-05, 0.000100652774563, 5.0956987252e-05, 5.33036327397e-05, 3.80065466743e-05, 2.61160766968e-05, 3.38723948516e-05, 2.61716249952e-05, 3.70814850612e-05, 3.4614942706e-05, 3.10114774038e-05, 2.82536584564e-05, 1.82794756256e-05, 9.20056027098e-06, 1.07232935989e-05, 7.17506509318e-06, 3.80027177016e-06, 3.01349291476e-06, 2.67076779892e-06, 2.08762685361e-06, 1.72203021975e-06, 1.68333508554e-06, 8.529999036e-07, 5.68996995298e-07, 5.36991933586e-07, 5.08852565417e-07, 3.45940037505e-07, 3.81426275453e-07, 2.97274056038e-07]
    },
    "melbands128": {
        "mean": [0.00025904685026, 0.00160155398771, 0.00348622840829, 0.00388306053355, 0.00257203751244, 0.00169734854717, 0.00129826681223, 0.000818325905129, 0.00054933980573, 0.000392990477849, 0.0003858137934, 0.000519532768521, 0.000506890413817, 0.000520068861078, 0.000535060884431, 0.000328376423568, 0.000230486330111, 0.000150056861457, 0.000152381253429, 0.000289292423986, 0.000232912221691, 0.000127339313622, 0.000133020061185, 0.000134541231091, 0.000189899772522, 0.0001222173305, 0.00011815095786, 0.000178925634827, 6.42736267764e-05, 0.000134496629471, 7.33381384634e-05, 9.51899201027e-05, 0.000126515995362, 0.000101164201624, 2.95853478747e-05, 4.73798208986e-05, 6.24611056992e-05, 4.24370446126e-05, 6.5469990659e-05, 4.49650287919e-05, 3.31224582624e-05, 2.14225492527e-05, 2.41994384851e-05, 3.10228097078e-05, 2.52128356806e-05, 4.26756196248e-05, 3.48157118424e-05, 1.77720812644e-05, 2.56495568465e-05, 3.53822288162e-05, 4.63258875243e-05, 2.90182106255e-05, 2.7129859518e-05, 4.31591070083e-05, 3.99442615162e-05, 3.38714999089e-05, 1.20861868709e-05, 3.20470571751e-05, 3.26897352352e-05, 2.93891989713e-05, 1.51017193275e-05, 1.26057711896e-05, 9.96350354399e-06, 8.06359821581e-06, 8.05182207841e-06, 1.19655824165e-05, 1.17168974612e-05, 8.56850874698e-06, 6.03993294135e-06, 5.69256417293e-06, 3.59705882147e-06, 2.95310496767e-06, 3.03179899674e-06, 3.08622156808e-06, 2.92797562906e-06, 2.45362707574e-06, 3.09774850393e-06, 2.01438683689e-06, 2.23039774028e-06, 1.64826337823e-06, 1.69281418039e-06, 1.72699526502e-06, 1.80509846359e-06, 1.65860240031e-06, 1.78078892077e-06, 9.02442991446e-07, 5.35073240826e-07, 6.47392084829e-07, 6.47391800612e-07, 4.40281297642e-07, 4.43866866817e-07, 6.37679420379e-07, 5.69375288251e-07, 5.61611273042e-07, 4.35541124943e-07, 3.22867123259e-07, 3.23790800394e-07, 3.66973495147e-07, 3.90147022244e-07, 3.89277801105e-07, 3.68041867205e-07, 2.7962880722e-07, 2.21348145146e-07, 1.52225325678e-07, 9.89159190112e-08, 7.60194680538e-08, 8.15427227963e-08, 6.99205955357e-08, 5.58769031045e-08, 5.6722573305e-08, 5.20992955444e-08, 5.28385015741e-08, 5.00262089531e-08, 4.23230943625e-08, 4.18065582153e-08, 3.84293130651e-08, 3.30481562116e-08, 3.22001838526e-08, 2.72535665147e-08, 1.9015736541e-08, 1.43170311162e-08, 1.27024568641e-08, 1.16266649641e-08, 9.87116965945e-09, 9.58562296205e-09, 1.04192414696e-08, 8.3182927213e-09, 5.97702909388e-09]
    },
    "mfcc": {
        "mean": [-708.613037109, 163.269775391, -5.93635368347, 23.4425773621, 8.52245616913, -3.17869591713, -0.741117477417, 7.18379878998, 4.01065778732, -0.90506362915, -1.17687368393, 0.628544330597, 4.79191398621],
        "cov": [[21045.0664062, -4160.52490234, -1170.61645508, 1921.66638184, 932.964233398, 971.242370605, -98.9658126831, 135.080169678, 31.3007946014, 137.262817383, 83.2777938843, -277.060333252, -476.706695557], [-4160.52490234, 2996, -246.70791626, -316.862518311, 79.8978042603, -196.849975586, 184.030212402, 72.3803787231, 47.9465026855, -8.1555223465, -73.4746551514, 67.910987854, 144.60256958], [-1170.61645508, -246.70791626, 796.414428711, -155.181152344, -172.21736145, 11.1678905487, -10.479973793, -56.8251495361, 45.5961837769, -5.46125078201, 12.9086170197, 89.1027450562, 48.948841095], [1921.66638184, -316.862518311, -155.181152344, 626.284423828, 217.153411865, 88.932434082, 20.123966217, 14.8901815414, 56.6849746704, 7.83674955368, 0.494977146387, -21.8587551117, -60.3755073547], [932.964233398, 79.8978042603, -172.21736145, 217.153411865, 380.494445801, 48.1059150696, 39.3201980591, 69.9280090332, 22.8006267548, 41.6998291016, 21.8477783203, -53.9235229492, -15.4024896622], [971.242370605, -196.849975586, 11.1678905487, 88.932434082, 48.1059150696, 280.000854492, 93.6806945801, 26.0227565765, 42.7219161987, 58.7797317505, 11.50086689, 32.543636322, -25.2560634613], [-98.9658126831, 184.030212402, -10.479973793, 20.123966217, 39.3201980591, 93.6806945801, 192.252563477, 61.2726631165, 36.3413467407, 46.2304573059, 4.73758935928, 35.3313179016, 31.2064971924], [135.080169678, 72.3803787231, -56.8251495361, 14.8901815414, 69.9280090332, 26.0227565765, 61.2726631165, 141.904464722, 36.0077133179, 29.7081432343, 26.852104187, 3.2501475811, 22.7008743286], [31.3007946014, 47.9465026855, 45.5961837769, 56.6849746704, 22.8006267548, 42.7219161987, 36.3413467407, 36.0077133179, 125.725708008, 44.9134483337, 10.5116682053, 31.8109951019, 11.7190704346], [137.262817383, -8.1555223465, -5.46125078201, 7.83674955368, 41.6998291016, 58.7797317505, 46.2304573059, 29.7081432343, 44.9134483337, 120.634094238, 35.88539505, 14.9234809875, 12.2220335007], [83.2777938843, -73.4746551514, 12.9086170197, 0.494977146387, 21.8477783203, 11.50086689, 4.73758935928, 26.852104187, 10.5116682053, 35.88539505, 105.444137573, 27.4601211548, 8.9247341156], [-277.060333252, 67.910987854, 89.1027450562, -21.8587551117, -53.9235229492, 32.543636322, 35.3313179016, 3.2501475811, 31.8109951019, 14.9234809875, 27.4601211548, 106.68221283, 28.9541625977], [-476.706695557, 144.60256958, 48.948841095, -60.3755073547, -15.4024896622, -25.2560634613, 31.2064971924, 22.7008743286, 11.7190704346, 12.2220335007, 8.9247341156, 28.9541625977, 100.245994568]],
        "icov": [[0.000119998221635, 0.000134707137477, 0.000150073014083, -0.000180349175935, -0.000113725356641, -0.000289745657938, 0.000124784201034, -7.72741841502e-05, 3.32628078468e-05, 1.13551795948e-05, 3.34311116603e-05, 1.65300898516e-05, 6.95832204656e-05], [0.000134707137477, 0.000663718266878, 0.000413089204812, 0.000168131489772, -0.0004855224106, 0.000190705206478, -0.000436733302195, 6.53729948681e-05, -0.000332652882207, 0.000182984716957, 0.0005183891044, -0.000551656470634, -0.000192900319234], [0.000150073014083, 0.000413089204812, 0.00191185437143, 0.00022824802727, 4.46122649009e-05, -0.000358834833605, 6.68447828502e-05, 0.000664153369144, -0.000940122758038, 0.000415324961068, 4.51727864856e-05, -0.000960030010901, -0.000600512023084], [-0.000180349175935, 0.000168131489772, 0.00022824802727, 0.0028801264707, -0.00135736982338, 0.000362398568541, -0.00060267932713, 0.000807386473753, -0.00155645702034, 0.000885889108758, 0.000262410001596, -0.000705368118361, 0.000664864492137], [-0.000113725356641, -0.0004855224106, 4.46122649009e-05, -0.00135736982338, 0.00460532866418, -0.000289571355097, -4.75174892927e-05, -0.00133905175608, 0.000280023901723, -0.000961757847108, -0.00118151924107, 0.0026048051659, -0.000289717921987], [-0.000289745657938, 0.000190705206478, -0.000358834833605, 0.000362398568541, -0.000289571355097, 0.00645040953532, -0.0030678731855, 0.000352838833351, -0.000561579654459, -0.00162546359934, 0.000757178291678, -0.00193876028061, 0.00195268914104], [0.000124784201034, -0.000436733302195, 6.68447828502e-05, -0.00060267932713, -4.75174892927e-05, -0.0030678731855, 0.00891404040158, -0.00282816193067, 0.000637636403553, -0.00160370289814, 0.00123430229723, -0.00135795969982, -0.00168364390265], [-7.72741841502e-05, 6.53729948681e-05, 0.000664153369144, 0.000807386473753, -0.00133905175608, 0.000352838833351, -0.00282816193067, 0.0103365974501, -0.00276849349029, 0.00066777569009, -0.00231076264754, 0.00099871121347, -0.00171748409048], [3.32628078468e-05, -0.000332652882207, -0.000940122758038, -0.00155645702034, 0.000280023901723, -0.000561579654459, 0.000637636403553, -0.00276849349029, 0.011721518822, -0.00385863613337, 0.00129530602135, -0.00238249148242, 0.000162615542649], [1.13551795948e-05, 0.000182984716957, 0.000415324961068, 0.000885889108758, -0.000961757847108, -0.00162546359934, -0.00160370289814, 0.00066777569009, -0.00385863613337, 0.0123339984566, -0.0036183714401, 0.00091905501904, -0.00108447659295], [3.34311116603e-05, 0.0005183891044, 4.51727864856e-05, 0.000262410001596, -0.00118151924107, 0.000757178291678, 0.00123430229723, -0.00231076264754, 0.00129530602135, -0.0036183714401, 0.0127962585539, -0.00461620278656, 0.000179265625775], [1.65300898516e-05, -0.000551656470634, -0.000960030010901, -0.000705368118361, 0.0026048051659, -0.00193876028061, -0.00135795969982, 0.00099871121347, -0.00238249148242, 0.00091905501904, -0.00461620278656, 0.0152853308246, -0.00281079346314], [6.95832204656e-05, -0.000192900319234, -0.000600512023084, 0.000664864492137, -0.000289717921987, 0.00195268914104, -0.00168364390265, -0.00171748409048, 0.000162615542649, -0.00108447659295, 0.000179265625775, -0.00281079346314, 0.0135478479788]]
    },
    "spectral_contrast_coeffs": {
        "mean": [-0.720454394817, -0.731438875198, -0.730323851109, -0.782603025436, -0.774658977985, -0.781874477863]
    },
    "spectral_contrast_valleys": {
        "mean": [-6.87536907196, -6.99137210846, -8.01383018494, -8.24481773376, -8.54003810883, -11.5576429367]
    }
},
"rhythm": {
    "beats_count": 472,
    "beats_loudness": {
        "mean": 0.0336118936539
    },
    "bpm": 120.970024109,
    "bpm_histogram_first_peak_bpm": 120,
    "bpm_histogram_first_peak_weight": 0.487179517746,
    "bpm_histogram_second_peak_bpm": 126,
    "bpm_histogram_second_peak_spread": 0.18260872364,
    "bpm_histogram_second_peak_weight": 0.19957536459,
    "danceability": 0.981479823589,
    "onset_rate": 2.16215205193,
    "beats_loudness_band_ratio": {
        "mean": [0.485808491707, 0.191315501928, 0.158174186945, 0.0870004296303, 0.0802110657096, 0.0328882709146]
    },
    "beats_position": [0.487619042397, 0.99845802784, 1.49768710136, 1.99691605568, 2.49614500999, 2.9837641716, 3.48299312592, 3.99383211136, 4.5046710968, 5.01551008224, 5.53795909882, 6.025578022, 6.51319694519, 7.00081634521, 7.50004529953, 7.99927425385, 8.498503685, 8.98612213135, 9.4853515625, 9.98458003998, 10.4838094711, 10.9830379486, 11.4706573486, 11.9582767487, 12.4575052261, 12.9567346573, 13.4559631348, 13.9551925659, 14.4544210434, 14.9536504745, 15.4412698746, 15.9288883209, 16.4397277832, 16.9505672455, 17.4614048004, 17.9722442627, 18.4714736938, 18.970703125, 19.458322525, 19.9459400177, 20.4335594177, 20.9211788177, 21.4087982178, 21.8964176178, 22.3840351105, 22.8832645416, 23.3824939728, 23.8817234039, 24.3809528351, 24.8685703278, 25.3677997589, 25.8670291901, 26.3662586212, 26.865486145, 27.353105545, 27.8639450073, 28.3747844696, 28.8740139008, 29.3732414246, 29.8724708557, 30.3717002869, 30.8825397491, 31.3933773041, 31.8926067352, 32.391834259, 32.8910636902, 33.3902931213, 33.8895225525, 34.3887519836, 34.8879814148, 35.3872108459, 35.8864402771, 36.3856697083, 36.8848991394, 37.3841247559, 37.883354187, 38.3825836182, 38.8818130493, 39.3810424805, 39.8802719116, 40.3795013428, 40.8787307739, 41.3779602051, 41.88879776, 42.3880271912, 42.8872566223, 43.3864860535, 43.8857116699, 44.3849411011, 44.8841705322, 45.3717918396, 45.8710212708, 46.3702468872, 46.8578681946, 47.3687057495, 47.8679351807, 48.355556488, 48.8315620422, 49.3307914734, 49.8300209045, 50.3408622742, 50.8516998291, 51.362537384, 51.8733787537, 52.3842163086, 52.8950538635, 53.3942832947, 53.8935127258, 54.392742157, 54.9035835266, 55.4028091431, 55.9020385742, 56.4012680054, 56.9004974365, 57.3997268677, 57.8873443604, 58.3749656677, 58.8741950989, 59.37342453, 59.8726501465, 60.3718795776, 60.8711090088, 61.3703384399, 61.8695678711, 62.3687973022, 62.8796348572, 63.3788642883, 63.889705658, 64.3889312744, 64.8881607056, 65.3873901367, 65.8866195679, 66.385848999, 66.8850784302, 67.3843078613, 67.871925354, 68.3595428467, 68.8471679688, 69.3347854614, 69.8224029541, 70.3564605713, 70.8905181885, 71.4594116211, 72.0282974243, 72.5971832275, 73.1196365356, 73.6420822144, 74.1645355225, 74.6637649536, 75.1629943848, 75.6622238159, 76.1614532471, 76.6722869873, 77.1715164185, 77.6707458496, 78.1699752808, 78.6692047119, 79.1916503906, 79.7141036987, 80.2249450684, 80.7473907471, 81.2698364258, 81.8039016724, 82.3263473511, 82.8487930298, 83.3596343994, 83.870475769, 84.3813171387, 84.8805389404, 85.3797683716, 85.8789978027, 86.3782272339, 86.877456665, 87.3766860962, 87.8759155273, 88.3751449585, 88.8627624512, 89.3503875732, 89.8380050659, 90.3256225586, 90.8248519897, 91.3240814209, 91.8233108521, 92.3225402832, 92.8101577759, 93.2977752686, 93.7970046997, 94.2962341309, 94.795463562, 95.2946929932, 95.7939224243, 96.2931518555, 96.7923812866, 97.2799987793, 97.7792282104, 98.2668457031, 98.7660751343, 99.253692627, 99.7413101196, 100.240539551, 100.75138092, 101.250610352, 101.749839783, 102.237457275, 102.725074768, 103.224304199, 103.72353363, 104.211151123, 104.710380554, 105.209609985, 105.708839417, 106.208068848, 106.707298279, 107.20652771, 107.694145203, 108.181770325, 108.680992126, 109.168617249, 109.66784668, 110.17868042, 110.666305542, 111.153923035, 111.641540527, 112.140769958, 112.63999939, 113.23210907, 113.82421875, 114.416320801, 114.938774109, 115.449615479, 115.960449219, 116.482902527, 117.005348206, 117.527801514, 118.050247192, 118.549476624, 119.048706055, 119.559547424, 120.047164917, 120.53478241, 121.022399902, 121.510017395, 121.997642517, 122.48526001, 122.972877502, 123.460494995, 123.948112488, 124.43573761, 124.923355103, 125.410972595, 125.910202026, 126.386207581, 126.873832703, 127.373062134, 127.872291565, 128.359909058, 128.847518921, 129.335144043, 129.822769165, 130.310379028, 130.79800415, 131.285614014, 131.761627197, 132.249252319, 132.713653564, 133.189651489, 133.654052734, 134.130065918, 134.606079102, 135.070480347, 135.55809021, 136.045715332, 136.521713257, 136.986114502, 137.462127686, 137.938140869, 138.414154053, 138.901763916, 139.366165161, 139.842178345, 140.31817627, 140.782577515, 141.258590698, 141.74621582, 142.222213745, 142.698226929, 143.174240112, 143.661849976, 144.126251221, 144.602264404, 145.078277588, 145.554275513, 146.030288696, 146.494689941, 146.959091187, 147.43510437, 147.911102295, 148.387115479, 148.863128662, 149.339141846, 149.815139771, 150.291152954, 150.767166138, 151.254776001, 151.730789185, 152.206802368, 152.682815552, 153.158813477, 153.63482666, 154.110839844, 154.575241089, 155.051239014, 155.527252197, 156.014877319, 156.490875244, 156.966888428, 157.442901611, 157.918914795, 158.39491272, 158.870925903, 159.346939087, 159.822952271, 160.298950195, 160.774963379, 161.239364624, 161.715377808, 162.191375732, 162.679000854, 163.166610718, 163.631011963, 164.107025146, 164.58303833, 165.047439575, 165.535049438, 166.022674561, 166.498687744, 166.974685669, 167.439086914, 167.915100098, 168.391113281, 168.867111206, 169.34312439, 169.830749512, 170.306747437, 170.78276062, 171.258773804, 171.734786987, 172.222396851, 172.698410034, 173.174423218, 173.650421143, 174.126434326, 174.590835571, 175.055236816, 175.53125, 176.007247925, 176.494873047, 176.97088623, 177.446884155, 177.922897339, 178.398910522, 178.874923706, 179.350921631, 179.815322876, 180.279724121, 180.767349243, 181.254959106, 181.73097229, 182.206985474, 182.682983398, 183.158996582, 183.635009766, 184.111022949, 184.587020874, 185.063034058, 185.539047241, 186.015060425, 186.479446411, 186.967071533, 187.443084717, 187.919082642, 188.395095825, 188.871109009, 189.335510254, 189.799911499, 190.287521362, 190.775146484, 191.251159668, 191.727157593, 192.214782715, 192.702392578, 193.178405762, 193.666030884, 194.153640747, 194.641265869, 195.140487671, 195.628112793, 196.127349854, 196.626571655, 197.114196777, 197.590194702, 198.066207886, 198.553833008, 199.041442871, 199.529067993, 200.016693115, 200.504302979, 200.991928101, 201.479537964, 201.978775024, 202.466384888, 202.95401001, 203.453231812, 203.952468872, 204.440093994, 204.927703857, 205.403717041, 205.879730225, 206.355728149, 206.843353271, 207.330978394, 207.830200195, 208.329421997, 208.828659058, 209.327880859, 209.82711792, 210.326339722, 210.825576782, 211.324798584, 211.812423706, 212.300048828, 212.79927063, 213.298492432, 213.809341431, 214.296951294, 214.784576416, 215.272201538, 215.77142334, 216.2706604, 216.769882202, 217.257507324, 217.756729126, 218.244354248, 218.74357605, 219.24281311, 219.730422974, 220.229660034, 220.728881836, 221.228118896, 221.71572876, 222.203353882, 222.690963745, 223.259857178, 223.840362549, 224.490524292, 225.140670776, 225.779220581, 226.417770386, 227.05632019, 227.601989746, 228.147659302, 228.693328857, 229.227386475, 229.761444092, 230.295501709, 230.829559326, 231.363616943, 231.944122314, 232.513015747, 233.081893921, 233.650787354, 234.219680786],
    "bpm_histogram": [0, 0, 0, 0, 0, 0, 0, 0, 0, 0, 0, 0, 0, 0, 0, 0, 0, 0, 0, 0, 0, 0, 0, 0, 0, 0, 0, 0, 0, 0, 0, 0, 0, 0, 0, 0, 0, 0, 0, 0, 0, 0, 0, 0, 0, 0, 0, 0, 0, 0, 0, 0, 0, 0, 0, 0, 0, 0, 0, 0, 0, 0, 0, 0, 0, 0, 0, 0, 0, 0, 0, 0, 0, 0, 0, 0, 0, 0, 0, 0, 0, 0, 0, 0, 0, 0, 0, 0, 0, 0, 0, 0, 0.00424628471956, 0, 0.0063694268465, 0, 0, 0, 0, 0, 0, 0.0063694268465, 0, 0.00424628471956, 0, 0.0169851388782, 0, 0, 0, 0, 0.0063694268465, 0, 0.0169851388782, 0, 0, 0.0318471342325, 0, 0.0721868351102, 0, 0, 0.339702755213, 0, 0, 0.250530779362, 0, 0, 0.19957536459, 0, 0, 0.0445859879255, 0, 0, 0, 0, 0, 0, 0, 0, 0, 0, 0, 0, 0, 0, 0, 0, 0, 0, 0, 0, 0, 0, 0, 0, 0, 0, 0, 0, 0, 0, 0, 0, 0, 0, 0, 0, 0, 0, 0, 0, 0, 0, 0, 0, 0, 0, 0, 0, 0, 0, 0, 0, 0, 0, 0, 0, 0, 0, 0, 0, 0, 0, 0, 0, 0, 0, 0, 0, 0, 0, 0, 0, 0, 0, 0, 0, 0, 0, 0, 0, 0, 0, 0, 0, 0, 0, 0, 0, 0, 0, 0, 0, 0, 0, 0, 0, 0, 0, 0, 0, 0, 0, 0, 0, 0, 0, 0, 0, 0, 0, 0, 0, 0, 0, 0, 0, 0, 0, 0, 0]
},
"tonal": {
    "chords_changes_rate": 0.0407114624977,
    "chords_number_rate": 0.00158102763817,
    "chords_strength": {
        "mean": 0.562603354454
    },
    "hpcp_crest": {
        "mean": 16.2130241394
    },
    "hpcp_entropy": {
        "mean": 1.68416559696
    },
    "key_edma": {
        "strength": 0.767223477364,
        "key": "F",
        "scale": "major"
    },
    "key_krumhansl": {
        "strength": 0.769420087337,
        "key": "F",
        "scale": "major"
    },
    "key_temperley": {
        "strength": 0.773330152035,
        "key": "F",
        "scale": "major"
    },
    "tuning_diatonic_strength": 0.638963520527,
    "tuning_equal_tempered_deviation": 0.226941153407,
    "tuning_frequency": 434.193115234,
    "tuning_nontempered_energy_ratio": 0.976597368717,
    "hpcp": {
        "mean": [0.117870524526, 0.140333101153, 0.0623119920492, 0.025122826919, 0.0246975198388, 0.035157777369, 0.0973518118262, 0.120349913836, 0.0961740091443, 0.30279353261, 0.328469991684, 0.0987094044685, 0.0422300510108, 0.0351053327322, 0.0396016612649, 0.155137479305, 0.228104621172, 0.12313964963, 0.0435974597931, 0.0297002643347, 0.0329103022814, 0.0988380014896, 0.134846284986, 0.105000205338, 0.273649811745, 0.302212655544, 0.0973731204867, 0.0485482439399, 0.0484951771796, 0.051765050739, 0.186169967055, 0.219334989786, 0.0809656381607, 0.0332285687327, 0.0292290765792, 0.0395742170513]
    },
    "chords_histogram": [33.2213439941, 6.00790500641, 21.6600799561, 2.92490124702, 15.1185770035, 1.00790512562, 0.573122501373, 0, 0, 0, 0, 0, 0.395256906748, 0, 0, 0.0395256914198, 0, 1.46245062351, 0.0592885389924, 0.750988125801, 0, 0.553359687328, 0.0790513828397, 16.1462459564],
    "thpcp": [1, 0.300512701273, 0.128565937281, 0.106875315309, 0.12056401372, 0.472303360701, 0.694445848465, 0.374888569117, 0.132728904486, 0.0904200226068, 0.100192718208, 0.300904214382, 0.410528481007, 0.319664537907, 0.833104431629, 0.920061707497, 0.296444505453, 0.147801160812, 0.147639602423, 0.157594457269, 0.566779196262, 0.667747437954, 0.246493250132, 0.101161658764, 0.0889855325222, 0.120480462909, 0.358847171068, 0.427232652903, 0.189703762531, 0.0764843896031, 0.0751895755529, 0.1070349738, 0.296379625797, 0.36639547348, 0.292793899775, 0.921830117702],
    "chords_key": "F",
    "chords_scale": "major"
}
}