{
"metadata": {
    "version": {
        "essentia": "2.1-beta6-dev",
        "essentia_git_sha": "v2.1_beta5-1177-g1d1cc983",
        "extractor": "music 2.0"
    },
    "audio_properties": {
        "analysis": {
            "equal_loudness": 0,
            "length": 266.760009766,
            "sample_rate": 44100,
            "start_time": 0,
            "downmix": "mix"
        },
        "bit_rate": 1411200,
        "length": 266.760009766,
        "lossless": 1,
        "number_channels": 2,
        "replay_gain": -13.8089141846,
        "sample_rate": 44100,
        "codec": "pcm_s16le",
        "md5_encoded": "6667371a2e889a96b9b447a430892486"
    },
    "tags": {
        "file_name": "08 - Manchester Orchestra - The Wolf.wav",
        "album": ["A Black Mile To The Surface"],
        "albumartist": ["Manchester Orchestra"],
        "artist": ["Manchester Orchestra"],
        "composer": ["Andy Hull"],
        "copyright": ["℗ 2017 Loma Vista Recordings."],
        "date": ["2017"],
        "discnumber": ["1"],
        "disctotal": ["1"],
        "genre": ["Alternative & Indie"],
        "isrc": ["USC4R1702136"],
        "title": ["The Wolf"],
        "tracknumber": ["8"],
        "tracktotal": ["11"]
    }
},
"lowlevel": {
    "average_loudness": 0.904941260815,
    "barkbands_crest": {
        "mean": 9.85498809814
    },
    "barkbands_flatness_db": {
        "mean": 0.130938142538
    },
    "barkbands_kurtosis": {
        "mean": 3.67743110657
    },
    "barkbands_skewness": {
        "mean": 1.45960772038
    },
    "barkbands_spread": {
        "mean": 23.9072341919
    },
    "dissonance": {
        "mean": 0.470865428448
    },
    "dynamic_complexity": 3.31373214722,
    "erbbands_crest": {
        "mean": 7.79300069809
    },
    "erbbands_flatness_db": {
        "mean": 0.153856381774
    },
    "erbbands_kurtosis": {
        "mean": 0.242041647434
    },
    "erbbands_skewness": {
        "mean": -0.0696680545807
    },
    "erbbands_spread": {
        "mean": 35.5780258179
    },
    "hfc": {
        "mean": 22.7333507538
    },
    "loudness_ebu128": {
        "integrated": -8.85361671448,
        "loudness_range": 6.56044244766,
        "momentary": {
            "mean": -10.6591262817
        },
        "short_term": {
            "mean": -9.98364925385
        }
    },
    "melbands_crest": {
        "mean": 14.571969986
    },
    "melbands_flatness_db": {
        "mean": 0.209992572665
    },
    "melbands_kurtosis": {
        "mean": 11.7295475006
    },
    "melbands_skewness": {
        "mean": 2.60276842117
    },
    "melbands_spread": {
        "mean": 24.0749664307
    },
    "pitch_salience": {
        "mean": 0.542520046234
    },
    "silence_rate_20dB": {
        "mean": 1
    },
    "silence_rate_30dB": {
        "mean": 0.994952142239
    },
    "silence_rate_60dB": {
        "mean": 0.0605744123459
    },
    "spectral_centroid": {
        "mean": 1436.51049805
    },
    "spectral_complexity": {
        "mean": 25.896692276
    },
    "spectral_decrease": {
        "mean": -8.4914111298e-09
    },
    "spectral_energy": {
        "mean": 0.0341105125844
    },
    "spectral_energyband_high": {
        "mean": 0.000762789568398
    },
    "spectral_energyband_low": {
        "mean": 0.0168504659086
    },
    "spectral_energyband_middle_high": {
        "mean": 0.0075443345122
    },
    "spectral_energyband_middle_low": {
        "mean": 0.0103734498844
    },
    "spectral_entropy": {
        "mean": 7.58506774902
    },
    "spectral_flux": {
        "mean": 0.0897621661425
    },
    "spectral_kurtosis": {
        "mean": 6.29490327835
    },
    "spectral_rms": {
        "mean": 0.00541188567877
    },
    "spectral_rolloff": {
        "mean": 1324.55078125
    },
    "spectral_skewness": {
        "mean": 1.62433862686
    },
    "spectral_spread": {
        "mean": 3825047.75
    },
    "spectral_strongpeak": {
        "mean": 0.530184209347
    },
    "zerocrossingrate": {
        "mean": 0.0515847243369
    },
    "barkbands": {
        "mean": [0.000875534955412, 0.00996805727482, 0.00468270853162, 0.00247127772309, 0.00306999497116, 0.00179774244316, 0.00105990702286, 0.00111036445014, 0.000719140050933, 0.000985568738542, 0.000749126367737, 0.00116733449977, 0.000799972738605, 0.000637725228444, 0.00053783581825, 0.000641317514237, 0.000650734873489, 0.00068911985727, 0.00056230078917, 0.000341957027558, 0.00022691959748, 0.00014598776761, 6.79163931636e-05, 7.0469250204e-05, 5.8343874116e-05, 1.84216478374e-05, 4.38561255578e-06]
    },
    "erbbands": {
        "mean": [0.349100768566, 2.01015853882, 5.26034545898, 7.28531599045, 8.98623085022, 9.61003494263, 13.8395576477, 14.7245578766, 15.5230998993, 16.3054637909, 25.4680213928, 15.749127388, 25.477848053, 26.3129653931, 40.137588501, 38.9193763733, 41.1574401855, 21.9431991577, 34.1410179138, 32.2102966309, 38.4429702759, 39.0698776245, 37.7148475647, 31.9082660675, 24.723493576, 16.6794109344, 12.0457229614, 7.03800725937, 5.26853942871, 3.45430207253, 1.86853051186, 1.54418945312, 1.14325582981, 0.837299048901, 0.299408495426, 0.10203923285, 0.0306563246995, 0.00536606973037, 0.000738457252737, 8.75484765857e-05]
    },
    "gfcc": {
        "mean": [3.06383943558, 107.244224548, -119.711204529, 34.7636795044, -42.0856361389, 12.8672952652, -26.8464813232, 11.2741775513, -21.6046962738, 0.775682985783, -9.86464309692, 0.390442311764, -8.9554233551],
        "cov": [[12156, -1762.02832031, -160.629837036, 1949.49951172, -150.650192261, 331.763122559, -472.762512207, 85.0152511597, -377.944549561, 96.8068771362, -102.525146484, 214.899902344, 113.311798096], [-1762.02832031, 1066.6685791, -69.0724868774, -226.406036377, 209.310058594, -34.4937858582, 248.49810791, -2.84485340118, 132.327728271, -92.0304641724, 63.4792556763, -97.4158096313, 1.88925135136], [-160.629837036, -69.0724868774, 837.392456055, -18.8087425232, -14.5096855164, 109.558242798, 13.6344995499, 50.2238388062, -42.6470375061, 13.2066173553, -74.7777252197, 7.04037904739, -42.9160919189], [1949.49951172, -226.406036377, -18.8087425232, 615.915405273, -7.29959774017, 21.1489830017, -76.8897171021, -8.20352554321, -32.6589736938, -1.47740447521, -13.5729389191, 9.9349489212, 44.5063323975], [-150.650192261, 209.310058594, -14.5096855164, -7.29959774017, 213.074325562, 12.8769035339, 67.9918365479, 23.797121048, 27.7484436035, -8.2769575119, 3.31109571457, -21.2224559784, 0.348569095135], [331.763122559, -34.4937858582, 109.558242798, 21.1489830017, 12.8769035339, 176.586807251, 62.7646560669, 21.9454269409, -5.72627544403, 9.32058429718, -6.24981164932, -5.06431674957, -11.0635251999], [-472.762512207, 248.49810791, 13.6344995499, -76.8897171021, 67.9918365479, 62.7646560669, 185.939743042, 33.4126777649, 41.495513916, -7.14829826355, 15.005906105, -26.2446174622, -1.87163984776], [85.0152511597, -2.84485340118, 50.2238388062, -8.20352554321, 23.797121048, 21.9454269409, 33.4126777649, 107.455162048, 36.9925880432, 9.20435905457, 0.917171478271, 0.100389204919, -7.62328767776], [-377.944549561, 132.327728271, -42.6470375061, -32.6589736938, 27.7484436035, -5.72627544403, 41.495513916, 36.9925880432, 112.115783691, 17.9218730927, 19.6856174469, -22.3911552429, 0.322348922491], [96.8068771362, -92.0304641724, 13.2066173553, -1.47740447521, -8.2769575119, 9.32058429718, -7.14829826355, 9.20435905457, 17.9218730927, 80.9563140869, 19.791217804, 10.9370107651, 4.74133634567], [-102.525146484, 63.4792556763, -74.7777252197, -13.5729389191, 3.31109571457, -6.24981164932, 15.005906105, 0.917171478271, 19.6856174469, 19.791217804, 74.4222793579, 15.2086639404, 1.80762505531], [214.899902344, -97.4158096313, 7.04037904739, 9.9349489212, -21.2224559784, -5.06431674957, -26.2446174622, 0.100389204919, -22.3911552429, 10.9370107651, 15.2086639404, 64.8910446167, 17.6560916901], [113.311798096, 1.88925135136, -42.9160919189, 44.5063323975, 0.348569095135, -11.0635251999, -1.87163984776, -7.62328767776, 0.322348922491, 4.74133634567, 1.80762505531, 17.6560916901, 65.9419784546]],
        "icov": [[0.000287899805699, 1.15876464406e-05, 0.000238899941905, -0.000796728418209, -1.52020456881e-05, -0.000603679392952, 0.000402789126383, -0.000601614126936, 0.000723944103811, -0.000403186364565, 0.000381887482945, -0.000555063073989, 0.000202451716177], [1.15876464406e-05, 0.00314470240846, -0.000568071205635, 0.000598637096118, -0.00172407878563, 0.00133474217728, -0.00269056274556, 0.00168239721097, -0.00222733896226, 0.00393469398841, -0.00342640210874, 0.00287626567297, -0.00148079916835], [0.000238899941905, -0.000568071205635, 0.00187352113426, -0.000723815639503, 0.000385605642805, -0.00147139024921, 0.000717784510925, -0.0014335620217, 0.00148128322326, -0.00164948357269, 0.00264514400624, -0.00164390343707, 0.00139835337177], [-0.000796728418209, 0.000598637096118, -0.000723815639503, 0.00423696590587, -0.000503819086589, 0.00124701997265, -0.000512168859132, 0.00170404429082, -0.0020773014985, 0.00208192574792, -0.00185286288615, 0.00270902551711, -0.00239857123233], [-1.52020456881e-05, -0.00172407878563, 0.000385605642805, -0.000503819086589, 0.00644241506234, -0.00041092192987, -0.000391575071262, -0.00159704149701, 0.000876950973179, -0.00176718097646, 0.00186520360876, -0.000582258799113, 0.000595327757765], [-0.000603679392952, 0.00133474217728, -0.00147139024921, 0.00124701997265, -0.00041092192987, 0.0094404257834, -0.00521206017584, 0.0014103888534, -0.00117144396063, 0.0011465420248, -0.00183547881898, 0.00224974867888, 0.000172236468643], [0.000402789126383, -0.00269056274556, 0.000717784510925, -0.000512168859132, -0.000391575071262, -0.00521206017584, 0.0117433415726, -0.00361686502583, 0.00141995202284, -0.0021376546938, 0.00102084211539, -0.000395772280172, -0.000534691265784], [-0.000601614126936, 0.00168239721097, -0.0014335620217, 0.00170404429082, -0.00159704149701, 0.0014103888534, -0.00361686502583, 0.0141026303172, -0.00711276009679, 0.00256206141785, -0.00142137298826, -0.000205871401704, 0.000619889586233], [0.000723944103811, -0.00222733896226, 0.00148128322326, -0.0020773014985, 0.000876950973179, -0.00117144396063, 0.00141995202284, -0.00711276009679, 0.0168509762734, -0.00666154408827, 0.000578031584155, 0.00198443746194, 5.21678666701e-05], [-0.000403186364565, 0.00393469398841, -0.00164948357269, 0.00208192574792, -0.00176718097646, 0.0011465420248, -0.0021376546938, 0.00256206141785, -0.00666154408827, 0.020232969895, -0.00876906141639, 0.00303181773052, -0.00345497345552], [0.000381887482945, -0.00342640210874, 0.00264514400624, -0.00185286288615, 0.00186520360876, -0.00183547881898, 0.00102084211539, -0.00142137298826, 0.000578031584155, -0.00876906141639, 0.0229974854738, -0.0105433976278, 0.00478113582358], [-0.000555063073989, 0.00287626567297, -0.00164390343707, 0.00270902551711, -0.000582258799113, 0.00224974867888, -0.000395772280172, -0.000205871401704, 0.00198443746194, 0.00303181773052, -0.0105433976278, 0.0261459890753, -0.00862070824951], [0.000202451716177, -0.00148079916835, 0.00139835337177, -0.00239857123233, 0.000595327757765, 0.000172236468643, -0.000534691265784, 0.000619889586233, 5.21678666701e-05, -0.00345497345552, 0.00478113582358, -0.00862070824951, 0.0198958795518]]
    },
    "melbands": {
        "mean": [0.00293483352289, 0.00265155849047, 0.00130711810198, 0.000684180879034, 0.000473945314297, 0.000337257923093, 0.000222298302106, 0.000201586866751, 0.000201497372473, 8.83223474375e-05, 0.000134100511787, 0.000114236943773, 0.000129685955471, 0.000126089566038, 0.000113990005048, 6.05031964369e-05, 4.11044493376e-05, 6.2321065343e-05, 3.91199064325e-05, 4.05550345022e-05, 4.47792954219e-05, 3.98260053771e-05, 3.76064235752e-05, 3.20450453728e-05, 2.50179855357e-05, 2.13229686779e-05, 1.32151417347e-05, 1.05261478893e-05, 8.24651942821e-06, 5.17253238286e-06, 3.66420135833e-06, 3.06364267999e-06, 2.63273454948e-06, 1.55916745825e-06, 1.06639458863e-06, 1.01926298157e-06, 8.83656468886e-07, 7.55041583034e-07, 8.21390131023e-07, 6.76698448387e-07]
    },
    "melbands128": {
        "mean": [0.00080001342576, 0.00293738953769, 0.00376283400692, 0.00310253421776, 0.00283724465407, 0.00212907441892, 0.00151189800818, 0.00114078843035, 0.000854296144098, 0.00077476160368, 0.000452097156085, 0.000468499260023, 0.000472237443319, 0.000494187639561, 0.000364924053429, 0.000206572207389, 0.000285751215415, 0.000227461612667, 0.000138460483868, 0.000155836591148, 0.000250067736488, 0.000313195865601, 0.00014619481226, 0.000174395201611, 0.000103250182292, 4.64650438516e-05, 6.89757289365e-05, 0.000113592592243, 0.000255277875112, 0.000108284293674, 5.24031529494e-05, 0.000127068196889, 0.000155531874043, 7.64094947954e-05, 0.000226315445616, 8.75997284311e-05, 5.8595003793e-05, 0.000132244254928, 0.000152012929902, 8.04374431027e-05, 3.32163617713e-05, 3.58674697054e-05, 2.51339461101e-05, 3.30166658387e-05, 0.000117363590107, 5.04551899212e-05, 3.34786091116e-05, 2.98087416013e-05, 4.62605094071e-05, 5.30313845957e-05, 3.10083960358e-05, 3.45396110788e-05, 6.23241940048e-05, 4.13898378611e-05, 2.68783351203e-05, 5.18504130014e-05, 3.13407799695e-05, 4.43686767539e-05, 3.85374078178e-05, 2.9271488529e-05, 3.37249912263e-05, 3.30964176101e-05, 2.24942577915e-05, 2.32567072089e-05, 2.85607766273e-05, 2.02380360861e-05, 1.8730879674e-05, 1.55662473844e-05, 1.01553414424e-05, 1.29862000904e-05, 1.01295981949e-05, 1.04162809293e-05, 8.49184652907e-06, 8.44639271236e-06, 7.18531646271e-06, 4.97467408422e-06, 4.56764246337e-06, 4.18786930823e-06, 3.43202827935e-06, 3.25515156874e-06, 3.35503273163e-06, 2.84775978798e-06, 2.6186503419e-06, 2.74900867225e-06, 2.69565157396e-06, 1.59399041877e-06, 1.24651853639e-06, 1.21193295399e-06, 1.11058523089e-06, 8.80049356056e-07, 9.51207823618e-07, 1.12805889785e-06, 1.03846139154e-06, 9.43647023632e-07, 7.31405634724e-07, 6.65737445615e-07, 7.81994287991e-07, 8.40267944113e-07, 8.38448215745e-07, 7.96657275259e-07, 7.9516871665e-07, 6.4305476144e-07, 5.75491924337e-07, 4.18816114234e-07, 2.84476641355e-07, 2.53197498523e-07, 2.28605529173e-07, 1.90459175542e-07, 1.71091741663e-07, 1.47495441638e-07, 1.31212587462e-07, 1.16432381958e-07, 9.14231321758e-08, 7.55221520876e-08, 5.92780580178e-08, 4.43157865959e-08, 3.47532278511e-08, 2.7677970138e-08, 2.23847660408e-08, 2.35156196737e-08, 1.9650629568e-08, 1.78689898434e-08, 1.471518285e-08, 1.14703020415e-08, 1.02015675907e-08, 9.07309161136e-09, 7.41284944539e-09, 3.35575323085e-09]
    },
    "mfcc": {
        "mean": [-638.079223633, 134.728607178, -10.1935043335, 28.8521137238, 7.33963012695, 6.59276533127, 8.94756031036, 8.3473405838, 1.5313295126, -0.144286602736, 2.02639770508, 3.20260548592, 2.17417144775],
        "cov": [[12344.1757812, -1961.70690918, -380.562530518, 1153.3215332, 426.257110596, 250.784561157, 67.2153396606, -73.0750961304, -82.7284469604, -32.0894622803, -228.215133667, -217.987945557, -69.3743057251], [-1961.70690918, 1086.44360352, -73.0124053955, -132.36000061, -35.4139328003, 11.049539566, 93.7392272949, 126.595123291, 63.0540351868, 62.4083404541, 51.3237190247, 36.9050064087, 8.65876960754], [-380.562530518, -73.0124053955, 666.600708008, -25.9507846832, 15.3907518387, 33.4086227417, 31.2158279419, 17.4818229675, 36.6124610901, -0.80000513792, 20.5566654205, 6.77082157135, -16.8841819763], [1153.3215332, -132.36000061, -25.9507846832, 381.564971924, 94.0923690796, 29.3465461731, -5.39217853546, -13.0118131638, 7.68975162506, 4.74812650681, -36.8618507385, -39.1932868958, -11.3827695847], [426.257110596, -35.4139328003, 15.3907518387, 94.0923690796, 152.77293396, 17.0196609497, -4.07811450958, 3.68760848045, 8.82904815674, 10.0822706223, -1.33507907391, -17.7734794617, -1.81238782406], [250.784561157, 11.049539566, 33.4086227417, 29.3465461731, 17.0196609497, 132.510223389, 55.5782279968, 8.53823471069, 20.0306892395, 16.5669765472, -3.34783124924, 4.0511136055, -10.9957742691], [67.2153396606, 93.7392272949, 31.2158279419, -5.39217853546, -4.07811450958, 55.5782279968, 127.574813843, 48.9760475159, 26.8483581543, 10.8056974411, 13.4678554535, 9.67818832397, -0.976874709129], [-73.0750961304, 126.595123291, 17.4818229675, -13.0118131638, 3.68760848045, 8.53823471069, 48.9760475159, 109.799972534, 35.9020385742, 22.9970111847, 17.8896217346, 9.42425823212, 0.872892320156], [-82.7284469604, 63.0540351868, 36.6124610901, 7.68975162506, 8.82904815674, 20.0306892395, 26.8483581543, 35.9020385742, 97.2815628052, 42.4854469299, 12.6676111221, 0.24640737474, -0.171171441674], [-32.0894622803, 62.4083404541, -0.80000513792, 4.74812650681, 10.0822706223, 16.5669765472, 10.8056974411, 22.9970111847, 42.4854469299, 86.945930481, 30.8255996704, 7.55574035645, 2.96393585205], [-228.215133667, 51.3237190247, 20.5566654205, -36.8618507385, -1.33507907391, -3.34783124924, 13.4678554535, 17.8896217346, 12.6676111221, 30.8255996704, 76.6052932739, 38.7611427307, 10.6487264633], [-217.987945557, 36.9050064087, 6.77082157135, -39.1932868958, -17.7734794617, 4.0511136055, 9.67818832397, 9.42425823212, 0.24640737474, 7.55574035645, 38.7611427307, 78.1843032837, 30.5799560547], [-69.3743057251, 8.65876960754, -16.8841819763, -11.3827695847, -1.81238782406, -10.9957742691, -0.976874709129, 0.872892320156, -0.171171441674, 2.96393585205, 10.6487264633, 30.5799560547, 66.3787994385]],
        "icov": [[0.000194068416022, 0.000351231952664, 0.000152226421051, -0.000370664260117, -0.000211774153286, -0.000191790080862, -0.000291806878522, -0.000262084184214, 0.00019223887648, -0.000167035148479, 0.000198135399842, 0.0001168134404, 1.61214193213e-05], [0.000351231952664, 0.00181120203342, 0.000474968313938, -0.000325473054545, -0.000326896435581, -0.000216965403524, -0.00101095647551, -0.00143084104639, 0.000140110219945, -0.000742055184674, 0.00028581841616, 3.46695014741e-05, 0.000126564176753], [0.000152226421051, 0.000474968313938, 0.00175268412568, -8.04028313723e-05, -0.000387577019865, -0.000433884590166, -0.000421968987212, -0.000332415103912, -0.000598926679231, 0.000415229675127, -0.000380669167498, -5.76905085836e-06, 0.00048851192696], [-0.000370664260117, -0.000325473054545, -8.04028313723e-05, 0.0041584437713, -0.00149723084178, -5.66064736631e-05, 0.000412437424529, 0.000569868192542, -0.000610649411101, -0.000206199474633, 0.000926356588025, 0.000312889023917, 1.09093189167e-05], [-0.000211774153286, -0.000326896435581, -0.000387577019865, -0.00149723084178, 0.0083907963708, -0.000910280039534, 0.00131109089125, -0.000460737850517, -0.000250919518294, 5.456528379e-05, -0.00191932695452, 0.00206253002398, -0.00107571983244], [-0.000191790080862, -0.000216965403524, -0.000433884590166, -5.66064736631e-05, -0.000910280039534, 0.010811926797, -0.00485482765362, 0.00205615325831, -0.000792518490925, -0.00218364433385, 0.00261301919818, -0.00284265051596, 0.00236130994745], [-0.000291806878522, -0.00101095647551, -0.000421968987212, 0.000412437424529, 0.00131109089125, -0.00485482765362, 0.01283571776, -0.00401229318231, -0.00134628452361, 0.00226340419613, -0.00224715285003, 0.000535182072781, -0.000727053440642], [-0.000262084184214, -0.00143084104639, -0.000332415103912, 0.000569868192542, -0.000460737850517, 0.00205615325831, -0.00401229318231, 0.0137126408517, -0.00313658383675, -0.000738905044273, -0.000673533009831, -0.000915913667995, 0.000569464522414], [0.00019223887648, 0.000140110219945, -0.000598926679231, -0.000610649411101, -0.000250919518294, -0.000792518490925, -0.00134628452361, -0.00313658383675, 0.0151037396863, -0.00662884535268, 0.000987661769614, 0.00104102224577, -0.000494214065839], [-0.000167035148479, -0.000742055184674, 0.000415229675127, -0.000206199474633, 5.456528379e-05, -0.00218364433385, 0.00226340419613, -0.000738905044273, -0.00662884535268, 0.0181146860123, -0.00766066322103, 0.00209466577508, -0.000886710884515], [0.000198135399842, 0.00028581841616, -0.000380669167498, 0.000926356588025, -0.00191932695452, 0.00261301919818, -0.00224715285003, -0.000673533009831, 0.000987661769614, -0.00766066322103, 0.0226315204054, -0.0106426570565, 0.00220498256385], [0.0001168134404, 3.46695014741e-05, -5.76905085836e-06, 0.000312889023917, 0.00206253002398, -0.00284265051596, 0.000535182072781, -0.000915913667995, 0.00104102224577, 0.00209466577508, -0.0106426570565, 0.0224972907454, -0.00897266343236], [1.61214193213e-05, 0.000126564176753, 0.00048851192696, 1.09093189167e-05, -0.00107571983244, 0.00236130994745, -0.000727053440642, 0.000569464522414, -0.000494214065839, -0.000886710884515, 0.00220498256385, -0.00897266343236, 0.0193533077836]]
    },
    "spectral_contrast_coeffs": {
        "mean": [-0.739565134048, -0.77225458622, -0.761997938156, -0.792687952518, -0.796389937401, -0.767256259918]
    },
    "spectral_contrast_valleys": {
        "mean": [-6.33237600327, -6.58254814148, -7.16397285461, -7.39831256866, -7.34988021851, -10.410487175]
    }
},
"rhythm": {
    "beats_count": 570,
    "beats_loudness": {
        "mean": 0.0393399707973
    },
    "bpm": 128.078659058,
    "bpm_histogram_first_peak_bpm": 129,
    "bpm_histogram_first_peak_weight": 0.398481965065,
    "bpm_histogram_second_peak_bpm": 123,
    "bpm_histogram_second_peak_spread": 0.0555555224419,
    "bpm_histogram_second_peak_weight": 0.0298769772053,
    "danceability": 0.94842684269,
    "onset_rate": 2.77013444901,
    "beats_loudness_band_ratio": {
        "mean": [0.515416622162, 0.169053897262, 0.114574983716, 0.111824199557, 0.0799544304609, 0.0432068407536]
    },
    "beats_position": [0.429569154978, 0.859138309956, 1.28870749474, 1.71827661991, 2.15945577621, 2.58902478218, 3.06503391266, 3.55265307426, 4.04027223587, 4.52789115906, 5.01551008224, 5.4915189743, 5.9675283432, 6.43192720413, 6.8963265419, 7.37233543396, 7.84834432602, 8.32435321808, 8.80036258698, 9.26476192474, 9.72916126251, 10.1935596466, 10.6579589844, 11.1223583221, 11.5867567062, 12.0627660751, 12.538775444, 13.0031747818, 13.4675731659, 13.9319725037, 14.3963718414, 14.8723802567, 15.3483896255, 15.8243989944, 16.3004074097, 16.7648067474, 17.2292060852, 17.693605423, 18.1580047607, 18.6340141296, 19.1100215912, 19.574420929, 20.0388202667, 20.5032196045, 20.9676189423, 21.43201828, 21.8964176178, 22.3724250793, 22.8484344482, 23.3244438171, 23.800453186, 24.2648525238, 24.7292518616, 25.1936511993, 25.6580486298, 26.1224479675, 26.5984573364, 27.0744667053, 27.5388660431, 28.0032653809, 28.4676647186, 28.932062149, 29.3964614868, 29.8724708557, 30.3484802246, 30.8244895935, 31.3004989624, 31.7648983002, 32.2292976379, 32.6936950684, 33.1580963135, 33.6341018677, 34.1101112366, 34.5745124817, 35.0389099121, 35.5033111572, 35.9677085876, 36.455329895, 36.9197273254, 37.3957366943, 37.8717460632, 38.3361434937, 38.8005447388, 39.2649421692, 39.7293434143, 40.1937408447, 40.6581382751, 41.134147644, 41.6101570129, 42.0745582581, 42.5389556885, 43.0033569336, 43.467754364, 43.9321517944, 44.4081611633, 44.8841705322, 45.3485717773, 45.8129692078, 46.2773704529, 46.7417678833, 47.2177772522, 47.6937866211, 48.16979599, 48.6458053589, 49.1102027893, 49.5746040344, 50.0390014648, 50.5033988953, 50.9794082642, 51.4554176331, 51.9198188782, 52.3958282471, 52.871837616, 53.3362350464, 53.8006324768, 54.2650337219, 54.7294311523, 55.1938323975, 55.6582298279, 56.122631073, 56.5986366272, 57.0746459961, 57.5390472412, 58.0034446716, 58.4678459167, 58.9322433472, 59.4082527161, 59.884262085, 60.3486595154, 60.8130607605, 61.2774581909, 61.7534675598, 62.2178688049, 62.6938781738, 63.169883728, 63.6458930969, 64.1219024658, 64.5863037109, 65.0507049561, 65.5034942627, 65.9678878784, 66.4322891235, 66.9082946777, 67.3843078613, 67.8487091064, 68.3131027222, 68.7891159058, 69.26512146, 69.7295227051, 70.1939239502, 70.6583175659, 71.122718811, 71.5871200562, 72.0515213013, 72.515914917, 72.9919281006, 73.4679336548, 73.9323348999, 74.396736145, 74.8611297607, 75.3371429443, 75.8131484985, 76.2775497437, 76.7535552979, 77.2295684814, 77.6939697266, 78.1699752808, 78.6343765259, 79.0871658325, 79.5515594482, 80.0159606934, 80.503578186, 80.9679794312, 81.4439926147, 81.9083862305, 82.3843994141, 82.8487930298, 83.3131942749, 83.77759552, 84.2419967651, 84.7063903809, 85.170791626, 85.6351928711, 86.1111984253, 86.5755996704, 87.0516052246, 87.5276184082, 88.0036239624, 88.4680252075, 88.9208145142, 89.3852157593, 89.8612213135, 90.3256225586, 90.7900238037, 91.2660293579, 91.7420425415, 92.2296600342, 92.6940536499, 93.158454895, 93.6228561401, 94.0988616943, 94.5748748779, 95.039276123, 95.5036697388, 95.9796829224, 96.4556884766, 96.9200897217, 97.3844909668, 97.8488845825, 98.3132858276, 98.7892990112, 99.253692627, 99.7180938721, 100.194099426, 100.67011261, 101.146118164, 101.610519409, 102.086524963, 102.562538147, 103.05015564, 103.526168823, 104.002174377, 104.478187561, 104.954193115, 105.430198669, 105.917823792, 106.393829346, 106.869842529, 107.276191711, 107.694145203, 108.112106323, 108.518455505, 108.913192749, 109.319541931, 109.725891113, 110.132240295, 110.538589478, 110.94493866, 111.351287842, 111.850517273, 112.338134766, 112.825759888, 113.301765442, 113.777778625, 114.265396118, 114.729797363, 115.194190979, 115.658592224, 116.122993469, 116.587387085, 117.05178833, 117.516189575, 117.98059082, 118.456596375, 118.932601929, 119.408615112, 119.884620667, 120.349021912, 120.813423157, 121.277824402, 121.742218018, 122.206619263, 122.671020508, 123.147026062, 123.623039246, 124.0990448, 124.575057983, 125.039451599, 125.503852844, 125.979858398, 126.455871582, 126.920272827, 127.384666443, 127.849067688, 128.313461304, 128.777862549, 129.253875732, 129.729888916, 130.205886841, 130.681900024, 131.14630127, 131.610702515, 132.07510376, 132.539505005, 133.003890991, 133.468292236, 133.94430542, 134.420318604, 134.884719849, 135.349105835, 135.81350708, 136.277908325, 136.74230957, 137.229934692, 137.694335938, 138.170333862, 138.646347046, 139.110748291, 139.575149536, 140.039550781, 140.503936768, 140.968338013, 141.444351196, 141.92036438, 142.384765625, 142.849151611, 143.313552856, 143.777954102, 144.242355347, 144.706756592, 145.182769775, 145.6587677, 146.134780884, 146.610794067, 147.075195312, 147.539596558, 148.003982544, 148.479995728, 148.956008911, 149.420410156, 149.884811401, 150.349197388, 150.813598633, 151.277999878, 151.742401123, 152.218414307, 152.694412231, 153.158813477, 153.623214722, 154.087615967, 154.552017212, 155.016418457, 155.492416382, 155.956817627, 156.432830811, 156.908843994, 157.384857178, 157.849243164, 158.313644409, 158.778045654, 159.242446899, 159.706848145, 160.182861328, 160.658859253, 161.123260498, 161.599273682, 162.075286865, 162.539672852, 163.004074097, 163.48008728, 163.956100464, 164.420501709, 164.884887695, 165.34928894, 165.813690186, 166.278091431, 166.742492676, 167.206893921, 167.671295166, 168.147293091, 168.623306274, 169.08770752, 169.552108765, 170.028121948, 170.504119873, 170.968521118, 171.444534302, 171.920547485, 172.384933472, 172.860946655, 173.336959839, 173.801361084, 174.265762329, 174.730148315, 175.194549561, 175.658950806, 176.123352051, 176.587753296, 177.063766479, 177.539764404, 178.004165649, 178.468566895, 178.93296814, 179.408981323, 179.884979248, 180.360992432, 180.837005615, 181.30140686, 181.765808105, 182.24180603, 182.706207275, 183.170608521, 183.646621704, 184.111022949, 184.575408936, 185.039810181, 185.504211426, 185.968612671, 186.444625854, 186.920639038, 187.385025024, 187.84942627, 188.313827515, 188.77822876, 189.265853882, 189.730239868, 190.194641113, 190.659042358, 191.123443604, 191.587844849, 192.063858032, 192.539855957, 193.004257202, 193.468658447, 193.944671631, 194.420669556, 194.885070801, 195.349472046, 195.813873291, 196.278274536, 196.765899658, 197.230285645, 197.69468689, 198.159088135, 198.62348938, 199.087890625, 199.563903809, 200.039901733, 200.504302979, 200.968704224, 201.444717407, 201.920715332, 202.385116577, 202.849517822, 203.313919067, 203.778320312, 204.265930176, 204.730331421, 205.194732666, 205.659133911, 206.123535156, 206.587936401, 207.063934326, 207.53994751, 208.004348755, 208.46875, 208.944763184, 209.409164429, 209.873550415, 210.33795166, 210.790740967, 211.255142212, 211.719543457, 212.207168579, 212.683166504, 213.147567749, 213.623580933, 214.087982178, 214.552383423, 215.016769409, 215.481170654, 215.957183838, 216.433197021, 216.909194946, 217.38520813, 217.849609375, 218.31401062, 218.778411865, 219.24281311, 219.707214355, 220.171600342, 220.647613525, 221.112014771, 221.576416016, 222.052429199, 222.528427124, 223.004440308, 223.468841553, 223.933242798, 224.409240723, 224.885253906, 225.349655151, 225.814056396, 226.29006958, 226.766067505, 227.23046875, 227.694869995, 228.15927124, 228.623672485, 229.08807373, 229.552474976, 230.016860962, 230.481262207, 230.957275391, 231.433288574, 231.909286499, 232.385299683, 232.861312866, 233.325714111, 233.790115356, 234.242904663, 234.707290649, 235.183303833, 235.659317017, 236.1353302, 236.611328125, 237.07572937, 237.540130615, 238.00453186, 238.468933105, 238.933334351, 239.397735596, 239.862121582, 240.338134766, 240.802536011, 241.266937256, 241.719726562, 242.184127808, 242.660125732, 243.136138916, 243.6121521, 244.088165283, 244.564163208, 245.040176392, 245.504577637, 245.968978882, 246.433380127, 246.897766113, 247.373779297, 247.84979248, 248.314193726, 248.778594971, 249.242996216, 249.707382202, 250.183395386, 250.659408569, 251.123809814, 251.599807739, 252.064208984, 252.540222168, 252.993011475, 253.445800781, 253.921813965, 254.39781189, 254.873825073, 255.349838257, 255.814239502, 256.278625488, 256.743041992, 257.207427979, 257.671844482, 258.136230469, 258.612243652, 259.088256836, 259.552642822, 260.017059326, 260.481445312, 260.957458496, 261.421844482, 261.874633789, 262.327423096, 262.780212402, 263.209777832, 263.639373779, 264.068939209, 264.498504639, 264.928070068, 265.357635498, 265.787200928, 266.216766357],
    "bpm_histogram": [0, 0, 0, 0, 0, 0, 0, 0, 0, 0, 0, 0, 0, 0, 0, 0, 0, 0, 0, 0, 0, 0, 0, 0, 0, 0, 0, 0, 0, 0, 0, 0, 0, 0, 0, 0, 0, 0, 0, 0, 0, 0, 0, 0, 0, 0, 0, 0, 0, 0, 0, 0, 0, 0, 0, 0, 0, 0, 0, 0, 0, 0, 0, 0, 0, 0, 0, 0, 0, 0, 0, 0, 0, 0, 0, 0, 0, 0, 0, 0, 0, 0, 0, 0, 0, 0, 0, 0, 0, 0, 0, 0, 0, 0, 0, 0, 0, 0, 0, 0, 0, 0, 0, 0, 0, 0, 0, 0, 0, 0, 0, 0, 0, 0, 0, 0, 0, 0, 0, 0, 0.00175746926107, 0, 0, 0.0298769772053, 0, 0, 0.349736392498, 0, 0, 0.557117760181, 0, 0, 0, 0.0193321611732, 0, 0, 0.00175746926107, 0, 0, 0, 0.0210896302015, 0, 0, 0, 0.00351493852213, 0, 0, 0, 0.0140597540885, 0, 0, 0, 0.00175746926107, 0, 0, 0, 0, 0, 0, 0, 0, 0, 0, 0, 0, 0, 0, 0, 0, 0, 0, 0, 0, 0, 0, 0, 0, 0, 0, 0, 0, 0, 0, 0, 0, 0, 0, 0, 0, 0, 0, 0, 0, 0, 0, 0, 0, 0, 0, 0, 0, 0, 0, 0, 0, 0, 0, 0, 0, 0, 0, 0, 0, 0, 0, 0, 0, 0, 0, 0, 0, 0, 0, 0, 0, 0, 0, 0, 0, 0, 0, 0, 0, 0, 0, 0, 0, 0, 0, 0, 0, 0, 0, 0, 0, 0, 0, 0, 0, 0]
},
"tonal": {
    "chords_changes_rate": 0.0318482406437,
    "chords_number_rate": 0.00121823872905,
    "chords_strength": {
        "mean": 0.584401249886
    },
    "hpcp_crest": {
        "mean": 13.1746473312
    },
    "hpcp_entropy": {
        "mean": 2.02214765549
    },
    "key_edma": {
        "strength": 0.777629554272,
        "key": "C#",
        "scale": "minor"
    },
    "key_krumhansl": {
        "strength": 0.798030614853,
        "key": "C#",
        "scale": "minor"
    },
    "key_temperley": {
        "strength": 0.798320889473,
        "key": "C#",
        "scale": "minor"
    },
    "tuning_diatonic_strength": 0.691144585609,
    "tuning_equal_tempered_deviation": 0.229244068265,
    "tuning_frequency": 434.193115234,
    "tuning_nontempered_energy_ratio": 0.944183647633,
    "hpcp": {
        "mean": [0.261905014515, 0.237952321768, 0.0879442989826, 0.0411164946854, 0.0383234880865, 0.0492223352194, 0.105469696224, 0.129732728004, 0.0808010697365, 0.057611271739, 0.074286557734, 0.152125179768, 0.341835618019, 0.379613310099, 0.21783272922, 0.113025203347, 0.0726442039013, 0.0601583905518, 0.0963619798422, 0.109477110207, 0.0815730541945, 0.167768210173, 0.246697574854, 0.171979948878, 0.101917415857, 0.0833533555269, 0.0691881254315, 0.0771683678031, 0.0827899128199, 0.0726084783673, 0.0644568875432, 0.0627310723066, 0.0948385819793, 0.244189620018, 0.300181418657, 0.209213227034]
    },
    "chords_histogram": [37.4521408081, 7.32683610916, 1.39227283001, 0, 0, 0.696136415005, 1.44448316097, 15.7848939896, 0, 0.800556898117, 0.0348068214953, 0, 0, 0, 0.730943262577, 0, 0.0174034107476, 0.504698932171, 0, 0, 0, 0, 5.91715955734, 27.8976688385],
    "thpcp": [1, 0.573827981949, 0.297737717628, 0.191363692284, 0.158472821116, 0.25384247303, 0.288391113281, 0.214884594083, 0.441945016384, 0.649865448475, 0.453039824963, 0.268476933241, 0.219574376941, 0.182259485126, 0.203281506896, 0.218090116978, 0.19126957655, 0.169796168804, 0.165249928832, 0.249829441309, 0.643258869648, 0.790755808353, 0.55112195015, 0.689925789833, 0.626828193665, 0.231668114662, 0.108311519027, 0.100954018533, 0.12966440618, 0.277834564447, 0.341749668121, 0.212850987911, 0.151763051748, 0.195690080523, 0.400737226009, 0.900483727455],
    "chords_key": "C#",
    "chords_scale": "minor"
}
}