{
"metadata": {
    "version": {
        "essentia": "2.1-beta6-dev",
        "essentia_git_sha": "v2.1_beta5-1177-g1d1cc983",
        "extractor": "music 2.0"
    },
    "audio_properties": {
        "analysis": {
            "equal_loudness": 0,
            "length": 102.42666626,
            "sample_rate": 44100,
            "start_time": 0,
            "downmix": "mix"
        },
        "bit_rate": 1411200,
        "length": 102.42666626,
        "lossless": 1,
        "number_channels": 2,
        "replay_gain": -12.6982517242,
        "sample_rate": 44100,
        "codec": "pcm_s16le",
        "md5_encoded": "bf12d1c4a39d51f324a52a55606f0ad6"
    },
    "tags": {
        "file_name": "06 - Manchester Orchestra - 100 Dollars (Album Version).wav",
        "album": ["Mean Everything To Nothing"],
        "albumartist": ["Manchester Orchestra"],
        "artist": ["Manchester Orchestra"],
        "composer": ["Andy Hull"],
        "copyright": ["(P) 2009 Sony Music Entertainment"],
        "date": ["2009"],
        "discnumber": ["1"],
        "disctotal": ["1"],
        "genre": ["Pop\/Rock"],
        "isrc": ["USSM10900803"],
        "title": ["100 Dollars (Album Version)"],
        "tracknumber": ["6"],
        "tracktotal": ["12"]
    }
},
"lowlevel": {
    "average_loudness": 0.22469586134,
    "barkbands_crest": {
        "mean": 12.7629575729
    },
    "barkbands_flatness_db": {
        "mean": 0.261504411697
    },
    "barkbands_kurtosis": {
        "mean": 20.2115135193
    },
    "barkbands_skewness": {
        "mean": 2.26875901222
    },
    "barkbands_spread": {
        "mean": 13.0461187363
    },
    "dissonance": {
        "mean": 0.391812443733
    },
    "dynamic_complexity": 11.1058740616,
    "erbbands_crest": {
        "mean": 12.373336792
    },
    "erbbands_flatness_db": {
        "mean": 0.239020809531
    },
    "erbbands_kurtosis": {
        "mean": 8.75473976135
    },
    "erbbands_skewness": {
        "mean": 1.46697211266
    },
    "erbbands_spread": {
        "mean": 25.3488941193
    },
    "hfc": {
        "mean": 13.0412063599
    },
    "loudness_ebu128": {
        "integrated": -10.9390411377,
        "loudness_range": 18.176448822,
        "momentary": {
            "mean": -21.3670845032
        },
        "short_term": {
            "mean": -18.9374828339
        }
    },
    "melbands_crest": {
        "mean": 15.6437120438
    },
    "melbands_flatness_db": {
        "mean": 0.340876221657
    },
    "melbands_kurtosis": {
        "mean": 20.9385871887
    },
    "melbands_skewness": {
        "mean": 2.46286034584
    },
    "melbands_spread": {
        "mean": 17.2823562622
    },
    "pitch_salience": {
        "mean": 0.546910643578
    },
    "silence_rate_20dB": {
        "mean": 1
    },
    "silence_rate_30dB": {
        "mean": 1
    },
    "silence_rate_60dB": {
        "mean": 0.459777921438
    },
    "spectral_centroid": {
        "mean": 885.612731934
    },
    "spectral_complexity": {
        "mean": 12.9075460434
    },
    "spectral_decrease": {
        "mean": -3.0675644247e-09
    },
    "spectral_energy": {
        "mean": 0.0127605469897
    },
    "spectral_energyband_high": {
        "mean": 0.000536833889782
    },
    "spectral_energyband_low": {
        "mean": 0.00147581845522
    },
    "spectral_energyband_middle_high": {
        "mean": 0.00322592677549
    },
    "spectral_energyband_middle_low": {
        "mean": 0.00813554320484
    },
    "spectral_entropy": {
        "mean": 6.41755056381
    },
    "spectral_flux": {
        "mean": 0.036163251847
    },
    "spectral_kurtosis": {
        "mean": 23.5526046753
    },
    "spectral_rms": {
        "mean": 0.00269527221099
    },
    "spectral_rolloff": {
        "mean": 1282.43811035
    },
    "spectral_skewness": {
        "mean": 3.00036525726
    },
    "spectral_spread": {
        "mean": 3597645.25
    },
    "spectral_strongpeak": {
        "mean": 0.699980676174
    },
    "zerocrossingrate": {
        "mean": 0.0445323996246
    },
    "barkbands": {
        "mean": [4.19617890657e-06, 0.00054146948969, 0.00041074649198, 0.000909622060135, 0.0026302668266, 0.00158484268468, 0.00110140431207, 0.000904087326489, 0.000820443616249, 0.000366353866411, 0.000261884706561, 0.000387753825635, 0.000295996112982, 0.00029932486359, 0.000293438235531, 0.000265323091298, 0.000394686736399, 0.000331206683768, 0.000291315926006, 0.000178145623067, 0.000104170423583, 0.000115547067253, 0.000114604277769, 8.90416558832e-05, 4.81643837702e-05, 1.59344635904e-05, 5.96907511863e-07]
    },
    "erbbands": {
        "mean": [0.00695767998695, 0.152523055673, 0.479802817106, 2.0670440197, 4.81299257278, 10.5998659134, 12.9911308289, 10.6534585953, 14.3529558182, 18.0436763763, 22.4739646912, 17.5567150116, 13.9704208374, 10.7112379074, 8.75453948975, 17.3479309082, 14.5304899216, 15.8213272095, 14.2377986908, 13.9928884506, 17.676902771, 20.7221412659, 20.0772895813, 12.919336319, 16.7830867767, 7.53495359421, 4.95160007477, 3.19968557358, 3.55109405518, 4.52142953873, 3.17449569702, 2.05458688736, 1.36613678932, 0.643420100212, 0.287866085768, 0.108953535557, 0.0212729815394, 0.00219984422438, 0.000105247359897, 2.10294638237e-05]
    },
    "gfcc": {
        "mean": [-209.087646484, 124.159927368, -82.3866577148, 30.9304580688, -60.4209709167, -15.8289022446, -44.6735992432, -9.64729499817, -30.4395999908, -7.45491743088, -15.843208313, -5.68200016022, -16.8154811859],
        "cov": [[55441.3125, -6237.91650391, -10642.0849609, -97.63306427, -2748.87304688, 1758.04882812, -2231.59887695, 2020.97009277, 5.73793935776, 471.557556152, -709.679992676, 839.637634277, -561.408630371], [-6237.91650391, 3594.84887695, 1241.8494873, -581.895202637, 904.545715332, -647.566650391, 686.51385498, -547.341796875, 243.841934204, -175.067993164, 254.987335205, -294.028289795, 148.721084595], [-10642.0849609, 1241.8494873, 3261.64672852, 218.739685059, 383.609954834, -317.869415283, 290.572814941, -262.347686768, 35.5696372986, -38.967716217, 127.507469177, -184.035400391, 124.908081055], [-97.63306427, -581.895202637, 218.739685059, 695.817626953, 34.2513008118, 57.5816993713, 25.4054317474, 62.099521637, 55.5943222046, 104.314727783, 24.3007259369, 30.3872394562, 88.0227890015], [-2748.87304688, 904.545715332, 383.609954834, 34.2513008118, 621.840759277, -110.965545654, 308.289764404, -107.056945801, 152.050613403, 35.8422622681, 110.778785706, -55.345993042, 104.376548767], [1758.04882812, -647.566650391, -317.869415283, 57.5816993713, -110.965545654, 352.915100098, -60.6577453613, 135.877670288, 6.99809789658, 60.2965621948, -19.3736724854, 66.2564926147, -49.8592262268], [-2231.59887695, 686.51385498, 290.572814941, 25.4054317474, 308.289764404, -60.6577453613, 432.639678955, -143.203704834, 70.9016799927, 6.45334434509, 96.0206451416, -38.5954246521, 54.6691818237], [2020.97009277, -547.341796875, -262.347686768, 62.099521637, -107.056945801, 135.877670288, -143.203704834, 308.475708008, 51.3569717407, 68.9917068481, -28.0017261505, 63.0653190613, -18.4148902893], [5.73793935776, 243.841934204, 35.5696372986, 55.5943222046, 152.050613403, 6.99809789658, 70.9016799927, 51.3569717407, 183.601776123, 50.0786132812, 40.8015861511, -16.3285961151, 40.422290802], [471.557556152, -175.067993164, -38.967716217, 104.314727783, 35.8422622681, 60.2965621948, 6.45334434509, 68.9917068481, 50.0786132812, 129.813873291, 18.8191623688, 17.8791732788, 21.1300144196], [-709.679992676, 254.987335205, 127.507469177, 24.3007259369, 110.778785706, -19.3736724854, 96.0206451416, -28.0017261505, 40.8015861511, 18.8191623688, 108.381347656, -4.88155031204, 27.5110816956], [839.637634277, -294.028289795, -184.035400391, 30.3872394562, -55.345993042, 66.2564926147, -38.5954246521, 63.0653190613, -16.3285961151, 17.8791732788, -4.88155031204, 108.810180664, -6.65437746048], [-561.408630371, 148.721084595, 124.908081055, 88.0227890015, 104.376548767, -49.8592262268, 54.6691818237, -18.4148902893, 40.422290802, 21.1300144196, 27.5110816956, -6.65437746048, 90.2366333008]],
        "icov": [[0.000119710930448, -0.000311157171382, 0.000354551360942, -0.000285293586785, 0.000408337800764, -0.000343332852935, 0.000315398792736, -0.000399422715418, 8.2451137132e-05, -0.000324357737554, 0.000306006171741, -0.000243349466473, 3.82792495657e-05], [-0.000311157171382, 0.00260969274677, -0.00111362640746, 0.00220151757821, -0.0019249554025, 0.00245595769957, -0.00169026397634, 0.00202815770172, -0.00204095616937, 0.0018731347518, -0.00227227294818, 0.00195791013539, -0.000508632685523], [0.000354551360942, -0.00111362640746, 0.00146862666588, -0.00116492889356, 0.00119587685913, -0.00100203696638, 0.000974743743427, -0.00123662757687, 0.000595746969339, -0.000973627320491, 0.000805206072982, -0.000366187334293, 5.34624414286e-05], [-0.000285293586785, 0.00220151757821, -0.00116492889356, 0.00381005066447, -0.001353961532, 0.00172115024179, -0.00154694751836, 0.0016836875584, -0.00175720266998, 0.000502260227222, -0.00179335451685, 0.00128146936186, -0.00239865318872], [0.000408337800764, -0.0019249554025, 0.00119587685913, -0.001353961532, 0.00525119714439, -0.00162199139595, -3.31810697389e-05, -0.00147073564585, -0.000578830775339, -0.00204521301202, 0.000996341463178, -0.00125217274763, -0.00152977474499], [-0.000343332852935, 0.00245595769957, -0.00100203696638, 0.00172115024179, -0.00162199139595, 0.00663167005405, -0.00210054102354, 0.000985871767625, -0.00201423559338, 0.000497475266457, -0.0020847201813, 0.000575693498831, 0.00200238963589], [0.000315398792736, -0.00169026397634, 0.000974743743427, -0.00154694751836, -3.31810697389e-05, -0.00210054102354, 0.00559457903728, 5.64879592275e-05, 0.000640384561848, -0.00130131375045, -0.000217893684749, -0.00138274382334, 0.000389908789657], [-0.000399422715418, 0.00202815770172, -0.00123662757687, 0.0016836875584, -0.00147073564585, 0.000985871767625, 5.64879592275e-05, 0.00774689158425, -0.0037105679512, -4.24311256211e-05, -0.00131264084484, -0.000421596661909, 7.55878500058e-05], [8.2451137132e-05, -0.00204095616937, 0.000595746969339, -0.00175720266998, -0.000578830775339, -0.00201423559338, 0.000640384561848, -0.0037105679512, 0.0108363786712, -0.00256981141865, 0.000430385291111, 0.000653761089779, -0.00115795212332], [-0.000324357737554, 0.0018731347518, -0.000973627320491, 0.000502260227222, -0.00204521301202, 0.000497475266457, -0.00130131375045, -4.24311256211e-05, -0.00256981141865, 0.0126368906349, -0.00292679620907, 0.00130324682686, -0.00164656282868], [0.000306006171741, -0.00227227294818, 0.000805206072982, -0.00179335451685, 0.000996341463178, -0.0020847201813, -0.000217893684749, -0.00131264084484, 0.000430385291111, -0.00292679620907, 0.0148066598922, -0.00299368076958, -0.000399070500862], [-0.000243349466473, 0.00195791013539, -0.000366187334293, 0.00128146936186, -0.00125217274763, 0.000575693498831, -0.00138274382334, -0.000421596661909, 0.000653761089779, 0.00130324682686, -0.00299368076958, 0.0137977711856, -0.00163368240464], [3.82792495657e-05, -0.000508632685523, 5.34624414286e-05, -0.00239865318872, -0.00152977474499, 0.00200238963589, 0.000389908789657, 7.55878500058e-05, -0.00115795212332, -0.00164656282868, -0.000399070500862, -0.00163368240464, 0.017984777689]]
    },
    "melbands": {
        "mean": [0.000112450637971, 0.000255226535955, 0.000409720320022, 0.000560942804441, 0.000463216885692, 0.00026377037284, 0.00022152022575, 0.0001889669511, 0.000192338236957, 0.00010369336087, 6.73667527735e-05, 4.18359813921e-05, 3.05738649331e-05, 3.62905557267e-05, 4.64234763058e-05, 2.71384815278e-05, 2.99664316117e-05, 2.16009211726e-05, 2.28737644647e-05, 1.72680174728e-05, 2.13491221075e-05, 2.09940808418e-05, 2.13953044295e-05, 1.52470183821e-05, 9.26806205825e-06, 1.35655218401e-05, 1.00888319139e-05, 3.55466272595e-06, 3.06679817186e-06, 2.51907181337e-06, 1.60040974606e-06, 1.6953724753e-06, 2.8027513963e-06, 2.35147649619e-06, 1.8961850401e-06, 1.43505383221e-06, 1.20157540096e-06, 1.01163880117e-06, 7.4206110412e-07, 4.73609986784e-07]
    },
    "melbands128": {
        "mean": [3.30171496898e-06, 1.66930494743e-05, 0.000162324737175, 0.000286611175397, 0.000240512017626, 0.000204711061087, 0.000436941510998, 0.000416953029344, 0.000450475141406, 0.000604651111644, 0.000636930635665, 0.000463856995339, 0.000448588194558, 0.000448707665782, 0.00018558485317, 0.000211053251405, 0.000255776831182, 0.000193900967133, 0.000231384125073, 0.00021311751334, 0.000159133167472, 0.000126994651509, 0.000251726683928, 0.000193797037355, 9.13577823667e-05, 8.52380544529e-05, 6.9137691753e-05, 8.33795638755e-05, 4.619444735e-05, 3.09758397634e-05, 4.72841784358e-05, 4.95862950629e-05, 2.3638471248e-05, 2.44153088715e-05, 2.15715899685e-05, 4.37255293946e-05, 5.29883109266e-05, 5.82104003115e-05, 3.19809551002e-05, 2.73380119324e-05, 2.67939813057e-05, 2.47878160735e-05, 3.3420354157e-05, 3.16268124152e-05, 2.17563519982e-05, 1.80388924491e-05, 2.35816078202e-05, 2.70719920081e-05, 2.16125627048e-05, 1.32415852931e-05, 1.56844926096e-05, 2.28755961871e-05, 1.92007537407e-05, 2.20575602725e-05, 2.43069935095e-05, 1.57200101967e-05, 2.3721213438e-05, 2.48595406447e-05, 1.82990279427e-05, 2.03019990295e-05, 1.55894431373e-05, 1.15260518214e-05, 9.51566471485e-06, 7.00108512319e-06, 1.09544325824e-05, 1.76889880095e-05, 1.16479886856e-05, 1.18724665299e-05, 1.08898602775e-05, 5.5924915614e-06, 3.89291380998e-06, 1.8988107513e-06, 2.52838117376e-06, 3.73323860003e-06, 3.10036239171e-06, 2.75452862297e-06, 2.17366005018e-06, 1.81279904155e-06, 1.42787382629e-06, 1.49436516494e-06, 1.53262681124e-06, 1.6351046952e-06, 2.41818611357e-06, 3.10789619107e-06, 3.03482556774e-06, 2.48310129791e-06, 2.1425810246e-06, 1.9601616259e-06, 1.92035440705e-06, 1.87050329714e-06, 1.5501341295e-06, 1.30705257106e-06, 1.21701566513e-06, 1.22468486552e-06, 1.17865738503e-06, 1.10352539195e-06, 9.57506358645e-07, 9.21443131574e-07, 7.71556585732e-07, 6.54756092899e-07, 5.35971878435e-07, 4.31726505212e-07, 4.14595007214e-07, 3.59858347565e-07, 3.04202586676e-07, 2.90219446697e-07, 2.88744359977e-07, 2.43903400587e-07, 1.82768843615e-07, 1.31463494313e-07, 1.07114651371e-07, 8.34987687881e-08, 5.80476857692e-08, 3.77715601019e-08, 2.70003095437e-08, 1.84115265256e-08, 1.18930048032e-08, 6.50946452296e-09, 2.88862267439e-09, 1.55944035463e-09, 8.14040945762e-10, 7.06893321656e-10, 7.29501070662e-10, 6.38071651071e-10, 4.72198113943e-10, 4.21868651124e-10, 3.58296559089e-10, 1.61391788822e-10]
    },
    "mfcc": {
        "mean": [-845.994567871, 142.188186646, 30.8807010651, 34.6944313049, 5.59928417206, -3.91171193123, -9.43325805664, -6.05974912643, -17.5925540924, -9.33855819702, -5.76952600479, -5.96971845627, -7.49799060822],
        "cov": [[47893.3984375, -3704.93237305, -8496.68652344, -840.742614746, -1854.7109375, -634.667419434, -1554.28723145, 801.325256348, 152.589675903, 792.100524902, 413.404571533, 14.3852462769, 823.253662109], [-3704.93237305, 3029.73339844, 518.593566895, -167.729995728, 158.02935791, -85.8702545166, 52.4813194275, -112.816886902, -88.3912887573, -78.2767028809, 64.2208862305, -27.0977954865, -118.275558472], [-8496.68652344, 518.593566895, 2567.95214844, 302.207794189, 380.950286865, 98.7421264648, 187.01020813, -183.525344849, -45.9181976318, -118.059379578, -102.099464417, 5.68027544022, -147.406936646], [-840.742614746, -167.729995728, 302.207794189, 541.263122559, 143.758544922, 94.9014205933, 48.6484718323, -43.4521751404, 117.182273865, 18.2583618164, 10.2487621307, 39.2679100037, 42.6809844971], [-1854.7109375, 158.02935791, 380.950286865, 143.758544922, 351.684356689, 65.021156311, 39.5419006348, -27.1542358398, 60.3332099915, 33.4022598267, 23.9892940521, 27.7065734863, -11.739692688], [-634.667419434, -85.8702545166, 98.7421264648, 94.9014205933, 65.021156311, 295.092529297, 130.401916504, 23.2629909515, 64.9158096313, 45.8344192505, 54.8726272583, 31.3079490662, 25.4905700684], [-1554.28723145, 52.4813194275, 187.01020813, 48.6484718323, 39.5419006348, 130.401916504, 229.932540894, 10.211892128, 17.8080921173, -11.2093029022, 13.9909076691, 22.8612442017, 5.13167858124], [801.325256348, -112.816886902, -183.525344849, -43.4521751404, -27.1542358398, 23.2629909515, 10.211892128, 161.517745972, 28.6934223175, 36.9088020325, 28.2585391998, 19.5203914642, 52.3398513794], [152.589675903, -88.3912887573, -45.9181976318, 117.182273865, 60.3332099915, 64.9158096313, 17.8080921173, 28.6934223175, 158.446228027, 72.5625991821, 48.460144043, 25.7846240997, 52.8109169006], [792.100524902, -78.2767028809, -118.059379578, 18.2583618164, 33.4022598267, 45.8344192505, -11.2093029022, 36.9088020325, 72.5625991821, 164.072296143, 76.0427780151, 19.8110675812, 46.6954841614], [413.404571533, 64.2208862305, -102.099464417, 10.2487621307, 23.9892940521, 54.8726272583, 13.9909076691, 28.2585391998, 48.460144043, 76.0427780151, 116.643753052, 24.96484375, 43.6003913879], [14.3852462769, -27.0977954865, 5.68027544022, 39.2679100037, 27.7065734863, 31.3079490662, 22.8612442017, 19.5203914642, 25.7846240997, 19.8110675812, 24.96484375, 88.9620742798, 40.8795585632], [823.253662109, -118.275558472, -147.406936646, 42.6809844971, -11.739692688, 25.4905700684, 5.13167858124, 52.3398513794, 52.8109169006, 46.6954841614, 43.6003913879, 40.8795585632, 125.891944885]],
        "icov": [[8.83319880813e-05, 3.89305387216e-05, 0.000207623437745, -5.94949742663e-05, 0.000198964014999, -3.62492028216e-05, 0.000409583270084, -8.12343932921e-05, 0.000125465914607, -0.00021910527721, -3.61728307325e-05, -1.70383555087e-05, -0.000188113699551], [3.89305387216e-05, 0.000423901044996, 2.97188671539e-05, 0.000143742014188, -9.31889517233e-05, 0.000204463285627, 4.33107161371e-05, 0.000139738767757, 9.7442389233e-05, 0.000189453872736, -0.000697324343491, 3.41028171533e-05, 0.000139071038575], [0.000207623437745, 2.97188671539e-05, 0.00108667253517, -0.000379215285648, -4.39156392531e-05, -0.000147018625285, 0.000609692477155, 9.4376206107e-05, 0.000566044764128, -0.000457344402093, 0.000349689595168, -0.000149343948578, -0.000107700790977], [-5.94949742663e-05, 0.000143742014188, -0.000379215285648, 0.00284803193063, -0.000711415719707, -0.000333274598233, -0.0002482845739, 0.00109457771759, -0.00195474596694, 0.000716636946891, 0.000326060893713, -0.000344963860698, -0.000776012369897], [0.000198964014999, -9.31889517233e-05, -4.39156392531e-05, -0.000711415719707, 0.00457160873339, -0.00034206797136, 0.00107243400998, -0.000115187060146, -0.000779761816375, -0.00119777850341, -0.000397459982196, -0.000928130175453, 0.000511284801178], [-3.62492028216e-05, 0.000204463285627, -0.000147018625285, -0.000333274598233, -0.00034206797136, 0.00547781540081, -0.002973012859, -0.000222279064474, -0.000847364717629, -0.000361890095519, -0.00177284225356, -0.000248181255301, 0.000626817753073], [0.000409583270084, 4.33107161371e-05, 0.000609692477155, -0.0002482845739, 0.00107243400998, -0.002973012859, 0.00830379780382, -0.0009534144192, 0.000505053263623, 0.000201725328225, -0.000297420308925, -0.000848681782372, -0.000987879000604], [-8.12343932921e-05, 0.000139738767757, 9.4376206107e-05, 0.00109457771759, -0.000115187060146, -0.000222279064474, -0.0009534144192, 0.00819619465619, -0.000878668157384, -0.000312350079184, -1.83573047252e-05, -0.000495319953188, -0.00228088907897], [0.000125465914607, 9.7442389233e-05, 0.000566044764128, -0.00195474596694, -0.000779761816375, -0.000847364717629, 0.000505053263623, -0.000878668157384, 0.0110117215663, -0.00319196027704, -0.000845650502015, 0.000191273255041, -0.00216447538696], [-0.00021910527721, 0.000189453872736, -0.000457344402093, 0.000716636946891, -0.00119777850341, -0.000361890095519, 0.000201725328225, -0.000312350079184, -0.00319196027704, 0.0111148348078, -0.00525417178869, 0.000317103520501, -0.000151403379277], [-3.61728307325e-05, -0.000697324343491, 0.000349689595168, 0.000326060893713, -0.000397459982196, -0.00177284225356, -0.000297420308925, -1.83573047252e-05, -0.000845650502015, -0.00525417178869, 0.0152497356758, -0.00134293863084, -0.00231980835088], [-1.70383555087e-05, 3.41028171533e-05, -0.000149343948578, -0.000344963860698, -0.000928130175453, -0.000248181255301, -0.000848681782372, -0.000495319953188, 0.000191273255041, 0.000317103520501, -0.00134293863084, 0.0142382634804, -0.004066423513], [-0.000188113699551, 0.000139071038575, -0.000107700790977, -0.000776012369897, 0.000511284801178, 0.000626817753073, -0.000987879000604, -0.00228088907897, -0.00216447538696, -0.000151403379277, -0.00231980835088, -0.004066423513, 0.0134384315461]]
    },
    "spectral_contrast_coeffs": {
        "mean": [-0.616384923458, -0.718837618828, -0.778960585594, -0.823056221008, -0.819832742214, -0.787024497986]
    },
    "spectral_contrast_valleys": {
        "mean": [-8.52787590027, -8.73945903778, -9.96255016327, -10.0906925201, -9.74091434479, -12.6295003891]
    }
},
"rhythm": {
    "beats_count": 246,
    "beats_loudness": {
        "mean": 0.0164309125394
    },
    "bpm": 184.570068359,
    "bpm_histogram_first_peak_bpm": 185,
    "bpm_histogram_first_peak_weight": 0,
    "bpm_histogram_second_peak_bpm": 172,
    "bpm_histogram_second_peak_spread": 0,
    "bpm_histogram_second_peak_weight": 0.146938771009,
    "danceability": 0.776896297932,
    "onset_rate": 1.79606044292,
    "beats_loudness_band_ratio": {
        "mean": [0.359240919352, 0.338670164347, 0.147439882159, 0.0626071617007, 0.0781896263361, 0.0752533152699]
    },
    "beats_position": [0.731428563595, 1.46285712719, 2.18267560005, 2.90249419212, 3.59909296036, 4.3073015213, 4.99229001999, 5.6888885498, 6.38548755646, 7.08208608627, 7.77868461609, 8.48689365387, 9.19510173798, 9.91492080688, 10.6347389221, 11.3661680222, 12.0279359818, 12.6780948639, 13.328253746, 14.0016326904, 14.6750106812, 15.3483896255, 16.0101585388, 16.6951465607, 17.3685264587, 18.0651245117, 18.7617225647, 19.458322525, 20.154920578, 20.8166885376, 21.4900684357, 22.1634464264, 22.6975059509, 23.2431735992, 23.800453186, 24.3577327728, 24.9150104523, 25.4490699768, 25.9831295013, 26.5287971497, 27.1209068298, 27.7014045715, 28.2354640961, 28.7463035583, 29.2571430206, 29.7215423584, 30.1859397888, 30.6503391266, 31.1147384644, 31.4630374908, 31.8113365173, 32.171245575, 32.5311546326, 32.8794555664, 33.239364624, 33.5876655579, 33.9475746155, 34.3074836731, 34.6790008545, 35.0389099121, 35.3872108459, 35.7355079651, 36.0954170227, 36.4669380188, 36.8152389526, 37.1635360718, 37.5118370056, 37.8717460632, 38.2200431824, 38.5683441162, 38.9282531738, 39.2881622314, 39.6364631653, 39.9847602844, 40.3330612183, 40.6813583374, 41.041267395, 41.4011802673, 41.7494773865, 42.0977783203, 42.4576873779, 42.8175964355, 43.1658935547, 43.5258026123, 43.8973236084, 44.2804527283, 44.6519737244, 45.0234909058, 45.3950119019, 45.743309021, 46.0916099548, 46.439907074, 46.7882080078, 47.1597251892, 47.5312461853, 47.9027671814, 48.262676239, 48.6225852966, 49.0637626648, 49.4933319092, 49.9229011536, 50.3640823364, 50.8052597046, 51.2580490112, 51.6760063171, 52.0939674377, 52.5119247437, 52.9182739258, 53.3362350464, 53.73097229, 54.1257133484, 54.5204544067, 54.9151916504, 55.275100708, 55.6350097656, 55.9833106995, 56.3316078186, 56.6799087524, 57.0282058716, 57.3648986816, 57.6899757385, 58.0150566101, 58.340133667, 58.6768226624, 59.0135154724, 59.3502044678, 59.6868934631, 60.0235824585, 60.3486595154, 60.673740387, 61.0104293823, 61.3471183777, 61.6721992493, 62.0204963684, 62.4152374268, 62.7751464844, 63.1466636658, 63.5181846619, 63.889705658, 64.2263946533, 64.5746917725, 64.899772644, 65.2248535156, 65.5499343872, 65.9098434448, 66.2697525024, 66.6296615601, 66.9895706177, 67.3378677368, 67.686164856, 68.0112457275, 68.3363265991, 68.6614074707, 68.9748764038, 69.2883453369, 69.6134262085, 69.9617233276, 70.3100204468, 70.6351013184, 70.9601821899, 71.2852630615, 71.6103363037, 71.9354171753, 72.2604980469, 72.5971832275, 72.9338760376, 73.2589569092, 73.5840377808, 73.9091110229, 74.2341918945, 74.5592727661, 74.8843536377, 75.2094345093, 75.5345077515, 75.859588623, 76.1846694946, 76.4981384277, 76.8348312378, 77.15990448, 77.4849853516, 77.8100662231, 78.1351470947, 78.4602279663, 78.7853012085, 79.1103820801, 79.4354629517, 79.7605438232, 80.0740127563, 80.410697937, 80.7357788086, 81.0608596802, 81.3859405518, 81.6994094849, 82.012878418, 82.3379592896, 82.6630401611, 82.9997253418, 83.3364181519, 83.661491394, 83.9865722656, 84.3116531372, 84.6483459473, 84.9850311279, 85.321723938, 85.6468048096, 85.9834899902, 86.3201828003, 86.656867981, 87.0051651001, 87.3418579102, 87.6785507202, 88.0152359009, 88.3519287109, 88.7002258301, 89.0369110107, 89.3736038208, 89.7219009399, 90.0702056885, 90.4301147461, 90.8016281128, 91.1731491089, 91.544670105, 91.9161911011, 92.3457565308, 92.7869338989, 93.216506958, 93.6460723877, 94.0640335083, 94.4819946289, 94.8999557495, 95.3179092407, 95.7358703613, 96.1538314819, 96.5833969116, 97.0013580322, 97.4193191528, 97.8372802734, 98.2436294556, 98.6615829468, 99.0795440674, 99.497505188, 99.9154663086, 100.345031738, 100.774604797, 101.204170227, 101.633743286],
    "bpm_histogram": [0, 0, 0, 0, 0, 0, 0, 0, 0, 0, 0, 0, 0, 0, 0, 0, 0, 0, 0, 0, 0, 0, 0, 0, 0, 0, 0, 0, 0, 0, 0, 0, 0, 0, 0, 0, 0, 0, 0, 0, 0, 0, 0, 0, 0, 0, 0, 0, 0, 0, 0, 0, 0, 0, 0, 0, 0, 0, 0, 0, 0, 0, 0, 0, 0, 0, 0, 0, 0, 0, 0, 0, 0, 0, 0, 0, 0, 0, 0, 0, 0, 0, 0.0081632649526, 0.0163265299052, 0, 0.0122448978946, 0.0367346927524, 0, 0.0081632649526, 0.0244897957891, 0, 0.0122448978946, 0.0081632649526, 0, 0, 0, 0, 0, 0, 0, 0, 0.0040816324763, 0, 0.0040816324763, 0, 0, 0, 0, 0.0122448978946, 0, 0.0081632649526, 0, 0.0163265299052, 0, 0, 0, 0, 0.0081632649526, 0, 0, 0, 0, 0, 0, 0, 0, 0, 0, 0, 0.0163265299052, 0, 0, 0, 0.0040816324763, 0, 0, 0.0163265299052, 0, 0, 0, 0.0408163256943, 0, 0, 0, 0.0693877562881, 0, 0, 0, 0.0081632649526, 0, 0, 0, 0.0204081628472, 0, 0, 0, 0, 0.0040816324763, 0, 0, 0, 0.0612244904041, 0.0040816324763, 0, 0, 0, 0, 0.102040819824, 0, 0, 0, 0, 0.146938771009, 0, 0, 0, 0, 0, 0.110204078257, 0, 0, 0, 0, 0, 0, 0.191836729646, 0, 0, 0, 0, 0, 0.0244897957891, 0, 0, 0, 0, 0, 0, 0, 0, 0, 0, 0, 0, 0, 0, 0, 0, 0, 0, 0, 0, 0, 0, 0, 0, 0, 0, 0, 0, 0, 0, 0, 0, 0, 0, 0, 0, 0, 0, 0, 0, 0, 0, 0, 0, 0, 0, 0, 0, 0, 0, 0, 0, 0, 0, 0, 0, 0, 0]
},
"tonal": {
    "chords_changes_rate": 0.0502945184708,
    "chords_number_rate": 0.00498414132744,
    "chords_strength": {
        "mean": 0.511544108391
    },
    "hpcp_crest": {
        "mean": 19.4537353516
    },
    "hpcp_entropy": {
        "mean": 1.36851620674
    },
    "key_edma": {
        "strength": 0.736569225788,
        "key": "Ab",
        "scale": "minor"
    },
    "key_krumhansl": {
        "strength": 0.721733748913,
        "key": "Ab",
        "scale": "minor"
    },
    "key_temperley": {
        "strength": 0.700410783291,
        "key": "Ab",
        "scale": "minor"
    },
    "tuning_diatonic_strength": 0.562769055367,
    "tuning_equal_tempered_deviation": 0.0519956573844,
    "tuning_frequency": 441.017791748,
    "tuning_nontempered_energy_ratio": 0.662159442902,
    "hpcp": {
        "mean": [0.0346593298018, 0.0403040386736, 0.100601255894, 0.192196562886, 0.13446816802, 0.0323387421668, 0.0271584875882, 0.034177839756, 0.087291687727, 0.109982170165, 0.060467004776, 0.0329243801534, 0.030054345727, 0.0327053964138, 0.054953020066, 0.0751744434237, 0.0928048864007, 0.442443460226, 0.554041326046, 0.196095973253, 0.0540988259017, 0.0408099777997, 0.0405424647033, 0.0547675900161, 0.0667774304748, 0.0515287555754, 0.0369355864823, 0.0385030172765, 0.0458691716194, 0.104220248759, 0.122783333063, 0.0778443217278, 0.113574013114, 0.159154802561, 0.102887801826, 0.0447972305119]
    },
    "chords_histogram": [2.4920706749, 1.22338020802, 2.40144991875, 0, 0, 0, 0.271862268448, 43.7698249817, 6.16221094131, 24.1957416534, 3.896692276, 5.52786588669, 0, 0.679655611515, 0, 3.48889899254, 0.860897123814, 1.63117349148, 0.58903491497, 2.26551890373, 0.0453103743494, 0.226551875472, 0.271862268448, 0],
    "thpcp": [1, 0.353937447071, 0.0976440235972, 0.0736587271094, 0.0731758847833, 0.0988510921597, 0.120527885854, 0.0930052548647, 0.0666657611728, 0.069494843483, 0.0827901661396, 0.18810915947, 0.221614032984, 0.140502735972, 0.204991951585, 0.287261605263, 0.18570420146, 0.0808553919196, 0.0625573024154, 0.0727455466986, 0.181577175856, 0.346899330616, 0.242704227567, 0.0583688281476, 0.0490188859403, 0.0616882480681, 0.157554477453, 0.198508962989, 0.109138078988, 0.0594258569181, 0.0542456768453, 0.0590306073427, 0.0991857796907, 0.135683819652, 0.167505353689, 0.79857480526],
    "chords_key": "Ab",
    "chords_scale": "major"
}
}