{
"metadata": {
    "version": {
        "essentia": "2.1-beta6-dev",
        "essentia_git_sha": "v2.1_beta5-1177-g1d1cc983",
        "extractor": "music 2.0"
    },
    "audio_properties": {
        "analysis": {
            "equal_loudness": 0,
            "length": 358.519989014,
            "sample_rate": 44100,
            "start_time": 0,
            "downmix": "mix"
        },
        "bit_rate": 1411200,
        "length": 358.519989014,
        "lossless": 1,
        "number_channels": 2,
        "replay_gain": -13.7473697662,
        "sample_rate": 44100,
        "codec": "pcm_s16le",
        "md5_encoded": "1ce2ecfbbf318cb52aa7ca7df1bf8d26"
    },
    "tags": {
        "file_name": "11 - Manchester Orchestra - The River (Album Version).wav",
        "album": ["Mean Everything To Nothing"],
        "albumartist": ["Manchester Orchestra"],
        "artist": ["Manchester Orchestra"],
        "composer": ["Andy Hull"],
        "copyright": ["(P) 2009 Sony Music Entertainment"],
        "date": ["2009"],
        "discnumber": ["1"],
        "disctotal": ["1"],
        "genre": ["Pop\/Rock"],
        "isrc": ["USSM10900808"],
        "title": ["The River (Album Version)"],
        "tracknumber": ["11"],
        "tracktotal": ["12"]
    }
},
"lowlevel": {
    "average_loudness": 0.495783984661,
    "barkbands_crest": {
        "mean": 11.2890586853
    },
    "barkbands_flatness_db": {
        "mean": 0.191753998399
    },
    "barkbands_kurtosis": {
        "mean": 8.86629199982
    },
    "barkbands_skewness": {
        "mean": 1.98013412952
    },
    "barkbands_spread": {
        "mean": 20.7009925842
    },
    "dissonance": {
        "mean": 0.450565189123
    },
    "dynamic_complexity": 5.93662452698,
    "erbbands_crest": {
        "mean": 8.57909202576
    },
    "erbbands_flatness_db": {
        "mean": 0.180308699608
    },
    "erbbands_kurtosis": {
        "mean": 2.22984957695
    },
    "erbbands_skewness": {
        "mean": 0.485593736172
    },
    "erbbands_spread": {
        "mean": 39.1321182251
    },
    "hfc": {
        "mean": 17.6404323578
    },
    "loudness_ebu128": {
        "integrated": -9.04229354858,
        "loudness_range": 13.5835704803,
        "momentary": {
            "mean": -13.4188594818
        },
        "short_term": {
            "mean": -12.4631462097
        }
    },
    "melbands_crest": {
        "mean": 16.1865940094
    },
    "melbands_flatness_db": {
        "mean": 0.272772490978
    },
    "melbands_kurtosis": {
        "mean": 22.6608829498
    },
    "melbands_skewness": {
        "mean": 3.28901100159
    },
    "melbands_spread": {
        "mean": 18.4421844482
    },
    "pitch_salience": {
        "mean": 0.52889996767
    },
    "silence_rate_20dB": {
        "mean": 1
    },
    "silence_rate_30dB": {
        "mean": 0.990869045258
    },
    "silence_rate_60dB": {
        "mean": 0.212278202176
    },
    "spectral_centroid": {
        "mean": 1286.91650391
    },
    "spectral_complexity": {
        "mean": 20.5723991394
    },
    "spectral_decrease": {
        "mean": -6.05848349267e-09
    },
    "spectral_energy": {
        "mean": 0.0244661606848
    },
    "spectral_energyband_high": {
        "mean": 0.00100541545544
    },
    "spectral_energyband_low": {
        "mean": 0.0132374698296
    },
    "spectral_energyband_middle_high": {
        "mean": 0.00408702902496
    },
    "spectral_energyband_middle_low": {
        "mean": 0.00708789471537
    },
    "spectral_entropy": {
        "mean": 7.15393066406
    },
    "spectral_flux": {
        "mean": 0.0594278201461
    },
    "spectral_kurtosis": {
        "mean": 13.4391098022
    },
    "spectral_rms": {
        "mean": 0.00423178542405
    },
    "spectral_rolloff": {
        "mean": 1219.56774902
    },
    "spectral_skewness": {
        "mean": 2.07796287537
    },
    "spectral_spread": {
        "mean": 3686426
    },
    "spectral_strongpeak": {
        "mean": 0.521845281124
    },
    "zerocrossingrate": {
        "mean": 0.0476666465402
    },
    "barkbands": {
        "mean": [0.000141589582199, 0.00763671984896, 0.00458840746433, 0.00139783206396, 0.00217998120934, 0.00111867836677, 0.000684940314386, 0.000769414647948, 0.000811391510069, 0.000561938737519, 0.000394428207073, 0.000500872265548, 0.000257216539467, 0.000262894347543, 0.000277923856629, 0.000357161654392, 0.000353338371497, 0.00050528976135, 0.00046707841102, 0.000420854921686, 0.000281341170194, 0.000179809940164, 0.000157198446686, 9.13672265597e-05, 5.01504946442e-05, 1.68246660905e-05, 1.47975288201e-06]
    },
    "erbbands": {
        "mean": [0.160080477595, 1.92706644535, 5.67893838882, 4.87371301651, 5.26798295975, 6.62461042404, 9.95624256134, 9.98256969452, 10.9370651245, 12.1917304993, 14.0030641556, 19.0412502289, 18.8213291168, 17.0623760223, 18.0892829895, 16.9974689484, 12.612165451, 12.2374563217, 14.5138273239, 15.9479179382, 20.1250553131, 21.7196216583, 28.0420131683, 25.7697162628, 22.0089969635, 20.0428581238, 13.609413147, 10.0059432983, 6.55317592621, 5.07517385483, 4.31656646729, 2.52050423622, 1.32253944874, 0.701438367367, 0.28616631031, 0.106573402882, 0.0246756430715, 0.00281733367592, 0.000263697758783, 4.44835386588e-05]
    },
    "gfcc": {
        "mean": [-82.0697021484, 124.233978271, -101.525901794, 47.0416412354, -46.7603225708, 2.69368195534, -31.0543079376, 2.87204051018, -18.5528793335, -5.39366579056, -9.33464813232, -4.01622629166, -8.54073619843],
        "cov": [[29459.7871094, -5364.24511719, -5333.40039062, 2900.08251953, -1908.43103027, 1956.49584961, -206.868621826, 1679.88452148, 57.4585189819, 414.377166748, -90.5811386108, 351.770111084, -151.775878906], [-5364.24511719, 3029.93920898, 678.259765625, -817.629089355, 822.21673584, -669.924072266, 290.055908203, -550.273803711, 131.288452148, -215.977523804, 147.114532471, -172.254669189, 133.436721802], [-5333.40039062, 678.259765625, 1728.81567383, -622.24029541, 161.173919678, -238.205276489, -95.5520019531, -283.522796631, -94.53931427, -7.8591003418, -52.8772583008, -64.2924880981, -34.0060997009], [2900.08251953, -817.629089355, -622.24029541, 982.781066895, -182.362731934, 160.779266357, 1.17641115189, 153.938171387, 61.3898544312, 51.6771087646, 62.2417030334, 19.1207065582, 84.1523590088], [-1908.43103027, 822.21673584, 161.173919678, -182.362731934, 501.710906982, -238.81942749, 123.379295349, -151.599029541, 50.7591629028, -26.4084472656, 33.5589599609, -19.5213432312, 58.0463790894], [1956.49584961, -669.924072266, -238.205276489, 160.779266357, -238.81942749, 387.408447266, 5.59736156464, 145.247802734, -12.5011711121, 44.2942047119, -23.1287574768, 33.3195724487, -34.7220535278], [-206.868621826, 290.055908203, -95.5520019531, 1.17641115189, 123.379295349, 5.59736156464, 267.734985352, -31.3874950409, 44.3241691589, 1.88106966019, 44.3851661682, -5.10683298111, 37.7162094116], [1679.88452148, -550.273803711, -283.522796631, 153.938171387, -151.599029541, 145.247802734, -31.3874950409, 261.915313721, 11.6491937637, 40.4457206726, -17.5875663757, 44.598739624, -25.348493576], [57.4585189819, 131.288452148, -94.53931427, 61.3898544312, 50.7591629028, -12.5011711121, 44.3241691589, 11.6491937637, 124.650840759, 22.4138126373, 31.0138759613, -20.7485637665, 18.6661682129], [414.377166748, -215.977523804, -7.8591003418, 51.6771087646, -26.4084472656, 44.2942047119, 1.88106966019, 40.4457206726, 22.4138126373, 116.01965332, 11.0572748184, 8.3953294754, -14.0681781769], [-90.5811386108, 147.114532471, -52.8772583008, 62.2417030334, 33.5589599609, -23.1287574768, 44.3851661682, -17.5875663757, 31.0138759613, 11.0572748184, 102.565177917, 2.84420657158, 20.7517356873], [351.770111084, -172.254669189, -64.2924880981, 19.1207065582, -19.5213432312, 33.3195724487, -5.10683298111, 44.598739624, -20.7485637665, 8.3953294754, 2.84420657158, 91.5674362183, 10.5332117081], [-151.775878906, 133.436721802, -34.0060997009, 84.1523590088, 58.0463790894, -34.7220535278, 37.7162094116, -25.348493576, 18.6661682129, -14.0681781769, 20.7517356873, 10.5332117081, 99.4231414795]],
        "icov": [[0.00020490771567, -0.000272635399597, 0.000478272442706, -0.000353215553332, 0.000355383526767, -0.00050707673654, 0.000223646318773, -0.000441352691269, 0.000390840985347, -0.000691755965818, 0.000532104575541, -0.00030287206755, 0.000309087074129], [-0.000272635399597, 0.00235755927861, -0.000634267053101, 0.00172861549072, -0.00159036729019, 0.00175315595698, -0.0010466320673, 0.00182978797238, -0.00189335469622, 0.00315453065559, -0.00280075031333, 0.00231550470926, -0.00171493226662], [0.000478272442706, -0.000634267053101, 0.00205450179055, -0.000358346587745, 0.000861298583914, -0.00100284547079, 0.000855507911183, -0.000324513210217, 0.00137559790164, -0.00222689379007, 0.00140824785922, -0.00034380069701, 0.000496159540489], [-0.000353215553332, 0.00172861549072, -0.000358346587745, 0.00311165652238, -0.000863276654854, 0.00132750882767, -0.000526232877746, 0.0012517782161, -0.00167147070169, 0.00199589016847, -0.00297529110685, 0.00229486566968, -0.00315498793498], [0.000355383526767, -0.00159036729019, 0.000861298583914, -0.000863276654854, 0.00505590438843, 0.000345719628967, -0.000596476718783, -0.000572586781345, 0.000329364236677, -0.00265889777802, 0.00234222877771, -0.00215778197162, 0.000253132602666], [-0.00050707673654, 0.00175315595698, -0.00100284547079, 0.00132750882767, 0.000345719628967, 0.00640430347994, -0.00224350509234, 0.000848917348776, -0.00152456690557, 0.00206161383539, -0.0014833479654, 0.00106340146158, -0.00071646500146], [0.000223646318773, -0.0010466320673, 0.000855507911183, -0.000526232877746, -0.000596476718783, -0.00224350509234, 0.00565442116931, -0.000527623575181, 0.000280381180346, -0.00168650969863, -0.000190772057977, -0.000583530811127, -0.000420310010668], [-0.000441352691269, 0.00182978797238, -0.000324513210217, 0.0012517782161, -0.000572586781345, 0.000848917348776, -0.000527623575181, 0.0084304753691, -0.00298678246327, 0.00172585493419, -0.00110979762394, -0.000694544694852, -0.000209540055948], [0.000390840985347, -0.00189335469622, 0.00137559790164, -0.00167147070169, 0.000329364236677, -0.00152456690557, 0.000280381180346, -0.00298678246327, 0.0126647623256, -0.0049751540646, 0.000339529622579, 0.0016505290987, 0.000102946156403], [-0.000691755965818, 0.00315453065559, -0.00222689379007, 0.00199589016847, -0.00265889777802, 0.00206161383539, -0.00168650969863, 0.00172585493419, -0.0049751540646, 0.0152167296037, -0.00524124875665, 0.0020488423761, -0.00042451536865], [0.000532104575541, -0.00280075031333, 0.00140824785922, -0.00297529110685, 0.00234222877771, -0.0014833479654, -0.000190772057977, -0.00110979762394, 0.000339529622579, -0.00524124875665, 0.0157705284655, -0.00427682744339, 0.00183117750566], [-0.00030287206755, 0.00231550470926, -0.00034380069701, 0.00229486566968, -0.00215778197162, 0.00106340146158, -0.000583530811127, -0.000694544694852, 0.0016505290987, 0.0020488423761, -0.00427682744339, 0.0160475689918, -0.00478198844939], [0.000309087074129, -0.00171493226662, 0.000496159540489, -0.00315498793498, 0.000253132602666, -0.00071646500146, -0.000420310010668, -0.000209540055948, 0.000102946156403, -0.00042451536865, 0.00183117750566, -0.00478198844939, 0.0154246306047]]
    },
    "melbands": {
        "mean": [0.00179614394438, 0.00277823931538, 0.000852461496834, 0.000434907473391, 0.000350935501046, 0.000222697082791, 0.000152153370436, 0.000150575026055, 0.000105852406705, 0.000125044418382, 9.4063943834e-05, 7.10317472112e-05, 5.34242099093e-05, 6.28480920568e-05, 3.0760817026e-05, 2.77388153336e-05, 2.18236000364e-05, 2.34674225794e-05, 2.16691259993e-05, 2.25421117648e-05, 2.33060709434e-05, 2.11326969293e-05, 2.416202733e-05, 2.43016747845e-05, 2.06434197025e-05, 1.65467772604e-05, 1.42426106322e-05, 1.33221319629e-05, 8.6382669906e-06, 7.62185254644e-06, 5.13507438882e-06, 3.87260070056e-06, 3.0250951113e-06, 2.74101989817e-06, 2.52033055403e-06, 2.25095936912e-06, 1.25018050312e-06, 9.58919031291e-07, 7.12369853773e-07, 5.51033735974e-07]
    },
    "melbands128": {
        "mean": [0.000133200534037, 0.000997220049612, 0.00242445408367, 0.00345181673765, 0.00338139431551, 0.00190365500748, 0.00100195722189, 0.000594740384258, 0.000507549091708, 0.000489413796458, 0.000297558697639, 0.00043544176151, 0.000363009166904, 0.000246560375672, 0.000251578079769, 0.000163938821061, 0.000217070948565, 0.000146563179442, 8.33818121464e-05, 0.000116335540952, 0.000219875888433, 0.000157865040819, 6.98783042026e-05, 7.87370227044e-05, 0.00012492670794, 0.000157222311827, 9.12280447665e-05, 7.56120862206e-05, 0.000120348100609, 6.28296547802e-05, 7.16321446816e-05, 4.83228941448e-05, 4.09252679674e-05, 5.91782518313e-05, 9.18185469345e-05, 5.38673702977e-05, 2.9124890716e-05, 4.26020851592e-05, 1.82899257197e-05, 2.79712239717e-05, 3.1931882404e-05, 2.27724631259e-05, 2.17070173676e-05, 1.66550144058e-05, 3.25781220454e-05, 2.14147457882e-05, 1.89773545571e-05, 2.361546467e-05, 2.40150748141e-05, 1.5223945411e-05, 2.74623944279e-05, 2.11312562897e-05, 2.86859794869e-05, 2.09242552955e-05, 1.67101225088e-05, 2.21202262765e-05, 2.44280508923e-05, 2.10971320485e-05, 2.38316133618e-05, 3.14417156915e-05, 2.25623443839e-05, 2.07530029002e-05, 2.3691518436e-05, 2.12052873394e-05, 1.5251923287e-05, 1.57827143994e-05, 1.91847229871e-05, 1.24715897982e-05, 1.43946290336e-05, 1.42160170071e-05, 1.33959183586e-05, 1.33100893436e-05, 1.06552543002e-05, 6.92598632668e-06, 7.20289517631e-06, 8.67070320965e-06, 7.7887889347e-06, 5.44347676623e-06, 4.72219699077e-06, 4.76417790196e-06, 4.19480284108e-06, 3.5114687762e-06, 3.002208814e-06, 3.15674560625e-06, 2.81708275907e-06, 2.67151176558e-06, 2.68769008471e-06, 2.94104711429e-06, 2.43810723077e-06, 2.35022230299e-06, 2.45959563472e-06, 2.31981039178e-06, 1.58885836754e-06, 1.3088997548e-06, 9.04188595996e-07, 1.06072286599e-06, 9.82569531516e-07, 8.5562322738e-07, 7.0782630246e-07, 6.29218789072e-07, 6.39637562472e-07, 5.64664162539e-07, 4.23242454417e-07, 3.67918232769e-07, 3.14244118726e-07, 2.74300248293e-07, 2.20632131231e-07, 2.09524799288e-07, 1.85544521969e-07, 1.60669159754e-07, 1.22241232248e-07, 9.23729146507e-08, 7.11172418733e-08, 4.95281362589e-08, 3.27206350903e-08, 2.13092157253e-08, 1.49110537251e-08, 1.15338476547e-08, 9.44428624194e-09, 7.0095111937e-09, 5.37776712051e-09, 4.29102575694e-09, 3.56205132057e-09, 3.18254156362e-09, 3.13548231823e-09, 2.66432764739e-09, 1.59867930005e-09, 6.44841957609e-10]
    },
    "mfcc": {
        "mean": [-721.520996094, 141.715789795, 11.6443729401, 42.4270477295, 10.2415494919, 6.55133628845, 0.831005096436, 7.10695028305, -3.73037791252, 1.19115114212, -1.11058592796, 0.156775340438, -1.71584355831],
        "cov": [[29775.3808594, -6406.40185547, -3763.97680664, 762.930603027, -1165.95727539, 247.479492188, 90.3318786621, 997.653564453, 445.354248047, 639.67401123, 49.4408874512, 458.63949585, 292.078887939], [-6406.40185547, 3416.93505859, 385.667114258, -239.804901123, 301.492950439, -51.9368095398, 25.4030342102, -194.607025146, -109.605628967, -171.929702759, 26.9669532776, -154.17755127, -64.796585083], [-3763.97680664, 385.667114258, 1286.92565918, -196.365325928, 130.865158081, -0.36715683341, -26.6941928864, -177.695632935, -100.082267761, -59.7381515503, -27.8981437683, -43.6939125061, -64.2426528931], [762.930603027, -239.804901123, -196.365325928, 541.950317383, 48.2242164612, 25.5235385895, 7.81460142136, -17.4641189575, 48.5835189819, 10.2970666885, -20.5226364136, 32.4131584167, 30.0138607025], [-1165.95727539, 301.492950439, 130.865158081, 48.2242164612, 234.484115601, -21.1830406189, -36.6932373047, -71.9467544556, -15.0032644272, -31.5057182312, 3.48639965057, -24.7234268188, -18.8324432373], [247.479492188, -51.9368095398, -0.36715683341, 25.5235385895, -21.1830406189, 192.468719482, 49.2603340149, 5.07056093216, 19.0365104675, 23.2603855133, -10.287935257, 18.16979599, 15.4408311844], [90.3318786621, 25.4030342102, -26.6941928864, 7.81460142136, -36.6932373047, 49.2603340149, 138.133804321, 29.6840839386, 15.0619354248, 7.03126955032, -3.32945346832, 7.38107633591, 9.95069217682], [997.653564453, -194.607025146, -177.695632935, -17.4641189575, -71.9467544556, 5.07056093216, 29.6840839386, 170.136230469, 31.516834259, 17.222612381, -2.29302668571, 15.6832351685, 15.4800462723], [445.354248047, -109.605628967, -100.082267761, 48.5835189819, -15.0032644272, 19.0365104675, 15.0619354248, 31.516834259, 120.260688782, 29.0963916779, -11.2719898224, 13.9193792343, 24.249540329], [639.67401123, -171.929702759, -59.7381515503, 10.2970666885, -31.5057182312, 23.2603855133, 7.03126955032, 17.222612381, 29.0963916779, 128.897857666, 44.4339675903, 11.3105278015, 4.99698734283], [49.4408874512, 26.9669532776, -27.8981437683, -20.5226364136, 3.48639965057, -10.287935257, -3.32945346832, -2.29302668571, -11.2719898224, 44.4339675903, 88.3977584839, 10.1219987869, -3.18634104729], [458.63949585, -154.17755127, -43.6939125061, 32.4131584167, -24.7234268188, 18.16979599, 7.38107633591, 15.6832351685, 13.9193792343, 11.3105278015, 10.1219987869, 83.8777389526, 39.9486083984], [292.078887939, -64.796585083, -64.2426528931, 30.0138607025, -18.8324432373, 15.4408311844, 9.95069217682, 15.4800462723, 24.249540329, 4.99698734283, -3.18634104729, 39.9486083984, 82.6583709717]],
        "icov": [[0.000112686546345, 0.000142080956721, 0.000239129309193, -1.81046743819e-05, 0.000161313160788, -6.11678042333e-05, 5.99229606451e-05, -0.000168161175679, 5.23867856828e-05, -0.00021749373991, 8.44553651405e-05, -0.00015078864817, 5.19889399584e-05], [0.000142080956721, 0.000591480580624, 0.000307502923533, 0.00015863669978, -0.000207224627957, -9.21042010305e-05, -0.00022991860169, 6.30396534689e-05, 0.000100064084108, 0.000229429511819, -0.000291823904263, 0.000427064485848, -0.000132004235638], [0.000239129309193, 0.000307502923533, 0.00157733226661, 0.000394840026274, -6.85134073137e-05, -0.000244521390414, -1.47735354403e-05, 0.000570938340388, 0.000568035349716, -0.000486110337079, 0.000747297017369, -0.000526547257323, 0.000549569434952], [-1.81046743819e-05, 0.00015863669978, 0.000394840026274, 0.00231742113829, -0.000940995640121, -0.000118886833661, -0.000330194219714, 0.000774748972617, -0.00046903238399, -6.83106991346e-05, 0.000687416060828, -0.000566472124774, -0.000201792237931], [0.000161313160788, -0.000207224627957, -6.85134073137e-05, -0.000940995640121, 0.00623126095161, 2.07371303986e-05, 0.00135280459654, 0.000977896037512, -0.000495681131724, 0.000626264198218, -0.000848881027196, 0.000470050872536, 0.000473468942801], [-6.11678042333e-05, -9.21042010305e-05, -0.000244521390414, -0.000118886833661, 2.07371303986e-05, 0.00615064427257, -0.00207773502916, 0.000482725241454, -0.000240111810854, -0.00128358788788, 0.00131640478503, -0.000935616786592, -0.000336482800776], [5.99229606451e-05, -0.00022991860169, -1.47735354403e-05, -0.000330194219714, 0.00135280459654, -0.00207773502916, 0.00873722229153, -0.00143869232852, -0.000491752522066, 2.58342911508e-08, -0.000105759550934, -0.000101022458693, -0.000180590388482], [-0.000168161175679, 6.30396534689e-05, 0.000570938340388, 0.000774748972617, 0.000977896037512, 0.000482725241454, -0.00143869232852, 0.00846151541919, -0.00119478418492, 0.00041041043005, 0.000264883274212, -8.09103512438e-05, -9.77673771558e-05], [5.23867856828e-05, 0.000100064084108, 0.000568035349716, -0.00046903238399, -0.000495681131724, -0.000240111810854, -0.000491752522066, -0.00119478418492, 0.0106313666329, -0.00297011248767, 0.00274936808273, -0.000184156757314, -0.00202439725399], [-0.00021749373991, 0.000229429511819, -0.000486110337079, -6.83106991346e-05, 0.000626264198218, -0.00128358788788, 2.58342911508e-08, 0.00041041043005, -0.00297011248767, 0.0121911680326, -0.00694724172354, 0.00141828693449, 8.2060963905e-05], [8.44553651405e-05, -0.000291823904263, 0.000747297017369, 0.000687416060828, -0.000848881027196, 0.00131640478503, -0.000105759550934, 0.000264883274212, 0.00274936808273, -0.00694724172354, 0.0162329003215, -0.00353626441211, 0.00127603975125], [-0.00015078864817, 0.000427064485848, -0.000526547257323, -0.000566472124774, 0.000470050872536, -0.000935616786592, -0.000101022458693, -8.09103512438e-05, -0.000184156757314, 0.00141828693449, -0.00353626441211, 0.0178276058286, -0.00781083432958], [5.19889399584e-05, -0.000132004235638, 0.000549569434952, -0.000201792237931, 0.000473468942801, -0.000336482800776, -0.000180590388482, -9.77673771558e-05, -0.00202439725399, 8.2060963905e-05, 0.00127603975125, -0.00781083432958, 0.016935069114]]
    },
    "spectral_contrast_coeffs": {
        "mean": [-0.729586780071, -0.75575697422, -0.781033396721, -0.800880014896, -0.802102744579, -0.758641004562]
    },
    "spectral_contrast_valleys": {
        "mean": [-6.67185306549, -7.42185211182, -8.30026912689, -8.58137702942, -8.32211589813, -11.4098806381]
    }
},
"rhythm": {
    "beats_count": 685,
    "beats_loudness": {
        "mean": 0.0382365323603
    },
    "bpm": 143.919143677,
    "bpm_histogram_first_peak_bpm": 144,
    "bpm_histogram_first_peak_weight": 0.498154938221,
    "bpm_histogram_second_peak_bpm": 96,
    "bpm_histogram_second_peak_spread": 0.67364013195,
    "bpm_histogram_second_peak_weight": 0.114035084844,
    "danceability": 0.977885603905,
    "onset_rate": 1.71250402927,
    "beats_loudness_band_ratio": {
        "mean": [0.646692693233, 0.196306750178, 0.0818755626678, 0.0460201762617, 0.0411147512496, 0.0407132916152]
    },
    "beats_position": [0.684988677502, 1.38158726692, 2.07818579674, 2.76317453384, 3.42494320869, 4.08671188354, 4.73687076569, 5.38702917099, 6.03718805313, 6.68734693527, 7.33750534058, 7.99927425385, 8.66104316711, 9.31120204926, 9.96135997772, 10.623128891, 11.2732877731, 11.9234466553, 12.5852155685, 13.235373497, 13.8855323792, 14.5356912613, 15.1974601746, 15.8592290878, 16.50938797, 17.1595458984, 17.8097057343, 18.4598636627, 19.1100215912, 19.760181427, 20.4103393555, 21.0721092224, 21.733877182, 22.3840351105, 23.0458049774, 23.707572937, 24.3112926483, 24.9150104523, 25.4839000702, 26.0527877808, 26.6100673676, 27.2486171722, 27.8871650696, 28.5257129669, 29.1642627716, 29.7912006378, 30.4181404114, 31.0450782776, 31.6952381134, 32.3453979492, 33.0768241882, 33.7850341797, 34.4932403564, 35.2014503479, 35.8980484009, 36.5946464539, 37.2912483215, 37.9994544983, 38.6960525513, 39.4042625427, 40.1008605957, 40.7394104004, 41.3779602051, 42.0048980713, 42.6434440613, 43.281993866, 43.9321517944, 44.5823135376, 45.2208595276, 45.8710212708, 46.532787323, 47.2177772522, 47.9492073059, 48.6806335449, 49.4120635986, 50.1318817139, 50.7472114563, 51.3509292603, 51.9662590027, 52.5119247437, 53.0692062378, 53.7193641663, 54.3695220947, 55.0080718994, 55.6466217041, 56.2851676941, 56.912109375, 57.5390472412, 58.1892051697, 58.8393630981, 59.4779129028, 60.1280708313, 60.766620636, 61.4051704407, 62.0437164307, 62.6822662354, 63.3092041016, 63.9361457825, 64.5746917725, 65.2132415771, 65.8517913818, 66.4903411865, 67.1288909912, 67.7674331665, 68.4059829712, 69.0445327759, 69.6830825806, 70.3216323853, 70.9601821899, 71.5987319946, 72.2372741699, 72.8758239746, 73.5143737793, 74.152923584, 74.7914733887, 75.4184112549, 76.0569610596, 76.6955108643, 77.3340606689, 77.9726028442, 78.6111526489, 79.2497024536, 79.8766403198, 80.503578186, 81.1305236816, 81.7226257324, 82.1173706055, 82.5121078491, 82.9184570312, 83.3248062134, 83.7311553955, 84.1491165161, 84.5670700073, 84.9850311279, 85.414604187, 85.8441696167, 86.2621307373, 86.6800918579, 87.0980453491, 87.5160064697, 87.9455795288, 88.3751449585, 88.7931060791, 89.2226715088, 89.6406326294, 90.0702056885, 90.4997711182, 90.9293441772, 91.3472976685, 91.7652587891, 92.1832199097, 92.6011810303, 93.0191345215, 93.4487075806, 93.8782730103, 94.2962341309, 94.7141952515, 95.1321487427, 95.5501098633, 95.9796829224, 96.4092483521, 96.8388214111, 97.2567749023, 97.6747360229, 98.104309082, 98.5222625732, 98.9402236938, 99.3581848145, 99.7761459351, 100.194099426, 100.612060547, 101.041633606, 101.471199036, 101.889160156, 102.307121277, 102.725074768, 103.143035889, 103.572608948, 104.002174377, 104.420135498, 104.838096619, 105.267662048, 105.697235107, 106.126800537, 106.556373596, 106.974327087, 107.392288208, 107.810249329, 108.22820282, 108.64616394, 109.064125061, 109.482086182, 109.888435364, 110.318000793, 110.747573853, 111.177139282, 111.606712341, 112.036277771, 112.46585083, 112.89541626, 113.31337738, 113.731338501, 114.149291992, 114.567253113, 114.996826172, 115.426391602, 115.844352722, 116.262313843, 116.691879272, 117.121452332, 117.539405823, 117.957366943, 118.375328064, 118.793289185, 119.211242676, 119.629203796, 120.047164917, 120.465126038, 120.894691467, 121.312652588, 121.742218018, 122.171791077, 122.601356506, 123.030929565, 123.437278748, 123.84362793, 124.249977112, 124.667930603, 125.085891724, 125.503852844, 125.933418274, 126.351379395, 126.757728577, 127.175689697, 127.593650818, 128.011611938, 128.42956543, 128.835922241, 129.242263794, 129.660217285, 130.078186035, 130.496139526, 130.914108276, 131.343673706, 131.761627197, 132.191192627, 132.597549438, 133.003890991, 133.421859741, 133.839813232, 134.246170044, 134.652511597, 135.070480347, 135.488433838, 135.906387329, 136.335968018, 136.753921509, 137.171875, 137.58984375, 138.007797241, 138.414154053, 138.832107544, 139.250061035, 139.656417847, 140.074371338, 140.480728149, 140.898681641, 141.316635132, 141.734603882, 142.164169312, 142.593734741, 143.011703491, 143.429656982, 143.847610474, 144.265579224, 144.683532715, 145.101501465, 145.519454956, 145.925796509, 146.33215332, 146.738494873, 147.144851685, 147.562805176, 147.980773926, 148.410339355, 148.828292847, 149.246261597, 149.652603149, 150.070556641, 150.488525391, 150.906478882, 151.324447632, 151.742401123, 152.160354614, 152.589935303, 153.019500732, 153.437454224, 153.855422974, 154.273376465, 154.679718018, 155.086074829, 155.50402832, 155.910385132, 156.316726685, 156.734695435, 157.152648926, 157.582214355, 158.011795044, 158.429748535, 158.847702026, 159.254058838, 159.660400391, 160.078369141, 160.496322632, 160.902679443, 161.309020996, 161.726974487, 162.144943237, 162.586120605, 163.015686035, 163.642623901, 164.269561768, 164.884887695, 165.500228882, 166.11555481, 166.742492676, 167.369430542, 167.996368408, 168.623306274, 169.250244141, 169.865570068, 170.480911255, 171.096237183, 171.71156311, 172.338500977, 172.965438843, 173.580764771, 174.196090698, 174.811431885, 175.438369751, 176.053695679, 176.680633545, 177.307571411, 177.922897339, 178.538223267, 179.153549194, 179.768890381, 180.395828247, 181.022766113, 181.649703979, 182.253417969, 182.880355835, 183.507293701, 184.134231567, 184.761169434, 185.3881073, 186.003448486, 186.618774414, 187.234100342, 187.84942627, 188.476364136, 189.103302002, 189.718643188, 190.333969116, 190.960906982, 191.57623291, 192.191558838, 192.818496704, 193.44543457, 194.072372437, 194.699310303, 195.314651489, 195.929977417, 196.556915283, 197.172241211, 197.787567139, 198.402893066, 199.018234253, 199.633560181, 200.248886108, 200.875823975, 201.502761841, 202.129699707, 202.756637573, 203.371963501, 203.987304688, 204.614242554, 205.24118042, 205.868118286, 206.495056152, 207.11038208, 207.725708008, 208.410705566, 209.095687866, 209.745849609, 210.396011353, 211.046157837, 211.69631958, 212.346481323, 212.996643066, 213.635192871, 214.296951294, 214.947113037, 215.59727478, 216.247436523, 216.897598267, 217.570968628, 218.244354248, 218.906112671, 219.591110229, 220.264480591, 220.937866211, 221.634460449, 222.331054688, 222.992828369, 223.666213989, 224.327972412, 224.978134155, 225.628295898, 226.266845703, 226.905395508, 227.532333374, 228.170883179, 228.809432983, 229.447982788, 230.086532593, 230.655410767, 231.212692261, 231.769973755, 232.338867188, 232.884536743, 233.441802979, 233.999084473, 234.556365967, 235.183303833, 235.821853638, 236.460403442, 237.098953247, 237.725891113, 238.364440918, 239.002990723, 239.641540527, 240.280090332, 240.930252075, 241.58039856, 242.25378418, 242.915557861, 243.577316284, 244.146209717, 244.715103149, 245.353652954, 245.9921875, 246.619140625, 247.257675171, 247.896224976, 248.546386719, 249.196548462, 249.765441895, 250.345932007, 250.926437378, 251.42565918, 251.936508179, 252.43572998, 252.969787598, 253.503845215, 254.037902832, 254.571975708, 255.094421387, 255.605255127, 256.127716064, 256.650146484, 257.102935791, 257.555725098, 258.008514404, 258.449707031, 258.879272461, 259.308837891, 259.73840332, 260.191192627, 260.643981934, 261.085174561, 261.537963867, 261.990753174, 262.431915283, 262.861480713, 263.30267334, 263.743835449, 264.196624756, 264.719085693, 265.218322754, 265.729156494, 266.228393555, 266.727600098, 267.238464355, 267.737670898, 268.236907959, 268.73614502, 269.23538208, 269.734588623, 270.245422363, 270.779510498, 271.325164795, 271.859222412, 272.486175537, 273.124725342, 273.763275146, 274.401794434, 275.040344238, 275.667297363, 276.294250488, 276.921173096, 277.548126221, 278.175048828, 278.802001953, 279.428924561, 280.055877686, 280.671203613, 281.286529541, 281.913452148, 282.540405273, 283.167327881, 283.794281006, 284.421234131, 285.048156738, 285.675109863, 286.290435791, 286.905761719, 287.532684326, 288.159637451, 288.786560059, 289.413513184, 290.040435791, 290.655792236, 291.271118164, 291.898040771, 292.524993896, 293.140319824, 293.767242432, 294.394195557, 295.009521484, 295.624847412, 296.251800537, 296.867126465, 297.459228516, 298.074554443, 298.689880371, 299.165893555, 299.653503418, 300.141113281, 300.617126465, 301.093139648, 301.557556152, 301.952270508, 302.358642578, 302.764984131, 303.171325684, 303.577667236, 303.995635986, 304.401977539, 304.808349609, 305.214691162, 305.621032715, 306.039001465, 306.445343018, 306.85168457, 307.26965332, 307.664398193, 308.082366943, 308.500305176, 308.895050049, 309.301391602, 309.707763672, 310.102478027, 310.520446777, 310.91519165, 311.321533203, 311.727874756, 312.145843506, 312.540588379, 312.946929932, 313.364898682, 313.782836914, 314.189208984, 314.607147217, 315.013519287, 315.41986084, 315.814605713, 316.209350586, 316.627288818, 317.045257568, 317.451599121, 317.869567871, 318.264312744, 318.670654297, 319.088623047, 319.4949646, 319.901306152, 320.319274902, 320.725616455, 321.131958008, 321.526702881, 321.921447754, 322.339416504, 322.757354736, 323.163726807, 323.570068359, 323.988006592, 324.405975342, 324.812316895, 325.218688965, 325.625030518, 326.03137207, 326.437713623, 326.844085693, 327.250427246, 327.656768799, 328.063110352, 328.469482422, 328.875823975, 329.282165527, 329.700134277, 330.10647583, 330.512817383, 330.907562256, 331.313903809, 331.720275879, 332.114990234, 332.544586182, 332.974151611, 333.403717041, 333.84487915, 334.367340088, 334.878173828, 335.400634766, 335.888244629, 336.375854492, 336.863494873, 337.339508057, 337.803894043, 338.279907227, 338.75592041, 339.231933594, 339.70791626, 340.183929443, 340.648345947, 341.112731934, 341.577148438, 342.029937744, 342.49432373, 342.958709717, 343.423126221, 343.887512207, 344.351928711, 344.816314697, 345.280731201, 345.733520508, 346.186309814, 346.650695801, 347.115081787, 347.579498291, 347.997467041, 348.415405273, 348.821777344, 349.27456665, 349.727325439, 350.180114746, 350.632904053, 351.027648926, 351.434020996, 351.840362549, 352.246704102, 352.641448975, 353.047790527, 353.4425354, 353.848876953, 354.266845703, 354.684814453, 355.102752686, 355.474273682, 355.845794678, 356.217315674, 356.60043335, 356.971954346, 357.343475342, 357.714996338],
    "bpm_histogram": [0, 0, 0, 0, 0, 0, 0, 0, 0, 0, 0, 0, 0, 0, 0, 0, 0, 0, 0, 0, 0, 0, 0, 0, 0, 0, 0, 0, 0, 0, 0, 0, 0, 0, 0, 0, 0, 0, 0, 0, 0, 0, 0, 0, 0, 0, 0, 0, 0, 0, 0, 0, 0, 0, 0, 0, 0, 0, 0, 0, 0, 0, 0, 0, 0, 0, 0, 0, 0, 0, 0, 0, 0, 0, 0, 0, 0, 0, 0, 0, 0, 0, 0.00584795325994, 0.00146198831499, 0, 0.00730994157493, 0.0131578948349, 0, 0.00730994157493, 0.00877192988992, 0, 0.0277777779847, 0.0672514587641, 0, 0.0906432718039, 0, 0.114035084844, 0, 0.071637429297, 0.00584795325994, 0, 0.00292397662997, 0, 0.00292397662997, 0, 0.0102339182049, 0, 0, 0.0102339182049, 0, 0.00438596494496, 0, 0.00877192988992, 0, 0, 0.00877192988992, 0, 0.00877192988992, 0, 0, 0.0146198831499, 0, 0, 0.00730994157493, 0, 0, 0.0131578948349, 0, 0, 0.0219298247248, 0, 0, 0, 0.0219298247248, 0, 0, 0.0102339182049, 0, 0, 0, 0.0833333358169, 0, 0, 0, 0.198830410838, 0, 0, 0, 0.114035084844, 0, 0, 0, 0.0263157896698, 0, 0, 0, 0, 0.00146198831499, 0, 0, 0, 0.00877192988992, 0, 0, 0, 0, 0, 0, 0, 0, 0, 0, 0, 0, 0, 0, 0, 0, 0, 0, 0, 0, 0, 0, 0, 0, 0, 0, 0, 0, 0, 0, 0, 0, 0, 0, 0, 0, 0, 0, 0, 0, 0, 0, 0, 0, 0, 0, 0, 0, 0, 0, 0, 0, 0, 0, 0, 0, 0, 0, 0, 0, 0, 0, 0, 0, 0, 0, 0, 0, 0, 0, 0, 0, 0, 0, 0, 0, 0, 0, 0, 0, 0, 0, 0, 0, 0, 0, 0, 0]
},
"tonal": {
    "chords_changes_rate": 0.0363895371556,
    "chords_number_rate": 0.00103600102011,
    "chords_strength": {
        "mean": 0.564133524895
    },
    "hpcp_crest": {
        "mean": 13.5154056549
    },
    "hpcp_entropy": {
        "mean": 2.03593683243
    },
    "key_edma": {
        "strength": 0.846194505692,
        "key": "C#",
        "scale": "major"
    },
    "key_krumhansl": {
        "strength": 0.847666323185,
        "key": "C#",
        "scale": "major"
    },
    "key_temperley": {
        "strength": 0.843853056431,
        "key": "C#",
        "scale": "major"
    },
    "tuning_diatonic_strength": 0.696561157703,
    "tuning_equal_tempered_deviation": 0.190584093332,
    "tuning_frequency": 434.193115234,
    "tuning_nontempered_energy_ratio": 0.939048171043,
    "hpcp": {
        "mean": [0.0513530746102, 0.036806859076, 0.039164416492, 0.0659129545093, 0.0677381306887, 0.043181527406, 0.0295720919967, 0.0236087460071, 0.0364667028189, 0.0946251899004, 0.109547801316, 0.152062952518, 0.389993727207, 0.372045308352, 0.117400884628, 0.0386830791831, 0.032381426543, 0.0463561564684, 0.111948721111, 0.122173905373, 0.0560058802366, 0.0330854319036, 0.0352256037295, 0.0739888623357, 0.166985109448, 0.144555583596, 0.0623627007008, 0.0998534634709, 0.129189684987, 0.0840035229921, 0.0452817045152, 0.0406970083714, 0.0828137397766, 0.351803421974, 0.417399793863, 0.157387286425]
    },
    "chords_histogram": [63.1054115295, 8.58585834503, 5.38720560074, 0, 0, 0, 0, 0, 3.79435372353, 0.297850310802, 0.518000543118, 0, 0, 0.0259000267833, 0, 2.33100223541, 0, 2.27920222282, 0, 0, 0, 0, 11.7974615097, 1.87775182724],
    "thpcp": [1, 0.377066046, 0.123030908406, 0.088181309402, 0.0938295051455, 0.15791323781, 0.162285968661, 0.103453636169, 0.0708483606577, 0.0565614700317, 0.0873663648963, 0.226701572537, 0.262452930212, 0.364310085773, 0.934340953827, 0.891340434551, 0.281267225742, 0.0926763266325, 0.0775789245963, 0.111059367657, 0.268205016851, 0.29270234704, 0.134178027511, 0.0792655646801, 0.0843929573894, 0.177261382341, 0.400060355663, 0.346324056387, 0.149407595396, 0.239227384329, 0.309510648251, 0.201254352927, 0.108485206962, 0.0975012630224, 0.19840388, 0.842845201492],
    "chords_key": "C#",
    "chords_scale": "major"
}
}