{
"metadata": {
    "version": {
        "essentia": "2.1-beta6-dev",
        "essentia_git_sha": "v2.1_beta5-1177-g1d1cc983",
        "extractor": "music 2.0"
    },
    "audio_properties": {
        "analysis": {
            "equal_loudness": 0,
            "length": 102.893333435,
            "sample_rate": 44100,
            "start_time": 0,
            "downmix": "mix"
        },
        "bit_rate": 1411200,
        "length": 102.893333435,
        "lossless": 1,
        "number_channels": 2,
        "replay_gain": -1.15287590027,
        "sample_rate": 44100,
        "codec": "pcm_s16le",
        "md5_encoded": "56af688a1df0731b78fea65b164f9fca"
    },
    "tags": {
        "file_name": "10 - Manchester Orchestra - Don't Let Them See You Cry.wav",
        "album": ["I'm Like a Virgin Losing a Child"],
        "albumartist": ["Manchester Orchestra"],
        "artist": ["Manchester Orchestra"],
        "copyright": ["2006 Favorite Gentlemen 2006 Favorite Gentlemen"],
        "date": ["2006"],
        "discnumber": ["1"],
        "disctotal": ["1"],
        "genre": ["Alternative & Indie"],
        "isrc": ["USTC10665315"],
        "title": ["Don't Let Them See You Cry"],
        "tracknumber": ["10"],
        "tracktotal": ["11"]
    }
},
"lowlevel": {
    "average_loudness": 0.561394393444,
    "barkbands_crest": {
        "mean": 11.063700676
    },
    "barkbands_flatness_db": {
        "mean": 0.231311738491
    },
    "barkbands_kurtosis": {
        "mean": 7.91314506531
    },
    "barkbands_skewness": {
        "mean": 1.64707398415
    },
    "barkbands_spread": {
        "mean": 12.7400217056
    },
    "dissonance": {
        "mean": 0.400699228048
    },
    "dynamic_complexity": 6.39143037796,
    "erbbands_crest": {
        "mean": 9.48283958435
    },
    "erbbands_flatness_db": {
        "mean": 0.233095124364
    },
    "erbbands_kurtosis": {
        "mean": 3.00438308716
    },
    "erbbands_skewness": {
        "mean": 0.882241129875
    },
    "erbbands_spread": {
        "mean": 22.4972515106
    },
    "hfc": {
        "mean": 10.2175331116
    },
    "loudness_ebu128": {
        "integrated": -24.3416633606,
        "loudness_range": 5.89720916748,
        "momentary": {
            "mean": -28.5637207031
        },
        "short_term": {
            "mean": -26.817937851
        }
    },
    "melbands_crest": {
        "mean": 14.2113018036
    },
    "melbands_flatness_db": {
        "mean": 0.33344990015
    },
    "melbands_kurtosis": {
        "mean": 10.3841218948
    },
    "melbands_skewness": {
        "mean": 2.09685492516
    },
    "melbands_spread": {
        "mean": 12.9169425964
    },
    "pitch_salience": {
        "mean": 0.613485217094
    },
    "silence_rate_20dB": {
        "mean": 1
    },
    "silence_rate_30dB": {
        "mean": 0.986465156078
    },
    "silence_rate_60dB": {
        "mean": 0.120911344886
    },
    "spectral_centroid": {
        "mean": 728.55670166
    },
    "spectral_complexity": {
        "mean": 10.9988718033
    },
    "spectral_decrease": {
        "mean": -4.64249705345e-09
    },
    "spectral_energy": {
        "mean": 0.0184485800564
    },
    "spectral_energyband_high": {
        "mean": 0.000304397690343
    },
    "spectral_energyband_low": {
        "mean": 0.00422290945426
    },
    "spectral_energyband_middle_high": {
        "mean": 0.00184735364746
    },
    "spectral_energyband_middle_low": {
        "mean": 0.0142507208511
    },
    "spectral_entropy": {
        "mean": 6.5100107193
    },
    "spectral_flux": {
        "mean": 0.0426227636635
    },
    "spectral_kurtosis": {
        "mean": 34.9176139832
    },
    "spectral_rms": {
        "mean": 0.00366354477592
    },
    "spectral_rolloff": {
        "mean": 1616.85827637
    },
    "spectral_skewness": {
        "mean": 4.12368059158
    },
    "spectral_spread": {
        "mean": 3520654.25
    },
    "spectral_strongpeak": {
        "mean": 0.699327766895
    },
    "zerocrossingrate": {
        "mean": 0.0577243603766
    },
    "barkbands": {
        "mean": [7.15462738299e-05, 0.00013464440417, 0.00192778499331, 0.00410119956359, 0.00353920599446, 0.00266992743127, 0.00182516139466, 0.00113359442912, 0.000811404257547, 0.000519922643434, 0.000199687245185, 9.37423683354e-05, 0.000166033540154, 0.000136863265652, 0.000125651044073, 0.000133326597279, 0.000155624133185, 0.00021438470867, 7.33899942134e-05, 0.000180216040462, 7.60789989727e-05, 1.18551160995e-05, 1.05589060695e-05, 3.76481475541e-05, 7.91940328781e-05, 1.93506148207e-05, 6.10176812188e-07]
    },
    "erbbands": {
        "mean": [0.00290996790864, 0.0634885728359, 1.5174279213, 9.21568202972, 13.5006151199, 10.7132387161, 14.7120809555, 22.6336727142, 28.0340442657, 22.1990737915, 25.2134933472, 20.1708755493, 17.4204006195, 11.383357048, 8.30519104004, 4.06910467148, 7.26695680618, 7.73930358887, 7.14157247543, 6.12228965759, 7.99997711182, 8.68395805359, 12.6009016037, 4.67662143707, 6.61914491653, 7.69675159454, 4.10716867447, 2.13917398453, 0.567639768124, 0.209859609604, 0.346077531576, 0.551779150963, 0.80730676651, 0.903416335583, 0.530335426331, 0.144317403436, 0.0255913864821, 0.00210239482112, 0.000122956000268, 2.66978331638e-05]
    },
    "gfcc": {
        "mean": [-142.222717285, 144.639434814, -85.6609344482, -21.811164856, -44.4674720764, -15.1711788177, -52.6583366394, 9.63224315643, -31.2009429932, -0.313109099865, -22.2024784088, -13.8038282394, -2.40588665009],
        "cov": [[31637.3144531, 3848.67333984, -2698.92651367, 673.741027832, -1410.69116211, 139.113296509, -2067.85571289, 628.832580566, -1927.90344238, -155.959274292, -1143.77624512, -792.216491699, -198.092788696], [3848.67333984, 4844.38037109, -415.227111816, -1412.66186523, 452.087860107, -638.106262207, -148.609237671, -318.908935547, 101.684127808, -307.699157715, -256.132446289, -167.71786499, 2.9263253212], [-2698.92651367, -415.227111816, 1042.69213867, -84.5244903564, -5.92010498047, 225.60295105, 1.54040205479, 52.4765205383, 148.153503418, 145.373474121, 95.2377471924, 72.9733581543, -42.5274467468], [673.741027832, -1412.66186523, -84.5244903564, 773.184143066, -208.948379517, 130.742019653, -37.6231765747, 150.54586792, -146.078964233, 76.7708206177, 16.8407497406, 9.38231277466, -5.98427772522], [-1410.69116211, 452.087860107, -5.92010498047, -208.948379517, 379.145812988, -110.131561279, 88.7065505981, -84.3850021362, 120.524604797, -89.8234634399, 1.40579152107, 2.17632722855, -13.6355209351], [139.113296509, -638.106262207, 225.60295105, 130.742019653, -110.131561279, 354.9503479, -75.6476745605, 68.7976303101, -79.2351455688, 86.4707717896, 23.4375362396, -7.41918516159, -38.0456085205], [-2067.85571289, -148.609237671, 1.54040205479, -37.6231765747, 88.7065505981, -75.6476745605, 305.937896729, -84.403427124, 127.359176636, 4.05577993393, 62.6293983459, 49.7327690125, 24.3770465851], [628.832580566, -318.908935547, 52.4765205383, 150.54586792, -84.3850021362, 68.7976303101, -84.403427124, 165.143249512, -52.3094558716, 48.2491455078, -2.81730556488, -0.626313865185, -5.33305311203], [-1927.90344238, 101.684127808, 148.153503418, -146.078964233, 120.524604797, -79.2351455688, 127.359176636, -52.3094558716, 237.33531189, 10.6505289078, 61.2381401062, 50.5392608643, 14.4129962921], [-155.959274292, -307.699157715, 145.373474121, 76.7708206177, -89.8234634399, 86.4707717896, 4.05577993393, 48.2491455078, 10.6505289078, 143.254150391, 42.2707672119, 16.9797420502, -1.54767310619], [-1143.77624512, -256.132446289, 95.2377471924, 16.8407497406, 1.40579152107, 23.4375362396, 62.6293983459, -2.81730556488, 61.2381401062, 42.2707672119, 132.425872803, 62.0448150635, -3.35590338707], [-792.216491699, -167.71786499, 72.9733581543, 9.38231277466, 2.17632722855, -7.41918516159, 49.7327690125, -0.626313865185, 50.5392608643, 16.9797420502, 62.0448150635, 97.4198074341, 10.9079771042], [-198.092788696, 2.9263253212, -42.5274467468, -5.98427772522, -13.6355209351, -38.0456085205, 24.3770465851, -5.33305311203, 14.4129962921, -1.54767310619, -3.35590338707, 10.9079771042, 77.7270507812]],
        "icov": [[0.00058695289772, -0.000839173211716, 0.00112759706099, -0.000866506597959, 0.00128585542552, -0.000631310627796, 0.00164634094108, -0.000806628260761, 0.00152088166215, -0.00104002223816, 0.00183447997551, -0.000269836105872, 0.00123695493676], [-0.000839173211716, 0.0020252300892, -0.00152394920588, 0.00256426655687, -0.0019732916262, 0.00197961437516, -0.00175195280463, 0.00146246550139, -0.00185809237882, 0.00135694816709, -0.0020317574963, 0.000835204438772, -0.00141208746936], [0.00112759706099, -0.00152394920588, 0.00375989126042, -0.00124203239102, 0.00238978886046, -0.00210567377508, 0.00350366090424, -0.0018355618231, 0.00176538887899, -0.00294418749399, 0.00368137401529, -0.0012486781925, 0.00300467270426], [-0.000866506597959, 0.00256426655687, -0.00124203239102, 0.00537188444287, -0.00161426700652, 0.00234664021991, -0.00210432941094, 0.000207933961065, -0.000902853731532, 0.00106835714541, -0.00201558391564, 0.000753368076403, -0.00103525724262], [0.00128585542552, -0.0019732916262, 0.00238978886046, -0.00161426700652, 0.00715640280396, -0.00133435428143, 0.00290621048771, -0.00164987472817, 0.00156737258658, 0.000154908266268, 0.0039036765229, -0.000106092105852, 0.00400816230103], [-0.000631310627796, 0.00197961437516, -0.00210567377508, 0.00234664021991, -0.00133435428143, 0.00673722475767, -0.000705247395672, 0.00119319616351, 0.000546164636035, -0.000454951834399, -0.00209263944998, 0.00163332163356, 0.000281889457256], [0.00164634094108, -0.00175195280463, 0.00350366090424, -0.00210432941094, 0.00290621048771, -0.000705247395672, 0.0104128429666, 0.000360308185918, 0.00254375417717, -0.00390083203092, 0.0045040990226, -0.00130024913233, 0.00276795914397], [-0.000806628260761, 0.00146246550139, -0.0018355618231, 0.000207933961065, -0.00164987472817, 0.00119319616351, 0.000360308185918, 0.0107089783996, -0.0018291346496, -0.000664303952362, -0.00187784084119, -0.000199647169211, -0.00190983654466], [0.00152088166215, -0.00185809237882, 0.00176538887899, -0.000902853731532, 0.00156737258658, 0.000546164636035, 0.00254375417717, -0.0018291346496, 0.0128859179094, -0.00413472950459, 0.00322829303332, -0.00165500096045, 0.00236130529083], [-0.00104002223816, 0.00135694816709, -0.00294418749399, 0.00106835714541, 0.000154908266268, -0.000454951834399, -0.00390083203092, -0.000664303952362, -0.00413472950459, 0.013666447252, -0.00576689699665, 0.00166743493173, -0.00269214296713], [0.00183447997551, -0.0020317574963, 0.00368137401529, -0.00201558391564, 0.0039036765229, -0.00209263944998, 0.0045040990226, -0.00187784084119, 0.00322829303332, -0.00576689699665, 0.0190984457731, -0.00718943215907, 0.00584998633713], [-0.000269836105872, 0.000835204438772, -0.0012486781925, 0.000753368076403, -0.000106092105852, 0.00163332163356, -0.00130024913233, -0.000199647169211, -0.00165500096045, 0.00166743493173, -0.00718943215907, 0.0165834594518, -0.00246697454713], [0.00123695493676, -0.00141208746936, 0.00300467270426, -0.00103525724262, 0.00400816230103, 0.000281889457256, 0.00276795914397, -0.00190983654466, 0.00236130529083, -0.00269214296713, 0.00584998633713, -0.00246697454713, 0.0175847355276]]
    },
    "melbands": {
        "mean": [3.28403657477e-05, 0.00063896010397, 0.00172114011366, 0.000856262282468, 0.000513604201842, 0.00051433884073, 0.000417367584305, 0.000233914121054, 0.000198504756554, 0.000117670417239, 8.66875780048e-05, 4.88399273308e-05, 2.86294671241e-05, 1.3010728253e-05, 1.21108960229e-05, 1.69736977114e-05, 1.39628918987e-05, 1.13286851047e-05, 8.44206806505e-06, 9.33243791224e-06, 9.36745345825e-06, 9.42030783335e-06, 9.30288024392e-06, 1.10449364001e-05, 2.76922469311e-06, 3.22959158439e-06, 7.28821578377e-06, 4.5214351303e-06, 2.94376764032e-06, 1.76436424226e-06, 9.79843889581e-07, 3.42290007893e-07, 1.21291165556e-07, 1.10653878949e-07, 1.79818059109e-07, 2.52244888088e-07, 3.64134393749e-07, 5.29463420662e-07, 6.83447410665e-07, 7.89833848103e-07]
    },
    "melbands128": {
        "mean": [3.8050537114e-05, 2.04422103707e-05, 1.97358476726e-05, 7.5322604971e-05, 0.000411152373999, 0.00113580888137, 0.00192728498951, 0.00200909562409, 0.00133425032254, 0.000809950230177, 0.000519789580721, 0.0004669734044, 0.00039658418973, 0.000745288445614, 0.000551351753529, 0.000378991913749, 0.000408364197938, 0.00052133022109, 0.000290261436021, 0.000236402018345, 0.000195061526028, 0.000219185385504, 0.000222917835345, 0.000138304603752, 0.000147514045238, 9.42350598052e-05, 9.18768491829e-05, 8.74436882441e-05, 8.23327209218e-05, 6.61382291582e-05, 2.87181082967e-05, 2.65498056251e-05, 3.43942665495e-05, 2.83324679913e-05, 1.44308723975e-05, 9.24425330595e-06, 7.95201412984e-06, 9.12658288144e-06, 1.88067879208e-05, 1.55844300025e-05, 1.71091814991e-05, 1.79766902875e-05, 1.30478283609e-05, 1.36045227919e-05, 1.03575303001e-05, 1.01674995676e-05, 1.40238998938e-05, 8.09505854704e-06, 6.78446576785e-06, 6.66529422233e-06, 1.18034240586e-05, 8.49119896884e-06, 9.34523086471e-06, 8.31541819935e-06, 1.27572220663e-05, 9.85713541013e-06, 6.30664271739e-06, 7.08166771801e-06, 9.52243226493e-06, 1.58027614816e-05, 1.25700153149e-05, 7.51361631046e-06, 2.82456016976e-06, 1.43830754951e-06, 1.99127839551e-06, 3.30838793161e-06, 3.55558495357e-06, 5.9511926338e-06, 1.04247019408e-05, 5.74126534048e-06, 4.1854355004e-06, 4.02156456403e-06, 3.41249779012e-06, 3.40367364515e-06, 1.30658861508e-06, 1.84636303402e-06, 2.03148442779e-06, 1.27060172872e-06, 9.58100144999e-07, 4.57631813333e-07, 4.81932318053e-07, 2.37098930711e-07, 1.58934582828e-07, 1.14905589044e-07, 7.47814112856e-08, 1.03572126875e-07, 1.07264717997e-07, 1.57056788908e-07, 1.68263099454e-07, 2.09451400224e-07, 2.36025272216e-07, 2.49575748512e-07, 3.10594288067e-07, 3.65039937833e-07, 3.9061563939e-07, 4.53721327176e-07, 6.13231009083e-07, 5.48579748738e-07, 6.20389528194e-07, 7.94359777956e-07, 8.11267113932e-07, 7.91219861185e-07, 7.68046106714e-07, 7.31976115276e-07, 6.97762686741e-07, 4.83368808091e-07, 3.50897266799e-07, 2.84536412209e-07, 2.41748409735e-07, 1.82789221981e-07, 1.2665209681e-07, 1.02662561119e-07, 6.9825880189e-08, 4.0786488853e-08, 2.18644764516e-08, 1.43404710329e-08, 1.09764561884e-08, 5.76712055889e-09, 3.544869287e-09, 2.55776888558e-09, 1.57288548852e-09, 8.44837200198e-10, 4.89154661221e-10, 3.50835610563e-10, 5.3093635044e-10, 5.96363958216e-10, 2.02786454295e-10, 8.18987586082e-11]
    },
    "mfcc": {
        "mean": [-799.466247559, 206.529815674, 3.71623635292, 3.33889746666, 13.5775976181, -24.5803985596, -3.40004658699, -18.8475837708, 5.34093046188, -2.83889222145, -14.0705575943, -1.15762877464, -9.11213779449],
        "cov": [[21176.5683594, 1023.3380127, -945.641418457, 220.370605469, 454.177032471, -926.396179199, 494.559509277, -774.546142578, 87.2555389404, -425.396514893, -928.126708984, 84.6608657837, -761.369689941], [1023.3380127, 5834.94726562, -622.572753906, -463.408538818, 136.201400757, -191.664886475, -446.42300415, -73.0595703125, -11.8939523697, 19.9770488739, -111.269454956, -455.948913574, -109.203872681], [-945.641418457, -622.572753906, 962.276306152, -126.575195312, 54.4999160767, 75.1151809692, 22.6617622375, -53.8157310486, 14.5669736862, 21.8468856812, 83.5311813354, 149.472564697, 96.3773956299], [220.370605469, -463.408538818, -126.575195312, 412.658111572, -49.235206604, -59.9021682739, 14.8539457321, 24.3868751526, 22.5874061584, -0.141503423452, -25.0214710236, 7.6180973053, 5.70843935013], [454.177032471, 136.201400757, 54.4999160767, -49.235206604, 282.227111816, -36.6633911133, -2.19893836975, -7.31720066071, -2.15108346939, -27.4282646179, -24.2224369049, 23.7756347656, -16.021276474], [-926.396179199, -191.664886475, 75.1151809692, -59.9021682739, -36.6633911133, 198.017196655, 16.0791606903, 25.405216217, -5.07112216949, 8.57835769653, 65.7295684814, 21.353181839, 28.990688324], [494.559509277, -446.42300415, 22.6617622375, 14.8539457321, -2.19893836975, 16.0791606903, 182.667480469, -21.9398593903, -1.35688662529, -29.0330371857, -11.9099292755, 59.6953773499, -20.5014133453], [-774.546142578, -73.0595703125, -53.8157310486, 24.3868751526, -7.31720066071, 25.405216217, -21.9398593903, 130.551437378, -14.2833185196, -3.98381662369, 36.3138923645, -9.66366577148, 15.4533643723], [87.2555389404, -11.8939523697, 14.5669736862, 22.5874061584, -2.15108346939, -5.07112216949, -1.35688662529, -14.2833185196, 103.577453613, 25.8053684235, -20.5086479187, -20.6225337982, -8.17039871216], [-425.396514893, 19.9770488739, 21.8468856812, -0.141503423452, -27.4282646179, 8.57835769653, -29.0330371857, -3.98381662369, 25.8053684235, 118.335258484, 21.3675842285, -55.8304214478, 24.2888145447], [-928.126708984, -111.269454956, 83.5311813354, -25.0214710236, -24.2224369049, 65.7295684814, -11.9099292755, 36.3138923645, -20.5086479187, 21.3675842285, 129.421936035, 35.8385620117, 41.7851867676], [84.6608657837, -455.948913574, 149.472564697, 7.6180973053, 23.7756347656, 21.353181839, 59.6953773499, -9.66366577148, -20.6225337982, -55.8304214478, 35.8385620117, 182.359588623, 23.157125473], [-761.369689941, -109.203872681, 96.3773956299, 5.70843935013, -16.021276474, 28.990688324, -20.5014133453, 15.4533643723, -8.17039871216, 24.2888145447, 41.7851867676, 23.157125473, 109.934837341]],
        "icov": [[0.000125997554278, -1.11665513032e-05, 7.05565471435e-05, -2.85292862827e-05, -7.85813899711e-05, 0.000290755502647, -0.00018386283773, 0.000508456781972, 2.13612620428e-05, 0.000115511378681, 0.000404323916882, -0.000180798961082, 0.000467731908429], [-1.11665513032e-05, 0.000320999475662, 0.000154118781211, 0.000369019340724, -0.000102358084405, 0.000192363746464, 0.000618041434791, 0.000278670602711, -1.52523318775e-06, 0.000329296162818, -0.000182957097422, 0.000610241666436, -3.41760642186e-05], [7.05565471435e-05, 0.000154118781211, 0.00159835873637, 0.00056311453227, -0.000359210505849, 9.63763523032e-05, 0.00024170333927, 0.00107415614184, -0.000473082822282, -0.000233646089328, -0.000235180472373, -0.000962208432611, -0.000663888873532], [-2.85292862827e-05, 0.000369019340724, 0.00056311453227, 0.00332987005822, 0.000462016527308, 0.00116245995741, 0.000428909639595, -0.000526747200638, -0.000799842411652, 0.000129408144858, 0.000170051076566, -2.08621549973e-05, -0.000731057894882], [-7.85813899711e-05, -0.000102358084405, -0.000359210505849, 0.000462016527308, 0.00405200896785, 0.000525275419932, 0.000187164681847, -0.000798846886028, -0.000100913144706, 0.00032085069688, 0.000476497894851, -0.000660257937852, 0.000123789708596], [0.000290755502647, 0.000192363746464, 9.63763523032e-05, 0.00116245995741, 0.000525275419932, 0.00755405239761, -0.00103065441363, 0.000511987891514, -0.000580622232519, 0.000807441829238, -0.00194875593297, 0.000147679791553, 0.000368264707504], [-0.00018386283773, 0.000618041434791, 0.00024170333927, 0.000428909639595, 0.000187164681847, -0.00103065441363, 0.00814644712955, 0.000637707998976, -1.68052902154e-05, 0.00061246950645, 0.000188891834114, -0.00108209799509, 0.000854603247717], [0.000508456781972, 0.000278670602711, 0.00107415614184, -0.000526747200638, -0.000798846886028, 0.000511987891514, 0.000637707998976, 0.0118420347571, 0.000627890054602, 0.00232035596855, -0.00145671353675, 0.00101083051413, 0.000961512967478], [2.13612620428e-05, -1.52523318775e-06, -0.000473082822282, -0.000799842411652, -0.000100913144706, -0.000580622232519, -1.68052902154e-05, 0.000627890054602, 0.0111942496151, -0.00267540011555, 0.00212264293805, 0.000407179439208, 0.00118020433001], [0.000115511378681, 0.000329296162818, -0.000233646089328, 0.000129408144858, 0.00032085069688, 0.000807441829238, 0.00061246950645, 0.00232035596855, -0.00267540011555, 0.0131941493601, -0.00305226026103, 0.0053495937027, -0.0021335654892], [0.000404323916882, -0.000182957097422, -0.000235180472373, 0.000170051076566, 0.000476497894851, -0.00194875593297, 0.000188891834114, -0.00145671353675, 0.00212264293805, -0.00305226026103, 0.0140976831317, -0.00388881843537, -6.79728400428e-05], [-0.000180798961082, 0.000610241666436, -0.000962208432611, -2.08621549973e-05, -0.000660257937852, 0.000147679791553, -0.00108209799509, 0.00101083051413, 0.000407179439208, 0.0053495937027, -0.00388881843537, 0.011098655872, -0.00229182187468], [0.000467731908429, -3.41760642186e-05, -0.000663888873532, -0.000731057894882, 0.000123789708596, 0.000368264707504, 0.000854603247717, 0.000961512967478, 0.00118020433001, -0.0021335654892, -6.79728400428e-05, -0.00229182187468, 0.0139345051721]]
    },
    "spectral_contrast_coeffs": {
        "mean": [-0.634368121624, -0.715754508972, -0.725042164326, -0.7748721838, -0.778805077076, -0.836647927761]
    },
    "spectral_contrast_valleys": {
        "mean": [-7.61097192764, -7.2754073143, -8.77884292603, -9.22572231293, -10.0121297836, -12.4327993393]
    }
},
"rhythm": {
    "beats_count": 229,
    "beats_loudness": {
        "mean": 0.0267076734453
    },
    "bpm": 137.288452148,
    "bpm_histogram_first_peak_bpm": 136,
    "bpm_histogram_first_peak_weight": 0.534591138363,
    "bpm_histogram_second_peak_bpm": 123,
    "bpm_histogram_second_peak_spread": 0.555555522442,
    "bpm_histogram_second_peak_weight": 0.0701754391193,
    "danceability": 0.990426659584,
    "onset_rate": 2.81797337532,
    "beats_loudness_band_ratio": {
        "mean": [0.386616080999, 0.326149880886, 0.223937660456, 0.0492147915065, 0.0362531915307, 0.0375910624862]
    },
    "beats_position": [0.452789098024, 0.9287981987, 1.40480720997, 1.8575963974, 2.31038546562, 2.76317453384, 3.21596360207, 3.65714287758, 4.09832191467, 4.55111122131, 4.99229001999, 5.4334692955, 5.87464857101, 6.31582736969, 6.74539661407, 7.18657588959, 7.63936471939, 8.08054447174, 8.52172279358, 8.98612213135, 9.42730140686, 9.8800907135, 10.321269989, 10.7508392334, 11.1920175552, 11.6331968307, 12.0743761063, 12.5039453506, 12.933514595, 13.3746938705, 13.8158731461, 14.2454423904, 14.6750106812, 15.1277999878, 15.5805892944, 16.0217685699, 16.4629478455, 16.904127121, 17.3453063965, 17.786485672, 18.2276649475, 18.6572322845, 19.0868015289, 19.5163707733, 19.9459400177, 20.3755092621, 20.8050785065, 21.246257782, 21.6874370575, 22.128616333, 22.5930156708, 23.0458049774, 23.4985942841, 23.9513835907, 24.4157810211, 24.8801803589, 25.3445796967, 25.8089790344, 26.2733783722, 26.73777771, 27.2718353271, 27.8058948517, 28.2935142517, 28.7927436829, 29.2803630829, 29.7563705444, 30.2323799133, 30.7083892822, 31.1960086823, 31.6836280823, 32.171245575, 32.6704750061, 33.111656189, 33.5528335571, 33.99401474, 34.4351921082, 34.8763694763, 35.3175506592, 35.7471199036, 36.1766891479, 36.6178665161, 37.0474357605, 37.4770050049, 37.9181861877, 38.3361434937, 38.765712738, 39.1952819824, 39.6364631653, 40.0776405334, 40.5188217163, 40.9599990845, 41.4011802673, 41.830745697, 42.2487068176, 42.678276062, 43.1078453064, 43.5374145508, 43.9669837952, 44.3965530396, 44.8261222839, 45.2556915283, 45.6852607727, 46.1148300171, 46.5560073853, 46.9971885681, 47.4383659363, 47.8795471191, 48.3207244873, 48.7619056702, 49.1914749146, 49.6210403442, 50.0390014648, 50.4569587708, 50.8865280151, 51.3160972595, 51.7572784424, 52.1868476868, 52.6164169312, 53.0459861755, 53.4755554199, 53.9167327881, 54.3695220947, 54.8107032776, 55.2518806458, 55.6930618286, 56.122631073, 56.5522003174, 56.9817695618, 57.4229469299, 57.8641242981, 58.2936935425, 58.7232627869, 59.1528320312, 59.6288414001, 60.1164627075, 60.5924720764, 61.0684814453, 61.556098938, 62.0437164307, 62.5429458618, 63.0305671692, 63.5297966003, 63.9709739685, 64.4121551514, 64.8417205811, 65.2828979492, 65.7124710083, 66.142036438, 66.5832214355, 67.0360107422, 67.4771881104, 67.9183654785, 68.3595428467, 68.8007278442, 69.2419052124, 69.6830825806, 70.1242599487, 70.5654373169, 71.0066223145, 71.4129714966, 71.8193206787, 72.2256698608, 72.608795166, 72.9803161621, 73.3518371582, 73.7465744019, 74.1297073364, 74.5128326416, 74.8843536377, 75.2790908813, 75.673828125, 76.1266174316, 76.5678024292, 77.0089797974, 77.4501571655, 77.8913345337, 78.3209075928, 78.7620849609, 79.1916503906, 79.6212234497, 80.0507888794, 80.4803619385, 80.9099273682, 81.3395004272, 81.7690658569, 82.198638916, 82.6282043457, 83.0577774048, 83.4989547729, 83.928527832, 84.3580932617, 84.7876663208, 85.2172317505, 85.6584091187, 86.0995864868, 86.5291595459, 86.9587249756, 87.3999099731, 87.8178634644, 88.2474365234, 88.6770019531, 89.1065750122, 89.5361404419, 89.965713501, 90.3952789307, 90.8248519897, 91.2544174194, 91.695602417, 92.2296600342, 92.7637176514, 93.2861633301, 93.8550567627, 94.4355545044, 95.0160522461, 95.4920654297, 95.9680709839, 96.4440765381, 96.9200897217, 97.4077072144, 97.895324707, 98.3713378906, 98.8473434448, 99.3233566284, 99.8109741211, 100.298591614, 100.786209106, 101.273826599, 101.749839783, 102.237457275],
    "bpm_histogram": [0, 0, 0, 0, 0, 0, 0, 0, 0, 0, 0, 0, 0, 0, 0, 0, 0, 0, 0, 0, 0, 0, 0, 0, 0, 0, 0, 0, 0, 0, 0, 0, 0, 0, 0, 0, 0, 0, 0, 0, 0, 0, 0, 0, 0, 0, 0, 0, 0, 0, 0, 0, 0, 0, 0, 0, 0, 0, 0, 0, 0, 0, 0, 0, 0, 0, 0, 0, 0, 0, 0, 0, 0, 0, 0, 0, 0, 0, 0, 0, 0, 0, 0, 0, 0, 0, 0, 0, 0, 0, 0, 0, 0, 0, 0, 0, 0, 0, 0, 0, 0, 0, 0, 0.00877192988992, 0, 0.00438596494496, 0, 0, 0, 0, 0, 0, 0.0175438597798, 0, 0, 0.00438596494496, 0, 0, 0, 0, 0.0175438597798, 0, 0, 0.0701754391193, 0, 0, 0.0701754391193, 0, 0, 0.0350877195597, 0, 0, 0, 0.065789476037, 0, 0, 0.324561417103, 0, 0, 0, 0.307017534971, 0, 0, 0, 0.0219298247248, 0, 0, 0, 0.0131578948349, 0, 0, 0, 0.0131578948349, 0, 0, 0, 0, 0.0131578948349, 0, 0, 0, 0.0131578948349, 0, 0, 0, 0, 0, 0, 0, 0, 0, 0, 0, 0, 0, 0, 0, 0, 0, 0, 0, 0, 0, 0, 0, 0, 0, 0, 0, 0, 0, 0, 0, 0, 0, 0, 0, 0, 0, 0, 0, 0, 0, 0, 0, 0, 0, 0, 0, 0, 0, 0, 0, 0, 0, 0, 0, 0, 0, 0, 0, 0, 0, 0, 0, 0, 0, 0, 0, 0, 0, 0, 0, 0, 0, 0, 0, 0, 0, 0, 0, 0, 0, 0, 0, 0, 0, 0, 0, 0]
},
"tonal": {
    "chords_changes_rate": 0.0414975173771,
    "chords_number_rate": 0.00405954010785,
    "chords_strength": {
        "mean": 0.529474079609
    },
    "hpcp_crest": {
        "mean": 16.6842765808
    },
    "hpcp_entropy": {
        "mean": 1.53715717793
    },
    "key_edma": {
        "strength": 0.683691501617,
        "key": "A",
        "scale": "minor"
    },
    "key_krumhansl": {
        "strength": 0.697590529919,
        "key": "A",
        "scale": "minor"
    },
    "key_temperley": {
        "strength": 0.691010355949,
        "key": "A",
        "scale": "minor"
    },
    "tuning_diatonic_strength": 0.446585983038,
    "tuning_equal_tempered_deviation": 0.0711211711168,
    "tuning_frequency": 441.272583008,
    "tuning_nontempered_energy_ratio": 0.621265411377,
    "hpcp": {
        "mean": [0.348284214735, 0.174524962902, 0.0193596333265, 0.0209516175091, 0.039922490716, 0.0888330414891, 0.120311155915, 0.0991061031818, 0.180115282536, 0.209482759237, 0.085137359798, 0.0445490330458, 0.0444607324898, 0.0327314175665, 0.129926338792, 0.185048729181, 0.0886922478676, 0.0268126241863, 0.022092981264, 0.0416745580733, 0.224730342627, 0.324035972357, 0.160978361964, 0.0911888852715, 0.0880241394043, 0.0497329868376, 0.062561288476, 0.0610258504748, 0.0415265895426, 0.16667047143, 0.229565039277, 0.0954934284091, 0.0550318881869, 0.0690660253167, 0.0439982637763, 0.203789830208]
    },
    "chords_histogram": [27.1538124084, 23.7257556915, 0.360847979784, 16.9147491455, 1.12765002251, 5.77356767654, 0, 8.75056362152, 0, 0.135317996144, 0, 0, 0, 0, 0.902119994164, 0, 6.99142980576, 0, 0, 0, 0, 0.135317996144, 1.57870995998, 6.45015764236],
    "thpcp": [1, 0.501099288464, 0.0555857345462, 0.0601566657424, 0.114626184106, 0.255059063435, 0.345439583063, 0.284555256367, 0.51715028286, 0.601470708847, 0.244447946548, 0.127910003066, 0.12765647471, 0.0939790457487, 0.373046875, 0.531315267086, 0.254654794931, 0.0769848972559, 0.0634337738156, 0.11965674907, 0.645249843597, 0.93037801981, 0.462204009295, 0.26182320714, 0.252736508846, 0.142794266343, 0.179627120495, 0.17521853745, 0.119231902063, 0.478547304869, 0.659131348133, 0.274182468653, 0.158008560538, 0.198303639889, 0.126328617334, 0.585125088692],
    "chords_key": "A",
    "chords_scale": "minor"
}
}