{
"metadata": {
    "version": {
        "essentia": "2.1-beta6-dev",
        "essentia_git_sha": "v2.1_beta5-1177-g1d1cc983",
        "extractor": "music 2.0"
    },
    "audio_properties": {
        "analysis": {
            "equal_loudness": 0,
            "length": 219.039993286,
            "sample_rate": 44100,
            "start_time": 0,
            "downmix": "mix"
        },
        "bit_rate": 1411200,
        "length": 219.039993286,
        "lossless": 1,
        "number_channels": 2,
        "replay_gain": -14.1526432037,
        "sample_rate": 44100,
        "codec": "pcm_s16le",
        "md5_encoded": "031a8e0f6ce259ed8008fe098d15a9e6"
    },
    "tags": {
        "file_name": "06 - Manchester Orchestra - Every Stone.wav",
        "album": ["Cope (Deluxe Version)"],
        "albumartist": ["Manchester Orchestra"],
        "artist": ["Manchester Orchestra"],
        "composer": ["Manchester Orchestra"],
        "copyright": ["℗ 2013 Seven Four Entertainment and Republic Records"],
        "date": ["2012"],
        "discnumber": ["1"],
        "disctotal": ["1"],
        "genre": ["Alternative & Indie"],
        "isrc": ["USUG11301016"],
        "title": ["Every Stone"],
        "tracknumber": ["6"],
        "tracktotal": ["13"]
    }
},
"lowlevel": {
    "average_loudness": 0.962251961231,
    "barkbands_crest": {
        "mean": 8.85595798492
    },
    "barkbands_flatness_db": {
        "mean": 0.151942878962
    },
    "barkbands_kurtosis": {
        "mean": 7.88051366806
    },
    "barkbands_skewness": {
        "mean": 1.97964417934
    },
    "barkbands_spread": {
        "mean": 15.4412059784
    },
    "dissonance": {
        "mean": 0.465430736542
    },
    "dynamic_complexity": 2.00681495667,
    "erbbands_crest": {
        "mean": 7.59366464615
    },
    "erbbands_flatness_db": {
        "mean": 0.164640367031
    },
    "erbbands_kurtosis": {
        "mean": 0.351983040571
    },
    "erbbands_skewness": {
        "mean": 0.402028113604
    },
    "erbbands_spread": {
        "mean": 37.298828125
    },
    "hfc": {
        "mean": 21.2385540009
    },
    "loudness_ebu128": {
        "integrated": -6.6929397583,
        "loudness_range": 3.08202362061,
        "momentary": {
            "mean": -7.3037147522
        },
        "short_term": {
            "mean": -7.03276824951
        }
    },
    "melbands_crest": {
        "mean": 13.9753112793
    },
    "melbands_flatness_db": {
        "mean": 0.231726378202
    },
    "melbands_kurtosis": {
        "mean": 18.2293148041
    },
    "melbands_skewness": {
        "mean": 2.95598340034
    },
    "melbands_spread": {
        "mean": 15.6103038788
    },
    "pitch_salience": {
        "mean": 0.589655637741
    },
    "silence_rate_20dB": {
        "mean": 1
    },
    "silence_rate_30dB": {
        "mean": 1
    },
    "silence_rate_60dB": {
        "mean": 0.0204557497054
    },
    "spectral_centroid": {
        "mean": 960.790588379
    },
    "spectral_complexity": {
        "mean": 25.3938522339
    },
    "spectral_decrease": {
        "mean": -1.03184794042e-08
    },
    "spectral_energy": {
        "mean": 0.0408707782626
    },
    "spectral_energyband_high": {
        "mean": 0.000343953171978
    },
    "spectral_energyband_low": {
        "mean": 0.0159482937306
    },
    "spectral_energyband_middle_high": {
        "mean": 0.00662486022338
    },
    "spectral_energyband_middle_low": {
        "mean": 0.0223861224949
    },
    "spectral_entropy": {
        "mean": 7.39153003693
    },
    "spectral_flux": {
        "mean": 0.0906612947583
    },
    "spectral_kurtosis": {
        "mean": 6.27566719055
    },
    "spectral_rms": {
        "mean": 0.00611546030268
    },
    "spectral_rolloff": {
        "mean": 880.339355469
    },
    "spectral_skewness": {
        "mean": 1.71464049816
    },
    "spectral_spread": {
        "mean": 3554459.25
    },
    "spectral_strongpeak": {
        "mean": 0.756158709526
    },
    "zerocrossingrate": {
        "mean": 0.0392792895436
    },
    "barkbands": {
        "mean": [0.000100477256638, 0.00397201534361, 0.00770969130099, 0.00656025577337, 0.00671093724668, 0.002711501671, 0.00211642333306, 0.00177050253842, 0.00186930957716, 0.00142255029641, 0.00102337007411, 0.00080138631165, 0.000541121058632, 0.000596435798798, 0.000573663914111, 0.000599285063799, 0.000541895045899, 0.000490212987643, 0.000320385268424, 0.000175872759428, 9.98159521259e-05, 6.09872076893e-05, 3.85708117392e-05, 3.64853985957e-05, 1.72170566657e-05, 6.49182175039e-06, 3.51337234861e-06]
    },
    "erbbands": {
        "mean": [0.0857295840979, 1.08472847939, 7.28613615036, 18.5410003662, 21.3060779572, 21.447517395, 23.3962287903, 20.2512378693, 33.4076461792, 32.5712013245, 37.8763504028, 38.4522438049, 49.1752929688, 32.6999397278, 39.2022132874, 33.898235321, 27.4173297882, 29.4166069031, 31.5718803406, 28.2489833832, 33.7164955139, 31.147026062, 28.4712867737, 20.0845489502, 13.1756010056, 8.30200481415, 5.32213497162, 3.04730606079, 2.23178577423, 1.60325717926, 1.09349226952, 0.893876791, 0.514455199242, 0.231563746929, 0.103435270488, 0.0374244078994, 0.0101868379861, 0.00311637227423, 0.000599506136496, 7.99845729489e-05]
    },
    "gfcc": {
        "mean": [11.7076797485, 123.261695862, -119.197685242, 30.8273715973, -47.9758758545, -1.00623631477, -34.9101333618, 2.12923955917, -22.2476596832, -10.2393665314, -15.8216676712, -7.16034317017, -11.954246521],
        "cov": [[6429.80371094, -977.191223145, -1119.11572266, -80.5898132324, -414.5390625, 218.012435913, -340.846038818, 99.9458389282, -140.250839233, -16.6319446564, -177.876663208, 12.952091217, -121.631874084], [-977.191223145, 937.394836426, -191.476837158, 83.8312454224, 177.903030396, -73.5138778687, 181.804870605, -41.7096939087, 135.464080811, -48.7103500366, 140.542678833, -42.6404876709, 70.2527236938], [-1119.11572266, -191.476837158, 1011.29309082, 210.830429077, 104.553527832, 88.7057495117, 19.106388092, -2.04315161705, -41.7302360535, 30.0833454132, -45.6674079895, 4.967628479, -3.45205211639], [-80.5898132324, 83.8312454224, 210.830429077, 424.095947266, 74.99584198, 62.0907211304, 31.9145851135, 18.2563858032, 42.5785865784, -27.312204361, 9.52177429199, -26.1345062256, -3.23483347893], [-414.5390625, 177.903030396, 104.553527832, 74.99584198, 212.166473389, 46.6258544922, 73.7140960693, 5.31435441971, 24.110918045, -6.99614191055, 22.4635601044, -0.540408015251, 8.48588466644], [218.012435913, -73.5138778687, 88.7057495117, 62.0907211304, 46.6258544922, 189.223983765, 25.4646320343, 17.6518058777, -16.0966453552, -17.4307003021, -13.4489793777, -4.528632164, -22.678609848], [-340.846038818, 181.804870605, 19.106388092, 31.9145851135, 73.7140960693, 25.4646320343, 134.564193726, 19.1277370453, 29.8336162567, 5.57728767395, 32.0276641846, -8.04369926453, 4.01261854172], [99.9458389282, -41.7096939087, -2.04315161705, 18.2563858032, 5.31435441971, 17.6518058777, 19.1277370453, 74.3910140991, 32.4896812439, 10.0718402863, -10.8231067657, 3.07859802246, -6.42427206039], [-140.250839233, 135.464080811, -41.7302360535, 42.5785865784, 24.110918045, -16.0966453552, 29.8336162567, 32.4896812439, 97.4203491211, 20.7447528839, 12.1298179626, -8.09300804138, 20.0175685883], [-16.6319446564, -48.7103500366, 30.0833454132, -27.312204361, -6.99614191055, -17.4307003021, 5.57728767395, 10.0718402863, 20.7447528839, 78.7882766724, 16.7949447632, 13.1291189194, 5.55057477951], [-177.876663208, 140.542678833, -45.6674079895, 9.52177429199, 22.4635601044, -13.4489793777, 32.0276641846, -10.8231067657, 12.1298179626, 16.7949447632, 86.0156936646, 21.9138679504, 11.02384758], [12.952091217, -42.6404876709, 4.967628479, -26.1345062256, -0.540408015251, -4.528632164, -8.04369926453, 3.07859802246, -8.09300804138, 13.1291189194, 21.9138679504, 50.3947219849, 19.6391048431], [-121.631874084, 70.2527236938, -3.45205211639, -3.23483347893, 8.48588466644, -22.678609848, 4.01261854172, -6.42427206039, 20.0175685883, 5.55057477951, 11.02384758, 19.6391048431, 57.3694801331]],
        "icov": [[0.000376453361241, 2.6353622161e-05, 0.000589335802943, -0.000359433266567, 0.000301281717839, -0.00062773632817, 0.000622831867076, -0.00050199922407, 0.000692108646035, -0.000634309544694, 0.000706427090336, -0.000347528955899, 0.000191671482753], [2.6353622161e-05, 0.0053064529784, 0.00031041688635, 0.000523355731275, -0.00212732306682, 0.00156460655853, -0.00363140320405, 0.00350467883982, -0.00555914873257, 0.00555071467534, -0.00734166568145, 0.00655610626563, -0.00424533570185], [0.000589335802943, 0.00031041688635, 0.00234137801453, -0.0013737147674, -0.000234273102251, -0.00110780121759, 0.000554134428967, -0.000338538782671, 0.00200269464403, -0.00214786711149, 0.00210669310763, -0.000793017796241, -0.000171475316165], [-0.000359433266567, 0.000523355731275, -0.0013737147674, 0.00378704885952, -0.000859123014379, 4.06598264817e-05, -0.000392907531932, 0.000284827750875, -0.00313655100763, 0.0030726029072, -0.00313769420609, 0.00286212214269, -0.000649249181151], [0.000301281717839, -0.00212732306682, -0.000234273102251, -0.000859123014379, 0.00780394906178, -0.00221831118688, -0.00103906134609, -0.00080660515232, 0.00128338788636, -0.00150586140808, 0.00284542446025, -0.00378664699383, 0.00157977128401], [-0.00062773632817, 0.00156460655853, -0.00110780121759, 4.06598264817e-05, -0.00221831118688, 0.00822285097092, -0.00321261584759, 0.000476164394058, -0.00134359381627, 0.00362632167526, -0.0022749863565, 0.00137157610152, 0.000631063594483], [0.000622831867076, -0.00363140320405, 0.000554134428967, -0.000392907531932, -0.00103906134609, -0.00321261584759, 0.0149932196364, -0.00666180578992, 0.00426055490971, -0.00492130219936, 0.00109042075928, -0.000162429831107, 0.00170323846396], [-0.00050199922407, 0.00350467883982, -0.000338538782671, 0.000284827750875, -0.00080660515232, 0.000476164394058, -0.00666180578992, 0.0234836749732, -0.0132364304736, 0.00357094919309, 0.000431501568528, -0.00381043925881, 0.00353738339618], [0.000692108646035, -0.00555914873257, 0.00200269464403, -0.00313655100763, 0.00128338788636, -0.00134359381627, 0.00426055490971, -0.0132364304736, 0.0263159833848, -0.0121995471418, 0.00717365508899, 0.000448344595497, -0.0038165031001], [-0.000634309544694, 0.00555071467534, -0.00214786711149, 0.0030726029072, -0.00150586140808, 0.00362632167526, -0.00492130219936, 0.00357094919309, -0.0121995471418, 0.023750865832, -0.0122582707554, 0.00426219357178, -0.0028424828779], [0.000706427090336, -0.00734166568145, 0.00210669310763, -0.00313769420609, 0.00284542446025, -0.0022749863565, 0.00109042075928, 0.000431501568528, 0.00717365508899, -0.0122582707554, 0.0306066516787, -0.0207194015384, 0.00898429751396], [-0.000347528955899, 0.00655610626563, -0.000793017796241, 0.00286212214269, -0.00378664699383, 0.00137157610152, -0.000162429831107, -0.00381043925881, 0.000448344595497, 0.00426219357178, -0.0207194015384, 0.0427850075066, -0.0191984865814], [0.000191671482753, -0.00424533570185, -0.000171475316165, -0.000649249181151, 0.00157977128401, 0.000631063594483, 0.00170323846396, 0.00353738339618, -0.0038165031001, -0.0028424828779, 0.00898429751396, -0.0191984865814, 0.0297342464328]]
    },
    "melbands": {
        "mean": [0.000916486955248, 0.0030910463538, 0.00317239295691, 0.0015823727008, 0.000824733579066, 0.00050358165754, 0.000457520683995, 0.000359453639248, 0.00033217491, 0.000240483888774, 0.000244272669079, 0.000131425913423, 0.00012492510723, 9.75548027782e-05, 7.97392858658e-05, 5.2032264648e-05, 5.64561050851e-05, 5.00179776282e-05, 4.34217472502e-05, 4.07146108046e-05, 3.81204881705e-05, 3.39807920682e-05, 2.74658232229e-05, 2.10441448871e-05, 1.60319541465e-05, 1.12215266199e-05, 7.20701746104e-06, 5.0077060223e-06, 3.53759014615e-06, 2.39279961534e-06, 1.52172003709e-06, 1.23772667848e-06, 1.18087075407e-06, 7.59153579111e-07, 6.17688726834e-07, 6.07457195656e-07, 5.15666556566e-07, 3.91415227341e-07, 2.56872851878e-07, 1.73062304043e-07]
    },
    "melbands128": {
        "mean": [9.08562651603e-05, 0.000581520434935, 0.00110501341987, 0.00184332719073, 0.00321872089989, 0.0039150537923, 0.00412974273786, 0.00276238494553, 0.00202428852208, 0.00183641957119, 0.00102385773789, 0.00086169061251, 0.000814977567643, 0.00075889157597, 0.000391960609704, 0.000319382932503, 0.000740326126106, 0.000429394014645, 0.000214876141399, 0.000377591873985, 0.000470882281661, 0.000177075620741, 0.000384577171644, 0.000416543625761, 0.00018283938698, 0.000222887232667, 0.000195438464289, 0.000300974206766, 0.000246683135629, 0.00010022353672, 0.000122852929053, 0.000121026765555, 9.97626120807e-05, 0.000179834314622, 7.14050474926e-05, 9.85855731415e-05, 7.76572196628e-05, 0.000107934945845, 4.93124680361e-05, 5.91449097556e-05, 5.73550387344e-05, 3.18459860864e-05, 6.04989800195e-05, 6.40875077806e-05, 5.59499057999e-05, 4.40992262156e-05, 4.7788478696e-05, 5.7894798374e-05, 3.31355477101e-05, 2.46122672252e-05, 5.13683771715e-05, 4.4799362513e-05, 3.60041376553e-05, 3.78790937248e-05, 3.65986743418e-05, 3.79361117666e-05, 2.68836502073e-05, 2.20949332288e-05, 3.11352778226e-05, 3.25408582285e-05, 1.63029671967e-05, 1.62820488185e-05, 1.95972024812e-05, 1.48972203533e-05, 1.24539810713e-05, 1.28968613353e-05, 8.8110773504e-06, 7.90955891716e-06, 6.84492624714e-06, 6.28484349363e-06, 5.37432333658e-06, 4.15822159994e-06, 3.81743620892e-06, 3.46333536072e-06, 3.21927359437e-06, 2.47648722507e-06, 2.04983734875e-06, 1.83008569365e-06, 1.45098817939e-06, 1.214345275e-06, 1.21062100789e-06, 1.21916343687e-06, 1.32706713885e-06, 1.19121682474e-06, 1.13473083729e-06, 7.58099247378e-07, 6.73660736084e-07, 6.17653370227e-07, 6.18500791916e-07, 6.10001620771e-07, 6.0268331481e-07, 6.02342993261e-07, 6.37907078271e-07, 5.08319715209e-07, 4.3767639113e-07, 4.71395651402e-07, 3.71877462157e-07, 3.00225735828e-07, 2.79552068605e-07, 2.16518586171e-07, 1.96874196945e-07, 1.59177389492e-07, 1.60572184882e-07, 1.23747184944e-07, 1.23553718367e-07, 9.39664559496e-08, 9.47546183738e-08, 7.14680368219e-08, 6.54630483155e-08, 4.72356234127e-08, 4.71537227043e-08, 3.30460885323e-08, 2.95365385483e-08, 2.49508733674e-08, 2.29538876795e-08, 2.29875887214e-08, 2.26938237091e-08, 2.73948508323e-08, 2.70259246093e-08, 1.96821687837e-08, 1.56303450183e-08, 1.07785931291e-08, 8.59266968689e-09, 7.83283926609e-09, 7.66192442825e-09, 7.82473019711e-09, 8.675843155e-09, 6.27836804767e-09]
    },
    "mfcc": {
        "mean": [-629.382751465, 151.256256104, -9.23626899719, 31.9420337677, 5.61847925186, 0.24414370954, -2.34830212593, 5.46515655518, -3.04664921761, -1.37300086021, -4.99423503876, -2.63699221611, -5.03139400482],
        "cov": [[6584.77441406, -844.746154785, -931.042907715, -489.799713135, -222.172912598, -148.911758423, -209.72996521, -1.72169578075, -102.929214478, 50.0663795471, -107.070518494, -65.8003387451, -77.9174957275], [-844.746154785, 764.274353027, -206.992919922, 58.7038154602, -22.9624156952, 16.2874202728, 36.8622894287, 20.8532791138, 5.61430883408, 4.14218425751, 38.5762252808, 39.0213050842, 31.1905078888], [-931.042907715, -206.992919922, 743.40222168, 178.854415894, 146.269592285, 106.557998657, 67.8034439087, 9.89417076111, 38.0495147705, -4.88581895828, 5.68412923813, -16.2466259003, -3.29568195343], [-489.799713135, 58.7038154602, 178.854415894, 321.708526611, 96.7722320557, 47.2682609558, 31.0726852417, 28.7653865814, 35.7396697998, 14.5923318863, 19.3712539673, 30.5017318726, 18.0577354431], [-222.172912598, -22.9624156952, 146.269592285, 96.7722320557, 167.655105591, 77.5790481567, 32.0476264954, 48.4101753235, 16.5266914368, 7.52130365372, 10.4575815201, -13.9804830551, -8.68028831482], [-148.911758423, 16.2874202728, 106.557998657, 47.2682609558, 77.5790481567, 135.437759399, 70.3850250244, 42.2636680603, 12.9741945267, 17.0584850311, 9.70637130737, 1.86383068562, -6.94234228134], [-209.72996521, 36.8622894287, 67.8034439087, 31.0726852417, 32.0476264954, 70.3850250244, 118.574333191, 41.0776557922, -4.07992458344, -0.548389554024, 14.1245946884, 17.3908805847, 3.2852306366], [-1.72169578075, 20.8532791138, 9.89417076111, 28.7653865814, 48.4101753235, 42.2636680603, 41.0776557922, 106.889793396, 20.7446098328, 17.8073501587, 15.6283540726, -3.81038117409, -12.3337526321], [-102.929214478, 5.61430883408, 38.0495147705, 35.7396697998, 16.5266914368, 12.9741945267, -4.07992458344, 20.7446098328, 83.3491439819, 38.790435791, 5.6205072403, -1.84048736095, 2.10966944695], [50.0663795471, 4.14218425751, -4.88581895828, 14.5923318863, 7.52130365372, 17.0584850311, -0.548389554024, 17.8073501587, 38.790435791, 70.8230743408, 19.5431118011, 6.67242860794, 1.22044301033], [-107.070518494, 38.5762252808, 5.68412923813, 19.3712539673, 10.4575815201, 9.70637130737, 14.1245946884, 15.6283540726, 5.6205072403, 19.5431118011, 52.0920677185, 21.4744720459, 6.59146595001], [-65.8003387451, 39.0213050842, -16.2466259003, 30.5017318726, -13.9804830551, 1.86383068562, 17.3908805847, -3.81038117409, -1.84048736095, 6.67242860794, 21.4744720459, 71.669708252, 29.797372818], [-77.9174957275, 31.1905078888, -3.29568195343, 18.0577354431, -8.68028831482, -6.94234228134, 3.2852306366, -12.3337526321, 2.10966944695, 1.22044301033, 6.59146595001, 29.797372818, 52.087600708]],
        "icov": [[0.000295288919006, 0.000417914066929, 0.000429173145676, 8.779149357e-05, 0.000111254470539, -0.000235624844208, 0.000295885576634, -0.000259323423961, 0.000355826981831, -0.000400001299568, 0.000358225312084, -4.44536854047e-05, 7.03170953784e-05], [0.000417914066929, 0.00224411045201, 0.00128927733749, -0.000441434356617, 0.000492403982207, -0.000849569274578, -3.04290406348e-05, -0.000308909016894, 8.94582553883e-05, 0.000112026937131, -0.000676287920214, 0.000205249118153, -0.000624509702902], [0.000429173145676, 0.00128927733749, 0.00283757178113, -0.000792002945673, -0.000739930255804, -0.00119307532441, -0.000529291573912, 0.000797998218331, -0.000575320154894, 0.000446961668786, -0.000231664118473, 0.000807745265774, -0.000155841902597], [8.779149357e-05, -0.000441434356617, -0.000792002945673, 0.00473630335182, -0.00232919398695, 0.00056855706498, 0.0001718106505, -0.000302238215227, -0.00106125464663, -0.000191876431927, 0.000461059069494, -0.0024156125728, -0.000320196209941], [0.000111254470539, 0.000492403982207, -0.000739930255804, -0.00232919398695, 0.0113677717745, -0.00524676870555, 0.00205804407597, -0.00328026385978, 0.000618271180429, 0.00107624719385, -0.0017068592133, 0.00303493090905, -0.000649613619316], [-0.000235624844208, -0.000849569274578, -0.00119307532441, 0.00056855706498, -0.00524676870555, 0.0152905061841, -0.00736546097323, -0.000190073813428, -0.000156741269166, -0.00346981384791, 0.00177353608888, -0.000886333815288, 0.00183704611845], [0.000295885576634, -3.04290406348e-05, -0.000529291573912, 0.0001718106505, 0.00205804407597, -0.00736546097323, 0.0152934463695, -0.00471256906167, 0.00237994757481, 0.00177947524935, -0.000816782994661, -0.00280937901698, -0.000778979272582], [-0.000259323423961, -0.000308909016894, 0.000797998218331, -0.000302238215227, -0.00328026385978, -0.000190073813428, -0.00471256906167, 0.0143095003441, -0.00327538070269, -0.000483898154926, -0.00289738597348, 0.00111668452155, 0.0029377376195], [0.000355826981831, 8.94582553883e-05, -0.000575320154894, -0.00106125464663, 0.000618271180429, -0.000156741269166, 0.00237994757481, -0.00327538070269, 0.0186918973923, -0.0104035623372, 0.00295879738405, 0.00120345165487, -0.00160948839039], [-0.000400001299568, 0.000112026937131, 0.000446961668786, -0.000191876431927, 0.00107624719385, -0.00346981384791, 0.00177947524935, -0.000483898154926, -0.0104035623372, 0.0233390126377, -0.00826959684491, -0.000391589914216, 6.44512547296e-05], [0.000358225312084, -0.000676287920214, -0.000231664118473, 0.000461059069494, -0.0017068592133, 0.00177353608888, -0.000816782994661, -0.00289738597348, 0.00295879738405, -0.00826959684491, 0.027185048908, -0.00763807399198, 0.00108694692608], [-4.44536854047e-05, 0.000205249118153, 0.000807745265774, -0.0024156125728, 0.00303493090905, -0.000886333815288, -0.00280937901698, 0.00111668452155, 0.00120345165487, -0.000391589914216, -0.00763807399198, 0.0232270956039, -0.0108319651335], [7.03170953784e-05, -0.000624509702902, -0.000155841902597, -0.000320196209941, -0.000649613619316, 0.00183704611845, -0.000778979272582, 0.0029377376195, -0.00160948839039, 6.44512547296e-05, 0.00108694692608, -0.0108319651335, 0.0267827566713]]
    },
    "spectral_contrast_coeffs": {
        "mean": [-0.66461700201, -0.760505080223, -0.778931975365, -0.80946213007, -0.793984532356, -0.764891028404]
    },
    "spectral_contrast_valleys": {
        "mean": [-6.14722251892, -6.25536966324, -6.9267168045, -7.21595144272, -7.32737970352, -10.5552043915]
    }
},
"rhythm": {
    "beats_count": 434,
    "beats_loudness": {
        "mean": 0.0447221957147
    },
    "bpm": 117.395324707,
    "bpm_histogram_first_peak_bpm": 117,
    "bpm_histogram_first_peak_weight": 0.0483460426331,
    "bpm_histogram_second_peak_bpm": 161,
    "bpm_histogram_second_peak_spread": 0,
    "bpm_histogram_second_peak_weight": 0.0230946894735,
    "danceability": 1.04449188709,
    "onset_rate": 3.09508419037,
    "beats_loudness_band_ratio": {
        "mean": [0.519951462746, 0.232392728329, 0.15694822371, 0.0846514776349, 0.0603214390576, 0.0186785534024]
    },
    "beats_position": [0.487619042397, 0.99845802784, 1.50929701328, 2.02013611794, 2.53097510338, 3.04181408882, 3.55265307426, 4.06349182129, 4.57433080673, 5.08516979218, 5.59600877762, 6.10684776306, 6.6176867485, 7.12852573395, 7.63936471939, 8.15020370483, 8.66104316711, 9.17188167572, 9.682721138, 10.1935596466, 10.7043991089, 11.2152376175, 11.7260770798, 12.2369155884, 12.7477550507, 13.2585935593, 13.7694330215, 14.2802715302, 14.7911109924, 15.301949501, 15.8127889633, 16.3236274719, 16.8344669342, 17.3453063965, 17.8561439514, 18.3669834137, 18.877822876, 19.3886623383, 19.8994998932, 20.4103393555, 20.9211788177, 21.43201828, 21.942855835, 22.4536952972, 22.9645347595, 23.4753742218, 23.9862117767, 24.497051239, 25.0078907013, 25.5187301636, 26.0295696259, 26.5404071808, 27.0512466431, 27.5620861053, 28.0729255676, 28.5837631226, 29.0946025848, 29.6054420471, 30.1162815094, 30.6271190643, 31.1379585266, 31.6487979889, 32.1596374512, 32.6704750061, 33.1813163757, 33.6921539307, 34.2029914856, 34.7138328552, 35.2246704102, 35.7355079651, 36.2463493347, 36.7571868896, 37.2680282593, 37.7788658142, 38.2897033691, 38.8005447388, 39.3113822937, 39.8222198486, 40.3330612183, 40.8438987732, 41.3547401428, 41.8655776978, 42.3764152527, 42.8872566223, 43.3980941772, 43.9089317322, 44.4197731018, 44.9306106567, 45.4414520264, 45.9522895813, 46.4631271362, 46.9739685059, 47.4848060608, 47.9956436157, 48.5064849854, 49.0173225403, 49.5281639099, 50.0390014648, 50.5498390198, 51.0606803894, 51.5715179443, 52.0823554993, 52.6048049927, 53.1272544861, 53.6380958557, 54.1489334106, 54.6597709656, 55.1706123352, 55.6814498901, 56.1922874451, 56.7031288147, 57.2139663696, 57.7248077393, 58.2356452942, 58.7464828491, 59.2573242188, 59.7681617737, 60.2789993286, 60.7898406982, 61.3006782532, 61.8115196228, 62.3223571777, 62.8331947327, 63.3440361023, 63.8548736572, 64.3657150269, 64.8765487671, 65.3873901367, 65.8982315063, 66.409072876, 66.9199066162, 67.4307479858, 67.9415893555, 68.4524230957, 68.9632644653, 69.474105835, 69.9849395752, 70.4957809448, 71.0066223145, 71.5174560547, 72.0282974243, 72.5391387939, 73.0499725342, 73.5608139038, 74.0716552734, 74.5824966431, 75.0933303833, 75.6041717529, 76.1150131226, 76.6258468628, 77.1366882324, 77.6475296021, 78.1583633423, 78.6692047119, 79.1800460815, 79.6792755127, 80.1785049438, 80.6661224365, 81.1421279907, 81.6181411743, 82.105758667, 82.5933761597, 83.1042175293, 83.6150588989, 84.1258926392, 84.6367340088, 85.1475753784, 85.6584091187, 86.1692504883, 86.6800918579, 87.1909255981, 87.7017669678, 88.2126083374, 88.7234420776, 89.2342834473, 89.7451248169, 90.2559585571, 90.7667999268, 91.2776412964, 91.788482666, 92.2993164062, 92.8101577759, 93.3209991455, 93.8318328857, 94.3426742554, 94.853515625, 95.3643493652, 95.8751907349, 96.3860321045, 96.8968658447, 97.4077072144, 97.918548584, 98.4293823242, 98.9402236938, 99.4510650635, 99.9619064331, 100.472740173, 100.983581543, 101.494422913, 102.005256653, 102.516098022, 103.026939392, 103.537773132, 104.048614502, 104.559455872, 105.070289612, 105.581130981, 106.091972351, 106.602806091, 107.113647461, 107.624488831, 108.1353302, 108.64616394, 109.15700531, 109.66784668, 110.17868042, 110.68952179, 111.200363159, 111.711196899, 112.222038269, 112.732879639, 113.243713379, 113.754554749, 114.265396118, 114.776237488, 115.287071228, 115.797912598, 116.308753967, 116.819587708, 117.330429077, 117.841270447, 118.352104187, 118.862945557, 119.373786926, 119.884620667, 120.395462036, 120.906303406, 121.417137146, 121.927978516, 122.450431824, 122.99609375, 123.541763306, 124.087432861, 124.644714355, 125.167160034, 125.689613342, 126.200454712, 126.711288452, 127.222129822, 127.732971191, 128.243804932, 128.754638672, 129.265487671, 129.776321411, 130.28717041, 130.79800415, 131.308837891, 131.81968689, 132.33052063, 132.84135437, 133.352203369, 133.863037109, 134.37387085, 134.884719849, 135.395553589, 135.906387329, 136.417236328, 136.928070068, 137.438903809, 137.949752808, 138.460586548, 138.971420288, 139.482269287, 140.004714966, 140.515548706, 141.014785767, 141.525619507, 142.036453247, 142.547302246, 143.058135986, 143.568969727, 144.079818726, 144.590652466, 145.101501465, 145.612335205, 146.123168945, 146.645614624, 147.168075562, 147.678909302, 148.189743042, 148.700592041, 149.211425781, 149.73387146, 150.279541016, 150.825210571, 151.370880127, 151.904937744, 152.427383423, 152.94984436, 153.460678101, 153.971511841, 154.48236084, 154.99319458, 155.50402832, 156.014877319, 156.52571106, 157.0365448, 157.547393799, 158.058227539, 158.569061279, 159.079910278, 159.590744019, 160.101577759, 160.612426758, 161.123260498, 161.634094238, 162.144943237, 162.655776978, 163.166610718, 163.677459717, 164.188293457, 164.699142456, 165.209976196, 165.720809937, 166.243255615, 166.742492676, 167.253326416, 167.764175415, 168.275009155, 168.785842896, 169.296691895, 169.807525635, 170.318359375, 170.829208374, 171.340042114, 171.850875854, 172.361724854, 172.872558594, 173.383392334, 173.894241333, 174.405075073, 174.915908813, 175.426757812, 175.937591553, 176.448425293, 176.959274292, 177.470108032, 177.980941772, 178.491790771, 179.002624512, 179.513473511, 180.024307251, 180.535140991, 181.04598999, 181.55682373, 182.067657471, 182.57850647, 183.08934021, 183.60017395, 184.111022949, 184.621856689, 185.13269043, 185.643539429, 186.154373169, 186.665206909, 187.176055908, 187.686889648, 188.197723389, 188.708572388, 189.219406128, 189.730239868, 190.241088867, 190.751922607, 191.262756348, 191.773605347, 192.284439087, 192.795272827, 193.306121826, 193.816955566, 194.327789307, 194.838638306, 195.349472046, 195.860321045, 196.371154785, 196.881988525, 197.392837524, 197.903671265, 198.414505005, 198.925354004, 199.436187744, 199.958633423, 200.469467163, 200.980316162, 201.491149902, 201.990386963, 202.501220703, 203.012054443, 203.522903442, 204.033737183, 204.544570923, 205.055419922, 205.566253662, 206.077087402, 206.587936401, 207.098770142, 207.609603882, 208.132064819, 208.666122437, 209.200180054, 209.606521606, 210.001266479, 210.396011353, 210.790740967, 211.162261963, 211.533782959, 211.905303955, 212.276824951, 212.648345947, 213.019866943, 213.391372681, 213.762893677, 214.111190796, 214.459503174, 214.807800293, 215.167709351, 215.527618408, 215.887527466, 216.259048462, 216.61895752, 216.990478516, 217.350387573, 217.710296631, 218.070205688, 218.430114746],
    "bpm_histogram": [0, 0, 0, 0, 0, 0, 0, 0, 0, 0, 0, 0, 0, 0, 0, 0, 0, 0, 0, 0, 0, 0, 0, 0, 0, 0, 0, 0, 0, 0, 0, 0, 0, 0, 0, 0, 0, 0, 0, 0, 0, 0, 0, 0, 0, 0, 0, 0, 0, 0, 0, 0, 0, 0, 0, 0, 0, 0, 0, 0, 0, 0, 0, 0, 0, 0, 0, 0, 0, 0, 0, 0, 0, 0, 0, 0, 0, 0, 0, 0, 0, 0, 0, 0, 0, 0, 0, 0, 0, 0, 0, 0, 0, 0, 0, 0, 0, 0, 0, 0, 0, 0, 0, 0, 0, 0, 0, 0, 0.00230946880765, 0, 0.0138568133116, 0, 0.00692840665579, 0, 0, 0.0323325619102, 0, 0.863741338253, 0, 0, 0.0115473438054, 0, 0, 0.00692840665579, 0, 0, 0.00461893761531, 0, 0, 0, 0, 0, 0, 0, 0, 0, 0, 0, 0, 0, 0, 0, 0, 0, 0, 0, 0, 0, 0.00230946880765, 0, 0, 0, 0.00692840665579, 0, 0, 0, 0, 0, 0, 0, 0, 0.0207852199674, 0.00230946880765, 0, 0, 0, 0, 0.0184757504612, 0, 0, 0, 0, 0.00692840665579, 0, 0, 0, 0, 0, 0, 0, 0, 0, 0, 0, 0, 0, 0, 0, 0, 0, 0, 0, 0, 0, 0, 0, 0, 0, 0, 0, 0, 0, 0, 0, 0, 0, 0, 0, 0, 0, 0, 0, 0, 0, 0, 0, 0, 0, 0, 0, 0, 0, 0, 0, 0, 0, 0, 0, 0, 0, 0, 0, 0, 0, 0, 0, 0, 0, 0, 0, 0, 0, 0, 0, 0, 0, 0, 0, 0, 0]
},
"tonal": {
    "chords_changes_rate": 0.0243747346103,
    "chords_number_rate": 0.00148367951624,
    "chords_strength": {
        "mean": 0.565884232521
    },
    "hpcp_crest": {
        "mean": 12.9506969452
    },
    "hpcp_entropy": {
        "mean": 2.05013608932
    },
    "key_edma": {
        "strength": 0.832465171814,
        "key": "Ab",
        "scale": "major"
    },
    "key_krumhansl": {
        "strength": 0.84640198946,
        "key": "Ab",
        "scale": "major"
    },
    "key_temperley": {
        "strength": 0.859306931496,
        "key": "Ab",
        "scale": "major"
    },
    "tuning_diatonic_strength": 0.644688904285,
    "tuning_equal_tempered_deviation": 0.0414332337677,
    "tuning_frequency": 441.017791748,
    "tuning_nontempered_energy_ratio": 0.667862415314,
    "hpcp": {
        "mean": [0.0553389899433, 0.0461848638952, 0.112789295614, 0.185261011124, 0.129744797945, 0.0612185709178, 0.0503330156207, 0.0562259219587, 0.194611281157, 0.227567464113, 0.10255639255, 0.169565916061, 0.249003648758, 0.152593746781, 0.0634127557278, 0.0498308762908, 0.059958294034, 0.2306791991, 0.369423300028, 0.218504905701, 0.0747489780188, 0.0551137439907, 0.0589850842953, 0.128678828478, 0.151502162218, 0.0793521776795, 0.0411559417844, 0.0318865440786, 0.0407732948661, 0.106878079474, 0.127127870917, 0.100619830191, 0.320252895355, 0.492727309465, 0.27195417881, 0.0807834044099]
    },
    "chords_histogram": [60.1949996948, 0.50869011879, 10.6189060211, 0, 0, 0, 0.0423908419907, 0, 0, 0.0211954209954, 0.529885530472, 1.3565069437, 0, 0, 0, 1.10216188431, 0, 0.148367956281, 0, 0, 0, 1.3565069437, 16.9775333405, 7.14285707474],
    "thpcp": [1, 0.551936507225, 0.163951545954, 0.112311594188, 0.0937331095338, 0.228908151388, 0.375990957022, 0.263319671154, 0.124244324863, 0.102151870728, 0.114111639559, 0.394967526197, 0.461852759123, 0.208140268922, 0.344137430191, 0.505357921124, 0.309692084789, 0.128697469831, 0.101132765412, 0.121686562896, 0.468168079853, 0.749752044678, 0.44346010685, 0.151704549789, 0.111854456365, 0.11971141398, 0.261156260967, 0.307476699352, 0.161046847701, 0.0835268124938, 0.0647143870592, 0.082750223577, 0.21691121161, 0.258008569479, 0.204209968448, 0.649959683418],
    "chords_key": "Ab",
    "chords_scale": "major"
}
}