{
"metadata": {
    "version": {
        "essentia": "2.1-beta6-dev",
        "essentia_git_sha": "v2.1_beta5-1177-g1d1cc983",
        "extractor": "music 2.0"
    },
    "audio_properties": {
        "analysis": {
            "equal_loudness": 0,
            "length": 207.543930054,
            "sample_rate": 44100,
            "start_time": 0,
            "downmix": "mix"
        },
        "bit_rate": 1411200,
        "length": 207.543930054,
        "lossless": 1,
        "number_channels": 2,
        "replay_gain": -14.3241939545,
        "sample_rate": 44100,
        "codec": "pcm_s16le",
        "md5_encoded": "a746ab3e6ff5cd31d62960beed1a673e"
    },
    "tags": {
        "file_name": "01 - The Procession.wav",
        "album": ["You Brainstorm, I Brainstorm, but Brilliance Needs a Good Editor"],
        "artist": ["Manchester Orchestra"],
        "date": ["2005"],
        "genre": ["Alternative Rock"],
        "title": ["The Procession"],
        "tracknumber": ["1"]
    }
},
"lowlevel": {
    "average_loudness": 0.352937877178,
    "barkbands_crest": {
        "mean": 10.186920166
    },
    "barkbands_flatness_db": {
        "mean": 0.158529728651
    },
    "barkbands_kurtosis": {
        "mean": 25.0741024017
    },
    "barkbands_skewness": {
        "mean": 1.50011432171
    },
    "barkbands_spread": {
        "mean": 24.3555583954
    },
    "dissonance": {
        "mean": 0.463053882122
    },
    "dynamic_complexity": 6.15292549133,
    "erbbands_crest": {
        "mean": 8.67786026001
    },
    "erbbands_flatness_db": {
        "mean": 0.188713043928
    },
    "erbbands_kurtosis": {
        "mean": 1.67076468468
    },
    "erbbands_skewness": {
        "mean": -0.0540785752237
    },
    "erbbands_spread": {
        "mean": 35.6543083191
    },
    "hfc": {
        "mean": 13.5451555252
    },
    "loudness_ebu128": {
        "integrated": -10.7839450836,
        "loudness_range": 12.3526859283,
        "momentary": {
            "mean": -16.8703975677
        },
        "short_term": {
            "mean": -14.0498542786
        }
    },
    "melbands_crest": {
        "mean": 13.362947464
    },
    "melbands_flatness_db": {
        "mean": 0.215183243155
    },
    "melbands_kurtosis": {
        "mean": 18.396112442
    },
    "melbands_skewness": {
        "mean": 2.42924571037
    },
    "melbands_spread": {
        "mean": 30.9479522705
    },
    "pitch_salience": {
        "mean": 0.559782147408
    },
    "silence_rate_20dB": {
        "mean": 1
    },
    "silence_rate_30dB": {
        "mean": 1
    },
    "silence_rate_60dB": {
        "mean": 0.285234898329
    },
    "spectral_centroid": {
        "mean": 1615.79882812
    },
    "spectral_complexity": {
        "mean": 17.1387023926
    },
    "spectral_decrease": {
        "mean": -3.40713435243e-09
    },
    "spectral_energy": {
        "mean": 0.0140878781676
    },
    "spectral_energyband_high": {
        "mean": 0.000394984876039
    },
    "spectral_energyband_low": {
        "mean": 0.00350080966018
    },
    "spectral_energyband_middle_high": {
        "mean": 0.00440414249897
    },
    "spectral_energyband_middle_low": {
        "mean": 0.00626854039729
    },
    "spectral_entropy": {
        "mean": 7.35821199417
    },
    "spectral_flux": {
        "mean": 0.0541829578578
    },
    "spectral_kurtosis": {
        "mean": 9.60569667816
    },
    "spectral_rms": {
        "mean": 0.0031337433029
    },
    "spectral_rolloff": {
        "mean": 2118.6706543
    },
    "spectral_skewness": {
        "mean": 1.73256599903
    },
    "spectral_spread": {
        "mean": 3877547.5
    },
    "spectral_strongpeak": {
        "mean": 0.710702896118
    },
    "zerocrossingrate": {
        "mean": 0.0710737034678
    },
    "barkbands": {
        "mean": [6.61820595269e-05, 0.00199615745805, 0.00100591033697, 0.00104782707058, 0.00228885025717, 0.0011709195096, 0.000507087097503, 0.000488747027703, 0.000653945608065, 0.000577058759518, 0.000244022448896, 0.000403683196055, 0.000343703723047, 0.000314537523082, 0.000450128514785, 0.000474981381558, 0.000842660374474, 0.000420635653427, 0.000291512318654, 0.000190279271919, 0.000105618826638, 7.17469883966e-05, 4.88656660309e-05, 4.41120791947e-05, 2.21264053835e-05, 1.26169607029e-05, 3.90598552258e-06]
    },
    "erbbands": {
        "mean": [0.0446051135659, 0.492477357388, 1.18742382526, 2.39496922493, 5.4191236496, 8.1499080658, 9.87479496002, 8.53114700317, 8.1035528183, 7.73903894424, 11.9130544662, 13.2398319244, 15.7913312912, 20.0543251038, 11.5045166016, 17.0586910248, 15.2470197678, 18.6867370605, 21.907365799, 23.2844429016, 27.5986156464, 41.0073165894, 30.2652053833, 16.6967658997, 13.6157779694, 8.95853900909, 4.91243362427, 4.0263428688, 2.77412986755, 1.73888802528, 1.40074217319, 1.07932853699, 0.638975739479, 0.295110046864, 0.135735914111, 0.0607523471117, 0.0215434823185, 0.00521027948707, 0.000682219921146, 4.76656095998e-05]
    },
    "gfcc": {
        "mean": [-98.4153747559, 108.178939819, -133.378356934, 25.3871173859, -43.3514213562, -9.39954185486, -37.9718551636, 1.80303537846, -23.8555736542, -10.1678037643, -14.4234132767, -1.35583078861, -4.36223125458],
        "cov": [[37256.0898438, -2143.26245117, -2265.21411133, 2467.19555664, -1682.93066406, 1557.80114746, -962.511352539, 823.18359375, -357.079437256, 481.53137207, -459.385742188, 296.70223999, -603.082458496], [-2143.26245117, 3390.38134766, -813.629455566, -602.878601074, 756.715942383, -724.31854248, 221.225143433, -283.306213379, 34.7644538879, -402.551849365, 159.940246582, -181.390533447, 243.665618896], [-2265.21411133, -813.629455566, 1829.59533691, 53.7652587891, 184.671096802, 485.51739502, 58.4030838013, 198.344345093, 88.4786224365, 278.369750977, -6.92811155319, 77.0361251831, -93.9781570435], [2467.19555664, -602.878601074, 53.7652587891, 829.782531738, -52.268787384, 360.791259766, 106.707977295, 152.61807251, 93.87084198, 126.581565857, 30.653169632, 63.4216346741, -9.0394821167], [-1682.93066406, 756.715942383, 184.671096802, -52.268787384, 692.695617676, -81.1491546631, 233.631851196, 39.5640983582, 130.71963501, -17.0642356873, 103.223999023, -4.94080114365, 70.9570617676], [1557.80114746, -724.31854248, 485.51739502, 360.791259766, -81.1491546631, 539.382263184, 56.2502593994, 172.54598999, 64.9395370483, 184.327774048, 4.42708063126, 69.8635101318, -54.8135681152], [-962.511352539, 221.225143433, 58.4030838013, 106.707977295, 233.631851196, 56.2502593994, 313.286071777, 44.4216156006, 110.052833557, 14.459271431, 91.7166595459, 5.87657546997, 51.5540046692], [823.18359375, -283.306213379, 198.344345093, 152.61807251, 39.5640983582, 172.54598999, 44.4216156006, 217.826293945, 72.0048751831, 111.128158569, 16.7499523163, 53.6620483398, -25.0677661896], [-357.079437256, 34.7644538879, 88.4786224365, 93.87084198, 130.71963501, 64.9395370483, 110.052833557, 72.0048751831, 175.469070435, 63.5421104431, 65.2427139282, 19.1945915222, 31.7735729218], [481.53137207, -402.551849365, 278.369750977, 126.581565857, -17.0642356873, 184.327774048, 14.459271431, 111.128158569, 63.5421104431, 186.903030396, 20.732837677, 42.7914199829, -31.0200595856], [-459.385742188, 159.940246582, -6.92811155319, 30.653169632, 103.223999023, 4.42708063126, 91.7166595459, 16.7499523163, 65.2427139282, 20.732837677, 109.943595886, 23.1131744385, 33.6809463501], [296.70223999, -181.390533447, 77.0361251831, 63.4216346741, -4.94080114365, 69.8635101318, 5.87657546997, 53.6620483398, 19.1945915222, 42.7914199829, 23.1131744385, 95.0493011475, 22.1595783234], [-603.082458496, 243.665618896, -93.9781570435, -9.0394821167, 70.9570617676, -54.8135681152, 51.5540046692, -25.0677661896, 31.7735729218, -31.0200595856, 33.6809463501, 22.1595783234, 115.603881836]],
        "icov": [[8.79019062268e-05, -0.000128270767163, 0.000208007229958, -0.000192455816432, 5.98923579673e-05, -0.000288681505481, 0.000229903133004, -0.000198306515813, 0.000115451817692, -0.000210161742871, 0.000323016080074, -0.000358536752174, 0.000450302555691], [-0.000128270767163, 0.00101469736546, -0.000136149421451, 0.000554061378352, -0.000800732523203, 0.000572346674744, -0.000219765963266, 0.000237292129896, -6.22526495135e-05, 0.00109664117917, -0.00134203175548, 0.00171031570062, -0.00158840918448], [0.000208007229958, -0.000136149421451, 0.00150519690942, 1.10522232717e-05, -0.000496203487273, -0.001542967977, 0.00057051650947, -0.000306419155095, 0.000305474968627, -0.00126035674475, 0.00112220423762, -0.000956669158768, 0.0012829672778], [-0.000192455816432, 0.000554061378352, 1.10522232717e-05, 0.00250413827598, -0.00029087238363, -0.000727765320335, -0.000877167331055, 0.00010439419566, -0.000603466760367, 0.000544737442397, -0.000808082171716, 0.000879098835867, -0.00134080799762], [5.98923579673e-05, -0.000800732523203, -0.000496203487273, -0.00029087238363, 0.00316734449007, 0.000535108905751, -0.00122502620798, -0.000811401871033, -0.000797280343249, -6.88620639266e-05, 8.76607373357e-05, -0.000777777167968, 0.000578260689508], [-0.000288681505481, 0.000572346674744, -0.001542967977, -0.000727765320335, 0.000535108905751, 0.00579821970314, -0.00164938822854, -0.000366534135537, -0.000247150252108, -0.000669112370815, -0.000797316373792, 0.000567420851439, -0.000934835581575], [0.000229903133004, -0.000219765963266, 0.00057051650947, -0.000877167331055, -0.00122502620798, -0.00164938822854, 0.00654962053522, -0.000867805851158, -0.000989139312878, 0.000591153162532, -0.00218316167593, 0.000719604315236, -0.000152762047946], [-0.000198306515813, 0.000237292129896, -0.000306419155095, 0.00010439419566, -0.000811401871033, -0.000366534135537, -0.000867805851158, 0.00901491101831, -0.00222716806456, -0.00213108188473, 0.000813715392724, -0.00262586330064, 0.00119700271171], [0.000115451817692, -6.22526495135e-05, 0.000305474968627, -0.000603466760367, -0.000797280343249, -0.000247150252108, -0.000989139312878, -0.00222716806456, 0.0105725619942, -0.00281305797398, -0.00278260745108, 0.00137359113432, -0.0018482808955], [-0.000210161742871, 0.00109664117917, -0.00126035674475, 0.000544737442397, -6.88620639266e-05, -0.000669112370815, 0.000591153162532, -0.00213108188473, -0.00281305797398, 0.0127497250214, -0.00359806441702, 0.00083664956037, -0.000308327609673], [0.000323016080074, -0.00134203175548, 0.00112220423762, -0.000808082171716, 8.76607373357e-05, -0.000797316373792, -0.00218316167593, 0.000813715392724, -0.00278260745108, -0.00359806441702, 0.0173542331904, -0.0061801886186, 0.00200892752036], [-0.000358536752174, 0.00171031570062, -0.000956669158768, 0.000879098835867, -0.000777777167968, 0.000567420851439, 0.000719604315236, -0.00262586330064, 0.00137359113432, 0.00083664956037, -0.0061801886186, 0.0188559517264, -0.00829504989088], [0.000450302555691, -0.00158840918448, 0.0012829672778, -0.00134080799762, 0.000578260689508, -0.000934835581575, -0.000152762047946, 0.00119700271171, -0.0018482808955, -0.000308327609673, 0.00200892752036, -0.00829504989088, 0.0162449888885]]
    },
    "melbands": {
        "mean": [0.000493550032843, 0.000640146958176, 0.000510037061758, 0.000489813450258, 0.000351424183464, 0.000199505928322, 0.000120373355458, 8.5657571617e-05, 9.50859175646e-05, 8.89345828909e-05, 7.88260440459e-05, 8.35572500364e-05, 3.6297380575e-05, 4.52253261756e-05, 3.59714431397e-05, 3.73301299987e-05, 3.2265772461e-05, 3.23481945088e-05, 3.15047727781e-05, 3.33605930791e-05, 3.27640300384e-05, 3.89673623431e-05, 4.51081068604e-05, 1.97210611077e-05, 1.24373573271e-05, 1.11239423859e-05, 8.01098212833e-06, 5.45124521523e-06, 3.15794432026e-06, 2.56100588558e-06, 2.16307967094e-06, 1.62126275427e-06, 1.23362394788e-06, 8.50395565521e-07, 7.94588686404e-07, 7.84704013768e-07, 6.03700243573e-07, 4.78045706132e-07, 3.24652461359e-07, 2.224475395e-07]
    },
    "melbands128": {
        "mean": [4.82674004161e-05, 0.000268727861112, 0.000723878038116, 0.000846568553243, 0.000658206641674, 0.000472365762107, 0.00044472317677, 0.00056637194939, 0.00054775911849, 0.000490790000185, 0.000462566065835, 0.00038594781654, 0.000374808441848, 0.000241925998125, 0.000164418685017, 0.000213904539123, 0.00015622455976, 9.66966690612e-05, 7.96983003966e-05, 9.23534971662e-05, 7.3056347901e-05, 0.000108490690764, 0.000107583888166, 6.6908170993e-05, 7.88318357081e-05, 8.91631061677e-05, 0.000134815461934, 5.45215589227e-05, 4.63360993308e-05, 0.000129534586449, 7.67207602621e-05, 3.62531427527e-05, 4.17171395384e-05, 2.43302110903e-05, 4.17803057644e-05, 5.37515843462e-05, 5.00644819112e-05, 3.08126363961e-05, 3.32231938955e-05, 2.88546616503e-05, 3.15150027745e-05, 6.31218063063e-05, 3.08178859996e-05, 1.84420459846e-05, 2.30605801335e-05, 3.61047896149e-05, 4.33837049059e-05, 3.43066822097e-05, 2.17880133278e-05, 3.17767444358e-05, 4.3611817091e-05, 2.15919790207e-05, 3.0104396501e-05, 3.98187912651e-05, 3.62622813554e-05, 2.58878590103e-05, 4.61751405965e-05, 8.05333475e-05, 2.79764735751e-05, 1.69296290551e-05, 2.35468251049e-05, 1.76685389306e-05, 1.06591887743e-05, 1.17087911349e-05, 1.40512047437e-05, 1.05827311927e-05, 1.00510187622e-05, 9.32224884309e-06, 7.20905927665e-06, 6.71409316055e-06, 6.44444571662e-06, 3.72542535843e-06, 4.22029779656e-06, 2.75445745501e-06, 2.60332649304e-06, 2.37937592829e-06, 2.56965881817e-06, 2.93337143376e-06, 1.94576978174e-06, 1.64846903772e-06, 1.72656689301e-06, 1.55765883392e-06, 1.46920513089e-06, 1.21725872759e-06, 1.0515896065e-06, 8.83852408151e-07, 7.68241022797e-07, 7.93708807123e-07, 7.85469239872e-07, 8.19021295229e-07, 7.8987636698e-07, 7.98842620497e-07, 7.37812683838e-07, 5.87853890011e-07, 5.47479203306e-07, 4.79402103792e-07, 5.07110200942e-07, 4.08761565041e-07, 3.20701644796e-07, 2.91494870908e-07, 2.3962130058e-07, 2.19697383841e-07, 1.88629641684e-07, 1.70112258502e-07, 1.50464700255e-07, 1.31794124059e-07, 1.25843797605e-07, 1.21683427778e-07, 9.71829123841e-08, 9.58674846174e-08, 8.61573070665e-08, 7.59057954269e-08, 6.29534753216e-08, 6.15277713223e-08, 5.34819619702e-08, 4.52294450781e-08, 3.67327217532e-08, 3.09850491931e-08, 2.89535488918e-08, 2.29204282221e-08, 1.54487374004e-08, 1.42431950678e-08, 9.04018726544e-09, 6.83628531561e-09, 4.57884308247e-09, 3.24111160133e-09, 1.7202868019e-09, 4.23724916265e-10]
    },
    "mfcc": {
        "mean": [-726.078308105, 135.515182495, -23.9107608795, 29.5919399261, 7.05151939392, -6.80842494965, -5.24807167053, 2.84337615967, -4.34313678741, -4.67211771011, -9.60351085663, -5.32315826416, -6.30047702789],
        "cov": [[23733.2519531, -2011.38183594, -733.993225098, 778.534484863, -157.95413208, 539.735412598, 58.3634223938, 393.279663086, 36.1876029968, 255.023849487, 323.978973389, 356.202301025, -103.820228577], [-2011.38183594, 2914.77880859, -723.939208984, 42.1429977417, 246.976837158, -285.782867432, 33.5329399109, -13.9499855042, -65.9195556641, -99.932510376, -157.675064087, -144.513595581, 12.6165838242], [-733.993225098, -723.939208984, 1333.76464844, -141.286972046, 149.462097168, 274.113677979, 71.9642715454, 23.6017494202, 106.88318634, 91.9236526489, 112.959442139, 101.948745728, 50.8134841919], [778.534484863, 42.1429977417, -141.286972046, 449.173919678, 93.5545425415, 93.6487731934, 112.835533142, 98.342376709, 71.4525680542, 56.5492591858, 57.0881309509, 47.966468811, 46.4966316223], [-157.95413208, 246.976837158, 149.462097168, 93.5545425415, 354.553070068, 84.2895584106, 85.0885467529, 76.168838501, 77.3963088989, 69.5741424561, 57.4398231506, 35.043296814, 61.2474403381], [539.735412598, -285.782867432, 274.113677979, 93.6487731934, 84.2895584106, 293.297393799, 116.16709137, 75.760307312, 92.1571960449, 79.643196106, 90.5635070801, 78.4256591797, 35.5047645569], [58.3634223938, 33.5329399109, 71.9642715454, 112.835533142, 85.0885467529, 116.16709137, 202.651046753, 93.088104248, 69.5875091553, 59.2062110901, 70.5408706665, 55.1713066101, 36.0074501038], [393.279663086, -13.9499855042, 23.6017494202, 98.342376709, 76.168838501, 75.760307312, 93.088104248, 162.075042725, 70.3907852173, 44.8478279114, 62.0395050049, 50.4057502747, 24.5933246613], [36.1876029968, -65.9195556641, 106.88318634, 71.4525680542, 77.3963088989, 92.1571960449, 69.5875091553, 70.3907852173, 139.124328613, 69.8643875122, 57.850982666, 46.4796028137, 38.2490692139], [255.023849487, -99.932510376, 91.9236526489, 56.5492591858, 69.5741424561, 79.643196106, 59.2062110901, 44.8478279114, 69.8643875122, 147.901947021, 84.6637268066, 48.6634140015, 41.8973922729], [323.978973389, -157.675064087, 112.959442139, 57.0881309509, 57.4398231506, 90.5635070801, 70.5408706665, 62.0395050049, 57.850982666, 84.6637268066, 147.404342651, 82.529914856, 38.5247344971], [356.202301025, -144.513595581, 101.948745728, 47.966468811, 35.043296814, 78.4256591797, 55.1713066101, 50.4057502747, 46.4796028137, 48.6634140015, 82.529914856, 114.045471191, 46.8779830933], [-103.820228577, 12.6165838242, 50.8134841919, 46.4966316223, 61.2474403381, 35.5047645569, 36.0074501038, 24.5933246613, 38.2490692139, 41.8973922729, 38.5247344971, 46.8779830933, 97.2677688599]],
        "icov": [[5.7541696151e-05, 3.57551471097e-05, 6.68825741741e-05, -6.69637229294e-05, -5.30932447873e-06, -0.000115958479, 0.000111994115287, -0.000116819697723, 0.000121147233585, -8.83243628778e-05, 1.5187124518e-05, -0.00017393786402, 0.000155818575877], [3.57551471097e-05, 0.000558483938221, 0.000301005929941, 5.66658563912e-05, -0.000588411814533, 0.000302196363918, -0.000371220230591, 5.12698591137e-07, 8.67029302754e-05, 0.00012524635531, 0.000302428234136, 0.000199170288397, -0.000124934114865], [6.68825741741e-05, 0.000301005929941, 0.00133938610088, 0.000635397678707, -0.000652949616779, -0.000981469638646, 7.76445449446e-06, 0.000284539797576, -0.000217254360905, 3.04381464957e-05, -5.60591433896e-05, -0.000442778255092, 3.14088538289e-05], [-6.69637229294e-05, 5.66658563912e-05, 0.000635397678707, 0.00327402702533, -0.000469922146294, -0.000573117169552, -0.000972812646069, -0.000555911567062, -0.000559888489079, 3.46241758962e-05, 3.91535686504e-05, 0.000120430384413, -0.000838349107653], [-5.30932447873e-06, -0.000588411814533, -0.000652949616779, -0.000469922146294, 0.00443979585543, -0.00034039147431, -1.89366219274e-05, -0.000974529306404, -0.000602743239142, -0.000706227379851, -0.000501531583723, 0.000873133947607, -0.00146252766717], [-0.000115958479, 0.000302196363918, -0.000981469638646, -0.000573117169552, -0.00034039147431, 0.00684980722144, -0.0023074017372, 0.000193028172362, -0.00160659372341, -0.000339621299645, -0.000301226042211, -0.000885808141902, 0.000467386766104], [0.000111994115287, -0.000371220230591, 7.76445449446e-06, -0.000972812646069, -1.89366219274e-05, -0.0023074017372, 0.00898540671915, -0.00287821004167, -0.00021318544168, -0.00057434476912, -0.00108491641004, -0.00079466792522, 2.81875873043e-05], [-0.000116819697723, 5.12698591137e-07, 0.000284539797576, -0.000555911567062, -0.000974529306404, 0.000193028172362, -0.00287821004167, 0.010689237155, -0.00317746424116, 0.0010000319453, -0.0014600364957, -0.00126814411487, 0.000906506145839], [0.000121147233585, 8.67029302754e-05, -0.000217254360905, -0.000559888489079, -0.000602743239142, -0.00160659372341, -0.00021318544168, -0.00317746424116, 0.0128017738461, -0.00338046462275, 0.000468928396003, -0.000715134083293, -0.00107157474849], [-8.83243628778e-05, 0.00012524635531, 3.04381464957e-05, 3.46241758962e-05, -0.000706227379851, -0.000339621299645, -0.00057434476912, 0.0010000319453, -0.00338046462275, 0.0121630039066, -0.00539219519123, 0.0016708697658, -0.00219394220039], [1.5187124518e-05, 0.000302428234136, -5.60591433896e-05, 3.91535686504e-05, -0.000501531583723, -0.000301226042211, -0.00108491641004, -0.0014600364957, 0.000468928396003, -0.00539219519123, 0.0155645664781, -0.00758765777573, 0.000814555736724], [-0.00017393786402, 0.000199170288397, -0.000442778255092, 0.000120430384413, 0.000873133947607, -0.000885808141902, -0.00079466792522, -0.00126814411487, -0.000715134083293, 0.0016708697658, -0.00758765777573, 0.0187869668007, -0.00613698689267], [0.000155818575877, -0.000124934114865, 3.14088538289e-05, -0.000838349107653, -0.00146252766717, 0.000467386766104, 2.81875873043e-05, 0.000906506145839, -0.00107157474849, -0.00219394220039, 0.000814555736724, -0.00613698689267, 0.0153599353507]]
    },
    "spectral_contrast_coeffs": {
        "mean": [-0.686249911785, -0.77459359169, -0.770500063896, -0.785121798515, -0.77320587635, -0.773730695248]
    },
    "spectral_contrast_valleys": {
        "mean": [-7.69162654877, -7.65537786484, -8.27017498016, -8.5107049942, -8.42662906647, -11.7081775665]
    }
},
"rhythm": {
    "beats_count": 485,
    "beats_loudness": {
        "mean": 0.019672498107
    },
    "bpm": 152.928665161,
    "bpm_histogram_first_peak_bpm": 152,
    "bpm_histogram_first_peak_weight": 0.0410959124565,
    "bpm_histogram_second_peak_bpm": 157,
    "bpm_histogram_second_peak_spread": 0,
    "bpm_histogram_second_peak_weight": 0.181818187237,
    "danceability": 0.973396241665,
    "onset_rate": 3.16530132294,
    "beats_loudness_band_ratio": {
        "mean": [0.347696751356, 0.254965424538, 0.136487051845, 0.0967330336571, 0.133032307029, 0.0615002773702]
    },
    "beats_position": [0.615328788757, 1.21904754639, 1.8111563921, 2.40326523781, 2.99537420273, 3.58748292923, 4.17959165573, 4.76009082794, 5.34058952332, 5.93269824982, 6.52480697632, 7.11691617966, 7.70902490616, 8.3011341095, 8.88163280487, 9.47374153137, 10.0658502579, 10.6579589844, 11.2384576797, 11.8189563751, 12.3994560242, 12.9799547195, 13.5604534149, 14.1525621414, 14.7446708679, 15.3483896255, 15.9404983521, 16.5326080322, 17.1131057739, 17.693605423, 18.2624931335, 18.877822876, 19.4699325562, 20.062040329, 20.642539978, 21.2346477509, 21.8151473999, 22.3956451416, 22.9877548218, 23.5798625946, 24.1603622437, 24.7524719238, 25.3445796967, 25.9366893768, 26.5287971497, 27.1209068298, 27.7014045715, 28.2935142517, 28.8856239319, 29.4777317047, 30.0582313538, 30.6503391266, 31.2308387756, 31.8113365173, 32.391834259, 32.9839439392, 33.5760536194, 34.1681632996, 34.7602729797, 35.3523788452, 35.9444885254, 36.5249862671, 37.1170959473, 37.7092056274, 38.2897033691, 38.8702049255, 39.462310791, 40.0544204712, 40.6465301514, 41.2270278931, 41.8191375732, 42.3996353149, 42.9801368713, 43.5722427368, 44.164352417, 44.7564620972, 45.3485717773, 45.9406776428, 46.532787323, 47.1248970032, 47.7170066833, 48.3207244873, 48.9244422913, 49.5397720337, 50.1434898376, 50.6543312073, 51.1651687622, 51.6760063171, 52.0823554993, 52.4887046814, 52.8950538635, 53.3130149841, 53.73097229, 54.1489334106, 54.5552825928, 54.9500198364, 55.3563690186, 55.7511100769, 56.1458511353, 56.5405883789, 56.9353294373, 57.3300666809, 57.7131958008, 58.0963249207, 58.491065979, 58.8858032227, 59.280544281, 59.6752815247, 60.070022583, 60.4647598267, 60.859500885, 61.2542381287, 61.648979187, 62.0321083069, 62.4268455505, 62.8099746704, 63.1931037903, 63.5878448486, 63.9709739685, 64.3657150269, 64.7604522705, 65.1551895142, 65.5499343872, 65.9330596924, 66.327796936, 66.7341461182, 67.1288909912, 67.5236282349, 67.9183654785, 68.3131027222, 68.7078475952, 69.1025848389, 69.485710144, 69.8688430786, 70.2635803223, 70.6583175659, 71.053062439, 71.4477996826, 71.8309249878, 72.2256698608, 72.608795166, 73.0035324097, 73.3982772827, 73.7930145264, 74.18775177, 74.5824966431, 74.9772338867, 75.3603591919, 75.7434921265, 76.1382293701, 76.5329666138, 76.9277114868, 77.3224487305, 77.7171859741, 78.1119232178, 78.5066680908, 78.9014053345, 79.2961425781, 79.6908798218, 80.0740127563, 80.4571380615, 80.8518829346, 81.2350082397, 81.6181411743, 82.012878418, 82.3960113525, 82.7907485962, 83.1854858398, 83.5686187744, 83.9633560181, 84.3580932617, 84.7528305054, 85.1475753784, 85.5423126221, 85.9370498657, 86.3317871094, 86.7265319824, 87.1212692261, 87.5043945312, 87.8875274658, 88.2822647095, 88.6770019531, 89.0717468262, 89.4664840698, 89.8612213135, 90.2559585571, 90.6507034302, 91.0338287354, 91.428565979, 91.8116989136, 92.2064361572, 92.6011810303, 92.9959182739, 93.3906555176, 93.7853927612, 94.1801376343, 94.5748748779, 94.9580001831, 95.3411331177, 95.7242584229, 96.1190032959, 96.5137405396, 96.9084777832, 97.3032150269, 97.6979598999, 98.0926971436, 98.4874343872, 98.8705673218, 99.2653045654, 99.6600418091, 100.054779053, 100.449523926, 100.844261169, 101.227394104, 101.610519409, 102.005256653, 102.400001526, 102.79473877, 103.189476013, 103.584213257, 103.97895813, 104.373695374, 104.756820679, 105.151565552, 105.546302795, 105.929428101, 106.324172974, 106.718910217, 107.113647461, 107.508384705, 107.903129578, 108.286254883, 108.669387817, 109.064125061, 109.458862305, 109.853607178, 110.248344421, 110.643081665, 111.037818909, 111.432563782, 111.827301025, 112.210426331, 112.593559265, 112.988296509, 113.383033752, 113.777778625, 114.172515869, 114.567253113, 114.961990356, 115.356735229, 115.751472473, 116.134597778, 116.529342651, 116.912467957, 117.3072052, 117.701950073, 118.108299255, 118.491424561, 118.874557495, 119.2576828, 119.652427673, 120.047164917, 120.441902161, 120.825035095, 121.2081604, 121.602897644, 121.997642517, 122.392379761, 122.787117004, 123.181854248, 123.576599121, 123.971336365, 124.366073608, 124.760810852, 125.155555725, 125.550292969, 125.945030212, 126.328163147, 126.722900391, 127.106025696, 127.500770569, 127.895507812, 128.290252686, 128.6849823, 129.079727173, 129.474472046, 129.86920166, 130.263946533, 130.647079468, 131.030197144, 131.424942017, 131.81968689, 132.214416504, 132.609161377, 133.003890991, 133.398635864, 133.793380737, 134.176498413, 134.571243286, 134.954376221, 135.349105835, 135.743850708, 136.138595581, 136.533325195, 136.91645813, 137.299591064, 137.694335938, 138.089065552, 138.483810425, 138.878540039, 139.273284912, 139.656417847, 140.051147461, 140.434280396, 140.829025269, 141.223754883, 141.618499756, 142.013244629, 142.407974243, 142.814331055, 143.209060669, 143.603805542, 143.986938477, 144.381668091, 144.764801025, 145.14793396, 145.542678833, 145.937408447, 146.33215332, 146.726898193, 147.110015869, 147.493148804, 147.887893677, 148.282623291, 148.677368164, 149.072113037, 149.455230713, 149.861587524, 150.244720459, 150.639450073, 151.045806885, 151.452148438, 151.846893311, 152.241622925, 152.636367798, 153.019500732, 153.402633667, 153.785751343, 154.168884277, 154.552017212, 154.946762085, 155.341491699, 155.736236572, 156.130966187, 156.52571106, 156.920455933, 157.303573608, 157.698318481, 158.093063354, 158.47618103, 158.870925903, 159.265670776, 159.660400391, 160.055145264, 160.449890137, 160.844619751, 161.227752686, 161.61088562, 162.005615234, 162.400360107, 162.79510498, 163.189834595, 163.584579468, 163.979324341, 164.374053955, 164.768798828, 165.151931763, 165.535049438, 165.929794312, 166.324539185, 166.719268799, 167.114013672, 167.508743286, 167.903488159, 168.298233032, 168.681350708, 169.076095581, 169.470840454, 169.85395813, 170.248703003, 170.643447876, 171.03817749, 171.432922363, 171.816055298, 172.199172974, 172.593917847, 172.98866272, 173.383392334, 173.778137207, 174.17288208, 174.567611694, 174.962356567, 175.35710144, 175.751831055, 176.134963989, 176.518096924, 176.912826538, 177.307571411, 177.702316284, 178.097045898, 178.491790771, 178.874923706, 179.258041382, 179.652786255, 180.047531128, 180.442260742, 180.837005615, 181.231735229, 181.626480103, 182.009613037, 182.392745972, 182.787475586, 183.182220459, 183.576965332, 183.971694946, 184.366439819, 184.761169434, 185.144302368, 185.539047241, 185.933776855, 186.31690979, 186.711654663, 187.106384277, 187.50112915, 187.895874023, 188.290603638, 188.685348511, 189.080093384, 189.474822998, 189.857955933, 190.252700806, 190.635818481, 191.030563354, 191.425308228, 191.820037842, 192.214782715, 192.609527588, 193.004257202, 193.399002075, 193.793731689, 194.176864624, 194.571609497, 194.966339111, 195.349472046, 195.744216919, 196.127349854, 196.522079468, 196.916824341, 197.299957275, 197.69468689, 198.089431763, 198.484161377, 198.87890625, 199.273651123, 199.668380737, 200.06312561, 200.457870483, 200.852600098, 201.247344971, 201.642089844, 202.048431396, 202.408340454, 202.756637573, 203.104934692, 203.453231812, 203.789932251, 204.126617432, 204.463302612, 204.800003052, 205.136688232, 205.473373413, 205.821670532, 206.169967651, 206.518280029, 206.866577148],
    "bpm_histogram": [0, 0, 0, 0, 0, 0, 0, 0, 0, 0, 0, 0, 0, 0, 0, 0, 0, 0, 0, 0, 0, 0, 0, 0, 0, 0, 0, 0, 0, 0, 0, 0, 0, 0, 0, 0, 0, 0, 0, 0, 0, 0, 0, 0, 0, 0, 0, 0, 0, 0, 0, 0, 0, 0, 0, 0, 0, 0, 0, 0, 0, 0, 0, 0, 0, 0, 0, 0, 0, 0, 0, 0, 0, 0, 0, 0, 0, 0, 0, 0, 0, 0, 0, 0, 0, 0, 0, 0, 0, 0, 0, 0, 0, 0, 0, 0, 0, 0, 0.00413223123178, 0.0103305783123, 0, 0.105371899903, 0, 0.051652893424, 0, 0.00206611561589, 0, 0, 0, 0, 0, 0, 0, 0, 0, 0, 0, 0.0061983470805, 0, 0, 0, 0, 0, 0, 0, 0, 0, 0, 0, 0, 0, 0, 0, 0, 0, 0, 0, 0, 0, 0, 0, 0, 0, 0, 0.0061983470805, 0, 0, 0, 0.024793388322, 0, 0, 0, 0.578512370586, 0, 0, 0, 0, 0.181818187237, 0, 0, 0, 0, 0, 0, 0, 0, 0, 0.00206611561589, 0, 0, 0, 0, 0.0144628100097, 0, 0, 0, 0, 0, 0.012396694161, 0, 0, 0, 0, 0, 0, 0, 0, 0, 0, 0, 0, 0, 0, 0, 0, 0, 0, 0, 0, 0, 0, 0, 0, 0, 0, 0, 0, 0, 0, 0, 0, 0, 0, 0, 0, 0, 0, 0, 0, 0, 0, 0, 0, 0, 0, 0, 0, 0, 0, 0, 0, 0, 0, 0, 0, 0, 0, 0, 0, 0, 0, 0, 0, 0, 0, 0, 0, 0, 0, 0]
},
"tonal": {
    "chords_changes_rate": 0.0552449114621,
    "chords_number_rate": 0.00246029975824,
    "chords_strength": {
        "mean": 0.485235750675
    },
    "hpcp_crest": {
        "mean": 13.1449632645
    },
    "hpcp_entropy": {
        "mean": 2.04714846611
    },
    "key_edma": {
        "strength": 0.743633210659,
        "key": "D",
        "scale": "major"
    },
    "key_krumhansl": {
        "strength": 0.752361476421,
        "key": "D",
        "scale": "major"
    },
    "key_temperley": {
        "strength": 0.75924295187,
        "key": "D",
        "scale": "major"
    },
    "tuning_diatonic_strength": 0.62104588747,
    "tuning_equal_tempered_deviation": 0.0377521067858,
    "tuning_frequency": 440,
    "tuning_nontempered_energy_ratio": 0.658333897591,
    "hpcp": {
        "mean": [0.3423371315, 0.210769683123, 0.0864730998874, 0.0720606744289, 0.0587145090103, 0.151585802436, 0.256043434143, 0.20205360651, 0.14953571558, 0.134294942021, 0.0941693410277, 0.0946935415268, 0.119091942906, 0.117727138102, 0.228254288435, 0.320417732, 0.19606114924, 0.0997176766396, 0.0866717547178, 0.0821813568473, 0.146062329412, 0.214544177055, 0.156692624092, 0.0967135056853, 0.0949321314692, 0.0777192637324, 0.163710400462, 0.244615644217, 0.155690819025, 0.109916441143, 0.124087408185, 0.0872368142009, 0.0715934410691, 0.0695040225983, 0.0645170807838, 0.208887264132]
    },
    "chords_histogram": [33.4824409485, 1.92350709438, 8.4544839859, 0, 2.41556692123, 0.872288107872, 4.87586688995, 0, 0.134198158979, 0.1118318066, 0.20129725337, 0.0670990794897, 0.0894654467702, 0, 0, 1.07358527184, 0.38022813201, 5.3008275032, 0.0447327233851, 6.0389175415, 0, 1.87877428532, 7.85059261322, 24.8042945862],
    "thpcp": [1, 0.615678727627, 0.252596318722, 0.210496231914, 0.171510785818, 0.442796856165, 0.747927725315, 0.590218186378, 0.436808347702, 0.392288565636, 0.275077790022, 0.276609033346, 0.347879141569, 0.343892395496, 0.666752934456, 0.935971319675, 0.572713673115, 0.291285008192, 0.253176599741, 0.24005971849, 0.426662236452, 0.626704394817, 0.457714378834, 0.282509535551, 0.277305960655, 0.227025508881, 0.478213965893, 0.714546024799, 0.454787999392, 0.321076601744, 0.362471371889, 0.254827201366, 0.209131389856, 0.203027993441, 0.188460662961, 0.610179960728],
    "chords_key": "D",
    "chords_scale": "major"
}
}