{
"metadata": {
    "version": {
        "essentia": "2.1-beta6-dev",
        "essentia_git_sha": "v2.1_beta5-1177-g1d1cc983",
        "extractor": "music 2.0"
    },
    "audio_properties": {
        "analysis": {
            "equal_loudness": 0,
            "length": 215.826660156,
            "sample_rate": 44100,
            "start_time": 0,
            "downmix": "mix"
        },
        "bit_rate": 1411200,
        "length": 215.826660156,
        "lossless": 1,
        "number_channels": 2,
        "replay_gain": -12.5748004913,
        "sample_rate": 44100,
        "codec": "pcm_s16le",
        "md5_encoded": "a2f6cef66deb76953c9bc27b6cfefee1"
    },
    "tags": {
        "file_name": "03 - Manchester Orchestra - Pensacola.wav",
        "album": ["Simple Math"],
        "albumartist": ["Manchester Orchestra"],
        "artist": ["Manchester Orchestra"],
        "composer": ["Andy Hull"],
        "copyright": ["(P) 2011 Sony Music Entertainment"],
        "date": ["2011"],
        "discnumber": ["1"],
        "disctotal": ["1"],
        "genre": ["Alternative & Indie"],
        "isrc": ["USSM11101285"],
        "title": ["Pensacola"],
        "tracknumber": ["3"],
        "tracktotal": ["10"]
    }
},
"lowlevel": {
    "average_loudness": 0.917628526688,
    "barkbands_crest": {
        "mean": 11.738899231
    },
    "barkbands_flatness_db": {
        "mean": 0.150233715773
    },
    "barkbands_kurtosis": {
        "mean": 7.17219114304
    },
    "barkbands_skewness": {
        "mean": 2.0127260685
    },
    "barkbands_spread": {
        "mean": 24.2605266571
    },
    "dissonance": {
        "mean": 0.465536683798
    },
    "dynamic_complexity": 3.26421189308,
    "erbbands_crest": {
        "mean": 7.75672578812
    },
    "erbbands_flatness_db": {
        "mean": 0.147770687938
    },
    "erbbands_kurtosis": {
        "mean": 0.615858435631
    },
    "erbbands_skewness": {
        "mean": 0.0725295096636
    },
    "erbbands_spread": {
        "mean": 45.0107269287
    },
    "hfc": {
        "mean": 26.6247138977
    },
    "loudness_ebu128": {
        "integrated": -8.97825431824,
        "loudness_range": 4.85507106781,
        "momentary": {
            "mean": -10.8195533752
        },
        "short_term": {
            "mean": -10.076540947
        }
    },
    "melbands_crest": {
        "mean": 16.5256595612
    },
    "melbands_flatness_db": {
        "mean": 0.224506661296
    },
    "melbands_kurtosis": {
        "mean": 23.2434425354
    },
    "melbands_skewness": {
        "mean": 3.57339811325
    },
    "melbands_spread": {
        "mean": 21.0673274994
    },
    "pitch_salience": {
        "mean": 0.493576139212
    },
    "silence_rate_20dB": {
        "mean": 1
    },
    "silence_rate_30dB": {
        "mean": 0.960090339184
    },
    "silence_rate_60dB": {
        "mean": 0.0736876055598
    },
    "spectral_centroid": {
        "mean": 1431.6463623
    },
    "spectral_complexity": {
        "mean": 23.114780426
    },
    "spectral_decrease": {
        "mean": -1.09856825858e-08
    },
    "spectral_energy": {
        "mean": 0.043877478689
    },
    "spectral_energyband_high": {
        "mean": 0.00156510784291
    },
    "spectral_energyband_low": {
        "mean": 0.0280671827495
    },
    "spectral_energyband_middle_high": {
        "mean": 0.0055236723274
    },
    "spectral_energyband_middle_low": {
        "mean": 0.0111584961414
    },
    "spectral_entropy": {
        "mean": 7.6197271347
    },
    "spectral_flux": {
        "mean": 0.0987563803792
    },
    "spectral_kurtosis": {
        "mean": 5.20973920822
    },
    "spectral_rms": {
        "mean": 0.00601929565892
    },
    "spectral_rolloff": {
        "mean": 1363.72509766
    },
    "spectral_skewness": {
        "mean": 1.44956243038
    },
    "spectral_spread": {
        "mean": 4547477.5
    },
    "spectral_strongpeak": {
        "mean": 0.550845146179
    },
    "zerocrossingrate": {
        "mean": 0.0559509061277
    },
    "barkbands": {
        "mean": [0.000566838833038, 0.0173944216222, 0.00779146235436, 0.00410310318694, 0.00180330011062, 0.0014666254865, 0.00109289947432, 0.000709264772013, 0.0017602944281, 0.000736803165637, 0.000842066656332, 0.000619503203779, 0.000428473867942, 0.000509748060722, 0.000403737125453, 0.000588239403442, 0.000526662101038, 0.000454599765362, 0.000380877754651, 0.000284215348074, 0.000304574205074, 0.000286453345325, 0.000293444638373, 0.000297216931358, 0.000205925782211, 2.38331504079e-05, 2.68786288871e-06]
    },
    "erbbands": {
        "mean": [0.420401722193, 4.09893369675, 9.53310680389, 12.0900764465, 8.90545558929, 6.07819366455, 9.16684150696, 11.7219142914, 12.1672716141, 19.0911827087, 24.3682556152, 36.4773330688, 28.5029716492, 26.3653945923, 28.5484142303, 23.6497211456, 21.27967453, 24.2931213379, 19.4116973877, 28.2770652771, 33.5748558044, 31.5275421143, 26.5314807892, 21.1098899841, 16.9493694305, 13.8444318771, 12.5643262863, 12.1395206451, 10.7868537903, 8.24316501617, 8.53774166107, 6.73170518875, 4.70552921295, 3.21524238586, 0.89889228344, 0.18004463613, 0.0365155451, 0.00436456128955, 0.00047526624985, 8.84409746504e-05]
    },
    "gfcc": {
        "mean": [1.81463587284, 99.723449707, -110.911193848, 47.9273223877, -51.9050827026, 18.253698349, -28.4353885651, 12.8412513733, -15.329416275, -2.22429060936, -13.2291574478, -2.59992170334, -9.48751449585],
        "cov": [[13339.0917969, -1775.78234863, -964.026550293, 1412.26269531, -185.492355347, 900.358337402, 90.8202819824, 608.12902832, -0.456503212452, 35.6502609253, -374.647766113, -3.18095469475, -211.089675903], [-1775.78234863, 1784.12023926, -185.692398071, -310.276824951, 406.088562012, -297.5987854, 175.494735718, -186.692703247, 116.950996399, -92.2535629272, 162.361663818, -72.2150726318, 61.0652770996], [-964.026550293, -185.692398071, 1095.66967773, 97.192741394, -70.4057159424, 49.8053703308, -205.723190308, -7.24354839325, -59.010017395, 65.4739456177, -33.0078849792, 36.2098503113, -18.2721614838], [1412.26269531, -310.276824951, 97.192741394, 666.217529297, 81.1486282349, 121.736930847, 38.0386695862, 70.0318984985, 53.5025062561, 6.93589067459, -41.1631813049, 16.9108924866, 27.8519115448], [-185.492355347, 406.088562012, -70.4057159424, 81.1486282349, 394.659851074, 6.83007097244, 113.418548584, -6.55788803101, 72.1490097046, -11.820514679, 25.3830814362, -7.00209665298, 24.7129497528], [900.358337402, -297.5987854, 49.8053703308, 121.736930847, 6.83007097244, 294.776519775, 64.2951126099, 75.78175354, 4.50231409073, 7.85531377792, -34.0464096069, -15.011177063, -36.2290916443], [90.8202819824, 175.494735718, -205.723190308, 38.0386695862, 113.418548584, 64.2951126099, 286.709472656, 10.369758606, 34.4914588928, -23.5698986053, 13.8144311905, -25.1405315399, -1.52533006668], [608.12902832, -186.692703247, -7.24354839325, 70.0318984985, -6.55788803101, 75.78175354, 10.369758606, 159.969314575, 35.5466766357, 2.85876178741, -18.5976161957, -4.02112102509, -11.0990037918], [-0.456503212452, 116.950996399, -59.010017395, 53.5025062561, 72.1490097046, 4.50231409073, 34.4914588928, 35.5466766357, 120.065437317, 11.6224498749, 11.0058822632, -16.0468158722, 11.1187400818], [35.6502609253, -92.2535629272, 65.4739456177, 6.93589067459, -11.820514679, 7.85531377792, -23.5698986053, 2.85876178741, 11.6224498749, 76.8412780762, 10.8992776871, 9.09125232697, 2.41638541222], [-374.647766113, 162.361663818, -33.0078849792, -41.1631813049, 25.3830814362, -34.0464096069, 13.8144311905, -18.5976161957, 11.0058822632, 10.8992776871, 106.098304749, 23.3194656372, 26.668920517], [-3.18095469475, -72.2150726318, 36.2098503113, 16.9108924866, -7.00209665298, -15.011177063, -25.1405315399, -4.02112102509, -16.0468158722, 9.09125232697, 23.3194656372, 95.3254852295, 30.7584781647], [-211.089675903, 61.0652770996, -18.2721614838, 27.8519115448, 24.7129497528, -36.2290916443, -1.52533006668, -11.0990037918, 11.1187400818, 2.41638541222, 26.668920517, 30.7584781647, 77.7562637329]],
        "icov": [[0.000226057440159, -0.000227487820666, 0.000408668711316, -0.000532810809091, 0.000235475046793, -0.000551094475668, 0.000305193738313, -0.000625570421107, 0.000527530559339, -0.000606587331276, 0.000646825064905, -0.000432138942415, 0.000556823564693], [-0.000227487820666, 0.00203751935624, -0.000738568196539, 0.0012306640856, -0.00161703885533, 0.00177083711606, -0.00094756152248, 0.00190675398335, -0.00197549071163, 0.00273823854513, -0.00252316007391, 0.00191360793542, -0.000933682138566], [0.000408668711316, -0.000738568196539, 0.00198090053163, -0.00128530920483, 0.000551821489353, -0.00149697985034, 0.0014996540267, -0.00120755471289, 0.00169301230926, -0.00229119020514, 0.00166805263143, -0.0012630848214, 0.00135617842898], [-0.000532810809091, 0.0012306640856, -0.00128530920483, 0.00341186253354, -0.00134217983577, 0.00110758806113, -0.00109684059862, 0.00160617451183, -0.00246178195812, 0.0023013856262, -0.00134604272898, 0.00115421065129, -0.00250111450441], [0.000235475046793, -0.00161703885533, 0.000551821489353, -0.00134217983577, 0.00458920467645, -0.00146304280497, -0.000302460219245, -0.00103630707599, -0.00010353475227, -0.00164519157261, 0.00169086526148, -0.00158937927336, 0.000340237922501], [-0.000551094475668, 0.00177083711606, -0.00149697985034, 0.00110758806113, -0.00146304280497, 0.00692958850414, -0.00247212429531, 0.00052786921151, -0.0015219693305, 0.00214596674778, -0.00227228086442, 0.00208244007081, 0.000191776038264], [0.000305193738313, -0.00094756152248, 0.0014996540267, -0.00109684059862, -0.000302460219245, -0.00247212429531, 0.00567121338099, -0.000980244018137, 0.000954874325544, -0.000718511582818, 0.000731218606234, -0.00030924344901, 0.000990920001641], [-0.000625570421107, 0.00190675398335, -0.00120755471289, 0.00160617451183, -0.00103630707599, 0.00052786921151, -0.000980244018137, 0.0106628118083, -0.0052638174966, 0.00353648141026, -0.00232960749418, 0.00150712404866, -0.00113108532969], [0.000527530559339, -0.00197549071163, 0.00169301230926, -0.00246178195812, -0.00010353475227, -0.0015219693305, 0.000954874325544, -0.0052638174966, 0.0140037722886, -0.00566059723496, 0.00192773074377, 0.000463706266601, 0.000183180105523], [-0.000606587331276, 0.00273823854513, -0.00229119020514, 0.0023013856262, -0.00164519157261, 0.00214596674778, -0.000718511582818, 0.00353648141026, -0.00566059723496, 0.0189998093992, -0.00570271816105, 0.0018760652747, -0.00171370024327], [0.000646825064905, -0.00252316007391, 0.00166805263143, -0.00134604272898, 0.00169086526148, -0.00227228086442, 0.000731218606234, -0.00232960749418, 0.00192773074377, -0.00570271816105, 0.0156290642917, -0.00514423241839, -0.00072664313484], [-0.000432138942415, 0.00191360793542, -0.0012630848214, 0.00115421065129, -0.00158937927336, 0.00208244007081, -0.00030924344901, 0.00150712404866, 0.000463706266601, 0.0018760652747, -0.00514423241839, 0.0155571410432, -0.00621601706371], [0.000556823564693, -0.000933682138566, 0.00135617842898, -0.00250111450441, 0.000340237922501, 0.000191776038264, 0.000990920001641, -0.00113108532969, 0.000183180105523, -0.00171370024327, -0.00072664313484, -0.00621601706371, 0.0188945773989]]
    },
    "melbands": {
        "mean": [0.00432265037671, 0.0051950532943, 0.00202274252661, 0.000464331358671, 0.000314040808007, 0.000271537603112, 0.000194422493223, 0.000188765363418, 0.000240453620791, 0.000220295303734, 0.000139390365803, 0.000104200727947, 0.000113001035061, 6.15167809883e-05, 6.52342932881e-05, 4.05145146942e-05, 4.54835389974e-05, 3.16394362017e-05, 3.4196247725e-05, 3.64223305951e-05, 3.90710192733e-05, 3.26323242916e-05, 2.73501318588e-05, 2.06765362236e-05, 1.66782319866e-05, 1.4135708625e-05, 9.81768880592e-06, 8.94777986105e-06, 7.98094242782e-06, 6.91533205099e-06, 7.18167120795e-06, 6.73976182952e-06, 4.34650792158e-06, 4.66652818432e-06, 5.09676692673e-06, 4.44204988526e-06, 3.95941424358e-06, 3.23007589031e-06, 3.23214908349e-06, 2.52357858699e-06]
    },
    "melbands128": {
        "mean": [0.000537251180504, 0.00294240401126, 0.00573633797467, 0.00730253616348, 0.0055790184997, 0.00356664252467, 0.00254213763401, 0.00188247556798, 0.000765891687479, 0.000282119668555, 0.00034728841274, 0.00029018294299, 0.000295475765597, 0.000377426680643, 0.000248834985541, 0.000239309243625, 0.000211713428143, 0.000144757170347, 0.000214031184441, 0.000275750033325, 0.000119335221825, 0.000113274756586, 0.000242853915552, 0.000405726634199, 0.000252358207945, 0.000135147362016, 0.000167876089108, 0.000129525957163, 0.000149077794049, 6.47847627988e-05, 9.80279583018e-05, 0.000153487475473, 0.000143478522659, 4.5993601816e-05, 8.17251202534e-05, 5.23712151335e-05, 5.15809188073e-05, 9.1616071586e-05, 5.27833435626e-05, 3.66480344383e-05, 3.08504386339e-05, 5.69544899918e-05, 4.7155059292e-05, 3.60425001418e-05, 4.78115362057e-05, 2.86919930659e-05, 1.62576634466e-05, 3.24162501784e-05, 3.98338488594e-05, 4.72921565233e-05, 2.86005051748e-05, 3.2382322388e-05, 5.33272977918e-05, 3.51287890226e-05, 2.46215458901e-05, 3.90864879591e-05, 3.09549504891e-05, 2.79804062302e-05, 2.74158210232e-05, 2.43556332862e-05, 2.02930659725e-05, 1.71251758729e-05, 1.83653100976e-05, 1.55083089339e-05, 1.60561012308e-05, 1.54624940478e-05, 1.20924923976e-05, 1.03446209323e-05, 8.83227312443e-06, 9.97331608232e-06, 9.18617934076e-06, 8.4504536062e-06, 7.80929713073e-06, 8.22355650598e-06, 7.92305127106e-06, 6.33311810816e-06, 6.91577133693e-06, 6.85764325681e-06, 7.02869874658e-06, 7.90058038547e-06, 7.30578312869e-06, 6.34899470242e-06, 5.02762213728e-06, 3.59587943422e-06, 4.37739345216e-06, 4.53476013718e-06, 4.61362606075e-06, 5.31231353307e-06, 5.33205457032e-06, 4.81845427203e-06, 4.44663646704e-06, 4.37452990809e-06, 4.36407663074e-06, 4.11290602642e-06, 3.70490261048e-06, 3.0997405247e-06, 3.22322421198e-06, 3.21775996781e-06, 3.08260541715e-06, 3.39002212968e-06, 3.28652640746e-06, 2.39266660174e-06, 1.64651828527e-06, 1.13967212201e-06, 9.20073773614e-07, 7.61100636737e-07, 5.97739074237e-07, 3.26653548655e-07, 2.30004317814e-07, 1.95294873606e-07, 1.68592421801e-07, 1.31388503632e-07, 1.05945481721e-07, 7.89967913306e-08, 5.4015018236e-08, 3.61695953188e-08, 2.0684854718e-08, 1.459045329e-08, 1.3774987373e-08, 1.2361486057e-08, 1.09542144244e-08, 1.08281525968e-08, 1.02906048127e-08, 9.48769685039e-09, 7.44603001479e-09, 6.54323883964e-09, 2.32614216777e-09, 3.47312373306e-10]
    },
    "mfcc": {
        "mean": [-636.938293457, 119.953659058, 6.88279914856, 32.5467567444, 7.18125152588, 9.25838565826, 2.59842824936, 12.8145341873, 4.8201622963, 4.01929807663, 1.19179034233, 3.46727180481, 0.302326858044],
        "cov": [[12673.421875, -1968.0279541, -858.141845703, 441.230316162, -9.32574272156, 400.131744385, 196.32975769, 590.03137207, 444.49130249, 248.919952393, 183.368759155, 117.015022278, -148.584259033], [-1968.0279541, 1836.55578613, -318.769195557, -47.1535758972, 35.7290611267, -62.2771911621, -0.41934710741, -52.2308082581, -102.911888123, -5.97740697861, 6.71276187897, -29.6465568542, 44.4944801331], [-858.141845703, -318.769195557, 1033.98608398, 9.45899963379, 133.481964111, -13.7000694275, -57.0596885681, -111.52167511, -39.0627059937, -37.6287231445, -67.4771118164, 24.1847114563, 27.3780117035], [441.230316162, -47.1535758972, 9.45899963379, 482.240020752, 113.255462646, 95.1023635864, 7.25071382523, 43.0689964294, 78.8820419312, -26.5019073486, 0.649833440781, 44.2709732056, 18.980463028], [-9.32574272156, 35.7290611267, 133.481964111, 113.255462646, 294.050292969, 34.7140884399, -14.739315033, 4.11605501175, 32.9773292542, 18.9950065613, -5.90558481216, 22.2038421631, 17.1557121277], [400.131744385, -62.2771911621, -13.7000694275, 95.1023635864, 34.7140884399, 236.098419189, 77.7978134155, 59.2639579773, 50.363319397, 24.7634239197, 25.3177070618, 12.1746644974, -6.15927696228], [196.32975769, -0.41934710741, -57.0596885681, 7.25071382523, -14.739315033, 77.7978134155, 166.913314819, 66.6604995728, 32.1921615601, 16.4753093719, 18.9239749908, 11.512181282, 0.263799011707], [590.03137207, -52.2308082581, -111.52167511, 43.0689964294, 4.11605501175, 59.2639579773, 66.6604995728, 167.892959595, 67.1807403564, 30.7375507355, 31.2962875366, 15.2258052826, -3.63433289528], [444.49130249, -102.911888123, -39.0627059937, 78.8820419312, 32.9773292542, 50.363319397, 32.1921615601, 67.1807403564, 125.864898682, 51.4197769165, 16.0379085541, 9.53275871277, -5.96610641479], [248.919952393, -5.97740697861, -37.6287231445, -26.5019073486, 18.9950065613, 24.7634239197, 16.4753093719, 30.7375507355, 51.4197769165, 115.988342285, 38.8009643555, -0.551295697689, -9.31020259857], [183.368759155, 6.71276187897, -67.4771118164, 0.649833440781, -5.90558481216, 25.3177070618, 18.9239749908, 31.2962875366, 16.0379085541, 38.8009643555, 73.3924484253, 22.2494564056, -1.43461847305], [117.015022278, -29.6465568542, 24.1847114563, 44.2709732056, 22.2038421631, 12.1746644974, 11.512181282, 15.2258052826, 9.53275871277, -0.551295697689, 22.2494564056, 68.0473251343, 18.5910377502], [-148.584259033, 44.4944801331, 27.3780117035, 18.980463028, 17.1557121277, -6.15927696228, 0.263799011707, -3.63433289528, -5.96610641479, -9.31020259857, -1.43461847305, 18.5910377502, 59.2568054199]],
        "icov": [[0.000133047797135, 0.000143014796777, 0.000124262660393, -6.60940204398e-05, -1.41128848554e-05, -7.03343903297e-05, 5.58104256925e-05, -0.000266558607109, -3.27653651766e-05, -0.000154697961989, 3.31953779096e-05, -0.000160716866958, 0.000193784610019], [0.000143014796777, 0.000814721395727, 0.000403075420763, -0.000115364149678, -0.000280645297607, 3.7719586544e-05, -0.00011324591469, -0.000119805648865, 0.000634966068901, -0.000379714852897, -1.83534139069e-05, 0.000189314261661, -0.000379668897949], [0.000124262660393, 0.000403075420763, 0.00142221432179, 5.91420975979e-05, -0.00060803379165, -0.000222173446673, 0.000104684040707, 0.000470750383101, 0.000290340249194, -0.000275544443866, 0.00108093151357, -0.00080264126882, -0.00022184025147], [-6.60940204398e-05, -0.000115364149678, 5.91420975979e-05, 0.00306935538538, -0.000823863432743, -0.000964908686001, 0.000571902317461, 0.000171631283592, -0.00213872035965, 0.00196251645684, 3.86150459235e-05, -0.00121762871277, -0.000467401958304], [-1.41128848554e-05, -0.000280645297607, -0.00060803379165, -0.000823863432743, 0.00435606576502, -0.000403749727411, 0.00064331619069, -0.00012097092258, -0.000530888501089, -0.00115487643052, 0.000856379279867, -0.000843526679091, -0.000542758789379], [-7.03343903297e-05, 3.7719586544e-05, -0.000222173446673, -0.000964908686001, -0.000403749727411, 0.00591094931588, -0.00239528063685, -0.000372650596546, -0.000399478565669, -0.000226475836826, -0.00132200552616, 0.000732506334316, 0.000588506518397], [5.58104256925e-05, -0.00011324591469, 0.000104684040707, 0.000571902317461, 0.00064331619069, -0.00239528063685, 0.00826075300574, -0.00247055152431, -0.000625461805612, 0.000122334735352, 0.000146206730278, -0.00104646501131, -0.000341992126778], [-0.000266558607109, -0.000119805648865, 0.000470750383101, 0.000171631283592, -0.00012097092258, -0.000372650596546, -0.00247055152431, 0.00994698237628, -0.00370201072656, 0.000818847911432, -0.00191734661348, -0.000305170571664, -0.000428293191362], [-3.27653651766e-05, 0.000634966068901, 0.000290340249194, -0.00213872035965, -0.000530888501089, -0.000399478565669, -0.000625461805612, -0.00370201072656, 0.0147803248838, -0.00634878966957, 0.00234964489937, -0.000226366217248, 0.00049840164138], [-0.000154697961989, -0.000379714852897, -0.000275544443866, 0.00196251645684, -0.00115487643052, -0.000226475836826, 0.000122334735352, 0.000818847911432, -0.00634878966957, 0.014600657858, -0.00729350512847, 0.00239565246738, 0.000483014184283], [3.31953779096e-05, -1.83534139069e-05, 0.00108093151357, 3.86150459235e-05, 0.000856379279867, -0.00132200552616, 0.000146206730278, -0.00191734661348, 0.00234964489937, -0.00729350512847, 0.0215972363949, -0.00788203347474, 0.00116803799756], [-0.000160716866958, 0.000189314261661, -0.00080264126882, -0.00121762871277, -0.000843526679091, 0.000732506334316, -0.00104646501131, -0.000305170571664, -0.000226366217248, 0.00239565246738, -0.00788203347474, 0.0207404550165, -0.00582225760445], [0.000193784610019, -0.000379668897949, -0.00022184025147, -0.000467401958304, -0.000542758789379, 0.000588506518397, -0.000341992126778, -0.000428293191362, 0.00049840164138, 0.000483014184283, 0.00116803799756, -0.00582225760445, 0.0200734641403]]
    },
    "spectral_contrast_coeffs": {
        "mean": [-0.706816256046, -0.7492364645, -0.767335951328, -0.783424735069, -0.791124045849, -0.752415239811]
    },
    "spectral_contrast_valleys": {
        "mean": [-6.46504354477, -6.79574155807, -7.43202209473, -7.71208620071, -7.47393035889, -10.2035169601]
    }
},
"rhythm": {
    "beats_count": 470,
    "beats_loudness": {
        "mean": 0.0517143793404
    },
    "bpm": 132.031951904,
    "bpm_histogram_first_peak_bpm": 133,
    "bpm_histogram_first_peak_weight": 0.258660554886,
    "bpm_histogram_second_peak_bpm": 126,
    "bpm_histogram_second_peak_spread": 0.210526287556,
    "bpm_histogram_second_peak_weight": 0.0319829434156,
    "danceability": 1.03194344044,
    "onset_rate": 3.77129292488,
    "beats_loudness_band_ratio": {
        "mean": [0.627953708172, 0.0848868563771, 0.111368924379, 0.0701542422175, 0.0589781813323, 0.0640562325716]
    },
    "beats_position": [0.46439909935, 0.9287981987, 1.39319729805, 1.8575963974, 2.33360528946, 2.82122445107, 3.32045340538, 3.8196823597, 4.31891155243, 4.78331041336, 5.24770975113, 5.71210861206, 6.17650794983, 6.62929677963, 7.08208608627, 7.5464849472, 7.98766422272, 8.44045352936, 8.893242836, 9.34603118896, 9.79882049561, 10.2632198334, 10.71600914, 11.1687984467, 11.6215867996, 12.0743761063, 12.5271654129, 12.9799547195, 13.4327430725, 13.8855323792, 14.3383216858, 14.7911109924, 15.2555103302, 15.7082986832, 16.1610889435, 16.6138763428, 17.0666656494, 17.5194549561, 17.9722442627, 18.4250335693, 18.877822876, 19.3422222137, 19.8066215515, 20.2594108582, 20.7121982574, 21.1649875641, 21.6177768707, 22.0705661774, 22.523355484, 22.9761447906, 23.4289340973, 23.8933334351, 24.3461227417, 24.8105201721, 25.2633094788, 25.7160987854, 26.168888092, 26.6216773987, 27.0744667053, 27.527256012, 27.9800453186, 28.4328346252, 28.8856239319, 29.3384113312, 29.7912006378, 30.2439899445, 30.6967792511, 31.1611785889, 31.6139678955, 32.0783653259, 32.5311546326, 32.9839439392, 33.4367332458, 33.8895225525, 34.3423118591, 34.7951011658, 35.2478904724, 35.7122879028, 36.1534690857, 36.6062583923, 37.059047699, 37.5234451294, 37.976234436, 38.4290237427, 38.8818130493, 39.3462142944, 39.7989997864, 40.251789093, 40.7045783997, 41.1573677063, 41.5985488892, 42.0513381958, 42.5157356262, 42.9801368713, 43.432926178, 43.8857116699, 44.3385009766, 44.7912902832, 45.2440795898, 45.6968688965, 46.1612701416, 46.6140594482, 47.0668487549, 47.5196380615, 47.9724235535, 48.4252128601, 48.8780021667, 49.3307914734, 49.78358078, 50.2479820251, 50.7007713318, 51.1535606384, 51.6179580688, 52.0591392517, 52.5119247437, 52.9647140503, 53.4175033569, 53.8702926636, 54.3230819702, 54.7758712769, 55.240272522, 55.6930618286, 56.1458511353, 56.5986366272, 57.0514259338, 57.5042152405, 57.9570045471, 58.4097938538, 58.8625831604, 59.315372467, 59.7681617737, 60.2325630188, 60.6969604492, 61.1497497559, 61.6025390625, 62.0553283691, 62.5081176758, 62.9609069824, 63.4136962891, 63.8664855957, 64.3076629639, 64.7604522705, 65.2248535156, 65.6892471313, 66.142036438, 66.5948257446, 67.0476150513, 67.5004043579, 67.9531936646, 68.4059829712, 68.8587722778, 69.3115615845, 69.7759628296, 70.2287521362, 70.6815414429, 71.1343307495, 71.5871200562, 72.0399093628, 72.4926986694, 72.9570999146, 73.4098815918, 73.8626708984, 74.3154602051, 74.7798614502, 75.2326507568, 75.6854400635, 76.1382293701, 76.6026306152, 77.0438079834, 77.5082092285, 77.9609985352, 78.4137878418, 78.8665771484, 79.3193664551, 79.7837600708, 80.2365493774, 80.6893386841, 81.1421279907, 81.5949172974, 82.047706604, 82.5004959106, 82.9532852173, 83.4060745239, 83.870475769, 84.3232650757, 84.7876663208, 85.2404556274, 85.7048492432, 86.1808624268, 86.656867981, 87.1328811646, 87.6088867188, 88.1313400269, 88.6537857056, 89.1646270752, 89.6754608154, 90.1863021851, 90.7319717407, 91.2776412964, 91.8116989136, 92.3921966553, 92.9843063354, 93.5764160156, 94.1336975098, 94.6793670654, 95.1553726196, 95.6313781738, 96.1190032959, 96.5950088501, 97.0710220337, 97.5470275879, 98.0346450806, 98.5222625732, 98.9982757568, 99.462677002, 99.9270706177, 100.391471863, 100.844261169, 101.297050476, 101.749839783, 102.191017151, 102.655418396, 103.108207703, 103.560997009, 104.013786316, 104.466575623, 104.919364929, 105.372154236, 105.836547852, 106.300949097, 106.765350342, 107.229751587, 107.682540894, 108.1353302, 108.588119507, 109.029296875, 109.482086182, 109.92326355, 110.376052856, 110.828842163, 111.28163147, 111.734420776, 112.187210083, 112.63999939, 113.092788696, 113.545578003, 114.009971619, 114.462760925, 114.915550232, 115.379951477, 115.821128845, 116.273918152, 116.726707458, 117.179496765, 117.632286072, 118.096687317, 118.549476624, 119.00226593, 119.466667175, 119.919456482, 120.372245789, 120.825035095, 121.277824402, 121.730613708, 122.183395386, 122.636184692, 123.088973999, 123.541763306, 123.994552612, 124.447341919, 124.900131226, 125.352920532, 125.805709839, 126.270111084, 126.722900391, 127.175689697, 127.628479004, 128.081268311, 128.534057617, 128.986846924, 129.451248169, 129.904037476, 130.356826782, 130.809616089, 131.262405396, 131.715194702, 132.167984009, 132.632385254, 133.085174561, 133.537963867, 134.002349854, 134.45513916, 134.907928467, 135.360717773, 135.81350708, 136.266296387, 136.719085693, 137.171875, 137.624664307, 138.077453613, 138.53024292, 138.983032227, 139.435821533, 139.88861084, 140.341400146, 140.794189453, 141.258590698, 141.722991943, 142.17578125, 142.640182495, 143.081359863, 143.53414917, 143.986938477, 144.439727783, 144.89251709, 145.345306396, 145.798095703, 146.25088501, 146.703674316, 147.156463623, 147.60925293, 148.073654175, 148.538040161, 148.990829468, 149.443618774, 149.896408081, 150.349197388, 150.801986694, 151.254776001, 151.707565308, 152.160354614, 152.624755859, 153.077545166, 153.530334473, 153.983123779, 154.435913086, 154.877090454, 155.341491699, 155.805892944, 156.258682251, 156.711471558, 157.164260864, 157.617050171, 158.069839478, 158.522628784, 158.987030029, 159.439819336, 159.892608643, 160.345397949, 160.798187256, 161.250976562, 161.703765869, 162.144943237, 162.609344482, 163.073745728, 163.526535034, 163.979324341, 164.432098389, 164.884887695, 165.337677002, 165.790466309, 166.254867554, 166.70765686, 167.160446167, 167.613235474, 168.06602478, 168.530426025, 168.983215332, 169.436004639, 169.900405884, 170.376419067, 170.840820312, 171.305206299, 171.757995605, 172.210784912, 172.675186157, 173.127975464, 173.580764771, 174.033554077, 174.474731445, 174.927520752, 175.35710144, 175.798278809, 176.239456177, 176.680633545, 177.14503479, 177.621032715, 178.08543396, 178.549835205, 179.01423645, 179.467025757, 179.908203125, 180.360992432, 180.813781738, 181.266571045, 181.73097229, 182.195373535, 182.636550903, 183.077728271, 183.51890564, 183.971694946, 184.436096191, 184.888885498, 185.341674805, 185.817687988, 186.270477295, 186.723266602, 187.176055908, 187.628845215, 188.081634521, 188.534423828, 188.987213135, 189.440002441, 189.892791748, 190.345581055, 190.786758423, 191.239547729, 191.680725098, 192.145126343, 192.621124268, 193.085525513, 193.538314819, 193.991104126, 194.443893433, 194.885070801, 195.337860107, 195.790649414, 196.243438721, 196.696228027, 197.149017334, 197.601806641, 198.054595947, 198.507385254, 198.960174561, 199.412963867, 199.865753174, 200.31854248, 200.782943726, 201.235733032, 201.688522339, 202.152923584, 202.605712891, 203.058502197, 203.511291504, 203.964080811, 204.416870117, 204.869659424, 205.32244873, 205.775238037, 206.228027344, 206.68081665, 207.145217896, 207.598007202, 208.050796509, 208.503585815, 208.956375122, 209.420761108, 209.873550415, 210.326339722, 210.779129028, 211.231918335, 211.684707642, 212.137496948, 212.590286255, 213.043075562, 213.495864868, 213.960266113, 214.424667358, 214.889068604, 215.353469849],
    "bpm_histogram": [0, 0, 0, 0, 0, 0, 0, 0, 0, 0, 0, 0, 0, 0, 0, 0, 0, 0, 0, 0, 0, 0, 0, 0, 0, 0, 0, 0, 0, 0, 0, 0, 0, 0, 0, 0, 0, 0, 0, 0, 0, 0, 0, 0, 0, 0, 0, 0, 0, 0, 0, 0, 0, 0, 0, 0, 0, 0, 0, 0, 0, 0, 0, 0, 0, 0, 0, 0, 0, 0, 0, 0, 0, 0, 0, 0, 0, 0, 0, 0, 0, 0, 0, 0, 0, 0, 0, 0, 0, 0, 0, 0, 0, 0, 0, 0, 0, 0, 0, 0, 0, 0.00426439242437, 0, 0.00213219621219, 0, 0, 0, 0, 0.00213219621219, 0, 0.00639658840373, 0, 0.00213219621219, 0, 0, 0.00426439242437, 0, 0.00639658840373, 0, 0, 0.00639658840373, 0, 0, 0.00852878484875, 0, 0, 0.0319829434156, 0, 0, 0.187633261085, 0, 0, 0, 0.684434950352, 0, 0, 0.0511727072299, 0, 0, 0, 0.00213219621219, 0, 0, 0, 0, 0, 0, 0, 0, 0, 0, 0, 0, 0, 0, 0, 0, 0, 0, 0, 0, 0, 0, 0, 0, 0, 0, 0, 0, 0, 0, 0, 0, 0, 0, 0, 0, 0, 0, 0, 0, 0, 0, 0, 0, 0, 0, 0, 0, 0, 0, 0, 0, 0, 0, 0, 0, 0, 0, 0, 0, 0, 0, 0, 0, 0, 0, 0, 0, 0, 0, 0, 0, 0, 0, 0, 0, 0, 0, 0, 0, 0, 0, 0, 0, 0, 0, 0, 0, 0, 0, 0, 0, 0, 0, 0, 0, 0, 0, 0, 0, 0, 0, 0, 0, 0, 0, 0, 0, 0]
},
"tonal": {
    "chords_changes_rate": 0.0623790062964,
    "chords_number_rate": 0.00236610020511,
    "chords_strength": {
        "mean": 0.519942581654
    },
    "hpcp_crest": {
        "mean": 13.2126483917
    },
    "hpcp_entropy": {
        "mean": 2.06633853912
    },
    "key_edma": {
        "strength": 0.803794145584,
        "key": "E",
        "scale": "major"
    },
    "key_krumhansl": {
        "strength": 0.793150901794,
        "key": "E",
        "scale": "major"
    },
    "key_temperley": {
        "strength": 0.779230237007,
        "key": "E",
        "scale": "major"
    },
    "tuning_diatonic_strength": 0.638576328754,
    "tuning_equal_tempered_deviation": 0.256307631731,
    "tuning_frequency": 434.193115234,
    "tuning_nontempered_energy_ratio": 0.954694867134,
    "hpcp": {
        "mean": [0.0437428615987, 0.0363580994308, 0.0372157394886, 0.0647267624736, 0.0835488885641, 0.0902363657951, 0.226505309343, 0.293777614832, 0.154319316149, 0.0707796514034, 0.0601753927767, 0.0550716966391, 0.0878522321582, 0.107600547373, 0.0740316957235, 0.0536138042808, 0.0613077916205, 0.0827617123723, 0.154782116413, 0.172682225704, 0.117553055286, 0.197459325194, 0.266764372587, 0.164409190416, 0.0856944099069, 0.0716268867254, 0.0751595571637, 0.169906809926, 0.207658678293, 0.117359578609, 0.0688195601106, 0.0594756938517, 0.0576173849404, 0.0949119850993, 0.105403602123, 0.0653934031725]
    },
    "chords_histogram": [23.4028816223, 9.91611099243, 37.9006233215, 1.14003014565, 7.78662061691, 0.752850055695, 0.537750065327, 0, 0.860400080681, 0.0645300075412, 1.57023012638, 0, 0, 0, 0, 0, 1.35513007641, 2.08647012711, 0.0645300075412, 1.78533017635, 0, 1.03248012066, 0.559260070324, 9.18477058411],
    "thpcp": [1, 0.525292992592, 0.240929350257, 0.20483314991, 0.187460497022, 0.29904332757, 0.366265296936, 0.251999109983, 0.182497918606, 0.208687752485, 0.281715512276, 0.526868283749, 0.58779913187, 0.400142997503, 0.672138750553, 0.908048689365, 0.559638261795, 0.291698217392, 0.243813291192, 0.255838274956, 0.578351795673, 0.7068567276, 0.399484425783, 0.23425732553, 0.202451407909, 0.196125850081, 0.323074251413, 0.358787029982, 0.222594916821, 0.148897871375, 0.123760618269, 0.126679971814, 0.220325708389, 0.284395009279, 0.307158738375, 0.77100944519],
    "chords_key": "B",
    "chords_scale": "major"
}
}