{
"metadata": {
    "version": {
        "essentia": "2.1-beta6-dev",
        "essentia_git_sha": "v2.1_beta5-1177-g1d1cc983",
        "extractor": "music 2.0"
    },
    "audio_properties": {
        "analysis": {
            "equal_loudness": 0,
            "length": 293.920013428,
            "sample_rate": 44100,
            "start_time": 0,
            "downmix": "mix"
        },
        "bit_rate": 1411200,
        "length": 293.920013428,
        "lossless": 1,
        "number_channels": 2,
        "replay_gain": -13.3922328949,
        "sample_rate": 44100,
        "codec": "pcm_s16le",
        "md5_encoded": "f5e2e5a58e1bb4fd0ac30e7ce5322584"
    },
    "tags": {
        "file_name": "04 - Manchester Orchestra - Lead, SD.wav",
        "album": ["A Black Mile To The Surface"],
        "albumartist": ["Manchester Orchestra"],
        "artist": ["Manchester Orchestra"],
        "composer": ["Andy Hull"],
        "copyright": ["℗ 2017 Loma Vista Recordings."],
        "date": ["2017"],
        "discnumber": ["1"],
        "disctotal": ["1"],
        "genre": ["Alternative & Indie"],
        "isrc": ["USC4R1702132"],
        "title": ["Lead, SD"],
        "tracknumber": ["4"],
        "tracktotal": ["11"]
    }
},
"lowlevel": {
    "average_loudness": 0.767316460609,
    "barkbands_crest": {
        "mean": 9.2588262558
    },
    "barkbands_flatness_db": {
        "mean": 0.147502616048
    },
    "barkbands_kurtosis": {
        "mean": 4.54225349426
    },
    "barkbands_skewness": {
        "mean": 1.33813667297
    },
    "barkbands_spread": {
        "mean": 22.5100021362
    },
    "dissonance": {
        "mean": 0.463853925467
    },
    "dynamic_complexity": 5.41191101074,
    "erbbands_crest": {
        "mean": 9.28438282013
    },
    "erbbands_flatness_db": {
        "mean": 0.175315722823
    },
    "erbbands_kurtosis": {
        "mean": 0.604244828224
    },
    "erbbands_skewness": {
        "mean": -0.0502660907805
    },
    "erbbands_spread": {
        "mean": 29.8527317047
    },
    "hfc": {
        "mean": 18.6888751984
    },
    "loudness_ebu128": {
        "integrated": -9.49533176422,
        "loudness_range": 13.4717988968,
        "momentary": {
            "mean": -12.968503952
        },
        "short_term": {
            "mean": -12.2273044586
        }
    },
    "melbands_crest": {
        "mean": 14.2620201111
    },
    "melbands_flatness_db": {
        "mean": 0.23173867166
    },
    "melbands_kurtosis": {
        "mean": 11.1061153412
    },
    "melbands_skewness": {
        "mean": 2.33363103867
    },
    "melbands_spread": {
        "mean": 25.2116622925
    },
    "pitch_salience": {
        "mean": 0.529392957687
    },
    "silence_rate_20dB": {
        "mean": 1
    },
    "silence_rate_30dB": {
        "mean": 0.998025298119
    },
    "silence_rate_60dB": {
        "mean": 0.134992107749
    },
    "spectral_centroid": {
        "mean": 1321.2088623
    },
    "spectral_complexity": {
        "mean": 21.5586090088
    },
    "spectral_decrease": {
        "mean": -6.23212148554e-09
    },
    "spectral_energy": {
        "mean": 0.0252166315913
    },
    "spectral_energyband_high": {
        "mean": 0.000480803922983
    },
    "spectral_energyband_low": {
        "mean": 0.011183578521
    },
    "spectral_energyband_middle_high": {
        "mean": 0.00715133501217
    },
    "spectral_energyband_middle_low": {
        "mean": 0.00840897671878
    },
    "spectral_entropy": {
        "mean": 7.36147689819
    },
    "spectral_flux": {
        "mean": 0.0730444788933
    },
    "spectral_kurtosis": {
        "mean": 9.2132101059
    },
    "spectral_rms": {
        "mean": 0.00437824754044
    },
    "spectral_rolloff": {
        "mean": 1346.73291016
    },
    "spectral_skewness": {
        "mean": 1.93453478813
    },
    "spectral_spread": {
        "mean": 3280941.5
    },
    "spectral_strongpeak": {
        "mean": 0.682210505009
    },
    "zerocrossingrate": {
        "mean": 0.0479899086058
    },
    "barkbands": {
        "mean": [0.000454371911474, 0.00597345177084, 0.00353940180503, 0.00200974964537, 0.0016578064533, 0.00111713260412, 0.000688073516358, 0.000526573974639, 0.00076525809709, 0.00244881515391, 0.00062402250478, 0.00079832226038, 0.000323581276461, 0.000952426111326, 0.000636935641523, 0.000567451643292, 0.000636570213828, 0.000533191487193, 0.000376454700017, 0.000186256627785, 0.000146703692735, 0.000105212660856, 5.40779037692e-05, 4.81353017676e-05, 2.99684907077e-05, 1.23976751638e-05, 3.9923620534e-06]
    },
    "erbbands": {
        "mean": [0.1857611835, 1.2905601263, 3.8592236042, 6.11667537689, 5.77244663239, 5.26812553406, 6.65600013733, 8.80520820618, 10.6748790741, 10.7015686035, 12.4194421768, 17.045715332, 88.212638855, 33.101020813, 20.5307579041, 35.6319122314, 17.9336795807, 44.7206954956, 30.6772651672, 37.7829666138, 38.5373878479, 31.6981658936, 28.7097091675, 22.9029541016, 16.0762386322, 8.68002796173, 7.28246641159, 4.59823894501, 3.78298473358, 2.52956032753, 1.55897605419, 1.15146708488, 0.697945415974, 0.44803160429, 0.152986899018, 0.0559796318412, 0.0229502022266, 0.00492319278419, 0.000657611119095, 7.10562817403e-05]
    },
    "gfcc": {
        "mean": [-42.0697174072, 119.301651001, -121.109298706, 26.6968421936, -32.5196990967, 12.1408615112, -27.5913181305, 11.055929184, -18.1719779968, -3.6245367527, -14.3655595779, -3.41587209702, -9.83754253387],
        "cov": [[17805.4316406, -3498.37817383, -1621.07714844, 1137.15795898, -969.078674316, 517.9453125, -52.0476722717, 522.852783203, -201.045211792, 227.692703247, -435.925201416, 566.143249512, 62.7602310181], [-3498.37817383, 1701.54431152, 162.429794312, -418.683258057, 415.996643066, -187.118972778, 44.0940666199, -160.212524414, 131.199874878, -113.70765686, 181.621994019, -214.650680542, -8.66250896454], [-1621.07714844, 162.429794312, 817.870056152, 31.7286148071, -1.3842253685, 17.7416095734, -29.7144527435, -32.0968513489, -6.19416809082, 38.4815292358, 1.12396562099, -52.3502311707, -0.0825216323137], [1137.15795898, -418.683258057, 31.7286148071, 437.748596191, -63.0152206421, 35.5092010498, 40.5485343933, 63.0422439575, -5.29251909256, 47.6637039185, -17.5052928925, 53.9627380371, 33.4040031433], [-969.078674316, 415.996643066, -1.3842253685, -63.0152206421, 336.025756836, -4.97704935074, 95.5502700806, -22.9715194702, 63.3178520203, -14.7093906403, 61.7305259705, -45.0080528259, 10.9507246017], [517.9453125, -187.118972778, 17.7416095734, 35.5092010498, -4.97704935074, 228.976196289, 41.9976730347, 30.5808792114, 10.0560998917, 22.9565658569, -6.48357534409, 14.207868576, -10.876666069], [-52.0476722717, 44.0940666199, -29.7144527435, 40.5485343933, 95.5502700806, 41.9976730347, 189.393936157, 2.47105884552, 28.0279750824, 20.2209606171, 6.69258165359, 0.232049658895, 29.1048736572], [522.852783203, -160.212524414, -32.0968513489, 63.0422439575, -22.9715194702, 30.5808792114, 2.47105884552, 128.011611938, 16.7162361145, 13.3091392517, -0.870061814785, 28.9658145905, 2.1687707901], [-201.045211792, 131.199874878, -6.19416809082, -5.29251909256, 63.3178520203, 10.0560998917, 28.0279750824, 16.7162361145, 101.947563171, 12.5945978165, 21.7099151611, -14.6317024231, 2.03031945229], [227.692703247, -113.70765686, 38.4815292358, 47.6637039185, -14.7093906403, 22.9565658569, 20.2209606171, 13.3091392517, 12.5945978165, 127.456443787, 3.61454343796, 18.3697471619, 16.4423408508], [-435.925201416, 181.621994019, 1.12396562099, -17.5052928925, 61.7305259705, -6.48357534409, 6.69258165359, -0.870061814785, 21.7099151611, 3.61454343796, 99.8064651489, -3.39964461327, -8.46658420563], [566.143249512, -214.650680542, -52.3502311707, 53.9627380371, -45.0080528259, 14.207868576, 0.232049658895, 28.9658145905, -14.6317024231, 18.3697471619, -3.39964461327, 100.102722168, 21.1843700409], [62.7602310181, -8.66250896454, -0.0825216323137, 33.4040031433, 10.9507246017, -10.876666069, 29.1048736572, 2.1687707901, 2.03031945229, 16.4423408508, -8.46658420563, 21.1843700409, 71.4603118896]],
        "icov": [[0.000147539569298, 4.14372443629e-05, 0.000282911525574, -0.000239180008066, 0.000161309188115, -0.000226333228056, 8.01765636425e-05, -0.00021395314252, 7.34584391466e-05, -0.000141015174449, 0.00038709648652, -0.000264591973973, 5.69072071812e-05], [4.14372443629e-05, 0.00239999522455, -0.000326336768921, 0.00129722082056, -0.00118310912512, 0.00117555225734, -0.000144281657413, 0.00108199182432, -0.00160500686616, 0.00126020936295, -0.00284636067227, 0.00275678280741, -0.00136491155718], [0.000282911525574, -0.000326336768921, 0.00195548171178, -0.000893057265785, 0.000483927928144, -0.000857615261339, 0.000567185052205, -0.000302435888443, 0.000589053553995, -0.000991025473922, 0.00116686848924, -7.91833081166e-05, 7.81822309364e-05], [-0.000239180008066, 0.00129722082056, -0.000893057265785, 0.00398204894736, -0.000462416035589, 0.00100555061363, -0.00094359141076, -8.87798014446e-05, -0.000906867498998, 0.000468087615445, -0.00219560973346, 0.00124237325508, -0.00159457523841], [0.000161309188115, -0.00118310912512, 0.000483927928144, -0.000462416035589, 0.00553899258375, -0.000718165945727, -0.0019684813451, -0.000391848996514, -0.000875057943631, -3.09794704663e-05, -0.000404022750445, -0.000345809879946, -0.000126222861581], [-0.000226333228056, 0.00117555225734, -0.000857615261339, 0.00100555061363, -0.000718165945727, 0.00597906345502, -0.00159588269889, -2.43988756665e-06, -0.00120875739958, 0.000304286455503, -0.00162871053908, 0.00114980468061, 0.000970905646682], [8.01765636425e-05, -0.000144281657413, 0.000567185052205, -0.00094359141076, -0.0019684813451, -0.00159588269889, 0.0074458909221, 0.00019634666387, -0.000433164095739, -0.000914511911105, 0.000989891006611, -7.28530212655e-05, -0.00226438720711], [-0.00021395314252, 0.00108199182432, -0.000302435888443, -8.87798014446e-05, -0.000391848996514, -2.43988756665e-06, 0.00019634666387, 0.010325755924, -0.00305810431018, 0.000752207532059, -0.00198679673485, -0.000356756994734, -0.000189280297491], [7.34584391466e-05, -0.00160500686616, 0.000589053553995, -0.000906867498998, -0.000875057943631, -0.00120875739958, -0.000433164095739, -0.00305810431018, 0.0133812231943, -0.00230790744536, 0.000765806646086, -0.000131535794935, 0.000665435858537], [-0.000141015174449, 0.00126020936295, -0.000991025473922, 0.000468087615445, -3.09794704663e-05, 0.000304286455503, -0.000914511911105, 0.000752207532059, -0.00230790744536, 0.00985254533589, -0.00273307668976, 0.000699869473465, -0.00227533350699], [0.00038709648652, -0.00284636067227, 0.00116686848924, -0.00219560973346, -0.000404022750445, -0.00162871053908, 0.000989891006611, -0.00198679673485, 0.000765806646086, -0.00273307668976, 0.0166377350688, -0.00555287534371, 0.00403829058632], [-0.000264591973973, 0.00275678280741, -7.91833081166e-05, 0.00124237325508, -0.000345809879946, 0.00114980468061, -7.28530212655e-05, -0.000356756994734, -0.000131535794935, 0.000699869473465, -0.00555287534371, 0.0173415560275, -0.00570187158883], [5.69072071812e-05, -0.00136491155718, 7.81822309364e-05, -0.00159457523841, -0.000126222861581, 0.000970905646682, -0.00226438720711, -0.000189280297491, 0.000665435858537, -0.00227533350699, 0.00403829058632, -0.00570187158883, 0.0182923357934]]
    },
    "melbands": {
        "mean": [0.00165631668642, 0.00190561427735, 0.00103080342524, 0.00038580657565, 0.000228296019486, 0.000209163117688, 0.000162189811817, 0.000114346323244, 0.000102350626548, 0.000119611664559, 0.000442861870397, 0.000131157110445, 7.00153541402e-05, 8.42213703436e-05, 6.89085500198e-05, 3.17558915413e-05, 9.50483081397e-05, 5.02026523463e-05, 5.09653546032e-05, 4.31990229117e-05, 4.8023321142e-05, 3.56558666681e-05, 2.8848862712e-05, 2.22736671276e-05, 1.82053645403e-05, 1.3530337128e-05, 8.25739061838e-06, 5.05148500451e-06, 4.56393627246e-06, 3.7271427118e-06, 2.32230763686e-06, 2.25376243179e-06, 1.82753433364e-06, 1.16627177249e-06, 9.1903257271e-07, 7.99771214588e-07, 6.49256605811e-07, 4.74127574535e-07, 4.58086674371e-07, 3.53745491566e-07]
    },
    "melbands128": {
        "mean": [0.000406920968089, 0.00150455406401, 0.00209800782613, 0.00211705290712, 0.00203101965599, 0.0016702109715, 0.00133340421598, 0.000855179445352, 0.000553089077584, 0.000377813266823, 0.000268669013167, 0.000230271631153, 0.000240135981585, 0.000202682305826, 0.000151956410264, 0.000270075688604, 0.00022368246573, 0.000106569452328, 0.000143892408232, 0.000114919632324, 0.000109007560241, 8.07327887742e-05, 0.000123773090309, 9.73295245785e-05, 5.79442967137e-05, 9.251798474e-05, 0.000325578352204, 0.000716194394045, 0.000306884816382, 8.36098843138e-05, 0.000120091899589, 0.000102899837657, 5.48134485143e-05, 6.1244922108e-05, 4.45957375632e-05, 0.000112344649096, 0.000117056952149, 7.48276215745e-05, 3.23924687109e-05, 2.78864918073e-05, 3.29461436195e-05, 3.2501971873e-05, 0.000103556863905, 0.000130906351842, 6.82320678607e-05, 3.10772811645e-05, 3.12103038596e-05, 5.20735738974e-05, 6.17352925474e-05, 5.28798991581e-05, 3.68163418898e-05, 3.64886655007e-05, 4.0974082367e-05, 5.86893329455e-05, 5.66323942621e-05, 3.04028635583e-05, 1.94933654711e-05, 2.654364107e-05, 3.72206268366e-05, 2.48428605119e-05, 1.86651050171e-05, 2.11066089832e-05, 2.46053732553e-05, 1.4690761418e-05, 1.30453263409e-05, 1.55138804985e-05, 1.25268106785e-05, 9.61087334872e-06, 6.92070943842e-06, 6.95635344528e-06, 4.84154134028e-06, 4.22729408456e-06, 4.4418447942e-06, 4.46344665761e-06, 5.08283710587e-06, 4.1950574996e-06, 2.98544841826e-06, 2.53992743637e-06, 2.10265034184e-06, 2.160235681e-06, 2.63724882643e-06, 2.02653154702e-06, 1.94999006453e-06, 1.72902639406e-06, 1.99232226805e-06, 1.2421868405e-06, 8.51940114899e-07, 9.93387629933e-07, 1.01510511286e-06, 7.70690405716e-07, 7.64933531627e-07, 8.66293021318e-07, 7.7918940633e-07, 6.93744595992e-07, 5.2171264997e-07, 4.72673548302e-07, 4.54935161542e-07, 4.81969152588e-07, 4.91941193559e-07, 4.14677799654e-07, 4.30014807762e-07, 3.41700371109e-07, 2.73866561429e-07, 2.21054293092e-07, 1.58286880492e-07, 1.18237743152e-07, 9.99764395715e-08, 9.59954249424e-08, 9.24965988247e-08, 9.16445515031e-08, 9.15794657885e-08, 8.25158039675e-08, 7.22468485037e-08, 6.26140419513e-08, 5.87938835395e-08, 4.2122547228e-08, 3.29718901071e-08, 2.62437627185e-08, 2.18102513827e-08, 1.9060200529e-08, 1.7826595311e-08, 1.66148677039e-08, 1.24371917209e-08, 1.10265894193e-08, 8.24778023656e-09, 6.86361589786e-09, 6.92133106384e-09, 3.01532931957e-09]
    },
    "mfcc": {
        "mean": [-685.738220215, 150.949478149, -16.9039726257, 24.7798900604, 14.5340776443, 6.08626699448, 5.40448093414, 11.2193174362, 4.28884410858, 4.40095949173, 1.27335882187, -3.19590187073, -1.97293055058],
        "cov": [[18244.2519531, -3428.03100586, -1452.13415527, 340.158874512, -757.21496582, 13.7462511063, -78.4000396729, 254.569213867, 320.536437988, -75.877532959, -239.001724243, 63.0774459839, -26.0043258667], [-3428.03100586, 1874.95373535, -82.07396698, -171.382019043, 248.47114563, -55.4502830505, 4.03469753265, -59.1035575867, -123.518989563, 69.6862030029, 59.7805747986, -14.7857351303, 5.97629833221], [-1452.13415527, -82.07396698, 795.967041016, 43.7830314636, 33.6297225952, 39.5923080444, 3.48602485657, -73.002746582, 18.3234634399, -27.9499664307, 27.2802009583, 3.11149716377, 0.994513392448], [340.158874512, -171.382019043, 43.7830314636, 338.115570068, 0.0508913882077, -3.50412297249, 29.9676361084, -15.7260770798, 51.8985900879, -21.1882019043, 14.959651947, 8.59687137604, 9.47647190094], [-757.21496582, 248.47114563, 33.6297225952, 0.0508913882077, 210.970718384, -0.544996678829, 6.78338575363, 30.1415596008, -27.7986717224, 30.272600174, 37.1709327698, -2.32206702232, 4.84065294266], [13.7462511063, -55.4502830505, 39.5923080444, -3.50412297249, -0.544996678829, 177.899871826, 58.8411216736, 9.66067218781, 45.2813568115, 19.0269527435, 5.73324918747, 22.1871986389, -8.03549861908], [-78.4000396729, 4.03469753265, 3.48602485657, 29.9676361084, 6.78338575363, 58.8411216736, 131.694732666, 19.5509796143, 26.8331871033, 9.62547206879, 13.5044250488, 16.9379768372, 1.01504468918], [254.569213867, -59.1035575867, -73.002746582, -15.7260770798, 30.1415596008, 9.66067218781, 19.5509796143, 141.508743286, 0.300660222769, 12.149479866, 2.53703832626, 10.4064483643, 2.80698060989], [320.536437988, -123.518989563, 18.3234634399, 51.8985900879, -27.7986717224, 45.2813568115, 26.8331871033, 0.300660222769, 135.394073486, 19.2971630096, -7.08092927933, 10.5752086639, 3.90153837204], [-75.877532959, 69.6862030029, -27.9499664307, -21.1882019043, 30.272600174, 19.0269527435, 9.62547206879, 12.149479866, 19.2971630096, 92.8401565552, 26.3467979431, 1.55149388313, -2.50366854668], [-239.001724243, 59.7805747986, 27.2802009583, 14.959651947, 37.1709327698, 5.73324918747, 13.5044250488, 2.53703832626, -7.08092927933, 26.3467979431, 82.0006866455, 19.2527503967, 7.8294005394], [63.0774459839, -14.7857351303, 3.11149716377, 8.59687137604, -2.32206702232, 22.1871986389, 16.9379768372, 10.4064483643, 10.5752086639, 1.55149388313, 19.2527503967, 76.4376525879, 23.4981212616], [-26.0043258667, 5.97629833221, 0.994513392448, 9.47647190094, 4.84065294266, -8.03549861908, 1.01504468918, 2.80698060989, 3.90153837204, -2.50366854668, 7.8294005394, 23.4981212616, 66.98462677]],
        "icov": [[0.000121933444461, 0.000198444075068, 0.000230735924561, -5.46460687474e-05, 0.000149616913404, 1.38162567964e-05, 9.40285099205e-05, -6.00625426159e-05, -9.23667030293e-05, -4.83680378238e-05, 8.79824001458e-05, -0.000103004349512, 5.52959718334e-05], [0.000198444075068, 0.00107974966522, 0.000507397577167, 0.000265715090791, -0.000639027683064, 0.000232282225625, -0.000144958525198, 0.000570564123336, 0.000234322054894, -0.000390152214095, 3.92165493395e-05, -0.000177549460204, 1.73807511601e-05], [0.000230735924561, 0.000507397577167, 0.00187515863217, -9.02678075363e-05, -0.000247545132879, -0.00032915364136, 0.000234516730416, 0.000760946364608, -0.000392899906728, 0.000586934562307, -0.000439565948909, -0.000105189137685, 0.00010529836436], [-5.46460687474e-05, 0.000265715090791, -9.02678075363e-05, 0.00363713945262, -0.0007389819948, 0.000696284172591, -0.000940290803555, 0.00071796879638, -0.00144958018791, 0.00126740417909, -0.00110200257041, 9.39204765018e-05, -0.0002093827934], [0.000149616913404, -0.000639027683064, -0.000247545132879, -0.0007389819948, 0.00699158431962, -0.000304199580569, 0.000365112995496, -0.00217197393067, 0.000904413347598, -0.00135470728856, -0.00165856315289, 0.000813189137261, -0.000427658000262], [1.38162567964e-05, 0.000232282225625, -0.00032915364136, 0.000696284172591, -0.000304199580569, 0.00759330252185, -0.00290952436626, 0.000115472175821, -0.00181099586189, -0.000931077927817, 0.000380924175261, -0.0019229411846, 0.00156387290917], [9.40285099205e-05, -0.000144958525198, 0.000234516730416, -0.000940290803555, 0.000365112995496, -0.00290952436626, 0.00972726661712, -0.00137743144296, -0.000926309498027, 0.000190408463823, -0.0010194395436, -0.000793742539827, 0.000172556465259], [-6.00625426159e-05, 0.000570564123336, 0.000760946364608, 0.00071796879638, -0.00217197393067, 0.000115472175821, -0.00137743144296, 0.00864542089403, 0.000233030848904, -0.000535523577128, 0.000400153512601, -0.0010206378065, -8.0016827269e-05], [-9.23667030293e-05, 0.000234322054894, -0.000392899906728, -0.00144958018791, 0.000904413347598, -0.00181099586189, -0.000926309498027, 0.000233030848904, 0.0100225070491, -0.0031999417115, 0.00191333249677, -0.000507961492985, -0.000873000768479], [-4.83680378238e-05, -0.000390152214095, 0.000586934562307, 0.00126740417909, -0.00135470728856, -0.000931077927817, 0.000190408463823, -0.000535523577128, -0.0031999417115, 0.0142012219876, -0.00480799889192, 0.00121186731849, 0.000687808089424], [8.79824001458e-05, 3.92165493395e-05, -0.000439565948909, -0.00110200257041, -0.00165856315289, 0.000380924175261, -0.0010194395436, 0.000400153512601, 0.00191333249677, -0.00480799889192, 0.0163566321135, -0.00407134229317, -0.000417431641836], [-0.000103004349512, -0.000177549460204, -0.000105189137685, 9.39204765018e-05, 0.000813189137261, -0.0019229411846, -0.000793742539827, -0.0010206378065, -0.000507961492985, 0.00121186731849, -0.00407134229317, 0.0168239492923, -0.00562158180401], [5.52959718334e-05, 1.73807511601e-05, 0.00010529836436, -0.0002093827934, -0.000427658000262, 0.00156387290917, 0.000172556465259, -8.0016827269e-05, -0.000873000768479, 0.000687808089424, -0.000417431641836, -0.00562158180401, 0.0172934103757]]
    },
    "spectral_contrast_coeffs": {
        "mean": [-0.731237888336, -0.772447824478, -0.754617869854, -0.78608250618, -0.780047655106, -0.775465786457]
    },
    "spectral_contrast_valleys": {
        "mean": [-6.75534486771, -7.09549570084, -7.46691226959, -7.75289344788, -8.02624988556, -11.1848611832]
    }
},
"rhythm": {
    "beats_count": 615,
    "beats_loudness": {
        "mean": 0.030009938404
    },
    "bpm": 127.891624451,
    "bpm_histogram_first_peak_bpm": 129,
    "bpm_histogram_first_peak_weight": 0.459694981575,
    "bpm_histogram_second_peak_bpm": 123,
    "bpm_histogram_second_peak_spread": 0.310679614544,
    "bpm_histogram_second_peak_weight": 0.115635178983,
    "danceability": 0.973701536655,
    "onset_rate": 2.41884946823,
    "beats_loudness_band_ratio": {
        "mean": [0.526842176914, 0.127819895744, 0.139663815498, 0.134132564068, 0.0933852493763, 0.0321895852685]
    },
    "beats_position": [0.626938760281, 1.25387752056, 1.88081634045, 2.50775504112, 3.13469386101, 3.76163268089, 4.38857126236, 4.94585037231, 5.50312900543, 6.04879808426, 6.60607719421, 7.16335582733, 7.66258478165, 8.15020370483, 8.64943313599, 9.12544155121, 9.6014509201, 10.077460289, 10.5534696579, 11.0294780731, 11.505487442, 11.9814968109, 12.445895195, 12.9102945328, 13.3863039017, 13.8623123169, 14.3267116547, 14.7911109924, 15.2555103302, 15.7199087143, 16.1959171295, 16.6719264984, 17.1363258362, 17.600725174, 18.0651245117, 18.5295238495, 19.0055332184, 19.4815406799, 19.9459400177, 20.4219493866, 20.8863487244, 21.3623580933, 21.826757431, 22.2911567688, 22.7555541992, 23.219953537, 23.6843528748, 24.1603622437, 24.6363716125, 25.1007709503, 25.5651702881, 26.0411777496, 26.5171871185, 26.9815864563, 27.4459857941, 27.9103851318, 28.3863945007, 28.8624038696, 29.3268013, 29.7912006378, 30.2555999756, 30.7199993134, 31.1843986511, 31.66040802, 32.1364173889, 32.6008148193, 33.0652160645, 33.5296134949, 34.0056228638, 34.4816322327, 34.9460296631, 35.4104309082, 35.8748283386, 36.3508377075, 36.8268470764, 37.2912483215, 37.755645752, 38.2200431824, 38.6960525513, 39.1720619202, 39.6480712891, 40.1356925964, 40.6233100891, 41.1109275818, 41.6101570129, 42.1093864441, 42.6086158752, 43.1078453064, 43.5954627991, 44.071472168, 44.5474815369, 45.0234909058, 45.4878921509, 45.9522895813, 46.4166870117, 46.8926963806, 47.3687057495, 47.8331069946, 48.3091163635, 48.7851219177, 49.2495231628, 49.7255325317, 50.2131500244, 50.6891593933, 51.1535606384, 51.6179580688, 52.0939674377, 52.5815849304, 53.0808143616, 53.5800437927, 54.0792732239, 54.5668907166, 55.0545120239, 55.5421295166, 56.029750824, 56.5057601929, 56.9817695618, 57.457775116, 57.9337844849, 58.4097938538, 58.8858032227, 59.3618125916, 59.8494338989, 60.3370513916, 60.8362808228, 61.3355102539, 61.8347396851, 62.3223571777, 62.8099746704, 63.2859840393, 63.7619934082, 64.2380065918, 64.714012146, 65.1900177002, 65.6660308838, 66.1536483765, 66.6412658691, 67.1172790527, 67.6165084839, 68.115737915, 68.6149673462, 69.1025848389, 69.60181427, 70.0894317627, 70.5654373169, 71.0414505005, 71.5174560547, 71.9818572998, 72.4462585449, 72.91065979, 73.3750534058, 73.8394546509, 74.303855896, 74.7682495117, 75.2326507568, 75.697052002, 76.1614532471, 76.6258468628, 77.0902481079, 77.554649353, 78.0190429688, 78.4834442139, 78.947845459, 79.4122467041, 79.8650360107, 80.3294296265, 80.7822189331, 81.2466201782, 81.6994094849, 82.16381073, 82.6282043457, 83.1042175293, 83.5686187744, 84.0330123901, 84.4974136353, 84.9618148804, 85.4262084961, 85.8906097412, 86.3550109863, 86.8194122314, 87.2838058472, 87.7598190308, 88.235824585, 88.7002258301, 89.1646270752, 89.6290206909, 90.1050338745, 90.5810394287, 91.0570526123, 91.544670105, 92.0206756592, 92.5083007812, 92.9959182739, 93.4835357666, 93.9711532593, 94.458770752, 94.946395874, 95.4456253052, 95.9332427979, 96.4208602905, 96.8968658447, 97.3728790283, 97.8488845825, 98.3248977661, 98.8009033203, 99.2769165039, 99.7529220581, 100.217323303, 100.681724548, 101.146118164, 101.610519409, 102.074920654, 102.550926208, 103.015327454, 103.491333008, 103.967346191, 104.431747437, 104.884536743, 105.348930359, 105.813331604, 106.277732849, 106.742126465, 107.218139648, 107.682540894, 108.158546448, 108.634559631, 109.110565186, 109.58657074, 110.074195862, 110.573425293, 111.061042786, 111.560272217, 112.059501648, 112.570335388, 113.05796051, 113.533966064, 113.99836731, 114.474372864, 114.938774109, 115.403175354, 115.86756897, 116.331970215, 116.79637146, 117.260765076, 117.736778259, 118.212783813, 118.677185059, 119.141586304, 119.605987549, 120.070381165, 120.53478241, 120.999183655, 121.475189209, 121.927978516, 122.380767822, 122.833557129, 123.286346436, 123.750747681, 124.203536987, 124.667930603, 125.132331848, 125.596733093, 126.061134338, 126.525527954, 126.989929199, 127.454330444, 127.91872406, 128.383132935, 128.847518921, 129.323532104, 129.799545288, 130.263946533, 130.728347778, 131.192733765, 131.668746948, 132.144760132, 132.609161377, 133.073562622, 133.549560547, 134.02557373, 134.489974976, 134.954376221, 135.418777466, 135.883178711, 136.359176636, 136.835189819, 137.299591064, 137.76399231, 138.228393555, 138.704391479, 139.180404663, 139.644805908, 140.109207153, 140.573608398, 141.037994385, 141.50239563, 141.978408813, 142.442810059, 142.918823242, 143.394821167, 143.859222412, 144.323623657, 144.799636841, 145.264038086, 145.728439331, 146.192825317, 146.657226562, 147.133239746, 147.597640991, 148.073654175, 148.538040161, 149.014053345, 149.47845459, 149.954467773, 150.418869019, 150.883255005, 151.34765625, 151.835281372, 152.299682617, 152.764083862, 153.228485107, 153.704483032, 154.180496216, 154.644897461, 155.109298706, 155.573699951, 156.049697876, 156.514099121, 156.978500366, 157.45451355, 157.942123413, 158.418136597, 158.89414978, 159.370162964, 159.857772827, 160.345397949, 160.833007812, 161.309020996, 161.796646118, 162.272644043, 162.748657227, 163.236282349, 163.723892212, 164.199905396, 164.675918579, 165.163528442, 165.651153564, 166.150375366, 166.638000488, 167.114013672, 167.601623535, 168.100860596, 168.600082397, 169.08770752, 169.575332642, 170.074554443, 170.573776245, 171.084625244, 171.595458984, 172.106307983, 172.686798096, 173.267303467, 173.847793579, 174.42829895, 175.008789062, 175.54284668, 176.076919556, 176.599365234, 177.121810913, 177.621032715, 178.120269775, 178.619491577, 179.118728638, 179.606338501, 180.175231934, 180.744125366, 181.313018799, 181.881896973, 182.450790405, 183.008071899, 183.565353394, 184.122619629, 184.656692505, 185.190750122, 185.724807739, 186.224029541, 186.711654663, 187.199264526, 187.698501587, 188.18611145, 188.685348511, 189.172973633, 189.660583496, 190.148208618, 190.624221802, 191.100219727, 191.57623291, 192.052246094, 192.539855957, 193.027481079, 193.503494263, 193.979492188, 194.455505371, 194.943130493, 195.419128418, 195.90675354, 196.394378662, 196.881988525, 197.369613647, 197.857223511, 198.344848633, 198.832473755, 199.320083618, 199.80770874, 200.295318604, 200.782943726, 201.270568848, 201.758178711, 202.234191895, 202.710205078, 203.186203003, 203.662216187, 204.13822937, 204.614242554, 205.07862854, 205.543029785, 206.019042969, 206.495056152, 206.959457397, 207.435455322, 207.911468506, 208.282989502, 208.654510498, 209.026031494, 209.39755249, 209.769073486, 210.140579224, 210.51210022, 210.883621216, 211.255142212, 211.626663208, 211.998184204, 212.381317139, 212.834106445, 213.263671875, 213.704849243, 214.227294922, 214.749740601, 215.272201538, 215.748199463, 216.224212646, 216.70022583, 217.187835693, 217.675460815, 218.163085938, 218.639083862, 219.115097046, 219.591110229, 220.055511475, 220.51991272, 220.984298706, 221.448699951, 221.924713135, 222.400726318, 222.865127563, 223.32951355, 223.793914795, 224.25831604, 224.734329224, 225.210342407, 225.674728394, 226.139129639, 226.603530884, 227.067932129, 227.543945312, 228.019943237, 228.484344482, 228.948745728, 229.413146973, 229.889160156, 230.36517334, 230.829559326, 231.293960571, 231.758361816, 232.234375, 232.710388184, 233.17477417, 233.639175415, 234.10357666, 234.567977905, 235.043991089, 235.519989014, 235.996002197, 236.460403442, 236.924804688, 237.389205933, 237.853607178, 238.317993164, 238.794006348, 239.270019531, 239.734420776, 240.21043396, 240.674819946, 241.139221191, 241.615234375, 242.091247559, 242.555648804, 243.02003479, 243.484436035, 243.94883728, 244.424850464, 244.900863647, 245.365249634, 245.829650879, 246.294052124, 246.770065308, 247.246078491, 247.710464478, 248.174865723, 248.639266968, 249.103668213, 249.568069458, 250.044082642, 250.520080566, 250.984481812, 251.448883057, 251.92489624, 252.400909424, 252.86529541, 253.341308594, 253.817321777, 254.281723022, 254.746124268, 255.210510254, 255.674911499, 256.139312744, 256.603729248, 257.079711914, 257.555725098, 258.020141602, 258.484527588, 258.948944092, 259.413330078, 259.877716064, 260.353729248, 260.829742432, 261.294158936, 261.770141602, 262.246154785, 262.710571289, 263.174957275, 263.639373779, 264.103759766, 264.579772949, 265.055786133, 265.520172119, 265.984588623, 266.448974609, 266.924987793, 267.401000977, 267.865386963, 268.329803467, 268.794189453, 269.270202637, 269.74621582, 270.210601807, 270.675018311, 271.139404297, 271.603790283, 272.068206787, 272.544219971, 273.020233154, 273.484619141, 273.949005127, 274.413421631, 274.889434814, 275.365447998, 275.829833984, 276.294250488, 276.758636475, 277.234649658, 277.710662842, 278.175048828, 278.639465332, 279.115447998, 279.591461182, 280.055877686, 280.520263672, 280.984680176, 281.449066162, 281.913452148, 282.389465332, 282.865478516, 283.32989502, 283.794281006, 284.258666992, 284.734680176, 285.210693359, 285.675109863, 286.13949585, 286.603881836, 287.07989502, 287.555908203, 288.020324707, 288.484710693, 288.94909668, 289.413513184, 289.889526367, 290.365539551, 290.841522217, 291.3175354, 291.793548584, 292.269561768, 292.745574951, 293.221588135],
    "bpm_histogram": [0, 0, 0, 0, 0, 0, 0, 0, 0, 0, 0, 0, 0, 0, 0, 0, 0, 0, 0, 0, 0, 0, 0, 0, 0, 0, 0, 0, 0, 0, 0, 0, 0, 0, 0, 0, 0, 0, 0, 0, 0, 0, 0, 0, 0, 0, 0, 0, 0, 0, 0, 0, 0, 0, 0, 0, 0, 0, 0, 0, 0, 0, 0, 0, 0, 0, 0, 0, 0, 0, 0, 0, 0, 0, 0, 0, 0, 0, 0, 0, 0, 0, 0, 0, 0, 0, 0, 0, 0, 0, 0, 0, 0, 0, 0, 0, 0.00977198686451, 0, 0, 0, 0, 0, 0, 0.00814332254231, 0, 0.00814332254231, 0, 0, 0.0114006511867, 0, 0.00162866443861, 0, 0.00814332254231, 0, 0, 0.00814332254231, 0, 0.00651465775445, 0, 0, 0.0521172620356, 0, 0, 0.115635178983, 0, 0, 0.327361553907, 0, 0, 0.403908789158, 0, 0, 0, 0.0162866450846, 0, 0, 0.00162866443861, 0, 0, 0, 0.00162866443861, 0, 0, 0, 0, 0, 0, 0, 0, 0, 0, 0, 0, 0, 0, 0, 0, 0.00162866443861, 0, 0, 0, 0.0162866450846, 0.00162866443861, 0, 0, 0, 0, 0, 0, 0, 0, 0, 0, 0, 0, 0, 0, 0, 0, 0, 0, 0, 0, 0, 0, 0, 0, 0, 0, 0, 0, 0, 0, 0, 0, 0, 0, 0, 0, 0, 0, 0, 0, 0, 0, 0, 0, 0, 0, 0, 0, 0, 0, 0, 0, 0, 0, 0, 0, 0, 0, 0, 0, 0, 0, 0, 0, 0, 0, 0, 0, 0, 0, 0, 0, 0, 0, 0, 0, 0, 0, 0, 0, 0, 0, 0, 0, 0, 0, 0]
},
"tonal": {
    "chords_changes_rate": 0.0514926537871,
    "chords_number_rate": 0.0012636234751,
    "chords_strength": {
        "mean": 0.560661077499
    },
    "hpcp_crest": {
        "mean": 13.9016666412
    },
    "hpcp_entropy": {
        "mean": 1.9549227953
    },
    "key_edma": {
        "strength": 0.727208554745,
        "key": "G",
        "scale": "major"
    },
    "key_krumhansl": {
        "strength": 0.719277918339,
        "key": "G",
        "scale": "major"
    },
    "key_temperley": {
        "strength": 0.709782719612,
        "key": "G",
        "scale": "major"
    },
    "tuning_diatonic_strength": 0.549313485622,
    "tuning_equal_tempered_deviation": 0.221273750067,
    "tuning_frequency": 434.193115234,
    "tuning_nontempered_energy_ratio": 0.961668729782,
    "hpcp": {
        "mean": [0.0709866806865, 0.0566746555269, 0.0662572160363, 0.159320637584, 0.210378110409, 0.12368273735, 0.0699495598674, 0.0627788603306, 0.0715490728617, 0.14403501153, 0.153712004423, 0.085145778954, 0.0621200278401, 0.0601417981088, 0.07111287117, 0.14646846056, 0.185427382588, 0.162354826927, 0.269402086735, 0.26725757122, 0.113092564046, 0.0635071620345, 0.0596205256879, 0.0751380249858, 0.104848064482, 0.0991732403636, 0.0660869255662, 0.0691237822175, 0.0791570320725, 0.105833493173, 0.347403585911, 0.40435385704, 0.181018397212, 0.172685131431, 0.1991520226, 0.123599089682]
    },
    "chords_histogram": [4.77017831802, 0, 0.0315905846655, 0, 0, 0, 0, 3.15905857086, 0, 0, 0, 0, 0.442268192768, 2.27452230453, 12.9205493927, 24.5458850861, 29.9636707306, 17.9592475891, 0.221134096384, 0, 0.0947717577219, 0, 3.53814554214, 0.0789764672518],
    "thpcp": [1, 0.447673231363, 0.42706438899, 0.492519170046, 0.305670619011, 0.175555840135, 0.140161037445, 0.16385948658, 0.394012898207, 0.52028220892, 0.305877476931, 0.172990947962, 0.155257225037, 0.176946684718, 0.356210321188, 0.380142301321, 0.210572436452, 0.153627887368, 0.148735567927, 0.175867915154, 0.362228423357, 0.458577007055, 0.401516705751, 0.666253268719, 0.660949707031, 0.279687106609, 0.157058387995, 0.147446408868, 0.185822457075, 0.259297788143, 0.245263502002, 0.163438349962, 0.17094874382, 0.195761784911, 0.261734843254, 0.859157323837],
    "chords_key": "Eb",
    "chords_scale": "major"
}
}