{
"metadata": {
    "version": {
        "essentia": "2.1-beta6-dev",
        "essentia_git_sha": "v2.1_beta5-1177-g1d1cc983",
        "extractor": "music 2.0"
    },
    "audio_properties": {
        "analysis": {
            "equal_loudness": 0,
            "length": 311.440002441,
            "sample_rate": 44100,
            "start_time": 0,
            "downmix": "mix"
        },
        "bit_rate": 1411200,
        "length": 311.440002441,
        "lossless": 1,
        "number_channels": 2,
        "replay_gain": -15.4148712158,
        "sample_rate": 44100,
        "codec": "pcm_s16le",
        "md5_encoded": "17a6e2d9136ee7369997599e0eb05695"
    },
    "tags": {
        "file_name": "02 - Manchester Orchestra - Shake It Out (Album Version).wav",
        "album": ["Mean Everything To Nothing"],
        "albumartist": ["Manchester Orchestra"],
        "artist": ["Manchester Orchestra"],
        "composer": ["Andy Hull"],
        "copyright": ["(P) 2009 Sony Music Entertainment"],
        "date": ["2009"],
        "discnumber": ["1"],
        "disctotal": ["1"],
        "genre": ["Pop\/Rock"],
        "isrc": ["USSM10900800"],
        "title": ["Shake It Out (Album Version)"],
        "tracknumber": ["2"],
        "tracktotal": ["12"]
    }
},
"lowlevel": {
    "average_loudness": 0.926436007023,
    "barkbands_crest": {
        "mean": 10.3199234009
    },
    "barkbands_flatness_db": {
        "mean": 0.136044517159
    },
    "barkbands_kurtosis": {
        "mean": 4.00386714935
    },
    "barkbands_skewness": {
        "mean": 1.59620368481
    },
    "barkbands_spread": {
        "mean": 31.2134437561
    },
    "dissonance": {
        "mean": 0.465403079987
    },
    "dynamic_complexity": 2.96466469765,
    "erbbands_crest": {
        "mean": 6.93218326569
    },
    "erbbands_flatness_db": {
        "mean": 0.145816609263
    },
    "erbbands_kurtosis": {
        "mean": 0.2252394557
    },
    "erbbands_skewness": {
        "mean": -0.211303189397
    },
    "erbbands_spread": {
        "mean": 47.1911468506
    },
    "hfc": {
        "mean": 27.7850399017
    },
    "loudness_ebu128": {
        "integrated": -6.65051031113,
        "loudness_range": 10.7637863159,
        "momentary": {
            "mean": -8.08398628235
        },
        "short_term": {
            "mean": -7.90167999268
        }
    },
    "melbands_crest": {
        "mean": 16.6160640717
    },
    "melbands_flatness_db": {
        "mean": 0.203160256147
    },
    "melbands_kurtosis": {
        "mean": 17.4700107574
    },
    "melbands_skewness": {
        "mean": 3.26987481117
    },
    "melbands_spread": {
        "mean": 27.6715316772
    },
    "pitch_salience": {
        "mean": 0.522805809975
    },
    "silence_rate_20dB": {
        "mean": 1
    },
    "silence_rate_30dB": {
        "mean": 0.994557917118
    },
    "silence_rate_60dB": {
        "mean": 0.0878932476044
    },
    "spectral_centroid": {
        "mean": 1763.60620117
    },
    "spectral_complexity": {
        "mean": 27.4894886017
    },
    "spectral_decrease": {
        "mean": -7.88464582513e-09
    },
    "spectral_energy": {
        "mean": 0.0322786010802
    },
    "spectral_energyband_high": {
        "mean": 0.00186748872511
    },
    "spectral_energyband_low": {
        "mean": 0.0177647713572
    },
    "spectral_energyband_middle_high": {
        "mean": 0.00537912966684
    },
    "spectral_energyband_middle_low": {
        "mean": 0.00833611283451
    },
    "spectral_entropy": {
        "mean": 7.69643592834
    },
    "spectral_flux": {
        "mean": 0.0850996673107
    },
    "spectral_kurtosis": {
        "mean": 9.26445960999
    },
    "spectral_rms": {
        "mean": 0.00517528364435
    },
    "spectral_rolloff": {
        "mean": 1922.66479492
    },
    "spectral_skewness": {
        "mean": 1.54272758961
    },
    "spectral_spread": {
        "mean": 4398417.5
    },
    "spectral_strongpeak": {
        "mean": 0.501065671444
    },
    "zerocrossingrate": {
        "mean": 0.0702428296208
    },
    "barkbands": {
        "mean": [0.000126862360048, 0.0100309066474, 0.00660477159545, 0.00215679151006, 0.00281730503775, 0.00132000457961, 0.000699576572515, 0.000600033905357, 0.00064926041523, 0.000428393890616, 0.000459638889879, 0.000558386265766, 0.000427579332609, 0.000384086131817, 0.000411565997638, 0.000503203540575, 0.000673383765388, 0.000656067684758, 0.00064460420981, 0.000556075887289, 0.000394151982618, 0.000310360832373, 0.0003228901478, 0.000321906874888, 0.000153910019435, 5.36281659151e-05, 1.26378572531e-05]
    },
    "erbbands": {
        "mean": [0.211164727807, 2.5418946743, 7.79292964935, 7.04355716705, 9.68665122986, 7.47272729874, 10.3241510391, 11.8732366562, 10.524720192, 9.90511703491, 12.9519939423, 15.9271917343, 14.2010765076, 16.1591396332, 19.4422912598, 20.3578281403, 20.241027832, 18.5441322327, 21.7358264923, 22.6479797363, 30.3563938141, 38.4816665649, 39.653427124, 32.1158409119, 30.941488266, 25.4127883911, 17.8288173676, 14.8202209473, 11.9940605164, 9.58093833923, 9.0840845108, 6.43784379959, 5.61012649536, 2.28149294853, 0.795897245407, 0.316682100296, 0.0831644013524, 0.0162067878991, 0.00215261732228, 0.000168747385032]
    },
    "gfcc": {
        "mean": [4.19860935211, 91.5251846313, -113.080253601, 49.1434211731, -49.7090873718, 9.55256557465, -32.9370231628, 8.81610584259, -20.5124759674, -3.51298236847, -13.461605072, -1.21891474724, -10.5207719803],
        "cov": [[13768.3867188, -5400.43701172, -1041.01672363, 2340.4284668, -770.30291748, 1580.56799316, -120.173568726, 868.725402832, -184.806411743, 524.720458984, -329.190307617, 371.93951416, -410.500366211], [-5400.43701172, 3173.22412109, -55.0947341919, -807.064758301, 528.352478027, -693.952819824, 242.119689941, -356.096099854, 163.427536011, -287.938476562, 259.108276367, -226.33152771, 226.428665161], [-1041.01672363, -55.0947341919, 1157.73034668, -262.683288574, 102.318565369, 39.2040214539, -46.2032814026, 23.2336902618, -13.2326021194, 82.2505569458, -67.590965271, 44.0169181824, -18.9505710602], [2340.4284668, -807.064758301, -262.683288574, 749.47454834, -126.985977173, 321.576721191, 19.2604064941, 175.71244812, 22.9571971893, 67.479598999, 1.81282269955, 22.7297019958, -11.7084770203], [-770.30291748, 528.352478027, 102.318565369, -126.985977173, 331.858154297, -85.1287307739, 117.727142334, -17.8583545685, 49.685634613, -2.03395533562, 43.3817558289, -9.07081508636, 33.7772598267], [1580.56799316, -693.952819824, 39.2040214539, 321.576721191, -85.1287307739, 432.967041016, 17.3705062866, 162.914901733, -10.8839712143, 89.1374282837, -22.8471870422, 50.8469238281, -56.0779342651], [-120.173568726, 242.119689941, -46.2032814026, 19.2604064941, 117.727142334, 17.3705062866, 180.362197876, 16.0818576813, 38.3745498657, 4.0108332634, 38.130279541, -4.99861764908, 13.6136465073], [868.725402832, -356.096099854, 23.2336902618, 175.71244812, -17.8583545685, 162.914901733, 16.0818576813, 169.812744141, 27.8335170746, 62.9607009888, -9.58832931519, 31.9545726776, -22.5313587189], [-184.806411743, 163.427536011, -13.2326021194, 22.9571971893, 49.685634613, -10.8839712143, 38.3745498657, 27.8335170746, 101.265487671, 19.2689666748, 33.2118110657, -13.7692937851, 20.6592388153], [524.720458984, -287.938476562, 82.2505569458, 67.479598999, -2.03395533562, 89.1374282837, 4.0108332634, 62.9607009888, 19.2689666748, 104.922950745, -8.61150074005, 40.6008529663, -24.6683139801], [-329.190307617, 259.108276367, -67.590965271, 1.81282269955, 43.3817558289, -22.8471870422, 38.130279541, -9.58832931519, 33.2118110657, -8.61150074005, 93.7905044556, -6.04216861725, 33.5689659119], [371.93951416, -226.33152771, 44.0169181824, 22.7297019958, -9.07081508636, 50.8469238281, -4.99861764908, 31.9545726776, -13.7692937851, 40.6008529663, -6.04216861725, 83.3711166382, -5.06092453003], [-410.500366211, 226.428665161, -18.9505710602, -11.7084770203, 33.7772598267, -56.0779342651, 13.6136465073, -22.5313587189, 20.6592388153, -24.6683139801, 33.5689659119, -5.06092453003, 81.5537567139]],
        "icov": [[0.000547581876162, 0.000496671884321, 0.000463994976599, -0.000771233346313, -0.000211957580177, -0.000252479716437, -0.00013906188542, -0.00049500510795, 0.000413780944655, -0.000417230010498, 0.000468089128844, -0.000467664940516, 0.000722281401977], [0.000496671884321, 0.002266719006, 0.000351482653059, 0.000410234060837, -0.00134596205316, 0.000301985157421, -0.00110215868335, 0.000307613838231, -0.00101041048765, 0.00188425567467, -0.00216710125096, 0.00183646543883, -0.000786866177805], [0.000463994976599, 0.000351482653059, 0.00159394706134, -6.58525095787e-05, -0.000640102021862, -0.000696404371411, 0.000415390270064, -0.000604048895184, 0.000494543695822, -0.00140855344944, 0.00131606240757, -0.00045582614257, 0.000149265979417], [-0.000771233346313, 0.000410234060837, -6.58525095787e-05, 0.0043854531832, 0.000108794039988, -0.000832944409922, -0.000474143744214, -0.00016096890613, -0.00156853988301, 0.00137925404124, -0.00206411909312, 0.00267446995713, -0.00315967691131], [-0.000211957580177, -0.00134596205316, -0.000640102021862, 0.000108794039988, 0.00573568977416, 0.000527688243892, -0.00237794639543, -0.000578945036978, -0.000121202858281, -0.00155510636978, 0.000735616311431, -0.00123140309006, -5.76392267249e-05], [-0.000252479716437, 0.000301985157421, -0.000696404371411, -0.000832944409922, 0.000527688243892, 0.00551903294399, -0.00128030683845, -0.00230228016153, 0.000964628648944, -0.000218812667299, -0.00156398746185, 0.000258107349509, 0.00111262616701], [-0.00013906188542, -0.00110215868335, 0.000415390270064, -0.000474143744214, -0.00237794639543, -0.00128030683845, 0.00890489388257, -0.000358534831321, -0.000659045705106, -0.000746348290704, -0.00021548915538, -0.000976063252892, 0.00087685888866], [-0.00049500510795, 0.000307613838231, -0.000604048895184, -0.00016096890613, -0.000578945036978, -0.00230228016153, -0.000358534831321, 0.0125463232398, -0.00447963038459, -0.000762808544096, -0.000278491468634, -0.000491961545777, -0.00033820598037], [0.000413780944655, -0.00101041048765, 0.000494543695822, -0.00156853988301, -0.000121202858281, 0.000964628648944, -0.000659045705106, -0.00447963038459, 0.016578854993, -0.00673294020817, -0.00115071760956, 0.00251160911284, -0.00124309933744], [-0.000417230010498, 0.00188425567467, -0.00140855344944, 0.00137925404124, -0.00155510636978, -0.000218812667299, -0.000746348290704, -0.000762808544096, -0.00673294020817, 0.0205035600811, -0.00353486300446, -0.00367069197819, 0.00208125100471], [0.000468089128844, -0.00216710125096, 0.00131606240757, -0.00206411909312, 0.000735616311431, -0.00156398746185, -0.00021548915538, -0.000278491468634, -0.00115071760956, -0.00353486300446, 0.0191298052669, -0.00417633634061, -0.00194971414749], [-0.000467664940516, 0.00183646543883, -0.00045582614257, 0.00267446995713, -0.00123140309006, 0.000258107349509, -0.000976063252892, -0.000491961545777, 0.00251160911284, -0.00367069197819, -0.00417633634061, 0.0199978556484, -0.00524676311761], [0.000722281401977, -0.000786866177805, 0.000149265979417, -0.00315967691131, -5.76392267249e-05, 0.00111262616701, 0.00087685888866, -0.00033820598037, -0.00124309933744, 0.00208125100471, -0.00194971414749, -0.00524676311761, 0.0196336954832]]
    },
    "melbands": {
        "mean": [0.00236525340006, 0.00376297114417, 0.00135626946576, 0.000612258561887, 0.000357960030669, 0.00025945607922, 0.00015638822515, 0.000119312338938, 9.68959502643e-05, 0.000103221653262, 7.02391043887e-05, 6.52965900372e-05, 6.08504778938e-05, 6.67842614348e-05, 4.56254856545e-05, 4.38563947682e-05, 3.31700393872e-05, 3.46063316101e-05, 3.28042369802e-05, 3.21049956256e-05, 3.55802440026e-05, 3.97345575038e-05, 3.86456049455e-05, 3.00959272863e-05, 2.54451533692e-05, 2.43547419814e-05, 1.95335323951e-05, 1.66828613146e-05, 1.1367424122e-05, 1.00464494608e-05, 8.023569535e-06, 7.12614519216e-06, 5.37431515113e-06, 5.39925031262e-06, 5.52235951545e-06, 4.29939700552e-06, 3.81074278266e-06, 4.21366530645e-06, 3.01629006572e-06, 1.55045506745e-06]
    },
    "melbands128": {
        "mean": [0.000118620919238, 0.00129060435575, 0.00327033689246, 0.00449302187189, 0.00449479417875, 0.0028590420261, 0.00133043969981, 0.00111767381895, 0.00105921225622, 0.000563506036997, 0.000339267688105, 0.000398591568228, 0.000377832766389, 0.000273259473033, 0.000305541499984, 0.000216018772335, 0.00018420170818, 0.000140050586197, 0.000143448909512, 7.34560453566e-05, 0.000139794356073, 0.000162296593771, 6.99696174706e-05, 6.26960318186e-05, 0.000103100137494, 0.000136765433126, 6.00993989792e-05, 5.68278264836e-05, 9.22396066017e-05, 4.81802817376e-05, 6.93127512932e-05, 7.11458778824e-05, 4.62684220111e-05, 6.13340307609e-05, 9.0338246082e-05, 6.01608371653e-05, 3.92117108277e-05, 5.6406341173e-05, 3.7502602936e-05, 4.5968543418e-05, 4.96702523378e-05, 3.16663172271e-05, 3.11652293021e-05, 3.23331296386e-05, 4.25244288635e-05, 3.01168929582e-05, 3.16824807669e-05, 4.22970369982e-05, 2.67253908532e-05, 2.4425022275e-05, 3.72617178073e-05, 3.24616157741e-05, 3.79354132747e-05, 3.40341539413e-05, 3.79609700758e-05, 4.07724837714e-05, 4.15208487539e-05, 3.6357458157e-05, 3.705526251e-05, 4.52071762993e-05, 2.76503233181e-05, 2.19703561015e-05, 2.33872870012e-05, 2.92201511911e-05, 2.43289614446e-05, 2.54541919276e-05, 2.37117328652e-05, 1.87801961147e-05, 2.19129542529e-05, 1.49575034811e-05, 1.55253983394e-05, 2.00576123461e-05, 1.31359702209e-05, 8.55963753565e-06, 1.01759360405e-05, 1.09166958282e-05, 1.01576861198e-05, 8.1139824033e-06, 8.51095956023e-06, 6.39358995613e-06, 8.00074576546e-06, 7.05975617166e-06, 5.75053854845e-06, 5.39243683306e-06, 4.84749079988e-06, 4.96644361192e-06, 5.57316570848e-06, 6.23993719273e-06, 5.68863833905e-06, 4.90769161843e-06, 4.8275651352e-06, 4.01760689783e-06, 3.47668151335e-06, 3.97596522816e-06, 3.69926374333e-06, 4.31889839092e-06, 4.52591848443e-06, 3.88149146602e-06, 3.19306013807e-06, 2.54481824413e-06, 1.88294416148e-06, 1.44508771882e-06, 1.07814344119e-06, 7.66527705309e-07, 7.8865116393e-07, 9.26016923586e-07, 9.10074504645e-07, 6.33038268916e-07, 4.91274249725e-07, 4.3198517119e-07, 3.53126580421e-07, 2.92949295044e-07, 2.53020914442e-07, 1.96366627847e-07, 1.6288456095e-07, 1.52748825144e-07, 1.06344444362e-07, 8.24591026571e-08, 7.81302702535e-08, 6.5363813917e-08, 5.68968943071e-08, 5.26396917166e-08, 3.62783296737e-08, 3.17401891436e-08, 2.70119926427e-08, 2.17822258008e-08, 1.32257520491e-08, 5.88898041443e-09]
    },
    "mfcc": {
        "mean": [-633.744750977, 111.910194397, 2.50050783157, 38.1263198853, 8.74144268036, 6.60478162766, 0.844095051289, 9.65418338776, -1.10636043549, 1.43393683434, -1.58761048317, -0.173401907086, -1.12299990654],
        "cov": [[13782.6503906, -5017.53320312, -1079.73071289, 739.391052246, -150.11177063, 557.965881348, 297.972442627, 476.025878906, 376.540008545, 242.418624878, 102.778663635, 474.492828369, 355.192230225], [-5017.53320312, 2656.41845703, -30.6989822388, -168.920791626, 62.964969635, -207.618209839, -42.2042694092, -120.868293762, -133.029891968, -72.4631729126, -9.31315803528, -147.521957397, -99.4042892456], [-1079.73071289, -30.6989822388, 891.751586914, -143.708358765, 122.255302429, 20.226524353, 11.7283287048, -40.2992019653, 23.3583431244, 22.3640041351, 3.53749895096, -27.760602951, -32.3295440674], [739.391052246, -168.920791626, -143.708358765, 316.157958984, 11.6120557785, 41.1073036194, 31.515663147, 36.1919212341, 55.2864608765, 24.5977649689, 5.75313186646, 37.0201454163, 51.5651016235], [-150.11177063, 62.964969635, 122.255302429, 11.6120557785, 186.571136475, 17.2190666199, 36.0226783752, 18.1556682587, 29.8543186188, 31.2300186157, 17.4062671661, 6.55514812469, 12.7408237457], [557.965881348, -207.618209839, 20.226524353, 41.1073036194, 17.2190666199, 166.920928955, 73.6518173218, 50.5066757202, 41.5047111511, 30.4538459778, 26.7435646057, 34.108089447, 21.2214622498], [297.972442627, -42.2042694092, 11.7283287048, 31.515663147, 36.0226783752, 73.6518173218, 143.333709717, 61.3654022217, 37.4913291931, 29.7454891205, 19.8713150024, 36.2198829651, 25.8193721771], [476.025878906, -120.868293762, -40.2992019653, 36.1919212341, 18.1556682587, 50.5066757202, 61.3654022217, 109.726448059, 40.3918952942, 31.5973129272, 20.772562027, 32.6746559143, 29.4439964294], [376.540008545, -133.029891968, 23.3583431244, 55.2864608765, 29.8543186188, 41.5047111511, 37.4913291931, 40.3918952942, 103.91784668, 41.6339645386, 23.5162410736, 31.5603618622, 22.254650116], [242.418624878, -72.4631729126, 22.3640041351, 24.5977649689, 31.2300186157, 30.4538459778, 29.7454891205, 31.5973129272, 41.6339645386, 86.4897766113, 36.571559906, 25.8661708832, 17.8773441315], [102.778663635, -9.31315803528, 3.53749895096, 5.75313186646, 17.4062671661, 26.7435646057, 19.8713150024, 20.772562027, 23.5162410736, 36.571559906, 67.9617080688, 30.0510578156, 14.6811637878], [474.492828369, -147.521957397, -27.760602951, 37.0201454163, 6.55514812469, 34.108089447, 36.2198829651, 32.6746559143, 31.5603618622, 25.8661708832, 30.0510578156, 83.1271286011, 39.0278129578], [355.192230225, -99.4042892456, -32.3295440674, 51.5651016235, 12.7408237457, 21.2214622498, 25.8193721771, 29.4439964294, 22.254650116, 17.8773441315, 14.6811637878, 39.0278129578, 71.738243103]],
        "icov": [[0.00047852951684, 0.000817823631223, 0.000559224805329, -0.000211632519495, -6.29701389698e-05, -0.000183526572073, -0.00026259344304, -0.000374401366571, -0.000109544154839, -0.000218702378334, 6.66443520458e-05, -0.000488204794237, -0.000177851441549], [0.000817823631223, 0.00190355652012, 0.00105574086774, -0.000267536612228, -0.000399824552005, 0.000244965020102, -0.000922487757634, -0.000337170087732, 9.80375989457e-05, -0.00017978491087, -0.00049761205446, -0.000107270614535, -9.99485419015e-05], [0.000559224805329, 0.00105574086774, 0.00212161033414, 0.000497160654049, -0.00104111910332, -0.000463437783765, -0.000523622089531, 0.000445197627414, -0.000710903957952, -0.000515769061167, 0.000201552698854, -0.000154197085067, 1.22474266391e-05], [-0.000211632519495, -0.000267536612228, 0.000497160654049, 0.00434391479939, -0.000360960926628, -0.000402742036385, 9.63486018009e-05, 0.000558736443054, -0.00177288160194, -0.000170452374732, 0.000988836516626, 0.000219057852519, -0.00203104224056], [-6.29701389698e-05, -0.000399824552005, -0.00104111910332, -0.000360960926628, 0.00677590677515, 0.000244331051363, -0.000977671821602, -0.000309686176479, -0.000813947815914, -0.00130018440541, -0.000447684637038, 0.000703876314219, -0.000963480153587], [-0.000183526572073, 0.000244965020102, -0.000463437783765, -0.000402742036385, 0.000244331051363, 0.0092289224267, -0.00359342480078, -0.00092930655228, -0.00061136536533, 0.000169285020093, -0.00213287165388, 0.000268894975306, 0.000667687738314], [-0.00026259344304, -0.000922487757634, -0.000523622089531, 9.63486018009e-05, -0.000977671821602, -0.00359342480078, 0.0117775574327, -0.00402400223538, -0.000457293150248, -0.000420266005676, 0.00123145501129, -0.00231746095233, -0.000378609547624], [-0.000374401366571, -0.000337170087732, 0.000445197627414, 0.000558736443054, -0.000309686176479, -0.00092930655228, -0.00402400223538, 0.0149318082258, -0.00228010280989, -0.00142992881592, -0.000585189845879, 0.000242853056989, -0.00211349618621], [-0.000109544154839, 9.80375989457e-05, -0.000710903957952, -0.00177288160194, -0.000813947815914, -0.00061136536533, -0.000457293150248, -0.00228010280989, 0.0149037977681, -0.00386245618574, -0.000817796739284, -0.00160429917742, 0.000437244452769], [-0.000218702378334, -0.00017978491087, -0.000515769061167, -0.000170452374732, -0.00130018440541, 0.000169285020093, -0.000420266005676, -0.00142992881592, -0.00386245618574, 0.0182470213622, -0.00732787698507, 0.000195935936063, -0.000313142227242], [6.66443520458e-05, -0.00049761205446, 0.000201552698854, 0.000988836516626, -0.000447684637038, -0.00213287165388, 0.00123145501129, -0.000585189845879, -0.000817796739284, -0.00732787698507, 0.0223317034543, -0.00646592304111, -0.000104686288978], [-0.000488204794237, -0.000107270614535, -0.000154197085067, 0.000219057852519, 0.000703876314219, 0.000268894975306, -0.00231746095233, 0.000242853056989, -0.00160429917742, 0.000195935936063, -0.00646592304111, 0.0215850770473, -0.00739936856553], [-0.000177851441549, -9.99485419015e-05, 1.22474266391e-05, -0.00203104224056, -0.000963480153587, 0.000667687738314, -0.000378609547624, -0.00211349618621, 0.000437244452769, -0.000313142227242, -0.000104686288978, -0.00739936856553, 0.0211137030274]]
    },
    "spectral_contrast_coeffs": {
        "mean": [-0.702935934067, -0.764905512333, -0.782917618752, -0.808621644974, -0.79320448637, -0.746059656143]
    },
    "spectral_contrast_valleys": {
        "mean": [-6.51600551605, -6.82508993149, -7.44194030762, -7.49381542206, -7.22154092789, -10.197842598]
    }
},
"rhythm": {
    "beats_count": 763,
    "beats_loudness": {
        "mean": 0.0441692061722
    },
    "bpm": 148.164825439,
    "bpm_histogram_first_peak_bpm": 148,
    "bpm_histogram_first_peak_weight": 0.284327328205,
    "bpm_histogram_second_peak_bpm": 140,
    "bpm_histogram_second_peak_spread": 0.160000026226,
    "bpm_histogram_second_peak_weight": 0.0275590550154,
    "danceability": 1.15865755081,
    "onset_rate": 2.79007744789,
    "beats_loudness_band_ratio": {
        "mean": [0.624579906464, 0.160226806998, 0.062999881804, 0.0481405332685, 0.0658224448562, 0.0726301372051]
    },
    "beats_position": [0.417959183455, 0.847528338432, 1.26548755169, 1.68344664574, 2.08979582787, 2.49614500999, 2.90249419212, 3.32045340538, 3.73841261864, 4.14476203918, 4.55111122131, 4.95746040344, 5.36380958557, 5.7701587677, 6.17650794983, 6.59446716309, 6.98920631409, 7.38394546509, 7.77868461609, 8.18503379822, 8.59138298035, 8.99773216248, 9.4040813446, 9.81043052673, 10.2167797089, 10.623128891, 11.0294780731, 11.4358272552, 11.8421764374, 12.2485256195, 12.6548748016, 13.0612239838, 13.4675731659, 13.873922348, 14.2802715302, 14.6866207123, 15.0929698944, 15.4993190765, 15.9056682587, 16.3120174408, 16.7183666229, 17.1131057739, 17.5194549561, 17.9258041382, 18.3321533203, 18.7385025024, 19.1564617157, 19.5512008667, 19.9575500488, 20.3522891998, 20.758638382, 21.1649875641, 21.5713367462, 21.9776859283, 22.3840351105, 22.7903842926, 23.1967334747, 23.6030826569, 24.009431839, 24.4273910522, 24.8453502655, 25.2749195099, 25.7277088165, 26.168888092, 26.5984573364, 27.0280265808, 27.4459857941, 27.8523349762, 28.2470741272, 28.6534233093, 29.0597724915, 29.4661216736, 29.8724708557, 30.2788200378, 30.68516922, 31.0915184021, 31.4978675842, 31.9042167664, 32.3105659485, 32.7053070068, 33.111656189, 33.5180053711, 33.9243545532, 34.3190917969, 34.725440979, 35.1317901611, 35.5265312195, 35.9328804016, 36.3392295837, 36.7455787659, 37.151927948, 37.5466651917, 37.9530143738, 38.3593635559, 38.7541046143, 39.1604537964, 39.5668029785, 39.9731521606, 40.3678894043, 40.7742385864, 41.1805877686, 41.5869369507, 41.9932861328, 42.3996353149, 42.8059844971, 43.2123336792, 43.6186828613, 44.0134239197, 44.4197731018, 44.8145103455, 45.2208595276, 45.6272087097, 46.0335578918, 46.439907074, 46.8346481323, 47.229385376, 47.6357345581, 48.0536956787, 48.4600448608, 48.8780021667, 49.2959632874, 49.7255325317, 50.1667098999, 50.6194992065, 51.0606803894, 51.4786376953, 51.8965988159, 52.3145561218, 52.720905304, 53.1272544861, 53.5336036682, 53.9399528503, 54.3463020325, 54.7526512146, 55.1590003967, 55.5653495789, 55.971698761, 56.3780479431, 56.7843971252, 57.1907463074, 57.5854873657, 57.9918365479, 58.39818573, 58.7929229736, 59.1992721558, 59.6056213379, 60.01197052, 60.4183197021, 60.8246688843, 61.2310180664, 61.6373672485, 62.0437164307, 62.4500656128, 62.8564147949, 63.2627639771, 63.6691131592, 64.0754623413, 64.4818115234, 64.8765487671, 65.2828979492, 65.6892471313, 66.0955963135, 66.5019454956, 66.9082946777, 67.3146438599, 67.7093887329, 68.115737915, 68.5220870972, 68.9284362793, 69.3347854614, 69.7411346436, 70.1474838257, 70.5538330078, 70.9601821899, 71.3549194336, 71.7612686157, 72.1676177979, 72.5623550415, 72.9687042236, 73.3750534058, 73.7814025879, 74.18775177, 74.5941009521, 75.0004501343, 75.3951950073, 75.8015441895, 76.2078933716, 76.6142425537, 77.0205917358, 77.4153289795, 77.8216781616, 78.2280273438, 78.6343765259, 79.040725708, 79.4354629517, 79.8418121338, 80.2481613159, 80.6661224365, 81.0724716187, 81.4672088623, 81.8735580444, 82.2799072266, 82.6862564087, 83.0926055908, 83.4989547729, 83.8936920166, 84.2884368896, 84.6831741333, 85.1011352539, 85.507484436, 85.9022216797, 86.3085708618, 86.7149200439, 87.1212692261, 87.5160064697, 87.9223556519, 88.328704834, 88.7234420776, 89.1297912598, 89.5361404419, 89.942489624, 90.3488388062, 90.7551879883, 91.1615371704, 91.5678863525, 91.9626312256, 92.3689804077, 92.7753295898, 93.181678772, 93.5880279541, 93.9943771362, 94.4007263184, 94.8070755005, 95.2134246826, 95.6197738647, 96.037727356, 96.432472229, 96.8272094727, 97.2219467163, 97.61668396, 98.0230331421, 98.4293823242, 98.8473434448, 99.253692627, 99.6600418091, 100.066390991, 100.472740173, 100.879089355, 101.285438538, 101.703399658, 102.121360779, 102.516098022, 102.922447205, 103.328796387, 103.72353363, 104.118278503, 104.524627686, 104.930976868, 105.33732605, 105.743675232, 106.150024414, 106.556373596, 106.962722778, 107.36907196, 107.775421143, 108.181770325, 108.588119507, 108.994468689, 109.400817871, 109.807167053, 110.201904297, 110.596641541, 111.014602661, 111.420951843, 111.827301025, 112.233650208, 112.63999939, 113.034736633, 113.441085815, 113.847434998, 114.265396118, 114.6717453, 115.078094482, 115.472831726, 115.890792847, 116.297142029, 116.703491211, 117.098228455, 117.504577637, 117.910926819, 118.317276001, 118.723625183, 119.129974365, 119.536323547, 119.942672729, 120.349021912, 120.743759155, 121.161720276, 121.568069458, 121.97441864, 122.380767822, 122.787117004, 123.193466187, 123.599815369, 123.994552612, 124.400901794, 124.807250977, 125.213600159, 125.619949341, 126.026298523, 126.432647705, 126.827392578, 127.23374176, 127.640090942, 128.046432495, 128.452789307, 128.847518921, 129.242263794, 129.637008667, 130.054962158, 130.472915649, 130.890884399, 131.297225952, 131.703582764, 132.109924316, 132.493057251, 132.887802124, 133.305755615, 133.723709106, 134.130065918, 134.536407471, 134.931152344, 135.325897217, 135.720626831, 136.138595581, 136.556549072, 136.962905884, 137.369247437, 137.787200928, 138.205169678, 138.61151123, 139.02947998, 139.45904541, 139.88861084, 140.31817627, 140.747756958, 141.177322388, 141.595275879, 142.00163269, 142.419586182, 142.825942993, 143.232284546, 143.638641357, 144.04498291, 144.451339722, 144.857681274, 145.264038086, 145.681991577, 146.07673645, 146.483078003, 146.889434814, 147.284164429, 147.69052124, 148.096862793, 148.514831543, 148.921173096, 149.327529907, 149.73387146, 150.140228271, 150.534957886, 150.929702759, 151.34765625, 151.754013062, 152.160354614, 152.566711426, 152.973052979, 153.37940979, 153.785751343, 154.192108154, 154.598449707, 155.016418457, 155.42276001, 155.84072876, 156.270294189, 156.699859619, 157.141036987, 157.570602417, 158.000183105, 158.418136597, 158.836090088, 159.265670776, 159.683624268, 160.089981079, 160.496322632, 160.902679443, 161.309020996, 161.715377808, 162.12171936, 162.528076172, 162.934417725, 163.340774536, 163.747116089, 164.1534729, 164.559814453, 164.966171265, 165.372512817, 165.76725769, 166.173599243, 166.579956055, 166.986297607, 167.392654419, 167.798995972, 168.205352783, 168.611694336, 169.018051147, 169.412780762, 169.819137573, 170.225479126, 170.643447876, 171.061401367, 171.490966797, 171.920547485, 172.419769287, 172.919006348, 173.406616211, 173.894241333, 174.405075073, 174.915908813, 175.415145874, 175.891159058, 176.378768921, 176.854782104, 177.330795288, 177.818405151, 178.306030273, 178.723983765, 179.141952515, 179.548294067, 179.954650879, 180.360992432, 180.767349243, 181.173690796, 181.580047607, 181.98638916, 182.392745972, 182.799087524, 183.205444336, 183.611785889, 184.006530762, 184.401260376, 184.807617188, 185.21395874, 185.620315552, 186.026657104, 186.433013916, 186.850967407, 187.257324219, 187.663665771, 188.070022583, 188.476364136, 188.871109009, 189.265853882, 189.660583496, 190.066940308, 190.461669922, 190.856414795, 191.251159668, 191.657501221, 192.075454712, 192.481811523, 192.888153076, 193.282897949, 193.689254761, 194.095596313, 194.513549805, 194.931518555, 195.337860107, 195.744216919, 196.150558472, 196.556915283, 196.951644897, 197.358001709, 197.764343262, 198.170700073, 198.577041626, 198.983398438, 199.38973999, 199.796096802, 200.202438354, 200.620407104, 201.026748657, 201.433105469, 201.827835083, 202.234191895, 202.640533447, 203.046890259, 203.453231812, 203.859588623, 204.265930176, 204.660675049, 205.06703186, 205.473373413, 205.879730225, 206.286071777, 206.692428589, 207.098770142, 207.505126953, 207.911468506, 208.317825317, 208.72416687, 209.130523682, 209.548477173, 209.954818726, 210.349563599, 210.75592041, 211.162261963, 211.568618774, 211.974960327, 212.381317139, 212.787658691, 213.194015503, 213.600357056, 214.006713867, 214.41305542, 214.807800293, 215.214141846, 215.620498657, 216.02684021, 216.433197021, 216.839538574, 217.245895386, 217.652236938, 218.05859375, 218.464935303, 218.871292114, 219.277633667, 219.683990479, 220.078720093, 220.473464966, 220.868209839, 221.274551392, 221.680908203, 222.075637817, 222.481994629, 222.888336182, 223.294692993, 223.701034546, 224.107391357, 224.51373291, 224.920089722, 225.314819336, 225.709564209, 226.115921021, 226.510650635, 226.917007446, 227.323348999, 227.729705811, 228.136047363, 228.542404175, 228.948745728, 229.343490601, 229.749832153, 230.156188965, 230.562530518, 230.968887329, 231.363616943, 231.758361816, 232.153106689, 232.547836304, 232.942581177, 233.348922729, 233.755279541, 234.161621094, 234.567977905, 234.974319458, 235.369064331, 235.775421143, 236.181762695, 236.588119507, 236.982849121, 237.377593994, 237.772338867, 238.167068481, 238.573425293, 238.979766846, 239.397735596, 239.804077148, 240.21043396, 240.616775513, 241.023132324, 241.429473877, 241.835830688, 242.230560303, 242.625305176, 243.031646729, 243.43800354, 243.844345093, 244.250701904, 244.657043457, 245.063400269, 245.458129883, 245.864486694, 246.259231567, 246.653961182, 247.060317993, 247.466659546, 247.873016357, 248.267745972, 248.674102783, 249.080444336, 249.486801147, 249.881530762, 250.287887573, 250.682632446, 251.088973999, 251.495330811, 251.901672363, 252.308029175, 252.702758789, 253.109115601, 253.515457153, 253.910202026, 254.316543579, 254.722900391, 255.117630005, 255.512374878, 255.918731689, 256.325073242, 256.731414795, 257.126159668, 257.532501221, 257.938873291, 258.345214844, 258.751556396, 259.157897949, 259.552642822, 259.947387695, 260.353729248, 260.760070801, 261.154815674, 261.549560547, 261.9559021, 262.36227417, 262.756988525, 263.163360596, 263.558105469, 263.964447021, 264.370788574, 264.777130127, 265.171875, 265.578216553, 265.972961426, 266.379302979, 266.785675049, 267.192016602, 267.598358154, 268.004699707, 268.411071777, 268.81741333, 269.212158203, 269.618499756, 270.024841309, 270.419586182, 270.814331055, 271.209075928, 271.61541748, 272.021759033, 272.428100586, 272.834472656, 273.240814209, 273.647155762, 274.041900635, 274.448242188, 274.85458374, 275.260955811, 275.667297363, 276.062042236, 276.456787109, 276.863128662, 277.269470215, 277.664215088, 278.070556641, 278.476898193, 278.883270264, 279.289611816, 279.684356689, 280.079101562, 280.485443115, 280.891784668, 281.286529541, 281.692871094, 282.087615967, 282.49395752, 282.900299072, 283.306671143, 283.713012695, 284.119354248, 284.514099121, 284.920440674, 285.315185547, 285.7215271, 286.12789917, 286.534240723, 286.940582275, 287.346923828, 287.753295898, 288.159637451, 288.554382324, 288.94909668, 289.35546875, 289.761810303, 290.156555176, 290.551300049, 290.957641602, 291.363983154, 291.770324707, 292.176696777, 292.571411133, 292.977783203, 293.384124756, 293.778869629, 294.185211182, 294.591552734, 294.986297607, 295.39263916, 295.79901123, 296.193725586, 296.600097656, 297.006439209, 297.401184082, 297.807525635, 298.213867188, 298.608612061, 299.014953613, 299.421295166, 299.827667236, 300.234008789, 300.640350342, 301.058319092, 301.476287842, 301.905853271, 302.335418701, 302.764984131, 303.194549561, 303.600891113, 304.018859863, 304.425201416, 304.831573486, 305.237915039, 305.655853271, 306.062225342, 306.456970215, 306.85168457, 307.258056641, 307.664398193, 308.070739746, 308.477081299, 308.895050049, 309.313018799, 309.707763672, 310.102478027, 310.508850098, 310.91519165],
    "bpm_histogram": [0, 0, 0, 0, 0, 0, 0, 0, 0, 0, 0, 0, 0, 0, 0, 0, 0, 0, 0, 0, 0, 0, 0, 0, 0, 0, 0, 0, 0, 0, 0, 0, 0, 0, 0, 0, 0, 0, 0, 0, 0, 0, 0, 0, 0, 0, 0, 0, 0, 0, 0, 0, 0, 0, 0, 0, 0, 0, 0, 0, 0, 0, 0, 0, 0, 0, 0, 0, 0, 0, 0, 0, 0, 0, 0, 0, 0, 0, 0, 0, 0, 0, 0, 0, 0, 0, 0, 0, 0, 0, 0, 0, 0, 0, 0, 0, 0, 0, 0, 0, 0, 0, 0, 0, 0, 0, 0, 0, 0, 0, 0, 0, 0, 0, 0, 0, 0, 0.00262467190623, 0, 0, 0.00393700785935, 0, 0, 0.00656167976558, 0, 0, 0.00393700785935, 0, 0, 0, 0, 0, 0, 0.00262467190623, 0, 0, 0.00524934381247, 0, 0, 0, 0.0275590550154, 0, 0, 0, 0.0813648328185, 0, 0, 0, 0.677165329456, 0, 0, 0, 0.187664046884, 0, 0, 0, 0, 0.00131233595312, 0, 0, 0, 0, 0, 0, 0, 0, 0, 0, 0, 0, 0, 0, 0, 0, 0, 0, 0, 0, 0, 0, 0, 0, 0, 0, 0, 0, 0, 0, 0, 0, 0, 0, 0, 0, 0, 0, 0, 0, 0, 0, 0, 0, 0, 0, 0, 0, 0, 0, 0, 0, 0, 0, 0, 0, 0, 0, 0, 0, 0, 0, 0, 0, 0, 0, 0, 0, 0, 0, 0, 0, 0, 0, 0, 0, 0, 0, 0, 0, 0, 0, 0, 0, 0, 0, 0, 0, 0, 0, 0, 0]
},
"tonal": {
    "chords_changes_rate": 0.0560524761677,
    "chords_number_rate": 0.00178890873212,
    "chords_strength": {
        "mean": 0.52835637331
    },
    "hpcp_crest": {
        "mean": 13.5872268677
    },
    "hpcp_entropy": {
        "mean": 2.04799103737
    },
    "key_edma": {
        "strength": 0.788916945457,
        "key": "F#",
        "scale": "major"
    },
    "key_krumhansl": {
        "strength": 0.782293796539,
        "key": "F#",
        "scale": "major"
    },
    "key_temperley": {
        "strength": 0.765607297421,
        "key": "F#",
        "scale": "major"
    },
    "tuning_diatonic_strength": 0.590224742889,
    "tuning_equal_tempered_deviation": 0.0480051934719,
    "tuning_frequency": 441.017791748,
    "tuning_nontempered_energy_ratio": 0.71161699295,
    "hpcp": {
        "mean": [0.0672728791833, 0.073790282011, 0.193640753627, 0.294238507748, 0.181566163898, 0.0634744614363, 0.04755724594, 0.0485984534025, 0.0619535036385, 0.0681124702096, 0.0657729953527, 0.176088288426, 0.257073879242, 0.138489216566, 0.0534866787493, 0.0526018999517, 0.0528238378465, 0.0974764898419, 0.122300930321, 0.0817670822144, 0.0517603605986, 0.0487863197923, 0.0565785951912, 0.13698117435, 0.173062041402, 0.112614631653, 0.158339947462, 0.252829909325, 0.186848908663, 0.0827748924494, 0.062464363873, 0.0611145757139, 0.123341940343, 0.169943079352, 0.115115128458, 0.0712789744139]
    },
    "chords_histogram": [23.3452587128, 23.2856292725, 17.7996425629, 1.89326179028, 5.64997005463, 0, 4.14430522919, 0, 12.4776382446, 0.0447227209806, 0.551580190659, 1.10316038132, 1.25223612785, 0, 0, 0, 0, 3.02623724937, 0.104353010654, 1.10316038132, 0, 0, 0.119260586798, 4.09958267212],
    "thpcp": [1, 0.617071390152, 0.215724527836, 0.161628216505, 0.16516686976, 0.210555389524, 0.23148727417, 0.223536327481, 0.598454236984, 0.873692154884, 0.470669925213, 0.181780010462, 0.178773000836, 0.179527282715, 0.331283926964, 0.415652364492, 0.277893871069, 0.175912931561, 0.165805354714, 0.192288205028, 0.465544700623, 0.58816921711, 0.382732480764, 0.538134694099, 0.859268605709, 0.635025322437, 0.281319022179, 0.21229159832, 0.207704201341, 0.419190347195, 0.577569127083, 0.391230672598, 0.24224896729, 0.228633835912, 0.250783890486, 0.658108115196],
    "chords_key": "F#",
    "chords_scale": "major"
}
}