{
"metadata": {
    "version": {
        "essentia": "2.1-beta6-dev",
        "essentia_git_sha": "v2.1_beta5-1177-g1d1cc983",
        "extractor": "music 2.0"
    },
    "audio_properties": {
        "analysis": {
            "equal_loudness": 0,
            "length": 304.079986572,
            "sample_rate": 44100,
            "start_time": 0,
            "downmix": "mix"
        },
        "bit_rate": 1411200,
        "length": 304.079986572,
        "lossless": 1,
        "number_channels": 2,
        "replay_gain": -13.0852165222,
        "sample_rate": 44100,
        "codec": "pcm_s16le",
        "md5_encoded": "f8d13aec6ab2037c6a0914520e9e8121"
    },
    "tags": {
        "file_name": "07 - Manchester Orchestra - Simple Math.wav",
        "album": ["Simple Math"],
        "albumartist": ["Manchester Orchestra"],
        "artist": ["Manchester Orchestra"],
        "composer": ["Andy Hull"],
        "copyright": ["(P) 2011 Sony Music Entertainment"],
        "date": ["2011"],
        "discnumber": ["1"],
        "disctotal": ["1"],
        "genre": ["Alternative & Indie"],
        "isrc": ["USSM11100155"],
        "title": ["Simple Math"],
        "tracknumber": ["7"],
        "tracktotal": ["10"]
    }
},
"lowlevel": {
    "average_loudness": 0.838233888149,
    "barkbands_crest": {
        "mean": 10.4082431793
    },
    "barkbands_flatness_db": {
        "mean": 0.170953392982
    },
    "barkbands_kurtosis": {
        "mean": 8.6363697052
    },
    "barkbands_skewness": {
        "mean": 1.82625973225
    },
    "barkbands_spread": {
        "mean": 19.3840427399
    },
    "dissonance": {
        "mean": 0.448739141226
    },
    "dynamic_complexity": 4.8065032959,
    "erbbands_crest": {
        "mean": 9.35789203644
    },
    "erbbands_flatness_db": {
        "mean": 0.16962069273
    },
    "erbbands_kurtosis": {
        "mean": 2.09945988655
    },
    "erbbands_skewness": {
        "mean": 0.521603107452
    },
    "erbbands_spread": {
        "mean": 37.1349487305
    },
    "hfc": {
        "mean": 19.9244117737
    },
    "loudness_ebu128": {
        "integrated": -9.58469867706,
        "loudness_range": 10.5085430145,
        "momentary": {
            "mean": -12.2346229553
        },
        "short_term": {
            "mean": -11.6259670258
        }
    },
    "melbands_crest": {
        "mean": 15.3563261032
    },
    "melbands_flatness_db": {
        "mean": 0.249938100576
    },
    "melbands_kurtosis": {
        "mean": 18.5280456543
    },
    "melbands_skewness": {
        "mean": 2.83517551422
    },
    "melbands_spread": {
        "mean": 19.3216209412
    },
    "pitch_salience": {
        "mean": 0.512842476368
    },
    "silence_rate_20dB": {
        "mean": 1
    },
    "silence_rate_30dB": {
        "mean": 0.986180067062
    },
    "silence_rate_60dB": {
        "mean": 0.0974268913269
    },
    "spectral_centroid": {
        "mean": 1168.1463623
    },
    "spectral_complexity": {
        "mean": 20.3898601532
    },
    "spectral_decrease": {
        "mean": -7.90010901142e-09
    },
    "spectral_energy": {
        "mean": 0.0316241160035
    },
    "spectral_energyband_high": {
        "mean": 0.00081208453048
    },
    "spectral_energyband_low": {
        "mean": 0.015511806123
    },
    "spectral_energyband_middle_high": {
        "mean": 0.00541347218677
    },
    "spectral_energyband_middle_low": {
        "mean": 0.0111490916461
    },
    "spectral_entropy": {
        "mean": 7.25425291061
    },
    "spectral_flux": {
        "mean": 0.0717029497027
    },
    "spectral_kurtosis": {
        "mean": 10.8203191757
    },
    "spectral_rms": {
        "mean": 0.00499511184171
    },
    "spectral_rolloff": {
        "mean": 1197.56445312
    },
    "spectral_skewness": {
        "mean": 2.01510906219
    },
    "spectral_spread": {
        "mean": 4204938
    },
    "spectral_strongpeak": {
        "mean": 0.813057124615
    },
    "zerocrossingrate": {
        "mean": 0.0495177283883
    },
    "barkbands": {
        "mean": [0.000293502846034, 0.00863930210471, 0.00547063350677, 0.00175771280192, 0.00322547438554, 0.00180296215694, 0.00100284849759, 0.00110857118852, 0.00201296340674, 0.00114639673848, 0.000968887878116, 0.000570798991248, 0.000434687826782, 0.000382012804039, 0.00025656807702, 0.000503364950418, 0.000321856379742, 0.000422659650212, 0.000399726617616, 0.000196422901354, 0.000174883782165, 0.000142245393363, 0.00013161401148, 0.000153407585458, 8.47742267069e-05, 1.88836729649e-05, 9.57612542152e-07]
    },
    "erbbands": {
        "mean": [0.172399058938, 2.17996454239, 6.57550621033, 6.40599727631, 6.85814905167, 9.70953178406, 17.8098583221, 14.9056377411, 15.8687791824, 15.8254976273, 24.7366104126, 51.4335403442, 41.7968902588, 29.0328578949, 40.3777542114, 21.3620433807, 21.3357524872, 17.7094841003, 18.2848033905, 17.476064682, 26.1542167664, 20.2705764771, 23.64037323, 20.4544811249, 16.9895858765, 9.23394393921, 8.03977775574, 6.22322225571, 5.25448322296, 4.06856012344, 3.77120566368, 3.35900306702, 2.43658137321, 1.3146147728, 0.400547206402, 0.134780287743, 0.0237752366811, 0.00244686403312, 0.000203810879611, 4.53139582532e-05]
    },
    "gfcc": {
        "mean": [-37.4535636902, 113.387069702, -102.895484924, 37.6925506592, -53.80519104, 12.1481838226, -31.3826847076, 11.761551857, -18.4249000549, -4.18804454803, -13.135471344, -2.0528512001, -9.00039672852],
        "cov": [[19515.2402344, -2363.61157227, -3582.82519531, 786.009643555, -1177.69812012, 955.493103027, -341.158050537, 660.584228516, -527.609680176, 200.921295166, -332.628845215, 229.605758667, -160.280166626], [-2363.61157227, 2236.88916016, 416.013793945, -583.154846191, 444.516937256, -329.009216309, 312.899383545, -215.655654907, 273.085327148, -68.0524139404, 181.574752808, -110.291809082, 132.477630615], [-3582.82519531, 416.013793945, 1590.90161133, 29.0371608734, 110.080245972, -58.3136177063, 41.7532958984, -81.5278701782, 80.7926483154, 4.42703962326, 32.3507881165, -61.0103988647, 21.9171867371], [786.009643555, -583.154846191, 29.0371608734, 598.503479004, -46.6806907654, 59.0747375488, -27.4950199127, 74.3095016479, -33.4073104858, 26.7750358582, -39.7257118225, -12.2046747208, -8.26804256439], [-1177.69812012, 444.516937256, 110.080245972, -46.6806907654, 395.375427246, -41.3510665894, 118.001945496, -43.5077896118, 76.5441970825, -11.124253273, 46.8308296204, -22.8319282532, 21.5293655396], [955.493103027, -329.009216309, -58.3136177063, 59.0747375488, -41.3510665894, 319.679382324, 45.3097572327, 47.5338020325, -51.4851608276, -5.28831338882, -24.3638076782, 23.525220871, -45.7354850769], [-341.158050537, 312.899383545, 41.7532958984, -27.4950199127, 118.001945496, 45.3097572327, 268.907592773, -6.88392210007, 59.2231254578, -7.75748920441, 21.527387619, -24.9428157806, 15.9675750732], [660.584228516, -215.655654907, -81.5278701782, 74.3095016479, -43.5077896118, 47.5338020325, -6.88392210007, 171.229537964, 18.3758926392, 11.2161121368, -26.0734481812, 2.05741262436, -12.1321802139], [-527.609680176, 273.085327148, 80.7926483154, -33.4073104858, 76.5441970825, -51.4851608276, 59.2231254578, 18.3758926392, 148.830169678, 18.8804798126, 27.3797969818, -29.4418735504, 17.8779640198], [200.921295166, -68.0524139404, 4.42703962326, 26.7750358582, -11.124253273, -5.28831338882, -7.75748920441, 11.2161121368, 18.8804798126, 106.451446533, 11.3159627914, -0.264641523361, 0.237526878715], [-332.628845215, 181.574752808, 32.3507881165, -39.7257118225, 46.8308296204, -24.3638076782, 21.527387619, -26.0734481812, 27.3797969818, 11.3159627914, 94.8049316406, 15.2141103745, 16.8829479218], [229.605758667, -110.291809082, -61.0103988647, -12.2046747208, -22.8319282532, 23.525220871, -24.9428157806, 2.05741262436, -29.4418735504, -0.264641523361, 15.2141103745, 88.9296951294, 10.3260850906], [-160.280166626, 132.477630615, 21.9171867371, -8.26804256439, 21.5293655396, -45.7354850769, 15.9675750732, -12.1321802139, 17.8779640198, 0.237526878715, 16.8829479218, 10.3260850906, 85.8735580444]],
        "icov": [[0.000251332850894, -0.000473943015095, 0.000530256249476, -0.000500756315887, 0.000579286424909, -0.000743242097087, 0.0003364305594, -0.00064322858816, 0.000638710975181, -0.000737410329748, 0.000614479009528, -0.000396638963139, 0.000118154886877], [-0.000473943015095, 0.00263158930466, -0.00115992478095, 0.00214368500747, -0.00174327159766, 0.00229715579189, -0.00171339081135, 0.00208959262818, -0.00249499105848, 0.00240724952891, -0.00266516045667, 0.00220080604777, -0.00139550864697], [0.000530256249476, -0.00115992478095, 0.00182001758367, -0.00126676273067, 0.00120425596833, -0.00168124842457, 0.000863311986905, -0.00107005890459, 0.00113531213719, -0.00162608211394, 0.00132839963771, -0.000598727958277, 0.000262572080828], [-0.000500756315887, 0.00214368500747, -0.00126676273067, 0.00371513818391, -0.00163572712336, 0.00186877080705, -0.00129079306498, 0.00108856044244, -0.00158102728892, 0.00163284735754, -0.00185234821402, 0.00224501057528, -0.00134266505484], [0.000579286424909, -0.00174327159766, 0.00120425596833, -0.00163572712336, 0.00490252906457, -0.0018161451444, 5.29037570232e-05, -0.00115894328337, 0.000874732562806, -0.00157170707826, 0.00106748612598, -0.00125407415908, 0.000698944204487], [-0.000743242097087, 0.00229715579189, -0.00168124842457, 0.00186877080705, -0.0018161451444, 0.00686098216102, -0.0029934248887, 0.00133944000117, -0.00113180966582, 0.00270037399605, -0.00223543355241, 0.000603886903264, 0.00112825678661], [0.0003364305594, -0.00171339081135, 0.000863311986905, -0.00129079306498, 5.29037570232e-05, -0.0029934248887, 0.00616113701835, -0.00114466191735, 0.000108380656457, -0.00117224222049, 0.00129770895001, -0.000180088944035, -0.000241095302044], [-0.00064322858816, 0.00208959262818, -0.00107005890459, 0.00108856044244, -0.00115894328337, 0.00133944000117, -0.00114466191735, 0.00950602721423, -0.00484535703436, 0.00210533640347, -0.000576260499656, 0.00103281880729, -0.000494465581141], [0.000638710975181, -0.00249499105848, 0.00113531213719, -0.00158102728892, 0.000874732562806, -0.00113180966582, 0.000108380656457, -0.00484535703436, 0.0128293493763, -0.0042295944877, 0.000551670033019, 0.000598400423769, 0.000232735197642], [-0.000737410329748, 0.00240724952891, -0.00162608211394, 0.00163284735754, -0.00157170707826, 0.00270037399605, -0.00117224222049, 0.00210533640347, -0.0042295944877, 0.0128401247784, -0.00413181260228, 0.00193389260676, -0.000745329598431], [0.000614479009528, -0.00266516045667, 0.00132839963771, -0.00185234821402, 0.00106748612598, -0.00223543355241, 0.00129770895001, -0.000576260499656, 0.000551670033019, -0.00413181260228, 0.0161996576935, -0.0056336610578, 0.000349277834175], [-0.000396638963139, 0.00220080604777, -0.000598727958277, 0.00224501057528, -0.00125407415908, 0.000603886903264, -0.000180088944035, 0.00103281880729, 0.000598400423769, 0.00193389260676, -0.0056336610578, 0.015959251672, -0.00389250880107], [0.000118154886877, -0.00139550864697, 0.000262572080828, -0.00134266505484, 0.000698944204487, 0.00112825678661, -0.000241095302044, -0.000494465581141, 0.000232735197642, -0.000745329598431, 0.000349277834175, -0.00389250880107, 0.0145757738501]]
    },
    "melbands": {
        "mean": [0.00197597360238, 0.00325886555947, 0.00111206504516, 0.000573972123675, 0.000612616247963, 0.000337031291565, 0.000227718846872, 0.000200798196602, 0.000193088126252, 0.00033635890577, 0.000205528122024, 0.000122606725199, 0.000127367777168, 7.75325825089e-05, 5.02214534208e-05, 4.58618524135e-05, 3.1303781725e-05, 3.20627332258e-05, 1.87763507711e-05, 3.3342075767e-05, 2.78591305687e-05, 2.09266090678e-05, 1.99218793568e-05, 1.94756667042e-05, 1.61295811267e-05, 1.58352322615e-05, 7.80407935963e-06, 5.82157827012e-06, 5.26066605744e-06, 4.25941379945e-06, 3.31731348524e-06, 3.10607128995e-06, 2.49957702181e-06, 2.15143700188e-06, 2.11865790334e-06, 2.22177595788e-06, 1.98981342692e-06, 1.72494242179e-06, 1.51983920205e-06, 9.66449874795e-07]
    },
    "melbands128": {
        "mean": [0.000276389619103, 0.00113046180923, 0.00240041082725, 0.00411027017981, 0.00385370641015, 0.00241469498724, 0.00134437379893, 0.000736256246455, 0.000710833410267, 0.000530889548827, 0.000472825631732, 0.000746646604966, 0.000695440452546, 0.00038725414197, 0.00032950899913, 0.000296482496196, 0.000306934030959, 0.000205352072953, 0.000158736220328, 0.000118644034956, 0.000284222740447, 0.000281864835415, 0.000134413145133, 0.000158944603754, 0.000369789806427, 0.000447114696726, 0.000142895281897, 0.000170720377355, 0.000308340037009, 8.29253913253e-05, 0.000101363031717, 9.22902690945e-05, 0.000113125439384, 0.000187276440556, 9.27813525777e-05, 4.29649517173e-05, 3.91784378735e-05, 7.33968772693e-05, 3.19744140143e-05, 5.04582712892e-05, 5.36068073416e-05, 2.91148116958e-05, 2.8917882446e-05, 2.74836311291e-05, 4.95103704452e-05, 3.00147476082e-05, 1.82550684258e-05, 2.18426248466e-05, 1.65957990248e-05, 1.61986790772e-05, 4.58840731881e-05, 3.41200284311e-05, 3.91349058191e-05, 1.81360137503e-05, 1.83119645953e-05, 2.59432636085e-05, 1.84763939615e-05, 1.31542783492e-05, 2.46300733124e-05, 2.6249756047e-05, 1.78577301995e-05, 1.56699024956e-05, 1.47395021486e-05, 1.48384315253e-05, 2.18299064727e-05, 1.64311950357e-05, 1.27993680508e-05, 9.12075847737e-06, 7.13155895937e-06, 5.11454663865e-06, 5.29864792043e-06, 7.00929649611e-06, 5.23708422406e-06, 5.20775120094e-06, 4.74430089525e-06, 4.08384721595e-06, 4.48870787295e-06, 3.6233609535e-06, 2.98825057143e-06, 3.07037680614e-06, 3.43364331457e-06, 2.93929497275e-06, 2.7489625154e-06, 2.38984875978e-06, 2.47734783443e-06, 2.06480058296e-06, 2.08758410736e-06, 2.16749981519e-06, 2.07317771128e-06, 2.08478377317e-06, 2.33433092944e-06, 2.22102767111e-06, 2.13020575757e-06, 2.01855641535e-06, 1.9040363668e-06, 1.75673210379e-06, 1.64371454048e-06, 1.74939941644e-06, 1.5772388906e-06, 1.39263715937e-06, 1.25164922338e-06, 8.83470590907e-07, 6.5904322355e-07, 5.13373265676e-07, 4.16402855308e-07, 3.38619031481e-07, 3.07428223323e-07, 2.75571977681e-07, 2.41924198008e-07, 1.80416179774e-07, 1.39166374424e-07, 8.62514610844e-08, 5.66662698986e-08, 3.90463306132e-08, 2.75068234856e-08, 1.93275440097e-08, 1.28645618602e-08, 8.90972362555e-09, 7.14930736834e-09, 4.71244998579e-09, 3.87506871036e-09, 2.49642151395e-09, 1.33783994993e-09, 7.56474882735e-10, 5.7229371242e-10, 3.75972863953e-10, 2.10587394744e-10, 7.36919206212e-11]
    },
    "mfcc": {
        "mean": [-681.649291992, 138.331512451, 11.8126888275, 29.6238136292, 5.99540710449, 3.99831032753, 1.08972001076, 11.6358995438, 0.959879636765, 2.43086624146, 0.577512919903, -1.22822248936, -1.81020009518],
        "cov": [[20367.4394531, -3233.05859375, -2592.07495117, -550.713562012, -831.285583496, -87.5949935913, 112.657516479, 220.258850098, 55.5624694824, 35.7539215088, -62.2201576233, 74.2427139282, -171.911499023], [-3233.05859375, 2598.41333008, 141.244400024, -94.1533966064, 55.8985366821, -18.6052951813, -12.5846910477, -55.7397994995, 23.9627494812, 33.2891693115, 44.936252594, 15.6152992249, 99.0771255493], [-2592.07495117, 141.244400024, 1215.81347656, 149.963562012, 119.831474304, 42.385471344, 6.98061561584, -46.697265625, 23.8702774048, 16.1177539825, -5.69239521027, 20.62550354, 14.3740577698], [-550.713562012, -94.1533966064, 149.963562012, 458.124572754, 81.5035095215, 11.0296583176, 6.18143415451, -30.7815551758, 54.3922653198, 23.135881424, 9.22165203094, 12.4422950745, 17.2421722412], [-831.285583496, 55.8985366821, 119.831474304, 81.5035095215, 265.717712402, 15.7288103104, 0.593326508999, 13.2240753174, -3.10158157349, 4.35249137878, 14.6301460266, -5.58578968048, 11.40305233], [-87.5949935913, -18.6052951813, 42.385471344, 11.0296583176, 15.7288103104, 222.696716309, 92.2475967407, 36.4676094055, 14.0983257294, -0.51516264677, 12.6257162094, 23.075674057, 6.60286903381], [112.657516479, -12.5846910477, 6.98061561584, 6.18143415451, 0.593326508999, 92.2475967407, 166.740203857, 49.5107421875, 28.8775959015, 3.89313840866, 4.54006481171, 20.0339031219, 10.6294231415], [220.258850098, -55.7397994995, -46.697265625, -30.7815551758, 13.2240753174, 36.4676094055, 49.5107421875, 173.49671936, 23.525062561, 10.5964317322, 17.5475883484, -5.70044660568, -5.79624605179], [55.5624694824, 23.9627494812, 23.8702774048, 54.3922653198, -3.10158157349, 14.0983257294, 28.8775959015, 23.525062561, 128.495819092, 53.650932312, 16.3018112183, 14.7357749939, 5.72003698349], [35.7539215088, 33.2891693115, 16.1177539825, 23.135881424, 4.35249137878, -0.51516264677, 3.89313840866, 10.5964317322, 53.650932312, 102.961898804, 38.867099762, 11.4079799652, 2.58932781219], [-62.2201576233, 44.936252594, -5.69239521027, 9.22165203094, 14.6301460266, 12.6257162094, 4.54006481171, 17.5475883484, 16.3018112183, 38.867099762, 84.9221878052, 18.3063545227, 9.11943244934], [74.2427139282, 15.6152992249, 20.62550354, 12.4422950745, -5.58578968048, 23.075674057, 20.0339031219, -5.70044660568, 14.7357749939, 11.4079799652, 18.3063545227, 86.6895828247, 24.6825351715], [-171.911499023, 99.0771255493, 14.3740577698, 17.2421722412, 11.40305233, 6.60286903381, 10.6294231415, -5.79624605179, 5.72003698349, 2.58932781219, 9.11943244934, 24.6825351715, 72.5708084106]],
        "icov": [[0.00010187758744, 0.000113702270028, 0.000180202114279, 6.39305071672e-05, 0.000184100979823, 4.29821193393e-05, -5.80940686632e-05, -3.62635255442e-05, -5.96355894231e-05, -9.79418036877e-05, 7.60651673772e-05, -0.000158603681484, 6.0576487158e-05], [0.000113702270028, 0.000553940772079, 0.000151884145453, 0.000242918118602, 0.000113338435767, 8.10762940091e-05, -5.77506543777e-05, 0.000136741742608, -0.000196907654754, -0.000151679400005, -0.000111436042062, -3.07758564304e-05, -0.000535120489076], [0.000180202114279, 0.000151884145453, 0.00123035314027, -0.000100121236756, -3.00726151181e-05, -0.000108267362521, -7.86317541497e-05, 0.000173935957719, -0.0001711576042, -0.000306582951453, 0.000389488763176, -0.00046576463501, 0.000173495369381], [6.39305071672e-05, 0.000242918118602, -0.000100121236756, 0.00267760641873, -0.000650272180792, -3.52476604348e-06, -5.35927574674e-05, 0.00067316001514, -0.00126795156393, -1.37353226819e-05, -8.53891324368e-05, -6.5901207563e-05, -0.000498856476042], [0.000184100979823, 0.000113338435767, -3.00726151181e-05, -0.000650272180792, 0.00463748862967, -0.000165070028743, 9.4158705906e-05, -0.000674511888064, 0.000535021186806, -0.000182428528205, -0.00054934003856, 0.000371221074602, -0.000432389584603], [4.29821193393e-05, 8.10762940091e-05, -0.000108267362521, -3.52476604348e-06, -0.000165070028743, 0.00604539224878, -0.00315172737464, -0.000408453401178, 8.21119683678e-05, 0.000497163739055, -0.000704899721313, -0.000962273450568, 0.000309971423121], [-5.80940686632e-05, -5.77506543777e-05, -7.86317541497e-05, -5.35927574674e-05, 9.4158705906e-05, -0.00315172737464, 0.00867435894907, -0.00176964071579, -0.00133992789779, 0.000463378673885, 0.000678518030327, -0.000923182815313, -0.000852567667607], [-3.62635255442e-05, 0.000136741742608, 0.000173935957719, 0.00067316001514, -0.000674511888064, -0.000408453401178, -0.00176964071579, 0.00702106999233, -0.00124825211242, 0.000237840140471, -0.00150672381278, 0.00119870831259, 0.000367683300283], [-5.96355894231e-05, -0.000196907654754, -0.0001711576042, -0.00126795156393, 0.000535021186806, 8.21119683678e-05, -0.00133992789779, -0.00124825211242, 0.0112532395869, -0.00559427542612, 0.000995674403384, -0.00081860733917, -6.63394894218e-05], [-9.79418036877e-05, -0.000151679400005, -0.000306582951453, -1.37353226819e-05, -0.000182428528205, 0.000497163739055, 0.000463378673885, 0.000237840140471, -0.00559427542612, 0.0149673325941, -0.00597379682586, 1.51120921146e-05, 0.000626060762443], [7.60651673772e-05, -0.000111436042062, 0.000389488763176, -8.53891324368e-05, -0.00054934003856, -0.000704899721313, 0.000678518030327, -0.00150672381278, 0.000995674403384, -0.00597379682586, 0.0156017877162, -0.00270797172561, -0.000698670744896], [-0.000158603681484, -3.07758564304e-05, -0.00046576463501, -6.5901207563e-05, 0.000371221074602, -0.000962273450568, -0.000923182815313, 0.00119870831259, -0.00081860733917, 1.51120921146e-05, -0.00270797172561, 0.0143422977999, -0.00443938234821], [6.0576487158e-05, -0.000535120489076, 0.000173495369381, -0.000498856476042, -0.000432389584603, 0.000309971423121, -0.000852567667607, 0.000367683300283, -6.63394894218e-05, 0.000626060762443, -0.000698670744896, -0.00443938234821, 0.0165124516934]]
    },
    "spectral_contrast_coeffs": {
        "mean": [-0.705593824387, -0.743627607822, -0.750641942024, -0.792587220669, -0.790881335735, -0.768732011318]
    },
    "spectral_contrast_valleys": {
        "mean": [-6.62816524506, -7.02139091492, -7.83913993835, -8.20412921906, -8.14344024658, -10.791097641]
    }
},
"rhythm": {
    "beats_count": 677,
    "beats_loudness": {
        "mean": 0.0423054546118
    },
    "bpm": 132.782165527,
    "bpm_histogram_first_peak_bpm": 133,
    "bpm_histogram_first_peak_weight": 0.549019634724,
    "bpm_histogram_second_peak_bpm": 126,
    "bpm_histogram_second_peak_spread": 0.122807025909,
    "bpm_histogram_second_peak_weight": 0.147928997874,
    "danceability": 1.03280901909,
    "onset_rate": 2.38408327103,
    "beats_loudness_band_ratio": {
        "mean": [0.592062354088, 0.167229130864, 0.109775580466, 0.0745722278953, 0.0459862649441, 0.0476098656654]
    },
    "beats_position": [0.49922901392, 1.02167797089, 1.50929701328, 1.98530614376, 2.46131515503, 2.93732428551, 3.41333317757, 3.90095233917, 4.37696123123, 4.85297060013, 5.32897949219, 5.80498838425, 6.28099775314, 6.7570066452, 7.23301553726, 7.70902490616, 8.19664382935, 8.66104316711, 9.12544155121, 9.6014509201, 10.077460289, 10.5418596268, 11.0062580109, 11.4822673798, 11.9582767487, 12.4226751328, 12.8986845016, 13.3746938705, 13.8507022858, 14.3267116547, 14.7911109924, 15.2555103302, 15.7199087143, 16.1843090057, 16.6603164673, 17.1363258362, 17.600725174, 18.0767345428, 18.5527439117, 19.0171432495, 19.4931507111, 19.96916008, 20.4451694489, 20.9095687866, 21.3855781555, 21.8615875244, 22.3375968933, 22.825214386, 23.3012237549, 23.7772331238, 24.2532424927, 24.7292518616, 25.2052612305, 25.681268692, 26.1572780609, 26.6332874298, 27.1092967987, 27.5853061676, 28.0613155365, 28.537322998, 29.0133323669, 29.4777317047, 29.9537410736, 30.4181404114, 30.8941497803, 31.3701572418, 31.8577766418, 32.3337860107, 32.8097953796, 33.2741928101, 33.7618141174, 34.2378234863, 34.7138328552, 35.2014503479, 35.6774597168, 36.1534690857, 36.6294784546, 37.1054878235, 37.5931053162, 38.0575065613, 38.5219039917, 38.9863014221, 39.4507026672, 39.9151000977, 40.3911094666, 40.8671188354, 41.3547401428, 41.8191375732, 42.2835350037, 42.7479362488, 43.2355537415, 43.6999549866, 44.164352417, 44.6171417236, 45.0815429688, 45.5459403992, 45.9987297058, 46.4631271362, 46.9159164429, 47.3687057495, 47.8331069946, 48.2858963013, 48.7502937317, 49.1914749146, 49.6442604065, 50.0970497131, 50.5498390198, 51.0026283264, 51.4554176331, 51.9082069397, 52.3609962463, 52.8021774292, 53.2549667358, 53.7077522278, 54.1605415344, 54.6017227173, 55.0545120239, 55.5073013306, 55.9600906372, 56.4012680054, 56.854057312, 57.2952384949, 57.7480278015, 58.2008171082, 58.6536026001, 59.1063919067, 59.5591812134, 60.0003623962, 60.4531517029, 60.9059410095, 61.3471183777, 61.7882995605, 62.252696991, 62.7170982361, 63.169883728, 63.6226730347, 64.0754623413, 64.5282516479, 64.9694290161, 65.4222183228, 65.8750076294, 66.327796936, 66.7805862427, 67.2449874878, 67.6977767944, 68.1505661011, 68.6149673462, 69.0793609619, 69.5321502686, 69.9849395752, 70.4493408203, 70.8905181885, 71.3549194336, 71.8193206787, 72.2721099854, 72.724899292, 73.1660766602, 73.6072540283, 74.060043335, 74.5128326416, 74.9656219482, 75.4184112549, 75.8712005615, 76.3239898682, 76.7883911133, 77.252784729, 77.7055740356, 78.1583633423, 78.6227645874, 79.075553894, 79.5283432007, 79.9695205688, 80.410697937, 80.8518829346, 81.2930603027, 81.7342376709, 82.1870269775, 82.6398162842, 83.0809936523, 83.5221786499, 83.9749679565, 84.4277572632, 84.8805389404, 85.3333282471, 85.7861175537, 86.2389068604, 86.6800918579, 87.1212692261, 87.5624465942, 88.0036239624, 88.44480896, 88.8859863281, 89.3503875732, 89.814781189, 90.2907943726, 90.7667999268, 91.2428131104, 91.7188186646, 92.1832199097, 92.6592254639, 93.1352386475, 93.6112442017, 94.0872573853, 94.5632629395, 95.039276123, 95.5036697388, 95.9680709839, 96.432472229, 96.9084777832, 97.3844909668, 97.8488845825, 98.3248977661, 98.8009033203, 99.2653045654, 99.7297058105, 100.194099426, 100.67011261, 101.146118164, 101.622131348, 102.098136902, 102.562538147, 103.038543701, 103.514556885, 103.990562439, 104.478187561, 104.965805054, 105.453422546, 105.929428101, 106.405441284, 106.881446838, 107.357460022, 107.833465576, 108.30947876, 108.785484314, 109.261497498, 109.725891113, 110.201904297, 110.666305542, 111.153923035, 111.61831665, 112.082717896, 112.558731079, 113.034736633, 113.510749817, 113.986755371, 114.451156616, 114.92716217, 115.403175354, 115.86756897, 116.320358276, 116.784759521, 117.237548828, 117.701950073, 118.166343689, 118.630744934, 119.095146179, 119.559547424, 120.012336731, 120.476730347, 120.941131592, 121.393920898, 121.858322144, 122.334327698, 122.810340881, 123.274734497, 123.739135742, 124.203536987, 124.667930603, 125.143943787, 125.619949341, 126.084350586, 126.548751831, 127.013153076, 127.477546692, 127.941947937, 128.394729614, 128.847518921, 129.311920166, 129.776321411, 130.252334595, 130.728347778, 131.192733765, 131.65713501, 132.121536255, 132.5859375, 133.050338745, 133.51473999, 133.979141235, 134.44354248, 134.896316528, 135.349105835, 135.790298462, 136.254684448, 136.707473755, 137.171875, 137.624664307, 138.077453613, 138.53024292, 138.983032227, 139.435821533, 139.876998901, 140.329788208, 140.782577515, 141.223754883, 141.676544189, 142.129333496, 142.582122803, 143.034912109, 143.487701416, 143.940490723, 144.393280029, 144.846069336, 145.298858643, 145.751647949, 146.204437256, 146.657226562, 147.110015869, 147.562805176, 148.027206421, 148.491607666, 148.944396973, 149.397186279, 149.849975586, 150.302764893, 150.755554199, 151.208343506, 151.649520874, 152.102310181, 152.543487549, 152.996276855, 153.449066162, 153.901855469, 154.354644775, 154.807434082, 155.24861145, 155.689788818, 156.154190063, 156.618591309, 157.082992554, 157.53578186, 157.988571167, 158.441360474, 158.89414978, 159.358551025, 159.811340332, 160.264129639, 160.693695068, 161.134872437, 161.576049805, 162.028839111, 162.470016479, 162.911193848, 163.352371216, 163.793563843, 164.246353149, 164.699142456, 165.140319824, 165.581497192, 166.034286499, 166.487075806, 166.939865112, 167.392654419, 167.833831787, 168.275009155, 168.727798462, 169.180587769, 169.621765137, 170.086166382, 170.538955688, 170.991744995, 171.444534302, 171.88571167, 172.338500977, 172.791290283, 173.24407959, 173.685256958, 174.126434326, 174.567611694, 175.008789062, 175.461578369, 175.914367676, 176.355545044, 176.808334351, 177.261123657, 177.713912964, 178.166702271, 178.631103516, 179.095504761, 179.536682129, 179.989471436, 180.442260742, 180.88343811, 181.324615479, 181.777404785, 182.230194092, 182.671386719, 183.112564087, 183.553741455, 183.994918823, 184.44770813, 184.888885498, 185.341674805, 185.794464111, 186.247253418, 186.700042725, 187.152832031, 187.605621338, 188.058410645, 188.511199951, 188.963989258, 189.405166626, 189.846343994, 190.287521362, 190.72869873, 191.181488037, 191.634277344, 192.075454712, 192.516647339, 192.969436646, 193.399002075, 193.828567505, 194.258132935, 194.699310303, 195.140487671, 195.581680298, 196.022857666, 196.475646973, 196.916824341, 197.369613647, 197.822402954, 198.275192261, 198.716369629, 199.169158936, 199.621948242, 200.06312561, 200.515914917, 200.968704224, 201.409881592, 201.85105896, 202.292236328, 202.745025635, 203.197814941, 203.63899231, 204.080184937, 204.509750366, 204.927703857, 205.357269287, 205.798446655, 206.239639282, 206.68081665, 207.145217896, 207.609603882, 208.074005127, 208.538406372, 208.991195679, 209.443984985, 209.896774292, 210.349563599, 210.802352905, 211.255142212, 211.707931519, 212.160720825, 212.613510132, 213.066299438, 213.507476807, 213.960266113, 214.41305542, 214.865844727, 215.307022095, 215.736587524, 216.189376831, 216.642166138, 217.083358765, 217.524536133, 217.954101562, 218.395278931, 218.813232422, 219.24281311, 219.683990479, 220.125167847, 220.566345215, 221.007522583, 221.448699951, 221.889877319, 222.342666626, 222.795455933, 223.236633301, 223.677825928, 224.130615234, 224.571792603, 225.024581909, 225.465759277, 225.906936646, 226.348114014, 226.80090332, 227.253692627, 227.694869995, 228.136047363, 228.577224731, 229.0184021, 229.459594727, 229.912384033, 230.36517334, 230.806350708, 231.259140015, 231.711929321, 232.164718628, 232.617507935, 233.081893921, 233.534683228, 233.987472534, 234.428665161, 234.869842529, 235.311019897, 235.763809204, 236.216598511, 236.611328125, 237.006072998, 237.400817871, 237.795547485, 238.190292358, 238.596633911, 239.002990723, 239.420944214, 239.827301025, 240.233642578, 240.663208008, 241.139221191, 241.592010498, 242.044799805, 242.50920105, 242.961990356, 243.426391602, 243.890792847, 244.355194092, 244.831192017, 245.283981323, 245.748382568, 246.201171875, 246.653961182, 247.106750488, 247.571151733, 248.02394104, 248.476730347, 248.941131592, 249.405532837, 249.765441895, 250.14855957, 250.508468628, 250.868392944, 251.228302002, 251.58821106, 251.948120117, 252.308029175, 252.656326294, 253.004623413, 253.364532471, 253.736053467, 254.072738647, 254.421035767, 254.769332886, 255.117630005, 255.465942383, 255.814239502, 256.174133301, 256.545654297, 256.917175293, 257.3699646, 257.811157227, 258.263946533, 258.71673584, 259.169525146, 259.622314453, 260.063476562, 260.516265869, 260.957458496, 261.410247803, 261.851409912, 262.304199219, 262.756988525, 263.221405029, 263.662567139, 264.103759766, 264.544952393, 264.986114502, 265.427307129, 265.856872559, 266.298034668, 266.727600098, 267.157196045, 267.598358154, 268.039550781, 268.469116211, 268.898681641, 269.32824707, 269.769439697, 270.199005127, 270.628570557, 271.058135986, 271.487701416, 271.917266846, 272.346832275, 272.788024902, 273.229187012, 273.658782959, 274.088348389, 274.517913818, 274.947479248, 275.377044678, 275.818237305, 276.247802734, 276.677368164, 277.106933594, 277.548126221, 277.98928833, 278.430480957, 278.871643066, 279.312835693, 279.753997803, 280.183563232, 280.61315918, 281.054321289, 281.495513916, 281.936676025, 282.377868652, 282.807434082, 283.248626709, 283.689788818, 284.119354248, 284.560546875, 285.001708984, 285.442901611, 285.884063721, 286.313659668, 286.743225098, 287.184387207, 287.625579834, 288.055145264, 288.496307373, 288.9375, 289.378692627, 289.831481934, 290.28427124, 290.737060547, 291.189849854, 291.596191406, 292.002532959, 292.408874512, 292.815246582, 293.221588135, 293.639526367, 294.057495117, 294.475463867, 294.893432617, 295.29977417, 295.706115723, 296.100860596, 296.507202148, 296.913543701, 297.319915771, 297.737854004, 298.144226074, 298.550567627, 298.933685303, 299.316833496, 299.699951172, 300.083068848, 300.419769287, 300.756469727, 301.093139648, 301.429840088, 301.76651001, 302.103210449, 302.451507568, 302.799804688, 303.148101807, 303.496398926],
    "bpm_histogram": [0, 0, 0, 0, 0, 0, 0, 0, 0, 0, 0, 0, 0, 0, 0, 0, 0, 0, 0, 0, 0, 0, 0, 0, 0, 0, 0, 0, 0, 0, 0, 0, 0, 0, 0, 0, 0, 0, 0, 0, 0, 0, 0, 0, 0, 0, 0, 0, 0, 0, 0, 0, 0, 0, 0, 0, 0, 0, 0, 0, 0, 0, 0, 0, 0, 0, 0, 0, 0, 0, 0, 0, 0, 0, 0, 0, 0, 0, 0, 0, 0, 0, 0, 0, 0, 0, 0, 0, 0, 0, 0, 0, 0, 0, 0, 0, 0, 0, 0, 0, 0, 0, 0, 0, 0, 0, 0, 0, 0, 0, 0, 0, 0, 0, 0, 0.00147928996012, 0, 0, 0, 0, 0, 0, 0, 0.0207100585103, 0, 0, 0.147928997874, 0, 0, 0.164201185107, 0, 0, 0, 0.306213021278, 0, 0, 0.208579882979, 0, 0, 0, 0.0547337271273, 0, 0, 0, 0.0118343196809, 0, 0, 0, 0.0236686393619, 0, 0, 0, 0.0088757397607, 0, 0, 0, 0, 0.00739644980058, 0, 0, 0, 0.00443786988035, 0, 0, 0, 0, 0, 0.0133136091754, 0, 0, 0, 0, 0.0162721890956, 0, 0, 0, 0, 0, 0.0103550292552, 0, 0, 0, 0, 0, 0, 0, 0, 0, 0, 0, 0, 0, 0, 0, 0, 0, 0, 0, 0, 0, 0, 0, 0, 0, 0, 0, 0, 0, 0, 0, 0, 0, 0, 0, 0, 0, 0, 0, 0, 0, 0, 0, 0, 0, 0, 0, 0, 0, 0, 0, 0, 0, 0, 0, 0, 0, 0, 0, 0, 0, 0, 0, 0, 0, 0, 0, 0, 0, 0, 0]
},
"tonal": {
    "chords_changes_rate": 0.0302336234599,
    "chords_number_rate": 0.00122156052385,
    "chords_strength": {
        "mean": 0.553705513477
    },
    "hpcp_crest": {
        "mean": 15.9874181747
    },
    "hpcp_entropy": {
        "mean": 1.70388972759
    },
    "key_edma": {
        "strength": 0.859488248825,
        "key": "F#",
        "scale": "major"
    },
    "key_krumhansl": {
        "strength": 0.856094956398,
        "key": "F#",
        "scale": "major"
    },
    "key_temperley": {
        "strength": 0.849243581295,
        "key": "F#",
        "scale": "major"
    },
    "tuning_diatonic_strength": 0.639565229416,
    "tuning_equal_tempered_deviation": 0.0233557093889,
    "tuning_frequency": 439.745910645,
    "tuning_nontempered_energy_ratio": 0.639822721481,
    "hpcp": {
        "mean": [0.0307009462267, 0.0301277004182, 0.121478311718, 0.218928217888, 0.132596731186, 0.0358703918755, 0.0337056294084, 0.0343782193959, 0.0702169761062, 0.0931309908628, 0.0773275122046, 0.225350484252, 0.366822600365, 0.2014144063, 0.0398630350828, 0.0306519269943, 0.0415858179331, 0.132996752858, 0.18902182579, 0.10540625453, 0.0419256575406, 0.0381581708789, 0.0453559421003, 0.132531747222, 0.170897245407, 0.0967996716499, 0.15511007607, 0.268936753273, 0.182497799397, 0.0653721764684, 0.0516171120107, 0.0491367913783, 0.12934884429, 0.208403497934, 0.128019690514, 0.0404982864857]
    },
    "chords_histogram": [25.3626499176, 12.7347688675, 35.4863319397, 3.9853413105, 0.702397286892, 0, 1.74072372913, 0, 0.824553370476, 0, 0, 0.0763475373387, 1.67964577675, 0, 0, 0, 0, 2.32096505165, 0, 0.671858310699, 0, 0.106886550784, 0.687127828598, 13.6204004288],
    "thpcp": [1, 0.549078524113, 0.108671151102, 0.0835606306791, 0.113367654383, 0.362564235926, 0.515294909477, 0.287349402905, 0.114294096828, 0.104023501277, 0.123645439744, 0.361296564341, 0.465885281563, 0.263886868954, 0.422847658396, 0.733152091503, 0.497509688139, 0.178211972117, 0.140714094043, 0.133952468634, 0.352619618177, 0.568131566048, 0.348996192217, 0.110402919352, 0.0836942568421, 0.0821315273643, 0.331163644791, 0.59682315588, 0.361473709345, 0.0977867543697, 0.0918853655457, 0.0937189236283, 0.191419437528, 0.253885626793, 0.210803568363, 0.614330947399],
    "chords_key": "C#",
    "chords_scale": "major"
}
}