{
"metadata": {
    "version": {
        "essentia": "2.1-beta6-dev",
        "essentia_git_sha": "v2.1_beta5-1177-g1d1cc983",
        "extractor": "music 2.0"
    },
    "audio_properties": {
        "analysis": {
            "equal_loudness": 0,
            "length": 247.946670532,
            "sample_rate": 44100,
            "start_time": 0,
            "downmix": "mix"
        },
        "bit_rate": 1411200,
        "length": 247.946670532,
        "lossless": 1,
        "number_channels": 2,
        "replay_gain": -8.85864257812,
        "sample_rate": 44100,
        "codec": "pcm_s16le",
        "md5_encoded": "b532158079e7dcd10cdc1df95ccabb57"
    },
    "tags": {
        "file_name": "02 - Manchester Orchestra - Choose You.wav",
        "album": ["HOPE"],
        "albumartist": ["Manchester Orchestra"],
        "artist": ["Manchester Orchestra"],
        "composer": ["Andy Hull"],
        "copyright": ["℗ 2014 Seven Four Entertainment LLC. Manufactured and Distributed by Concord Music Group, Inc."],
        "date": ["2014"],
        "discnumber": ["1"],
        "disctotal": ["1"],
        "genre": ["Rock"],
        "isrc": ["USC4R1400106"],
        "title": ["Choose You"],
        "tracknumber": ["2"],
        "tracktotal": ["11"]
    }
},
"lowlevel": {
    "average_loudness": 0.248789682984,
    "barkbands_crest": {
        "mean": 10.8160085678
    },
    "barkbands_flatness_db": {
        "mean": 0.22635871172
    },
    "barkbands_kurtosis": {
        "mean": 12.6652946472
    },
    "barkbands_skewness": {
        "mean": 1.74419498444
    },
    "barkbands_spread": {
        "mean": 9.26817417145
    },
    "dissonance": {
        "mean": 0.43146058917
    },
    "dynamic_complexity": 6.06041526794,
    "erbbands_crest": {
        "mean": 10.9702062607
    },
    "erbbands_flatness_db": {
        "mean": 0.234092503786
    },
    "erbbands_kurtosis": {
        "mean": 1.93488645554
    },
    "erbbands_skewness": {
        "mean": 0.789577484131
    },
    "erbbands_spread": {
        "mean": 23.341047287
    },
    "hfc": {
        "mean": 9.70620250702
    },
    "loudness_ebu128": {
        "integrated": -15.414185524,
        "loudness_range": 9.80423164368,
        "momentary": {
            "mean": -18.9792804718
        },
        "short_term": {
            "mean": -17.6885032654
        }
    },
    "melbands_crest": {
        "mean": 13.7434368134
    },
    "melbands_flatness_db": {
        "mean": 0.331000506878
    },
    "melbands_kurtosis": {
        "mean": 15.5129261017
    },
    "melbands_skewness": {
        "mean": 2.37632393837
    },
    "melbands_spread": {
        "mean": 10.862695694
    },
    "pitch_salience": {
        "mean": 0.577218413353
    },
    "silence_rate_20dB": {
        "mean": 1
    },
    "silence_rate_30dB": {
        "mean": 0.995318353176
    },
    "silence_rate_60dB": {
        "mean": 0.197191014886
    },
    "spectral_centroid": {
        "mean": 604.609924316
    },
    "spectral_complexity": {
        "mean": 10.1158237457
    },
    "spectral_decrease": {
        "mean": -4.64589478e-09
    },
    "spectral_energy": {
        "mean": 0.0184150524437
    },
    "spectral_energyband_high": {
        "mean": 0.000128667481476
    },
    "spectral_energyband_low": {
        "mean": 0.0027411498595
    },
    "spectral_energyband_middle_high": {
        "mean": 0.00289868284017
    },
    "spectral_energyband_middle_low": {
        "mean": 0.0133927864954
    },
    "spectral_entropy": {
        "mean": 6.51202249527
    },
    "spectral_flux": {
        "mean": 0.0510166995227
    },
    "spectral_kurtosis": {
        "mean": 22.6685180664
    },
    "spectral_rms": {
        "mean": 0.00363373570144
    },
    "spectral_rolloff": {
        "mean": 849.10760498
    },
    "spectral_skewness": {
        "mean": 3.27839708328
    },
    "spectral_spread": {
        "mean": 2755333.25
    },
    "spectral_strongpeak": {
        "mean": 0.83549028635
    },
    "zerocrossingrate": {
        "mean": 0.03220365569
    },
    "barkbands": {
        "mean": [6.14918972133e-05, 0.000688887317665, 0.00127794966102, 0.00216664257459, 0.00490868743509, 0.00161859230138, 0.00158127956092, 0.00154619792011, 0.00150549924001, 0.000517659704201, 0.000750600825995, 0.00080269848695, 0.000210320140468, 0.000155470697791, 0.000121485463751, 9.72247871687e-05, 0.000113834030344, 8.65594411152e-05, 4.61614654341e-05, 4.04247839469e-05, 2.04372790904e-05, 2.31271205848e-05, 1.2432145013e-05, 3.10868999804e-05, 2.19648118218e-05, 7.57403859097e-06, 7.50115646042e-07]
    },
    "erbbands": {
        "mean": [0.00567790167406, 0.214297160506, 1.31729435921, 4.29109811783, 12.3535404205, 17.315448761, 16.3305644989, 13.4453897476, 13.6758031845, 35.2585334778, 41.2863311768, 26.5299015045, 17.7975635529, 31.4328708649, 20.9374332428, 28.0600337982, 15.0412778854, 8.85356330872, 6.95168590546, 5.09110116959, 5.53764247894, 7.24696922302, 5.34607744217, 2.73049354553, 2.77596092224, 1.48286581039, 0.787366747856, 0.956326365471, 0.899818778038, 0.372613012791, 0.403426468372, 0.526950895786, 0.569628059864, 0.322408258915, 0.115740716457, 0.0395434610546, 0.0133166238666, 0.00212199380621, 0.000122825411381, 2.59714634012e-05]
    },
    "gfcc": {
        "mean": [-126.894554138, 160.415267944, -100.511856079, -2.67091488838, -40.1448631287, -9.61763381958, -36.8475151062, -1.29797661304, -29.3560333252, -11.3445959091, -14.2362165451, -7.51085329056, -13.7664871216],
        "cov": [[17402.2617188, -1320.46789551, -2202.66674805, -223.473587036, -1953.3581543, 381.319000244, -830.706237793, 520.732666016, -560.342346191, 113.32888031, -331.781036377, 315.078704834, -523.570129395], [-1320.46789551, 2245.61547852, -409.739715576, -447.323242188, 685.761535645, -377.23059082, 227.02305603, -169.03503418, 108.808563232, -120.821250916, 124.244384766, -179.067565918, 122.588676453], [-2202.66674805, -409.739715576, 1058.18811035, 188.439880371, -28.7492485046, 167.931869507, -20.8700008392, -61.9530677795, 61.3365058899, 73.478843689, -49.7511940002, -5.39440584183, 53.9827346802], [-223.473587036, -447.323242188, 188.439880371, 561.416442871, 58.5441741943, -41.11277771, -45.9213485718, 29.674446106, -40.0318870544, 5.88560581207, -6.42964744568, -29.9097881317, 32.4700241089], [-1953.3581543, 685.761535645, -28.7492485046, 58.5441741943, 640.468322754, -153.627868652, 100.81262207, -63.3085670471, 63.1681175232, -84.5678939819, 67.6685638428, -97.7518768311, 107.880371094], [381.319000244, -377.23059082, 167.931869507, -41.11277771, -153.627868652, 292.356506348, -14.356502533, 21.907497406, 22.5237216949, 16.793756485, -53.766708374, 57.5810241699, -37.7810745239], [-830.706237793, 227.02305603, -20.8700008392, -45.9213485718, 100.81262207, -14.356502533, 270.138305664, -43.8448982239, -3.32973957062, -8.00726127625, 42.1026992798, -15.0760822296, -0.859813213348], [520.732666016, -169.03503418, -61.9530677795, 29.674446106, -63.3085670471, 21.907497406, -43.8448982239, 172.520385742, 16.7142677307, -6.92123556137, -2.57489824295, 7.33723449707, -19.8192481995], [-560.342346191, 108.808563232, 61.3365058899, -40.0318870544, 63.1681175232, 22.5237216949, -3.32973957062, 16.7142677307, 160.172225952, 8.05298614502, 2.47457885742, -16.7569389343, 16.5837955475], [113.32888031, -120.821250916, 73.478843689, 5.88560581207, -84.5678939819, 16.793756485, -8.00726127625, -6.92123556137, 8.05298614502, 104.777824402, 2.17869377136, -0.0515412278473, -10.524969101], [-331.781036377, 124.244384766, -49.7511940002, -6.42964744568, 67.6685638428, -53.766708374, 42.1026992798, -2.57489824295, 2.47457885742, 2.17869377136, 87.8816452026, -3.01493096352, 9.35211086273], [315.078704834, -179.067565918, -5.39440584183, -29.9097881317, -97.7518768311, 57.5810241699, -15.0760822296, 7.33723449707, -16.7569389343, -0.0515412278473, -3.01493096352, 97.5507049561, -13.5826625824], [-523.570129395, 122.588676453, 53.9827346802, 32.4700241089, 107.880371094, -37.7810745239, -0.859813213348, -19.8192481995, 16.5837955475, -10.524969101, 9.35211086273, -13.5826625824, 99.259765625]],
        "icov": [[0.000364482461009, -0.00044748140499, 0.000810832774732, -0.000503772636876, 0.000925973348785, -0.000806551135611, 0.000865554262418, -0.000532810925506, 0.000904073764104, -0.000580768159125, 0.000723514531273, -0.000288159411866, 0.000466518307803], [-0.00044748140499, 0.00201499811374, -0.00080760527635, 0.00187561812345, -0.00197049439885, 0.0020606238395, -0.00145616475493, 0.00135318166576, -0.00160125538241, 0.00136479339562, -0.00115781696513, 0.00169545272365, -0.00108639313839], [0.000810832774732, -0.00080760527635, 0.00318121118471, -0.001477770973, 0.00200537173077, -0.00255426438525, 0.00186305167153, -0.000478857458802, 0.0014885837445, -0.00195715134032, 0.00186735379975, -0.0002060780389, 0.000136046364787], [-0.000503772636876, 0.00187561812345, -0.001477770973, 0.00396603439003, -0.00229671946727, 0.00241754669696, -0.00119586766232, 0.000554238271434, -0.000699116673786, 0.00116657104809, -0.00106351962313, 0.00190928333905, -0.00134875089861], [0.000925973348785, -0.00197049439885, 0.00200537173077, -0.00229671946727, 0.00598951941356, -0.00217788200825, 0.00176103156991, -0.000898572790902, 0.00140781595837, 0.000522608112078, 0.000473254855024, 0.000589673581999, -0.000667953398079], [-0.000806551135611, 0.0020606238395, -0.00255426438525, 0.00241754669696, -0.00217788200825, 0.00804780703038, -0.00273972772993, 0.00104902172461, -0.003288064152, 0.00194985698909, 0.000730350264348, -0.000993318622932, -3.36249977408e-05], [0.000865554262418, -0.00145616475493, 0.00186305167153, -0.00119586766232, 0.00176103156991, -0.00273972772993, 0.00663312943652, -0.000550031429157, 0.00270018028095, -0.00151948723942, -0.000209263191209, -0.000539668253623, 0.00206641107798], [-0.000532810925506, 0.00135318166576, -0.000478857458802, 0.000554238271434, -0.000898572790902, 0.00104902172461, -0.000550031429157, 0.00811820011586, -0.00301011977717, 0.00229537300766, -0.00221385690384, 0.00151422922499, -0.000248338852543], [0.000904073764104, -0.00160125538241, 0.0014885837445, -0.000699116673786, 0.00140781595837, -0.003288064152, 0.00270018028095, -0.00301011977717, 0.0100667141378, -0.00290329847485, 0.00170728866942, -0.000126830709632, 0.000638268946204], [-0.000580768159125, 0.00136479339562, -0.00195715134032, 0.00116657104809, 0.000522608112078, 0.00194985698909, -0.00151948723942, 0.00229537300766, -0.00290329847485, 0.0134169552475, -0.00362552911974, 0.00288026616909, -0.000803385628387], [0.000723514531273, -0.00115781696513, 0.00186735379975, -0.00106351962313, 0.000473254855024, 0.000730350264348, -0.000209263191209, -0.00221385690384, 0.00170728866942, -0.00362552911974, 0.0166396610439, -0.00353824603371, 0.00117679510731], [-0.000288159411866, 0.00169545272365, -0.0002060780389, 0.00190928333905, 0.000589673581999, -0.000993318622932, -0.000539668253623, 0.00151422922499, -0.000126830709632, 0.00288026616909, -0.00353824603371, 0.0154292304069, -0.00207639625296], [0.000466518307803, -0.00108639313839, 0.000136046364787, -0.00134875089861, -0.000667953398079, -3.36249977408e-05, 0.00206641107798, -0.000248338852543, 0.000638268946204, -0.000803385628387, 0.00117679510731, -0.00207639625296, 0.0143389301375]]
    },
    "melbands": {
        "mean": [0.000118435731565, 0.000570564996451, 0.00102271931246, 0.00104331714101, 0.000636191747617, 0.000293234916171, 0.000242301583057, 0.00037675537169, 0.000352535047568, 0.000161330070114, 8.57823470142e-05, 0.000123186357087, 8.34314269014e-05, 6.49141729809e-05, 7.42295087548e-05, 2.0617077098e-05, 1.52716620505e-05, 1.08661943159e-05, 8.67054859555e-06, 6.82991503709e-06, 5.68475843465e-06, 8.3039076344e-06, 5.12304495714e-06, 3.64325296687e-06, 2.06986692319e-06, 1.82167127605e-06, 2.07731773116e-06, 7.34743309749e-07, 4.96002485306e-07, 4.39425406284e-07, 6.07456001944e-07, 5.62511615954e-07, 3.43110912127e-07, 1.55504196186e-07, 2.28228728361e-07, 2.58264719832e-07, 3.46830290709e-07, 4.07957656989e-07, 3.61787130032e-07, 2.4179354341e-07]
    },
    "melbands128": {
        "mean": [1.71200808836e-05, 1.34326282932e-05, 9.47392472881e-05, 0.00043494059355, 0.000630165275652, 0.000629733898677, 0.000720151234418, 0.00127184903249, 0.00134861527476, 0.000882217485923, 0.00105771119706, 0.0007927941042, 0.000582010310609, 0.000343744031852, 0.000313033786369, 0.000266206363449, 0.00016260657867, 0.00018403273134, 0.000388014886994, 0.000475184118841, 0.0003147883981, 0.000294686789857, 0.000411859567976, 0.000383170176065, 9.16661374504e-05, 0.000132897199364, 0.000128463128931, 5.01191752846e-05, 9.51986730797e-05, 6.85704653733e-05, 0.000184252217878, 0.000134533358505, 7.58210371714e-05, 2.98233371723e-05, 8.1645368482e-05, 5.06498618051e-05, 7.16227805242e-05, 0.000137223425554, 1.76584599103e-05, 2.26459524129e-05, 2.24621508096e-05, 1.45237099787e-05, 2.03120980586e-05, 1.06895013232e-05, 1.19553260447e-05, 1.1722853742e-05, 8.6178743004e-06, 1.21729526654e-05, 6.42509257887e-06, 3.93394202547e-06, 7.32027501726e-06, 9.7328593256e-06, 6.16551187704e-06, 3.46418823938e-06, 5.16683030582e-06, 1.33906787596e-05, 5.80329333388e-06, 3.34810260938e-06, 5.83389510211e-06, 6.88657428327e-06, 2.46300351137e-06, 2.55535792348e-06, 2.24032214646e-06, 1.88157821412e-06, 1.81857444659e-06, 1.76882838332e-06, 1.29464228849e-06, 3.47843547388e-06, 1.86576801298e-06, 9.85004476206e-07, 6.95566598097e-07, 6.61571220917e-07, 5.57878479412e-07, 4.71858299989e-07, 4.0440559701e-07, 4.18589110041e-07, 4.46683145583e-07, 5.28457576365e-07, 6.48582158647e-07, 6.81143319525e-07, 5.93305969687e-07, 5.17247883636e-07, 4.47778319312e-07, 3.72474175947e-07, 2.33644414038e-07, 7.93412624489e-08, 1.52052422209e-07, 2.40096852622e-07, 2.30440420523e-07, 2.26723614105e-07, 2.2299306579e-07, 2.73199390222e-07, 3.02645872807e-07, 3.48939977357e-07, 3.61320473985e-07, 4.13685683043e-07, 4.02881909167e-07, 4.35439034163e-07, 3.71418025225e-07, 3.21720364127e-07, 3.02990173395e-07, 2.34675979982e-07, 1.65821532505e-07, 1.37970801006e-07, 1.36071520274e-07, 1.08969352652e-07, 8.82075426034e-08, 7.0703805477e-08, 6.38626858063e-08, 5.75855025886e-08, 5.45476588343e-08, 4.99133037124e-08, 4.31834052961e-08, 3.32517515744e-08, 2.58147956345e-08, 2.06843076e-08, 1.29962280937e-08, 8.32462365707e-09, 4.07834654936e-09, 2.07642769645e-09, 1.72237091256e-09, 1.28482779971e-09, 9.0217588955e-10, 7.75643216322e-10, 7.31050220359e-10, 6.82773115823e-10, 4.4783507458e-10, 2.4698634804e-10]
    },
    "mfcc": {
        "mean": [-781.051147461, 206.116714478, -2.59981584549, 16.0198478699, 8.26984596252, -7.77004718781, 0.904760718346, 1.53875422478, -9.08470821381, -6.1354970932, -3.13868331909, -7.89689159393, -4.76184654236],
        "cov": [[14689.5488281, -1405.60852051, -699.776855469, -876.330566406, -909.542907715, -553.629150391, -509.831634521, 132.663375854, -335.150848389, -348.147125244, 212.589889526, -55.1559906006, -72.4557342529], [-1405.60852051, 2561.71948242, -712.489440918, -72.4130935669, 161.913116455, -51.5510597229, 65.5112915039, -62.0699081421, -37.0402183533, 80.670249939, -54.9961776733, -47.7762794495, 45.7144393921], [-699.776855469, -712.489440918, 991.365783691, -43.1244163513, -64.8607635498, 158.499359131, -41.5259132385, -52.1620521545, 87.1192016602, -22.3127174377, 32.4191246033, 33.4628982544, -40.3322105408], [-876.330566406, -72.4130935669, -43.1244163513, 540.070373535, 186.48651123, -28.1151714325, 112.328788757, -70.5723495483, 1.87391376495, 35.9846305847, -80.6679992676, -5.85715198517, -3.7679708004], [-909.542907715, 161.913116455, -64.8607635498, 186.48651123, 408.522796631, 2.52597355843, 9.09849739075, -6.5059928894, 42.5695800781, 70.3082809448, -71.1289749146, -19.6005935669, -35.4973297119], [-553.629150391, -51.5510597229, 158.499359131, -28.1151714325, 2.52597355843, 242.799819946, 30.3476772308, -10.4445581436, 38.4895401001, -4.75901937485, -6.14478778839, 10.8497047424, -17.4202804565], [-509.831634521, 65.5112915039, -41.5259132385, 112.328788757, 9.09849739075, 30.3476772308, 192.196258545, 7.60221004486, -7.34515237808, 10.1502637863, -33.3641395569, 1.6870251894, 18.2851829529], [132.663375854, -62.0699081421, -52.1620521545, -70.5723495483, -6.5059928894, -10.4445581436, 7.60221004486, 184.475402832, 3.70388555527, -10.8195447922, 39.0045585632, -9.96087646484, 14.1521577835], [-335.150848389, -37.0402183533, 87.1192016602, 1.87391376495, 42.5695800781, 38.4895401001, -7.34515237808, 3.70388555527, 114.638755798, 41.8279418945, -10.4060974121, 13.4734382629, -8.88312149048], [-348.147125244, 80.670249939, -22.3127174377, 35.9846305847, 70.3082809448, -4.75901937485, 10.1502637863, -10.8195447922, 41.8279418945, 116.429252625, 2.83168292046, -0.0748927667737, 2.30069589615], [212.589889526, -54.9961776733, 32.4191246033, -80.6679992676, -71.1289749146, -6.14478778839, -33.3641395569, 39.0045585632, -10.4060974121, 2.83168292046, 119.385452271, 16.7983169556, 13.5089092255], [-55.1559906006, -47.7762794495, 33.4628982544, -5.85715198517, -19.6005935669, 10.8497047424, 1.6870251894, -9.96087646484, 13.4734382629, -0.0748927667737, 16.7983169556, 78.4554443359, 12.5058631897], [-72.4557342529, 45.7144393921, -40.3322105408, -3.7679708004, -35.4973297119, -17.4202804565, 18.2851829529, 14.1521577835, -8.88312149048, 2.30069589615, 13.5089092255, 12.5058631897, 78.9761657715]],
        "icov": [[0.000124864978716, 9.86552186077e-05, 0.000155505273142, 0.000133673354867, 0.000186152450624, 0.000192828854779, 0.000190009086509, 3.81197969546e-05, 0.000117467978271, 0.000129299529362, 7.33728529667e-06, 5.57392850169e-05, 0.000217987297219], [9.86552186077e-05, 0.000636910379399, 0.00052586349193, 0.00042271282291, -0.000129173029563, 6.50820293231e-05, -9.94251822704e-05, 0.000482026196551, 6.78448195686e-05, -6.31826114841e-05, -1.82187395694e-05, 0.000299670500681, -0.000131363645778], [0.000155505273142, 0.00052586349193, 0.00178410182707, 0.00028529719566, 0.000254242739175, -0.00049801444402, 0.000280072068563, 0.000777844223194, -0.000892047537491, 0.000551698729396, -0.00054065376753, 0.000101092584373, 0.000523264636286], [0.000133673354867, 0.00042271282291, 0.00028529719566, 0.00317155360244, -0.00118077651132, 0.000800970068667, -0.0016009057872, 0.00131976383273, 0.000274231337244, 8.10962737887e-05, 0.000499117362779, 0.000128285435494, -0.000122125842609], [0.000186152450624, -0.000129173029563, 0.000254242739175, -0.00118077651132, 0.00423898966983, 5.46083174413e-06, 0.00134566042107, -0.00107230280992, -0.000208119570743, -0.0017213387182, 0.00179699447472, 0.000109940017865, 0.00180810014717], [0.000192828854779, 6.50820293231e-05, -0.00049801444402, 0.000800970068667, 5.46083174413e-06, 0.00546018406749, -0.00118308025412, 0.000393913127482, -0.00121060328092, 0.000960196892265, -4.83907315356e-05, -0.000204540818231, 0.00120981922373], [0.000190009086509, -9.94251822704e-05, 0.000280072068563, -0.0016009057872, 0.00134566042107, -0.00118308025412, 0.00747776404023, -0.00151764880866, 0.00130010524299, -0.00096883601509, 0.00210147793405, -0.000547885545529, -0.000915203301702], [3.81197969546e-05, 0.000482026196551, 0.000777844223194, 0.00131976383273, -0.00107230280992, 0.000393913127482, -0.00151764880866, 0.00724747031927, -0.00157201790716, 0.00164899195079, -0.00287409941666, 0.00178653700277, -0.00114239158574], [0.000117467978271, 6.78448195686e-05, -0.000892047537491, 0.000274231337244, -0.000208119570743, -0.00121060328092, 0.00130010524299, -0.00157201790716, 0.0126810632646, -0.00476602651179, 0.00240934919566, -0.00240992428735, 0.00078081706306], [0.000129299529362, -6.31826114841e-05, 0.000551698729396, 8.10962737887e-05, -0.0017213387182, 0.000960196892265, -0.00096883601509, 0.00164899195079, -0.00476602651179, 0.0122149847448, -0.00290943495929, 0.00106397154741, -0.000754994631279], [7.33728529667e-06, -1.82187395694e-05, -0.00054065376753, 0.000499117362779, 0.00179699447472, -4.83907315356e-05, 0.00210147793405, -0.00287409941666, 0.00240934919566, -0.00290943495929, 0.012159503065, -0.00259743304923, -0.000722350785509], [5.57392850169e-05, 0.000299670500681, 0.000101092584373, 0.000128285435494, 0.000109940017865, -0.000204540818231, -0.000547885545529, 0.00178653700277, -0.00240992428735, 0.00106397154741, -0.00259743304923, 0.0145855024457, -0.00242094625719], [0.000217987297219, -0.000131363645778, 0.000523264636286, -0.000122125842609, 0.00180810014717, 0.00120981922373, -0.000915203301702, -0.00114239158574, 0.00078081706306, -0.000754994631279, -0.000722350785509, -0.00242094625719, 0.0153123578057]]
    },
    "spectral_contrast_coeffs": {
        "mean": [-0.665836155415, -0.739966332912, -0.747810959816, -0.791938722134, -0.772204518318, -0.817574381828]
    },
    "spectral_contrast_valleys": {
        "mean": [-7.07192850113, -7.19903564453, -8.17437362671, -8.91288375854, -9.65056705475, -12.4705696106]
    }
},
"rhythm": {
    "beats_count": 520,
    "beats_loudness": {
        "mean": 0.0224333070219
    },
    "bpm": 123.163597107,
    "bpm_histogram_first_peak_bpm": 123,
    "bpm_histogram_first_peak_weight": 0.464114785194,
    "bpm_histogram_second_peak_bpm": 129,
    "bpm_histogram_second_peak_spread": 0.217391371727,
    "bpm_histogram_second_peak_weight": 0.0346820801497,
    "danceability": 0.900434970856,
    "onset_rate": 2.03657031059,
    "beats_loudness_band_ratio": {
        "mean": [0.39632242918, 0.336755782366, 0.185601130128, 0.104293599725, 0.0233793519437, 0.0139492889866]
    },
    "beats_position": [0.49922901392, 1.03328800201, 1.57895684242, 2.12462592125, 2.67029476166, 3.19274377823, 3.7151927948, 4.22603178024, 4.73687076569, 5.23609972, 5.73532867432, 6.2229475975, 6.71056699753, 7.19818592072, 7.69741487503, 8.19664382935, 8.68426322937, 9.17188167572, 9.65950107574, 10.1471195221, 10.6463489532, 11.1455783844, 11.6331968307, 12.1208162308, 12.6200447083, 13.1076641083, 13.5952835083, 14.0829019547, 14.5589113235, 15.0465307236, 15.5341491699, 16.0217685699, 16.5209980011, 17.0202255249, 17.5078449249, 17.9838542938, 18.4714736938, 18.9590930939, 19.4467124939, 19.9343299866, 20.4219493866, 20.8979587555, 21.3855781555, 21.8731975555, 22.3608150482, 22.8484344482, 23.3360538483, 23.8236732483, 24.3112926483, 24.7989120483, 25.286529541, 25.774148941, 26.2617683411, 26.7609977722, 27.2486171722, 27.747844696, 28.2354640961, 28.7230834961, 29.2107028961, 29.6983222961, 30.1859397888, 30.6735591888, 31.1611785889, 31.6487979889, 32.1364173889, 32.6240348816, 33.1232643127, 33.6108856201, 34.0985031128, 34.5861206055, 35.0737419128, 35.5613594055, 36.0373687744, 36.5249862671, 37.0126075745, 37.4886169434, 37.9646263123, 38.4406356812, 38.91664505, 39.3926506042, 39.8570518494, 40.3330612183, 40.8206787109, 41.3083000183, 41.795917511, 42.2835350037, 42.7827644348, 43.281993866, 43.7696151733, 44.257232666, 44.7448501587, 45.2324714661, 45.7200889587, 46.2077102661, 46.6953277588, 47.1713371277, 47.6589546204, 48.1465759277, 48.6225852966, 49.0985946655, 49.5746040344, 50.0622215271, 50.5498390198, 51.0374603271, 51.513469696, 51.9894790649, 52.4770965576, 52.9531059265, 53.4291152954, 53.9051246643, 54.3811340332, 54.8571434021, 55.333152771, 55.8207702637, 56.2967796326, 56.7843971252, 57.2836265564, 57.7712478638, 58.247253418, 58.7232627869, 59.2108840942, 59.6868934631, 60.162902832, 60.6389122009, 61.1381378174, 61.6373672485, 62.1249885559, 62.6126060486, 63.1118354797, 63.5994529724, 64.0754623413, 64.5514755249, 65.0274810791, 65.5150985718, 66.0027160645, 66.4903411865, 66.9663467407, 67.4423599243, 67.9183654785, 68.3943786621, 68.8587722778, 69.3347854614, 69.7991790771, 70.2868041992, 70.7744216919, 71.2620391846, 71.7612686157, 72.2604980469, 72.759727478, 73.2589569092, 73.7581863403, 74.2574157715, 74.7450332642, 75.2326507568, 75.7202682495, 76.2078933716, 76.6955108643, 77.1831283569, 77.6591339111, 78.1467590332, 78.6459884644, 79.133605957, 79.6212234497, 80.1088409424, 80.5500183105, 81.0028076172, 81.4555969238, 81.9780502319, 82.5237197876, 83.0693893433, 83.5686187744, 84.0562362671, 84.5438537598, 85.0314712524, 85.5190887451, 86.0183181763, 86.5175476074, 87.0051651001, 87.4927902222, 87.9804077148, 88.4680252075, 88.9556427002, 89.4548721313, 89.9541015625, 90.4417190552, 90.9293441772, 91.4169616699, 91.9045791626, 92.3921966553, 92.8798141479, 93.36743927, 93.8666687012, 94.3542861938, 94.853515625, 95.3411331177, 95.8287506104, 96.316368103, 96.8039855957, 97.2916107178, 97.767616272, 98.2552337646, 98.7428588867, 99.2304763794, 99.7064819336, 100.194099426, 100.67011261, 101.146118164, 101.610519409, 102.086524963, 102.562538147, 103.038543701, 103.526168823, 104.002174377, 104.48979187, 104.977409363, 105.465034485, 105.952651978, 106.44026947, 106.939498901, 107.438728333, 107.926345825, 108.413963318, 108.90158844, 109.389205933, 109.876823425, 110.364440918, 110.852058411, 111.328071594, 111.815689087, 112.291702271, 112.767707825, 113.243713379, 113.719726562, 114.195732117, 114.683357239, 115.159362793, 115.623764038, 116.088157654, 116.564170837, 117.05178833, 117.539405823, 118.015419006, 118.503036499, 118.990653992, 119.478271484, 119.954284668, 120.441902161, 120.929519653, 121.405532837, 121.881538391, 122.369155884, 122.845169067, 123.33278656, 123.832015991, 124.319633484, 124.807250977, 125.294876099, 125.782493591, 126.270111084, 126.757728577, 127.245346069, 127.732971191, 128.220581055, 128.696594238, 129.172607422, 129.660217285, 130.147842407, 130.635467529, 131.111465454, 131.587478638, 132.051879883, 132.551101685, 133.050338745, 133.549560547, 134.048797607, 134.536407471, 135.024032593, 135.511657715, 135.999267578, 136.475280762, 136.962905884, 137.438903809, 137.926528931, 138.414154053, 138.901763916, 139.389389038, 139.876998901, 140.364624023, 140.863845825, 141.363082886, 141.862304688, 142.373153687, 142.849151611, 143.325164795, 143.801177979, 144.265579224, 144.741577148, 145.217590332, 145.705215454, 146.181228638, 146.668838501, 147.156463623, 147.644073486, 148.12008667, 148.584487915, 149.04888916, 149.524902344, 150.000900269, 150.372421265, 150.732330322, 151.09223938, 151.452148438, 151.812057495, 152.171966553, 152.53187561, 152.891784668, 153.228485107, 153.576782227, 153.913467407, 154.250152588, 154.586837769, 154.923538208, 155.260223389, 155.608520508, 155.945205688, 156.270294189, 156.595367432, 156.932067871, 157.268753052, 157.617050171, 157.96534729, 158.313644409, 158.661941528, 158.998641968, 159.474639893, 159.939041138, 160.403442383, 160.891067505, 161.378677368, 161.86630249, 162.37713623, 162.876373291, 163.375595093, 163.851608276, 164.339233398, 164.826843262, 165.326080322, 165.813690186, 166.312927246, 166.788925171, 167.276550293, 167.764175415, 168.263397217, 168.751022339, 169.250244141, 169.737869263, 170.225479126, 170.70149231, 171.177505493, 171.665115356, 172.152740479, 172.65196228, 173.139587402, 173.638824463, 174.126434326, 174.614059448, 175.101669312, 175.589294434, 176.088516235, 176.587753296, 177.052154541, 177.516555786, 177.980941772, 178.456954956, 178.921356201, 179.385757446, 179.86177063, 180.337768555, 180.813781738, 181.313018799, 181.812240601, 182.311477661, 182.810699463, 183.298324585, 183.797546387, 184.296783447, 184.796005249, 185.29524231, 185.852508545, 186.409790039, 186.955459595, 187.477905273, 187.988754272, 188.511199951, 189.022033691, 189.54447937, 190.066940308, 190.577774048, 191.07699585, 191.57623291, 192.052246094, 192.539855957, 193.027481079, 193.503494263, 193.979492188, 194.455505371, 194.954742432, 195.442352295, 195.929977417, 196.41758728, 196.905212402, 197.404434204, 197.903671265, 198.402893066, 198.890518188, 199.378143311, 199.865753174, 200.341766357, 200.817779541, 201.293777466, 201.781402588, 202.28062439, 202.77986145, 203.279083252, 203.755096436, 204.231109619, 204.707122803, 205.183120728, 205.659133911, 206.123535156, 206.59954834, 207.075546265, 207.551559448, 208.027572632, 208.526794434, 209.026031494, 209.525253296, 210.024490356, 210.535324097, 211.034561157, 211.533782959, 212.021408081, 212.509017944, 213.008255005, 213.495864868, 213.98348999, 214.471099854, 214.970336914, 215.469558716, 215.817871094, 216.166168213, 216.502853394, 216.851150513, 217.199447632, 217.547744751, 217.896057129, 218.244354248, 218.581039429, 218.917724609, 219.24281311, 219.579498291, 219.916183472, 220.241271973, 220.566345215, 220.891418457, 221.216506958, 221.669296265, 222.122085571, 222.574874878, 223.050872803, 223.526885986, 224.00289917, 224.51373291, 225.012969971, 225.512191772, 225.999816895, 226.487426758, 226.97505188, 227.462677002, 227.950286865, 228.437911987, 228.925521851, 229.413146973, 229.900772095, 230.388381958, 230.87600708, 231.363616943, 231.851242065, 232.338867188, 232.826477051, 233.314102173, 233.790115356, 234.27772522, 234.753738403, 235.252960205, 235.752197266, 236.239807129, 236.727432251, 237.215057373, 237.702667236, 238.190292358, 238.677902222, 239.177139282, 239.61831665, 240.059494019, 240.489059448, 240.918640137, 241.348205566, 241.789382935, 242.288604736, 242.787841797, 243.287063599, 243.786300659, 244.285522461, 244.784759521, 245.283981323, 245.783218384, 246.294052124, 246.804885864, 247.315734863],
    "bpm_histogram": [0, 0, 0, 0, 0, 0, 0, 0, 0, 0, 0, 0, 0, 0, 0, 0, 0, 0, 0, 0, 0, 0, 0, 0, 0, 0, 0, 0, 0, 0, 0, 0, 0, 0, 0, 0, 0, 0, 0, 0, 0, 0, 0, 0, 0, 0, 0, 0, 0, 0, 0, 0, 0, 0, 0, 0, 0, 0, 0, 0, 0, 0, 0, 0, 0, 0, 0, 0, 0, 0, 0, 0, 0, 0, 0, 0, 0, 0, 0, 0, 0, 0, 0, 0, 0, 0, 0, 0, 0, 0, 0, 0, 0, 0, 0, 0, 0, 0, 0, 0, 0, 0, 0, 0, 0, 0, 0, 0, 0.00385356461629, 0, 0.0115606933832, 0, 0.00192678230815, 0, 0, 0.0134874759242, 0, 0.0231213867664, 0, 0, 0.175337180495, 0, 0, 0.431599229574, 0, 0, 0.198458567262, 0, 0, 0.0346820801497, 0, 0, 0, 0.00963391177356, 0, 0, 0.00770712923259, 0, 0, 0, 0.00578034669161, 0, 0, 0, 0, 0, 0, 0, 0, 0, 0, 0, 0, 0, 0, 0, 0, 0, 0, 0, 0, 0.00192678230815, 0, 0, 0, 0, 0, 0.0134874759242, 0, 0, 0, 0, 0.0250481702387, 0, 0, 0, 0, 0, 0.028901733458, 0, 0, 0, 0, 0, 0, 0.0134874759242, 0, 0, 0, 0, 0, 0, 0, 0, 0, 0, 0, 0, 0, 0, 0, 0, 0, 0, 0, 0, 0, 0, 0, 0, 0, 0, 0, 0, 0, 0, 0, 0, 0, 0, 0, 0, 0, 0, 0, 0, 0, 0, 0, 0, 0, 0, 0, 0, 0, 0, 0, 0, 0, 0, 0, 0, 0, 0, 0, 0, 0, 0, 0, 0]
},
"tonal": {
    "chords_changes_rate": 0.0400674045086,
    "chords_number_rate": 0.00149784679525,
    "chords_strength": {
        "mean": 0.560083627701
    },
    "hpcp_crest": {
        "mean": 15.14955616
    },
    "hpcp_entropy": {
        "mean": 1.75337934494
    },
    "key_edma": {
        "strength": 0.788251161575,
        "key": "B",
        "scale": "major"
    },
    "key_krumhansl": {
        "strength": 0.773456931114,
        "key": "B",
        "scale": "major"
    },
    "key_temperley": {
        "strength": 0.786613345146,
        "key": "F#",
        "scale": "major"
    },
    "tuning_diatonic_strength": 0.655633211136,
    "tuning_equal_tempered_deviation": 0.030171405524,
    "tuning_frequency": 440.254241943,
    "tuning_nontempered_energy_ratio": 0.674078166485,
    "hpcp": {
        "mean": [0.0260517671704, 0.0429527387023, 0.179777681828, 0.315612405539, 0.207704812288, 0.145358234644, 0.207505479455, 0.114779561758, 0.02566861175, 0.0248418878764, 0.0325653068721, 0.165825650096, 0.278261095285, 0.151296615601, 0.0298639498651, 0.0222935285419, 0.045415468514, 0.212910071015, 0.25850725174, 0.101024545729, 0.0339456871152, 0.0227091088891, 0.0276038944721, 0.097673393786, 0.143468543887, 0.115573614836, 0.24298222363, 0.341077685356, 0.194384247065, 0.0694070532918, 0.0389252863824, 0.0369607135653, 0.10819105804, 0.133881345391, 0.0676003471017, 0.0342433713377]
    },
    "chords_histogram": [34.001121521, 8.50028038025, 9.6985578537, 0, 0.936154305935, 0.149784684181, 3.20164752007, 0.617861807346, 3.9692940712, 0.0187230855227, 0.131061598659, 0, 0, 0, 0.318292468786, 0.505523324013, 0, 0.449354052544, 0, 0, 0, 1.51656997204, 17.7307624817, 18.2550086975],
    "thpcp": [1, 0.569911956787, 0.203493386507, 0.114124402404, 0.108364500105, 0.317203551531, 0.39252448082, 0.198196336627, 0.100397571921, 0.0763807445765, 0.125932425261, 0.527087211609, 0.925338745117, 0.608966290951, 0.426173388958, 0.608381867409, 0.336520284414, 0.0752573758364, 0.0728335157037, 0.0954776853323, 0.486181467772, 0.815829098225, 0.443584024906, 0.0875576213002, 0.0653620287776, 0.133152857423, 0.624227523804, 0.75791311264, 0.296192198992, 0.0995247960091, 0.0665804594755, 0.0809314027429, 0.286366999149, 0.420633047819, 0.338848352432, 0.71239554882],
    "chords_key": "F#",
    "chords_scale": "major"
}
}