{
"metadata": {
    "version": {
        "essentia": "2.1-beta6-dev",
        "essentia_git_sha": "v2.1_beta5-1177-g1d1cc983",
        "extractor": "music 2.0"
    },
    "audio_properties": {
        "analysis": {
            "equal_loudness": 0,
            "length": 275.559997559,
            "sample_rate": 44100,
            "start_time": 0,
            "downmix": "mix"
        },
        "bit_rate": 1411200,
        "length": 275.559997559,
        "lossless": 1,
        "number_channels": 2,
        "replay_gain": -12.6288490295,
        "sample_rate": 44100,
        "codec": "pcm_s16le",
        "md5_encoded": "5068712bf51ac3e02e4f54c4ef16272f"
    },
    "tags": {
        "file_name": "13 - Manchester Orchestra - After The Scripture.wav",
        "album": ["Cope (Deluxe Version)"],
        "albumartist": ["Manchester Orchestra"],
        "artist": ["Manchester Orchestra"],
        "composer": ["Manchester Orchestra"],
        "copyright": ["℗ 2013 Seven Four Entertainment and Republic Records"],
        "date": ["2012"],
        "discnumber": ["1"],
        "disctotal": ["1"],
        "genre": ["Alternative & Indie"],
        "isrc": ["USUG11301023"],
        "title": ["After The Scripture"],
        "tracknumber": ["13"],
        "tracktotal": ["13"]
    }
},
"lowlevel": {
    "average_loudness": 0.496011823416,
    "barkbands_crest": {
        "mean": 11.6873521805
    },
    "barkbands_flatness_db": {
        "mean": 0.260312497616
    },
    "barkbands_kurtosis": {
        "mean": 11.3347511292
    },
    "barkbands_skewness": {
        "mean": 1.74221992493
    },
    "barkbands_spread": {
        "mean": 11.3228206635
    },
    "dissonance": {
        "mean": 0.424890011549
    },
    "dynamic_complexity": 9.15542793274,
    "erbbands_crest": {
        "mean": 11.4698724747
    },
    "erbbands_flatness_db": {
        "mean": 0.246410042048
    },
    "erbbands_kurtosis": {
        "mean": 4.44472122192
    },
    "erbbands_skewness": {
        "mean": 0.798434019089
    },
    "erbbands_spread": {
        "mean": 23.5116462708
    },
    "hfc": {
        "mean": 9.55864810944
    },
    "loudness_ebu128": {
        "integrated": -12.5027666092,
        "loudness_range": 11.552441597,
        "momentary": {
            "mean": -19.8826255798
        },
        "short_term": {
            "mean": -15.7862520218
        }
    },
    "melbands_crest": {
        "mean": 15.6048517227
    },
    "melbands_flatness_db": {
        "mean": 0.347654372454
    },
    "melbands_kurtosis": {
        "mean": 17.6244029999
    },
    "melbands_skewness": {
        "mean": 2.39322280884
    },
    "melbands_spread": {
        "mean": 17.12358284
    },
    "pitch_salience": {
        "mean": 0.539689481258
    },
    "silence_rate_20dB": {
        "mean": 1
    },
    "silence_rate_30dB": {
        "mean": 1
    },
    "silence_rate_60dB": {
        "mean": 0.440980702639
    },
    "spectral_centroid": {
        "mean": 953.637023926
    },
    "spectral_complexity": {
        "mean": 7.49532413483
    },
    "spectral_decrease": {
        "mean": -2.70633582211e-09
    },
    "spectral_energy": {
        "mean": 0.0110812969506
    },
    "spectral_energyband_high": {
        "mean": 7.74820582592e-05
    },
    "spectral_energyband_low": {
        "mean": 0.00253247935325
    },
    "spectral_energyband_middle_high": {
        "mean": 0.00406295899302
    },
    "spectral_energyband_middle_low": {
        "mean": 0.00483011268079
    },
    "spectral_entropy": {
        "mean": 6.45962381363
    },
    "spectral_flux": {
        "mean": 0.0338175967336
    },
    "spectral_kurtosis": {
        "mean": 19.5100784302
    },
    "spectral_rms": {
        "mean": 0.00260987645015
    },
    "spectral_rolloff": {
        "mean": 1127.47241211
    },
    "spectral_skewness": {
        "mean": 2.75181484222
    },
    "spectral_spread": {
        "mean": 2739424.5
    },
    "spectral_strongpeak": {
        "mean": 0.907818973064
    },
    "zerocrossingrate": {
        "mean": 0.0374254472554
    },
    "barkbands": {
        "mean": [7.77997320256e-06, 0.000811679055914, 0.00131194433197, 0.000662213540636, 0.00168880668934, 0.00129280949477, 0.00027239965857, 0.000301687396131, 0.000573897676077, 0.000410976295825, 0.000622348918114, 0.00048574374523, 0.00039129939978, 0.00035304875928, 0.000310347415507, 0.000358685385436, 0.000424845318776, 0.000459977396531, 0.000231173151406, 4.60948249383e-05, 2.46615181823e-05, 2.14314095501e-05, 8.2722363004e-06, 7.16506383469e-06, 1.61216939887e-06, 3.87027228044e-07, 2.57847965202e-08]
    },
    "erbbands": {
        "mean": [0.00887454953045, 0.245371997356, 1.27592241764, 2.19003725052, 2.30209612846, 5.87485599518, 11.2869739532, 11.3875246048, 4.73378658295, 5.05316066742, 9.26382255554, 12.0315761566, 11.2146425247, 22.7995491028, 19.1957817078, 16.9130382538, 17.0487728119, 18.5002098083, 18.435956955, 15.1317386627, 21.6755867004, 27.6519241333, 27.9214420319, 16.7462615967, 8.22001934052, 2.05548858643, 1.04511082172, 0.987433195114, 0.87299901247, 0.388214439154, 0.22169816494, 0.172587364912, 0.0999941602349, 0.0291075427085, 0.00647520693019, 0.00253393198363, 0.000572671997361, 5.32410340384e-05, 1.06963498183e-05, 1.35468199005e-05]
    },
    "gfcc": {
        "mean": [-206.3724823, 156.373016357, -104.091804504, 30.8604221344, -34.3788604736, -16.0607128143, -27.5683555603, -1.06582212448, -16.7504501343, -15.3326435089, -12.3533430099, -3.23310399055, -8.30033111572],
        "cov": [[25148.8261719, -30.4417152405, -7015.71875, -136.3644104, -823.574584961, 36.4785995483, -722.264160156, 69.0062179565, -56.9505691528, -882.851013184, 144.411911011, 19.8006687164, -50.9518470764], [-30.4417152405, 3428.86865234, 786.272399902, -804.986694336, 539.264587402, -689.743103027, 377.067749023, -422.719360352, 184.945571899, 11.142282486, 49.8628578186, -173.302825928, 146.112747192], [-7015.71875, 786.272399902, 3092.16552734, 254.939498901, 180.920608521, -181.604797363, 258.097290039, -129.306243896, -23.7178649902, 329.283660889, -95.9638748169, -74.8303070068, 57.4467887878], [-136.3644104, -804.986694336, 254.939498901, 754.260864258, -147.464889526, -56.9911384583, -106.062576294, 81.3268203735, -61.5634689331, 78.9481811523, -45.7805595398, 13.5045423508, -1.21262037754], [-823.574584961, 539.264587402, 180.920608521, -147.464889526, 393.215545654, -54.7844772339, 53.3270187378, -63.9615936279, 56.6985282898, 14.1246471405, 11.2789134979, -14.5767745972, 27.447555542], [36.4785995483, -689.743103027, -181.604797363, -56.9911384583, -54.7844772339, 505.038116455, 10.304397583, 91.2920761108, -21.3355731964, -23.3828315735, -8.44009780884, 49.0313148499, -72.2043075562], [-722.264160156, 377.067749023, 258.097290039, -106.062576294, 53.3270187378, 10.304397583, 250.807235718, -28.3239803314, 38.6210517883, 39.9642410278, 7.02869081497, -16.6010112762, 8.46626853943], [69.0062179565, -422.719360352, -129.306243896, 81.3268203735, -63.9615936279, 91.2920761108, -28.3239803314, 222.253158569, 17.2932605743, -7.78524780273, 4.91568756104, 20.5925693512, -39.8684082031], [-56.9505691528, 184.945571899, -23.7178649902, -61.5634689331, 56.6985282898, -21.3355731964, 38.6210517883, 17.2932605743, 133.472976685, 34.6293182373, -0.00601199362427, -9.6242647171, 12.9579277039], [-882.851013184, 11.142282486, 329.283660889, 78.9481811523, 14.1246471405, -23.3828315735, 39.9642410278, -7.78524780273, 34.6293182373, 145.918060303, -5.6853761673, -3.55991625786, 14.0311002731], [144.411911011, 49.8628578186, -95.9638748169, -45.7805595398, 11.2789134979, -8.44009780884, 7.02869081497, 4.91568756104, -0.00601199362427, -5.6853761673, 86.8649291992, 22.9617557526, -6.96203947067], [19.8006687164, -173.302825928, -74.8303070068, 13.5045423508, -14.5767745972, 49.0313148499, -16.6010112762, 20.5925693512, -9.6242647171, -3.55991625786, 22.9617557526, 80.1697921753, 11.2560520172], [-50.9518470764, 146.112747192, 57.4467887878, -1.21262037754, 27.447555542, -72.2043075562, 8.46626853943, -39.8684082031, 12.9579277039, 14.0311002731, -6.96203947067, 11.2560520172, 80.9406814575]],
        "icov": [[0.000282085209619, -0.000661091529764, 0.000735738431104, -0.000698632095009, 0.0006582448259, -0.000646855565719, 0.000556382176001, -0.000190808714251, 0.000318288803101, 9.2008325737e-05, 0.000164153811056, 3.98230940846e-06, -0.000167460064404], [-0.000661091529764, 0.00293209450319, -0.00197496195324, 0.00270971329883, -0.00221640476957, 0.00302493665367, -0.00235621654429, 0.00154050462879, -0.00161230820231, 0.000557960011065, -0.000908651971258, 0.00114066782407, 0.00011308183457], [0.000735738431104, -0.00197496195324, 0.0024996327702, -0.00211681495421, 0.00158843596, -0.00184119772166, 0.0011839880608, -0.000638776225969, 0.00158414826728, -0.00100015243515, 0.00102338846773, -3.04145451082e-05, -0.000385063380236], [-0.000698632095009, 0.00270971329883, -0.00211681495421, 0.00449914345518, -0.00168414064683, 0.00318216788583, -0.00147970567923, 0.000525569659658, -0.000537359330337, -0.000866468646564, 0.000104535130959, 0.000435052148532, 0.000246650888585], [0.0006582448259, -0.00221640476957, 0.00158843596, -0.00168414064683, 0.00502617936581, -0.00217204354703, 0.00183711771388, -0.000382164842449, -0.00012233707821, 0.000212425671634, 0.00011882736726, -0.000406146136811, -0.000710180553142], [-0.000646855565719, 0.00302493665367, -0.00184119772166, 0.00318216788583, -0.00217204354703, 0.00596777442843, -0.00289724953473, 0.000935899384785, -0.00114915834274, 0.0003120781912, 0.000545955554117, -0.00109203858301, 0.00263961567543], [0.000556382176001, -0.00235621654429, 0.0011839880608, -0.00147970567923, 0.00183711771388, -0.00289724953473, 0.00706078857183, -0.000952883507125, 0.000170468571014, -0.000944790430367, -0.000202325798455, 5.17925363965e-05, -0.000562380999327], [-0.000190808714251, 0.00154050462879, -0.000638776225969, 0.000525569659658, -0.000382164842449, 0.000935899384785, -0.000952883507125, 0.00705340970308, -0.00296513270587, 0.00114594376646, -0.000818718399387, -0.000359604891855, 0.00235426099971], [0.000318288803101, -0.00161230820231, 0.00158414826728, -0.000537359330337, -0.00012233707821, -0.00114915834274, 0.000170468571014, -0.00296513270587, 0.0113435359672, -0.00409044278786, 0.00140565552283, 0.000475882348837, -0.00153569236863], [9.2008325737e-05, 0.000557960011065, -0.00100015243515, -0.000866468646564, 0.000212425671634, 0.0003120781912, -0.000944790430367, 0.00114594376646, -0.00409044278786, 0.0114493891597, -0.00142127228901, 0.0003011393419, -0.000876840436831], [0.000164153811056, -0.000908651971258, 0.00102338846773, 0.000104535130959, 0.00011882736726, 0.000545955554117, -0.000202325798455, -0.000818718399387, 0.00140565552283, -0.00142127228901, 0.0147338677198, -0.00577113730833, 0.0031746996101], [3.98230940846e-06, 0.00114066782407, -3.04145451082e-05, 0.000435052148532, -0.000406146136811, -0.00109203858301, 5.17925363965e-05, -0.000359604891855, 0.000475882348837, 0.0003011393419, -0.00577113730833, 0.018126739189, -0.00619308045134], [-0.000167460064404, 0.00011308183457, -0.000385063380236, 0.000246650888585, -0.000710180553142, 0.00263961567543, -0.000562380999327, 0.00235426099971, -0.00153569236863, -0.000876840436831, 0.0031746996101, -0.00619308045134, 0.0176683142781]]
    },
    "melbands": {
        "mean": [0.000157392802066, 0.000562571862247, 0.000373599963496, 0.000268330390099, 0.000391934270738, 0.000240615307121, 7.36094734748e-05, 5.83009859838e-05, 8.03261427791e-05, 7.73223437136e-05, 5.79735788051e-05, 9.25533022382e-05, 6.89970620442e-05, 5.82179854973e-05, 3.48533321812e-05, 4.48136925115e-05, 3.19949613186e-05, 3.01426607621e-05, 2.23997540161e-05, 2.08840301639e-05, 2.4193102945e-05, 2.89222807623e-05, 2.39919609157e-05, 2.1367583031e-05, 1.311912456e-05, 7.52795085646e-06, 3.12361112265e-06, 9.07579533305e-07, 6.44981355435e-07, 5.75296724037e-07, 5.59765851449e-07, 5.30952149802e-07, 3.34821720571e-07, 1.76012022735e-07, 1.2884129319e-07, 1.08149031064e-07, 1.05281252161e-07, 7.82704105973e-08, 4.38976535122e-08, 1.71705476504e-08]
    },
    "melbands128": {
        "mean": [4.10501388615e-06, 1.58709699463e-05, 0.000202879062272, 0.000458897528006, 0.000610268616583, 0.000661849393509, 0.000474669825053, 0.000288532290142, 0.000208401703276, 0.000208659563214, 0.000335127406288, 0.000472335756058, 0.000442621065304, 0.000229851866607, 0.000285138288746, 0.000251736259088, 6.88612053636e-05, 4.18297240685e-05, 7.328895299e-05, 4.6894649131e-05, 5.4346415709e-05, 8.35948958411e-05, 7.37387526897e-05, 0.000105281505967, 5.56057566428e-05, 0.000102174155472, 4.0305472794e-05, 2.85731930489e-05, 0.00010534680041, 6.12458461546e-05, 0.000105604165583, 0.000127123421407, 3.49194888258e-05, 5.75441590627e-05, 7.9591452959e-05, 5.49714131921e-05, 2.37902659137e-05, 5.5230128055e-05, 1.81072991836e-05, 3.12313677568e-05, 6.42426894046e-05, 4.23190613219e-05, 2.6949623134e-05, 2.7261863579e-05, 3.64510888176e-05, 2.99300081679e-05, 2.67268369498e-05, 2.2495723897e-05, 2.1279687644e-05, 1.5992556655e-05, 1.95530137717e-05, 2.47553580266e-05, 3.56227901648e-05, 1.68570168171e-05, 1.51348613144e-05, 3.81769496016e-05, 3.50862683263e-05, 1.33036173793e-05, 2.10176785913e-05, 4.27181039413e-05, 1.41601076393e-05, 1.36736989589e-05, 2.02236096811e-05, 9.48811339185e-06, 8.22679157864e-06, 9.0689291028e-06, 6.22087009106e-06, 3.98866404794e-06, 2.80196559288e-06, 1.13489352316e-06, 9.30428029733e-07, 7.47291437619e-07, 6.39076120024e-07, 6.76746765294e-07, 5.76911588723e-07, 5.43676890175e-07, 5.67612119085e-07, 6.45675470423e-07, 5.23534083641e-07, 5.41889335182e-07, 5.18719957654e-07, 5.50208085315e-07, 4.96472694067e-07, 3.1878218465e-07, 1.94619346416e-07, 1.84299935313e-07, 1.78127677941e-07, 1.41496485639e-07, 1.27729904875e-07, 1.17824932033e-07, 1.08384860198e-07, 1.05003380213e-07, 1.0618172297e-07, 1.13128827195e-07, 9.88209265529e-08, 9.14941225005e-08, 7.51225144313e-08, 5.77934144985e-08, 4.79079851345e-08, 3.54840885564e-08, 2.41516175947e-08, 1.39374174424e-08, 8.5668885319e-09, 7.03629421395e-09, 6.68008937055e-09, 5.80738879208e-09, 5.38630873237e-09, 4.88371654228e-09, 4.49150538984e-09, 3.75416764342e-09, 2.94170732218e-09, 2.42043429743e-09, 1.6432020189e-09, 8.63683624619e-10, 4.60219612419e-10, 3.43612860387e-10, 2.62985772048e-10, 2.32671965028e-10, 1.80285980589e-10, 1.21900226024e-10, 8.56656343085e-11, 6.49413647857e-11, 5.67474227331e-11, 5.14857705081e-11, 4.62087625108e-11, 4.0121333339e-11, 3.56967649884e-11, 3.00652107377e-11]
    },
    "mfcc": {
        "mean": [-850.803710938, 184.500793457, -3.07847595215, 46.5968284607, 11.9762563705, -3.03392314911, -3.17913794518, 9.8066072464, -2.89447307587, -5.51470565796, -2.60224604607, -6.23060846329, -3.32292866707],
        "cov": [[21467.5410156, -1556.20117188, -5635.56005859, -784.542480469, -693.91595459, -207.254928589, -919.458129883, 867.875305176, -736.524353027, -286.682922363, -69.3291702271, -290.84185791, -523.065185547], [-1556.20117188, 4328.42919922, 325.797943115, 95.5187683105, -66.8184967041, -66.3835754395, 56.7767066956, -354.675964355, 125.044708252, 48.0192909241, -50.5723266602, -71.0049209595, 218.365188599], [-5635.56005859, 325.797943115, 2306.03613281, 483.19241333, 112.621292114, 76.1438827515, 272.007995605, -308.367248535, 223.187561035, 72.1788330078, -18.8124370575, 88.9099502563, 147.58631897], [-784.542480469, 95.5187683105, 483.19241333, 758.377746582, 14.5573997498, -111.880172729, -6.25413227081, -214.570968628, 71.9193115234, -5.3762755394, -38.2397689819, 10.458325386, 63.6681404114], [-693.91595459, -66.8184967041, 112.621292114, 14.5573997498, 321.997650146, 16.8508167267, 9.78690433502, 15.8542547226, 9.32678413391, 1.80829536915, 13.4049797058, 1.24813497066, -24.0322246552], [-207.254928589, -66.3835754395, 76.1438827515, -111.880172729, 16.8508167267, 260.956604004, 56.2932739258, 4.93774223328, 23.3601913452, 10.1451416016, 5.14218568802, 16.0436000824, -14.4256868362], [-919.458129883, 56.7767066956, 272.007995605, -6.25413227081, 9.78690433502, 56.2932739258, 181.828262329, 12.29388237, 22.0518894196, 7.1684923172, 10.8888587952, 26.9464683533, 25.575876236], [867.875305176, -354.675964355, -308.367248535, -214.570968628, 15.8542547226, 4.93774223328, 12.29388237, 251.758529663, -48.9249343872, -7.19120359421, 35.1462554932, 1.73592162132, -43.9753684998], [-736.524353027, 125.044708252, 223.187561035, 71.9193115234, 9.32678413391, 23.3601913452, 22.0518894196, -48.9249343872, 157.032272339, 52.9003982544, -2.10141468048, 22.6977806091, 37.9686203003], [-286.682922363, 48.0192909241, 72.1788330078, -5.3762755394, 1.80829536915, 10.1451416016, 7.1684923172, -7.19120359421, 52.9003982544, 112.646972656, 31.1189174652, 5.83493423462, 22.1379947662], [-69.3291702271, -50.5723266602, -18.8124370575, -38.2397689819, 13.4049797058, 5.14218568802, 10.8888587952, 35.1462554932, -2.10141468048, 31.1189174652, 88.22681427, 32.2817573547, -1.42947137356], [-290.84185791, -71.0049209595, 88.9099502563, 10.458325386, 1.24813497066, 16.0436000824, 26.9464683533, 1.73592162132, 22.6977806091, 5.83493423462, 32.2817573547, 94.6666564941, 28.3015041351], [-523.065185547, 218.365188599, 147.58631897, 63.6681404114, -24.0322246552, -14.4256868362, 25.575876236, -43.9753684998, 37.9686203003, 22.1379947662, -1.42947137356, 28.3015041351, 106.071502686]],
        "icov": [[0.000188539896044, -6.60154273646e-06, 0.000361822516425, -0.000194020103663, 0.000306103262119, -0.000141526426887, 0.000380050565582, -0.000346976623405, 0.000256456580246, -3.98959891754e-05, 0.000236515465076, -5.70992706344e-05, 0.000305918423692], [-6.60154273646e-06, 0.000310203351546, 3.29609174514e-05, 0.000149998566485, -3.08244889311e-05, 0.0001150850876, -0.000198743975488, 0.000517014181241, -0.000171070714714, 9.45001083892e-05, -0.000157313494128, 0.000467480364023, -0.000621458340902], [0.000361822516425, 3.29609174514e-05, 0.00149907788727, -0.000606207817327, 0.000316031830152, -0.000305035733618, -0.000391053210478, 9.34905256145e-05, -2.33638274949e-05, -0.000206660464755, 0.00052672624588, -0.000297095946735, 0.000295486941468], [-0.000194020103663, 0.000149998566485, -0.000606207817327, 0.00232243677601, -0.000455568777397, 0.00111644575372, -0.000320762221236, 0.00189461256377, -0.000748084799852, 0.000536365143489, -0.00017252707039, 0.000143723285873, -0.000789506710134], [0.000306103262119, -3.08244889311e-05, 0.000316031830152, -0.000455568777397, 0.00382650014944, -0.000396066898247, 0.000823831127491, -0.00104760972317, 0.000222049216973, 6.77751013427e-05, -0.000152808526764, 2.29553879763e-05, 0.0014849731233], [-0.000141526426887, 0.0001150850876, -0.000305035733618, 0.00111644575372, -0.000396066898247, 0.00486770272255, -0.00173559586983, 0.00117495330051, -0.00100406946149, -0.000107526495412, 0.000136679547722, -0.000581838539802, 0.000836273364257], [0.000380050565582, -0.000198743975488, -0.000391053210478, -0.000320762221236, 0.000823831127491, -0.00173559586983, 0.00879526976496, -0.00269313831814, 0.000887473055627, 0.000372014153982, 0.0001412605925, -0.000908626825549, -0.000417690549511], [-0.000346976623405, 0.000517014181241, 9.34905256145e-05, 0.00189461256377, -0.00104760972317, 0.00117495330051, -0.00269313831814, 0.0079907476902, -0.000427140010288, 0.00033405047725, -0.00214755604975, 0.000331008603098, -0.000192137566046], [0.000256456580246, -0.000171070714714, -2.33638274949e-05, -0.000748084799852, 0.000222049216973, -0.00100406946149, 0.000887473055627, -0.000427140010288, 0.00988305173814, -0.00441393023357, 0.00242015905678, -0.00211725872941, -0.00039786339039], [-3.98959891754e-05, 9.45001083892e-05, -0.000206660464755, 0.000536365143489, 6.77751013427e-05, -0.000107526495412, 0.000372014153982, 0.00033405047725, -0.00441393023357, 0.0128577882424, -0.00571016734466, 0.00289798993617, -0.00232988689095], [0.000236515465076, -0.000157313494128, 0.00052672624588, -0.00017252707039, -0.000152808526764, 0.000136679547722, 0.0001412605925, -0.00214755604975, 0.00242015905678, -0.00571016734466, 0.0168105531484, -0.00651029776782, 0.0022094680462], [-5.70992706344e-05, 0.000467480364023, -0.000297095946735, 0.000143723285873, 2.29553879763e-05, -0.000581838539802, -0.000908626825549, 0.000331008603098, -0.00211725872941, 0.00289798993617, -0.00651029776782, 0.0152915958315, -0.00464918185025], [0.000305918423692, -0.000621458340902, 0.000295486941468, -0.000789506710134, 0.0014849731233, 0.000836273364257, -0.000417690549511, -0.000192137566046, -0.00039786339039, -0.00232988689095, 0.0022094680462, -0.00464918185025, 0.0146484561265]]
    },
    "spectral_contrast_coeffs": {
        "mean": [-0.711623609066, -0.740356326103, -0.751652657986, -0.791242957115, -0.776112377644, -0.777635157108]
    },
    "spectral_contrast_valleys": {
        "mean": [-7.74504566193, -8.47537994385, -9.54094982147, -9.87542629242, -9.94725799561, -13.3421020508]
    }
},
"rhythm": {
    "beats_count": 517,
    "beats_loudness": {
        "mean": 0.0131555302069
    },
    "bpm": 99.1450653076,
    "bpm_histogram_first_peak_bpm": 99,
    "bpm_histogram_first_peak_weight": 0.424242436886,
    "bpm_histogram_second_peak_bpm": 144,
    "bpm_histogram_second_peak_spread": 0.480769217014,
    "bpm_histogram_second_peak_weight": 0.0523255802691,
    "danceability": 0.901080429554,
    "onset_rate": 1.82164943218,
    "beats_loudness_band_ratio": {
        "mean": [0.467730104923, 0.236259996891, 0.0811778604984, 0.087383762002, 0.1074655056, 0.0439473465085]
    },
    "beats_position": [0.615328788757, 1.24226760864, 1.86920630932, 2.49614500999, 3.12308382988, 3.75002264977, 4.3653512001, 4.96907043457, 5.5727891922, 6.17650794983, 6.76861667633, 7.37233543396, 7.97605419159, 8.59138298035, 9.19510173798, 9.81043052673, 10.4141492844, 11.0294780731, 11.6448068619, 12.2601356506, 12.8754644394, 13.4907932281, 14.1061220169, 14.7214508057, 15.3367795944, 15.9521083832, 16.5674381256, 17.1827659607, 17.7980957031, 18.2160549164, 18.6340141296, 19.0635814667, 19.458322525, 19.8646717072, 20.2710208893, 20.6773700714, 21.0837192535, 21.4668483734, 21.8615875244, 22.2679367065, 22.6626758575, 23.0574150085, 23.4521541595, 23.8933334351, 24.3345127106, 24.7756919861, 25.2168693542, 25.6696586609, 26.1224479675, 26.5868473053, 27.0280265808, 27.4692058563, 27.921995163, 28.4212245941, 28.9204521179, 29.4196815491, 29.9305210114, 30.4529705048, 30.9754180908, 31.4862575531, 31.9738769531, 32.4731063843, 32.8678436279, 33.2625846863, 33.6573219299, 34.0404510498, 34.4351921082, 34.8299331665, 35.2246704102, 35.6194114685, 36.0025405884, 36.3856697083, 36.7571868896, 37.1287078857, 37.5466651917, 37.9646263123, 38.3825836182, 38.8121528625, 39.2417221069, 39.6712913513, 40.0892524719, 40.5188217163, 40.9367790222, 41.3547401428, 41.7726974487, 42.1790466309, 42.5970077515, 43.0149650574, 43.3864860535, 43.7580032349, 44.129524231, 44.5126533508, 44.8957824707, 45.2556915283, 45.6272087097, 45.9987297058, 46.3702468872, 46.7417678833, 47.1248970032, 47.508026123, 47.9027671814, 48.2858963013, 48.6806335449, 49.0637626648, 49.4468917847, 49.841632843, 50.2131500244, 50.6891593933, 51.1651687622, 51.6411781311, 52.152015686, 52.6628570557, 53.1853065491, 53.73097229, 54.2650337219, 54.7990913391, 55.4260292053, 56.0529708862, 56.6799087524, 57.3068466187, 57.9337844849, 58.5607261658, 59.1644439697, 59.7797737122, 60.3834915161, 60.9988212585, 61.6141471863, 62.2294769287, 62.8448066711, 63.4601364136, 64.0638504028, 64.6675720215, 65.2712936401, 65.8634033203, 66.4555053711, 67.0476150513, 67.6397247314, 68.2434463501, 68.8355560303, 69.4276657104, 70.0313796997, 70.6351013184, 71.2272109985, 71.8193206787, 72.423034668, 73.0151443481, 73.6072540283, 74.210975647, 74.8146896362, 75.4184112549, 76.0337371826, 76.6490707397, 77.2643966675, 77.8332901001, 78.3905639648, 78.947845459, 79.5051269531, 80.0624008179, 80.6312942505, 81.2001800537, 81.7342376709, 82.256690979, 82.7791366577, 83.3131942749, 83.8472518921, 84.3813171387, 84.9153747559, 85.4378204346, 85.9718780518, 86.5523757935, 87.1328811646, 87.7133789062, 88.2938766479, 88.8743743896, 89.4432601929, 90.023765564, 90.6158676147, 91.1034927368, 91.602722168, 92.1019515991, 92.6011810303, 93.100402832, 93.5996322632, 94.0872573853, 94.5748748779, 95.0624923706, 95.5501098633, 96.037727356, 96.5950088501, 97.1522903442, 97.6979598999, 98.2436294556, 98.7892990112, 99.3233566284, 99.8690261841, 100.41469574, 100.960357666, 101.494422913, 102.02848053, 102.562538147, 103.096595764, 103.607437134, 104.118278503, 104.640724182, 105.163169861, 105.732063293, 106.300949097, 106.858230591, 107.427116394, 107.984397888, 108.553283691, 109.133781433, 109.714286804, 110.294784546, 110.875282288, 111.444168091, 112.001449585, 112.547119141, 113.092788696, 113.638458252, 114.172515869, 114.706573486, 115.252243042, 115.797912598, 116.401634216, 116.982131958, 117.551017761, 118.143127441, 118.723625183, 119.338951111, 119.942672729, 120.546394348, 121.150108337, 121.742218018, 122.287887573, 122.82194519, 123.33278656, 123.948112488, 124.575057983, 125.178771973, 125.782493591, 126.386207581, 126.989929199, 127.593650818, 128.197372437, 128.801086426, 129.393188477, 129.973693848, 130.565795898, 131.204345703, 131.831283569, 132.469833374, 133.108383179, 133.735321045, 134.362258911, 134.977600098, 135.569702148, 136.161804199, 136.765533447, 137.369247437, 137.972961426, 138.576690674, 139.180404663, 139.760910034, 140.353012085, 140.945129395, 141.537231445, 142.129333496, 142.721450806, 143.301940918, 143.894058228, 144.497772217, 145.089889526, 145.693603516, 146.297317505, 146.901046753, 147.493148804, 148.108474731, 148.712203979, 149.327529907, 149.931243896, 150.534957886, 151.138687134, 151.742401123, 152.346115112, 152.96144104, 153.576782227, 154.180496216, 154.807434082, 155.445983887, 156.107757568, 156.757904053, 157.408065796, 158.058227539, 158.708389282, 159.335327148, 159.962265015, 160.589202881, 161.216140747, 161.819854736, 162.423583984, 163.027297974, 163.677459717, 164.316009521, 164.966171265, 165.616317749, 166.254867554, 166.88180542, 167.520355225, 168.158905029, 168.797454834, 169.436004639, 170.074554443, 170.713104248, 171.351654053, 172.001815796, 172.640365601, 173.290512085, 173.963897705, 174.660491943, 175.345489502, 175.937591553, 176.541305542, 177.14503479, 177.760360718, 178.387298584, 179.01423645, 179.641174316, 180.256500244, 180.860229492, 181.405899048, 181.951568604, 182.508834839, 182.996459961, 183.472473145, 183.948471069, 184.44770813, 184.946929932, 185.457778931, 185.980224609, 186.502670288, 187.025115967, 187.50112915, 187.988754272, 188.453155518, 188.905944824, 189.358734131, 189.811508179, 190.275909424, 190.72869873, 191.193099976, 191.645889282, 192.098678589, 192.539855957, 192.981033325, 193.399002075, 193.816955566, 194.234924316, 194.652877808, 195.070831299, 195.488800049, 195.90675354, 196.324707031, 196.742675781, 197.160629272, 197.578598022, 198.008163452, 198.437728882, 198.867294312, 199.378143311, 199.888977051, 200.388198853, 200.899047852, 201.409881592, 201.909118652, 202.408340454, 202.895965576, 203.383575439, 203.929244995, 204.463302612, 205.008972168, 205.554641724, 206.100311279, 206.634368896, 207.156814575, 207.679275513, 208.108840942, 208.538406372, 208.967971802, 209.39755249, 209.815505981, 210.233459473, 210.651428223, 211.069381714, 211.487350464, 211.916915894, 212.358093262, 212.79927063, 213.240447998, 213.681625366, 214.041534424, 214.41305542, 214.784576416, 215.156097412, 215.51600647, 215.875915527, 216.247436523, 216.607345581, 216.944030762, 217.303939819, 217.652236938, 218.012145996, 218.360443115, 218.708755493, 219.057052612, 219.405349731, 219.742034912, 220.078720093, 220.427032471, 220.77532959, 221.123626709, 221.495147705, 221.843444824, 222.203353882, 222.563262939, 222.992828369, 223.422393799, 223.851974487, 224.409240723, 224.966522217, 225.512191772, 226.069473267, 226.615142822, 227.172424316, 227.729705811, 228.298583984, 228.948745728, 229.598907471, 230.249069214, 230.852783203, 231.456497192, 232.095046997, 232.733596802, 233.372146606, 233.999084473, 234.6144104, 235.252960205, 235.89151001, 236.518447876, 237.156997681, 237.783935547, 238.399276733, 239.014602661, 239.629928589, 240.233642578, 240.814147949, 241.40625, 241.99836731, 242.613693237, 243.240631104, 243.844345093, 244.459671021, 245.075012207, 245.690338135, 246.305664062, 246.92098999, 247.524719238, 248.128433228, 248.732147217, 249.335861206, 249.939590454, 250.543304443, 251.135421753, 251.739135742, 252.331237793, 252.911743164, 253.503845215, 254.084350586, 254.676452637, 255.256958008, 255.849060059, 256.441162109, 257.044891357, 257.648620605, 258.240722656, 258.844451904, 259.459777832, 260.063476562, 260.67880249, 261.294158936, 261.897857666, 262.524810791, 263.163360596, 263.8019104, 264.440460205, 264.939666748, 265.438903809, 265.926513672, 266.414154053, 266.901763916, 267.389373779, 267.865386963, 268.341400146, 268.81741333, 269.305023193, 269.781036377, 270.257049561, 270.663391113, 271.069732666, 271.476104736, 271.95211792, 272.428100586, 272.90411377, 273.380126953, 273.856140137, 274.33215332, 274.808166504],
    "bpm_histogram": [0, 0, 0, 0, 0, 0, 0, 0, 0, 0, 0, 0, 0, 0, 0, 0, 0, 0, 0, 0, 0, 0, 0, 0, 0, 0, 0, 0, 0, 0, 0, 0, 0, 0, 0, 0, 0, 0, 0, 0, 0, 0, 0, 0, 0, 0, 0, 0, 0, 0, 0, 0, 0, 0, 0, 0, 0, 0, 0, 0, 0, 0, 0, 0, 0, 0, 0, 0, 0, 0, 0, 0, 0, 0, 0, 0, 0, 0, 0, 0, 0, 0, 0, 0, 0, 0, 0.0019379844889, 0, 0.0019379844889, 0.0019379844889, 0, 0.0019379844889, 0.0232558138669, 0, 0.0445736423135, 0, 0.0562015511096, 0, 0.089147284627, 0.131782948971, 0, 0.0697674453259, 0, 0.0368217043579, 0, 0.0213178303093, 0, 0, 0.0290697682649, 0, 0.0406976751983, 0, 0.0348837226629, 0, 0, 0.0251937992871, 0, 0.0232558138669, 0, 0, 0.0310077518225, 0, 0, 0.0310077518225, 0, 0, 0.0348837226629, 0, 0, 0.00775193795562, 0, 0, 0, 0.0174418613315, 0, 0, 0.0232558138669, 0, 0, 0, 0.0310077518225, 0, 0, 0, 0.0523255802691, 0, 0, 0, 0.0174418613315, 0, 0, 0, 0.0290697682649, 0, 0, 0, 0, 0.0213178303093, 0, 0, 0, 0.0290697682649, 0, 0, 0, 0, 0, 0.0174418613315, 0, 0, 0, 0, 0.0174418613315, 0, 0, 0, 0, 0, 0.00581395346671, 0, 0, 0, 0, 0, 0, 0, 0, 0, 0, 0, 0, 0, 0, 0, 0, 0, 0, 0, 0, 0, 0, 0, 0, 0, 0, 0, 0, 0, 0, 0, 0, 0, 0, 0, 0, 0, 0, 0, 0, 0, 0, 0, 0, 0, 0, 0, 0, 0, 0, 0, 0, 0, 0, 0, 0, 0, 0, 0, 0, 0, 0, 0, 0, 0, 0, 0, 0, 0, 0, 0]
},
"tonal": {
    "chords_changes_rate": 0.0534119643271,
    "chords_number_rate": 0.00219039595686,
    "chords_strength": {
        "mean": 0.490792423487
    },
    "hpcp_crest": {
        "mean": 14.7678136826
    },
    "hpcp_entropy": {
        "mean": 1.78219485283
    },
    "key_edma": {
        "strength": 0.748849153519,
        "key": "Eb",
        "scale": "minor"
    },
    "key_krumhansl": {
        "strength": 0.756794512272,
        "key": "Eb",
        "scale": "minor"
    },
    "key_temperley": {
        "strength": 0.743719756603,
        "key": "Eb",
        "scale": "minor"
    },
    "tuning_diatonic_strength": 0.598160326481,
    "tuning_equal_tempered_deviation": 0.0495301261544,
    "tuning_frequency": 442.804626465,
    "tuning_nontempered_energy_ratio": 0.679574847221,
    "hpcp": {
        "mean": [0.0210644695908, 0.0229718126357, 0.168386146426, 0.376672536135, 0.252808779478, 0.0916450619698, 0.15839266777, 0.114113017917, 0.0300523657352, 0.028094233945, 0.0340302996337, 0.125108972192, 0.231722280383, 0.143672689795, 0.0352473147213, 0.0284298509359, 0.0759308263659, 0.286561727524, 0.306968957186, 0.106948845088, 0.0331921130419, 0.0172142982483, 0.0259031243622, 0.0790129080415, 0.147091388702, 0.118149615824, 0.122325234115, 0.217688456178, 0.167362689972, 0.066119119525, 0.0415921099484, 0.0303825009614, 0.0604931116104, 0.0910655930638, 0.0655751153827, 0.0342866778374]
    },
    "chords_histogram": [6.89132261276, 21.1794433594, 27.2451553345, 8.18871116638, 1.21314239502, 1.90395951271, 0, 2.61162590981, 0.370682388544, 7.02611637115, 3.9595618248, 0, 0.20219039917, 0, 0, 0.0336983986199, 1.53327715397, 0, 1.43218195438, 0.303285598755, 0.0505475997925, 0.13479359448, 1.63437235355, 14.0859308243],
    "thpcp": [1, 0.671163320541, 0.243301689625, 0.420504957438, 0.302950203419, 0.0797837972641, 0.0745852962136, 0.0903445184231, 0.332142531872, 0.61518228054, 0.381425976753, 0.0935754850507, 0.0754763036966, 0.201583117247, 0.760771512985, 0.814949154854, 0.283930569887, 0.0881192833185, 0.0457009635866, 0.0687682852149, 0.209765508771, 0.390502035618, 0.313666671515, 0.324752211571, 0.577924966812, 0.444318801165, 0.175534754992, 0.110419809818, 0.0806602537632, 0.160598680377, 0.241763293743, 0.174090519547, 0.0910251587629, 0.0559225007892, 0.060986161232, 0.447035908699],
    "chords_key": "Bb",
    "chords_scale": "minor"
}
}