{
"metadata": {
    "version": {
        "essentia": "2.1-beta6-dev",
        "essentia_git_sha": "v2.1_beta5-1177-g1d1cc983",
        "extractor": "music 2.0"
    },
    "audio_properties": {
        "analysis": {
            "equal_loudness": 0,
            "length": 357.279998779,
            "sample_rate": 44100,
            "start_time": 0,
            "downmix": "mix"
        },
        "bit_rate": 1411200,
        "length": 357.279998779,
        "lossless": 1,
        "number_channels": 2,
        "replay_gain": -14.8494720459,
        "sample_rate": 44100,
        "codec": "pcm_s16le",
        "md5_encoded": "0d857320e1d4245b0344f7b7bc81eed4"
    },
    "tags": {
        "file_name": "11 - Manchester Orchestra - Colly Strings.wav",
        "album": ["I'm Like a Virgin Losing a Child"],
        "albumartist": ["Manchester Orchestra"],
        "artist": ["Manchester Orchestra"],
        "copyright": ["2006 Favorite Gentlemen 2006 Favorite Gentlemen"],
        "date": ["2006"],
        "discnumber": ["1"],
        "disctotal": ["1"],
        "genre": ["Alternative & Indie"],
        "isrc": ["USTC10665316"],
        "title": ["Colly Strings"],
        "tracknumber": ["11"],
        "tracktotal": ["11"]
    }
},
"lowlevel": {
    "average_loudness": 0.103749275208,
    "barkbands_crest": {
        "mean": 10.4216909409
    },
    "barkbands_flatness_db": {
        "mean": 0.178907781839
    },
    "barkbands_kurtosis": {
        "mean": 6.51461601257
    },
    "barkbands_skewness": {
        "mean": 1.6368547678
    },
    "barkbands_spread": {
        "mean": 22.0331077576
    },
    "dissonance": {
        "mean": 0.424768894911
    },
    "dynamic_complexity": 12.1164560318,
    "erbbands_crest": {
        "mean": 10.0714330673
    },
    "erbbands_flatness_db": {
        "mean": 0.185912445188
    },
    "erbbands_kurtosis": {
        "mean": 1.58002114296
    },
    "erbbands_skewness": {
        "mean": 0.478453844786
    },
    "erbbands_spread": {
        "mean": 33.0976448059
    },
    "hfc": {
        "mean": 12.5385007858
    },
    "loudness_ebu128": {
        "integrated": -8.80222511292,
        "loudness_range": 22.8790397644,
        "momentary": {
            "mean": -19.8750267029
        },
        "short_term": {
            "mean": -19.0643482208
        }
    },
    "melbands_crest": {
        "mean": 15.1562204361
    },
    "melbands_flatness_db": {
        "mean": 0.256771445274
    },
    "melbands_kurtosis": {
        "mean": 14.2919664383
    },
    "melbands_skewness": {
        "mean": 2.52859067917
    },
    "melbands_spread": {
        "mean": 19.7257404327
    },
    "pitch_salience": {
        "mean": 0.548724830151
    },
    "silence_rate_20dB": {
        "mean": 1
    },
    "silence_rate_30dB": {
        "mean": 0.999025225639
    },
    "silence_rate_60dB": {
        "mean": 0.41493371129
    },
    "spectral_centroid": {
        "mean": 1249.48364258
    },
    "spectral_complexity": {
        "mean": 14.856836319
    },
    "spectral_decrease": {
        "mean": -3.83479958899e-09
    },
    "spectral_energy": {
        "mean": 0.0156106874347
    },
    "spectral_energyband_high": {
        "mean": 0.000637696299236
    },
    "spectral_energyband_low": {
        "mean": 0.00663365283981
    },
    "spectral_energyband_middle_high": {
        "mean": 0.00294185685925
    },
    "spectral_energyband_middle_low": {
        "mean": 0.00608532736078
    },
    "spectral_entropy": {
        "mean": 7.15506982803
    },
    "spectral_flux": {
        "mean": 0.0407245084643
    },
    "spectral_kurtosis": {
        "mean": 12.5379734039
    },
    "spectral_rms": {
        "mean": 0.00294545874931
    },
    "spectral_rolloff": {
        "mean": 1815.06213379
    },
    "spectral_skewness": {
        "mean": 2.22230219841
    },
    "spectral_spread": {
        "mean": 4311667
    },
    "spectral_strongpeak": {
        "mean": 0.544138014317
    },
    "zerocrossingrate": {
        "mean": 0.0638605132699
    },
    "barkbands": {
        "mean": [0.000260838511167, 0.00404585013166, 0.00175123778172, 0.00127915933263, 0.00116070732474, 0.00057715002913, 0.000435837137047, 0.000761521223467, 0.00159821007401, 0.00063238281291, 0.000174575237907, 0.000251200719504, 0.000178302958375, 0.000192929699551, 0.000383966951631, 0.000208956858842, 0.000421491044108, 0.000187835539691, 0.000360266392818, 0.000276943290373, 0.000220043672016, 9.15656346478e-05, 5.50639269932e-05, 6.38774872641e-05, 2.68303519988e-05, 1.27781850097e-05, 1.18250136438e-06]
    },
    "erbbands": {
        "mean": [0.115780100226, 0.907509207726, 2.09459877014, 3.19619345665, 4.87781095505, 2.93305540085, 3.70254683495, 4.70271348953, 6.93451929092, 7.7133398056, 18.9792575836, 27.2202796936, 38.6895904541, 15.5942230225, 7.79201364517, 10.6912403107, 8.44430065155, 11.3310031891, 16.3439369202, 14.9858226776, 19.1638641357, 18.1033477783, 11.608206749, 13.2825860977, 18.8882083893, 13.3718729019, 11.1782770157, 7.01022672653, 3.71399641037, 2.02643251419, 1.5895973444, 1.6321709156, 0.808000504971, 0.326454609632, 0.187183693051, 0.0722734928131, 0.0192355718464, 0.00354855856858, 0.000206413373235, 2.66915994871e-05]
    },
    "gfcc": {
        "mean": [-167.494491577, 113.359420776, -101.534683228, 19.9872341156, -58.9240036011, 2.10023093224, -27.5895633698, 8.33247470856, -20.8856430054, -1.67583525181, -17.3527946472, -5.27371263504, -9.0386133194],
        "cov": [[57194.0390625, -1632.8503418, -3455.80908203, 6150.73876953, -368.023712158, 3061.71459961, 47.66431427, 2357.11767578, 443.699493408, 857.550109863, -300.139007568, 34.5130615234, -212.364761353], [-1632.8503418, 3509.23706055, -445.03302002, -1046.29138184, 25.6152801514, -726.110656738, 134.419326782, -453.142913818, -108.492843628, -244.421203613, 0.367859274149, -163.673736572, 5.98698329926], [-3455.80908203, -445.03302002, 1436.42651367, -280.857299805, -206.897766113, 159.68788147, -235.377304077, -12.0621404648, -85.1529922485, -34.7291145325, -30.5271949768, 134.480300903, -44.2178688049], [6150.73876953, -1046.29138184, -280.857299805, 1276.77832031, 120.135536194, 468.8956604, 107.500427246, 358.642028809, 185.070861816, 172.47442627, 23.5077629089, 53.0771217346, 41.4011878967], [-368.023712158, 25.6152801514, -206.897766113, 120.135536194, 422.201812744, 15.4221487045, 194.638687134, 31.5026092529, 130.799880981, 40.5273361206, 83.2182006836, 8.191198349, 59.0426940918], [3061.71459961, -726.110656738, 159.68788147, 468.8956604, 15.4221487045, 536.731384277, 24.3973999023, 224.073440552, 68.6616287231, 99.516242981, 16.2435092926, 43.252117157, -16.1599216461], [47.66431427, 134.419326782, -235.377304077, 107.500427246, 194.638687134, 24.3973999023, 342.956207275, 16.4338779449, 115.024185181, 40.870716095, 61.0733375549, -29.9188499451, 48.166595459], [2357.11767578, -453.142913818, -12.0621404648, 358.642028809, 31.5026092529, 224.073440552, 16.4338779449, 280.133483887, 78.5065002441, 71.5028610229, 10.6057100296, 41.8551826477, 4.42494106293], [443.699493408, -108.492843628, -85.1529922485, 185.070861816, 130.799880981, 68.6616287231, 115.024185181, 78.5065002441, 193.290084839, 61.5133056641, 37.877696991, 5.81893968582, 33.8782348633], [857.550109863, -244.421203613, -34.7291145325, 172.47442627, 40.5273361206, 99.516242981, 40.870716095, 71.5028610229, 61.5133056641, 122.578529358, 33.6757583618, 12.9395751953, 6.62068986893], [-300.139007568, 0.367859274149, -30.5271949768, 23.5077629089, 83.2182006836, 16.2435092926, 61.0733375549, 10.6057100296, 37.877696991, 33.6757583618, 108.521057129, 20.706111908, 20.7129249573], [34.5130615234, -163.673736572, 134.480300903, 53.0771217346, 8.191198349, 43.252117157, -29.9188499451, 41.8551826477, 5.81893968582, 12.9395751953, 20.706111908, 94.7043380737, 18.491941452], [-212.364761353, 5.98698329926, -44.2178688049, 41.4011878967, 59.0426940918, -16.1599216461, 48.166595459, 4.42494106293, 33.8782348633, 6.62068986893, 20.7129249573, 18.491941452, 76.2630157471]],
        "icov": [[0.000180404094863, -0.000341248902259, 0.000440148985945, -0.000652879301924, 0.000303578184685, -0.000748475431465, 0.00026764679933, -0.000615394848865, 0.000319940212648, -0.000418511830503, 0.000565310241655, -0.00041716065607, 0.000453637127066], [-0.000341248902259, 0.00114945252426, -0.000706767837983, 0.00148189452011, -0.000527423922904, 0.00169261777773, -0.000729144318029, 0.00132422090974, -0.000707983213942, 0.0012932033278, -0.00123122532386, 0.00103688205127, -0.000818869040813], [0.000440148985945, -0.000706767837983, 0.00222816993482, -0.00106946437154, 0.00104490166996, -0.00248604780063, 0.000967133499216, -0.00119741773233, 0.000468874088256, -0.000758787500672, 0.00153068674263, -0.00258941762149, 0.00134625972714], [-0.000652879301924, 0.00148189452011, -0.00106946437154, 0.00422542961314, -0.00105588545557, 0.00180183118209, -0.00100462965202, 0.00132822676096, -0.00170997343957, 0.00101171969436, -0.00153921043966, 0.00105785951018, -0.00225828401744], [0.000303578184685, -0.000527423922904, 0.00104490166996, -0.00105588545557, 0.0044616102241, -0.00125834415667, -0.000814030063339, -0.00089750502957, -0.000981234828942, -0.000240163310082, -0.00062588241417, -0.00132859311998, -0.000139908748679], [-0.000748475431465, 0.00169261777773, -0.00248604780063, 0.00180183118209, -0.00125834415667, 0.00711731286719, -0.00170880742371, 0.000950977788307, -0.00096416589804, 0.0010455136653, -0.00269732880406, 0.00224053952843, -0.000603420252446], [0.00026764679933, -0.000729144318029, 0.000967133499216, -0.00100462965202, -0.000814030063339, -0.00170880742371, 0.00548869743943, -0.000579355924856, -0.00102232734207, -0.00094477069797, -0.000308765651425, 0.00110901368316, -0.000905039545614], [-0.000615394848865, 0.00132422090974, -0.00119741773233, 0.00132822676096, -0.00089750502957, 0.000950977788307, -0.000579355924856, 0.00915877521038, -0.00258146063425, 0.000918853504118, -0.00145411968697, -0.000592665979639, -0.000896447570994], [0.000319940212648, -0.000707983213942, 0.000468874088256, -0.00170997343957, -0.000981234828942, -0.00096416589804, -0.00102232734207, -0.00258146063425, 0.00949452258646, -0.00313779944554, 0.000893349875696, 8.43532034196e-05, -0.000710934516974], [-0.000418511830503, 0.0012932033278, -0.000758787500672, 0.00101171969436, -0.000240163310082, 0.0010455136653, -0.00094477069797, 0.000918853504118, -0.00313779944554, 0.0137332361192, -0.0044650901109, 0.00105812668335, -0.000147440063301], [0.000565310241655, -0.00123122532386, 0.00153068674263, -0.00153921043966, -0.00062588241417, -0.00269732880406, -0.000308765651425, -0.00145411968697, 0.000893349875696, -0.0044650901109, 0.0145540656522, -0.00458427239209, 0.000735816487577], [-0.00041716065607, 0.00103688205127, -0.00258941762149, 0.00105785951018, -0.00132859311998, 0.00224053952843, 0.00110901368316, -0.000592665979639, 8.43532034196e-05, 0.00105812668335, -0.00458427239209, 0.0172260161489, -0.00554252276197], [0.000453637127066, -0.000818869040813, 0.00134625972714, -0.00225828401744, -0.000139908748679, -0.000603420252446, -0.000905039545614, -0.000896447570994, -0.000710934516974, -0.000147440063301, 0.000735816487577, -0.00554252276197, 0.0185233261436]]
    },
    "melbands": {
        "mean": [0.00110310106538, 0.00112002913374, 0.000622652296443, 0.000275262980722, 0.000124031837913, 0.000107983643829, 0.000104550461401, 9.40118479775e-05, 0.000147800208651, 0.000208614641451, 0.000195444212295, 6.22242077952e-05, 2.53544858424e-05, 2.86046324618e-05, 2.21884747589e-05, 1.77213187271e-05, 2.06860313483e-05, 2.36556006712e-05, 2.3987458917e-05, 1.45176627484e-05, 2.64939535555e-05, 2.08993369597e-05, 1.38583745866e-05, 8.73302269611e-06, 1.04094069684e-05, 1.49579773279e-05, 9.88419196801e-06, 8.95697576198e-06, 8.15519342723e-06, 4.48796663477e-06, 3.85535895475e-06, 2.23629626817e-06, 1.33139258196e-06, 1.0191660067e-06, 9.29240570713e-07, 8.87083217549e-07, 1.06209154183e-06, 5.90665990785e-07, 3.61542959126e-07, 2.45971847335e-07]
    },
    "melbands128": {
        "mean": [0.000230813180679, 0.00085664371727, 0.001527616987, 0.00148008042015, 0.00118327874225, 0.000786762917414, 0.000619996280875, 0.000659129116684, 0.000523769645952, 0.000238507738686, 0.00012720952509, 0.00013345888874, 0.000147663653479, 7.96609238023e-05, 8.28170668683e-05, 0.000152985565364, 0.000115521383123, 0.000107167528768, 7.10800086381e-05, 8.04448936833e-05, 8.75522382557e-05, 0.000172825515619, 0.000185291472008, 7.76996093919e-05, 0.000100297751487, 0.000276803039014, 0.000446055026259, 0.000128734260215, 5.12669030286e-05, 9.88571482594e-05, 4.77755675092e-05, 2.91982505587e-05, 2.95257777907e-05, 1.50700689119e-05, 2.62298326561e-05, 3.5204582673e-05, 3.09180031763e-05, 1.65999117598e-05, 2.39854889514e-05, 1.55093093781e-05, 1.16090932352e-05, 2.93301091006e-05, 2.11190617847e-05, 1.85962471733e-05, 1.00124225355e-05, 2.83357130684e-05, 3.62954488082e-05, 2.0421723093e-05, 2.04901807592e-05, 2.47095322266e-05, 8.34474303701e-06, 8.81669348018e-06, 2.24767663894e-05, 3.73026996385e-05, 3.51767666871e-05, 1.36765675052e-05, 1.23451673062e-05, 2.06582553801e-05, 1.1903183804e-05, 7.24772917238e-06, 9.51241781877e-06, 7.92976243247e-06, 9.20414277061e-06, 1.1394537978e-05, 1.25477463371e-05, 1.34778974825e-05, 2.01970033231e-05, 1.11822928375e-05, 7.15453643352e-06, 7.52017285777e-06, 8.59302326717e-06, 1.04911741801e-05, 8.99554470379e-06, 9.08981473913e-06, 4.98864983456e-06, 4.60642104372e-06, 3.84799477615e-06, 4.56019733974e-06, 4.39104314864e-06, 2.51251731243e-06, 2.39512291955e-06, 2.30544651458e-06, 1.37587869631e-06, 1.16844285003e-06, 1.42815156323e-06, 8.89656917025e-07, 9.07652463411e-07, 1.15651255328e-06, 9.48899355535e-07, 7.41495682632e-07, 8.25317215458e-07, 9.84370217338e-07, 8.90065166459e-07, 1.35048298944e-06, 9.55391328716e-07, 5.55169606287e-07, 5.71381576719e-07, 5.44443196304e-07, 3.42982531265e-07, 2.89743638859e-07, 2.53727307609e-07, 2.20877637958e-07, 2.64476284428e-07, 2.34098749274e-07, 2.23821857048e-07, 1.84571291584e-07, 1.78588635436e-07, 1.52103183382e-07, 1.2050612952e-07, 9.70401643485e-08, 8.16014420479e-08, 5.61411539479e-08, 5.40262163895e-08, 5.67381412964e-08, 5.36069713064e-08, 3.53058844382e-08, 2.12563051605e-08, 1.04208819351e-08, 6.46577280605e-09, 4.6241184215e-09, 3.58094331965e-09, 2.38573893974e-09, 1.87975213173e-09, 1.16478571233e-09, 7.47139905499e-10, 3.83075016153e-10, 4.31771007836e-11, 5.71345661754e-12]
    },
    "mfcc": {
        "mean": [-797.794189453, 138.256164551, 15.8368692398, 18.4484500885, -5.11840391159, -2.93366646767, -0.858701586723, 2.8071577549, 2.43038702011, 3.01068973541, -3.34592437744, -0.206314608455, -3.72760915756],
        "cov": [[42021.9453125, -3275.43017578, -3072.45507812, 3709.36279297, 984.311157227, 1567.53503418, 1162.62036133, 1368.03686523, 1409.39038086, 1728.06762695, 616.505126953, 844.282470703, 131.188919067], [-3275.43017578, 2733.38037109, 217.059066772, -453.690643311, -213.988601685, -270.419036865, -129.16583252, -160.388336182, -218.005859375, -196.933410645, -90.0779800415, -192.344741821, -15.5737371445], [-3072.45507812, 217.059066772, 1300.01916504, -381.661468506, -21.1573677063, -66.3648681641, -151.16229248, -49.8590354919, -132.268585205, -231.871917725, -54.1153640747, -72.3999862671, 2.50387811661], [3709.36279297, -453.690643311, -381.661468506, 706.987792969, 122.257293701, 157.384902954, 110.289878845, 143.259963989, 202.717102051, 161.898452759, 83.6880493164, 102.524856567, 67.4908447266], [984.311157227, -213.988601685, -21.1573677063, 122.257293701, 246.513336182, 71.3796920776, 18.3223495483, 78.226600647, 49.2084655762, 39.5290527344, 45.528175354, 35.1232299805, 35.9691123962], [1567.53503418, -270.419036865, -66.3648681641, 157.384902954, 71.3796920776, 275.252441406, 108.357559204, 86.105758667, 93.2748336792, 102.345695496, 79.2185592651, 38.5679931641, 32.6136245728], [1162.62036133, -129.16583252, -151.16229248, 110.289878845, 18.3223495483, 108.357559204, 186.497787476, 81.7003860474, 49.9565124512, 84.9737930298, 51.9475517273, 24.4494915009, 27.6680335999], [1368.03686523, -160.388336182, -49.8590354919, 143.259963989, 78.226600647, 86.105758667, 81.7003860474, 175.606750488, 97.9445571899, 71.2984619141, 60.1867218018, 41.2227210999, 28.3624210358], [1409.39038086, -218.005859375, -132.268585205, 202.717102051, 49.2084655762, 93.2748336792, 49.9565124512, 97.9445571899, 178.626907349, 107.472839355, 56.5562705994, 47.0320205688, 27.031463623], [1728.06762695, -196.933410645, -231.871917725, 161.898452759, 39.5290527344, 102.345695496, 84.9737930298, 71.2984619141, 107.472839355, 206.043685913, 71.4472427368, 37.9780502319, 21.602809906], [616.505126953, -90.0779800415, -54.1153640747, 83.6880493164, 45.528175354, 79.2185592651, 51.9475517273, 60.1867218018, 56.5562705994, 71.4472427368, 124.648345947, 44.4811897278, 29.8305168152], [844.282470703, -192.344741821, -72.3999862671, 102.524856567, 35.1232299805, 38.5679931641, 24.4494915009, 41.2227210999, 47.0320205688, 37.9780502319, 44.4811897278, 122.55696106, 24.6746673584], [131.188919067, -15.5737371445, 2.50387811661, 67.4908447266, 35.9691123962, 32.6136245728, 27.6680335999, 28.3624210358, 27.031463623, 21.602809906, 29.8305168152, 24.6746673584, 88.1235733032]],
        "icov": [[7.44393546483e-05, -1.5889905626e-05, 2.45675018959e-05, -0.000257459905697, -7.95898158685e-05, -0.000144224162796, -6.05463501415e-05, -0.000227967248065, 8.44252135721e-05, -0.000328966707457, 0.00021618064784, -0.000221142239752, 0.000304586341372], [-1.5889905626e-05, 0.000489685276989, 4.91575447086e-05, 0.000189364596736, 0.000286234804662, 0.00027997943107, 0.000115966613521, -4.84693373437e-05, 0.000175271576154, 0.000229245357332, -0.000309029652271, 0.000638443219941, -0.000461605406599], [2.45675018959e-05, 4.91575447086e-05, 0.00118358794134, 0.000434937363025, 1.69523773366e-05, -0.000488618563395, 0.000770208251197, -0.000689637148753, 0.000125680307974, 0.00097874738276, -0.000133085311973, 0.000278379186057, -0.000551948789507], [-0.000257459905697, 0.000189364596736, 0.000434937363025, 0.00354459811933, -0.000155980509589, 0.000188263744349, 0.000113985719508, 0.000451018539025, -0.00209699315019, 0.00119919038843, -0.000413531379309, 0.000170645129401, -0.00205578375608], [-7.95898158685e-05, 0.000286234804662, 1.69523773366e-05, -0.000155980509589, 0.00553631363437, -0.000598483835347, 0.00155221112072, -0.00199230480939, 0.000861962791532, 0.000353641662514, -0.000914731470402, 0.00034075169242, -0.00173318595625], [-0.000144224162796, 0.00027997943107, -0.000488618563395, 0.000188263744349, -0.000598483835347, 0.00648031430319, -0.00243158079684, 0.000795778876636, -0.00140042742714, -0.000237568659941, -0.00208101375028, 0.000813144433778, -0.000548242183868], [-6.05463501415e-05, 0.000115966613521, 0.000770208251197, 0.000113985719508, 0.00155221112072, -0.00243158079684, 0.00958629697561, -0.00363860465586, 0.00231066602282, -0.00127230712678, -0.000746831996366, 0.000757105823141, -0.00192699884064], [-0.000227967248065, -4.84693373437e-05, -0.000689637148753, 0.000451018539025, -0.00199230480939, 0.000795778876636, -0.00363860465586, 0.0119347097352, -0.00477107148618, 0.00132984947413, -0.00203949445859, -3.09954193654e-05, -0.000338529323926], [8.44252135721e-05, 0.000175271576154, 0.000125680307974, -0.00209699315019, 0.000861962791532, -0.00140042742714, 0.00231066602282, -0.00477107148618, 0.0127240400761, -0.00397001812235, -0.000105537059426, -0.000712607929017, -0.000210280093597], [-0.000328966707457, 0.000229245357332, 0.00097874738276, 0.00119919038843, 0.000353641662514, -0.000237568659941, -0.00127230712678, 0.00132984947413, -0.00397001812235, 0.0112642729655, -0.0035901630763, 0.00157249963377, -0.00126952189021], [0.00021618064784, -0.000309029652271, -0.000133085311973, -0.000413531379309, -0.000914731470402, -0.00208101375028, -0.000746831996366, -0.00203949445859, -0.000105537059426, -0.0035901630763, 0.0134315174073, -0.00354314735159, -0.000663650862407], [-0.000221142239752, 0.000638443219941, 0.000278379186057, 0.000170645129401, 0.00034075169242, 0.000813144433778, 0.000757105823141, -3.09954193654e-05, -0.000712607929017, 0.00157249963377, -0.00354314735159, 0.0118161588907, -0.00264035747387], [0.000304586341372, -0.000461605406599, -0.000551948789507, -0.00205578375608, -0.00173318595625, -0.000548242183868, -0.00192699884064, -0.000338529323926, -0.000210280093597, -0.00126952189021, -0.000663650862407, -0.00264035747387, 0.0153667945415]]
    },
    "spectral_contrast_coeffs": {
        "mean": [-0.723851799965, -0.754693746567, -0.756032824516, -0.807801127434, -0.82017582655, -0.785104870796]
    },
    "spectral_contrast_valleys": {
        "mean": [-8.09746170044, -8.16102027893, -9.0415058136, -9.51222705841, -9.34256744385, -12.1008358002]
    }
},
"rhythm": {
    "beats_count": 718,
    "beats_loudness": {
        "mean": 0.0221478138119
    },
    "bpm": 120.168083191,
    "bpm_histogram_first_peak_bpm": 120,
    "bpm_histogram_first_peak_weight": 0.596541762352,
    "bpm_histogram_second_peak_bpm": 126,
    "bpm_histogram_second_peak_spread": 0.44571429491,
    "bpm_histogram_second_peak_weight": 0.135285913944,
    "danceability": 1.05461323261,
    "onset_rate": 1.90597701073,
    "beats_loudness_band_ratio": {
        "mean": [0.466454684734, 0.191649734974, 0.197259500623, 0.0747999101877, 0.0440767481923, 0.0643623918295]
    },
    "beats_position": [0.522448956966, 1.05650794506, 1.59056687355, 2.12462592125, 2.65868473053, 3.19274377823, 3.72680258751, 4.26086139679, 4.79492044449, 5.31736946106, 5.83981847763, 6.35065746307, 6.87310647964, 7.39555549622, 7.90639448166, 8.4172334671, 8.93968200684, 9.45052146912, 9.96135997772, 10.4838094711, 11.0062580109, 11.5287075043, 12.051156044, 12.5619955063, 13.084444046, 13.6068935394, 14.1409521103, 14.6982307434, 15.2671203613, 15.8360090256, 16.4281177521, 17.031835556, 17.600725174, 18.1347846985, 18.6688423157, 19.2029018402, 19.7369613647, 20.2594108582, 20.7934684753, 21.3159179688, 21.8383674622, 22.3492050171, 22.8716545105, 23.3824939728, 23.8933334351, 24.40417099, 24.9150104523, 25.4258499146, 25.9366893768, 26.4591369629, 26.9815864563, 27.5040359497, 28.0264854431, 28.5257129669, 29.0365524292, 29.5473918915, 30.0698413849, 30.5806789398, 31.1031284332, 31.6255779266, 32.1364173889, 32.6472549438, 33.1697044373, 33.6921539307, 34.1913833618, 34.7022209167, 35.2246704102, 35.7471199036, 36.269569397, 36.8036270142, 37.3144645691, 37.8136940002, 38.3245353699, 38.823764801, 39.334602356, 39.8454399109, 40.344669342, 40.8438987732, 41.3315200806, 41.8191375732, 42.3067550659, 42.7943763733, 43.2703857422, 43.7463951111, 44.2340126038, 44.7332420349, 45.2440795898, 45.7665290833, 46.2425384521, 46.718547821, 47.1945571899, 47.6705665588, 48.1465759277, 48.6225852966, 49.0985946655, 49.5862121582, 50.0622215271, 50.5266189575, 50.9794082642, 51.4321975708, 51.8965988159, 52.4422683716, 52.9879341125, 53.5219955444, 54.0676651001, 54.6017227173, 55.1241722107, 55.6698417664, 56.2155075073, 56.7727890015, 57.3300666809, 57.8873443604, 58.4446258545, 59.0135154724, 59.5591812134, 60.104850769, 60.6505203247, 61.2077980042, 61.7650794983, 62.310749054, 62.8796348572, 63.4136962891, 64.0174102783, 64.621131897, 65.2248535156, 65.8285675049, 66.4322891235, 67.0360107422, 67.6397247314, 68.2434463501, 68.8587722778, 69.474105835, 70.0081634521, 70.5422210693, 71.064666748, 71.5871200562, 72.1211776733, 72.6436233521, 73.0731964111, 73.5143737793, 73.9439468384, 74.3735122681, 74.8146896362, 75.2674789429, 75.7202682495, 76.1846694946, 76.6490707397, 77.1018600464, 77.5662536621, 78.0422668457, 78.5066680908, 78.924621582, 79.3425827026, 79.7605438232, 80.2481613159, 80.7241744995, 81.2001800537, 81.6761856079, 82.16381073, 82.6398162842, 83.1042175293, 83.5802230835, 84.0562362671, 84.5438537598, 84.9385910034, 85.3333282471, 85.7164611816, 86.1228103638, 86.5407714844, 86.9587249756, 87.3766860962, 87.8759155273, 88.386756897, 88.8975982666, 89.4548721313, 90.000541687, 90.5578231812, 91.1267089844, 91.67237854, 92.2180480957, 92.7637176514, 93.3209991455, 93.8318328857, 94.3426742554, 94.853515625, 95.4340133667, 96.0028991699, 96.5601806641, 97.0477981567, 97.5470275879, 98.0230331421, 98.5454864502, 99.0795440674, 99.5671615601, 100.054779053, 100.542404175, 101.030021667, 101.51763916, 102.005256653, 102.53931427, 103.061767578, 103.595825195, 104.118278503, 104.629112244, 105.139953613, 105.650794983, 106.161628723, 106.672470093, 107.183311462, 107.694145203, 108.204986572, 108.715827942, 109.215057373, 109.714286804, 110.225120544, 110.735961914, 111.246803284, 111.757637024, 112.268478394, 112.790924072, 113.290153503, 113.789382935, 114.288612366, 114.787841797, 115.287071228, 115.797912598, 116.297142029, 116.79637146, 117.3072052, 117.806434631, 118.305664062, 118.816505432, 119.327346802, 119.838180542, 120.337409973, 120.836639404, 121.335868835, 121.835098267, 122.345939636, 122.856781006, 123.367614746, 123.878456116, 124.389297485, 124.900131226, 125.410972595, 125.898590088, 126.397819519, 126.908660889, 127.419502258, 127.930335999, 128.441177368, 128.94039917, 129.43963623, 129.938858032, 130.449707031, 130.948928833, 131.448165894, 131.958999634, 132.458221436, 132.957458496, 133.456680298, 133.955917358, 134.466751099, 134.965988159, 135.476821899, 135.999267578, 136.510116577, 137.009338379, 137.520172119, 138.01940918, 138.53024292, 139.02947998, 139.528701782, 140.039550781, 140.538772583, 141.037994385, 141.537231445, 142.036453247, 142.547302246, 143.058135986, 143.557373047, 144.068206787, 144.579040527, 145.078277588, 145.57749939, 146.07673645, 146.575958252, 147.075195312, 147.586029053, 148.096862793, 148.596099854, 149.095321655, 149.606170654, 150.105392456, 150.604629517, 151.103851318, 151.603088379, 152.113922119, 152.624755859, 153.112380981, 153.611602783, 154.122451782, 154.621673584, 155.132507324, 155.631744385, 156.142578125, 156.641815186, 157.141036987, 157.640274048, 158.13949585, 158.63873291, 159.14956665, 159.648788452, 160.159637451, 160.658859253, 161.158096313, 161.657318115, 162.156555176, 162.655776978, 163.166610718, 163.677459717, 164.188293457, 164.687530518, 165.186752319, 165.674377441, 166.161987305, 166.672836304, 167.172058105, 167.682891846, 168.182128906, 168.681350708, 169.180587769, 169.67980957, 170.179046631, 170.689880371, 171.189117432, 171.688339233, 172.187576294, 172.686798096, 173.197631836, 173.685256958, 174.196090698, 174.695327759, 175.194549561, 175.70539856, 176.2162323, 176.715454102, 177.214691162, 177.713912964, 178.201538086, 178.700775146, 179.211608887, 179.710830688, 180.210067749, 180.709289551, 181.208526611, 181.707748413, 182.206985474, 182.717819214, 183.217056274, 183.716278076, 184.215499878, 184.714736938, 185.202362061, 185.701583862, 186.200805664, 186.700042725, 187.199264526, 187.698501587, 188.197723389, 188.696960449, 189.196182251, 189.695419312, 190.194641113, 190.705490112, 191.204711914, 191.703948975, 192.203170776, 192.702392578, 193.1900177, 193.689254761, 194.188476562, 194.676101685, 195.175323486, 195.674560547, 196.173782349, 196.661407471, 197.160629272, 197.648254395, 198.147476196, 198.646713257, 199.145935059, 199.633560181, 200.132781982, 200.620407104, 201.119628906, 201.618865967, 202.10647583, 202.594100952, 203.093322754, 203.592559814, 204.080184937, 204.5677948, 205.06703186, 205.566253662, 206.053878784, 206.553100586, 207.052337646, 207.53994751, 208.03918457, 208.538406372, 209.026031494, 209.513641357, 210.001266479, 210.488891602, 210.988113403, 211.487350464, 211.998184204, 212.509017944, 213.019866943, 213.530700684, 214.053146362, 214.575592041, 215.08644104, 215.643707275, 216.189376831, 216.746658325, 217.257507324, 217.779953003, 218.290786743, 218.801635742, 219.312469482, 219.811691284, 220.310928345, 220.798538208, 221.28616333, 221.773788452, 222.261398315, 222.749023438, 223.236633301, 223.724258423, 224.211883545, 224.699493408, 225.18711853, 225.674728394, 226.162353516, 226.649978638, 227.137588501, 227.625213623, 228.112823486, 228.58883667, 229.076461792, 229.552474976, 230.040084839, 230.527709961, 231.015319824, 231.502944946, 231.990570068, 232.466567993, 232.954193115, 233.430206299, 233.917816162, 234.405441284, 234.893051147, 235.38067627, 235.868301392, 236.344299316, 236.831924438, 237.307937622, 237.795547485, 238.283172607, 238.770782471, 239.246795654, 239.722808838, 240.21043396, 240.698043823, 241.174057007, 241.65007019, 242.137680054, 242.625305176, 243.112915039, 243.600540161, 244.076553345, 244.564163208, 245.040176392, 245.516189575, 245.9921875, 246.479812622, 246.967437744, 247.455047607, 247.931060791, 248.407073975, 248.883071899, 249.359085083, 249.835098267, 250.31111145, 250.798721313, 251.274734497, 251.762359619, 252.238357544, 252.714370728, 253.190383911, 253.677993774, 254.154006958, 254.630020142, 255.106033325, 255.58203125, 256.058044434, 256.534057617, 257.02166748, 257.497680664, 257.973693848, 258.449707031, 258.925720215, 259.401733398, 259.877716064, 260.353729248, 260.829742432, 261.294158936, 261.770141602, 262.246154785, 262.710571289, 263.198181152, 263.685791016, 264.161804199, 264.637817383, 265.102203369, 265.566619873, 266.054229736, 266.53024292, 267.017852783, 267.493865967, 267.958282471, 268.422668457, 268.898681641, 269.374694824, 269.850708008, 270.326721191, 270.802703857, 271.278717041, 271.743133545, 272.207519531, 272.683532715, 273.159545898, 273.635559082, 274.111572266, 274.575958252, 275.040344238, 275.516357422, 275.992370605, 276.456787109, 276.932769775, 277.408782959, 277.873199463, 278.349212646, 278.825195312, 279.289611816, 279.753997803, 280.218414307, 280.69442749, 281.170440674, 281.63482666, 282.099212646, 282.57522583, 283.051239014, 283.515655518, 283.980041504, 284.44442749, 284.920440674, 285.396453857, 285.872467041, 286.348480225, 286.812866211, 287.277282715, 287.741668701, 288.206085205, 288.670471191, 289.134857178, 289.599273682, 290.063659668, 290.528076172, 291.004089355, 291.480072021, 291.944488525, 292.408874512, 292.873291016, 293.337677002, 293.802093506, 294.266479492, 294.730865479, 295.195281982, 295.671295166, 296.14730835, 296.623291016, 297.099304199, 297.552093506, 298.01651001, 298.469299316, 298.933685303, 299.398101807, 299.874084473, 300.338500977, 300.802886963, 301.267303467, 301.731689453, 302.18447876, 302.637268066, 303.11328125, 303.577667236, 304.04208374, 304.506469727, 304.97088623, 305.423675537, 305.876464844, 306.34085083, 306.805267334, 307.26965332, 307.722442627, 308.186828613, 308.651245117, 309.104034424, 309.56842041, 310.032836914, 310.485626221, 310.938415527, 311.402801514, 311.867218018, 312.331604004, 312.79598999, 313.260406494, 313.713195801, 314.165985107, 314.630371094, 315.094787598, 315.559173584, 316.011962891, 316.464752197, 316.929168701, 317.393554688, 317.857940674, 318.31072998, 318.775146484, 319.239532471, 319.692321777, 320.145111084, 320.597900391, 321.062316895, 321.526702881, 321.991119385, 322.467102051, 322.943115234, 323.419128418, 323.964813232, 324.49887085, 325.02130127, 325.543762207, 326.077819824, 326.600280762, 327.122711182, 327.645172119, 328.167602539, 328.690063477, 329.212524414, 329.734954834, 330.257415771, 330.779846191, 331.302307129, 331.813140869, 332.335601807, 332.881256104, 333.426940918, 333.960998535, 334.518280029, 335.063934326, 335.609619141, 336.155273438, 336.700958252, 337.246612549, 337.769073486, 338.291503906, 338.825561523, 339.359619141, 339.882080078, 340.462585449, 341.04309082, 341.623565674, 342.157623291, 342.691680908, 343.214141846, 343.713378906, 344.212615967, 344.70022583, 345.21105957, 345.721893311, 346.232727051, 346.627471924, 347.022216797, 347.41696167, 347.811706543, 348.206420898, 348.601165771, 348.995910645, 349.402252197, 349.808624268, 350.21496582, 350.714202881, 351.201812744, 351.689422607, 352.177032471, 352.664672852, 353.152282715, 353.639892578, 354.127532959, 354.615142822, 355.102752686, 355.590393066, 356.089599609, 356.58883667],
    "bpm_histogram": [0, 0, 0, 0, 0, 0, 0, 0, 0, 0, 0, 0, 0, 0, 0, 0, 0, 0, 0, 0, 0, 0, 0, 0, 0, 0, 0, 0, 0, 0, 0, 0, 0, 0, 0, 0, 0, 0, 0, 0, 0, 0, 0, 0, 0, 0, 0, 0, 0, 0, 0, 0, 0, 0, 0, 0, 0, 0, 0, 0, 0, 0, 0, 0, 0, 0, 0, 0, 0, 0, 0, 0, 0, 0, 0, 0, 0, 0, 0, 0, 0, 0, 0, 0, 0, 0, 0, 0, 0, 0, 0, 0, 0, 0, 0, 0, 0, 0, 0.00278940028511, 0.0125523013994, 0, 0.00139470014255, 0, 0.00557880057022, 0, 0.00976290088147, 0, 0, 0.0195258017629, 0, 0.0306834038347, 0, 0.0432357043028, 0, 0, 0.079497911036, 0, 0.149232909083, 0, 0, 0.195258021355, 0, 0, 0.139470010996, 0, 0, 0.135285913944, 0, 0, 0.108786612749, 0, 0, 0, 0.032078102231, 0, 0, 0.00278940028511, 0, 0, 0, 0.00418410031125, 0, 0, 0, 0.0083682006225, 0, 0, 0, 0.00557880057022, 0, 0, 0, 0.0125523013994, 0, 0, 0, 0, 0.00139470014255, 0, 0, 0, 0, 0, 0, 0, 0, 0, 0, 0, 0, 0, 0, 0, 0, 0, 0, 0, 0, 0, 0, 0, 0, 0, 0, 0, 0, 0, 0, 0, 0, 0, 0, 0, 0, 0, 0, 0, 0, 0, 0, 0, 0, 0, 0, 0, 0, 0, 0, 0, 0, 0, 0, 0, 0, 0, 0, 0, 0, 0, 0, 0, 0, 0, 0, 0, 0, 0, 0, 0, 0, 0, 0, 0, 0, 0, 0, 0, 0, 0, 0, 0, 0, 0, 0, 0, 0, 0, 0, 0, 0]
},
"tonal": {
    "chords_changes_rate": 0.0275503564626,
    "chords_number_rate": 0.00103963608854,
    "chords_strength": {
        "mean": 0.514082491398
    },
    "hpcp_crest": {
        "mean": 19.2927894592
    },
    "hpcp_entropy": {
        "mean": 1.33880877495
    },
    "key_edma": {
        "strength": 0.748735189438,
        "key": "G",
        "scale": "major"
    },
    "key_krumhansl": {
        "strength": 0.733907043934,
        "key": "G",
        "scale": "major"
    },
    "key_temperley": {
        "strength": 0.715871930122,
        "key": "G",
        "scale": "major"
    },
    "tuning_diatonic_strength": 0.603481650352,
    "tuning_equal_tempered_deviation": 0.0160240158439,
    "tuning_frequency": 439.745910645,
    "tuning_nontempered_energy_ratio": 0.622235059738,
    "hpcp": {
        "mean": [0.248547017574, 0.108001552522, 0.0225183721632, 0.0203346516937, 0.0208517145365, 0.0456349886954, 0.0777374133468, 0.0583654902875, 0.0635098591447, 0.0872023254633, 0.0511529706419, 0.0329559408128, 0.044530287385, 0.0631352216005, 0.309099793434, 0.542851984501, 0.301556020975, 0.0439691133797, 0.0259607881308, 0.023320550099, 0.0532770231366, 0.0914736315608, 0.071724794805, 0.0421238355339, 0.0378535948694, 0.0446058139205, 0.143142029643, 0.179967746139, 0.0878735259175, 0.139297217131, 0.191772818565, 0.091139651835, 0.0268624369055, 0.022027855739, 0.0352878384292, 0.176851063967]
    },
    "chords_histogram": [15.1007146835, 8.77192974091, 54.2690048218, 0.116959065199, 1.49447691441, 0, 0, 0, 0.155945420265, 0, 0, 0.168940871954, 0.168940871954, 0, 0, 0.454840809107, 0, 5.15919446945, 0.974658846855, 4.36647176743, 0.168940871954, 2.10526323318, 6.18583488464, 0.337881743908],
    "thpcp": [1, 0.555503189564, 0.0809965059161, 0.0478229597211, 0.042959317565, 0.0981428176165, 0.168505653739, 0.132125884295, 0.0775972753763, 0.0697309672832, 0.0821693837643, 0.263685196638, 0.331522673368, 0.161873817444, 0.256602585316, 0.353269070387, 0.167890429497, 0.0494839064777, 0.0405780151486, 0.0650045275688, 0.32578137517, 0.457854121923, 0.198952123523, 0.0414816066623, 0.0374589264393, 0.0384114198387, 0.0840652510524, 0.143201857805, 0.107516400516, 0.11699295789, 0.160637393594, 0.0942300483584, 0.0607088878751, 0.0820302590728, 0.116302825511, 0.569399774075],
    "chords_key": "D",
    "chords_scale": "major"
}
}