{
"metadata": {
    "version": {
        "essentia": "2.1-beta6-dev",
        "essentia_git_sha": "v2.1_beta5-1177-g1d1cc983",
        "extractor": "music 2.0"
    },
    "audio_properties": {
        "analysis": {
            "equal_loudness": 0,
            "length": 159.826660156,
            "sample_rate": 44100,
            "start_time": 0,
            "downmix": "mix"
        },
        "bit_rate": 1411200,
        "length": 159.826660156,
        "lossless": 1,
        "number_channels": 2,
        "replay_gain": -7.34104347229,
        "sample_rate": 44100,
        "codec": "pcm_s16le",
        "md5_encoded": "95f9c3b97a717a3e052bcccda8c02331"
    },
    "tags": {
        "file_name": "01 - Manchester Orchestra - Anne Louise.wav",
        "album": ["Fourteen Years Of Excellence"],
        "albumartist": ["Manchester Orchestra"],
        "artist": ["Manchester Orchestra"],
        "composer": ["Andy Hull"],
        "copyright": ["(P) 2009 Sony Music Entertainment"],
        "date": ["2009"],
        "discnumber": ["1"],
        "disctotal": ["1"],
        "genre": ["Rock"],
        "isrc": ["USSM10901937"],
        "title": ["Anne Louise"],
        "tracknumber": ["1"],
        "tracktotal": ["4"]
    }
},
"lowlevel": {
    "average_loudness": 0.0402983389795,
    "barkbands_crest": {
        "mean": 12.1473360062
    },
    "barkbands_flatness_db": {
        "mean": 0.229713916779
    },
    "barkbands_kurtosis": {
        "mean": 18.8796443939
    },
    "barkbands_skewness": {
        "mean": 2.7984828949
    },
    "barkbands_spread": {
        "mean": 12.0428295135
    },
    "dissonance": {
        "mean": 0.422576755285
    },
    "dynamic_complexity": 10.4804611206,
    "erbbands_crest": {
        "mean": 11.0406475067
    },
    "erbbands_flatness_db": {
        "mean": 0.191589578986
    },
    "erbbands_kurtosis": {
        "mean": 3.35830998421
    },
    "erbbands_skewness": {
        "mean": 0.816755175591
    },
    "erbbands_spread": {
        "mean": 32.4387283325
    },
    "hfc": {
        "mean": 9.67256355286
    },
    "loudness_ebu128": {
        "integrated": -17.6817741394,
        "loudness_range": 14.8002700806,
        "momentary": {
            "mean": -25.7019481659
        },
        "short_term": {
            "mean": -22.0541210175
        }
    },
    "melbands_crest": {
        "mean": 16.7654151917
    },
    "melbands_flatness_db": {
        "mean": 0.335659623146
    },
    "melbands_kurtosis": {
        "mean": 31.9213638306
    },
    "melbands_skewness": {
        "mean": 3.51521372795
    },
    "melbands_spread": {
        "mean": 12.4770860672
    },
    "pitch_salience": {
        "mean": 0.515860795975
    },
    "silence_rate_20dB": {
        "mean": 1
    },
    "silence_rate_30dB": {
        "mean": 0.979956448078
    },
    "silence_rate_60dB": {
        "mean": 0.418591141701
    },
    "spectral_centroid": {
        "mean": 684.75769043
    },
    "spectral_complexity": {
        "mean": 7.51023960114
    },
    "spectral_decrease": {
        "mean": -4.063211545e-09
    },
    "spectral_energy": {
        "mean": 0.0162128321826
    },
    "spectral_energyband_high": {
        "mean": 0.000522801536135
    },
    "spectral_energyband_low": {
        "mean": 0.0055923438631
    },
    "spectral_energyband_middle_high": {
        "mean": 0.00203984836116
    },
    "spectral_energyband_middle_low": {
        "mean": 0.0093277906999
    },
    "spectral_entropy": {
        "mean": 6.70581817627
    },
    "spectral_flux": {
        "mean": 0.0406603813171
    },
    "spectral_kurtosis": {
        "mean": 24.8488788605
    },
    "spectral_rms": {
        "mean": 0.00297538656741
    },
    "spectral_rolloff": {
        "mean": 835.035888672
    },
    "spectral_skewness": {
        "mean": 3.27011823654
    },
    "spectral_spread": {
        "mean": 4564289.5
    },
    "spectral_strongpeak": {
        "mean": 0.513145446777
    },
    "zerocrossingrate": {
        "mean": 0.0408844947815
    },
    "barkbands": {
        "mean": [0.000116294497275, 0.00127827876713, 0.00309151480906, 0.00265143020079, 0.00315532367676, 0.00119636731688, 0.000566019851249, 0.000600134662818, 0.000793015991803, 0.000743189186323, 0.000527200463694, 0.000184927150258, 0.000233441052842, 0.000164726632647, 8.13167134766e-05, 5.48665011593e-05, 7.53602143959e-05, 0.000104658865894, 4.32237829955e-05, 6.21436920483e-05, 7.67160163377e-05, 0.000140925360029, 0.000131316162879, 8.07014439488e-05, 4.72774772788e-05, 1.10589135147e-05, 1.42184467222e-06]
    },
    "erbbands": {
        "mean": [0.0145065654069, 0.406682014465, 3.15820074081, 6.33657932281, 11.1108236313, 9.45158576965, 9.40624332428, 9.30620098114, 6.51212596893, 13.6901941299, 12.0069580078, 18.5512084961, 26.0433673859, 18.3240833282, 19.3059387207, 8.47448635101, 10.8065948486, 9.37015628815, 5.25697088242, 3.55346846581, 3.38121294975, 4.32967042923, 5.82596111298, 3.29303789139, 2.09856653214, 3.14765787125, 2.62174844742, 4.30663871765, 5.0386428833, 3.40687966347, 4.31556797028, 2.07661104202, 1.13931322098, 0.531574547291, 0.34299904108, 0.0841869860888, 0.0143992668018, 0.00188248546328, 0.000270868767984, 3.47126951965e-05]
    },
    "gfcc": {
        "mean": [-170.928085327, 115.216438293, -60.8115005493, 6.40154933929, -46.7726669312, 10.4103746414, -36.9082984924, 0.433543324471, -26.9073295593, -7.28131914139, -17.8300476074, -5.44987106323, -18.5652637482],
        "cov": [[29334.6523438, -2081.45336914, -4357.44433594, 1536.58557129, -2191.51098633, -204.106674194, -2020.1973877, 586.619750977, -144.956207275, -886.786254883, -1533.38220215, -82.2994918823, -279.748718262], [-2081.45336914, 3734.52661133, 690.749511719, -1193.78845215, 676.388305664, -26.4533004761, 527.935241699, -277.976928711, 74.2786407471, 76.5588989258, 567.32989502, -106.68686676, -25.3703269958], [-4357.44433594, 690.749511719, 1576.82592773, -145.458679199, 366.24230957, -17.997713089, 234.576828003, -103.409835815, -39.030254364, 177.789260864, 302.970977783, -2.0148525238, 71.4088973999], [1536.58557129, -1193.78845215, -145.458679199, 903.861328125, -146.818222046, -74.17162323, -223.572860718, 134.724655151, -37.5455703735, -67.7987213135, -174.72718811, 52.9880218506, 66.8880691528], [-2191.51098633, 676.388305664, 366.24230957, -146.818222046, 566.673095703, 33.6481628418, 212.334884644, -39.353302002, 35.2347984314, 106.787277222, 196.738082886, -49.0049552917, 32.8766822815], [-204.106674194, -26.4533004761, -17.997713089, -74.17162323, 33.6481628418, 359.204589844, 142.603637695, -63.016620636, -6.79083013535, 33.2709465027, 50.8926963806, 36.857711792, -26.9619140625], [-2020.1973877, 527.935241699, 234.576828003, -223.572860718, 212.334884644, 142.603637695, 451.967285156, -39.7290649414, -11.562376976, 67.8607940674, 204.81137085, 8.35569381714, 1.53572046757], [586.619750977, -277.976928711, -103.409835815, 134.724655151, -39.353302002, -63.016620636, -39.7290649414, 199.961578369, 6.20223236084, -49.0099411011, -61.2319107056, 21.5370750427, 0.737023293972], [-144.956207275, 74.2786407471, -39.030254364, -37.5455703735, 35.2347984314, -6.79083013535, -11.562376976, 6.20223236084, 138.06338501, 31.9581642151, -6.69676923752, -25.0008125305, -18.7791156769], [-886.786254883, 76.5588989258, 177.789260864, -67.7987213135, 106.787277222, 33.2709465027, 67.8607940674, -49.0099411011, 31.9581642151, 155.821105957, 90.2555541992, -37.7525978088, 4.0585064888], [-1533.38220215, 567.32989502, 302.970977783, -174.72718811, 196.738082886, 50.8926963806, 204.81137085, -61.2319107056, -6.69676923752, 90.2555541992, 275.597900391, 26.170003891, -2.83518028259], [-82.2994918823, -106.68686676, -2.0148525238, 52.9880218506, -49.0049552917, 36.857711792, 8.35569381714, 21.5370750427, -25.0008125305, -37.7525978088, 26.170003891, 129.024337769, 19.5348129272], [-279.748718262, -25.3703269958, 71.4088973999, 66.8880691528, 32.8766822815, -26.9619140625, 1.53572046757, 0.737023293972, -18.7791156769, 4.0585064888, -2.83518028259, 19.5348129272, 93.0104827881]],
        "icov": [[0.000174479166162, -0.000339779828209, 0.000334541982738, -0.000411402230384, 0.000438052724348, -0.000345093256328, 0.000540453125723, -0.000434970279457, 0.000438635266619, -0.000268244504696, 0.000377310207114, 0.000194407723029, 0.00028169946745], [-0.000339779828209, 0.00154564343393, -0.000705969578121, 0.0016321009025, -0.00129862490576, 0.00100543606095, -0.00111570348963, 0.00137587625068, -0.00136303936597, 0.00204197573476, -0.00213092309423, 0.000355825119186, -0.00097805459518], [0.000334541982738, -0.000705969578121, 0.00157280731946, -0.000862979213707, 0.000593007134739, -0.000438187213149, 0.000986688188277, -0.000686236307956, 0.00123064545915, -0.00120037805755, 0.000212639686652, 0.000232928985497, 0.000137645140057], [-0.000411402230384, 0.0016321009025, -0.000862979213707, 0.00330774276517, -0.00144801277202, 0.00101635279134, -0.000790298916399, 0.000689004664309, -0.00114146689884, 0.00178131752182, -0.00162380514666, -0.000257017207332, -0.00199805572629], [0.000438052724348, -0.00129862490576, 0.000593007134739, -0.00144801277202, 0.00431934231892, -0.00126177619677, 0.000887421367224, -0.00175549392588, 0.00049896503333, -0.0014123711735, -6.41302976874e-05, 0.00182845047675, -0.000567523296922], [-0.000345093256328, 0.00100543606095, -0.000438187213149, 0.00101635279134, -0.00126177619677, 0.00472137052566, -0.00256592687219, 0.00241062953137, -0.000768986530602, -7.59092945373e-05, -0.00017089289031, -0.00216158689, 0.00097656052094], [0.000540453125723, -0.00111570348963, 0.000986688188277, -0.000790298916399, 0.000887421367224, -0.00256592687219, 0.00587148172781, -0.00225115730427, 0.00177443760913, -0.000538093736395, -0.00120344292372, 0.00124629354104, 7.87130411481e-05], [-0.000434970279457, 0.00137587625068, -0.000686236307956, 0.000689004664309, -0.00175549392588, 0.00241062953137, -0.00225115730427, 0.00801720656455, -0.00203476683237, 0.00243280827999, -0.000491824757773, -0.00159335928038, 0.000194025458768], [0.000438635266619, -0.00136303936597, 0.00123064545915, -0.00114146689884, 0.00049896503333, -0.000768986530602, 0.00177443760913, -0.00203476683237, 0.0099927559495, -0.00403356924653, 0.00277010747232, 6.37226476101e-05, 0.00267571653239], [-0.000268244504696, 0.00204197573476, -0.00120037805755, 0.00178131752182, -0.0014123711735, -7.59092945373e-05, -0.000538093736395, 0.00243280827999, -0.00403356924653, 0.0137904696167, -0.00638765888289, 0.00484986230731, -0.0027718686033], [0.000377310207114, -0.00213092309423, 0.000212639686652, -0.00162380514666, -6.41302976874e-05, -0.00017089289031, -0.00120344292372, -0.000491824757773, 0.00277010747232, -0.00638765888289, 0.0123960291967, -0.00509474100545, 0.00384090468287], [0.000194407723029, 0.000355825119186, 0.000232928985497, -0.000257017207332, 0.00182845047675, -0.00216158689, 0.00124629354104, -0.00159335928038, 6.37226476101e-05, 0.00484986230731, -0.00509474100545, 0.0127900037915, -0.00363339693286], [0.00028169946745, -0.00097805459518, 0.000137645140057, -0.00199805572629, -0.000567523296922, 0.00097656052094, 7.87130411481e-05, 0.000194025458768, 0.00267571653239, -0.0027718686033, 0.00384090468287, -0.00363339693286, 0.0146854147315]]
    },
    "melbands": {
        "mean": [0.000232588208746, 0.00126594654284, 0.00127732788678, 0.000755917106289, 0.000351137685357, 0.000212655693758, 0.000101700257801, 0.000148788909428, 0.000100359859061, 0.000116779912787, 0.000128293540911, 7.17327129678e-05, 7.20143507351e-05, 2.65239650616e-05, 2.3358996259e-05, 2.07318098546e-05, 1.71928713826e-05, 8.60273939907e-06, 5.66967992199e-06, 3.97164330934e-06, 3.97167968913e-06, 4.34348794442e-06, 5.17132730238e-06, 4.95925087307e-06, 2.41766042564e-06, 1.48510423514e-06, 1.68596136518e-06, 2.14262149711e-06, 1.54522740559e-06, 1.62180731422e-06, 3.01332465824e-06, 3.45410535374e-06, 1.78763002623e-06, 1.84043938134e-06, 2.92628783427e-06, 1.35535037771e-06, 1.22622350318e-06, 8.90844376045e-07, 4.26755462968e-07, 4.66114840947e-07]
    },
    "melbands128": {
        "mean": [4.05383798352e-05, 7.1377173299e-05, 0.000181575102033, 0.00077278225217, 0.0015579580795, 0.00144022458699, 0.00121029501315, 0.001408785698, 0.00113112921827, 0.000783395662438, 0.000445968093118, 0.000401074707042, 0.000268224277534, 0.000382749858545, 0.00023245466582, 0.000118029798614, 9.79008691502e-05, 8.82702952367e-05, 0.000108213127533, 0.000193103333004, 0.000144462333992, 9.15964410524e-05, 8.37023471831e-05, 0.000114784488687, 0.000143198296428, 8.51502118167e-05, 0.000140985401231, 0.000162691649166, 8.79908257048e-05, 7.25092759239e-05, 6.11409486737e-05, 7.64654105296e-05, 8.8782820967e-05, 6.05640234426e-05, 2.59151711361e-05, 2.11286969716e-05, 1.77286128746e-05, 1.85096250789e-05, 3.33683237841e-05, 2.44487819145e-05, 1.56961214088e-05, 1.78361115104e-05, 2.06157255889e-05, 1.55615507538e-05, 9.62310059549e-06, 7.37726077205e-06, 7.49084620111e-06, 5.62735249332e-06, 5.20974663232e-06, 4.3151862883e-06, 3.556220463e-06, 3.96317409468e-06, 3.65525193047e-06, 3.92291258322e-06, 4.83384246763e-06, 4.25363487011e-06, 4.0003524191e-06, 4.82382074551e-06, 5.62294690098e-06, 5.85740781389e-06, 5.52147321287e-06, 3.84919985663e-06, 2.91342325909e-06, 1.99235273612e-06, 1.57617000696e-06, 1.47689797814e-06, 1.54164001742e-06, 1.06215384221e-06, 1.60929789672e-06, 2.72314446192e-06, 2.31829062614e-06, 1.78444724952e-06, 1.63770982908e-06, 1.40551298955e-06, 1.52373615947e-06, 1.84793736935e-06, 1.32886486881e-06, 1.86520344414e-06, 3.00892497762e-06, 4.38877395936e-06, 4.78370066048e-06, 2.50700509241e-06, 1.57801434852e-06, 1.76971070687e-06, 1.94357812688e-06, 1.65719109191e-06, 1.44069451835e-06, 2.88177579932e-06, 3.35621780323e-06, 3.07141863232e-06, 1.28917542952e-06, 8.0542190517e-07, 1.34874755986e-06, 1.51893709699e-06, 9.56146323006e-07, 8.5498294311e-07, 1.01466230262e-06, 7.45917759559e-07, 3.16187282579e-07, 3.25748800378e-07, 4.03200260735e-07, 4.2204922579e-07, 6.35255275938e-07, 6.39984762074e-07, 3.45924291878e-07, 2.63546269252e-07, 2.53984268284e-07, 1.65962632082e-07, 1.36525414973e-07, 9.28796453081e-08, 7.1730603679e-08, 4.94840470822e-08, 3.79582978383e-08, 2.86116286219e-08, 1.92052294068e-08, 1.44528247148e-08, 1.08078372918e-08, 9.35659727475e-09, 7.43289962912e-09, 8.13178946402e-09, 7.30077154287e-09, 6.88152201889e-09, 6.21072349105e-09, 4.28891056004e-09, 1.56725543654e-09, 2.26994936736e-10, 1.04942417603e-11, 1.90748090066e-12]
    },
    "mfcc": {
        "mean": [-832.588989258, 158.218353271, 38.7103843689, 14.4980201721, 11.9862718582, 4.90249633789, 0.802118778229, 5.0913848877, -5.45925998688, -3.44632458687, 0.0992452651262, -2.81062150002, -5.69673299789],
        "cov": [[26870.1621094, -1408.28527832, -2695.08007812, -752.829101562, -622.842468262, -533.83380127, -1490.00280762, 668.911010742, 35.8948631287, -364.244812012, -414.147705078, -1030.26171875, -1056.44580078], [-1408.28527832, 3406.1315918, 354.090423584, -360.828216553, -12.5822486877, -58.153087616, 274.437469482, -109.881027222, -203.854324341, 60.1667137146, 180.15473938, 163.075180054, 149.451309204], [-2695.08007812, 354.090423584, 1127.60986328, 252.804595947, 95.5876235962, 64.1567153931, 177.858352661, -113.292678833, -99.4206008911, -51.9690933228, 64.1009750366, 200.754226685, 114.53427124], [-752.829101562, -360.828216553, 252.804595947, 577.468139648, 200.45300293, -37.5658874512, 61.8910484314, -34.6794166565, 39.65782547, -22.5040016174, -43.6994400024, 52.1772651672, 62.3768386841], [-622.842468262, -12.5822486877, 95.5876235962, 200.45300293, 346.977203369, 12.7054023743, 17.8170890808, -42.5252799988, 28.7472515106, 28.7574825287, -11.9760799408, 22.664018631, 27.4723911285], [-533.83380127, -58.153087616, 64.1567153931, -37.5658874512, 12.7054023743, 290.188262939, 127.161460876, -12.1184053421, -2.34722065926, 20.9425754547, 62.7439079285, 80.671875, 34.5474815369], [-1490.00280762, 274.437469482, 177.858352661, 61.8910484314, 17.8170890808, 127.161460876, 372.331665039, -1.30672895908, -21.6253108978, 30.8913249969, 47.2907676697, 122.479553223, 125.967010498], [668.911010742, -109.881027222, -113.292678833, -34.6794166565, -42.5252799988, -12.1184053421, -1.30672895908, 228.00378418, 15.8878250122, -41.6540794373, 11.8175191879, -20.2316894531, 1.88514590263], [35.8948631287, -203.854324341, -99.4206008911, 39.65782547, 28.7472515106, -2.34722065926, -21.6253108978, 15.8878250122, 156.261505127, 37.4732780457, -49.7534065247, -50.1751899719, -13.0288791656], [-364.244812012, 60.1667137146, -51.9690933228, -22.5040016174, 28.7574825287, 20.9425754547, 30.8913249969, -41.6540794373, 37.4732780457, 197.197723389, 27.3078422546, -19.300245285, 13.4293956757], [-414.147705078, 180.15473938, 64.1009750366, -43.6994400024, -11.9760799408, 62.7439079285, 47.2907676697, 11.8175191879, -49.7534065247, 27.3078422546, 177.48387146, 81.462020874, 9.14830303192], [-1030.26171875, 163.075180054, 200.754226685, 52.1772651672, 22.664018631, 80.671875, 122.479553223, -20.2316894531, -50.1751899719, -19.300245285, 81.462020874, 197.208908081, 92.0957183838], [-1056.44580078, 149.451309204, 114.53427124, 62.3768386841, 27.4723911285, 34.5474815369, 125.967010498, 1.88514590263, -13.0288791656, 13.4293956757, 9.14830303192, 92.0957183838, 184.776657104]],
        "icov": [[7.57710440666e-05, -2.00191589101e-05, 0.000124711514218, -5.6929551647e-05, 6.98734438629e-05, -6.08611371717e-05, 0.000166276397067, -0.000169094724697, 0.000145718382555, 5.44843460375e-05, 0.000115218877909, 7.84727017162e-05, 0.000242181413341], [-2.00191589101e-05, 0.000440034345957, -0.000142544566188, 0.000465021206765, -0.000217626831727, 0.000450445717433, -0.000399882090278, 0.000248112541158, 0.000212657512748, -3.50289556081e-05, -0.000324038264807, -1.71807569131e-05, -0.000278629420791], [0.000124711514218, -0.000142544566188, 0.00151870853733, -0.000653796945699, 0.000131453271024, -0.000196309338207, 0.000115422597446, 0.000194536565687, 0.000675181916449, 0.000390426022932, 0.000151983214892, -0.00061132904375, 0.000360546604497], [-5.6929551647e-05, 0.000465021206765, -0.000653796945699, 0.00313948537223, -0.00156016228721, 0.00113232794683, -0.000801765243523, 0.000385369436117, -0.000708070234396, 0.000374088122044, 7.99438057584e-05, -0.00047142864787, -0.000639378151391], [6.98734438629e-05, -0.000217626831727, 0.000131453271024, -0.00156016228721, 0.00393815059215, -0.00061037769774, 0.000613954267465, 0.000122052093502, -0.000267808354693, -0.000535443716217, 0.000291780539555, -6.76263225614e-05, 0.000168814498466], [-6.08611371717e-05, 0.000450445717433, -0.000196309338207, 0.00113232794683, -0.00061037769774, 0.00510151591152, -0.00186546111945, 0.000613336858805, -0.000745915982407, -2.20814545173e-05, -0.00125037203543, -0.00130277895369, 8.9775887318e-05], [0.000166276397067, -0.000399882090278, 0.000115422597446, -0.000801765243523, 0.000613954267465, -0.00186546111945, 0.00502778356895, -0.000959587516263, 0.000348429661244, -0.000685835140757, 0.000676737457979, -0.000943361432292, -0.00117596285418], [-0.000169094724697, 0.000248112541158, 0.000194536565687, 0.000385369436117, 0.000122052093502, 0.000613336858805, -0.000959587516263, 0.0057808496058, -0.00118658912834, 0.00166794552933, -0.00187146477401, 0.000871557800565, -0.00150240026414], [0.000145718382555, 0.000212657512748, 0.000675181916449, -0.000708070234396, -0.000267808354693, -0.000745915982407, 0.000348429661244, -0.00118658912834, 0.008987640962, -0.00185427849647, 0.00226719141938, 0.000967194791883, 0.000609685957897], [5.44843460375e-05, -3.50289556081e-05, 0.000390426022932, 0.000374088122044, -0.000535443716217, -2.20814545173e-05, -0.000685835140757, 0.00166794552933, -0.00185427849647, 0.00682991091162, -0.00234693661332, 0.00215487577952, -0.0010791446548], [0.000115218877909, -0.000324038264807, 0.000151983214892, 7.99438057584e-05, 0.000291780539555, -0.00125037203543, 0.000676737457979, -0.00187146477401, 0.00226719141938, -0.00234693661332, 0.00935863889754, -0.00410919124261, 0.00246296986006], [7.84727017162e-05, -1.71807569131e-05, -0.00061132904375, -0.00047142864787, -6.76263225614e-05, -0.00130277895369, -0.000943361432292, 0.000871557800565, 0.000967194791883, 0.00215487577952, -0.00410919124261, 0.0113089745864, -0.00363305653445], [0.000242181413341, -0.000278629420791, 0.000360546604497, -0.000639378151391, 0.000168814498466, 8.9775887318e-05, -0.00117596285418, -0.00150240026414, 0.000609685957897, -0.0010791446548, 0.00246296986006, -0.00363305653445, 0.00959969032556]]
    },
    "spectral_contrast_coeffs": {
        "mean": [-0.686495542526, -0.764865577221, -0.761246979237, -0.79562920332, -0.812754690647, -0.8304220438]
    },
    "spectral_contrast_valleys": {
        "mean": [-7.69792366028, -8.14072418213, -9.33556652069, -9.87398433685, -10.1533575058, -12.0096321106]
    }
},
"rhythm": {
    "beats_count": 322,
    "beats_loudness": {
        "mean": 0.0236278623343
    },
    "bpm": 112.108680725,
    "bpm_histogram_first_peak_bpm": 112,
    "bpm_histogram_first_peak_weight": 0.649635016918,
    "bpm_histogram_second_peak_bpm": 117,
    "bpm_histogram_second_peak_spread": 0.25,
    "bpm_histogram_second_peak_weight": 0.102803736925,
    "danceability": 0.85151040554,
    "onset_rate": 2.02069282532,
    "beats_loudness_band_ratio": {
        "mean": [0.600999116898, 0.197286233306, 0.116570055485, 0.0629290267825, 0.0298024062067, 0.0436863340437]
    },
    "beats_position": [0.53405892849, 1.06811785698, 1.60217678547, 2.12462592125, 2.6470746994, 3.15791368484, 3.66875267029, 4.19120168686, 4.71365070343, 5.23609972, 5.75854873657, 6.26938772202, 6.79183673859, 7.31428575516, 7.83673477173, 8.35918331146, 8.893242836, 9.29959201813, 9.70594120026, 10.1122903824, 10.5186395645, 10.9249887466, 11.3313379288, 11.7376871109, 12.1324262619, 12.538775444, 12.933514595, 13.328253746, 13.722992897, 14.117732048, 14.5356912613, 15.0233106613, 15.4993190765, 15.9753284454, 16.4513378143, 16.9273471832, 17.4149665833, 17.9258041382, 18.4366436005, 18.9474830627, 19.458322525, 19.96916008, 20.4916095734, 20.9211788177, 21.3507480621, 21.7919273376, 22.221496582, 22.6626758575, 23.1038551331, 23.5334243774, 23.9629936218, 24.40417099, 24.8337402344, 25.3561897278, 25.8786392212, 26.4126987457, 26.9351463318, 27.4575958252, 27.9800453186, 28.5024929047, 29.0365524292, 29.5822219849, 30.1278915405, 30.6735591888, 31.2888889313, 31.9042167664, 32.5311546326, 33.1580963135, 33.7734222412, 34.3887519836, 35.0040817261, 35.6194114685, 36.2231292725, 36.8152389526, 37.3609046936, 37.8949661255, 38.4406356812, 38.9630813599, 39.4855308533, 40.0079803467, 40.5188217163, 41.0296592712, 41.5404968262, 42.0281181335, 42.5273475647, 43.0265769958, 43.4909744263, 43.9553718567, 44.4197731018, 44.8029022217, 45.1744194031, 45.5459403992, 45.929069519, 46.3121986389, 46.6953277588, 47.0668487549, 47.4383659363, 47.8098869324, 48.16979599, 48.5297050476, 48.8896141052, 49.2263031006, 49.5746040344, 49.934513092, 50.2944221497, 50.6543312073, 51.0142402649, 51.3741493225, 51.7340583801, 52.1287956238, 52.5235366821, 52.9182739258, 53.3362350464, 53.73097229, 54.1141014099, 54.4972343445, 54.8803634644, 55.2634925842, 55.6350097656, 56.0065307617, 56.3780479431, 56.7495689392, 57.1210861206, 57.4926071167, 57.8641242981, 58.2588653564, 58.6303825378, 59.0019035339, 59.37342453, 59.884262085, 60.3950996399, 60.9059410095, 61.4399986267, 61.9508361816, 62.4616775513, 62.9725151062, 63.4949645996, 64.0058059692, 64.5166397095, 65.0158691406, 65.5963668823, 66.1768722534, 66.7573699951, 67.3146438599, 67.871925354, 68.4408187866, 69.0097045898, 69.5553741455, 70.1010437012, 70.6467132568, 71.1923828125, 71.7264404297, 72.2604980469, 72.7945556641, 73.2821731567, 73.7581863403, 74.2341918945, 74.7450332642, 75.2674789429, 75.7783203125, 76.2659378052, 76.7535552979, 77.2295684814, 77.7055740356, 78.1815872192, 78.6692047119, 79.1568222046, 79.6444396973, 80.1320648193, 80.584854126, 81.0376434326, 81.5020370483, 82.0360946655, 82.5701599121, 83.1042175293, 83.6382751465, 84.1491165161, 84.6599502563, 85.170791626, 85.6932373047, 86.2040786743, 86.7149200439, 87.2141494751, 87.7365951538, 88.2590484619, 88.7814941406, 89.3039474487, 89.8380050659, 90.3720626831, 90.9061203003, 91.4401779175, 91.9742355347, 92.4966888428, 93.0191345215, 93.5299758911, 94.0640335083, 94.5980911255, 95.1321487427, 95.6662139893, 96.2118835449, 96.7459411621, 97.2683868408, 97.802444458, 98.3132858276, 98.8241271973, 99.3349609375, 99.8341903687, 100.3334198, 100.832649231, 101.331878662, 101.831108093, 102.330337524, 102.887619019, 103.433288574, 103.97895813, 104.524627686, 105.070289612, 105.627571106, 106.173240662, 106.718910217, 107.276191711, 107.833465576, 108.379135132, 108.924804688, 109.470474243, 110.050971985, 110.631469727, 111.200363159, 111.722808838, 112.245262146, 112.779319763, 113.31337738, 113.835823059, 114.358276367, 114.903945923, 115.449615479, 115.995285034, 116.529342651, 117.075012207, 117.609069824, 118.143127441, 118.66557312, 119.211242676, 119.756912231, 120.302581787, 120.825035095, 121.359092712, 121.89315033, 122.427207947, 122.972877502, 123.50693512, 124.040992737, 124.551834106, 125.085891724, 125.631561279, 126.177230835, 126.711288452, 127.245346069, 127.779411316, 128.301864624, 128.835922241, 129.35836792, 129.880813599, 130.403259277, 130.937316895, 131.471374512, 132.017044067, 132.551101685, 133.085174561, 133.630844116, 134.164901733, 134.698959351, 135.233016968, 135.767074585, 136.312744141, 136.858413696, 137.41569519, 137.961364746, 138.53024292, 139.099136353, 139.668029785, 140.155639648, 140.643264771, 141.130874634, 141.641723633, 142.152557373, 142.651794434, 143.197463989, 143.754730225, 144.323623657, 144.89251709, 145.449798584, 146.007064819, 146.564346313, 147.110015869, 147.632461548, 148.154922485, 148.607711792, 149.060501099, 149.513290405, 149.954467773, 150.395645142, 150.83682251, 151.277999878, 151.719177246, 152.160354614, 152.589935303, 153.042724609, 153.495513916, 153.959899902, 154.412689209, 154.807434082, 155.202178955, 155.585296631, 156.038085938, 156.467666626, 156.908843994, 157.350021362, 157.802810669, 158.243988037, 158.696777344, 159.137954712],
    "bpm_histogram": [0, 0, 0, 0, 0, 0, 0, 0, 0, 0, 0, 0, 0, 0, 0, 0, 0, 0, 0, 0, 0, 0, 0, 0, 0, 0, 0, 0, 0, 0, 0, 0, 0, 0, 0, 0, 0, 0, 0, 0, 0, 0, 0, 0, 0, 0, 0, 0, 0, 0, 0, 0, 0, 0, 0, 0, 0, 0, 0, 0, 0, 0, 0, 0, 0, 0, 0, 0, 0, 0, 0, 0, 0, 0, 0, 0, 0, 0, 0, 0, 0, 0, 0, 0, 0, 0, 0, 0, 0, 0, 0, 0, 0, 0, 0, 0, 0.00623052939773, 0, 0.0186915881932, 0.00311526469886, 0, 0.00311526469886, 0, 0.0155763244256, 0, 0.0249221175909, 0, 0, 0.0342679135501, 0, 0.112149529159, 0, 0.149532705545, 0, 0, 0.130841121078, 0, 0.102803736925, 0, 0, 0.0342679135501, 0, 0, 0.0404984429479, 0, 0, 0.0280373822898, 0, 0, 0.0155763244256, 0, 0, 0, 0.0342679135501, 0, 0, 0.0436137057841, 0, 0, 0, 0.0249221175909, 0, 0, 0, 0.00623052939773, 0, 0, 0, 0.0249221175909, 0, 0, 0, 0.0373831763864, 0, 0, 0, 0, 0.0280373822898, 0, 0, 0, 0.0467289723456, 0, 0, 0, 0, 0, 0.0280373822898, 0, 0, 0, 0, 0.00311526469886, 0, 0, 0, 0, 0, 0.00311526469886, 0, 0, 0, 0, 0, 0, 0, 0, 0, 0, 0, 0, 0, 0, 0, 0, 0, 0, 0, 0, 0, 0, 0, 0, 0, 0, 0, 0, 0, 0, 0, 0, 0, 0, 0, 0, 0, 0, 0, 0, 0, 0, 0, 0, 0, 0, 0, 0, 0, 0, 0, 0, 0, 0, 0, 0, 0, 0, 0, 0, 0, 0, 0, 0, 0, 0, 0, 0, 0, 0, 0]
},
"tonal": {
    "chords_changes_rate": 0.0444379895926,
    "chords_number_rate": 0.00232355506159,
    "chords_strength": {
        "mean": 0.567637324333
    },
    "hpcp_crest": {
        "mean": 15.6297006607
    },
    "hpcp_entropy": {
        "mean": 1.75780212879
    },
    "key_edma": {
        "strength": 0.754378855228,
        "key": "C",
        "scale": "major"
    },
    "key_krumhansl": {
        "strength": 0.769597172737,
        "key": "C",
        "scale": "major"
    },
    "key_temperley": {
        "strength": 0.784607887268,
        "key": "C",
        "scale": "major"
    },
    "tuning_diatonic_strength": 0.652951538563,
    "tuning_equal_tempered_deviation": 0.0250414200127,
    "tuning_frequency": 440.508636475,
    "tuning_nontempered_energy_ratio": 0.668511331081,
    "hpcp": {
        "mean": [0.286686837673, 0.159729346633, 0.0380498431623, 0.0287603940815, 0.034363374114, 0.0734952390194, 0.12830004096, 0.119001626968, 0.178356945515, 0.264416247606, 0.153269723058, 0.0428637601435, 0.0320402272046, 0.0257692020386, 0.0556498467922, 0.0968268215656, 0.0746082291007, 0.0369519405067, 0.0341506004333, 0.0555550716817, 0.149346783757, 0.225805222988, 0.149962469935, 0.106552585959, 0.104907624424, 0.0566245689988, 0.0502386167645, 0.0599177069962, 0.0742644071579, 0.183324337006, 0.258896946907, 0.149128481746, 0.0591373629868, 0.0525097697973, 0.0627533346415, 0.187750890851]
    },
    "chords_histogram": [30.2643051147, 5.4893989563, 13.9994192123, 0.609933197498, 2.58495497704, 0.17426662147, 8.07435417175, 0.116177752614, 0.464711010456, 0.755155384541, 0.842288672924, 0.0290444381535, 0, 0, 0, 0.232355505228, 0.145222187042, 0.493755459785, 0.0871333107352, 1.13273310661, 0.290444374084, 0, 9.11995315552, 25.0943946838],
    "thpcp": [1, 0.557156205177, 0.1327226758, 0.100319899619, 0.119863800704, 0.256360709667, 0.447526782751, 0.415092736483, 0.622131586075, 0.922317385674, 0.534624218941, 0.149514228106, 0.111760370433, 0.0898862406611, 0.194113716483, 0.33774420619, 0.260242938995, 0.128893047571, 0.119121618569, 0.193783119321, 0.520940482616, 0.787637233734, 0.523088097572, 0.37166890502, 0.365931093693, 0.197513669729, 0.175238654017, 0.209000557661, 0.25904366374, 0.639458477497, 0.90306532383, 0.520179033279, 0.206278607249, 0.183160722256, 0.218891575933, 0.654898881912],
    "chords_key": "C",
    "chords_scale": "major"
}
}