{
"metadata": {
    "version": {
        "essentia": "2.1-beta6-dev",
        "essentia_git_sha": "v2.1_beta5-1177-g1d1cc983",
        "extractor": "music 2.0"
    },
    "audio_properties": {
        "analysis": {
            "equal_loudness": 0,
            "length": 298.839996338,
            "sample_rate": 44100,
            "start_time": 0,
            "downmix": "mix"
        },
        "bit_rate": 1411200,
        "length": 298.839996338,
        "lossless": 1,
        "number_channels": 2,
        "replay_gain": -13.8929653168,
        "sample_rate": 44100,
        "codec": "pcm_s16le",
        "md5_encoded": "3394ce49f79a3f51429262ccf939e6e7"
    },
    "tags": {
        "file_name": "06 - Manchester Orchestra - I Can Barely Breathe.wav",
        "album": ["I'm Like a Virgin Losing a Child"],
        "albumartist": ["Manchester Orchestra"],
        "artist": ["Manchester Orchestra"],
        "copyright": ["2006 Favorite Gentlemen 2006 Favorite Gentlemen"],
        "date": ["2006"],
        "discnumber": ["1"],
        "disctotal": ["1"],
        "genre": ["Alternative & Indie"],
        "isrc": ["USTC10665308"],
        "title": ["I Can Barely Breathe"],
        "tracknumber": ["6"],
        "tracktotal": ["11"]
    }
},
"lowlevel": {
    "average_loudness": 0.761721551418,
    "barkbands_crest": {
        "mean": 9.97442245483
    },
    "barkbands_flatness_db": {
        "mean": 0.133768722415
    },
    "barkbands_kurtosis": {
        "mean": 5.2247595787
    },
    "barkbands_skewness": {
        "mean": 1.60671174526
    },
    "barkbands_spread": {
        "mean": 26.3739051819
    },
    "dissonance": {
        "mean": 0.464211285114
    },
    "dynamic_complexity": 6.45104551315,
    "erbbands_crest": {
        "mean": 8.12683486938
    },
    "erbbands_flatness_db": {
        "mean": 0.156284883618
    },
    "erbbands_kurtosis": {
        "mean": 0.724807560444
    },
    "erbbands_skewness": {
        "mean": 0.266538918018
    },
    "erbbands_spread": {
        "mean": 40.1619682312
    },
    "hfc": {
        "mean": 19.9094810486
    },
    "loudness_ebu128": {
        "integrated": -8.67120075226,
        "loudness_range": 16.2637882233,
        "momentary": {
            "mean": -13.6633281708
        },
        "short_term": {
            "mean": -12.7732925415
        }
    },
    "melbands_crest": {
        "mean": 13.8484420776
    },
    "melbands_flatness_db": {
        "mean": 0.202704340219
    },
    "melbands_kurtosis": {
        "mean": 14.4211320877
    },
    "melbands_skewness": {
        "mean": 2.73497056961
    },
    "melbands_spread": {
        "mean": 25.8541641235
    },
    "pitch_salience": {
        "mean": 0.568447589874
    },
    "silence_rate_20dB": {
        "mean": 1
    },
    "silence_rate_30dB": {
        "mean": 0.985859692097
    },
    "silence_rate_60dB": {
        "mean": 0.250485599041
    },
    "spectral_centroid": {
        "mean": 1652.96289062
    },
    "spectral_complexity": {
        "mean": 22.7816791534
    },
    "spectral_decrease": {
        "mean": -6.14606765481e-09
    },
    "spectral_energy": {
        "mean": 0.0250025168061
    },
    "spectral_energyband_high": {
        "mean": 0.00102849781979
    },
    "spectral_energyband_low": {
        "mean": 0.0108690103516
    },
    "spectral_energyband_middle_high": {
        "mean": 0.00550892530009
    },
    "spectral_energyband_middle_low": {
        "mean": 0.00902733113617
    },
    "spectral_entropy": {
        "mean": 7.57338571548
    },
    "spectral_flux": {
        "mean": 0.0675993412733
    },
    "spectral_kurtosis": {
        "mean": 4.83298015594
    },
    "spectral_rms": {
        "mean": 0.00423650257289
    },
    "spectral_rolloff": {
        "mean": 1596.54370117
    },
    "spectral_skewness": {
        "mean": 1.36644029617
    },
    "spectral_spread": {
        "mean": 4273237
    },
    "spectral_strongpeak": {
        "mean": 0.579083800316
    },
    "zerocrossingrate": {
        "mean": 0.0639702305198
    },
    "barkbands": {
        "mean": [0.000482014409499, 0.00674620037898, 0.00238358718343, 0.00304853403941, 0.0024353233166, 0.000973477959633, 0.000587468908634, 0.000418226991314, 0.00116017297842, 0.000789911660831, 0.000530533143319, 0.00104166765232, 0.000540671986528, 0.000500137917697, 0.000312532647513, 0.000469741149573, 0.000520556699485, 0.000288735871436, 0.00050054868916, 0.000509267149027, 0.000320505612763, 0.000133646855829, 9.11879251362e-05, 0.000126543629449, 6.0606347688e-05, 2.5741655918e-05, 4.99343923366e-06]
    },
    "erbbands": {
        "mean": [0.19854837656, 1.47052526474, 2.77499103546, 6.7853975296, 10.3141708374, 7.31897354126, 7.73028278351, 7.23758602142, 7.31782341003, 10.5146913528, 10.7491445541, 24.2924728394, 32.362537384, 19.4557933807, 27.0764961243, 43.0735778809, 26.7146568298, 27.2616767883, 18.6403598785, 16.7940940857, 31.5646343231, 27.462436676, 16.869474411, 19.9319286346, 27.1251010895, 23.9072971344, 17.3649635315, 9.87905788422, 5.08135271072, 3.3613255024, 2.6597237587, 3.11113715172, 1.62861979008, 0.738684415817, 0.412807285786, 0.145240738988, 0.0402492918074, 0.00889700464904, 0.000863201392349, 6.79084987496e-05]
    },
    "gfcc": {
        "mean": [-46.1207122803, 94.4183654785, -118.663406372, 35.0425949097, -53.8789482117, 1.7163271904, -23.0161380768, 6.9523601532, -28.7206878662, -0.162036046386, -15.6486635208, -4.63748884201, -8.33591747284],
        "cov": [[30214.8671875, -3880.37475586, -367.633087158, 2467.53466797, 308.419342041, 3531.44995117, -429.495605469, 1146.28417969, 126.852622986, 557.730407715, 3.9437251091, 479.411254883, -132.9271698], [-3880.37475586, 2041.71862793, -611.151123047, -507.617553711, 87.6398086548, -874.155944824, 323.877105713, -276.418334961, -24.9315624237, -127.696350098, 68.6469345093, -215.02281189, 40.9551582336], [-367.633087158, -611.151123047, 1688.0892334, 113.698425293, 88.4153442383, 435.565185547, -241.418334961, 217.820602417, 33.892364502, 78.6113815308, -35.0692520142, 187.950820923, -35.8582077026], [2467.53466797, -507.617553711, 113.698425293, 616.00958252, 138.289672852, 446.401153564, 19.5290565491, 109.415802002, 111.092674255, 88.0685348511, 27.5347118378, 95.9303894043, 44.1809082031], [308.419342041, 87.6398086548, 88.4153442383, 138.289672852, 307.779022217, 139.896987915, 102.325737, 45.2311477661, 52.7469062805, 53.9791069031, 40.6080703735, 23.0649108887, 11.392950058], [3531.44995117, -874.155944824, 435.565185547, 446.401153564, 139.896987915, 818.937316895, -69.1748046875, 219.613342285, 77.910369873, 118.975486755, 23.8913955688, 142.067749023, -15.3778057098], [-429.495605469, 323.877105713, -241.418334961, 19.5290565491, 102.325737, -69.1748046875, 266.300567627, -43.2962989807, 33.9975852966, 18.6414871216, 41.6020011902, -34.9513130188, 28.6963405609], [1146.28417969, -276.418334961, 217.820602417, 109.415802002, 45.2311477661, 219.613342285, -43.2962989807, 182.623977661, 33.5201683044, 41.3756790161, -0.448901623487, 41.4464454651, -19.1179904938], [126.852622986, -24.9315624237, 33.892364502, 111.092674255, 52.7469062805, 77.910369873, 33.9975852966, 33.5201683044, 107.481460571, 41.677986145, 17.5660171509, 15.0073900223, 21.8914070129], [557.730407715, -127.696350098, 78.6113815308, 88.0685348511, 53.9791069031, 118.975486755, 18.6414871216, 41.3756790161, 41.677986145, 93.6057815552, 29.5008506775, 27.4531154633, 3.59562540054], [3.9437251091, 68.6469345093, -35.0692520142, 27.5347118378, 40.6080703735, 23.8913955688, 41.6020011902, -0.448901623487, 17.5660171509, 29.5008506775, 72.9088745117, 22.8313064575, 10.4278726578], [479.411254883, -215.02281189, 187.950820923, 95.9303894043, 23.0649108887, 142.067749023, -34.9513130188, 41.4464454651, 15.0073900223, 27.4531154633, 22.8313064575, 103.288917542, 25.4076251984], [-132.9271698, 40.9551582336, -35.8582077026, 44.1809082031, 11.392950058, -15.3778057098, 28.6963405609, -19.1179904938, 21.8914070129, 3.59562540054, 10.4278726578, 25.4076251984, 66.3904571533]],
        "icov": [[0.000144288089359, -0.000158318609465, 0.000300910003716, -0.000306649395498, 0.000153557572048, -0.000594247190747, 0.000251404882874, -0.000467200385174, 0.00056107173441, -0.000545969873201, 0.00051570055075, -0.000313264230499, 0.00022940018971], [-0.000158318609465, 0.00178663735278, -0.000498919689562, 0.000823743932415, -0.00105472421274, 0.00177763123065, -0.00112169270869, 0.000816469953861, -0.0011990898056, 0.00200300803408, -0.00262238178402, 0.00216062041, -0.00105216074735], [0.000300910003716, -0.000498919689562, 0.0016595806228, -0.000338121521054, -6.43088424113e-06, -0.00147703767288, 0.00117691257037, -0.00141811836511, 0.000891364004929, -0.00167139014229, 0.00229893205687, -0.00263361330144, 0.00121693592519], [-0.000306649395498, 0.000823743932415, -0.000338121521054, 0.00427525211126, -0.00112502684351, -0.000105926657852, -0.000756063382141, 0.00120734772645, -0.00320610101335, 0.00134088483173, -0.000981382094324, 0.000330110546201, -0.00229445099831], [0.000153557572048, -0.00105472421274, -6.43088424113e-06, -0.00112502684351, 0.00538394646719, -0.00155570649076, -0.00121684873011, -0.00104788911995, 0.000548789044842, -0.00187564373482, 0.000356589909643, -0.000762316922192, 0.000799605855718], [-0.000594247190747, 0.00177763123065, -0.00147703767288, -0.000105926657852, -0.00155570649076, 0.00655861617997, -0.00144672510214, 0.00037263717968, -0.00234195985831, 0.00191042060032, -0.00315637653694, 0.000328621390508, 0.000543853675481], [0.000251404882874, -0.00112169270869, 0.00117691257037, -0.000756063382141, -0.00121684873011, -0.00144672510214, 0.00704432604834, -0.00037572052679, 0.000465804478154, -0.00231554382481, -0.00021074077813, 0.000751042622142, -0.00122767791618], [-0.000467200385174, 0.000816469953861, -0.00141811836511, 0.00120734772645, -0.00104788911995, 0.00037263717968, -0.00037572052679, 0.0107641695067, -0.00374047760852, 0.00116396928206, -0.00115707807709, 0.000697447627317, 0.00160488882102], [0.00056107173441, -0.0011990898056, 0.000891364004929, -0.00320610101335, 0.000548789044842, -0.00234195985831, 0.000465804478154, -0.00374047760852, 0.016625283286, -0.00654042046517, 0.00177551049273, 0.000709120708052, -0.00311502418481], [-0.000545969873201, 0.00200300803408, -0.00167139014229, 0.00134088483173, -0.00187564373482, 0.00191042060032, -0.00231554382481, 0.00116396928206, -0.00654042046517, 0.0203409474343, -0.00882817339152, 0.00268569448963, -0.000609608658124], [0.00051570055075, -0.00262238178402, 0.00229893205687, -0.000981382094324, 0.000356589909643, -0.00315637653694, -0.00021074077813, -0.00115707807709, 0.00177551049273, -0.00882817339152, 0.024557992816, -0.0107058882713, 0.00364311807789], [-0.000313264230499, 0.00216062041, -0.00263361330144, 0.000330110546201, -0.000762316922192, 0.000328621390508, 0.000751042622142, 0.000697447627317, 0.000709120708052, 0.00268569448963, -0.0107058882713, 0.0241831429303, -0.0114716487005], [0.00022940018971, -0.00105216074735, 0.00121693592519, -0.00229445099831, 0.000799605855718, 0.000543853675481, -0.00122767791618, 0.00160488882102, -0.00311502418481, -0.000609608658124, 0.00364311807789, -0.0114716487005, 0.0242146253586]]
    },
    "melbands": {
        "mean": [0.00186169205699, 0.00165964430198, 0.00132860254962, 0.00060705060605, 0.000280837557511, 0.00016850270913, 0.000114464193757, 0.000108451291453, 9.67956075328e-05, 0.000163908116519, 0.000160072158906, 7.50350154703e-05, 8.30641947687e-05, 0.000113367146696, 9.14070333238e-05, 4.84026713821e-05, 5.06880242028e-05, 3.07044829242e-05, 2.17899414565e-05, 2.31413960137e-05, 4.11002074543e-05, 3.07092523144e-05, 1.84730597539e-05, 1.39143985507e-05, 1.57136146299e-05, 2.08788187592e-05, 1.79127928277e-05, 1.54338194989e-05, 1.23612662719e-05, 7.2612515396e-06, 4.96382335768e-06, 2.94582241622e-06, 2.21470986617e-06, 1.69057909716e-06, 1.53408632286e-06, 1.55505949806e-06, 2.09151335184e-06, 1.14725958156e-06, 8.00759437425e-07, 5.65296545574e-07]
    },
    "melbands128": {
        "mean": [0.000397714989958, 0.00149409566075, 0.00257386220619, 0.00240896665491, 0.00149327411782, 0.00120023021009, 0.00130748387892, 0.00162991229445, 0.00103024824057, 0.000491044775117, 0.000381965975976, 0.000303212669678, 0.00025861596805, 0.000254569400568, 0.000156003268785, 0.000139207812026, 0.000117255527584, 0.000104683473182, 0.000106953797513, 0.000148393854033, 7.94569423306e-05, 7.78272515163e-05, 7.74121435825e-05, 0.000138916482683, 0.00016087613767, 0.000154319699504, 0.000240227993345, 0.000175931520062, 7.3064424214e-05, 9.01317544049e-05, 5.78625513299e-05, 7.85830561654e-05, 9.48696542764e-05, 7.08983279765e-05, 0.000103215250419, 0.00013111330918, 0.000127360370243, 9.04727494344e-05, 7.94444931671e-05, 4.07284969697e-05, 3.60998601536e-05, 6.55848634779e-05, 5.48952957615e-05, 4.22552584496e-05, 3.55128177034e-05, 2.90815896733e-05, 2.54983315244e-05, 2.05553333217e-05, 1.94028580154e-05, 2.51449382631e-05, 1.87492278201e-05, 2.46043437073e-05, 4.35659530922e-05, 4.99321977259e-05, 3.67003776773e-05, 2.9140184779e-05, 2.28943699767e-05, 2.49402401096e-05, 1.40335851029e-05, 1.21604707601e-05, 1.45879612319e-05, 1.47883429236e-05, 1.31068663904e-05, 1.59294504556e-05, 1.96479504666e-05, 2.25061248784e-05, 2.06870008697e-05, 1.88638550753e-05, 1.68280766957e-05, 1.7701600882e-05, 1.51043495862e-05, 1.43335273606e-05, 1.4868173821e-05, 1.29691243274e-05, 8.47601495479e-06, 6.92639059707e-06, 6.81893698129e-06, 6.8567865128e-06, 4.51242885902e-06, 3.50788604919e-06, 2.97724363918e-06, 2.94612800644e-06, 2.20521928895e-06, 2.16717717194e-06, 2.25805547416e-06, 1.65739527347e-06, 1.37805045597e-06, 1.92381162378e-06, 1.59562614499e-06, 1.21296818634e-06, 1.34032859478e-06, 1.83676650067e-06, 1.58102511705e-06, 2.8053261758e-06, 1.79953542556e-06, 1.03809475149e-06, 1.08772144358e-06, 1.20542449622e-06, 7.51440325075e-07, 6.52561823244e-07, 5.97637551891e-07, 5.06125672928e-07, 5.96231018335e-07, 5.50570746327e-07, 5.10701113399e-07, 3.78900494979e-07, 3.60247668141e-07, 2.73743410162e-07, 2.56225604289e-07, 1.92685163825e-07, 1.65666477869e-07, 1.22149685922e-07, 1.17882997586e-07, 1.13015587999e-07, 1.0655897853e-07, 8.53386481481e-08, 5.99373919385e-08, 4.26835420342e-08, 3.13984571676e-08, 2.58436081424e-08, 2.00417709095e-08, 1.46266794232e-08, 1.20147802818e-08, 8.22548074098e-09, 5.19492449058e-09, 2.25178409252e-09, 2.27410756892e-10, 8.63448028354e-12]
    },
    "mfcc": {
        "mean": [-682.54675293, 119.677764893, -4.74330854416, 32.7597885132, -5.76825380325, 0.855945825577, 9.44992733002, 1.73467850685, 0.277936190367, 3.15866470337, -7.30290126801, 1.13245630264, -2.42981410027],
        "cov": [[25825.8496094, -2712.78417969, -506.502319336, 304.632598877, 980.679321289, 1815.37243652, 779.973266602, 978.849731445, 657.389892578, 475.267303467, 279.033508301, 792.442749023, 27.2054538727], [-2712.78417969, 1724.45996094, -334.625671387, -27.6187458038, -292.871704102, -463.259094238, -21.5994567871, -219.077270508, -167.79788208, -23.4410362244, -77.0658874512, -168.112319946, -9.59266471863], [-506.502319336, -334.625671387, 1154.39672852, -33.3879699707, 340.485809326, 107.346908569, -35.0580940247, 111.236457825, 64.9697875977, -11.1258106232, 54.8164482117, 32.297504425, 26.0931529999], [304.632598877, -27.6187458038, -33.3879699707, 283.672485352, 36.681060791, 97.9275131226, 19.5561752319, 18.2627658844, 70.7541503906, -14.1283826828, 17.135093689, 38.4406013489, 34.3121490479], [980.679321289, -292.871704102, 340.485809326, 36.681060791, 371.11328125, 180.463241577, 57.6196632385, 121.545875549, 77.7175521851, 46.5870437622, 52.1080360413, 79.385925293, 29.1078643799], [1815.37243652, -463.259094238, 107.346908569, 97.9275131226, 180.463241577, 438.817565918, 113.804260254, 137.92300415, 128.645767212, 28.4215183258, 78.6802139282, 120.855125427, 38.0132446289], [779.973266602, -21.5994567871, -35.0580940247, 19.5561752319, 57.6196632385, 113.804260254, 168.168807983, 66.0891342163, 37.4343223572, 44.4863204956, 36.5304031372, 49.6505775452, 18.069524765], [978.849731445, -219.077270508, 111.236457825, 18.2627658844, 121.545875549, 137.92300415, 66.0891342163, 149.276550293, 68.7557220459, 27.5594425201, 31.558807373, 61.8613891602, 13.223938942], [657.389892578, -167.79788208, 64.9697875977, 70.7541503906, 77.7175521851, 128.645767212, 37.4343223572, 68.7557220459, 125.907402039, 37.0001716614, 35.7882080078, 48.9970588684, 15.5934209824], [475.267303467, -23.4410362244, -11.1258106232, -14.1283826828, 46.5870437622, 28.4215183258, 44.4863204956, 27.5594425201, 37.0001716614, 101.337234497, 36.8348464966, 19.5719776154, -3.59286165237], [279.033508301, -77.0658874512, 54.8164482117, 17.135093689, 52.1080360413, 78.6802139282, 36.5304031372, 31.558807373, 35.7882080078, 36.8348464966, 75.8973007202, 45.7427902222, 11.4371938705], [792.442749023, -168.112319946, 32.297504425, 38.4406013489, 79.385925293, 120.855125427, 49.6505775452, 61.8613891602, 48.9970588684, 19.5719776154, 45.7427902222, 110.14176178, 31.5304965973], [27.2054538727, -9.59266471863, 26.0931529999, 34.3121490479, 29.1078643799, 38.0132446289, 18.069524765, 13.223938942, 15.5934209824, -3.59286165237, 11.4371938705, 31.5304965973, 68.0167541504]],
        "icov": [[7.80340196798e-05, 3.98726515414e-05, 8.34974198369e-05, -4.91782884637e-06, -5.70278753003e-05, -0.000178275906364, -5.73548168177e-05, -0.000205111442483, 3.18391175824e-05, -0.000241505884333, 0.000277463492239, -0.000286470982246, 0.000190101913176], [3.98726515414e-05, 0.0010190847097, 0.000108531756268, -0.000293552235235, 0.000107442036096, 0.000819121778477, -0.000880680920091, 0.000460602896055, 0.000284843874397, -0.000177109221113, -0.000156632289873, 0.000600416329689, -0.000451784813777], [8.34974198369e-05, 0.000108531756268, 0.0015186619712, 0.000432722299593, -0.0014605531469, 8.82453095983e-05, 0.000532806443516, -0.000651512295008, -0.000485100288643, 0.000862339220475, -0.000970750232227, 0.000574428529944, -0.000204426323762], [-4.91782884637e-06, -0.000293552235235, 0.000432722299593, 0.00486815534532, -0.000549841381144, -0.000524793169461, 0.000144545891089, 0.000977344228886, -0.00326709612273, 0.00207875925116, -0.000350825896021, -0.000274054298643, -0.00131622131448], [-5.70278753003e-05, 0.000107442036096, -0.0014605531469, -0.000549841381144, 0.00555538292974, -0.000749041384552, -4.92025465064e-05, -0.00171186693478, 0.000712175271474, -0.00210194522515, 0.000582764216233, -0.00100515584927, -0.000643601932097], [-0.000178275906364, 0.000819121778477, 8.82453095983e-05, -0.000524793169461, -0.000749041384552, 0.00617522653192, -0.00210474524647, -0.000294869561912, -0.0024834217038, 0.00261292071082, -0.00299246166833, -0.000339633756084, -0.000728458922822], [-5.73548168177e-05, -0.000880680920091, 0.000532806443516, 0.000144545891089, -4.92025465064e-05, -0.00210474524647, 0.00988385919482, -0.00315356394276, 0.00126635213383, -0.00272168661468, -0.000923177867662, -0.000867434602696, -0.00107061723247], [-0.000205111442483, 0.000460602896055, -0.000651512295008, 0.000977344228886, -0.00171186693478, -0.000294869561912, -0.00315356394276, 0.0143703194335, -0.00391644379124, 0.000951371039264, 0.00105538137723, -0.00209684902802, 0.000587879971135], [3.18391175824e-05, 0.000284843874397, -0.000485100288643, -0.00326709612273, 0.000712175271474, -0.0024834217038, 0.00126635213383, -0.00391644379124, 0.0160313192755, -0.0053984853439, -9.50986723183e-05, -0.000737490772735, -0.000232758058701], [-0.000241505884333, -0.000177109221113, 0.000862339220475, 0.00207875925116, -0.00210194522515, 0.00261292071082, -0.00272168661468, 0.000951371039264, -0.0053984853439, 0.0169803388417, -0.00791271962225, 0.00217766244896, 0.00112509215251], [0.000277463492239, -0.000156632289873, -0.000970750232227, -0.000350825896021, 0.000582764216233, -0.00299246166833, -0.000923177867662, 0.00105538137723, -9.50986723183e-05, -0.00791271962225, 0.0240154396743, -0.00799655262381, 0.00115194218233], [-0.000286470982246, 0.000600416329689, 0.000574428529944, -0.000274054298643, -0.00100515584927, -0.000339633756084, -0.000867434602696, -0.00209684902802, -0.000737490772735, 0.00217766244896, -0.00799655262381, 0.0196611713618, -0.00611033476889], [0.000190101913176, -0.000451784813777, -0.000204426323762, -0.00131622131448, -0.000643601932097, -0.000728458922822, -0.00107061723247, 0.000587879971135, -0.000232758058701, 0.00112509215251, 0.00115194218233, -0.00611033476889, 0.01890925318]]
    },
    "spectral_contrast_coeffs": {
        "mean": [-0.710551083088, -0.764655768871, -0.759934604168, -0.800654411316, -0.797115504742, -0.750719368458]
    },
    "spectral_contrast_valleys": {
        "mean": [-7.16677713394, -7.2604136467, -7.78624010086, -8.12768936157, -7.72328901291, -10.9206085205]
    }
},
"rhythm": {
    "beats_count": 575,
    "beats_loudness": {
        "mean": 0.033711463213
    },
    "bpm": 115.73764801,
    "bpm_histogram_first_peak_bpm": 115,
    "bpm_histogram_first_peak_weight": 0.500994086266,
    "bpm_histogram_second_peak_bpm": 110,
    "bpm_histogram_second_peak_spread": 0.235294163227,
    "bpm_histogram_second_peak_weight": 0.0226480830461,
    "danceability": 1.00390946865,
    "onset_rate": 2.36237001419,
    "beats_loudness_band_ratio": {
        "mean": [0.503900051117, 0.143863528967, 0.148841440678, 0.0963394865394, 0.0651155114174, 0.0796068310738]
    },
    "beats_position": [0.510838985443, 1.03328800201, 1.55573689938, 2.06657600403, 2.57741498947, 3.09986400604, 3.62231278419, 4.14476203918, 4.66721057892, 5.18965959549, 5.71210861206, 6.23455762863, 6.7570066452, 7.27945566177, 7.80190467834, 8.32435321808, 8.84680271149, 9.36925125122, 9.89170074463, 10.4025392532, 10.9249887466, 11.4474372864, 11.9698867798, 12.4923353195, 13.0147848129, 13.5372333527, 14.0480718613, 14.5705213547, 15.1974601746, 15.8243989944, 16.4745578766, 17.1363258362, 17.7980957031, 18.3437633514, 18.8894329071, 19.4351024628, 19.9807701111, 20.5264396667, 21.0721092224, 21.6061668396, 22.1402263641, 22.6626758575, 23.1851234436, 23.707572937, 24.2300224304, 24.7524719238, 25.2749195099, 25.7973690033, 26.3198184967, 26.8422679901, 27.3647155762, 27.8871650696, 28.409614563, 28.932062149, 29.4545116425, 29.9769611359, 30.5110206604, 31.0334682465, 31.5559177399, 32.0783653259, 32.5892066956, 33.111656189, 33.6457138062, 34.1797714233, 34.7022209167, 35.2246704102, 35.7471199036, 36.2579574585, 36.7571868896, 37.2680282593, 37.7788658142, 38.2897033691, 38.823764801, 39.3578224182, 39.8918800354, 40.402721405, 40.9251708984, 41.4476165771, 41.981678009, 42.5041275024, 43.0381851196, 43.560634613, 44.071472168, 44.5823135376, 45.1047592163, 45.6272087097, 46.1496582031, 46.6721076965, 47.1945571899, 47.7170066833, 48.2394561768, 48.7619056702, 49.2843513489, 49.8068008423, 50.3176422119, 50.8516998291, 51.3741493225, 51.8965988159, 52.4190483093, 52.941493988, 53.4639434814, 53.9863929749, 54.4972343445, 55.0196800232, 55.5421295166, 56.06457901, 56.5870285034, 57.1094779968, 57.6319274902, 58.1543769836, 58.6768226624, 59.187664032, 59.7101135254, 60.2325630188, 60.766620636, 61.2890701294, 61.8115196228, 62.3339653015, 62.8564147949, 63.3672561646, 63.889705658, 64.4121551514, 64.9229888916, 65.4570541382, 65.9794998169, 66.4903411865, 67.0127868652, 67.5352401733, 68.0576858521, 68.5801315308, 69.1025848389, 69.6134262085, 70.1242599487, 70.6583175659, 71.1923828125, 71.7148284912, 72.2372741699, 72.759727478, 73.2821731567, 73.8046264648, 74.3270721436, 74.8495254517, 75.3719711304, 75.8944168091, 76.4168701172, 76.9393157959, 77.461769104, 77.9842147827, 78.5066680908, 79.0291137695, 79.5515594482, 80.0624008179, 80.5732421875, 81.0840835571, 81.5949172974, 82.1289749146, 82.6630401611, 83.1970977783, 83.719543457, 84.2419967651, 84.7644424438, 85.2868881226, 85.7977294922, 86.3201828003, 86.842628479, 87.3650741577, 87.8875274658, 88.4099731445, 88.9324264526, 89.4548721313, 89.9773254395, 90.4997711182, 91.0222167969, 91.544670105, 92.0671157837, 92.5895690918, 93.1120147705, 93.6344680786, 94.1569137573, 94.6793670654, 95.2018127441, 95.7242584229, 96.246711731, 96.7691574097, 97.2916107178, 97.8140563965, 98.3365097046, 98.8589553833, 99.381401062, 99.9038543701, 100.426300049, 100.948753357, 101.482810974, 102.016868591, 102.562538147, 103.108207703, 103.64226532, 104.187934875, 104.74521637, 105.290885925, 105.859771729, 106.428657532, 107.102035522, 107.775421143, 108.448799133, 109.110565186, 109.783943176, 110.445709229, 111.10748291, 111.757637024, 112.396186829, 113.05796051, 113.708114624, 114.358276367, 114.915550232, 115.472831726, 116.006889343, 116.552558899, 117.086616516, 117.609069824, 118.131515503, 118.653968811, 119.17641449, 119.698867798, 120.209701538, 120.732154846, 121.254600525, 121.765441895, 122.287887573, 122.810340881, 123.33278656, 123.855232239, 124.377685547, 124.900131226, 125.422584534, 125.933418274, 126.455871582, 126.978317261, 127.500770569, 128.011611938, 128.534057617, 129.056503296, 129.567337036, 130.089797974, 130.612243652, 131.123077393, 131.645523071, 132.167984009, 132.690429688, 133.212875366, 133.735321045, 134.257781982, 134.780227661, 135.291061401, 135.81350708, 136.324356079, 136.846801758, 137.369247437, 137.880081177, 138.402542114, 138.924987793, 139.435821533, 139.958267212, 140.480728149, 140.99156189, 141.514007568, 142.036453247, 142.558914185, 143.081359863, 143.592193604, 144.114639282, 144.63710022, 145.14793396, 145.6587677, 146.181228638, 146.703674316, 147.226119995, 147.748565674, 148.259414673, 148.781860352, 149.30430603, 149.826751709, 150.349197388, 150.860046387, 151.370880127, 151.881713867, 152.404174805, 152.915008545, 153.425842285, 153.948303223, 154.470748901, 154.99319458, 155.515640259, 156.038085938, 156.548934937, 157.071380615, 157.593826294, 158.104675293, 158.615509033, 159.137954712, 159.648788452, 160.17124939, 160.68208313, 161.19291687, 161.726974487, 162.237823486, 162.748657227, 163.259490967, 163.770339966, 164.292785645, 164.815231323, 165.326080322, 165.848526001, 166.359359741, 166.88180542, 167.404266357, 167.926712036, 168.437545776, 168.948379517, 169.459228516, 169.981674194, 170.504119873, 171.014968872, 171.525802612, 172.036636353, 172.547485352, 173.06993103, 173.592376709, 174.103210449, 174.625671387, 175.148117065, 175.670562744, 176.193008423, 176.703857422, 177.214691162, 177.737136841, 178.24798584, 178.770431519, 179.292877197, 179.815322876, 180.337768555, 180.848617554, 181.371063232, 181.881896973, 182.392745972, 182.903579712, 183.426025391, 183.948471069, 184.459320068, 184.970153809, 185.480987549, 186.003448486, 186.525894165, 187.036727905, 187.547576904, 188.070022583, 188.592468262, 189.103302002, 189.614151001, 190.124984741, 190.64743042, 191.158279419, 191.680725098, 192.191558838, 192.702392578, 193.213241577, 193.735687256, 194.258132935, 194.768981934, 195.279815674, 195.802261353, 196.324707031, 196.83555603, 197.346389771, 197.857223511, 198.36807251, 198.87890625, 199.38973999, 199.912200928, 200.434646606, 200.945480347, 201.456329346, 201.967163086, 202.477996826, 202.988845825, 203.511291504, 204.022125244, 204.544570923, 205.055419922, 205.566253662, 206.088699341, 206.59954834, 207.098770142, 207.609603882, 208.132064819, 208.654510498, 209.165344238, 209.676193237, 210.187026978, 210.697860718, 211.220306396, 211.742767334, 212.253601074, 212.764434814, 213.275283813, 213.786117554, 214.308563232, 214.819412231, 215.34185791, 215.85269165, 216.363540649, 216.87437439, 217.38520813, 217.896057129, 218.418502808, 218.929336548, 219.440170288, 219.962631226, 220.473464966, 220.984298706, 221.495147705, 222.005981445, 222.516815186, 223.027664185, 223.538497925, 224.049331665, 224.571792603, 225.094238281, 225.605072021, 226.115921021, 226.626754761, 227.137588501, 227.6484375, 228.15927124, 228.67010498, 229.192550659, 229.715011597, 230.225845337, 230.736679077, 231.247528076, 231.758361816, 232.269195557, 232.780044556, 233.290878296, 233.801712036, 234.312561035, 234.823394775, 235.334228516, 235.845077515, 236.355911255, 236.866760254, 237.377593994, 237.888427734, 238.399276733, 238.910110474, 239.420944214, 239.931793213, 240.442626953, 240.953460693, 241.464309692, 241.975143433, 242.485977173, 242.996826172, 243.507659912, 244.018493652, 244.529342651, 245.040176392, 245.551010132, 246.073471069, 246.595916748, 247.106750488, 247.617584229, 248.128433228, 248.639266968, 249.150115967, 249.660949707, 250.171783447, 250.682632446, 251.193466187, 251.704299927, 252.215148926, 252.725982666, 253.236816406, 253.747665405, 254.258499146, 254.769332886, 255.280181885, 255.791015625, 256.301849365, 256.812683105, 257.323547363, 257.834381104, 258.345214844, 258.856048584, 259.366882324, 259.877716064, 260.388580322, 260.899414062, 261.410247803, 261.921081543, 262.420318604, 262.942749023, 263.430389404, 263.941223145, 264.452056885, 264.962890625, 265.473724365, 265.984588623, 266.495422363, 267.006256104, 267.517089844, 268.027923584, 268.538757324, 269.049621582, 269.560455322, 270.071289062, 270.582122803, 271.092956543, 271.603790283, 272.114654541, 272.625488281, 273.136322021, 273.647155762, 274.157989502, 274.668823242, 275.1796875, 275.667297363, 276.178131104, 276.688964844, 277.199798584, 277.710662842, 278.221496582, 278.732330322, 279.243164062, 279.753997803, 280.264862061, 280.78729248, 281.309753418, 281.843811035, 282.401092529, 282.946746826, 283.492431641, 284.061309814, 284.630187988, 285.19909668, 285.79119873, 286.371704102, 286.940582275, 287.521087646, 288.101593018, 288.624023438, 289.146484375, 289.680541992, 290.052062988, 290.423583984, 290.80670166, 291.178222656, 291.538146973, 291.909667969, 292.281188965, 292.652679443, 293.035827637, 293.418945312, 293.802093506, 294.243255615, 294.661224365, 295.079193115, 295.497131348, 295.868652344, 296.24017334, 296.611694336, 296.983215332, 297.343109131, 297.714630127, 298.086151123],
    "bpm_histogram": [0, 0, 0, 0, 0, 0, 0, 0, 0, 0, 0, 0, 0, 0, 0, 0, 0, 0, 0, 0, 0, 0, 0, 0, 0, 0, 0, 0, 0, 0, 0, 0, 0, 0, 0, 0, 0, 0, 0, 0, 0, 0, 0, 0, 0, 0, 0, 0, 0, 0, 0, 0, 0, 0, 0, 0, 0, 0, 0, 0, 0, 0, 0, 0, 0, 0, 0, 0, 0, 0, 0, 0, 0, 0, 0, 0, 0, 0, 0, 0, 0, 0, 0, 0, 0, 0, 0, 0, 0, 0.006968641188, 0, 0.0104529615492, 0.006968641188, 0, 0.001742160297, 0, 0.003484320594, 0, 0, 0, 0, 0.001742160297, 0, 0.00522648077458, 0, 0.0104529615492, 0, 0, 0.006968641188, 0, 0.0226480830461, 0, 0.0452961660922, 0, 0, 0.43728223443, 0, 0.393728226423, 0, 0, 0.00522648077458, 0, 0, 0.003484320594, 0, 0, 0, 0, 0, 0, 0, 0, 0, 0, 0, 0, 0.001742160297, 0, 0, 0, 0, 0, 0, 0, 0.00522648077458, 0, 0, 0, 0, 0, 0, 0, 0, 0, 0, 0, 0, 0.006968641188, 0, 0, 0, 0.0191637631506, 0.001742160297, 0, 0, 0, 0, 0.003484320594, 0, 0, 0, 0, 0, 0, 0, 0, 0, 0, 0, 0, 0, 0, 0, 0, 0, 0, 0, 0, 0, 0, 0, 0, 0, 0, 0, 0, 0, 0, 0, 0, 0, 0, 0, 0, 0, 0, 0, 0, 0, 0, 0, 0, 0, 0, 0, 0, 0, 0, 0, 0, 0, 0, 0, 0, 0, 0, 0, 0, 0, 0, 0, 0, 0, 0, 0, 0, 0, 0, 0, 0, 0, 0, 0, 0, 0, 0, 0, 0, 0, 0]
},
"tonal": {
    "chords_changes_rate": 0.0638595372438,
    "chords_number_rate": 0.00170913606416,
    "chords_strength": {
        "mean": 0.504930973053
    },
    "hpcp_crest": {
        "mean": 14.156129837
    },
    "hpcp_entropy": {
        "mean": 1.98575329781
    },
    "key_edma": {
        "strength": 0.649362027645,
        "key": "B",
        "scale": "major"
    },
    "key_krumhansl": {
        "strength": 0.644416749477,
        "key": "B",
        "scale": "major"
    },
    "key_temperley": {
        "strength": 0.633301258087,
        "key": "B",
        "scale": "major"
    },
    "tuning_diatonic_strength": 0.503696620464,
    "tuning_equal_tempered_deviation": 0.18380908668,
    "tuning_frequency": 434.193115234,
    "tuning_nontempered_energy_ratio": 0.923569977283,
    "hpcp": {
        "mean": [0.114827498794, 0.111478552222, 0.0511191897094, 0.0349389463663, 0.0377343520522, 0.0689816251397, 0.172323852777, 0.17687548697, 0.10507466644, 0.173455521464, 0.157243847847, 0.0591564662755, 0.0539529286325, 0.0563993304968, 0.0701211839914, 0.201395690441, 0.225027784705, 0.10205553472, 0.0733311772346, 0.062200922519, 0.083455696702, 0.310105413198, 0.338207662106, 0.128914684057, 0.0718059539795, 0.0564970932901, 0.0656316131353, 0.109897300601, 0.105281069875, 0.0827909559011, 0.183429017663, 0.184694007039, 0.0786486044526, 0.0661779865623, 0.0585985928774, 0.0598006136715]
    },
    "chords_histogram": [4.55251693726, 0, 0, 0.0155376009643, 0, 0.108763210475, 0.186451211572, 4.64574289322, 0.90118086338, 0.543816030025, 0.0466128028929, 2.12865138054, 0.201988816261, 7.03853321075, 19.2200126648, 24.7669353485, 9.81976413727, 2.67246747017, 13.9838409424, 0, 4.84773159027, 0.0310752019286, 4.21069002151, 0.0776880085468],
    "thpcp": [1, 0.381170213223, 0.212313205004, 0.16704852879, 0.194057151675, 0.324940294027, 0.311291188002, 0.244793266058, 0.542356193066, 0.54609644413, 0.232545301318, 0.195672646165, 0.173262163997, 0.176816254854, 0.339517742395, 0.329615682364, 0.151147350669, 0.10330619663, 0.111571550369, 0.203962340951, 0.509520828724, 0.522978961468, 0.310680925846, 0.512866914272, 0.464932829142, 0.174911662936, 0.15952603519, 0.166759476066, 0.207331746817, 0.595479369164, 0.665353894234, 0.301754057407, 0.216822937131, 0.18391340971, 0.246758744121, 0.916908323765],
    "chords_key": "E",
    "chords_scale": "minor"
}
}