{
"metadata": {
    "version": {
        "essentia": "2.1-beta6-dev",
        "essentia_git_sha": "v2.1_beta5-1177-g1d1cc983",
        "extractor": "music 2.0"
    },
    "audio_properties": {
        "analysis": {
            "equal_loudness": 0,
            "length": 299.730041504,
            "sample_rate": 44100,
            "start_time": 0,
            "downmix": "mix"
        },
        "bit_rate": 1411200,
        "length": 299.730041504,
        "lossless": 1,
        "number_channels": 2,
        "replay_gain": -11.7353057861,
        "sample_rate": 44100,
        "codec": "pcm_s16le",
        "md5_encoded": "44b87861d781314ce19154412efa84e3"
    },
    "tags": {
        "file_name": "02 - Alice and Interiors [Explicit].wav",
        "album": ["You Brainstorm, I Brainstorm, but Brilliance Needs a Good Editor"],
        "artist": ["Manchester Orchestra"],
        "date": ["2005"],
        "genre": ["Alternative Rock"],
        "title": ["Alice and Interiors"],
        "tracknumber": ["2"]
    }
},
"lowlevel": {
    "average_loudness": 0.166074201465,
    "barkbands_crest": {
        "mean": 9.22251319885
    },
    "barkbands_flatness_db": {
        "mean": 0.167153969407
    },
    "barkbands_kurtosis": {
        "mean": 35.5515861511
    },
    "barkbands_skewness": {
        "mean": 1.54898881912
    },
    "barkbands_spread": {
        "mean": 17.4805812836
    },
    "dissonance": {
        "mean": 0.441448181868
    },
    "dynamic_complexity": 5.9095916748,
    "erbbands_crest": {
        "mean": 9.7355632782
    },
    "erbbands_flatness_db": {
        "mean": 0.201162457466
    },
    "erbbands_kurtosis": {
        "mean": 5.0535826683
    },
    "erbbands_skewness": {
        "mean": 0.789553880692
    },
    "erbbands_spread": {
        "mean": 25.2745780945
    },
    "hfc": {
        "mean": 16.4086036682
    },
    "loudness_ebu128": {
        "integrated": -12.4783344269,
        "loudness_range": 13.1827697754,
        "momentary": {
            "mean": -18.3130588531
        },
        "short_term": {
            "mean": -16.3291320801
        }
    },
    "melbands_crest": {
        "mean": 11.8032970428
    },
    "melbands_flatness_db": {
        "mean": 0.229126915336
    },
    "melbands_kurtosis": {
        "mean": 9.31414222717
    },
    "melbands_skewness": {
        "mean": 1.60268235207
    },
    "melbands_spread": {
        "mean": 22.97423172
    },
    "pitch_salience": {
        "mean": 0.600306153297
    },
    "silence_rate_20dB": {
        "mean": 1
    },
    "silence_rate_30dB": {
        "mean": 0.992873728275
    },
    "silence_rate_60dB": {
        "mean": 0.209372580051
    },
    "spectral_centroid": {
        "mean": 1177.59484863
    },
    "spectral_complexity": {
        "mean": 18.8993797302
    },
    "spectral_decrease": {
        "mean": -4.43096803693e-09
    },
    "spectral_energy": {
        "mean": 0.0182118657976
    },
    "spectral_energyband_high": {
        "mean": 0.000444948527729
    },
    "spectral_energyband_low": {
        "mean": 0.00245684874244
    },
    "spectral_energyband_middle_high": {
        "mean": 0.00641290424392
    },
    "spectral_energyband_middle_low": {
        "mean": 0.00930271111429
    },
    "spectral_entropy": {
        "mean": 7.18458747864
    },
    "spectral_flux": {
        "mean": 0.0596614591777
    },
    "spectral_kurtosis": {
        "mean": 20.2109260559
    },
    "spectral_rms": {
        "mean": 0.0036376863718
    },
    "spectral_rolloff": {
        "mean": 1696.85473633
    },
    "spectral_skewness": {
        "mean": 2.70720291138
    },
    "spectral_spread": {
        "mean": 4031716
    },
    "spectral_strongpeak": {
        "mean": 0.984631061554
    },
    "zerocrossingrate": {
        "mean": 0.0659341216087
    },
    "barkbands": {
        "mean": [1.70735802385e-05, 0.00112162029836, 0.0010311541846, 0.000670889043249, 0.00209543341771, 0.00120545341633, 0.00176448619459, 0.00145276496187, 0.00185128790326, 0.00148411781993, 0.000954900227953, 0.00116005318705, 0.000823160167783, 0.000684487575199, 0.000433501292719, 0.000283449917333, 0.000237483240198, 0.000242798691033, 0.000189949059859, 0.000118093892524, 8.4974024503e-05, 0.000105282051663, 9.52767732088e-05, 5.05249772687e-05, 3.38812351401e-05, 1.12566649477e-05, 7.94758489064e-06]
    },
    "erbbands": {
        "mean": [0.0166627503932, 0.309189915657, 1.18266236782, 1.74580013752, 5.2323846817, 6.60563468933, 7.4548163414, 11.501247406, 24.3543376923, 23.8906002045, 35.4569778442, 42.5728683472, 42.2844047546, 43.2565116882, 50.2874221802, 38.0490646362, 38.2523345947, 37.6642417908, 26.2258834839, 20.9050254822, 15.4925251007, 14.1764249802, 13.851067543, 9.8955078125, 8.9951543808, 5.49631643295, 4.09027814865, 3.0772588253, 3.55999064445, 3.63675713539, 2.61890602112, 1.2980928421, 0.73297482729, 0.374000102282, 0.248298883438, 0.0631308630109, 0.0195306669921, 0.00613964907825, 0.00136346824002, 0.000105443628854]
    },
    "gfcc": {
        "mean": [-83.9833068848, 110.004722595, -118.789581299, -1.96396803856, -53.8598709106, -0.0037051087711, -35.623085022, -2.15204691887, -19.405582428, -4.94719457626, -12.1614942551, -2.99607658386, -12.9259233475],
        "cov": [[48836.265625, -3333.15942383, -4871.34130859, 2988.796875, -1524.0546875, 3920.89868164, -360.63760376, 2264.94702148, -256.263458252, 959.965087891, -510.189056396, 285.627532959, -888.813049316], [-3333.15942383, 3263.66625977, -180.989379883, -818.162536621, 370.084991455, -728.044555664, -27.2905921936, -262.749206543, 148.626556396, -160.354476929, 187.978652954, -137.813354492, 104.483131409], [-4871.34130859, -180.989379883, 1592.54064941, 59.6149215698, -22.2975463867, -181.729766846, 8.82268810272, -220.288284302, -19.0863819122, -93.0603485107, -29.4835319519, 34.9996261597, 79.8811950684], [2988.796875, -818.162536621, 59.6149215698, 826.890014648, -48.1319236755, 522.759643555, -24.1794090271, 243.512710571, -45.6394195557, 70.4513778687, -65.8078689575, 26.8007678986, -63.6026306152], [-1524.0546875, 370.084991455, -22.2975463867, -48.1319236755, 526.057312012, -70.7244720459, 80.9086532593, 18.2289714813, 23.2903575897, -30.969865799, 53.9115066528, -36.5418891907, 29.765039444], [3920.89868164, -728.044555664, -181.729766846, 522.759643555, -70.7244720459, 739.664978027, 44.0431518555, 346.763641357, 4.90733337402, 105.883178711, -37.1006698608, 52.94373703, -100.364379883], [-360.63760376, -27.2905921936, 8.82268810272, -24.1794090271, 80.9086532593, 44.0431518555, 145.099914551, 46.1057739258, 17.3653354645, 8.97042274475, 17.735244751, -1.08525967598, 4.26215839386], [2264.94702148, -262.749206543, -220.288284302, 243.512710571, 18.2289714813, 346.763641357, 46.1057739258, 290.810180664, 46.7833518982, 70.6086349487, 3.03710889816, 10.8759307861, -64.8689804077], [-256.263458252, 148.626556396, -19.0863819122, -45.6394195557, 23.2903575897, 4.90733337402, 17.3653354645, 46.7833518982, 160.530853271, 71.0227966309, 31.3278331757, 8.93168640137, 1.83148002625], [959.965087891, -160.354476929, -93.0603485107, 70.4513778687, -30.969865799, 105.883178711, 8.97042274475, 70.6086349487, 71.0227966309, 131.924118042, 16.8011207581, 27.2181854248, -10.2503013611], [-510.189056396, 187.978652954, -29.4835319519, -65.8078689575, 53.9115066528, -37.1006698608, 17.735244751, 3.03710889816, 31.3278331757, 16.8011207581, 81.9638977051, 12.0603094101, 10.632068634], [285.627532959, -137.813354492, 34.9996261597, 26.8007678986, -36.5418891907, 52.94373703, -1.08525967598, 10.8759307861, 8.93168640137, 27.2181854248, 12.0603094101, 72.0198745728, 13.5265645981], [-888.813049316, 104.483131409, 79.8811950684, -63.6026306152, 29.765039444, -100.364379883, 4.26215839386, -64.8689804077, 1.83148002625, -10.2503013611, 10.632068634, 13.5265645981, 70.7158050537]],
        "icov": [[0.000119555472338, -0.0001218444595, 0.0002599285217, -0.00013534030586, 0.000196834807866, -0.00020607560873, 0.000171745734406, -0.000347735796822, 0.000506142037921, -0.000596644007601, 0.000707391358446, -0.000518155167811, 0.000455854111351], [-0.0001218444595, 0.000734222354367, -0.000178917587618, 0.000429201638326, -0.000380648678401, 0.000285991001874, 0.000233164581005, 0.000382466590963, -0.00120316667017, 0.00138796132524, -0.0017673256807, 0.00144824723247, -0.000904174230527], [0.0002599285217, -0.000178917587618, 0.00142143538687, -0.000702860066667, 0.000469557533506, -0.000389029271901, -2.85737860395e-05, 0.00014921525144, 0.000419759075157, -0.00043336825911, 0.00156398431864, -0.00157821225002, 0.00067538843723], [-0.00013534030586, 0.000429201638326, -0.000702860066667, 0.00305005232804, -0.000595838704612, -0.00135734234937, 0.00128434412181, -0.000610064307693, 0.000324745924445, -1.51953508976e-05, -0.00029130387702, 0.00164738763124, -0.00139259896241], [0.000196834807866, -0.000380648678401, 0.000469557533506, -0.000595838704612, 0.00288471998647, -6.62074889988e-05, -0.000991123612039, -0.00110100326128, 0.0007092593587, -0.000315776618663, -7.81404305599e-05, 0.000266204326181, -0.0003916543792], [-0.00020607560873, 0.000285991001874, -0.000389029271901, -0.00135734234937, -6.62074889988e-05, 0.00548181915656, -0.0012934061233, -0.00326500670053, -0.000104113976704, 0.00030689543928, -0.000186462741112, -0.00189107307233, 0.00153382134158], [0.000171745734406, 0.000233164581005, -2.85737860395e-05, 0.00128434412181, -0.000991123612039, -0.0012934061233, 0.00932142883539, -0.00233090855181, 0.000687125138938, -0.000848263734952, -0.000337553647114, 0.000788271136116, -0.00135773047805], [-0.000347735796822, 0.000382466590963, 0.00014921525144, -0.000610064307693, -0.00110100326128, -0.00326500670053, -0.00233090855181, 0.0120368562639, -0.0044150617905, 0.00199616351165, -0.00347021757625, 0.00228141876869, 0.00184771895874], [0.000506142037921, -0.00120316667017, 0.000419759075157, 0.000324745924445, 0.0007092593587, -0.000104113976704, 0.000687125138938, -0.0044150617905, 0.0130287762731, -0.00918285548687, 0.00285767554305, -0.00248223287053, 0.00179612718057], [-0.000596644007601, 0.00138796132524, -0.00043336825911, -1.51953508976e-05, -0.000315776618663, 0.00030689543928, -0.000848263734952, 0.00199616351165, -0.00918285548687, 0.0173389744014, -0.00636890158057, 0.000765812059399, -0.00306103145704], [0.000707391358446, -0.0017673256807, 0.00156398431864, -0.00029130387702, -7.81404305599e-05, -0.000186462741112, -0.000337553647114, -0.00347021757625, 0.00285767554305, -0.00636890158057, 0.0221830736846, -0.00851883366704, 0.00337599636987], [-0.000518155167811, 0.00144824723247, -0.00157821225002, 0.00164738763124, 0.000266204326181, -0.00189107307233, 0.000788271136116, 0.00228141876869, -0.00248223287053, 0.000765812059399, -0.00851883366704, 0.0232163444161, -0.00912338867784], [0.000455854111351, -0.000904174230527, 0.00067538843723, -0.00139259896241, -0.0003916543792, 0.00153382134158, -0.00135773047805, 0.00184771895874, 0.00179612718057, -0.00306103145704, 0.00337599636987, -0.00912338867784, 0.0240569934249]]
    },
    "melbands": {
        "mean": [0.000231394675211, 0.000548706797417, 0.000404237856856, 0.000457671761978, 0.000262602785369, 0.000246319919825, 0.000379465520382, 0.000282291846815, 0.000296652578982, 0.000256338884356, 0.000214239946217, 0.000183497701073, 0.000157909671543, 0.00014257375733, 8.1781145127e-05, 8.48994604894e-05, 6.58439676045e-05, 4.30928557762e-05, 3.03002289002e-05, 2.13288130908e-05, 1.74763154064e-05, 1.42212074934e-05, 1.43198558362e-05, 1.08175836431e-05, 7.57913403504e-06, 7.5909943007e-06, 4.97559449286e-06, 3.32087097377e-06, 2.87401826427e-06, 1.70676651123e-06, 1.78257437256e-06, 1.91059075405e-06, 2.1856458261e-06, 1.93608821064e-06, 1.67061216416e-06, 1.01782472939e-06, 7.13868359981e-07, 5.12460644586e-07, 4.24284991141e-07, 2.88695758854e-07]
    },
    "melbands128": {
        "mean": [1.59233077284e-05, 8.25358001748e-05, 0.000276083068457, 0.000596030324232, 0.0006597408792, 0.000463213800685, 0.000314546545269, 0.000362785765901, 0.000567650131416, 0.000547705742065, 0.000326913577737, 0.000274926540442, 0.000257916573901, 0.000221441310714, 0.000258447951637, 0.000260820699623, 0.000250117125688, 0.000552469864488, 0.000325040600728, 0.00020053377375, 0.000294142402709, 0.000411647866713, 0.000196466353373, 0.000315737735946, 0.000354898336809, 0.000156487440108, 0.000241038840613, 0.000160197116202, 0.000281318294583, 0.000231712052482, 0.000123896752484, 0.000126017272123, 0.00018049866776, 0.000131398774101, 0.000242283378611, 0.000102411970147, 6.10031347605e-05, 8.88962822501e-05, 9.13414987735e-05, 8.1226680777e-05, 6.80368902977e-05, 0.000117034483992, 6.84353217366e-05, 3.37439159921e-05, 5.74710429646e-05, 4.22086995968e-05, 3.65582891391e-05, 2.33567534451e-05, 3.19181817758e-05, 3.45542975992e-05, 1.51128751895e-05, 1.19443184303e-05, 2.61266523012e-05, 1.39867270263e-05, 1.25260248751e-05, 1.67477992363e-05, 1.20712948046e-05, 1.52829470608e-05, 1.56754522322e-05, 1.1730233382e-05, 1.14654603749e-05, 9.29863927013e-06, 7.02061697666e-06, 6.74693319525e-06, 8.7268444986e-06, 8.74140187079e-06, 5.84189501751e-06, 6.55929625282e-06, 4.28911380368e-06, 3.57825706487e-06, 3.34774040311e-06, 3.32164745487e-06, 2.92440358862e-06, 3.18481465911e-06, 2.28822591453e-06, 1.46537422552e-06, 1.48858998728e-06, 1.94509993889e-06, 1.78267509909e-06, 1.7099280285e-06, 1.67572932241e-06, 2.23188294513e-06, 2.01810212275e-06, 2.1146081508e-06, 2.46974923357e-06, 1.9555182007e-06, 1.63795300523e-06, 1.99091709874e-06, 1.89171237253e-06, 1.27123871607e-06, 1.18863079024e-06, 9.04993100903e-07, 7.80197865424e-07, 6.3966763264e-07, 8.4348494056e-07, 4.98445615449e-07, 3.57402910822e-07, 6.29968383237e-07, 4.73047492733e-07, 3.06718476395e-07, 2.3772805946e-07, 2.75516555348e-07, 3.58910966725e-07, 3.7260159047e-07, 2.79706142692e-07, 2.86115323433e-07, 1.56111013894e-07, 1.11167260286e-07, 9.03884966874e-08, 8.57265547438e-08, 6.71753568326e-08, 6.59015242377e-08, 6.43444550974e-08, 5.03554247189e-08, 4.61402969165e-08, 4.65715395137e-08, 4.92019296416e-08, 4.7128512648e-08, 4.61647466921e-08, 4.40291145765e-08, 4.79020201283e-08, 2.81869514396e-08, 3.3804713695e-08, 1.98600478285e-08, 1.60257691562e-08, 1.43808476238e-08, 1.0228933256e-08, 5.13749842668e-09]
    },
    "mfcc": {
        "mean": [-714.369873047, 146.076919556, -8.79224681854, 1.58299505711, -2.15757703781, -1.56224250793, -8.01671504974, 1.51506054401, -8.74442386627, -0.7143638134, -0.820121824741, -4.44519996643, -0.626076579094],
        "cov": [[31577.140625, -2462.48779297, -2225.22583008, 352.327331543, -314.608062744, 1134.12072754, 938.554138184, 1215.75219727, 721.346740723, 879.485229492, 702.692382812, 482.763549805, 416.759399414], [-2462.48779297, 2801.56787109, -230.990280151, -279.078460693, 156.013397217, -304.086273193, -143.354888916, -74.470954895, -115.6432724, -12.5108728409, 53.3740959167, -23.6694869995, 83.78855896], [-2225.22583008, -230.990280151, 1113.09423828, 144.064086914, -58.5330085754, 62.9065322876, -146.727249146, -83.3405685425, -33.5760002136, -105.802993774, -76.4956436157, -17.7453632355, -81.7897262573], [352.327331543, -279.078460693, 144.064086914, 360.414001465, 130.586395264, 121.77923584, 76.9934616089, 50.4887809753, 55.7363624573, 6.18328714371, -7.83245658875, 10.6908082962, -8.57502841949], [-314.608062744, 156.013397217, -58.5330085754, 130.586395264, 258.710235596, 72.5152740479, 58.8294754028, 54.1058158875, 36.624294281, 16.5220088959, 16.1526432037, 17.1467285156, 21.4893894196], [1134.12072754, -304.086273193, 62.9065322876, 121.77923584, 72.5152740479, 251.836212158, 107.751037598, 110.439361572, 88.3586959839, 48.5606842041, 56.3557777405, 41.2872962952, 29.7516994476], [938.554138184, -143.354888916, -146.727249146, 76.9934616089, 58.8294754028, 107.751037598, 221.327560425, 130.634292603, 51.6748504639, 46.8345108032, 29.7573051453, 18.9864997864, 21.8494148254], [1215.75219727, -74.470954895, -83.3405685425, 50.4887809753, 54.1058158875, 110.439361572, 130.634292603, 218.130996704, 71.3839492798, 81.5767974854, 61.0887908936, 37.2127189636, 39.2754402161], [721.346740723, -115.6432724, -33.5760002136, 55.7363624573, 36.624294281, 88.3586959839, 51.6748504639, 71.3839492798, 134.12512207, 60.8377151489, 56.2141189575, 41.1330871582, 38.8662185669], [879.485229492, -12.5108728409, -105.802993774, 6.18328714371, 16.5220088959, 48.5606842041, 46.8345108032, 81.5767974854, 60.8377151489, 133.499404907, 75.0902709961, 41.5181121826, 36.4506378174], [702.692382812, 53.3740959167, -76.4956436157, -7.83245658875, 16.1526432037, 56.3557777405, 29.7573051453, 61.0887908936, 56.2141189575, 75.0902709961, 125.85736084, 60.93176651, 46.6916122437], [482.763549805, -23.6694869995, -17.7453632355, 10.6908082962, 17.1467285156, 41.2872962952, 18.9864997864, 37.2127189636, 41.1330871582, 41.5181121826, 60.93176651, 97.2386398315, 48.9580993652], [416.759399414, 83.78855896, -81.7897262573, -8.57502841949, 21.4893894196, 29.7516994476, 21.8494148254, 39.2754402161, 38.8662185669, 36.4506378174, 46.6916122437, 48.9580993652, 104.988464355]],
        "icov": [[6.91758614266e-05, 1.53172240971e-05, 0.00016891740961, -0.000122488097986, 0.000288274371997, -0.000255899882177, 7.96809472376e-05, -0.000211731050513, -3.90862942368e-06, -0.000112510795589, -1.4039654161e-05, -0.000120641525427, 1.39125049827e-05], [1.53172240971e-05, 0.000563989102375, -3.79990960937e-05, 0.000361299258657, -0.000686789222527, 0.000689600652549, 0.000102833284473, -0.000129738196847, 0.000299246516079, 4.00749522669e-05, -0.000661833677441, 0.000430334388511, -0.000569741299842], [0.00016891740961, -3.79990960937e-05, 0.00179314799607, -0.00102491688449, 0.00134518137202, -0.00163205829449, 0.00151232699864, -0.000782957358751, 9.5832743682e-05, 0.000460695679067, 0.000492203282192, -0.000923926301766, 0.00085485476302], [-0.000122488097986, 0.000361299258657, -0.00102491688449, 0.00497303996235, -0.00293162022717, -2.91005762847e-05, -0.00123869115487, 0.000749664148316, -0.000917341792956, 9.22009439819e-06, 0.000716519716661, 0.000229674697039, 0.000301890773699], [0.000288274371997, -0.000686789222527, 0.00134518137202, -0.00293162022717, 0.0074033648707, -0.00265434966423, 0.00040463116602, -0.00131911505014, -0.000313765573082, -9.4857023214e-06, 0.000763081887271, -0.00123179040384, 0.000212880971958], [-0.000255899882177, 0.000689600652549, -0.00163205829449, -2.91005762847e-05, -0.00265434966423, 0.00955041218549, -0.00250708172098, -0.00054274807917, -0.00202662381344, 0.000940367812291, -0.00262957508676, 0.000897028367035, -0.00107173959259], [7.96809472376e-05, 0.000102833284473, 0.00151232699864, -0.00123869115487, 0.00040463116602, -0.00250708172098, 0.00906052347273, -0.00434360327199, 0.000272308650892, 0.000326186709572, 0.00098624068778, -0.000186047836905, 0.00047964771511], [-0.000211731050513, -0.000129738196847, -0.000782957358751, 0.000749664148316, -0.00131911505014, -0.00054274807917, -0.00434360327199, 0.00995097868145, -0.000868635775987, -0.00272745080292, -0.000560940941796, 0.000553086341824, -0.000739473034628], [-3.90862942368e-06, 0.000299246516079, 9.5832743682e-05, -0.000917341792956, -0.000313765573082, -0.00202662381344, 0.000272308650892, -0.000868635775987, 0.0126457046717, -0.00259623420425, -0.00183309789281, -0.000702704943251, -0.00195384398103], [-0.000112510795589, 4.00749522669e-05, 0.000460695679067, 9.22009439819e-06, -9.4857023214e-06, 0.000940367812291, 0.000326186709572, -0.00272745080292, -0.00259623420425, 0.0141233196482, -0.00541081465781, -0.000353432522388, 9.10320086405e-05], [-1.4039654161e-05, -0.000661833677441, 0.000492203282192, 0.000716519716661, 0.000763081887271, -0.00262957508676, 0.00098624068778, -0.000560940941796, -0.00183309789281, -0.00541081465781, 0.0171156879514, -0.00651590619236, -0.000396750896471], [-0.000120641525427, 0.000430334388511, -0.000923926301766, 0.000229674697039, -0.00123179040384, 0.000897028367035, -0.000186047836905, 0.000553086341824, -0.000702704943251, -0.000353432522388, -0.00651590619236, 0.0179095659405, -0.00580671383068], [1.39125049827e-05, -0.000569741299842, 0.00085485476302, 0.000301890773699, 0.000212880971958, -0.00107173959259, 0.00047964771511, -0.000739473034628, -0.00195384398103, 9.10320086405e-05, -0.000396750896471, -0.00580671383068, 0.0146278180182]]
    },
    "spectral_contrast_coeffs": {
        "mean": [-0.701341688633, -0.748969972134, -0.7518851161, -0.7870683074, -0.798006772995, -0.790993511677]
    },
    "spectral_contrast_valleys": {
        "mean": [-7.62307262421, -7.11051750183, -7.90132236481, -8.31134414673, -8.77273464203, -11.4817991257]
    }
},
"rhythm": {
    "beats_count": 596,
    "beats_loudness": {
        "mean": 0.0285329781473
    },
    "bpm": 120.005531311,
    "bpm_histogram_first_peak_bpm": 120,
    "bpm_histogram_first_peak_weight": 0.157423973083,
    "bpm_histogram_second_peak_bpm": 112,
    "bpm_histogram_second_peak_spread": 0.5625,
    "bpm_histogram_second_peak_weight": 0.0117647061124,
    "danceability": 1.10711836815,
    "onset_rate": 3.08594202995,
    "beats_loudness_band_ratio": {
        "mean": [0.264613717794, 0.263814926147, 0.248151123524, 0.172391101718, 0.0689007416368, 0.0537641011178]
    },
    "beats_position": [0.510838985443, 1.03328800201, 1.55573689938, 2.08979582787, 2.61224484444, 3.11147379875, 3.61070299149, 4.12154197693, 4.6439909935, 5.16644001007, 5.6888885498, 6.2229475975, 6.7570066452, 7.30267572403, 7.84834432602, 8.38240337372, 8.893242836, 9.4040813446, 9.91492080688, 10.4025392532, 10.9017686844, 11.4009971619, 11.900226593, 12.3994560242, 12.8986845016, 13.3979139328, 13.8971424103, 14.3963718414, 14.8956003189, 15.3948297501, 15.9056682587, 16.4048976898, 16.904127121, 17.4033565521, 17.9025840759, 18.4018135071, 18.9010429382, 19.4002723694, 19.8994998932, 20.4103393555, 20.9095687866, 21.4087982178, 21.9080276489, 22.4072551727, 22.9064846039, 23.405714035, 23.9049434662, 24.40417099, 24.9034004211, 25.4026298523, 25.9018592834, 26.4010887146, 26.9003162384, 27.3995456696, 27.8987751007, 28.3980045319, 28.897233963, 29.3964614868, 29.895690918, 30.3949203491, 30.8941497803, 31.3933773041, 31.9042167664, 32.4034461975, 32.9026756287, 33.4019050598, 33.901134491, 34.4119720459, 34.9112014771, 35.4104309082, 35.9096603394, 36.4088897705, 36.908115387, 37.4073448181, 37.9065742493, 38.4058036804, 38.9050331116, 39.4042625427, 39.9034919739, 40.402721405, 40.9019508362, 41.4011802673, 41.9004058838, 42.3996353149, 42.8988647461, 43.3980941772, 43.8973236084, 44.3965530396, 44.9073905945, 45.4066200256, 45.9058494568, 46.4050788879, 46.9043083191, 47.4035377502, 47.9027671814, 48.4019927979, 48.901222229, 49.4004516602, 49.8996810913, 50.3989105225, 50.8981399536, 51.4089775085, 51.9082069397, 52.4074363708, 52.906665802, 53.4058952332, 53.8935127258, 54.4043540955, 54.9035835266, 55.4028091431, 55.9020385742, 56.4012680054, 56.9004974365, 57.3997268677, 57.8989562988, 58.39818573, 58.8974151611, 59.3966445923, 59.8958702087, 60.3950996399, 60.894329071, 61.4051704407, 61.9160079956, 62.4152374268, 62.9144668579, 63.4136962891, 63.9013137817, 64.4005432129, 64.899772644, 65.3990020752, 65.8982315063, 66.385848999, 66.8850784302, 67.3843078613, 67.895149231, 68.4059829712, 68.9052124023, 69.4044418335, 69.9036712646, 70.4029006958, 70.902130127, 71.4013595581, 71.9005889893, 72.3998184204, 72.8990478516, 73.3982772827, 73.8975067139, 74.396736145, 74.8959655762, 75.3951950073, 75.8944168091, 76.3936462402, 76.9044876099, 77.403717041, 77.9029464722, 78.4021759033, 78.9014053345, 79.4006347656, 79.8998641968, 80.3990936279, 80.8983230591, 81.4091567993, 81.9199981689, 82.4192276001, 82.9184570312, 83.4060745239, 83.9053039551, 84.4045333862, 84.9037628174, 85.4029922485, 85.9138336182, 86.4130630493, 86.9122848511, 87.4115142822, 87.9107437134, 88.421585083, 88.9208145142, 89.4200439453, 89.9192733765, 90.4185028076, 90.9061203003, 91.4053497314, 91.9045791626, 92.4038085938, 92.9030380249, 93.4022674561, 93.9014968872, 94.4007263184, 94.8999557495, 95.3991851807, 95.8984146118, 96.4092483521, 96.9084777832, 97.4077072144, 97.895324707, 98.4061660767, 98.9053955078, 99.404624939, 99.9038543701, 100.403083801, 100.902313232, 101.401542664, 101.900772095, 102.400001526, 102.910835266, 103.410064697, 103.909294128, 104.40852356, 104.907752991, 105.406982422, 105.906211853, 106.393829346, 106.893058777, 107.392288208, 107.903129578, 108.413963318, 108.913192749, 109.41242218, 109.911651611, 110.410881042, 110.910110474, 111.409339905, 111.908569336, 112.407798767, 112.907028198, 113.406257629, 113.905487061, 114.404716492, 114.903945923, 115.403175354, 115.902404785, 116.401634216, 116.900856018, 117.400085449, 117.89931488, 118.398544312, 118.897773743, 119.408615112, 119.907844543, 120.407073975, 120.906303406, 121.405532837, 121.904762268, 122.403991699, 122.90322113, 123.402442932, 123.901672363, 124.400901794, 124.900131226, 125.410972595, 125.910202026, 126.409431458, 126.908660889, 127.40789032, 127.907119751, 128.406341553, 128.905578613, 129.404800415, 129.904037476, 130.403259277, 130.902496338, 131.40171814, 131.9009552, 132.400177002, 132.899414062, 133.398635864, 133.909469604, 134.408706665, 134.907928467, 135.407165527, 135.906387329, 136.40562439, 136.904846191, 137.404083252, 137.903305054, 138.402542114, 138.901763916, 139.401000977, 139.900222778, 140.399459839, 140.898681641, 141.409515381, 141.908752441, 142.407974243, 142.907211304, 143.406433105, 143.905670166, 144.404891968, 144.915740967, 145.40335083, 145.902587891, 146.401809692, 146.901046753, 147.400268555, 147.899505615, 148.398727417, 148.897949219, 149.397186279, 149.896408081, 150.395645142, 150.894866943, 151.394104004, 151.904937744, 152.404174805, 152.903396606, 153.402633667, 153.901855469, 154.412689209, 154.91192627, 155.411148071, 155.910385132, 156.409606934, 156.908843994, 157.408065796, 157.907302856, 158.406524658, 158.905761719, 159.404983521, 159.904220581, 160.403442383, 160.902679443, 161.401901245, 161.901138306, 162.400360107, 162.899581909, 163.39881897, 163.898040771, 164.397277832, 164.896499634, 165.395736694, 165.906570435, 166.405807495, 166.905029297, 167.415863037, 167.915100098, 168.414321899, 168.91355896, 169.412780762, 169.912017822, 170.411239624, 170.910476685, 171.409698486, 171.908935547, 172.408157349, 172.907394409, 173.406616211, 173.905853271, 174.405075073, 174.904312134, 175.403533936, 175.902755737, 176.401992798, 176.9012146, 177.40045166, 177.899673462, 178.398910522, 178.898132324, 179.397369385, 179.896591187, 180.395828247, 180.895050049, 181.394287109, 181.90512085, 182.40435791, 182.903579712, 183.414413452, 183.913650513, 184.412872314, 184.912109375, 185.411331177, 185.910568237, 186.409790039, 186.9090271, 187.408248901, 187.907485962, 188.406707764, 188.905944824, 189.405166626, 189.904388428, 190.403625488, 190.90284729, 191.402084351, 191.901306152, 192.400543213, 192.899765015, 193.399002075, 193.909835815, 194.409072876, 194.908294678, 195.3959198, 195.895141602, 196.394378662, 196.905212402, 197.392837524, 197.903671265, 198.414505005, 198.913742065, 199.412963867, 199.912200928, 200.411422729, 200.91065979, 201.409881592, 201.920715332, 202.419952393, 202.919174194, 203.406799316, 203.906021118, 204.405258179, 204.892883301, 205.403717041, 205.914550781, 206.413787842, 206.913009644, 207.412246704, 207.911468506, 208.410705566, 208.909927368, 209.409164429, 209.896774292, 210.396011353, 210.895233154, 211.394470215, 211.905303955, 212.404525757, 212.903762817, 213.414596558, 213.913833618, 214.41305542, 214.91229248, 215.411514282, 215.910751343, 216.409973145, 216.909194946, 217.408432007, 217.907653809, 218.406890869, 218.906112671, 219.405349731, 219.904571533, 220.403808594, 220.903030396, 221.402267456, 221.901489258, 222.400726318, 222.89994812, 223.399185181, 223.898406982, 224.397644043, 224.896865845, 225.396102905, 225.906936646, 226.406158447, 226.917007446, 227.416229248, 227.915466309, 228.41468811, 228.913925171, 229.413146973, 229.912384033, 230.411605835, 230.910827637, 231.410064697, 231.909286499, 232.40852356, 232.907745361, 233.406982422, 233.906204224, 234.405441284, 234.904663086, 235.403900146, 235.903121948, 236.402359009, 236.901580811, 237.400817871, 237.911651611, 238.422485352, 238.921722412, 239.420944214, 239.920181274, 240.407791138, 240.907028198, 241.40625, 241.905487061, 242.404708862, 242.903945923, 243.403167725, 243.902404785, 244.401626587, 244.900863647, 245.400085449, 245.89932251, 246.41015625, 246.909378052, 247.408615112, 247.907836914, 248.407073975, 248.906295776, 249.405532837, 249.904754639, 250.403991699, 250.903213501, 251.402450562, 251.901672363, 252.400909424, 252.900131226, 253.399353027, 253.898590088, 254.39781189, 254.89704895, 255.396270752, 255.895507812, 256.394744873, 256.893951416, 257.393188477, 257.904022217, 258.403259277, 258.902496338, 259.401733398, 259.900939941, 260.400177002, 260.899414062, 261.398620605, 261.897857666, 262.408691406, 262.907928467, 263.407165527, 263.906402588, 264.405609131, 264.904846191, 265.404083252, 265.903320312, 266.402526855, 266.901763916, 267.401000977, 267.90020752, 268.39944458, 268.91027832, 269.421142578, 269.931976318, 270.442810059, 270.953643799, 271.464477539, 271.975311279, 272.486175537, 272.997009277, 273.531066895, 274.065124512, 274.599182129, 275.156463623, 275.725341797, 276.294250488, 276.874725342, 277.455230713, 278.047332764, 278.639465332, 279.231567383, 279.835266113, 280.438995361, 281.007873535, 281.576782227, 282.1456604, 282.633270264, 283.120910645, 283.620117188, 284.119354248, 284.618591309, 285.117828369, 285.617034912, 286.116271973, 286.615509033, 287.126342773, 287.625579834, 288.113189697, 288.600799561, 289.088439941, 289.576049805, 290.063659668, 290.551300049, 291.038909912, 291.526519775, 292.025756836, 292.524993896, 293.024200439, 293.535064697, 294.03427124, 294.533508301, 295.032745361, 295.531982422, 295.961547852, 296.391113281, 296.820678711, 297.250244141, 297.67980957, 298.132598877, 298.585388184, 299.03817749],
    "bpm_histogram": [0, 0, 0, 0, 0, 0, 0, 0, 0, 0, 0, 0, 0, 0, 0, 0, 0, 0, 0, 0, 0, 0, 0, 0, 0, 0, 0, 0, 0, 0, 0, 0, 0, 0, 0, 0, 0, 0, 0, 0, 0, 0, 0, 0, 0, 0, 0, 0, 0, 0, 0, 0, 0, 0, 0, 0, 0, 0, 0, 0, 0, 0, 0, 0, 0, 0, 0, 0, 0, 0, 0, 0, 0, 0, 0, 0, 0, 0, 0, 0, 0, 0, 0, 0, 0, 0, 0, 0, 0, 0, 0, 0, 0, 0, 0, 0, 0, 0, 0, 0.00336134457029, 0, 0.00504201697186, 0, 0.00336134457029, 0, 0.00840336177498, 0, 0, 0.00168067228515, 0, 0.00336134457029, 0, 0.0117647061124, 0, 0, 0.0100840339437, 0, 0.105882354081, 0, 0, 0.791596651077, 0, 0, 0.0420168079436, 0, 0, 0, 0, 0, 0, 0, 0, 0, 0.00504201697186, 0, 0, 0, 0, 0, 0, 0.00840336177498, 0, 0, 0, 0, 0, 0, 0, 0, 0, 0, 0, 0, 0, 0, 0, 0, 0, 0, 0, 0, 0, 0, 0, 0, 0, 0, 0, 0, 0, 0, 0, 0, 0, 0, 0, 0, 0, 0, 0, 0, 0, 0, 0, 0, 0, 0, 0, 0, 0, 0, 0, 0, 0, 0, 0, 0, 0, 0, 0, 0, 0, 0, 0, 0, 0, 0, 0, 0, 0, 0, 0, 0, 0, 0, 0, 0, 0, 0, 0, 0, 0, 0, 0, 0, 0, 0, 0, 0, 0, 0, 0, 0, 0, 0, 0, 0, 0, 0, 0, 0, 0, 0, 0, 0, 0, 0, 0, 0, 0]
},
"tonal": {
    "chords_changes_rate": 0.0280359350145,
    "chords_number_rate": 0.00123915739823,
    "chords_strength": {
        "mean": 0.569485247135
    },
    "hpcp_crest": {
        "mean": 13.8069753647
    },
    "hpcp_entropy": {
        "mean": 1.92751944065
    },
    "key_edma": {
        "strength": 0.79290574789,
        "key": "D",
        "scale": "major"
    },
    "key_krumhansl": {
        "strength": 0.778376758099,
        "key": "D",
        "scale": "major"
    },
    "key_temperley": {
        "strength": 0.755978703499,
        "key": "D",
        "scale": "major"
    },
    "tuning_diatonic_strength": 0.551803827286,
    "tuning_equal_tempered_deviation": 0.016413114965,
    "tuning_frequency": 441.272583008,
    "tuning_nontempered_energy_ratio": 0.642327189445,
    "hpcp": {
        "mean": [0.448904544115, 0.280649751425, 0.106398224831, 0.071618206799, 0.060992769897, 0.114570096135, 0.163939163089, 0.113991759717, 0.0681072175503, 0.0609080530703, 0.0571049079299, 0.190248534083, 0.302290290594, 0.181746855378, 0.117198929191, 0.162873998284, 0.112320661545, 0.0662187188864, 0.0776062980294, 0.0676445960999, 0.153739213943, 0.247544512153, 0.151799172163, 0.0720958039165, 0.0697928145528, 0.0664400234818, 0.234114199877, 0.376111119986, 0.233645543456, 0.110169500113, 0.0844712927938, 0.0575926862657, 0.0961163565516, 0.142261117697, 0.131416723132, 0.287271052599]
    },
    "chords_histogram": [17.4411392212, 47.8314743042, 17.8438663483, 0.743494451046, 2.67967772484, 0, 0.232342004776, 0, 0.573110282421, 0.666047096252, 0.340768277645, 0.0774473324418, 0.232342004776, 0.867410182953, 0, 0, 0, 1.31660473347, 0.278810411692, 3.82589840889, 1.25464689732, 0.0464684031904, 0.232342004776, 3.51610898972],
    "thpcp": [1, 0.625188052654, 0.237017482519, 0.159539952874, 0.135870248079, 0.255221515894, 0.365198284388, 0.253933191299, 0.151718705893, 0.135681524873, 0.127209469676, 0.423806220293, 0.673395454884, 0.404867500067, 0.261077612638, 0.362825453281, 0.25021058321, 0.147511810064, 0.172879293561, 0.150688156486, 0.342476397753, 0.551441311836, 0.338154673576, 0.160603865981, 0.155473619699, 0.14800478518, 0.521523356438, 0.837842106819, 0.52047932148, 0.245418548584, 0.188172057271, 0.12829606235, 0.214113131166, 0.316907286644, 0.29274982214, 0.63993793726],
    "chords_key": "F#",
    "chords_scale": "minor"
}
}