{
"metadata": {
    "version": {
        "essentia": "2.1-beta6-dev",
        "essentia_git_sha": "v2.1_beta5-1177-g1d1cc983",
        "extractor": "music 2.0"
    },
    "audio_properties": {
        "analysis": {
            "equal_loudness": 0,
            "length": 228.199996948,
            "sample_rate": 44100,
            "start_time": 0,
            "downmix": "mix"
        },
        "bit_rate": 1411200,
        "length": 228.199996948,
        "lossless": 1,
        "number_channels": 2,
        "replay_gain": -13.5259799957,
        "sample_rate": 44100,
        "codec": "pcm_s16le",
        "md5_encoded": "d89479a01068338400ed6e7b7775e492"
    },
    "tags": {
        "file_name": "11 - Manchester Orchestra - Cope.wav",
        "album": ["Cope (Deluxe Version)"],
        "albumartist": ["Manchester Orchestra"],
        "artist": ["Manchester Orchestra"],
        "composer": ["Manchester Orchestra"],
        "copyright": ["℗ 2013 Seven Four Entertainment and Republic Records"],
        "date": ["2012"],
        "discnumber": ["1"],
        "disctotal": ["1"],
        "genre": ["Alternative & Indie"],
        "isrc": ["USUG11301021"],
        "title": ["Cope"],
        "tracknumber": ["11"],
        "tracktotal": ["13"]
    }
},
"lowlevel": {
    "average_loudness": 0.919016361237,
    "barkbands_crest": {
        "mean": 10.5998191833
    },
    "barkbands_flatness_db": {
        "mean": 0.186646804214
    },
    "barkbands_kurtosis": {
        "mean": 14.4966583252
    },
    "barkbands_skewness": {
        "mean": 2.36161994934
    },
    "barkbands_spread": {
        "mean": 15.7947540283
    },
    "dissonance": {
        "mean": 0.462917506695
    },
    "dynamic_complexity": 3.56117343903,
    "erbbands_crest": {
        "mean": 8.57052516937
    },
    "erbbands_flatness_db": {
        "mean": 0.173776552081
    },
    "erbbands_kurtosis": {
        "mean": 2.85215067863
    },
    "erbbands_skewness": {
        "mean": 0.537993907928
    },
    "erbbands_spread": {
        "mean": 38.4687690735
    },
    "hfc": {
        "mean": 17.021736145
    },
    "loudness_ebu128": {
        "integrated": -8.22123241425,
        "loudness_range": 7.18426656723,
        "momentary": {
            "mean": -11.3592853546
        },
        "short_term": {
            "mean": -9.80479621887
        }
    },
    "melbands_crest": {
        "mean": 16.9245414734
    },
    "melbands_flatness_db": {
        "mean": 0.274760782719
    },
    "melbands_kurtosis": {
        "mean": 30.2928104401
    },
    "melbands_skewness": {
        "mean": 3.49558377266
    },
    "melbands_spread": {
        "mean": 15.2407197952
    },
    "pitch_salience": {
        "mean": 0.495662242174
    },
    "silence_rate_20dB": {
        "mean": 1
    },
    "silence_rate_30dB": {
        "mean": 0.999796509743
    },
    "silence_rate_60dB": {
        "mean": 0.0334723778069
    },
    "spectral_centroid": {
        "mean": 1072.53356934
    },
    "spectral_complexity": {
        "mean": 22.0540237427
    },
    "spectral_decrease": {
        "mean": -9.22690102101e-09
    },
    "spectral_energy": {
        "mean": 0.0363683439791
    },
    "spectral_energyband_high": {
        "mean": 0.000336067227181
    },
    "spectral_energyband_low": {
        "mean": 0.0193800702691
    },
    "spectral_energyband_middle_high": {
        "mean": 0.00535949366167
    },
    "spectral_energyband_middle_low": {
        "mean": 0.0131838265806
    },
    "spectral_entropy": {
        "mean": 7.20795917511
    },
    "spectral_flux": {
        "mean": 0.0735742747784
    },
    "spectral_kurtosis": {
        "mean": 8.36527347565
    },
    "spectral_rms": {
        "mean": 0.00561509933323
    },
    "spectral_rolloff": {
        "mean": 945.455688477
    },
    "spectral_skewness": {
        "mean": 1.81152188778
    },
    "spectral_spread": {
        "mean": 3576441.75
    },
    "spectral_strongpeak": {
        "mean": 0.5673609972
    },
    "zerocrossingrate": {
        "mean": 0.0383852943778
    },
    "barkbands": {
        "mean": [0.000101295889181, 0.00895953737199, 0.00852356944233, 0.00312588410452, 0.00379603682086, 0.00193358678371, 0.00193773792125, 0.00103620591108, 0.00117818533909, 0.000929311441723, 0.000717547140084, 0.000690858520102, 0.000552735175006, 0.000492911902256, 0.000339742953656, 0.000406718550948, 0.000454357417766, 0.000475395063404, 0.000291860924335, 0.000177739013452, 0.000111620611278, 6.20275386609e-05, 2.76720402326e-05, 2.65351191047e-05, 1.23865274873e-05, 4.80316793983e-06, 2.09913332583e-06]
    },
    "erbbands": {
        "mean": [0.112746842206, 2.53428316116, 9.97298145294, 10.3294878006, 12.7112693787, 10.2462711334, 13.3695669174, 17.8032531738, 29.3958816528, 22.5110912323, 23.81549263, 24.2094287872, 29.8861141205, 29.0302238464, 27.1404933929, 27.0026130676, 27.2775783539, 23.1793060303, 21.1207942963, 19.5540142059, 23.8787479401, 26.9447422028, 26.3298530579, 19.6675662994, 12.0158538818, 8.36539745331, 6.16762161255, 3.28972196579, 2.22261738777, 1.33495128155, 0.795971989632, 0.61920851469, 0.385951310396, 0.179361522198, 0.0678902417421, 0.0251263678074, 0.00791514292359, 0.00225278595462, 0.000380655226763, 5.85627967666e-05]
    },
    "gfcc": {
        "mean": [-40.902923584, 125.653701782, -110.457015991, 38.8538208008, -37.0235557556, 2.89779806137, -24.8217639923, 6.86618423462, -16.6794700623, -4.34777450562, -11.1344089508, -4.59719705582, -12.6762943268],
        "cov": [[26773.28125, 352.129669189, -3516.02880859, 167.572357178, -1295.50463867, 226.240692139, -747.945678711, 193.557952881, -708.585327148, 0.385713964701, -382.84765625, 107.622535706, -291.101837158], [352.129669189, 1343.38903809, 150.799163818, -55.7030563354, 388.604125977, 16.7267532349, 226.071578979, 23.5081100464, 117.651847839, -211.466491699, 1.57939624786, -127.391418457, 5.63266897202], [-3516.02880859, 150.799163818, 1726.83068848, 360.872558594, 475.164123535, 213.573257446, 242.484405518, 44.7313499451, 66.6076202393, -40.9472122192, -79.7368087769, -102.291313171, 10.1542129517], [167.572357178, -55.7030563354, 360.872558594, 518.067077637, 125.390060425, 33.0973701477, 37.6833496094, 28.8603610992, 17.9305782318, -6.58423185349, -33.6161613464, -46.4185791016, 14.9245967865], [-1295.50463867, 388.604125977, 475.164123535, 125.390060425, 476.654968262, 122.506256104, 158.388809204, 60.4132118225, 86.7130661011, -113.36089325, -34.00207901, -72.3253479004, -5.46548271179], [226.240692139, 16.7267532349, 213.573257446, 33.0973701477, 122.506256104, 257.138366699, 87.9603881836, 42.4054527283, -18.1137580872, -47.1077613831, -46.0930709839, -35.5863800049, -19.7781009674], [-747.945678711, 226.071578979, 242.484405518, 37.6833496094, 158.388809204, 87.9603881836, 204.336624146, 20.6275501251, 26.5049495697, -57.2698745728, -9.40899848938, -37.8067893982, 6.78379535675], [193.557952881, 23.5081100464, 44.7313499451, 28.8603610992, 60.4132118225, 42.4054527283, 20.6275501251, 113.633308411, 27.8840942383, -34.3739547729, -20.2926292419, -12.3987550735, -12.6567869186], [-708.585327148, 117.651847839, 66.6076202393, 17.9305782318, 86.7130661011, -18.1137580872, 26.5049495697, 27.8840942383, 113.369949341, -2.35957169533, 21.7135887146, -19.3104610443, 7.49482965469], [0.385713964701, -211.466491699, -40.9472122192, -6.58423185349, -113.36089325, -47.1077613831, -57.2698745728, -34.3739547729, -2.35957169533, 119.267753601, 26.6641788483, 30.3037528992, 8.01964092255], [-382.84765625, 1.57939624786, -79.7368087769, -33.6161613464, -34.00207901, -46.0930709839, -9.40899848938, -20.2926292419, 21.7135887146, 26.6641788483, 86.8985214233, 28.2072086334, 6.23778963089], [107.622535706, -127.391418457, -102.291313171, -46.4185791016, -72.3253479004, -35.5863800049, -37.8067893982, -12.3987550735, -19.3104610443, 30.3037528992, 28.2072086334, 70.9915390015, 9.51701927185], [-291.101837158, 5.63266897202, 10.1542129517, 14.9245967865, -5.46548271179, -19.7781009674, 6.78379535675, -12.6567869186, 7.49482965469, 8.01964092255, 6.23778963089, 9.51701927185, 50.9628181458]],
        "icov": [[0.000204845026019, -0.000618106627371, 0.000426047743531, -0.000577953236643, 0.000460656621726, -0.000665401399601, 0.000555270758923, -0.000601543870289, 0.000909351976588, -0.000783330993727, 0.00103907112498, -0.000809647724964, 0.000904174696188], [-0.000618106627371, 0.00350710004568, -0.00113541609608, 0.00217427453026, -0.00213168002665, 0.00273055233993, -0.00256699044257, 0.0023795880843, -0.00331331603229, 0.00432268762961, -0.00381424999796, 0.00444921245798, -0.00312198745087], [0.000426047743531, -0.00113541609608, 0.00192054023501, -0.00158136500977, 4.66109559056e-05, -0.00159646652173, 0.000469759717816, -0.00105744448956, 0.00193231354933, -0.00242598750629, 0.00259571592323, -0.00133941532113, 0.00172981678043], [-0.000577953236643, 0.00217427453026, -0.00158136500977, 0.00417244480923, -0.00183315412141, 0.00231767585501, -0.00146996695548, 0.00118635059334, -0.00222358596511, 0.0021830634214, -0.00296816602349, 0.0040807002224, -0.00367052992806], [0.000460656621726, -0.00213168002665, 4.66109559056e-05, -0.00183315412141, 0.00640479056165, -0.00261021638289, 0.000560405896977, -0.0014205671614, -0.000868224538863, 0.000846879964229, 0.00281463912688, -0.00247303606011, 0.00275266985409], [-0.000665401399601, 0.00273055233993, -0.00159646652173, 0.00231767585501, -0.00261021638289, 0.00832227431238, -0.00388267729431, 0.000617835146841, -0.000975061848294, 0.00308880093507, -0.00240275287069, 0.00427387608215, -0.0016898092581], [0.000555270758923, -0.00256699044257, 0.000469759717816, -0.00146996695548, 0.000560405896977, -0.00388267729431, 0.0100287636742, -0.00170725700445, 0.00254390365444, -0.00104652822483, 0.00134842807893, -0.00152890314348, 0.000497685396113], [-0.000601543870289, 0.0023795880843, -0.00105744448956, 0.00118635059334, -0.0014205671614, 0.000617835146841, -0.00170725700445, 0.0137948384508, -0.00728990416974, 0.00580900395289, -0.000535580853466, 0.000543176196516, 2.6983618227e-05], [0.000909351976588, -0.00331331603229, 0.00193231354933, -0.00222358596511, -0.000868224538863, -0.000975061848294, 0.00254390365444, -0.00728990416974, 0.0187733434141, -0.00733202369884, -0.000109698507003, 0.000798178371042, 0.00146327866241], [-0.000783330993727, 0.00432268762961, -0.00242598750629, 0.0021830634214, 0.000846879964229, 0.00308880093507, -0.00104652822483, 0.00580900395289, -0.00733202369884, 0.0194395557046, -0.00636356184259, 0.00250424304977, -0.00390612357296], [0.00103907112498, -0.00381424999796, 0.00259571592323, -0.00296816602349, 0.00281463912688, -0.00240275287069, 0.00134842807893, -0.000535580853466, -0.000109698507003, -0.00636356184259, 0.0224750675261, -0.0114022446796, 0.00616160454229], [-0.000809647724964, 0.00444921245798, -0.00133941532113, 0.0040807002224, -0.00247303606011, 0.00427387608215, -0.00152890314348, 0.000543176196516, 0.000798178371042, 0.00250424304977, -0.0114022446796, 0.0277728680521, -0.0086150849238], [0.000904174696188, -0.00312198745087, 0.00172981678043, -0.00367052992806, 0.00275266985409, -0.0016898092581, 0.000497685396113, 2.6983618227e-05, 0.00146327866241, -0.00390612357296, 0.00616160454229, -0.0086150849238, 0.0266961473972]]
    },
    "melbands": {
        "mean": [0.00174366461579, 0.00457659969106, 0.00187861418817, 0.000821994210128, 0.000468582089525, 0.000414460373577, 0.000418339390308, 0.000240545807173, 0.000191346087377, 0.000154010893311, 0.000152595574036, 0.000121883815154, 9.80750846793e-05, 7.0212117862e-05, 7.69508187659e-05, 5.02954790136e-05, 4.2465133447e-05, 3.65349442291e-05, 2.57706196862e-05, 2.62395551545e-05, 2.76864884654e-05, 2.81894735963e-05, 2.47778007179e-05, 2.24636569328e-05, 1.53865184984e-05, 1.02039575722e-05, 6.65635525365e-06, 5.2953660088e-06, 4.09017957281e-06, 2.66885285782e-06, 1.67771395354e-06, 1.31142871851e-06, 1.04478840512e-06, 5.9661533669e-07, 4.6797239861e-07, 3.99024060016e-07, 3.64107421547e-07, 2.87987916181e-07, 2.06873878028e-07, 1.31543231419e-07]
    },
    "melbands128": {
        "mean": [9.39207238844e-05, 0.000483408075524, 0.00193229166325, 0.00503421062604, 0.00573196308687, 0.003717842279, 0.00210260064341, 0.00142414704897, 0.00139099068474, 0.000787792203482, 0.000465130666271, 0.000535421597306, 0.000459887931356, 0.00040069638635, 0.000362390070222, 0.000401043274906, 0.000608848058619, 0.000397740775952, 0.000216463711695, 0.000262759334873, 0.000233447281062, 0.00024828282767, 0.000153274508193, 0.000191366198123, 0.000149745697854, 0.000135743655846, 0.000171021354618, 0.000116197363241, 0.000203907577088, 0.000116051465739, 9.53289491008e-05, 0.000119831012853, 0.000114864124043, 6.04472006671e-05, 8.43721209094e-05, 6.34931493551e-05, 6.00012717769e-05, 9.92215136648e-05, 7.11312968633e-05, 5.41538611287e-05, 4.15158756368e-05, 5.0709451898e-05, 3.9800968807e-05, 3.48713474523e-05, 5.63578068977e-05, 3.19518694596e-05, 2.24072045967e-05, 2.70056334557e-05, 2.65534381469e-05, 2.54043516179e-05, 2.65435028268e-05, 2.46096533374e-05, 3.24211432599e-05, 2.61951008724e-05, 2.44004568231e-05, 3.28543355863e-05, 2.58902018686e-05, 2.43099057116e-05, 2.56564162555e-05, 2.35643292399e-05, 2.38349603023e-05, 2.06158219953e-05, 1.596371294e-05, 1.43041752381e-05, 1.35907203003e-05, 1.02561198219e-05, 8.09441553429e-06, 7.50499521018e-06, 6.16007582721e-06, 5.69252233618e-06, 5.44693239135e-06, 5.30919669472e-06, 4.05476384913e-06, 3.85531257052e-06, 4.33323839388e-06, 2.59013131654e-06, 2.10237089959e-06, 1.89244008197e-06, 1.42769090417e-06, 1.8334020524e-06, 1.26612360418e-06, 1.1668469142e-06, 1.1506986084e-06, 1.04067589746e-06, 1.06100480934e-06, 5.50456149995e-07, 4.94988455557e-07, 4.99645750551e-07, 4.90215711579e-07, 4.20905223564e-07, 3.94416360905e-07, 3.74218757315e-07, 4.54518584547e-07, 3.50137099758e-07, 3.15377775451e-07, 3.48602867462e-07, 2.63904468056e-07, 2.40420405362e-07, 2.25129625164e-07, 1.77744539087e-07, 1.57939666678e-07, 1.2364486679e-07, 1.03005611152e-07, 8.25640711355e-08, 7.48774553472e-08, 6.42582378418e-08, 5.83878794203e-08, 4.93167533477e-08, 3.8747483444e-08, 3.75120414731e-08, 3.31282699051e-08, 2.66721258413e-08, 2.18060005608e-08, 2.22856311183e-08, 2.07548875863e-08, 1.72486736005e-08, 1.63427227307e-08, 1.72269949417e-08, 1.61216195949e-08, 1.03194377488e-08, 1.14557083819e-08, 6.96951740764e-09, 5.01145924758e-09, 3.84404907905e-09, 2.90691515303e-09, 2.34642505426e-09, 1.90988047599e-09, 1.325873078e-09]
    },
    "mfcc": {
        "mean": [-680.078369141, 152.195571899, -7.03388500214, 40.4148674011, 9.74868965149, 6.491710186, 4.40875387192, 9.61977291107, 1.41467249393, 1.39709019661, 1.87342917919, 3.68083572388, -0.884566009045],
        "cov": [[19030.7148438, -455.227813721, -1891.99023438, -559.938476562, -809.884094238, -417.777008057, -268.423461914, -217.021316528, -342.586730957, -168.048629761, -220.774703979, -106.646911621, -216.393951416], [-455.227813721, 1657.99108887, 73.6885299683, 81.2555160522, 239.113021851, 107.95589447, 152.177215576, 280.970794678, 115.829338074, 100.093429565, 56.6834793091, -48.4527626038, -66.1370162964], [-1891.99023438, 73.6885299683, 1005.93621826, 302.086120605, 226.353881836, 199.740844727, 169.606185913, 56.3338737488, 142.123580933, 75.8231277466, 26.0353298187, 18.2232894897, -6.33052539825], [-559.938476562, 81.2555160522, 302.086120605, 502.06237793, 171.139328003, 72.9364242554, 55.8871955872, 29.4832344055, 89.6685333252, 15.7702512741, 24.4595985413, 26.1327209473, 15.8007116318], [-809.884094238, 239.113021851, 226.353881836, 171.139328003, 346.080657959, 108.497138977, 79.4973068237, 141.395812988, 86.566116333, 69.0690231323, 50.9610061646, -22.3967609406, -38.5377540588], [-417.777008057, 107.95589447, 199.740844727, 72.9364242554, 108.497138977, 196.566818237, 111.395606995, 58.0150146484, 65.3698577881, 38.0221672058, 13.6374168396, -3.34228253365, -16.5083389282], [-268.423461914, 152.177215576, 169.606185913, 55.8871955872, 79.4973068237, 111.395606995, 173.86769104, 104.071891785, 62.6088142395, 31.1002578735, 7.33526039124, -9.86594295502, -23.5858650208], [-217.021316528, 280.970794678, 56.3338737488, 29.4832344055, 141.395812988, 58.0150146484, 104.071891785, 220.948104858, 76.7508621216, 46.9280357361, 34.6310272217, -25.4114952087, -38.1389427185], [-342.586730957, 115.829338074, 142.123580933, 89.6685333252, 86.566116333, 65.3698577881, 62.6088142395, 76.7508621216, 116.93850708, 54.7824821472, 10.6800575256, -13.4291820526, -19.2634544373], [-168.048629761, 100.093429565, 75.8231277466, 15.7702512741, 69.0690231323, 38.0221672058, 31.1002578735, 46.9280357361, 54.7824821472, 87.3603363037, 26.0633277893, -14.0083417892, -13.6701116562], [-220.774703979, 56.6834793091, 26.0353298187, 24.4595985413, 50.9610061646, 13.6374168396, 7.33526039124, 34.6310272217, 10.6800575256, 26.0633277893, 61.416431427, 14.5555028915, -0.275322675705], [-106.646911621, -48.4527626038, 18.2232894897, 26.1327209473, -22.3967609406, -3.34228253365, -9.86594295502, -25.4114952087, -13.4291820526, -14.0083417892, 14.5555028915, 62.5475120544, 31.7567863464], [-216.393951416, -66.1370162964, -6.33052539825, 15.8007116318, -38.5377540588, -16.5083389282, -23.5858650208, -38.1389427185, -19.2634544373, -13.6701116562, -0.275322675705, 31.7567863464, 67.6491851807]],
        "icov": [[7.67120873206e-05, 1.18990374176e-05, 0.000129097737954, -8.29261698527e-05, 0.000153517292347, -1.12955240184e-05, -1.71507763298e-05, -4.47869060736e-05, 0.000165595061844, -0.000166470766999, 0.000207943317946, -7.94365842012e-05, 0.0003935865534], [1.18990374176e-05, 0.000797091575805, 0.000107886029582, -9.99483963824e-05, -8.59320134623e-05, -6.96695642546e-05, -0.000135868423968, -0.000782283430453, 0.000124028360005, -0.00042134267278, -2.36677242356e-05, 0.000114169481094, 0.000192904321011], [0.000129097737954, 0.000107886029582, 0.00189049320761, -0.000596397556365, -0.000379956123652, -0.000508548750076, -0.00117734645028, 0.000823423906695, -0.00062429200625, -0.000682057638187, 0.000469705904834, -0.000692315108608, 0.000559143139981], [-8.29261698527e-05, -9.99483963824e-05, -0.000596397556365, 0.00335228163749, -0.0018012993969, 0.000518105749507, -0.000370560243027, 0.00124392751604, -0.00286578247324, 0.00221235794015, -0.000833794358186, -0.000756579218432, -0.00154660479166], [0.000153517292347, -8.59320134623e-05, -0.000379956123652, -0.0018012993969, 0.0066156797111, -0.00202052667737, 0.00174477824476, -0.00317679601721, 0.00138270272873, -0.00201767031103, -0.00165885267779, 0.00141879927833, 0.00219846563414], [-1.12955240184e-05, -6.96695642546e-05, -0.000508548750076, 0.000518105749507, -0.00202052667737, 0.00978493038565, -0.00552201829851, 0.00225318851881, -0.00225297291763, -4.63339601993e-05, -0.000507651420776, -0.00065524072852, -3.64182596968e-05], [-1.71507763298e-05, -0.000135868423968, -0.00117734645028, -0.000370560243027, 0.00174477824476, -0.00552201829851, 0.013215361163, -0.0056546907872, 0.000225357172894, -0.000174559565494, 0.00229410734028, -0.000653456023429, 0.00119964662008], [-4.47869060736e-05, -0.000782283430453, 0.000823423906695, 0.00124392751604, -0.00317679601721, 0.00225318851881, -0.0056546907872, 0.0114114908502, -0.00498833367601, 0.00195884169079, -0.00421339133754, 0.00145197601523, 0.000357201672159], [0.000165595061844, 0.000124028360005, -0.00062429200625, -0.00286578247324, 0.00138270272873, -0.00225297291763, 0.000225357172894, -0.00498833367601, 0.0197832025588, -0.0097422869876, 0.00477743614465, -0.000195477332454, 0.00254197511822], [-0.000166470766999, -0.00042134267278, -0.000682057638187, 0.00221235794015, -0.00201767031103, -4.63339601993e-05, -0.000174559565494, 0.00195884169079, -0.0097422869876, 0.0215344112366, -0.00875265151262, 0.00463008973747, -0.00227398867719], [0.000207943317946, -2.36677242356e-05, 0.000469705904834, -0.000833794358186, -0.00165885267779, -0.000507651420776, 0.00229410734028, -0.00421339133754, 0.00477743614465, -0.00875265151262, 0.0259569790214, -0.00964894983917, 0.00246317894198], [-7.94365842012e-05, 0.000114169481094, -0.000692315108608, -0.000756579218432, 0.00141879927833, -0.00065524072852, -0.000653456023429, 0.00145197601523, -0.000195477332454, 0.00463008973747, -0.00964894983917, 0.0257575940341, -0.01004223153], [0.0003935865534, 0.000192904321011, 0.000559143139981, -0.00154660479166, 0.00219846563414, -3.64182596968e-05, 0.00119964662008, 0.000357201672159, 0.00254197511822, -0.00227398867719, 0.00246317894198, -0.01004223153, 0.0234949532896]]
    },
    "spectral_contrast_coeffs": {
        "mean": [-0.692167043686, -0.753756046295, -0.781258523464, -0.812808096409, -0.792001605034, -0.761774897575]
    },
    "spectral_contrast_valleys": {
        "mean": [-6.64300584793, -6.99987983704, -7.68324995041, -7.88795995712, -7.94076919556, -11.2595939636]
    }
},
"rhythm": {
    "beats_count": 506,
    "beats_loudness": {
        "mean": 0.0421014912426
    },
    "bpm": 138.120162964,
    "bpm_histogram_first_peak_bpm": 140,
    "bpm_histogram_first_peak_weight": 0.497727274895,
    "bpm_histogram_second_peak_bpm": 101,
    "bpm_histogram_second_peak_spread": 0.675000071526,
    "bpm_histogram_second_peak_weight": 0.0257425736636,
    "danceability": 1.0893689394,
    "onset_rate": 1.94989573956,
    "beats_loudness_band_ratio": {
        "mean": [0.629884362221, 0.152408972383, 0.131814181805, 0.0748700425029, 0.0521829016507, 0.0181594006717]
    },
    "beats_position": [0.452789098024, 0.905578196049, 1.35836732388, 1.8111563921, 2.27555561066, 2.73995471001, 3.19274377823, 3.64553284645, 4.08671188354, 4.52789115906, 4.96907043457, 5.41024923325, 5.85142850876, 6.28099775314, 6.72217655182, 7.16335582733, 7.60453510284, 8.03410434723, 8.46367359161, 8.893242836, 9.32281208038, 9.75238037109, 10.1819496155, 10.6115188599, 11.0526981354, 11.4938774109, 11.9350566864, 12.3762359619, 12.8174142838, 13.2585935593, 13.6765527725, 14.1061220169, 14.5356912613, 14.9652605057, 15.3948297501, 15.8127889633, 16.2539672852, 16.6951465607, 17.1363258362, 17.5775051117, 18.0186843872, 18.4598636627, 18.9010429382, 19.3422222137, 19.7834014893, 20.2129707336, 20.642539978, 21.0721092224, 21.5132884979, 21.942855835, 22.3724250793, 22.8019943237, 23.2315635681, 23.6727428436, 24.1139221191, 24.5434913635, 24.984670639, 25.4258499146, 25.8670291901, 26.3082084656, 26.7493877411, 27.1789569855, 27.6085262299, 28.0380954742, 28.4792747498, 28.9088420868, 29.3500213623, 29.7679805756, 30.2091598511, 30.6387290955, 31.079908371, 31.5094776154, 31.9390468597, 32.3686180115, 32.8097953796, 33.2509727478, 33.6921539307, 34.121723175, 34.5512924194, 34.9924697876, 35.4336509705, 35.8632202148, 36.304397583, 36.7339668274, 37.1635360718, 37.5931053162, 38.0226745605, 38.4522438049, 38.8818130493, 39.3113822937, 39.7525634766, 40.1937408447, 40.6349182129, 41.0760993958, 41.5172767639, 41.9468460083, 42.3764152527, 42.8059844971, 43.2355537415, 43.6651229858, 44.1063041687, 44.5358734131, 44.9654426575, 45.3950119019, 45.8478012085, 46.2773704529, 46.718547821, 47.1481170654, 47.5892944336, 48.018863678, 48.4600448608, 48.901222229, 49.3424034119, 49.7719726562, 50.2131500244, 50.6427192688, 51.0722885132, 51.5018577576, 51.931427002, 52.3609962463, 52.8021774292, 53.2317466736, 53.661315918, 54.1024932861, 54.5436706543, 54.9732398987, 55.4028091431, 55.8439903259, 56.2851676941, 56.7147369385, 57.1443061829, 57.5854873657, 58.0266647339, 58.4678459167, 58.9090232849, 59.3502044678, 59.7681617737, 60.1861228943, 60.6040802002, 61.0452613831, 61.4864387512, 61.9160079956, 62.34557724, 62.7867546082, 63.2163238525, 63.6458930969, 64.0754623413, 64.5050354004, 64.9346008301, 65.3757781982, 65.8053512573, 66.2465286255, 66.6877059937, 67.1288909912, 67.5700683594, 68.0112457275, 68.4408187866, 68.8703842163, 69.299949646, 69.7295227051, 70.1707000732, 70.6002731323, 71.029838562, 71.4710159302, 71.9122009277, 72.3533782959, 72.7829437256, 73.2125167847, 73.6420822144, 74.0716552734, 74.5128326416, 74.9540100098, 75.3835830688, 75.8131484985, 76.2543258667, 76.6955108643, 77.1366882324, 77.5662536621, 77.9958267212, 78.4370040894, 78.8781814575, 79.3077545166, 79.7489318848, 80.1785049438, 80.619682312, 81.0376434326, 81.4555969238, 81.8967819214, 82.3379592896, 82.7791366577, 83.2203140259, 83.661491394, 84.1026763916, 84.5206298828, 84.9502029419, 85.3797683716, 85.8209533691, 86.2621307373, 86.691696167, 87.1212692261, 87.5624465942, 87.9920196533, 88.421585083, 88.8627624512, 89.3039474487, 89.7335128784, 90.1746902466, 90.6042633057, 91.0454406738, 91.4750061035, 91.9045791626, 92.3457565308, 92.7869338989, 93.2048950195, 93.6344680786, 94.0640335083, 94.5052108765, 94.9347839355, 95.3643493652, 95.8055343628, 96.2583236694, 96.6878890991, 97.1174621582, 97.5470275879, 97.9882049561, 98.4177780151, 98.8473434448, 99.288520813, 99.7297058105, 100.147659302, 100.588844299, 101.018409729, 101.459587097, 101.889160156, 102.330337524, 102.771514893, 103.21269989, 103.653877258, 104.095054626, 104.524627686, 104.954193115, 105.383758545, 105.813331604, 106.254508972, 106.69568634, 107.125259399, 107.554824829, 107.97278595, 108.413963318, 108.843536377, 109.284713745, 109.714286804, 110.167076111, 110.596641541, 111.037818909, 111.479003906, 111.920181274, 112.338134766, 112.756095886, 113.185668945, 113.615234375, 114.056411743, 114.497596741, 114.915550232, 115.356735229, 115.786300659, 116.215873718, 116.657051086, 117.086616516, 117.516189575, 117.957366943, 118.398544312, 118.839729309, 119.269294739, 119.698867798, 120.140045166, 120.581222534, 121.022399902, 121.451972961, 121.881538391, 122.31111145, 122.74067688, 123.170249939, 123.599815369, 124.040992737, 124.470565796, 124.900131226, 125.341316223, 125.782493591, 126.212059021, 126.64163208, 127.082809448, 127.523986816, 127.965164185, 128.406341553, 128.847518921, 129.277099609, 129.706665039, 130.147842407, 130.589019775, 131.018585205, 131.448165894, 131.877731323, 132.307296753, 132.748474121, 133.17805481, 133.607620239, 134.048797607, 134.489974976, 134.931152344, 135.372329712, 135.81350708, 136.243087769, 136.672653198, 137.102218628, 137.531784058, 137.972961426, 138.414154053, 138.843719482, 139.273284912, 139.71446228, 140.155639648, 140.585220337, 141.014785767, 141.455963135, 141.897140503, 142.338317871, 142.767883301, 143.197463989, 143.627029419, 144.056594849, 144.497772217, 144.938949585, 145.368530273, 145.798095703, 146.227661133, 146.657226562, 147.075195312, 147.516372681, 147.957550049, 148.398727417, 148.839904785, 149.269470215, 149.699050903, 150.128616333, 150.558181763, 150.999359131, 151.440536499, 151.881713867, 152.322906494, 152.764083862, 153.193649292, 153.623214722, 154.052780151, 154.48236084, 154.923538208, 155.353103638, 155.782669067, 156.212234497, 156.641815186, 157.082992554, 157.512557983, 157.942123413, 158.383300781, 158.824493408, 159.265670776, 159.695236206, 160.124801636, 160.565979004, 161.007156372, 161.436737061, 161.86630249, 162.307479858, 162.737045288, 163.166610718, 163.596191406, 164.025756836, 164.455322266, 164.884887695, 165.326080322, 165.76725769, 166.208435059, 166.649612427, 167.079177856, 167.508743286, 167.938323975, 168.379501343, 168.809066772, 169.250244141, 169.67980957, 170.109390259, 170.550567627, 170.980133057, 171.409698486, 171.850875854, 172.292053223, 172.73324585, 173.162811279, 173.592376709, 174.021942139, 174.463119507, 174.892700195, 175.333877563, 175.775054932, 176.204620361, 176.634185791, 177.063766479, 177.493331909, 177.922897339, 178.352462769, 178.782043457, 179.223220825, 179.664398193, 180.093963623, 180.535140991, 180.964706421, 181.394287109, 181.823852539, 182.265029907, 182.694595337, 183.135772705, 183.576965332, 184.006530762, 184.436096191, 184.865661621, 185.306838989, 185.736419678, 186.177597046, 186.618774414, 187.048339844, 187.477905273, 187.919082642, 188.360275269, 188.801452637, 189.242630005, 189.672195435, 190.101760864, 190.542938232, 190.984130859, 191.425308228, 191.854873657, 192.284439087, 192.714004517, 193.155181885, 193.596374512, 194.025939941, 194.455505371, 194.885070801, 195.314651489, 195.744216919, 196.185394287, 196.638183594, 197.0909729, 197.543762207, 198.066207886, 198.600265503, 199.13432312, 199.668380737, 200.202438354, 200.73651123, 201.270568848, 201.816238403, 202.361907959, 202.907577515, 203.441635132, 204.022125244, 204.614242554, 205.194732666, 205.775238037, 206.355728149, 206.936233521, 207.516723633, 208.120452881, 208.712554932, 209.304672241, 209.873550415, 210.442443848, 211.034561157, 211.626663208, 212.218765259, 212.79927063, 213.379776001, 213.995101929, 214.598815918, 215.202529907, 215.806259155, 216.409973145, 217.002075195, 217.605804443, 218.209518433, 218.813232422, 219.405349731, 219.985839844, 220.577957153, 221.170059204, 221.762176514, 222.354278564, 222.911560059, 223.480453491, 224.049331665, 224.618225098, 225.18711853, 225.756011963, 226.324890137, 226.905395508, 227.497497559],
    "bpm_histogram": [0, 0, 0, 0, 0, 0, 0, 0, 0, 0, 0, 0, 0, 0, 0, 0, 0, 0, 0, 0, 0, 0, 0, 0, 0, 0, 0, 0, 0, 0, 0, 0, 0, 0, 0, 0, 0, 0, 0, 0, 0, 0, 0, 0, 0, 0, 0, 0, 0, 0, 0, 0, 0, 0, 0, 0, 0, 0, 0, 0, 0, 0, 0, 0, 0, 0, 0, 0, 0, 0, 0, 0, 0, 0, 0, 0, 0, 0, 0, 0, 0, 0, 0, 0, 0, 0, 0, 0, 0, 0, 0, 0, 0, 0, 0, 0, 0, 0, 0.00198019808158, 0.0158415846527, 0, 0.0257425736636, 0, 0.0198019798845, 0, 0.0158415846527, 0, 0, 0.00198019808158, 0, 0.00594059424475, 0, 0.0138613861054, 0, 0, 0.00198019808158, 0, 0, 0, 0, 0, 0, 0, 0, 0, 0, 0, 0, 0, 0.00396039616317, 0, 0, 0, 0.0217821784317, 0, 0, 0.401980191469, 0, 0, 0, 0.437623769045, 0, 0, 0, 0.0316831693053, 0, 0, 0, 0, 0, 0, 0, 0, 0, 0, 0, 0, 0, 0, 0, 0, 0, 0, 0, 0, 0, 0, 0, 0, 0, 0, 0, 0, 0, 0, 0, 0, 0, 0, 0, 0, 0, 0, 0, 0, 0, 0, 0, 0, 0, 0, 0, 0, 0, 0, 0, 0, 0, 0, 0, 0, 0, 0, 0, 0, 0, 0, 0, 0, 0, 0, 0, 0, 0, 0, 0, 0, 0, 0, 0, 0, 0, 0, 0, 0, 0, 0, 0, 0, 0, 0, 0, 0, 0, 0, 0, 0, 0, 0, 0, 0, 0, 0, 0, 0, 0, 0, 0, 0, 0]
},
"tonal": {
    "chords_changes_rate": 0.0528992861509,
    "chords_number_rate": 0.00244150566868,
    "chords_strength": {
        "mean": 0.521413445473
    },
    "hpcp_crest": {
        "mean": 12.8091421127
    },
    "hpcp_entropy": {
        "mean": 2.08625078201
    },
    "key_edma": {
        "strength": 0.602201163769,
        "key": "F#",
        "scale": "minor"
    },
    "key_krumhansl": {
        "strength": 0.602261006832,
        "key": "C#",
        "scale": "minor"
    },
    "key_temperley": {
        "strength": 0.610462427139,
        "key": "C#",
        "scale": "minor"
    },
    "tuning_diatonic_strength": 0.577361345291,
    "tuning_equal_tempered_deviation": 0.0427036955953,
    "tuning_frequency": 441.272583008,
    "tuning_nontempered_energy_ratio": 0.710545420647,
    "hpcp": {
        "mean": [0.0889053419232, 0.0414687767625, 0.0416612550616, 0.0467216819525, 0.0442209839821, 0.0941236019135, 0.132447615266, 0.0835943073034, 0.0445138774812, 0.0373811349273, 0.0505946874619, 0.165435642004, 0.252020865679, 0.159662663937, 0.0590432696044, 0.0388741530478, 0.0352909788489, 0.0688694640994, 0.0982589051127, 0.0759451836348, 0.116921663284, 0.194251343608, 0.143540680408, 0.0795988887548, 0.0722062140703, 0.0711949840188, 0.181081354618, 0.277519285679, 0.200541600585, 0.112996995449, 0.0737500861287, 0.0541571527719, 0.188424959779, 0.335747361183, 0.234916523099, 0.120798073709]
    },
    "chords_histogram": [17.741607666, 12.6551370621, 5.69684648514, 3.25534081459, 0.244150564075, 15.2797555923, 0, 13.6113939285, 3.29603266716, 7.65005064011, 0.183112919331, 0.203458800912, 0, 0, 0, 0, 1.01729404926, 0.142421156168, 2.01424217224, 0, 0.915564596653, 0, 12.7568664551, 3.33672428131],
    "thpcp": [1, 0.699682414532, 0.35978859663, 0.264798343182, 0.123511850834, 0.124085128307, 0.139157250524, 0.131709098816, 0.28034055233, 0.39448595047, 0.248979791999, 0.132581472397, 0.111337095499, 0.150692731142, 0.492738485336, 0.750626504421, 0.475544065237, 0.175856247544, 0.115783944726, 0.105111710727, 0.205122873187, 0.292657256126, 0.22619740665, 0.348242998123, 0.578564047813, 0.427525877953, 0.237079709768, 0.215061157942, 0.212049275637, 0.539338111877, 0.826571762562, 0.597299098969, 0.336553633213, 0.219659462571, 0.161303281784, 0.56121057272],
    "chords_key": "C#",
    "chords_scale": "minor"
}
}