{
"metadata": {
    "version": {
        "essentia": "2.1-beta6-dev",
        "essentia_git_sha": "v2.1_beta5-1177-g1d1cc983",
        "extractor": "music 2.0"
    },
    "audio_properties": {
        "analysis": {
            "equal_loudness": 0,
            "length": 274.239990234,
            "sample_rate": 44100,
            "start_time": 0,
            "downmix": "mix"
        },
        "bit_rate": 1411200,
        "length": 274.239990234,
        "lossless": 1,
        "number_channels": 2,
        "replay_gain": -13.5185146332,
        "sample_rate": 44100,
        "codec": "pcm_s16le",
        "md5_encoded": "dae91cdd2cbaeea07da01e10c2849d59"
    },
    "tags": {
        "file_name": "09 - Manchester Orchestra - Apprehension.wav",
        "album": ["Simple Math"],
        "albumartist": ["Manchester Orchestra"],
        "artist": ["Manchester Orchestra"],
        "composer": ["Andy Hull"],
        "copyright": ["(P) 2011 Sony Music Entertainment"],
        "date": ["2011"],
        "discnumber": ["1"],
        "disctotal": ["1"],
        "genre": ["Alternative & Indie"],
        "isrc": ["USSM11101290"],
        "title": ["Apprehension"],
        "tracknumber": ["9"],
        "tracktotal": ["10"]
    }
},
"lowlevel": {
    "average_loudness": 0.9161272645,
    "barkbands_crest": {
        "mean": 11.4281158447
    },
    "barkbands_flatness_db": {
        "mean": 0.173801749945
    },
    "barkbands_kurtosis": {
        "mean": 11.821811676
    },
    "barkbands_skewness": {
        "mean": 2.32122373581
    },
    "barkbands_spread": {
        "mean": 17.2928981781
    },
    "dissonance": {
        "mean": 0.456277608871
    },
    "dynamic_complexity": 3.49503803253,
    "erbbands_crest": {
        "mean": 7.739985466
    },
    "erbbands_flatness_db": {
        "mean": 0.153289109468
    },
    "erbbands_kurtosis": {
        "mean": 0.651622712612
    },
    "erbbands_skewness": {
        "mean": 0.450098991394
    },
    "erbbands_spread": {
        "mean": 42.0272140503
    },
    "hfc": {
        "mean": 18.9576244354
    },
    "loudness_ebu128": {
        "integrated": -9.13382911682,
        "loudness_range": 3.91482925415,
        "momentary": {
            "mean": -10.5362186432
        },
        "short_term": {
            "mean": -9.91709423065
        }
    },
    "melbands_crest": {
        "mean": 16.5980892181
    },
    "melbands_flatness_db": {
        "mean": 0.261645883322
    },
    "melbands_kurtosis": {
        "mean": 31.1480560303
    },
    "melbands_skewness": {
        "mean": 3.60910749435
    },
    "melbands_spread": {
        "mean": 15.7205276489
    },
    "pitch_salience": {
        "mean": 0.506736159325
    },
    "silence_rate_20dB": {
        "mean": 1
    },
    "silence_rate_30dB": {
        "mean": 0.945902466774
    },
    "silence_rate_60dB": {
        "mean": 0.0402980037034
    },
    "spectral_centroid": {
        "mean": 1101.52661133
    },
    "spectral_complexity": {
        "mean": 18.0005931854
    },
    "spectral_decrease": {
        "mean": -1.07815312234e-08
    },
    "spectral_energy": {
        "mean": 0.0424116179347
    },
    "spectral_energyband_high": {
        "mean": 0.000793872284703
    },
    "spectral_energyband_low": {
        "mean": 0.0258907284588
    },
    "spectral_energyband_middle_high": {
        "mean": 0.00420567253605
    },
    "spectral_energyband_middle_low": {
        "mean": 0.0126490211114
    },
    "spectral_entropy": {
        "mean": 7.39323377609
    },
    "spectral_flux": {
        "mean": 0.0982806384563
    },
    "spectral_kurtosis": {
        "mean": 6.62006521225
    },
    "spectral_rms": {
        "mean": 0.00595159176737
    },
    "spectral_rolloff": {
        "mean": 978.52923584
    },
    "spectral_skewness": {
        "mean": 1.72704684734
    },
    "spectral_spread": {
        "mean": 4330949.5
    },
    "spectral_strongpeak": {
        "mean": 0.547340035439
    },
    "zerocrossingrate": {
        "mean": 0.0442191325128
    },
    "barkbands": {
        "mean": [0.00230506272055, 0.0170621238649, 0.00548235885799, 0.00236484059133, 0.00376763450913, 0.00227805250324, 0.00135924760252, 0.000903017818928, 0.00181359366979, 0.000733709719498, 0.000537728425115, 0.000563637586311, 0.000324369699229, 0.000393279042328, 0.000353952520527, 0.000318453094224, 0.000270030664979, 0.000328850233927, 0.000350483314833, 0.000196461871383, 0.000158959810506, 0.000154935361934, 0.000140237694723, 0.000145560523379, 9.0025307145e-05, 1.22099099826e-05, 2.74435637948e-06]
    },
    "erbbands": {
        "mean": [0.602241754532, 3.31389427185, 7.13376379013, 6.92372274399, 10.521282196, 12.7712268829, 16.5507621765, 17.2237110138, 17.8332328796, 19.8469142914, 30.3358287811, 31.8530445099, 29.7398777008, 23.8800354004, 18.4106426239, 20.8973751068, 16.2226734161, 17.9063911438, 19.4959888458, 18.083190918, 17.4612293243, 16.6812820435, 17.5715484619, 18.4416713715, 15.6504411697, 8.72546100616, 7.52612543106, 5.61575603485, 5.76468896866, 4.71224021912, 3.83587861061, 3.20087647438, 2.30498433113, 1.37304770947, 0.426762402058, 0.0953963920474, 0.0160775315017, 0.0028289668262, 0.000607002235483, 6.55051408103e-05]
    },
    "gfcc": {
        "mean": [-20.0367412567, 119.014518738, -99.3960342407, 42.2435722351, -51.6893997192, 10.4471826553, -25.9323863983, 11.5914945602, -14.6583452225, 0.214062795043, -9.55721569061, -3.1908056736, -6.00963258743],
        "cov": [[16572.2011719, -1473.18530273, -2317.78051758, 436.626159668, -773.132080078, 561.236999512, -616.493225098, 473.212738037, -415.748931885, 62.6646080017, -273.217681885, 192.496231079, -235.705169678], [-1473.18530273, 1912.82446289, -97.9905166626, -238.899185181, 352.408508301, -283.992889404, 339.575012207, -170.128036499, 220.735076904, -105.758773804, 134.944900513, -141.83972168, 86.6225585938], [-2317.78051758, -97.9905166626, 1194.38195801, 26.0245876312, -23.6461009979, 25.7462234497, -38.8876457214, 8.15950584412, 26.1099205017, 21.5197086334, 8.95480155945, 0.552522659302, 48.8695106506], [436.626159668, -238.899185181, 26.0245876312, 380.59185791, -48.063419342, 15.6246547699, 7.72187852859, 0.785709619522, -8.34844875336, 21.1092128754, 9.39909744263, 6.68362474442, 14.0380983353], [-773.132080078, 352.408508301, -23.6461009979, -48.063419342, 343.971710205, -19.6488876343, 147.704910278, -10.1095466614, 74.6474075317, -1.71487998962, 54.1147766113, -26.1784229279, 25.0644054413], [561.236999512, -283.992889404, 25.7462234497, 15.6246547699, -19.6488876343, 225.957260132, 1.59723258018, 49.0579185486, -28.3649291992, 30.2918739319, -3.48205828667, 29.2198181152, -19.0814208984], [-616.493225098, 339.575012207, -38.8876457214, 7.72187852859, 147.704910278, 1.59723258018, 276.24621582, -32.5850601196, 57.2484588623, 5.5840716362, 65.5793380737, -34.0495262146, 21.0426979065], [473.212738037, -170.128036499, 8.15950584412, 0.785709619522, -10.1095466614, 49.0579185486, -32.5850601196, 138.577392578, 1.83944284916, 12.9280719757, -6.92340898514, 19.382106781, -5.46377277374], [-415.748931885, 220.735076904, 26.1099205017, -8.34844875336, 74.6474075317, -28.3649291992, 57.2484588623, 1.83944284916, 132.192687988, 5.10956764221, 25.7979831696, -28.1018199921, 20.0726013184], [62.6646080017, -105.758773804, 21.5197086334, 21.1092128754, -1.71487998962, 30.2918739319, 5.5840716362, 12.9280719757, 5.10956764221, 89.2366027832, 15.0265169144, 8.24687862396, 1.96856713295], [-273.217681885, 134.944900513, 8.95480155945, 9.39909744263, 54.1147766113, -3.48205828667, 65.5793380737, -6.92340898514, 25.7979831696, 15.0265169144, 89.5739135742, 10.2924718857, 16.2296867371], [192.496231079, -141.83972168, 0.552522659302, 6.68362474442, -26.1784229279, 29.2198181152, -34.0495262146, 19.382106781, -28.1018199921, 8.24687862396, 10.2924718857, 80.6398773193, 11.9469985962], [-235.705169678, 86.6225585938, 48.8695106506, 14.0380983353, 25.0644054413, -19.0814208984, 21.0426979065, -5.46377277374, 20.0726013184, 1.96856713295, 16.2296867371, 11.9469985962, 69.7238311768]],
        "icov": [[0.000165526085766, -0.000177115914994, 0.000328940630425, -0.000274423859082, 0.000238834822085, -0.000426955288276, 0.000304788176436, -0.000505517411511, 0.000280119245872, -0.000190786158782, 0.000284794718027, -0.000145684753079, 0.000153423374286], [-0.000177115914994, 0.00169522606302, -0.000256825936958, 0.00110959133599, -0.000619099708274, 0.00147676875349, -0.00114312465303, 0.00139286543708, -0.00136146356817, 0.00152829312719, -0.00163010403048, 0.0015157549642, -0.00119886826724], [0.000328940630425, -0.000256825936958, 0.00154851330444, -0.000512486032676, 0.000523995840922, -0.00098842929583, 0.000808648648672, -0.000926483946387, 0.000323430111166, -0.000428560713772, 0.000330820534145, 7.53304775571e-05, -0.000497546920087], [-0.000274423859082, 0.00110959133599, -0.000512486032676, 0.00367080839351, -3.21302322845e-05, 0.00113443809096, -0.00121288199443, 0.00129603478126, -0.000879525381606, 0.000494467327371, -0.00147608993575, 0.00111516576726, -0.00150472018868], [0.000238834822085, -0.000619099708274, 0.000523995840922, -3.21302322845e-05, 0.00465902872384, -0.000785551150329, -0.00107172341086, -0.00120500300545, -0.000572591088712, -0.000327518471749, -0.000273273297353, -0.000129514563014, -0.000185163531569], [-0.000426955288276, 0.00147676875349, -0.00098842929583, 0.00113443809096, -0.000785551150329, 0.00734717398882, -0.0023169235792, 0.000199709829758, -0.000554860685952, -0.000143660479807, -0.00094841606915, -0.00057200336596, 0.000676921394188], [0.000304788176436, -0.00114312465303, 0.000808648648672, -0.00121288199443, -0.00107172341086, -0.0023169235792, 0.00698124617338, -0.000323505984852, 0.000464910030132, -0.000918161589652, -0.00199701730162, 0.00140499253757, -0.000136969785672], [-0.000505517411511, 0.00139286543708, -0.000926483946387, 0.00129603478126, -0.00120500300545, 0.000199709829758, -0.000323505984852, 0.0104044079781, -0.00273365760222, 0.000730888918042, -0.00109922047704, -0.000348176574335, -0.000568284944165], [0.000280119245872, -0.00136146356817, 0.000323430111166, -0.000879525381606, -0.000572591088712, -0.000554860685952, 0.000464910030132, -0.00273365760222, 0.0114479092881, -0.00192969082855, -0.000265512557235, 0.00228654942475, -0.00128297205083], [-0.000190786158782, 0.00152829312719, -0.000428560713772, 0.000494467327371, -0.000327518471749, -0.000143660479807, -0.000918161589652, 0.000730888918042, -0.00192969082855, 0.0137855634093, -0.00365026085638, 0.00103316886816, -0.00109108351171], [0.000284794718027, -0.00163010403048, 0.000330820534145, -0.00147608993575, -0.000273273297353, -0.00094841606915, -0.00199701730162, -0.00109922047704, -0.000265512557235, -0.00365026085638, 0.0173704475164, -0.00576629769057, 0.000532718782779], [-0.000145684753079, 0.0015157549642, 7.53304775571e-05, 0.00111516576726, -0.000129514563014, -0.00057200336596, 0.00140499253757, -0.000348176574335, 0.00228654942475, 0.00103316886816, -0.00576629769057, 0.0184382963926, -0.00571880443022], [0.000153423374286, -0.00119886826724, -0.000497546920087, -0.00150472018868, -0.000185163531569, 0.000676921394188, -0.000136969785672, -0.000568284944165, -0.00128297205083, -0.00109108351171, 0.000532718782779, -0.00571880443022, 0.018506757915]]
    },
    "melbands": {
        "mean": [0.00503809051588, 0.00388217391446, 0.00131782970857, 0.000852821220178, 0.000566921953578, 0.000405402824981, 0.000271874305326, 0.00019915116718, 0.000286732218228, 0.000202161638299, 0.000149771294673, 9.89009713521e-05, 6.75950213918e-05, 5.28912642039e-05, 5.52851743123e-05, 3.16488076351e-05, 3.33087591571e-05, 3.21181905747e-05, 2.86711056106e-05, 2.17369397433e-05, 1.90670871234e-05, 1.71668598341e-05, 1.56168807735e-05, 1.52833981701e-05, 1.48952785821e-05, 1.34981482915e-05, 8.56909809954e-06, 5.07381491843e-06, 5.07572167407e-06, 3.6040366922e-06, 3.12485553877e-06, 3.42087514582e-06, 2.72636088994e-06, 2.58673799181e-06, 2.21076811613e-06, 2.09653944694e-06, 1.88797241663e-06, 1.58967804964e-06, 1.52197367242e-06, 1.04108210053e-06]
    },
    "melbands128": {
        "mean": [0.0021149807144, 0.00538134761155, 0.00562935648486, 0.00560026289895, 0.0043526077643, 0.00230170600116, 0.00134780653752, 0.00115416175686, 0.00105743424501, 0.000915690034162, 0.000678585318383, 0.000526768155396, 0.000574848498218, 0.000594985380303, 0.000346034532413, 0.000346864195308, 0.000330166658387, 0.000218606015551, 0.000253683771007, 0.000245475093834, 0.000149348605191, 0.000140543634188, 0.000347084569512, 0.000412301131291, 0.00014000396186, 0.000158409078722, 0.000221836016863, 0.000105898710899, 0.000162480690051, 7.65653167036e-05, 9.53761482378e-05, 9.88970059552e-05, 6.47052802378e-05, 3.93005284423e-05, 6.68541106279e-05, 4.29556894233e-05, 5.09002711624e-05, 8.68038405315e-05, 3.03144806821e-05, 2.52922745858e-05, 3.30125731125e-05, 3.93131485907e-05, 2.99597559206e-05, 2.79551895801e-05, 4.66968231194e-05, 2.76953833236e-05, 2.19203848246e-05, 3.93125410483e-05, 2.43904578383e-05, 1.99339938263e-05, 2.19650264626e-05, 2.21151694859e-05, 2.44463935815e-05, 1.50469013533e-05, 1.30888229251e-05, 2.11896731344e-05, 1.64200719155e-05, 1.37328897836e-05, 1.63467648235e-05, 1.73759835889e-05, 1.4654639017e-05, 1.39204103107e-05, 1.49881461766e-05, 1.35258114824e-05, 1.85583849088e-05, 1.37390361488e-05, 1.00268916867e-05, 1.15296043077e-05, 7.56825966164e-06, 5.79214383833e-06, 4.76302375318e-06, 4.84537758894e-06, 5.35094295628e-06, 5.57869043405e-06, 4.10626535086e-06, 3.82954976885e-06, 3.17115109283e-06, 3.15403372042e-06, 2.99443445329e-06, 3.23055746776e-06, 3.52579991159e-06, 3.70259226656e-06, 2.86852400677e-06, 2.52104882748e-06, 2.65805419986e-06, 2.62486696556e-06, 2.66882170763e-06, 2.37495100919e-06, 2.15918521462e-06, 2.06817185244e-06, 2.11883684642e-06, 2.11374731407e-06, 2.06292975236e-06, 1.96098585548e-06, 1.73564114903e-06, 1.58566194841e-06, 1.50661605858e-06, 1.67068890278e-06, 1.60995693932e-06, 1.41981240631e-06, 1.24534687984e-06, 1.01101693417e-06, 7.70699557506e-07, 6.03339742611e-07, 4.52669553397e-07, 3.25117326838e-07, 2.85518922283e-07, 1.90752146523e-07, 1.41988081737e-07, 1.01952110754e-07, 8.71648850875e-08, 5.62617366029e-08, 4.09530294121e-08, 2.76374105823e-08, 2.09592503353e-08, 1.81775394736e-08, 1.59768305252e-08, 1.96713259015e-08, 3.73347610605e-08, 1.84290733785e-08, 1.82940897986e-08, 6.98555924217e-09, 2.64085753265e-09, 1.6703367578e-09, 1.18312137865e-09, 9.07573627362e-10, 5.47807466056e-10, 2.73515182725e-10]
    },
    "mfcc": {
        "mean": [-662.275085449, 142.310165405, 13.2907886505, 35.9437294006, 3.86714148521, 5.67306947708, 2.9028904438, 8.8023481369, 3.17426276207, 5.88501214981, 4.16104888916, -1.03659808636, 0.331606119871],
        "cov": [[12500.1601562, -1357.94104004, -1224.02563477, -254.397567749, -210.515853882, -132.576843262, -115.808937073, 128.043548584, -164.343444824, -53.173664093, -1.10807931423, -120.731086731, -102.142227173], [-1357.94104004, 1971.8605957, -263.48614502, 94.7961044312, -25.6328258514, 18.7612838745, 28.6868801117, 31.3564662933, 44.2940063477, 56.9112358093, 86.5370330811, -29.9515590668, 32.2191047668], [-1224.02563477, -263.48614502, 995.739990234, 24.2581672668, 91.5775680542, -19.440328598, -22.3398799896, -47.7649803162, 22.7647857666, -15.0773687363, -67.5195388794, 50.84815979, 21.4332370758], [-254.397567749, 94.7961044312, 24.2581672668, 343.484985352, -2.51772642136, 30.7407627106, 15.866440773, -17.193769455, 22.4826507568, 2.81908750534, 8.59302616119, 14.2614145279, 19.6020927429], [-210.515853882, -25.6328258514, 91.5775680542, -2.51772642136, 196.764358521, -11.7350492477, -10.6720571518, 18.1544055939, 17.5388813019, 11.2082157135, 1.5271269083, 1.96917140484, 9.92953014374], [-132.576843262, 18.7612838745, -19.440328598, 30.7407627106, -11.7350492477, 169.347839355, 70.233291626, 6.97816705704, 16.9010486603, 14.1133928299, 19.7377147675, 22.9491519928, 6.28695487976], [-115.808937073, 28.6868801117, -22.3398799896, 15.866440773, -10.6720571518, 70.233291626, 168.513412476, 29.5304374695, 21.8723983765, 9.23257541656, 24.0277309418, 27.7460079193, 13.8477506638], [128.043548584, 31.3564662933, -47.7649803162, -17.193769455, 18.1544055939, 6.97816705704, 29.5304374695, 112.168731689, 12.0698709488, 8.54661369324, 10.631444931, 8.08297252655, 3.4954726696], [-164.343444824, 44.2940063477, 22.7647857666, 22.4826507568, 17.5388813019, 16.9010486603, 21.8723983765, 12.0698709488, 89.9174728394, 29.4472427368, 12.0752000809, 6.10874080658, 9.14769363403], [-53.173664093, 56.9112358093, -15.0773687363, 2.81908750534, 11.2082157135, 14.1133928299, 9.23257541656, 8.54661369324, 29.4472427368, 89.9814605713, 25.5243091583, 4.55887031555, -3.50734496117], [-1.10807931423, 86.5370330811, -67.5195388794, 8.59302616119, 1.5271269083, 19.7377147675, 24.0277309418, 10.631444931, 12.0752000809, 25.5243091583, 89.1044235229, 6.21892213821, 16.5724201202], [-120.731086731, -29.9515590668, 50.84815979, 14.2614145279, 1.96917140484, 22.9491519928, 27.7460079193, 8.08297252655, 6.10874080658, 4.55887031555, 6.21892213821, 85.4874801636, 10.2089672089], [-102.142227173, 32.2191047668, 21.4332370758, 19.6020927429, 9.92953014374, 6.28695487976, 13.8477506638, 3.4954726696, 9.14769363403, -3.50734496117, 16.5724201202, 10.2089672089, 70.4605178833]],
        "icov": [[0.000110551045509, 9.54688657657e-05, 0.000142153250636, 2.15722866415e-05, 7.42512056604e-05, 5.85562229389e-05, 5.78562176088e-05, -0.000132975488668, 9.01131061255e-05, -1.0065373317e-05, -1.93028972717e-05, 6.98132716934e-05, 2.91241194645e-05], [9.54688657657e-05, 0.000644919113256, 0.000235727027757, -0.000129058331368, 0.000129517866299, 8.71584852575e-05, 4.76947352581e-05, -0.000203599935048, -7.8787736129e-05, -0.000216981512494, -0.00035860502976, 0.000283670640783, -0.000174935237737], [0.000142153250636, 0.000235727027757, 0.00141947029624, -1.82257663255e-05, -0.000453884684248, 0.000180926595931, 0.000123622245155, 0.000408807798522, -0.000276789738564, 5.5566656556e-06, 0.000893345160875, -0.00067234353628, -0.000401680386858], [2.15722866415e-05, -0.000129058331368, -1.82257663255e-05, 0.00312612089328, 5.59873988095e-05, -0.000442217395175, 6.98922121956e-06, 0.000599845836405, -0.000664894236252, 0.000207622346352, 5.88113925915e-06, -0.000356151227606, -0.000626544118859], [7.42512056604e-05, 0.000129517866299, -0.000453884684248, 5.59873988095e-05, 0.0056804921478, 0.000321397325024, 0.000574864156079, -0.00125288486015, -0.000709058251232, -0.000534262508154, -0.000305679219309, 0.00030050278292, -0.000615294557065], [5.85562229389e-05, 8.71584852575e-05, 0.000180926595931, -0.000442217395175, 0.000321397325024, 0.00747638661414, -0.00274615176022, 0.000334158015903, -0.000401766999858, -0.000571252545342, -0.000621663348284, -0.000999435782433, 0.000238512686337], [5.78562176088e-05, 4.76947352581e-05, 0.000123622245155, 6.98922121956e-06, 0.000574864156079, -0.00274615176022, 0.00803888961673, -0.00175086921081, -0.0010970865842, 0.000433103530668, -0.00105867942329, -0.00148251990322, -0.00067871529609], [-0.000132975488668, -0.000203599935048, 0.000408807798522, 0.000599845836405, -0.00125288486015, 0.000334158015903, -0.00175086921081, 0.0102362856269, -0.00101112260018, -0.00019492705178, -6.95631679264e-05, -0.00095945247449, -0.000130919186631], [9.01131061255e-05, -7.8787736129e-05, -0.000276789738564, -0.000664894236252, -0.000709058251232, -0.000401766999858, -0.0010970865842, -0.00101112260018, 0.0136115001515, -0.00407010223716, -3.44348918588e-05, 0.000338098354405, -0.00117325806059], [-1.0065373317e-05, -0.000216981512494, 5.5566656556e-06, 0.000207622346352, -0.000534262508154, -0.000571252545342, 0.000433103530668, -0.00019492705178, -0.00407010223716, 0.0138191925362, -0.00354237365536, -0.000536170962732, 0.00220313970931], [-1.93028972717e-05, -0.00035860502976, 0.000893345160875, 5.88113925915e-06, -0.000305679219309, -0.000621663348284, -0.00105867942329, -6.95631679264e-05, -3.44348918588e-05, -0.00354237365536, 0.0143578853458, -0.000621828541625, -0.00328608392738], [6.98132716934e-05, 0.000283670640783, -0.00067234353628, -0.000356151227606, 0.00030050278292, -0.000999435782433, -0.00148251990322, -0.00095945247449, 0.000338098354405, -0.000536170962732, -0.000621828541625, 0.0133814383298, -0.00120227434672], [2.91241194645e-05, -0.000174935237737, -0.000401680386858, -0.000626544118859, -0.000615294557065, 0.000238512686337, -0.00067871529609, -0.000130919186631, -0.00117325806059, 0.00220313970931, -0.00328608392738, -0.00120227434672, 0.0160254351795]]
    },
    "spectral_contrast_coeffs": {
        "mean": [-0.727965354919, -0.759038329124, -0.763084411621, -0.803453803062, -0.799647450447, -0.763746798038]
    },
    "spectral_contrast_valleys": {
        "mean": [-6.2447552681, -6.65130710602, -7.58315753937, -7.96818304062, -7.84483289719, -10.6529111862]
    }
},
"rhythm": {
    "beats_count": 465,
    "beats_loudness": {
        "mean": 0.0633614510298
    },
    "bpm": 102.045669556,
    "bpm_histogram_first_peak_bpm": 101,
    "bpm_histogram_first_peak_weight": 0.391774892807,
    "bpm_histogram_second_peak_bpm": 94,
    "bpm_histogram_second_peak_spread": 0.5,
    "bpm_histogram_second_peak_weight": 0.00215517240576,
    "danceability": 1.17719554901,
    "onset_rate": 3.56592702866,
    "beats_loudness_band_ratio": {
        "mean": [0.68114900589, 0.13573718071, 0.089607231319, 0.0605951398611, 0.0406291298568, 0.0348698683083]
    },
    "beats_position": [0.615328788757, 1.24226760864, 1.88081634045, 2.48453521729, 3.08825397491, 3.68036270142, 4.27247142792, 4.86458063126, 5.45668935776, 6.03718805313, 6.6176867485, 7.20979595184, 7.80190467834, 8.38240337372, 8.96290206909, 9.55501079559, 10.1471195221, 10.7392292023, 11.3313379288, 11.9118366241, 12.5039453506, 13.0960540771, 13.6765527725, 14.2570514679, 14.8491611481, 15.4412698746, 16.0217685699, 16.6138763428, 17.2059860229, 17.7980957031, 18.390203476, 18.970703125, 19.5628108978, 20.154920578, 20.7354183197, 21.3275279999, 21.9196376801, 22.5001354218, 23.0806350708, 23.6727428436, 24.2648525238, 24.8569602966, 25.4374599457, 26.0295696259, 26.6216773987, 27.2137870789, 27.7942848206, 28.3747844696, 28.9668922424, 29.5590019226, 30.1394996643, 30.7316093445, 31.3237190247, 31.9042167664, 32.4847145081, 33.0768241882, 33.6689338684, 34.2494316101, 34.8415412903, 35.4336509705, 36.0257606506, 36.6178665161, 37.1983680725, 37.790473938, 38.3825836182, 38.9630813599, 39.5435829163, 40.1356925964, 40.7277984619, 41.3083000183, 41.9004058838, 42.492515564, 43.0846252441, 43.6767349243, 44.257232666, 44.8377304077, 45.4182319641, 46.0103378296, 46.6024475098, 47.1945571899, 47.7866668701, 48.3671646118, 48.9476623535, 49.5397720337, 50.1318817139, 50.723991394, 51.3160972595, 51.8965988159, 52.4887046814, 53.0692062378, 53.661315918, 54.2534217834, 54.8455314636, 55.4260292053, 56.0181388855, 56.6102485657, 57.2023582458, 57.794467926, 58.3749656677, 58.9554634094, 59.5475730896, 60.1396827698, 60.7201805115, 61.3122901917, 61.9043960571, 62.4965057373, 63.0886154175, 63.6691131592, 64.2496109009, 64.8301086426, 65.4106140137, 66.0143280029, 66.5948257446, 67.1869354248, 67.779045105, 68.3595428467, 68.9400405884, 69.5321502686, 70.1242599487, 70.7163696289, 71.3084793091, 71.9005889893, 72.4926986694, 73.0731964111, 73.6536941528, 74.245803833, 74.8379135132, 75.4184112549, 76.0105209351, 76.6026306152, 77.1831283569, 77.7752380371, 78.3673477173, 78.947845459, 79.5399551392, 80.1320648193, 80.7241744995, 81.3162765503, 81.8967819214, 82.4772796631, 83.0693893433, 83.661491394, 84.2419967651, 84.8224945068, 85.414604187, 86.0067138672, 86.598815918, 87.1909255981, 87.7714233398, 88.3519287109, 88.9440383911, 89.5361404419, 90.1282501221, 90.7203598022, 91.3008575439, 91.8929672241, 92.4734649658, 93.065574646, 93.6460723877, 94.2381820679, 94.8186798096, 95.4107894897, 96.0028991699, 96.5950088501, 97.1871185303, 97.7792282104, 98.3597259521, 98.9518356323, 99.5439453125, 100.124443054, 100.704940796, 101.297050476, 101.889160156, 102.481269836, 103.061767578, 103.653877258, 104.245986938, 104.838096619, 105.41859436, 105.999092102, 106.591201782, 107.183311462, 107.763809204, 108.344306946, 108.924804688, 109.505302429, 110.085800171, 110.68952179, 111.28163147, 111.87374115, 112.46585083, 113.05796051, 113.650062561, 114.242172241, 114.822669983, 115.414779663, 116.006889343, 116.587387085, 117.179496765, 117.771606445, 118.363716125, 118.944213867, 119.524711609, 120.116821289, 120.708930969, 121.301040649, 121.881538391, 122.473648071, 123.065757751, 123.646255493, 124.226753235, 124.818862915, 125.410972595, 125.991470337, 126.583580017, 127.175689697, 127.756187439, 128.348297119, 128.94039917, 129.520904541, 130.101409912, 130.693511963, 131.285614014, 131.877731323, 132.469833374, 133.061950684, 133.642440796, 134.234558105, 134.826660156, 135.418777466, 135.999267578, 136.579772949, 137.171875, 137.76399231, 138.344482422, 138.936599731, 139.528701782, 140.109207153, 140.701309204, 141.293426514, 141.873916626, 142.466033936, 143.058135986, 143.650253296, 144.242355347, 144.822860718, 145.40335083, 145.983856201, 146.575958252, 147.168075562, 147.760177612, 148.352294922, 148.932785034, 149.513290405, 150.105392456, 150.697509766, 151.289611816, 151.881713867, 152.462219238, 153.042724609, 153.623214722, 154.215332031, 154.807434082, 155.387939453, 155.968429565, 156.560546875, 157.152648926, 157.744766235, 158.336868286, 158.917373657, 159.49786377, 160.078369141, 160.68208313, 161.274185181, 161.86630249, 162.458404541, 163.050521851, 163.642623901, 164.211517334, 164.803619385, 165.395736694, 165.987838745, 166.579956055, 167.172058105, 167.764175415, 168.344665527, 168.925170898, 169.517272949, 170.109390259, 170.689880371, 171.281997681, 171.874099731, 172.454605103, 173.046707153, 173.638824463, 174.219314575, 174.799819946, 175.403533936, 175.995635986, 176.576141357, 177.156646729, 177.748748779, 178.32925415, 178.921356201, 179.513473511, 180.105575562, 180.697677612, 181.278182983, 181.858688354, 182.450790405, 183.042892456, 183.635009766, 184.215499878, 184.807617188, 185.3881073, 185.980224609, 186.57232666, 187.152832031, 187.733337402, 188.325439453, 188.917541504, 189.509658813, 190.101760864, 190.693878174, 191.274368286, 191.866485596, 192.446975708, 193.039093018, 193.61958313, 194.211700439, 194.792190552, 195.384307861, 195.976409912, 196.556915283, 197.137405396, 197.729522705, 198.321624756, 198.925354004, 199.505844116, 200.097961426, 200.678451538, 201.270568848, 201.85105896, 202.44317627, 203.03527832, 203.615783691, 204.196273804, 204.788391113, 205.380493164, 205.972610474, 206.564712524, 207.145217896, 207.737319946, 208.329421997, 208.909927368, 209.490432739, 210.08253479, 210.6746521, 211.26675415, 211.858856201, 212.439361572, 213.031463623, 213.623580933, 214.204071045, 214.784576416, 215.376678467, 215.968795776, 216.549285889, 217.141403198, 217.733505249, 218.31401062, 218.906112671, 219.49822998, 220.090332031, 220.682449341, 221.262939453, 221.843444824, 222.423934937, 223.016052246, 223.608154297, 224.200271606, 224.792373657, 225.372879028, 225.964981079, 226.557098389, 227.137588501, 227.718093872, 228.298583984, 228.902313232, 229.494415283, 230.086532593, 230.678634644, 231.270736694, 231.862854004, 232.454956055, 233.035461426, 233.627563477, 234.219680786, 234.800170898, 235.38067627, 235.97277832, 236.56489563, 237.145385742, 237.737503052, 238.329605103, 238.921722412, 239.513824463, 240.094329834, 240.686431885, 241.278549194, 241.870651245, 242.451156616, 243.031646729, 243.623764038, 244.20425415, 244.79637146, 245.388473511, 245.968978882, 246.561080933, 247.153198242, 247.745300293, 248.337417603, 248.917907715, 249.498413086, 250.090515137, 250.682632446, 251.263122559, 251.855239868, 252.447341919, 253.03944397, 253.619949341, 254.212051392, 254.804168701, 255.396270752, 255.976776123, 256.557281494, 257.149383545, 257.729888916, 258.321990967, 258.914093018, 259.506195068, 260.086700439, 260.667205811, 261.259307861, 261.851409912, 262.431915283, 263.024017334, 263.616149902, 264.219848633, 264.823577881, 265.427307129, 266.01940918, 266.599914551, 267.180389404, 267.760894775, 268.341400146, 268.921905518, 269.502410889, 270.094512939, 270.663391113, 271.243896484, 271.812774658, 272.393280029, 272.9737854, 273.554290771],
    "bpm_histogram": [0, 0, 0, 0, 0, 0, 0, 0, 0, 0, 0, 0, 0, 0, 0, 0, 0, 0, 0, 0, 0, 0, 0, 0, 0, 0, 0, 0, 0, 0, 0, 0, 0, 0, 0, 0, 0, 0, 0, 0, 0, 0, 0, 0, 0, 0, 0, 0, 0, 0, 0, 0, 0, 0, 0, 0, 0, 0, 0, 0, 0, 0, 0, 0, 0, 0, 0, 0, 0, 0, 0, 0, 0, 0, 0, 0, 0, 0, 0, 0, 0, 0, 0, 0, 0, 0, 0, 0, 0, 0, 0, 0, 0, 0, 0.00215517240576, 0, 0.00215517240576, 0, 0, 0.0237068962306, 0, 0.605603456497, 0, 0.359913796186, 0, 0.00646551745012, 0, 0, 0, 0, 0, 0, 0, 0, 0, 0, 0, 0, 0, 0, 0, 0, 0, 0, 0, 0, 0, 0, 0, 0, 0, 0, 0, 0, 0, 0, 0, 0, 0, 0, 0, 0, 0, 0, 0, 0, 0, 0, 0, 0, 0, 0, 0, 0, 0, 0, 0, 0, 0, 0, 0, 0, 0, 0, 0, 0, 0, 0, 0, 0, 0, 0, 0, 0, 0, 0, 0, 0, 0, 0, 0, 0, 0, 0, 0, 0, 0, 0, 0, 0, 0, 0, 0, 0, 0, 0, 0, 0, 0, 0, 0, 0, 0, 0, 0, 0, 0, 0, 0, 0, 0, 0, 0, 0, 0, 0, 0, 0, 0, 0, 0, 0, 0, 0, 0, 0, 0, 0, 0, 0, 0, 0, 0, 0, 0, 0, 0, 0, 0, 0, 0, 0, 0, 0, 0, 0, 0, 0, 0, 0]
},
"tonal": {
    "chords_changes_rate": 0.0528186894953,
    "chords_number_rate": 0.00169290672056,
    "chords_strength": {
        "mean": 0.512982845306
    },
    "hpcp_crest": {
        "mean": 13.3022623062
    },
    "hpcp_entropy": {
        "mean": 2.0150179863
    },
    "key_edma": {
        "strength": 0.673681020737,
        "key": "E",
        "scale": "major"
    },
    "key_krumhansl": {
        "strength": 0.661538660526,
        "key": "E",
        "scale": "major"
    },
    "key_temperley": {
        "strength": 0.64188337326,
        "key": "E",
        "scale": "major"
    },
    "tuning_diatonic_strength": 0.445679605007,
    "tuning_equal_tempered_deviation": 0.197029039264,
    "tuning_frequency": 434.193115234,
    "tuning_nontempered_energy_ratio": 0.95575773716,
    "hpcp": {
        "mean": [0.053205229342, 0.0355689451098, 0.0346297509968, 0.0603877790272, 0.0752883702517, 0.079919539392, 0.170437261462, 0.191324770451, 0.102500550449, 0.0732602402568, 0.0694945454597, 0.0721737146378, 0.113725371659, 0.127705141902, 0.0856643393636, 0.0614164322615, 0.0651707053185, 0.0847957655787, 0.183816418052, 0.209130257368, 0.130818545818, 0.191662997007, 0.237876847386, 0.153535813093, 0.101093895733, 0.0949740931392, 0.0958639234304, 0.19914226234, 0.230221673846, 0.112640470266, 0.0588612519205, 0.0553468130529, 0.0795611068606, 0.220217198133, 0.248964503407, 0.113992832601]
    },
    "chords_histogram": [12.5275096893, 14.4066362381, 23.988489151, 1.1173183918, 9.37870311737, 0, 1.76062297821, 0.474013894796, 18.4696121216, 0.0846453383565, 0, 0, 0, 0, 0, 0.186219736934, 0, 0.592517375946, 0, 1.65904855728, 0, 1.98070085049, 0.203148812056, 13.1708145142],
    "thpcp": [1, 0.457867801189, 0.213706091046, 0.142867535353, 0.139095127583, 0.242555782199, 0.302406042814, 0.321007758379, 0.68458455801, 0.768482148647, 0.411707490683, 0.294259786606, 0.279134362936, 0.28989559412, 0.456793516874, 0.512945175171, 0.344082534313, 0.246687501669, 0.261767059565, 0.340593785048, 0.738323807716, 0.840000271797, 0.525450587273, 0.769840657711, 0.95546489954, 0.616697609425, 0.406057476997, 0.381476432085, 0.385050565004, 0.799882173538, 0.924716830254, 0.452435851097, 0.236424267292, 0.222308054566, 0.319568067789, 0.884532511234],
    "chords_key": "B",
    "chords_scale": "major"
}
}