{
"metadata": {
    "version": {
        "essentia": "2.1-beta6-dev",
        "essentia_git_sha": "v2.1_beta5-1177-g1d1cc983",
        "extractor": "music 2.0"
    },
    "audio_properties": {
        "analysis": {
            "equal_loudness": 0,
            "length": 235.706665039,
            "sample_rate": 44100,
            "start_time": 0,
            "downmix": "mix"
        },
        "bit_rate": 1411200,
        "length": 235.706665039,
        "lossless": 1,
        "number_channels": 2,
        "replay_gain": -9.65397644043,
        "sample_rate": 44100,
        "codec": "pcm_s16le",
        "md5_encoded": "50341d1ce68a92c5576989dfb7d3843d"
    },
    "tags": {
        "file_name": "03 - Manchester Orchestra - Girl Harbor.wav",
        "album": ["HOPE"],
        "albumartist": ["Manchester Orchestra"],
        "artist": ["Manchester Orchestra"],
        "composer": ["Andy Hull"],
        "copyright": ["℗ 2014 Seven Four Entertainment LLC. Manufactured and Distributed by Concord Music Group, Inc."],
        "date": ["2014"],
        "discnumber": ["1"],
        "disctotal": ["1"],
        "genre": ["Rock"],
        "isrc": ["USC4R1400107"],
        "title": ["Girl Harbor"],
        "tracknumber": ["3"],
        "tracktotal": ["11"]
    }
},
"lowlevel": {
    "average_loudness": 0.739407598972,
    "barkbands_crest": {
        "mean": 9.5110912323
    },
    "barkbands_flatness_db": {
        "mean": 0.211646094918
    },
    "barkbands_kurtosis": {
        "mean": 4.9136762619
    },
    "barkbands_skewness": {
        "mean": 1.0394026041
    },
    "barkbands_spread": {
        "mean": 11.0691318512
    },
    "dissonance": {
        "mean": 0.42968544364
    },
    "dynamic_complexity": 3.78443384171,
    "erbbands_crest": {
        "mean": 10.862739563
    },
    "erbbands_flatness_db": {
        "mean": 0.239347308874
    },
    "erbbands_kurtosis": {
        "mean": 1.41037344933
    },
    "erbbands_skewness": {
        "mean": 0.539482116699
    },
    "erbbands_spread": {
        "mean": 20.9322624207
    },
    "hfc": {
        "mean": 15.6089830399
    },
    "loudness_ebu128": {
        "integrated": -13.9425821304,
        "loudness_range": 7.75110816956,
        "momentary": {
            "mean": -15.3546953201
        },
        "short_term": {
            "mean": -14.8497123718
        }
    },
    "melbands_crest": {
        "mean": 12.4701366425
    },
    "melbands_flatness_db": {
        "mean": 0.302781820297
    },
    "melbands_kurtosis": {
        "mean": 7.23166799545
    },
    "melbands_skewness": {
        "mean": 1.61680221558
    },
    "melbands_spread": {
        "mean": 14.6540727615
    },
    "pitch_salience": {
        "mean": 0.575956285
    },
    "silence_rate_20dB": {
        "mean": 1
    },
    "silence_rate_30dB": {
        "mean": 0.999113559723
    },
    "silence_rate_60dB": {
        "mean": 0.0520043335855
    },
    "spectral_centroid": {
        "mean": 749.764648438
    },
    "spectral_complexity": {
        "mean": 13.5266427994
    },
    "spectral_decrease": {
        "mean": -5.9697393695e-09
    },
    "spectral_energy": {
        "mean": 0.0239468663931
    },
    "spectral_energyband_high": {
        "mean": 0.000116939147119
    },
    "spectral_energyband_low": {
        "mean": 0.004716609139
    },
    "spectral_energyband_middle_high": {
        "mean": 0.00678992457688
    },
    "spectral_energyband_middle_low": {
        "mean": 0.0132523234934
    },
    "spectral_entropy": {
        "mean": 6.59627485275
    },
    "spectral_flux": {
        "mean": 0.063081137836
    },
    "spectral_kurtosis": {
        "mean": 24.0131587982
    },
    "spectral_rms": {
        "mean": 0.00447533465922
    },
    "spectral_rolloff": {
        "mean": 959.847412109
    },
    "spectral_skewness": {
        "mean": 3.35289025307
    },
    "spectral_spread": {
        "mean": 2516881
    },
    "spectral_strongpeak": {
        "mean": 1.34550380707
    },
    "zerocrossingrate": {
        "mean": 0.0345571637154
    },
    "barkbands": {
        "mean": [0.000214184983633, 0.00112376315519, 0.00262974691577, 0.00126878882293, 0.00321254064329, 0.00180963100865, 0.00224264152348, 0.00272453459911, 0.0016608646838, 0.00148097693454, 0.00135049724486, 0.00134855089709, 0.00106583838351, 0.000635822245385, 0.000298163358821, 0.000258594780462, 0.000202806157176, 0.000216012937017, 7.51269690227e-05, 1.91767649085e-05, 1.9675353542e-05, 2.48757023655e-05, 1.28276042233e-05, 2.77447343251e-05, 1.72322925209e-05, 5.55122096557e-06, 7.03578677985e-07]
    },
    "erbbands": {
        "mean": [0.0122655546293, 0.354852080345, 2.5225276947, 4.45298910141, 4.72105073929, 9.63657474518, 20.4326591492, 16.577835083, 31.4657611847, 41.3014297485, 49.4036254883, 40.3354415894, 46.5697669983, 38.0379333496, 64.23853302, 49.1225509644, 51.3382835388, 35.3801307678, 22.9070549011, 14.137547493, 13.7603845596, 12.8571376801, 12.8928337097, 6.07268667221, 2.63448119164, 0.919485032558, 0.680133938789, 0.941472530365, 0.973168730736, 0.425017356873, 0.415165692568, 0.512098133564, 0.476099431515, 0.237476497889, 0.0995768681169, 0.0294274520129, 0.0101242978126, 0.00162911624648, 0.000119342388643, 3.34185970132e-05]
    },
    "gfcc": {
        "mean": [-72.4538421631, 156.251861572, -112.605224609, -9.54914665222, -44.173915863, -0.513635993004, -40.4156265259, 3.35586500168, -19.8732147217, -11.3844633102, -11.0878553391, -2.62330102921, -15.663236618],
        "cov": [[7934.35400391, -1821.12133789, -1289.07946777, 638.468688965, -513.653564453, 521.175048828, -83.3327255249, 541.73236084, -208.531280518, 103.530082703, 80.4154434204, 48.3196487427, -422.868682861], [-1821.12133789, 1681.6607666, 205.793106079, -468.897003174, 505.799438477, -236.661834717, 155.182434082, -201.206695557, 128.70880127, -39.1721343994, 90.044342041, -34.6985931396, 79.1622695923], [-1289.07946777, 205.793106079, 1015.97302246, 255.524703979, -30.3632125854, -6.72160196304, 50.2284355164, -99.030090332, -2.98668527603, 125.301567078, -83.5947799683, -41.7138824463, 102.223770142], [638.468688965, -468.897003174, 255.524703979, 638.681274414, -95.565574646, 23.2307815552, -42.9148597717, 96.7860031128, -21.2555599213, 35.726764679, -51.7933731079, -13.4445228577, -2.07275772095], [-513.653564453, 505.799438477, -30.3632125854, -95.565574646, 439.312591553, -11.0389051437, 1.001044631, -46.2068710327, 46.4702758789, -44.2756614685, 15.7278842926, 11.0960521698, -28.1707782745], [521.175048828, -236.661834717, -6.72160196304, 23.2307815552, -11.0389051437, 268.462554932, 57.6084823608, -3.30555438995, -33.7282180786, 5.22157669067, -9.29938411713, 3.16974449158, -53.9249649048], [-83.3327255249, 155.182434082, 50.2284355164, -42.9148597717, 1.001044631, 57.6084823608, 215.631027222, -41.7496261597, -22.2819499969, 18.8094558716, 16.3282718658, -5.58844900131, -4.35400056839], [541.73236084, -201.206695557, -99.030090332, 96.7860031128, -46.2068710327, -3.30555438995, -41.7496261597, 185.200866699, -0.96944218874, -20.3096790314, 16.2659301758, -17.5051136017, -30.3410224915], [-208.531280518, 128.70880127, -2.98668527603, -21.2555599213, 46.4702758789, -33.7282180786, -22.2819499969, -0.96944218874, 126.372215271, 9.49883842468, -16.7110843658, -4.47782373428, 22.1544857025], [103.530082703, -39.1721343994, 125.301567078, 35.726764679, -44.2756614685, 5.22157669067, 18.8094558716, -20.3096790314, 9.49883842468, 117.646583557, 0.0234753619879, -11.3376274109, 0.850168049335], [80.4154434204, 90.044342041, -83.5947799683, -51.7933731079, 15.7278842926, -9.29938411713, 16.3282718658, 16.2659301758, -16.7110843658, 0.0234753619879, 98.4103088379, 10.0657377243, -25.079864502], [48.3196487427, -34.6985931396, -41.7138824463, -13.4445228577, 11.0960521698, 3.16974449158, -5.58844900131, -17.5051136017, -4.47782373428, -11.3376274109, 10.0657377243, 76.0695114136, 14.6325044632], [-422.868682861, 79.1622695923, 102.223770142, -2.07275772095, -28.1707782745, -53.9249649048, -4.35400056839, -30.3410224915, 22.1544857025, 0.850168049335, -25.079864502, 14.6325044632, 123.532691956]],
        "icov": [[0.000505710078869, -0.00055883458117, 0.000978286610916, -0.0007980276132, 0.000803540577181, -0.00111355364788, 0.000448242906714, -0.00104026508052, 0.00080818333663, -0.0014892318286, 0.000823556852993, -0.000907497073058, 0.000863748136908], [-0.00055883458117, 0.00371302431449, -0.00217769737355, 0.00240650726482, -0.00364589970559, 0.00356340920553, -0.00258299568668, 0.00248788064346, -0.00280006602407, 0.00318096671253, -0.0038772681728, 0.0032328478992, -0.0018956400454], [0.000978286610916, -0.00217769737355, 0.00390444230288, -0.00274532660842, 0.00226428406313, -0.0030022400897, 0.00136907340493, -0.00172137271147, 0.00267201778479, -0.00481607625261, 0.00327391875908, -0.00158905168064, 0.00070542661706], [-0.0007980276132, 0.00240650726482, -0.00274532660842, 0.00421735458076, -0.0024066795595, 0.00279856333509, -0.00142062606756, 0.00082457321696, -0.00187205709517, 0.00283875176683, -0.00178856763523, 0.0019808721263, -0.00138764863368], [0.000803540577181, -0.00364589970559, 0.00226428406313, -0.0024066795595, 0.00653682881966, -0.00370393600315, 0.00257334858179, -0.00202054041438, 0.0016038507456, -0.00225936737843, 0.00340462871827, -0.00380035256967, 0.0035104425624], [-0.00111355364788, 0.00356340920553, -0.0030022400897, 0.00279856333509, -0.00370393600315, 0.00881911069155, -0.00380099657923, 0.00335327559151, -0.00253016850911, 0.00438999803737, -0.00272418861277, 0.00277510168962, -0.000327527610352], [0.000448242906714, -0.00258299568668, 0.00136907340493, -0.00142062606756, 0.00257334858179, -0.00380099657923, 0.00730825681239, -0.000813451129943, 0.00265354174189, -0.00281762657687, 0.00142835010774, -0.001480880077, 0.00102718139533], [-0.00104026508052, 0.00248788064346, -0.00172137271147, 0.00082457321696, -0.00202054041438, 0.00335327559151, -0.000813451129943, 0.0103924395517, -0.00320460740477, 0.00508337374777, -0.00475031463429, 0.00491191307083, -0.00119663076475], [0.00080818333663, -0.00280006602407, 0.00267201778479, -0.00187205709517, 0.0016038507456, -0.00253016850911, 0.00265354174189, -0.00320460740477, 0.0120135415345, -0.00535554345697, 0.00504596997052, -0.00209382269531, 4.0841394366e-05], [-0.0014892318286, 0.00318096671253, -0.00481607625261, 0.00283875176683, -0.00225936737843, 0.00438999803737, -0.00281762657687, 0.00508337374777, -0.00535554345697, 0.0162959303707, -0.00561019126326, 0.00448755174875, -0.00137520895805], [0.000823556852993, -0.0038772681728, 0.00327391875908, -0.00178856763523, 0.00340462871827, -0.00272418861277, 0.00142835010774, -0.00475031463429, 0.00504596997052, -0.00561019126326, 0.0171858333051, -0.00583364767954, 0.00434918934479], [-0.000907497073058, 0.0032328478992, -0.00158905168064, 0.0019808721263, -0.00380035256967, 0.00277510168962, -0.001480880077, 0.00491191307083, -0.00209382269531, 0.00448755174875, -0.00583364767954, 0.018484512344, -0.0053602270782], [0.000863748136908, -0.0018956400454, 0.00070542661706, -0.00138764863368, 0.0035104425624, -0.000327527610352, 0.00102718139533, -0.00119663076475, 4.0841394366e-05, -0.00137520895805, 0.00434918934479, -0.0053602270782, 0.0135793844238]]
    },
    "melbands": {
        "mean": [0.000214603889617, 0.00104545080103, 0.000741707277484, 0.000492532853968, 0.000713155663107, 0.000385341816582, 0.000449570943601, 0.00052754447097, 0.00036358035868, 0.000252692203503, 0.000237430402194, 0.000160019015311, 0.00018610819825, 0.00017901060346, 0.000103275684523, 0.000112100009574, 6.15294047748e-05, 4.00957287638e-05, 2.20980928134e-05, 1.95136890397e-05, 1.38186305776e-05, 1.37453180287e-05, 1.21574357763e-05, 8.73278895597e-06, 4.66588699055e-06, 2.45575051849e-06, 1.0128944723e-06, 5.06405285705e-07, 4.32381767723e-07, 4.05986639862e-07, 5.98070130309e-07, 5.93551988004e-07, 3.96850794004e-07, 1.75343942033e-07, 2.35222103129e-07, 2.56383600572e-07, 3.37350257951e-07, 3.43621252341e-07, 2.90167349704e-07, 1.69316379584e-07]
    },
    "melbands128": {
        "mean": [6.09966082266e-05, 4.3914104026e-05, 0.000205236763577, 0.000668584019877, 0.00118150527123, 0.00130750762764, 0.00100608915091, 0.000479638867546, 0.000458343449282, 0.00046253670007, 0.000440461939434, 0.000944070809055, 0.000788835750427, 0.000415065762354, 0.000400024611736, 0.000218348039198, 0.000635565898847, 0.000430235086242, 0.000366121879779, 0.000336899742251, 0.000785069423728, 0.00062296341639, 0.000225509851589, 0.000230320496485, 0.000233239756199, 0.000329215137754, 0.000118206851766, 0.000215899519389, 0.000398999807658, 0.000108648222522, 0.000132081055199, 0.000127598497784, 0.000139349605888, 0.000290619092993, 0.000227508833632, 0.000144764271681, 8.35006212583e-05, 0.000127385472297, 8.0996833276e-05, 0.00012916578271, 0.000146690988913, 3.33980606229e-05, 6.59661527607e-05, 6.6188396886e-05, 6.21189974481e-05, 3.29018766934e-05, 1.97904664674e-05, 2.87699549517e-05, 2.14239316847e-05, 7.95398864284e-06, 2.5580457077e-05, 2.19160992856e-05, 1.72600157384e-05, 8.36900562717e-06, 9.88252668321e-06, 1.94089698198e-05, 1.15714838103e-05, 6.96212464391e-06, 1.53540240717e-05, 1.74841188709e-05, 4.74475200463e-06, 5.97184589424e-06, 6.92485355103e-06, 3.06263018501e-06, 3.40731207871e-06, 2.64366781266e-06, 1.86171610039e-06, 1.32539469178e-06, 8.11173038073e-07, 5.86499538713e-07, 4.50352700909e-07, 5.38204403711e-07, 4.39815835307e-07, 4.67799168291e-07, 3.25598563222e-07, 3.60689881518e-07, 4.29468116181e-07, 5.63231765227e-07, 6.28275302006e-07, 6.38879953385e-07, 6.08942684721e-07, 5.80974017339e-07, 5.30349268502e-07, 4.16581087848e-07, 2.75594771892e-07, 1.05993301247e-07, 1.69764831526e-07, 2.3139023142e-07, 2.43206073947e-07, 2.38037330291e-07, 2.27894574323e-07, 2.62132942908e-07, 2.98762472539e-07, 3.47104844423e-07, 3.56148973424e-07, 3.4842011587e-07, 3.38545078193e-07, 3.41254519753e-07, 3.15580791721e-07, 2.6096347483e-07, 1.90947247347e-07, 1.61542402566e-07, 1.28094796992e-07, 1.23615123471e-07, 1.26487520902e-07, 1.04148483615e-07, 6.41390798251e-08, 4.48316299639e-08, 4.32046185495e-08, 4.67195206966e-08, 4.57399274012e-08, 3.93231545104e-08, 3.10191801134e-08, 2.40327828749e-08, 1.9500248527e-08, 1.55248720546e-08, 1.03169988108e-08, 6.59346577336e-09, 3.66314756306e-09, 2.37565167538e-09, 2.06710271122e-09, 1.64240876455e-09, 1.34459443579e-09, 1.14625919867e-09, 1.10481057636e-09, 9.6498875557e-10, 6.98486490869e-10, 4.26693791411e-10]
    },
    "mfcc": {
        "mean": [-727.051391602, 203.124389648, -9.3950586319, 2.17975687981, 9.42656135559, -6.63151073456, -6.45055675507, 8.25957393646, -8.64320755005, -6.25096559525, 1.60503423214, -3.04850935936, -2.46611332893],
        "cov": [[9044.20898438, -2337.25146484, -952.762634277, -101.897216797, -157.39894104, -242.108261108, 79.0583724976, 425.072387695, -194.732040405, 115.632278442, 563.128356934, -37.4348144531, -236.982177734], [-2337.25146484, 2162.39868164, -256.683746338, -96.8626937866, 156.33984375, 108.223884583, 28.6491336823, -62.3090782166, -27.3364181519, 14.9069843292, -6.41965150833, -2.71269392967, 98.5305938721], [-952.762634277, -256.683746338, 942.042053223, 243.237594604, -114.608894348, 96.1229248047, 35.5250091553, -179.965087891, 155.446029663, 3.36063218117, -116.327026367, 75.4943161011, 31.6929206848], [-101.897216797, -96.8626937866, 243.237594604, 510.449371338, 95.3930740356, -18.3371906281, -16.1284828186, -29.9227237701, 71.3790588379, 20.8309669495, -12.1936845779, 15.8402166367, 12.5865459442], [-157.39894104, 156.33984375, -114.608894348, 95.3930740356, 349.631622314, -11.6726999283, -63.1320915222, 65.1016616821, -12.499838829, 17.0270748138, 40.395072937, -41.4325180054, -27.4268455505], [-242.108261108, 108.223884583, 96.1229248047, -18.3371906281, -11.6726999283, 284.179504395, 50.1072692871, -23.9532680511, 32.9809989929, 7.37573480606, -16.8470859528, 27.8447113037, -27.18907547], [79.0583724976, 28.6491336823, 35.5250091553, -16.1284828186, -63.1320915222, 50.1072692871, 180.187408447, 21.3645343781, -21.0761585236, -1.32285559177, 14.5835809708, 12.8766937256, -1.10028803349], [425.072387695, -62.3090782166, -179.965087891, -29.9227237701, 65.1016616821, -23.9532680511, 21.3645343781, 188.728302002, -35.3813896179, 5.54542160034, 44.8293914795, -27.5802249908, -27.5384864807], [-194.732040405, -27.3364181519, 155.446029663, 71.3790588379, -12.499838829, 32.9809989929, -21.0761585236, -35.3813896179, 139.393264771, 23.7651729584, -51.2906494141, 15.0205564499, 4.06409502029], [115.632278442, 14.9069843292, 3.36063218117, 20.8309669495, 17.0270748138, 7.37573480606, -1.32285559177, 5.54542160034, 23.7651729584, 105.438056946, 28.3666496277, -15.3291530609, -0.261893957853], [563.128356934, -6.41965150833, -116.327026367, -12.1936845779, 40.395072937, -16.8470859528, 14.5835809708, 44.8293914795, -51.2906494141, 28.3666496277, 160.606063843, -5.67831134796, -20.8507843018], [-37.4348144531, -2.71269392967, 75.4943161011, 15.8402166367, -41.4325180054, 27.8447113037, 12.8766937256, -27.5802249908, 15.0205564499, -15.3291530609, -5.67831134796, 91.0719528198, 11.3741436005], [-236.982177734, 98.5305938721, 31.6929206848, 12.5865459442, -27.4268455505, -27.18907547, -1.10028803349, -27.5384864807, 4.06409502029, -0.261893957853, -20.8507843018, 11.3741436005, 96.8070755005]],
        "icov": [[0.000291509204544, 0.000321668077959, 0.000343422434526, -8.48387426231e-05, 0.000215381282032, 2.99585881294e-05, -0.000116685834655, -0.000130037224153, -0.000151997548528, -0.000169855964486, -0.000772416824475, -0.000147844810272, 0.000172857442521], [0.000321668077959, 0.0009497058345, 0.000636274518911, 1.64678567671e-05, -0.000191477898625, -0.000258777086856, -0.000402106787078, 0.000311873765895, -0.000215876207221, -0.000261950161075, -0.000760573195294, -0.000212087747059, -0.000562945322599], [0.000343422434526, 0.000636274518911, 0.00235891086049, -0.000760088500101, 0.000386412459193, -0.000335822551278, -0.000776389148086, 0.00119670911226, -0.00134779233485, -0.000212538492633, -0.000351451832103, -0.000739554059692, -6.63905593683e-05], [-8.48387426231e-05, 1.64678567671e-05, -0.000760088500101, 0.00267404341139, -0.00115554558579, 0.000427332357503, -0.000186038858374, 0.000125680977362, -0.000780561531428, -0.000127580933622, -2.59521675616e-05, -0.000301456893794, -0.000434747955296], [0.000215381282032, -0.000191477898625, 0.000386412459193, -0.00115554558579, 0.00440201442689, -0.000257555046119, 0.00158590404317, -0.00144698470831, 0.000196559398319, -0.000156050678925, -0.00116790167522, 0.00110901787411, 0.00113657093607], [2.99585881294e-05, -0.000258777086856, -0.000335822551278, 0.000427332357503, -0.000257555046119, 0.00442710798234, -0.00124730379321, 0.000290158233838, -0.000804732611869, -0.000418128736783, 0.000251857331023, -0.00115110049956, 0.00185203459114], [-0.000116685834655, -0.000402106787078, -0.000776389148086, -0.000186038858374, 0.00158590404317, -0.00124730379321, 0.00714837526903, -0.00178570812568, 0.00168840389233, -5.10821955686e-05, -0.000326966983266, -0.000133660054416, -5.1489994803e-05], [-0.000130037224153, 0.000311873765895, 0.00119670911226, 0.000125680977362, -0.00144698470831, 0.000290158233838, -0.00178570812568, 0.00782394595444, -0.000194586376892, 3.25722648995e-05, -0.000232675331063, 0.000752133841161, 0.000702800170984], [-0.000151997548528, -0.000215876207221, -0.00134779233485, -0.000780561531428, 0.000196559398319, -0.000804732611869, 0.00168840389233, -0.000194586376892, 0.0111022917554, -0.00310590444133, 0.0033872439526, -0.000990122323856, 0.000555271806661], [-0.000169855964486, -0.000261950161075, -0.000212538492633, -0.000127580933622, -0.000156050678925, -0.000418128736783, -5.10821955686e-05, 3.25722648995e-05, -0.00310590444133, 0.0115824947134, -0.00265406700782, 0.00260745221749, -0.000932261697017], [-0.000772416824475, -0.000760573195294, -0.000351451832103, -2.59521675616e-05, -0.00116790167522, 0.000251857331023, -0.000326966983266, -0.000232675331063, 0.0033872439526, -0.00265406700782, 0.0106975603849, -0.0011351298308, 0.000959712953772], [-0.000147844810272, -0.000212087747059, -0.000739554059692, -0.000301456893794, 0.00110901787411, -0.00115110049956, -0.000133660054416, 0.000752133841161, -0.000990122323856, 0.00260745221749, -0.0011351298308, 0.0133919818327, -0.00143073534127], [0.000172857442521, -0.000562945322599, -6.63905593683e-05, -0.000434747955296, 0.00113657093607, 0.00185203459114, -5.1489994803e-05, 0.000702800170984, 0.000555271806661, -0.000932261697017, 0.000959712953772, -0.00143073534127, 0.0127946836874]]
    },
    "spectral_contrast_coeffs": {
        "mean": [-0.683306992054, -0.717602789402, -0.721674263477, -0.754646658897, -0.7392359972, -0.808660387993]
    },
    "spectral_contrast_valleys": {
        "mean": [-6.77122163773, -6.69704771042, -7.63103342056, -8.35772418976, -9.39004611969, -11.919711113]
    }
},
"rhythm": {
    "beats_count": 528,
    "beats_loudness": {
        "mean": 0.0286581963301
    },
    "bpm": 143.445281982,
    "bpm_histogram_first_peak_bpm": 144,
    "bpm_histogram_first_peak_weight": 0.371967613697,
    "bpm_histogram_second_peak_bpm": 136,
    "bpm_histogram_second_peak_spread": 0.174999952316,
    "bpm_histogram_second_peak_weight": 0.125237196684,
    "danceability": 0.900146961212,
    "onset_rate": 2.77013039589,
    "beats_loudness_band_ratio": {
        "mean": [0.29435801506, 0.232482805848, 0.271468043327, 0.188370153308, 0.0584782510996, 0.00860398542136]
    },
    "beats_position": [0.626938760281, 1.25387752056, 1.88081634045, 2.50775504112, 3.13469386101, 3.75002264977, 4.3653512001, 4.99229001999, 5.61922883987, 6.24616765976, 6.87310647964, 7.50004529953, 8.12698364258, 8.74231243134, 9.35764122009, 9.98458003998, 10.5999088287, 11.2152376175, 11.8421764374, 12.4691152573, 13.0960540771, 13.722992897, 14.3499317169, 14.9768705368, 15.6038093567, 16.2191371918, 16.8344669342, 17.4614048004, 18.088344574, 18.7152824402, 19.3422222137, 19.9575500488, 20.5728797913, 21.1998176575, 21.826757431, 22.4536952972, 23.0806350708, 23.707572937, 24.3345127106, 24.9498405457, 25.5651702881, 26.1804981232, 26.7726078033, 27.353105545, 27.9336051941, 28.5141029358, 29.106212616, 29.6983222961, 30.290430069, 30.8941497803, 31.5094776154, 32.1364173889, 32.7517471313, 33.3786849976, 33.99401474, 34.6209526062, 35.2478904724, 35.7703399658, 36.2927894592, 36.8268470764, 37.2796363831, 37.7092056274, 38.1387748718, 38.5683441162, 38.9863014221, 39.4042625427, 39.8338317871, 40.2750091553, 40.7277984619, 41.1689796448, 41.6101570129, 42.0397262573, 42.4809074402, 42.9104766846, 43.340045929, 43.7696151733, 44.1875724792, 44.6055335999, 45.0234909058, 45.4414520264, 45.8594093323, 46.2773704529, 46.6953277588, 47.1132888794, 47.5196380615, 47.9375953674, 48.3439445496, 48.7619056702, 49.1798629761, 49.5978240967, 50.0157814026, 50.4337387085, 50.8516998291, 51.269657135, 51.6876182556, 52.1055755615, 52.5235366821, 52.941493988, 53.3478431702, 53.7541923523, 54.1721534729, 54.5901107788, 55.0080718994, 55.4260292053, 55.8439903259, 56.2619476318, 56.6799087524, 57.0978660583, 57.5042152405, 57.9105644226, 58.3285255432, 58.7464828491, 59.1644439697, 59.5707931519, 59.977142334, 60.3950996399, 60.8130607605, 61.2310180664, 61.648979187, 62.0669364929, 62.4848976135, 62.9144668579, 63.3324241638, 63.7503852844, 64.1567306519, 64.5746917725, 64.9926528931, 65.4106140137, 65.8285675049, 66.234916687, 66.6412658691, 67.0592269897, 67.4771881104, 67.895149231, 68.3131027222, 68.7310638428, 69.1490249634, 69.566986084, 69.9733352661, 70.3796844482, 70.7976379395, 71.2155990601, 71.6335601807, 72.0515213013, 72.4694747925, 72.8874359131, 73.3053970337, 73.7117462158, 74.1180953979, 74.5360565186, 74.9540100098, 75.3835830688, 75.8479766846, 76.3123779297, 76.7767791748, 77.2411804199, 77.6939697266, 78.1583633423, 78.6111526489, 79.0639419556, 79.5051269531, 79.9463043213, 80.3874816895, 80.8170471191, 81.2582321167, 81.6994094849, 82.1289749146, 82.5469360352, 82.9648971558, 83.3712463379, 83.77759552, 84.1955566406, 84.6019058228, 85.0082550049, 85.4262084961, 85.8441696167, 86.2621307373, 86.6800918579, 87.0980453491, 87.5276184082, 87.9455795288, 88.3751449585, 88.7931060791, 89.2110671997, 89.6522445679, 90.093421936, 90.5345993042, 90.9757843018, 91.4169616699, 91.8581390381, 92.2993164062, 92.7288894653, 93.158454895, 93.6228561401, 94.0756454468, 94.5284347534, 94.9812240601, 95.4224014282, 95.8519744873, 96.281539917, 96.7227172852, 97.1755065918, 97.6282958984, 98.0694732666, 98.4990463257, 98.9402236938, 99.381401062, 99.8225860596, 100.240539551, 100.658500671, 101.076461792, 101.494422913, 101.912376404, 102.318725586, 102.725074768, 103.143035889, 103.560997009, 103.97895813, 104.396911621, 104.814872742, 105.232833862, 105.650794983, 106.068748474, 106.486709595, 106.904670715, 107.311019897, 107.71736908, 108.1353302, 108.553283691, 108.971244812, 109.377593994, 109.795555115, 110.225120544, 110.643081665, 111.061042786, 111.479003906, 111.896957397, 112.314918518, 112.732879639, 113.162445068, 113.603622437, 114.033195496, 114.462760925, 114.892333984, 115.333511353, 115.774688721, 116.20426178, 116.633827209, 117.075012207, 117.516189575, 117.957366943, 118.386940002, 118.886169434, 119.373786926, 119.873016357, 120.36063385, 120.801811218, 121.242988586, 121.672561646, 122.090522766, 122.520088196, 122.949661255, 123.356010437, 123.785575867, 124.203536987, 124.621498108, 125.02784729, 125.434196472, 125.840545654, 126.246894836, 126.664848328, 127.082809448, 127.48915863, 127.895507812, 128.325073242, 128.754638672, 129.18421936, 129.61378479, 130.054962158, 130.484527588, 130.914108276, 131.355285645, 131.796463013, 132.237640381, 132.655593872, 133.073562622, 133.479904175, 133.886260986, 134.304214478, 134.722167969, 135.140136719, 135.55809021, 135.97605896, 136.394012451, 136.811965942, 137.229934692, 137.647888184, 138.065841675, 138.483810425, 138.890151978, 139.296508789, 139.71446228, 140.13243103, 140.550384521, 140.968338013, 141.374694824, 141.792648315, 142.210617065, 142.628570557, 143.046524048, 143.452880859, 143.870834351, 144.288803101, 144.706756592, 145.124710083, 145.542678833, 145.960632324, 146.378585815, 146.784942627, 147.202896118, 147.60925293, 148.027206421, 148.445159912, 148.863128662, 149.281082153, 149.710647583, 150.117004395, 150.523345947, 150.941314697, 151.34765625, 151.765625, 152.183578491, 152.601531982, 153.019500732, 153.414230347, 153.832199097, 154.250152588, 154.691329956, 155.132507324, 155.573699951, 156.014877319, 156.432830811, 156.86239624, 157.291976929, 157.721542358, 158.151107788, 158.580673218, 159.010253906, 159.428207397, 159.846160889, 160.264129639, 160.68208313, 161.088439941, 161.494781494, 161.912734985, 162.330703735, 162.748657227, 163.166610718, 163.584579468, 164.002532959, 164.420501709, 164.8384552, 165.256408691, 165.68598938, 166.127166748, 166.556732178, 166.974685669, 167.404266357, 167.833831787, 168.251785278, 168.681350708, 169.110931396, 169.528884888, 169.946838379, 170.364807129, 170.78276062, 171.20072937, 171.618682861, 172.036636353, 172.477813721, 172.919006348, 173.371795654, 173.824569702, 174.265762329, 174.695327759, 175.11328125, 175.53125, 175.937591553, 176.355545044, 176.773513794, 177.191467285, 177.609436035, 178.027389526, 178.445343018, 178.863311768, 179.281265259, 179.69921875, 180.128799438, 180.558364868, 180.976318359, 181.382675171, 181.800628662, 182.218597412, 182.624938965, 183.031295776, 183.437637329, 183.85559082, 184.261947632, 184.679901123, 185.097869873, 185.527435303, 185.968612671, 186.409790039, 186.850967407, 187.292144775, 187.721725464, 188.151290894, 188.592468262, 189.03364563, 189.474822998, 189.892791748, 190.310745239, 190.72869873, 191.135055542, 191.541397095, 191.959365845, 192.365707397, 192.783676147, 193.213241577, 193.631195068, 194.049163818, 194.478729248, 194.885070801, 195.303039551, 195.73260498, 196.173782349, 196.626571655, 197.067749023, 197.52053833, 197.961715698, 198.391296387, 198.809249878, 199.238815308, 199.668380737, 200.109558105, 200.550750732, 200.991928101, 201.433105469, 201.874282837, 202.315460205, 202.756637573, 203.186203003, 203.604171753, 204.022125244, 204.451690674, 204.869659424, 205.287612915, 205.705581665, 206.123535156, 206.541488647, 206.947845459, 207.354187012, 207.772155762, 208.190109253, 208.608062744, 209.026031494, 209.443984985, 209.861953735, 210.268295288, 210.6746521, 211.092605591, 211.510559082, 211.916915894, 212.323257446, 212.741226196, 213.159179688, 213.577133179, 213.995101929, 214.41305542, 214.831008911, 215.2605896, 215.678543091, 216.108108521, 216.526077271, 216.944030762, 217.361984253, 217.779953003, 218.197906494, 218.615875244, 219.033828735, 219.451782227, 219.869750977, 220.276092529, 220.682449341, 221.100402832, 221.518356323, 221.936325073, 222.354278564, 222.772247314, 223.190200806, 223.584945679, 223.979675293, 224.374420166, 224.792373657, 225.210342407, 225.639907837, 226.069473267, 226.499038696, 226.928619385, 227.346572876, 227.776138306, 228.205703735, 228.635284424, 229.053237915, 229.482803345, 229.912384033, 230.330337524, 230.713470459, 231.096588135, 231.479721069, 231.920898438, 232.362075806, 232.803268433, 233.232833862, 233.67401123, 234.115188599, 234.556365967, 234.997543335],
    "bpm_histogram": [0, 0, 0, 0, 0, 0, 0, 0, 0, 0, 0, 0, 0, 0, 0, 0, 0, 0, 0, 0, 0, 0, 0, 0, 0, 0, 0, 0, 0, 0, 0, 0, 0, 0, 0, 0, 0, 0, 0, 0, 0, 0, 0, 0, 0, 0, 0, 0, 0, 0, 0, 0, 0, 0, 0, 0, 0, 0, 0, 0, 0, 0, 0, 0, 0, 0, 0, 0, 0, 0, 0, 0, 0, 0, 0, 0, 0, 0, 0, 0, 0, 0, 0, 0, 0, 0, 0, 0, 0, 0, 0, 0, 0, 0, 0, 0, 0.0607210621238, 0, 0.0303605310619, 0.00189753319137, 0, 0.00759013276547, 0, 0.00569259980693, 0, 0, 0, 0, 0, 0, 0, 0, 0.00189753319137, 0, 0, 0.00379506638274, 0, 0, 0, 0, 0.00379506638274, 0, 0, 0.00379506638274, 0, 0, 0, 0, 0, 0.0113851996139, 0, 0, 0, 0.0265654642135, 0, 0, 0.125237196684, 0, 0, 0, 0.144212529063, 0, 0, 0, 0.442125231028, 0, 0, 0, 0.117647059262, 0, 0, 0, 0.00759013276547, 0, 0, 0, 0, 0.00569259980693, 0, 0, 0, 0, 0, 0, 0, 0, 0, 0, 0, 0, 0, 0, 0, 0, 0, 0, 0, 0, 0, 0, 0, 0, 0, 0, 0, 0, 0, 0, 0, 0, 0, 0, 0, 0, 0, 0, 0, 0, 0, 0, 0, 0, 0, 0, 0, 0, 0, 0, 0, 0, 0, 0, 0, 0, 0, 0, 0, 0, 0, 0, 0, 0, 0, 0, 0, 0, 0, 0, 0, 0, 0, 0, 0, 0, 0, 0, 0, 0, 0, 0, 0, 0, 0, 0, 0, 0, 0, 0, 0, 0]
},
"tonal": {
    "chords_changes_rate": 0.0309237744659,
    "chords_number_rate": 0.00137876695953,
    "chords_strength": {
        "mean": 0.53276014328
    },
    "hpcp_crest": {
        "mean": 17.0763282776
    },
    "hpcp_entropy": {
        "mean": 1.64186048508
    },
    "key_edma": {
        "strength": 0.79447644949,
        "key": "C#",
        "scale": "major"
    },
    "key_krumhansl": {
        "strength": 0.800990700722,
        "key": "C#",
        "scale": "major"
    },
    "key_temperley": {
        "strength": 0.80117225647,
        "key": "C#",
        "scale": "major"
    },
    "tuning_diatonic_strength": 0.664145588875,
    "tuning_equal_tempered_deviation": 0.0334435030818,
    "tuning_frequency": 440.254241943,
    "tuning_nontempered_energy_ratio": 0.644886732101,
    "hpcp": {
        "mean": [0.0262418799102, 0.0214911084622, 0.0932103395462, 0.164739474654, 0.102825149894, 0.0277988538146, 0.0155360801145, 0.0233243964612, 0.105003707111, 0.153064623475, 0.120813518763, 0.407548516989, 0.626470923424, 0.302892833948, 0.0502734854817, 0.0364326089621, 0.029362430796, 0.0830326452851, 0.14171873033, 0.0904830470681, 0.0338559485972, 0.0251693017781, 0.028703963384, 0.15220195055, 0.221240192652, 0.116230398417, 0.0668961331248, 0.0852671414614, 0.0759415775537, 0.0747303590178, 0.0831188410521, 0.0803686007857, 0.256691396236, 0.408676743507, 0.23167411983, 0.0561260506511]
    },
    "chords_histogram": [69.2534942627, 2.79692721367, 2.85601735115, 0.413630098104, 0, 0, 0, 0, 0.216663390398, 0, 0.0787866860628, 0, 0, 0, 0, 3.30904078484, 0, 5.00295448303, 0, 0, 0, 0, 5.47567462921, 10.5968093872],
    "thpcp": [1, 0.483490645885, 0.0802487134933, 0.0581553056836, 0.0468695834279, 0.132540300488, 0.226217567921, 0.144432961941, 0.0540423318744, 0.0401763282716, 0.0458185076714, 0.242951333523, 0.353153169155, 0.18553198874, 0.106782503426, 0.136107102036, 0.121221229434, 0.119287833571, 0.132677897811, 0.128287836909, 0.409741908312, 0.652347505093, 0.369808256626, 0.0895908325911, 0.041888423264, 0.034305036068, 0.148786380887, 0.26296427846, 0.164133951068, 0.0443737320602, 0.0247993636876, 0.0372314117849, 0.167611464858, 0.244328379631, 0.192847773433, 0.650546550751],
    "chords_key": "C#",
    "chords_scale": "major"
}
}