{
"metadata": {
    "version": {
        "essentia": "2.1-beta6-dev",
        "essentia_git_sha": "v2.1_beta5-1177-g1d1cc983",
        "extractor": "music 2.0"
    },
    "audio_properties": {
        "analysis": {
            "equal_loudness": 0,
            "length": 236.320007324,
            "sample_rate": 44100,
            "start_time": 0,
            "downmix": "mix"
        },
        "bit_rate": 1411200,
        "length": 236.320007324,
        "lossless": 1,
        "number_channels": 2,
        "replay_gain": -9.08891296387,
        "sample_rate": 44100,
        "codec": "pcm_s16le",
        "md5_encoded": "e8f7f971e6a65e16e3d01ece32aa102e"
    },
    "tags": {
        "file_name": "09 - Manchester Orchestra - Indentions.wav",
        "album": ["HOPE"],
        "albumartist": ["Manchester Orchestra"],
        "artist": ["Manchester Orchestra"],
        "composer": ["Andy Hull"],
        "copyright": ["℗ 2014 Seven Four Entertainment LLC. Manufactured and Distributed by Concord Music Group, Inc."],
        "date": ["2014"],
        "discnumber": ["1"],
        "disctotal": ["1"],
        "genre": ["Rock"],
        "isrc": ["USC4R1400113"],
        "title": ["Indentions"],
        "tracknumber": ["9"],
        "tracktotal": ["11"]
    }
},
"lowlevel": {
    "average_loudness": 0.827002584934,
    "barkbands_crest": {
        "mean": 10.7216348648
    },
    "barkbands_flatness_db": {
        "mean": 0.277682900429
    },
    "barkbands_kurtosis": {
        "mean": 13.4594678879
    },
    "barkbands_skewness": {
        "mean": 1.23203921318
    },
    "barkbands_spread": {
        "mean": 7.7525472641
    },
    "dissonance": {
        "mean": 0.398032516241
    },
    "dynamic_complexity": 3.80998253822,
    "erbbands_crest": {
        "mean": 11.4681520462
    },
    "erbbands_flatness_db": {
        "mean": 0.268657922745
    },
    "erbbands_kurtosis": {
        "mean": 2.31708407402
    },
    "erbbands_skewness": {
        "mean": 0.824932157993
    },
    "erbbands_spread": {
        "mean": 19.5501899719
    },
    "hfc": {
        "mean": 11.7563562393
    },
    "loudness_ebu128": {
        "integrated": -12.9361476898,
        "loudness_range": 5.84044075012,
        "momentary": {
            "mean": -14.8013086319
        },
        "short_term": {
            "mean": -14.2443418503
        }
    },
    "melbands_crest": {
        "mean": 13.8483781815
    },
    "melbands_flatness_db": {
        "mean": 0.386032193899
    },
    "melbands_kurtosis": {
        "mean": 9.17868709564
    },
    "melbands_skewness": {
        "mean": 1.93489563465
    },
    "melbands_spread": {
        "mean": 9.11892223358
    },
    "pitch_salience": {
        "mean": 0.538945913315
    },
    "silence_rate_20dB": {
        "mean": 1
    },
    "silence_rate_30dB": {
        "mean": 0.999115824699
    },
    "silence_rate_60dB": {
        "mean": 0.0715197920799
    },
    "spectral_centroid": {
        "mean": 544.663146973
    },
    "spectral_complexity": {
        "mean": 11.4215545654
    },
    "spectral_decrease": {
        "mean": -8.63799520801e-09
    },
    "spectral_energy": {
        "mean": 0.0336680077016
    },
    "spectral_energyband_high": {
        "mean": 6.32114533801e-05
    },
    "spectral_energyband_low": {
        "mean": 0.0131052788347
    },
    "spectral_energyband_middle_high": {
        "mean": 0.0018882676959
    },
    "spectral_energyband_middle_low": {
        "mean": 0.0197817385197
    },
    "spectral_entropy": {
        "mean": 6.18347883224
    },
    "spectral_flux": {
        "mean": 0.0548938959837
    },
    "spectral_kurtosis": {
        "mean": 46.4153251648
    },
    "spectral_rms": {
        "mean": 0.00537337549031
    },
    "spectral_rolloff": {
        "mean": 712.081115723
    },
    "spectral_skewness": {
        "mean": 4.53887319565
    },
    "spectral_spread": {
        "mean": 2249519.75
    },
    "spectral_strongpeak": {
        "mean": 0.861275434494
    },
    "zerocrossingrate": {
        "mean": 0.0274900086224
    },
    "barkbands": {
        "mean": [4.66959718324e-05, 0.00710310740396, 0.00498537579551, 0.00217232527211, 0.00458195339888, 0.00486003095284, 0.00321049336344, 0.00249784486368, 0.00201254547574, 0.000636337732431, 0.000520564208273, 0.000183154450497, 0.000239920816966, 0.000128992847749, 8.62673987285e-05, 6.68959619361e-05, 0.000101390585769, 0.000110022199806, 4.42775308329e-05, 2.10529597098e-05, 8.19738033897e-06, 9.28248118726e-06, 1.01277219073e-05, 1.87838450074e-05, 9.11541610549e-06, 3.16029058922e-06, 1.93426771489e-07]
    },
    "erbbands": {
        "mean": [0.0604403465986, 2.02962088585, 6.14576768875, 6.60930919647, 9.86013221741, 15.203289032, 29.4187355042, 40.7712097168, 55.0832290649, 59.3066368103, 32.8218955994, 52.9290504456, 28.2728748322, 11.1852617264, 22.4557876587, 9.9046754837, 11.5389137268, 7.24511766434, 5.66430473328, 4.04675245285, 3.49100255966, 5.1816868782, 7.04711055756, 2.884339571, 2.14302873611, 1.05892431736, 0.344187051058, 0.314485341311, 0.256243228912, 0.401166647673, 0.283923774958, 0.338111549616, 0.323013961315, 0.144102022052, 0.0447618365288, 0.0185460671782, 0.00462368736044, 0.000660676858388, 4.72213287139e-05, 3.92433757952e-05]
    },
    "gfcc": {
        "mean": [-109.58972168, 190.935394287, -89.4041595459, -10.5183801651, -39.3911590576, -2.43881082535, -39.3616905212, 0.765597999096, -9.49882602692, -8.47846412659, -2.01116609573, -7.74719762802, -10.6524181366],
        "cov": [[18302.703125, -1811.80981445, -743.42364502, 3227.39013672, -1490.35290527, 1414.66125488, -106.494522095, 1411.21508789, -472.913482666, 194.446228027, -280.778503418, 149.918258667, -438.250976562], [-1811.80981445, 3136.57177734, -192.749084473, -1125.11230469, 1010.71990967, -492.265167236, 147.679931641, -497.197296143, 253.748016357, -87.2765731812, 120.04082489, -190.735229492, 143.557113647], [-743.42364502, -192.749084473, 801.330444336, 202.875427246, -103.190322876, 164.09928894, 132.000564575, 39.7361984253, 83.3642959595, 116.852981567, -63.830657959, -85.7597732544, -26.2444419861], [3227.39013672, -1125.11230469, 202.875427246, 1335.82910156, -363.574188232, 332.301757812, 92.3987121582, 458.144042969, -133.719680786, 39.8129348755, -66.6059036255, -11.2066335678, -123.655738831], [-1490.35290527, 1010.71990967, -103.190322876, -363.574188232, 678.292907715, -214.515594482, 71.5171966553, -140.010421753, 67.6342773438, -99.0875091553, 51.0775604248, -70.0759048462, 48.2596206665], [1414.66125488, -492.265167236, 164.09928894, 332.301757812, -214.515594482, 397.110473633, 60.2720375061, 152.517959595, -4.23084449768, 30.7212791443, -65.7351760864, -7.37547874451, -73.0907592773], [-106.494522095, 147.679931641, 132.000564575, 92.3987121582, 71.5171966553, 60.2720375061, 202.545898438, 30.2017097473, 31.3073692322, 6.72725868225, 0.428779155016, -50.6127319336, -21.4562969208], [1411.21508789, -497.197296143, 39.7361984253, 458.144042969, -140.010421753, 152.517959595, 30.2017097473, 317.022583008, -45.8705291748, 4.28761196136, -21.3291454315, 13.1213712692, -70.2523117065], [-472.913482666, 253.748016357, 83.3642959595, -133.719680786, 67.6342773438, -4.23084449768, 31.3073692322, -45.8705291748, 154.442184448, 31.2553691864, 8.63751602173, -32.6155929565, 13.3662691116], [194.446228027, -87.2765731812, 116.852981567, 39.8129348755, -99.0875091553, 30.7212791443, 6.72725868225, 4.28761196136, 31.2553691864, 116.477157593, -1.02346384525, 4.60608530045, 3.55223083496], [-280.778503418, 120.04082489, -63.830657959, -66.6059036255, 51.0775604248, -65.7351760864, 0.428779155016, -21.3291454315, 8.63751602173, -1.02346384525, 82.5486221313, 16.9366817474, 20.3084907532], [149.918258667, -190.735229492, -85.7597732544, -11.2066335678, -70.0759048462, -7.37547874451, -50.6127319336, 13.1213712692, -32.6155929565, 4.60608530045, 16.9366817474, 95.9526596069, 19.4993114471], [-438.250976562, 143.557113647, -26.2444419861, -123.655738831, 48.2596206665, -73.0907592773, -21.4562969208, -70.2523117065, 13.3662691116, 3.55223083496, 20.3084907532, 19.4993114471, 78.6798858643]],
        "icov": [[0.000643579522148, -0.00121354137082, 0.00117474060971, -0.00142723950557, 0.0011761826463, -0.00173310551327, 0.00110328174196, -0.00116598920431, 0.000900479557458, -0.00144906691276, 0.00121924327686, -0.00105645216536, 0.000735628360417], [-0.00121354137082, 0.0032781183254, -0.00195458997041, 0.00301580270752, -0.00309533881955, 0.00349845550954, -0.00256758835167, 0.0025676805526, -0.0021964025218, 0.00240215240046, -0.00256530940533, 0.00327656930313, -0.0017971311463], [0.00117474060971, -0.00195458997041, 0.00418457388878, -0.00268592778593, 0.00203932216391, -0.00342574738897, 0.00108413666021, -0.00188958831131, 0.000999320065603, -0.00430815434083, 0.00315885385498, -0.000405556871556, 0.000769282516558], [-0.00142723950557, 0.00301580270752, -0.00268592778593, 0.00514837121591, -0.00250030658208, 0.00356559804641, -0.00304359104484, 0.000510875775944, -0.000937049393542, 0.00280959578231, -0.00276303407736, 0.00362640526146, -0.00193806516472], [0.0011761826463, -0.00309533881955, 0.00203932216391, -0.00250030658208, 0.00564182875678, -0.00243932241574, 0.00131917104591, -0.00258805719204, 0.00141466187779, -0.000344384490745, 0.00187816482503, -0.00150143948849, 0.000934631912969], [-0.00173310551327, 0.00349845550954, -0.00342574738897, 0.00356559804641, -0.00243932241574, 0.00923195853829, -0.0041840695776, 0.00258325762115, -0.00347459805198, 0.00420750305057, -0.00120507075917, 0.00225170841441, -0.000184339893167], [0.00110328174196, -0.00256758835167, 0.00108413666021, -0.00304359104484, 0.00131917104591, -0.0041840695776, 0.00918062217534, -0.0022146042902, 0.00138143217191, -0.00245190993883, 0.000486758712213, -0.000347271590726, 0.00207496364601], [-0.00116598920431, 0.0025676805526, -0.00188958831131, 0.000510875775944, -0.00258805719204, 0.00258325762115, -0.0022146042902, 0.00949830375612, -0.00239581498317, 0.00303785433061, -0.00283953850158, 0.000317038939102, 0.00178145826794], [0.000900479557458, -0.0021964025218, 0.000999320065603, -0.000937049393542, 0.00141466187779, -0.00347459805198, 0.00138143217191, -0.00239581498317, 0.0107988687232, -0.00462052086368, 0.000677341478877, 0.000590034003835, 7.89108526078e-05], [-0.00144906691276, 0.00240215240046, -0.00430815434083, 0.00280959578231, -0.000344384490745, 0.00420750305057, -0.00245190993883, 0.00303785433061, -0.00462052086368, 0.016042040661, -0.00400269916281, 0.000733425840735, -0.00239991606213], [0.00121924327686, -0.00256530940533, 0.00315885385498, -0.00276303407736, 0.00187816482503, -0.00120507075917, 0.000486758712213, -0.00283953850158, 0.000677341478877, -0.00400269916281, 0.0182908326387, -0.00542604876682, 0.000198159221327], [-0.00105645216536, 0.00327656930313, -0.000405556871556, 0.00362640526146, -0.00150143948849, 0.00225170841441, -0.000347271590726, 0.000317038939102, 0.000590034003835, 0.000733425840735, -0.00542604876682, 0.0199990142137, -0.00678684609011], [0.000735628360417, -0.0017971311463, 0.000769282516558, -0.00193806516472, 0.000934631912969, -0.000184339893167, 0.00207496364601, 0.00178145826794, 7.89108526078e-05, -0.00239991606213, 0.000198159221327, -0.00678684609011, 0.0204346533865]]
    },
    "melbands": {
        "mean": [0.00125214888249, 0.00314596272074, 0.00127930764575, 0.000826171715744, 0.00103270064574, 0.000940974394325, 0.000788335339166, 0.000653129653074, 0.000271513592452, 0.000310499803163, 0.000129778782139, 3.92025176552e-05, 7.29923776817e-05, 3.27890738845e-05, 2.57252540905e-05, 2.03768395295e-05, 1.3127973034e-05, 9.75822240434e-06, 5.06281685375e-06, 5.08238008479e-06, 4.10072607337e-06, 4.50723655376e-06, 7.85467182141e-06, 5.45714419786e-06, 1.90117589227e-06, 1.5248181171e-06, 1.35961079195e-06, 5.20027867879e-07, 1.84808712334e-07, 2.08452135553e-07, 1.75602224317e-07, 1.28039019387e-07, 2.08685477787e-07, 2.14505476492e-07, 1.53628562316e-07, 1.71537976712e-07, 2.22989513077e-07, 2.45707553859e-07, 1.76577486855e-07, 1.04221584252e-07]
    },
    "melbands128": {
        "mean": [1.58107341122e-05, 0.000105279366835, 0.00126240425743, 0.00432969070971, 0.00370853021741, 0.00228931778111, 0.0012637124164, 0.00113541330211, 0.00106844771653, 0.000559720851015, 0.000817503023427, 0.00120803969912, 0.000949212757405, 0.0010509454878, 0.000895048200618, 0.00093797838781, 0.000984458718449, 0.000866720278282, 0.000362676393706, 0.000741666590329, 0.000849635747727, 0.000190068079974, 0.000134595669806, 0.000377921911422, 0.000488825957291, 0.000201955903322, 0.000140443706186, 0.000183517666301, 4.326592898e-05, 4.70614359074e-05, 2.70896016445e-05, 4.22241791966e-05, 8.39686254039e-05, 0.000109788335976, 1.80518800335e-05, 2.23499191634e-05, 2.71032022283e-05, 1.37583083415e-05, 4.20856995333e-05, 2.45282153628e-05, 1.59935971169e-05, 1.05019253169e-05, 1.28010478875e-05, 1.56387814059e-05, 1.01674095276e-05, 1.05668641481e-05, 7.13587678547e-06, 3.66326935364e-06, 4.10134543927e-06, 7.40696759749e-06, 5.45708053323e-06, 2.70467194241e-06, 3.01676391246e-06, 5.96624113314e-06, 3.94367134504e-06, 2.87580542135e-06, 4.58583190266e-06, 1.21651164591e-05, 6.75606270306e-06, 5.15940109835e-06, 7.83918403613e-06, 3.08573135044e-06, 1.86636884791e-06, 1.86826855497e-06, 1.37274582812e-06, 1.32808747821e-06, 1.64835876149e-06, 1.94538120013e-06, 9.34515981044e-07, 1.30236696805e-06, 4.32029878539e-07, 2.52191625805e-07, 1.64659510915e-07, 1.62431746276e-07, 1.95323778485e-07, 2.65287326329e-07, 1.71397772419e-07, 1.8179312633e-07, 1.89412787677e-07, 1.5789014185e-07, 1.35762846298e-07, 1.09278843752e-07, 1.14659577832e-07, 1.98972855969e-07, 3.33451396273e-07, 2.2709878067e-07, 1.87547868791e-07, 1.48063350025e-07, 1.46797177081e-07, 1.60901393542e-07, 1.61044994229e-07, 1.67275899798e-07, 2.00087526991e-07, 2.09183269817e-07, 2.43357163754e-07, 2.83287988623e-07, 2.32404076428e-07, 2.19344713059e-07, 1.94949521415e-07, 1.4711156382e-07, 1.18713572306e-07, 1.06104110387e-07, 7.48443369503e-08, 5.11568210015e-08, 4.30024691411e-08, 4.08947933295e-08, 4.10214973101e-08, 3.98750721331e-08, 3.26556346408e-08, 2.47227589512e-08, 2.21014744284e-08, 1.73922014568e-08, 1.20892762467e-08, 1.06106821107e-08, 9.58980805876e-09, 6.84574308352e-09, 3.63040508766e-09, 1.55681900704e-09, 6.7461625175e-10, 4.85428697239e-10, 5.69938041206e-10, 5.27754284718e-10, 4.17191753366e-10, 3.00236197015e-10, 2.34538916066e-10, 1.69819852625e-10, 1.48409770584e-10, 1.39996139681e-10]
    },
    "mfcc": {
        "mean": [-761.721618652, 228.306533813, 12.9661455154, 3.95148706436, 17.3030014038, -5.4289894104, -9.04930782318, 1.9604678154, -9.26433181763, 1.35969173908, 3.5367603302, 2.14252018929, 1.47237884998],
        "cov": [[12967.8369141, -2240.69750977, 594.165466309, 1088.14404297, -61.0898246765, -31.4085559845, 493.148223877, 988.42779541, 109.631950378, 450.158538818, 308.533813477, -61.6299667358, 149.00692749], [-2240.69750977, 3704.75366211, -606.44543457, -451.660736084, 415.399749756, 208.047134399, -62.3820800781, -235.183853149, 69.2017669678, 14.8319292068, -38.4302368164, 66.8652572632, 24.002702713], [594.165466309, -606.44543457, 808.533081055, 191.022125244, -149.676330566, 98.3672409058, 65.1340408325, 30.9738769531, 111.613967896, 137.121917725, 56.2596702576, 34.1104850769, 45.0117874146], [1088.14404297, -451.660736084, 191.022125244, 716.896240234, 100.557647705, -67.8052062988, 243.818603516, 183.471740723, 90.9384613037, 98.3418807983, 79.5333023071, 27.2582015991, -3.43329787254], [-61.0898246765, 415.399749756, -149.676330566, 100.557647705, 294.5753479, 3.83362674713, 50.1001281738, 80.0077896118, 29.4809360504, 30.0716381073, 16.4899921417, -0.600622057915, -19.785282135], [-31.4085559845, 208.047134399, 98.3672409058, -67.8052062988, 3.83362674713, 208.745681763, 26.3480854034, -12.2934217453, 54.2547454834, 39.4968757629, -2.9850153923, 25.8352336884, -1.71669089794], [493.148223877, -62.3820800781, 65.1340408325, 243.818603516, 50.1001281738, 26.3480854034, 244.072998047, 135.292709351, 53.9920425415, 62.6920204163, 36.7608184814, 14.3625450134, -11.0945730209], [988.42779541, -235.183853149, 30.9738769531, 183.471740723, 80.0077896118, -12.2934217453, 135.292709351, 280.776702881, 35.9040298462, 85.6169586182, 67.9575653076, -23.4954242706, -5.32071590424], [109.631950378, 69.2017669678, 111.613967896, 90.9384613037, 29.4809360504, 54.2547454834, 53.9920425415, 35.9040298462, 123.375366211, 61.5086898804, 25.5265216827, 21.2745742798, 3.14025187492], [450.158538818, 14.8319292068, 137.121917725, 98.3418807983, 30.0716381073, 39.4968757629, 62.6920204163, 85.6169586182, 61.5086898804, 163.277908325, 52.0876274109, 1.74791038036, 20.9029502869], [308.533813477, -38.4302368164, 56.2596702576, 79.5333023071, 16.4899921417, -2.9850153923, 36.7608184814, 67.9575653076, 25.5265216827, 52.0876274109, 97.8321228027, 8.74833679199, 10.3357229233], [-61.6299667358, 66.8652572632, 34.1104850769, 27.2582015991, -0.600622057915, 25.8352336884, 14.3625450134, -23.4954242706, 21.2745742798, 1.74791038036, 8.74833679199, 83.8823242188, 6.13080120087], [149.00692749, 24.002702713, 45.0117874146, -3.43329787254, -19.785282135, -1.71669089794, -11.0945730209, -5.32071590424, 3.14025187492, 20.9029502869, 10.3357229233, 6.13080120087, 98.155166626]],
        "icov": [[0.000124689075164, 3.38367171935e-05, 2.41210855165e-05, -0.00012419759878, 0.000115764582006, -0.000106401166704, 7.66627417761e-05, -0.00037917366717, 0.000109919899842, -0.000130375119625, -2.15602522076e-05, -5.32516310159e-07, -0.000176830770215], [3.38367171935e-05, 0.000534388062079, 0.000358809367754, 0.000342317885952, -0.000724650686607, -0.000314047938446, -0.000315619690809, 0.000600938801654, -0.000352996663423, -0.000383780192351, -0.000215398526052, -0.000197974659386, -0.000361205020454], [2.41210855165e-05, 0.000358809367754, 0.00232347846031, -0.000462640164187, 0.00092187919654, -0.00102986337151, 0.000186951190699, 0.000494361680467, -0.00115148362238, -0.0013918732293, -0.000369866669644, -0.000228786986554, -0.000603809545282], [-0.00012419759878, 0.000342317885952, -0.000462640164187, 0.00329060829245, -0.00144685350824, 0.00175888708327, -0.00264033162966, 0.000663244689349, -0.00123568496201, -0.000118521820696, -0.000607263762504, -0.000786651973613, 8.65713736857e-05], [0.000115764582006, -0.000724650686607, 0.00092187919654, -0.00144685350824, 0.00596626475453, -0.00034066074295, 0.00102381361648, -0.00226613529958, -0.000430869316915, -0.000453159940662, 0.000431444030255, 0.000112627451017, 0.000775479478762], [-0.000106401166704, -0.000314047938446, -0.00102986337151, 0.00175888708327, -0.00034066074295, 0.00730752106756, -0.00166480266489, 0.000476919492939, -0.00224442384206, -0.000749202852603, 0.000964905368164, -0.00139561062679, 0.000885853194632], [7.66627417761e-05, -0.000315619690809, 0.000186951190699, -0.00264033162966, 0.00102381361648, -0.00166480266489, 0.0083629488945, -0.00338154751807, -0.000228621502174, -0.000241926070885, 0.000841981265694, -0.000848373398185, 0.000745101831853], [-0.00037917366717, 0.000600938801654, 0.000494361680467, 0.000663244689349, -0.00226613529958, 0.000476919492939, -0.00338154751807, 0.00870184414089, -0.000575734011363, -0.00170697155409, -0.00294599542394, 0.00213688029908, 0.000424868776463], [0.000109919899842, -0.000352996663423, -0.00115148362238, -0.00123568496201, -0.000430869316915, -0.00224442384206, -0.000228621502174, -0.000575734011363, 0.0130139486864, -0.00236999173649, -0.00037957544555, -0.00144581589848, 0.000439754949184], [-0.000130375119625, -0.000383780192351, -0.0013918732293, -0.000118521820696, -0.000453159940662, -0.000749202852603, -0.000241926070885, -0.00170697155409, -0.00236999173649, 0.0109201110899, -0.00268716551363, 0.00135791301727, -0.00134998036083], [-2.15602522076e-05, -0.000215398526052, -0.000369866669644, -0.000607263762504, 0.000431444030255, 0.000964905368164, 0.000841981265694, -0.00294599542394, -0.00037957544555, -0.00268716551363, 0.014368314296, -0.00206761504523, -0.000526346324477], [-5.32516310159e-07, -0.000197974659386, -0.000228786986554, -0.000786651973613, 0.000112627451017, -0.00139561062679, -0.000848373398185, 0.00213688029908, -0.00144581589848, 0.00135791301727, -0.00206761504523, 0.0142121640965, -0.000768042285927], [-0.000176830770215, -0.000361205020454, -0.000603809545282, 8.65713736857e-05, 0.000775479478762, 0.000885853194632, 0.000745101831853, 0.000424868776463, 0.000439754949184, -0.00134998036083, -0.000526346324477, -0.000768042285927, 0.0114805186167]]
    },
    "spectral_contrast_coeffs": {
        "mean": [-0.675445258617, -0.691066563129, -0.73828125, -0.772665023804, -0.753780782223, -0.83389467001]
    },
    "spectral_contrast_valleys": {
        "mean": [-6.59054327011, -6.72138547897, -8.14013671875, -8.79878425598, -10.1029443741, -12.4817647934]
    }
},
"rhythm": {
    "beats_count": 431,
    "beats_loudness": {
        "mean": 0.0385089851916
    },
    "bpm": 109.897651672,
    "bpm_histogram_first_peak_bpm": 110,
    "bpm_histogram_first_peak_weight": 0.202933967113,
    "bpm_histogram_second_peak_bpm": 105,
    "bpm_histogram_second_peak_spread": 0.272727251053,
    "bpm_histogram_second_peak_weight": 0.0186046510935,
    "danceability": 0.898647725582,
    "onset_rate": 3.34697651863,
    "beats_loudness_band_ratio": {
        "mean": [0.476263284683, 0.310634046793, 0.21924701333, 0.0465919300914, 0.014423629269, 0.00751186022535]
    },
    "beats_position": [0.568888902664, 1.16099774837, 1.74149656296, 2.33360528946, 2.90249419212, 3.45977306366, 4.01705217361, 4.5627207756, 5.10838985443, 5.65405893326, 6.19972801208, 6.74539661407, 7.2910656929, 7.83673477173, 8.38240337372, 8.91646194458, 9.46213150024, 10.0078001022, 10.5534696579, 11.110748291, 11.656416893, 12.202085495, 12.7477550507, 13.2934236526, 13.8390922546, 14.3847618103, 14.9304304123, 15.4760990143, 16.0217685699, 16.5558280945, 17.1014957428, 17.6471652985, 18.1928348541, 18.7385025024, 19.2841720581, 19.8298416138, 20.3755092621, 20.9211788177, 21.4668483734, 22.0125160217, 22.5581855774, 23.1038551331, 23.6495227814, 24.195192337, 24.7408618927, 25.286529541, 25.8321990967, 26.3778686523, 26.9235363007, 27.4692058563, 28.014875412, 28.5605430603, 29.1178226471, 29.6634922028, 30.2091598511, 30.7432193756, 31.2888889313, 31.8345565796, 32.3802261353, 32.9258956909, 33.4715652466, 34.0172348022, 34.5629005432, 35.1085700989, 35.6542396545, 36.1999092102, 36.7339668274, 37.2796363831, 37.8253059387, 38.3709754944, 38.91664505, 39.462310791, 40.0079803467, 40.5536499023, 41.099319458, 41.6449890137, 42.1906585693, 42.7363243103, 43.281993866, 43.8160552979, 44.3617210388, 44.9073905945, 45.4414520264, 45.9987297058, 46.5560073853, 47.1016769409, 47.6473464966, 48.1930160522, 48.7386856079, 49.2727432251, 49.8300209045, 50.3756904602, 50.9213600159, 51.4670295715, 52.0126991272, 52.5583648682, 53.1040344238, 53.6497039795, 54.1953735352, 54.7410430908, 55.2867126465, 55.8207702637, 56.3664398193, 56.912109375, 57.457775116, 58.0034446716, 58.5491142273, 59.094783783, 59.6404533386, 60.1861228943, 60.7317886353, 61.2774581909, 61.8231277466, 62.3687973022, 62.9260749817, 63.4833564758, 64.0290222168, 64.5746917725, 65.1203613281, 65.6544189453, 66.200088501, 66.7457580566, 67.2914276123, 67.837097168, 68.3827667236, 68.9168243408, 69.474105835, 70.0197753906, 70.5654373169, 71.1111068726, 71.6567764282, 72.2024459839, 72.7481155396, 73.2937850952, 73.8394546509, 74.3851242065, 74.9307937622, 75.4648513794, 76.0105209351, 76.5561904907, 77.1134643555, 77.6591339111, 78.2048034668, 78.7504730225, 79.2845306396, 79.8302001953, 80.375869751, 80.9215393066, 81.4672088623, 82.012878418, 82.5585479736, 83.1042175293, 83.649887085, 84.1955566406, 84.7412261963, 85.2868881226, 85.8209533691, 86.3666229248, 86.9122848511, 87.4695663452, 88.0268478394, 88.572517395, 89.1181869507, 89.6522445679, 90.1863021851, 90.7319717407, 91.2776412964, 91.8233108521, 92.3689804077, 92.9262542725, 93.4719238281, 94.0175933838, 94.5632629395, 95.1089324951, 95.6429901123, 96.188659668, 96.7343292236, 97.2799987793, 97.825668335, 98.3713378906, 98.9170074463, 99.462677002, 100.008346558, 100.554008484, 101.09967804, 101.633743286, 102.179405212, 102.725074768, 103.282356262, 103.839637756, 104.385307312, 104.930976868, 105.476638794, 106.02230835, 106.567977905, 107.113647461, 107.647705078, 108.193374634, 108.739044189, 109.284713745, 109.830383301, 110.364440918, 110.910110474, 111.455780029, 112.013061523, 112.558731079, 113.104400635, 113.650062561, 114.195732117, 114.741401672, 115.287071228, 115.832740784, 116.390022278, 116.935691833, 117.481361389, 118.027030945, 118.572692871, 119.118362427, 119.664031982, 120.209701538, 120.743759155, 121.289428711, 121.835098267, 122.392379761, 122.938049316, 123.483718872, 124.017776489, 124.563446045, 125.109115601, 125.654785156, 126.200454712, 126.746116638, 127.291786194, 127.83745575, 128.383132935, 128.94039917, 129.497680664, 130.031738281, 130.577407837, 131.111465454, 131.65713501, 132.202804565, 132.748474121, 133.294143677, 133.839813232, 134.385482788, 134.931152344, 135.488433838, 136.034103394, 136.579772949, 137.113830566, 137.659500122, 138.205169678, 138.750839233, 139.296508789, 139.842178345, 140.3878479, 140.933517456, 141.479187012, 142.013244629, 142.547302246, 143.092971802, 143.650253296, 144.195922852, 144.741577148, 145.287246704, 145.82131958, 146.366973877, 146.912643433, 147.458312988, 148.003982544, 148.5496521, 149.095321655, 149.640991211, 150.186660767, 150.732330322, 151.277999878, 151.823669434, 152.369338989, 152.903396606, 153.437454224, 153.983123779, 154.517181396, 155.062850952, 155.620132446, 156.17741394, 156.734695435, 157.28036499, 157.826034546, 158.371704102, 158.917373657, 159.463043213, 160.00869751, 160.554367065, 161.100036621, 161.645706177, 162.191375732, 162.737045288, 163.282714844, 163.828384399, 164.374053955, 164.919723511, 165.465393066, 166.011062622, 166.556732178, 167.090789795, 167.636459351, 168.182128906, 168.7394104, 169.285079956, 169.830749512, 170.376419067, 170.922088623, 171.467758179, 172.013427734, 172.55909729, 173.104751587, 173.650421143, 174.196090698, 174.730148315, 175.264221191, 175.809890747, 176.355545044, 176.912826538, 177.470108032, 178.027389526, 178.561447144, 179.107116699, 179.652786255, 180.186843872, 180.744125366, 181.30140686, 181.858688354, 182.40435791, 182.950012207, 183.484085083, 184.029754639, 184.575408936, 185.109481812, 185.655151367, 186.200805664, 186.74647522, 187.292144775, 187.84942627, 188.406707764, 188.940765381, 189.486434937, 190.032104492, 190.566162109, 191.111831665, 191.657501221, 192.203170776, 192.748840332, 193.294509888, 193.840179443, 194.385848999, 194.931518555, 195.47718811, 196.011245728, 196.556915283, 197.114196777, 197.659866333, 198.205535889, 198.751205444, 199.296859741, 199.842529297, 200.388198853, 200.933868408, 201.479537964, 202.013595581, 202.559265137, 203.104934692, 203.650604248, 204.196273804, 204.741943359, 205.287612915, 205.833282471, 206.378952026, 206.936233521, 207.481903076, 208.027572632, 208.573242188, 209.118911743, 209.65296936, 210.198638916, 210.744308472, 211.289978027, 211.835647583, 212.381317139, 212.926986694, 213.47265625, 214.018310547, 214.563980103, 215.109649658, 215.655319214, 216.20098877, 216.735046387, 217.292327881, 217.837997437, 218.383666992, 218.929336548, 219.475006104, 220.020675659, 220.566345215, 221.112014771, 221.657684326, 222.203353882, 222.749023438, 223.294692993, 223.840362549, 224.386032104, 224.93170166, 225.488967896, 226.057861328, 226.626754761, 227.195648193, 227.810974121, 228.426300049, 229.053237915, 229.680175781, 230.318725586, 230.887619019, 231.456497192, 232.013778687, 232.582672119, 233.151565552, 233.650787354, 234.150024414, 234.637634277, 235.125259399, 235.612869263],
    "bpm_histogram": [0, 0, 0, 0, 0, 0, 0, 0, 0, 0, 0, 0, 0, 0, 0, 0, 0, 0, 0, 0, 0, 0, 0, 0, 0, 0, 0, 0, 0, 0, 0, 0, 0, 0, 0, 0, 0, 0, 0, 0, 0, 0, 0, 0, 0, 0, 0, 0, 0, 0, 0, 0, 0, 0, 0, 0, 0, 0, 0, 0, 0, 0, 0, 0, 0, 0, 0, 0, 0, 0, 0, 0, 0, 0, 0, 0, 0, 0, 0, 0, 0, 0, 0, 0, 0, 0, 0, 0, 0, 0, 0, 0, 0, 0, 0.00232558138669, 0, 0.00465116277337, 0, 0.00465116277337, 0, 0, 0.00465116277337, 0, 0.00232558138669, 0, 0.0186046510935, 0, 0, 0.0930232554674, 0, 0.758139550686, 0, 0.10000000149, 0, 0, 0, 0, 0, 0, 0, 0.00465116277337, 0, 0, 0.00697674416006, 0, 0, 0, 0, 0, 0, 0, 0, 0, 0, 0, 0, 0, 0, 0, 0, 0, 0, 0, 0, 0, 0, 0, 0, 0, 0, 0, 0, 0, 0, 0, 0, 0, 0, 0, 0, 0, 0, 0, 0, 0, 0, 0, 0, 0, 0, 0, 0, 0, 0, 0, 0, 0, 0, 0, 0, 0, 0, 0, 0, 0, 0, 0, 0, 0, 0, 0, 0, 0, 0, 0, 0, 0, 0, 0, 0, 0, 0, 0, 0, 0, 0, 0, 0, 0, 0, 0, 0, 0, 0, 0, 0, 0, 0, 0, 0, 0, 0, 0, 0, 0, 0, 0, 0, 0, 0, 0, 0, 0, 0, 0, 0, 0, 0, 0, 0, 0, 0, 0, 0, 0, 0, 0, 0, 0, 0]
},
"tonal": {
    "chords_changes_rate": 0.0316306501627,
    "chords_number_rate": 0.000982318306342,
    "chords_strength": {
        "mean": 0.504765570164
    },
    "hpcp_crest": {
        "mean": 19.7908782959
    },
    "hpcp_entropy": {
        "mean": 1.25126731396
    },
    "key_edma": {
        "strength": 0.841528236866,
        "key": "F",
        "scale": "major"
    },
    "key_krumhansl": {
        "strength": 0.838285386562,
        "key": "F",
        "scale": "major"
    },
    "key_temperley": {
        "strength": 0.834985435009,
        "key": "F",
        "scale": "minor"
    },
    "tuning_diatonic_strength": 0.654599189758,
    "tuning_equal_tempered_deviation": 0.0279366429895,
    "tuning_frequency": 438.731048584,
    "tuning_nontempered_energy_ratio": 0.628583908081,
    "hpcp": {
        "mean": [0.0947910398245, 0.0437101572752, 0.00842886045575, 0.00487616099417, 0.0044245319441, 0.0189201328903, 0.0532045438886, 0.0538045056164, 0.244958356023, 0.482182949781, 0.270258307457, 0.0206873547286, 0.00738600129262, 0.00799595285207, 0.0402784496546, 0.0741491913795, 0.0470993481576, 0.0133853098378, 0.00835734605789, 0.0120816240087, 0.0745688676834, 0.168562859297, 0.127041146159, 0.244549483061, 0.451387375593, 0.248106837273, 0.0252548735589, 0.0157677009702, 0.0168855562806, 0.122291505337, 0.282762795687, 0.182816982269, 0.0175437685102, 0.00726806977764, 0.016067398712, 0.0695423036814]
    },
    "chords_histogram": [4.55795669556, 0, 0.609037339687, 0, 0.176817283034, 0.3339882195, 0.805500984192, 46.227897644, 6.46365404129, 34.616897583, 0, 6.20825147629, 0, 0, 0, 0, 0, 0, 0, 0, 0, 0, 0, 0],
    "thpcp": [1, 0.560489118099, 0.0429035387933, 0.0153178395703, 0.0165828187019, 0.0835335403681, 0.153778120875, 0.0976794138551, 0.0277598164976, 0.0173323135823, 0.0250560995191, 0.154648497701, 0.349582791328, 0.263470828533, 0.507171571255, 0.936133027077, 0.514549195766, 0.0523761250079, 0.0327006615698, 0.0350189842284, 0.253620564938, 0.586422204971, 0.379144430161, 0.036384049803, 0.0150732612237, 0.0333222039044, 0.144223898649, 0.19658729434, 0.0906505659223, 0.0174806267023, 0.0101126786321, 0.00917604379356, 0.0392384938896, 0.110340990126, 0.111585251987, 0.508019506931],
    "chords_key": "F",
    "chords_scale": "major"
}
}