{
"metadata": {
    "version": {
        "essentia": "2.1-beta6-dev",
        "essentia_git_sha": "v2.1_beta5-1177-g1d1cc983",
        "extractor": "music 2.0"
    },
    "audio_properties": {
        "analysis": {
            "equal_loudness": 0,
            "length": 117.173332214,
            "sample_rate": 44100,
            "start_time": 0,
            "downmix": "mix"
        },
        "bit_rate": 1411200,
        "length": 117.173332214,
        "lossless": 1,
        "number_channels": 2,
        "replay_gain": -7.4086856842,
        "sample_rate": 44100,
        "codec": "pcm_s16le",
        "md5_encoded": "5c81dcc4206e8f5d175bc9077027c34f"
    },
    "tags": {
        "file_name": "06 - Manchester Orchestra - The Sunshine.wav",
        "album": ["A Black Mile To The Surface"],
        "albumartist": ["Manchester Orchestra"],
        "artist": ["Manchester Orchestra"],
        "composer": ["Andy Hull"],
        "copyright": ["℗ 2017 Loma Vista Recordings."],
        "date": ["2017"],
        "discnumber": ["1"],
        "disctotal": ["1"],
        "genre": ["Alternative & Indie"],
        "isrc": ["USC4R1702134"],
        "title": ["The Sunshine"],
        "tracknumber": ["6"],
        "tracktotal": ["11"]
    }
},
"lowlevel": {
    "average_loudness": 0.964652061462,
    "barkbands_crest": {
        "mean": 10.877532959
    },
    "barkbands_flatness_db": {
        "mean": 0.169425994158
    },
    "barkbands_kurtosis": {
        "mean": 9.75502300262
    },
    "barkbands_skewness": {
        "mean": 2.2483985424
    },
    "barkbands_spread": {
        "mean": 12.3138561249
    },
    "dissonance": {
        "mean": 0.444738417864
    },
    "dynamic_complexity": 2.08860063553,
    "erbbands_crest": {
        "mean": 8.40079021454
    },
    "erbbands_flatness_db": {
        "mean": 0.156655445695
    },
    "erbbands_kurtosis": {
        "mean": 0.810903012753
    },
    "erbbands_skewness": {
        "mean": 0.493166327477
    },
    "erbbands_spread": {
        "mean": 34.3257522583
    },
    "hfc": {
        "mean": 17.6857528687
    },
    "loudness_ebu128": {
        "integrated": -14.4423551559,
        "loudness_range": 2.63436317444,
        "momentary": {
            "mean": -14.7614526749
        },
        "short_term": {
            "mean": -14.53652668
        }
    },
    "melbands_crest": {
        "mean": 17.0749130249
    },
    "melbands_flatness_db": {
        "mean": 0.268148958683
    },
    "melbands_kurtosis": {
        "mean": 22.0544776917
    },
    "melbands_skewness": {
        "mean": 3.18834853172
    },
    "melbands_spread": {
        "mean": 12.0855817795
    },
    "pitch_salience": {
        "mean": 0.514325678349
    },
    "silence_rate_20dB": {
        "mean": 0.996236145496
    },
    "silence_rate_30dB": {
        "mean": 0.926109373569
    },
    "silence_rate_60dB": {
        "mean": 0.0101030115038
    },
    "spectral_centroid": {
        "mean": 752.420043945
    },
    "spectral_complexity": {
        "mean": 16.040807724
    },
    "spectral_decrease": {
        "mean": -1.26484360763e-08
    },
    "spectral_energy": {
        "mean": 0.0493421889842
    },
    "spectral_energyband_high": {
        "mean": 0.000348657980794
    },
    "spectral_energyband_low": {
        "mean": 0.0298841241747
    },
    "spectral_energyband_middle_high": {
        "mean": 0.00519224023446
    },
    "spectral_energyband_middle_low": {
        "mean": 0.0161613952368
    },
    "spectral_entropy": {
        "mean": 7.17876672745
    },
    "spectral_flux": {
        "mean": 0.104227975011
    },
    "spectral_kurtosis": {
        "mean": 8.82441711426
    },
    "spectral_rms": {
        "mean": 0.00636606570333
    },
    "spectral_rolloff": {
        "mean": 700.186828613
    },
    "spectral_skewness": {
        "mean": 2.27876710892
    },
    "spectral_spread": {
        "mean": 4292461
    },
    "spectral_strongpeak": {
        "mean": 0.805075824261
    },
    "zerocrossingrate": {
        "mean": 0.0344602949917
    },
    "barkbands": {
        "mean": [0.000635407457594, 0.0146387824789, 0.0124793834984, 0.0035714476835, 0.00548672676086, 0.000879536441062, 0.00305427797139, 0.00125747499987, 0.00173430528957, 0.00135606050026, 0.00105450791307, 0.00104687991552, 0.000565830385312, 0.000337145320373, 0.000159559844178, 0.000168940401636, 0.000207674558624, 0.000185445358511, 0.00013394645066, 7.33639317332e-05, 6.19466009084e-05, 5.95950223214e-05, 4.03492958867e-05, 6.23343876214e-05, 4.86512617499e-05, 2.83892331936e-05, 1.34368028739e-05]
    },
    "erbbands": {
        "mean": [0.317947328091, 3.72043991089, 14.5798912048, 12.8896217346, 13.67274189, 21.0216999054, 11.6331548691, 7.33150053024, 26.7771492004, 49.2837867737, 33.5066566467, 33.9182014465, 43.3391494751, 39.9306640625, 38.4897651672, 39.8851928711, 28.2499313354, 19.420627594, 12.6312904358, 7.38109779358, 11.0795917511, 12.320473671, 10.3040075302, 7.72975158691, 6.10501766205, 3.34999775887, 2.69606089592, 2.35777688026, 2.20334100723, 1.58194231987, 1.11016595364, 1.23562765121, 1.03452003002, 0.660404384136, 0.276647180319, 0.119980864227, 0.051435045898, 0.0158983301371, 0.00242846622132, 0.000159369214089]
    },
    "gfcc": {
        "mean": [4.96173334122, 113.636947632, -90.7779159546, 11.2652950287, -44.4730033875, 11.9874544144, -29.7303352356, 11.5540866852, -24.841753006, -5.79595088959, -15.8268175125, -2.48681998253, -16.6475257874],
        "cov": [[2758.1965332, -789.313232422, 189.827087402, 324.825500488, 1.51548874378, 218.530960083, 199.128829956, 71.5973739624, 28.2356529236, 122.627601624, -52.4851264954, 26.1250743866, -35.1156196594], [-789.313232422, 1082.90087891, -310.734588623, -262.612884521, 159.119491577, -10.1056308746, 62.5905532837, 9.51045608521, 49.0574226379, -64.5456848145, 55.8435821533, -45.0544891357, -4.17833518982], [189.827087402, -310.734588623, 961.43572998, 442.275512695, 122.174659729, 154.605773926, 106.800338745, 22.2495155334, 13.0751466751, 39.9751815796, -50.6408996582, 5.28279542923, 27.2473678589], [324.825500488, -262.612884521, 442.275512695, 599.553588867, 96.3682174683, 31.8043766022, 78.5726470947, 32.0601043701, 1.76643764973, 36.7154121399, -13.5717411041, 6.58990097046, 48.7264633179], [1.51548874378, 159.119491577, 122.174659729, 96.3682174683, 224.691864014, 75.1089859009, 60.6866035461, 29.6802120209, 24.5864944458, 3.26615214348, 6.34328460693, -5.35842704773, 8.00430202484], [218.530960083, -10.1056308746, 154.605773926, 31.8043766022, 75.1089859009, 216.21534729, 113.799041748, 7.85577392578, 26.730714798, 17.8157901764, -15.2656669617, -16.453502655, -11.1836557388], [199.128829956, 62.5905532837, 106.800338745, 78.5726470947, 60.6866035461, 113.799041748, 169.222702026, 44.2680473328, 17.8084964752, 18.7923679352, -4.04778003693, -11.8221054077, 1.59425210953], [71.5973739624, 9.51045608521, 22.2495155334, 32.0601043701, 29.6802120209, 7.85577392578, 44.2680473328, 82.7585296631, 21.7497997284, 7.4646024704, 3.1365404129, 4.56448984146, 1.82601904869], [28.2356529236, 49.0574226379, 13.0751466751, 1.76643764973, 24.5864944458, 26.730714798, 17.8084964752, 21.7497997284, 74.3352890015, 21.9250946045, -2.99288010597, -5.884308815, -3.54885029793], [122.627601624, -64.5456848145, 39.9751815796, 36.7154121399, 3.26615214348, 17.8157901764, 18.7923679352, 7.4646024704, 21.9250946045, 75.8830184937, 6.3987698555, 2.44386339188, 2.35801386833], [-52.4851264954, 55.8435821533, -50.6408996582, -13.5717411041, 6.34328460693, -15.2656669617, -4.04778003693, 3.1365404129, -2.99288010597, 6.3987698555, 55.1361274719, 14.754193306, -2.42340970039], [26.1250743866, -45.0544891357, 5.28279542923, 6.58990097046, -5.35842704773, -16.453502655, -11.8221054077, 4.56448984146, -5.884308815, 2.44386339188, 14.754193306, 51.3130340576, 16.8263492584], [-35.1156196594, -4.17833518982, 27.2473678589, 48.7264633179, 8.00430202484, -11.1836557388, 1.59425210953, 1.82601904869, -3.54885029793, 2.35801386833, -2.42340970039, 16.8263492584, 50.4134674072]],
        "icov": [[0.000628062640317, 0.000497015949804, 0.000315819663228, -0.000237266765907, -0.000155426489073, -0.000288208684651, -0.00072271854151, -5.37087908015e-05, -0.000148656952661, -0.000383487378713, 0.000419268471887, -0.000511631602421, 0.0007212398923], [0.000497015949804, 0.00235029216856, 0.000465154327685, 0.000829696713481, -0.00183638255112, 0.00103497435339, -0.00232501002029, 0.000975035247393, -0.00175017036963, 0.00148962426465, -0.00175169820432, 0.00166335725226, -0.000785228097811], [0.000315819663228, 0.000465154327685, 0.00210168235935, -0.00132469832897, -0.000523441180121, -0.00117659266107, -0.00029838969931, 9.52184200287e-05, -1.3562278582e-05, -0.000325801229337, 0.00144982535858, -0.000914033851586, 0.000620128528681], [-0.000237266765907, 0.000829696713481, -0.00132469832897, 0.00362899666652, -0.00145096052438, 0.00194955209736, -0.00162392097991, 0.000354208226781, -0.000374346302124, 0.000268808304099, -0.0015209420817, 0.00193471868988, -0.00294448947534], [-0.000155426489073, -0.00183638255112, -0.000523441180121, -0.00145096052438, 0.0074193100445, -0.0027504588943, 0.00156903662719, -0.00216797715984, 0.000173026957782, -0.000182147428859, -0.000287555827526, -0.000704355770722, -9.24193809624e-05], [-0.000288208684651, 0.00103497435339, -0.00117659266107, 0.00194955209736, -0.0027504588943, 0.0104330005124, -0.00697988644242, 0.00400324584916, -0.0028379317373, 0.000781499431469, -5.22437912878e-05, 0.00142711086664, 0.00074834265979], [-0.00072271854151, -0.00232501002029, -0.00029838969931, -0.00162392097991, 0.00156903662719, -0.00697988644242, 0.0144547550008, -0.00669795786962, 0.00307391653769, -0.00214236136526, 0.000403202400776, 0.00108529662248, -0.00100355339237], [-5.37087908015e-05, 0.000975035247393, 9.52184200287e-05, 0.000354208226781, -0.00216797715984, 0.00400324584916, -0.00669795786962, 0.0172431673855, -0.00540400948375, 0.00149121123832, -0.000937999575399, -0.00180117459968, 0.000575042970013], [-0.000148656952661, -0.00175017036963, -1.3562278582e-05, -0.000374346302124, 0.000173026957782, -0.0028379317373, 0.00307391653769, -0.00540400948375, 0.0185207743198, -0.00627963850275, 0.00304389093071, 5.5762620832e-06, 0.00130398967303], [-0.000383487378713, 0.00148962426465, -0.000325801229337, 0.000268808304099, -0.000182147428859, 0.000781499431469, -0.00214236136526, 0.00149121123832, -0.00627963850275, 0.017563899979, -0.00503138126805, 0.00167871639132, -0.0020771001], [0.000419268471887, -0.00175169820432, 0.00144982535858, -0.0015209420817, -0.000287555827526, -5.22437912878e-05, 0.000403202400776, -0.000937999575399, 0.00304389093071, -0.00503138126805, 0.0250943582505, -0.010147687979, 0.00593147333711], [-0.000511631602421, 0.00166335725226, -0.000914033851586, 0.00193471868988, -0.000704355770722, 0.00142711086664, 0.00108529662248, -0.00180117459968, 5.5762620832e-06, 0.00167871639132, -0.010147687979, 0.0283480565995, -0.011162715964], [0.0007212398923, -0.000785228097811, 0.000620128528681, -0.00294448947534, -9.24193809624e-05, 0.00074834265979, -0.00100355339237, 0.000575042970013, 0.00130398967303, -0.0020771001, 0.00593147333711, -0.011162715964, 0.0271754767746]]
    },
    "melbands": {
        "mean": [0.00343777704984, 0.00652153557166, 0.00224393885583, 0.00128524762113, 0.000516546482686, 0.000175453198608, 0.000473102176329, 0.000483128416818, 0.000277314131381, 0.000217671127757, 0.000223932176596, 0.000171930892975, 0.000141516225995, 0.000104610415292, 9.20683232835e-05, 5.85998423048e-05, 3.16509795084e-05, 2.29111938097e-05, 1.20660624816e-05, 8.97531845112e-06, 1.33155472213e-05, 1.25481974464e-05, 1.10844921437e-05, 8.08969525679e-06, 6.04525894232e-06, 5.39368056707e-06, 3.12831912197e-06, 2.00246086024e-06, 1.76126366114e-06, 1.42325291108e-06, 1.35296897952e-06, 1.31439469442e-06, 1.047233809e-06, 7.99933559392e-07, 6.2107147869e-07, 6.34058096693e-07, 8.148259667e-07, 7.1528376111e-07, 7.05226511855e-07, 5.05233458625e-07]
    },
    "melbands128": {
        "mean": [0.000514827959705, 0.00220351363532, 0.00415401533246, 0.00672238320112, 0.0083392187953, 0.00523153971881, 0.00265659741126, 0.00151670235209, 0.00124528631568, 0.00147543754429, 0.00123702629935, 0.000702271936461, 0.000370612862753, 0.000206313488889, 0.000115917464427, 0.000141569384141, 0.000347203342244, 0.000424624915468, 0.000795735511929, 0.000634418509435, 0.000271042255918, 0.00023860213696, 0.000302046362776, 0.000310576462653, 0.000161034753546, 0.00023145256273, 0.000198704699869, 0.000157825852511, 0.000376353302272, 0.000122341807582, 0.000130291839014, 0.000178912872798, 0.000171261199284, 8.0508798419e-05, 0.000107264721009, 0.000115913455375, 8.65398833412e-05, 0.000147301863763, 3.33492425852e-05, 5.74587757001e-05, 6.2755709223e-05, 6.89409280312e-05, 1.9636554498e-05, 1.82646836038e-05, 4.05913851864e-05, 2.01126858883e-05, 8.18744774733e-06, 1.79297894647e-05, 9.54527149588e-06, 6.55378562442e-06, 8.43179805088e-06, 1.08130352601e-05, 1.71220563061e-05, 1.3022735402e-05, 8.9352915893e-06, 1.31923543449e-05, 1.53406854224e-05, 1.02885669548e-05, 1.11805366032e-05, 9.70011478785e-06, 5.76563843424e-06, 1.05778217403e-05, 4.22624952989e-06, 5.4795741562e-06, 7.23892617316e-06, 5.35016670256e-06, 4.38511415268e-06, 4.00232420361e-06, 2.66669781013e-06, 2.22228754865e-06, 1.91667072613e-06, 2.01875764105e-06, 1.85708688605e-06, 1.81103382602e-06, 1.50249206854e-06, 1.4314331338e-06, 1.39467726967e-06, 1.31065269215e-06, 1.37673464451e-06, 1.31138801862e-06, 1.51055655806e-06, 1.18496927826e-06, 1.13650344247e-06, 1.05503477243e-06, 9.87619614534e-07, 8.70300766564e-07, 7.19179013231e-07, 6.47083481908e-07, 6.4874416239e-07, 5.69447877297e-07, 5.95597327901e-07, 6.43244447929e-07, 6.95722633282e-07, 8.90151397925e-07, 8.52509515425e-07, 7.13580163847e-07, 6.72476971886e-07, 7.17592229194e-07, 7.54565689931e-07, 6.76249101161e-07, 6.12968051428e-07, 4.68834770118e-07, 3.82525712439e-07, 3.54159169547e-07, 2.9741957519e-07, 2.60192564383e-07, 2.71352860182e-07, 2.32227023389e-07, 1.86754405718e-07, 1.80972548947e-07, 1.76523300865e-07, 1.75923915435e-07, 1.66315132333e-07, 1.44463442098e-07, 1.5558872235e-07, 1.42322960528e-07, 1.16049875487e-07, 1.07989741593e-07, 9.1779689626e-08, 8.33149869095e-08, 7.02633471406e-08, 4.73360088904e-08, 2.93567126164e-08, 2.10470716411e-08, 1.61219659844e-08, 1.36599345169e-08, 1.4568739104e-08, 1.08395221687e-08]
    },
    "mfcc": {
        "mean": [-652.174743652, 158.022964478, 10.8790235519, 13.4003582001, 8.25269508362, 0.354403167963, 7.93029880524, 11.0278205872, 0.742458283901, -0.565904378891, 0.00838950183243, 0.71781373024, -0.198220357299],
        "cov": [[2921.70581055, -800.057983398, 9.68877887726, 88.8419113159, -113.721183777, 153.581634521, 113.519737244, 23.5058937073, 113.393218994, 58.9009513855, 116.33555603, 44.4685592651, 6.59207201004], [-800.057983398, 1112.70751953, -400.682769775, -266.240753174, -1.37756502628, -44.8663024902, -2.22893738747, 61.7885742188, -41.1029434204, 27.658782959, 15.20728302, 19.0490570068, 5.29194402695], [9.68877887726, -400.682769775, 794.932617188, 320.18762207, 124.399269104, 166.953796387, 114.053260803, 17.2569293976, 149.722717285, 4.90971040726, -10.0765609741, 36.6407928467, 47.6318740845], [88.8419113159, -266.240753174, 320.18762207, 490.58807373, 126.902160645, 35.4323158264, 79.7407073975, -12.3977880478, 102.239173889, -31.7630462646, 5.36372327805, 34.2290992737, 17.9886951447], [-113.721183777, -1.37756502628, 124.399269104, 126.902160645, 190.247619629, 58.1834182739, 32.497959137, 20.2443180084, 35.2861557007, 4.02094936371, 7.13305854797, 12.4946804047, -4.02395439148], [153.581634521, -44.8663024902, 166.953796387, 35.4323158264, 58.1834182739, 192.317871094, 85.2755737305, 25.1178035736, 72.0577011108, 36.671421051, 18.6056175232, 18.1461906433, 14.7253503799], [113.519737244, -2.22893738747, 114.053260803, 79.7407073975, 32.497959137, 85.2755737305, 153.299636841, 49.6543273926, 61.3658981323, 19.1393508911, 15.6845912933, 22.9432792664, 18.542339325], [23.5058937073, 61.7885742188, 17.2569293976, -12.3977880478, 20.2443180084, 25.1178035736, 49.6543273926, 99.0421295166, 30.1655292511, 13.712228775, 11.6049909592, 7.96625947952, 10.1752300262], [113.393218994, -41.1029434204, 149.722717285, 102.239173889, 35.2861557007, 72.0577011108, 61.3658981323, 30.1655292511, 134.528182983, 31.966003418, 12.7184562683, 26.1096496582, 15.60476017], [58.9009513855, 27.658782959, 4.90971040726, -31.7630462646, 4.02094936371, 36.671421051, 19.1393508911, 13.712228775, 31.966003418, 79.3673858643, 26.0306301117, -1.99542963505, 2.51337361336], [116.33555603, 15.20728302, -10.0765609741, 5.36372327805, 7.13305854797, 18.6056175232, 15.6845912933, 11.6049909592, 12.7184562683, 26.0306301117, 63.074672699, 24.4475898743, 2.65957808495], [44.4685592651, 19.0490570068, 36.6407928467, 34.2290992737, 12.4946804047, 18.1461906433, 22.9432792664, 7.96625947952, 26.1096496582, -1.99542963505, 24.4475898743, 66.6955337524, 21.4723091125], [6.59207201004, 5.29194402695, 47.6318740845, 17.9886951447, -4.02395439148, 14.7253503799, 18.542339325, 10.1752300262, 15.60476017, 2.51337361336, 2.65957808495, 21.4723091125, 60.1433753967]],
        "icov": [[0.000603100983426, 0.000578920939006, 0.000434343528468, -2.1411731268e-06, 0.000405786413467, -0.000465132063255, -0.00025633117184, -0.000183344847756, -0.000412334164139, 5.96929203311e-05, -0.000873494544066, -0.000157806571224, -9.85619408311e-06], [0.000578920939006, 0.00187233253382, 0.00106678064913, 0.000619909726083, -0.000335626740707, -0.000159151022672, -0.000650302274153, -0.00058091559913, -0.000686846731696, -0.00010996965284, -0.000525715411641, -0.000824889808428, -0.000442636781372], [0.000434343528468, 0.00106678064913, 0.00291103962809, -0.000806197640486, -0.000282041990431, -0.00165036355611, -0.000306255940814, -0.000252092402661, -0.00136514182668, 8.70022849995e-05, 0.000572266464587, -0.000426986895036, -0.00120583339594], [-2.1411731268e-06, 0.000619909726083, -0.000806197640486, 0.00458035059273, -0.0025479120668, 0.00217448198237, -0.00211213855073, 0.00207186164334, -0.00283404067159, 0.0025660446845, -0.00139883370139, 0.000158988157636, -0.000554825062864], [0.000405786413467, -0.000335626740707, -0.000282041990431, -0.0025479120668, 0.00815493427217, -0.0028015228454, 0.00124572601635, -0.00212703947909, 0.00115786097012, -0.000706680351868, -0.000259737949818, -0.000733222521376, 0.0021802012343], [-0.000465132063255, -0.000159151022672, -0.00165036355611, 0.00217448198237, -0.0028015228454, 0.0101741096005, -0.0040105166845, 0.00177961972076, -0.00239741662517, -0.00132330227643, -0.000654580013361, 0.000350685237208, -0.00044034855091], [-0.00025633117184, -0.000650302274153, -0.000306255940814, -0.00211213855073, 0.00124572601635, -0.0040105166845, 0.0118374889717, -0.00468901591375, -0.000176726127393, -0.000770987768192, 0.00050083786482, -0.00105438800529, -0.000398995820433], [-0.000183344847756, -0.00058091559913, -0.000252092402661, 0.00207186164334, -0.00212703947909, 0.00177961972076, -0.00468901591375, 0.0141475209966, -0.00293373828754, 0.00103124137968, -0.00183757860214, 0.00158178445417, -0.00164011819288], [-0.000412334164139, -0.000686846731696, -0.00136514182668, -0.00283404067159, 0.00115786097012, -0.00239741662517, -0.000176726127393, -0.00293373828754, 0.0147302625701, -0.00596312852576, 0.00304693146609, -0.00383289111778, 0.000910674280021], [5.96929203311e-05, -0.00010996965284, 8.70022849995e-05, 0.0025660446845, -0.000706680351868, -0.00132330227643, -0.000770987768192, 0.00103124137968, -0.00596312852576, 0.0198437254876, -0.00906444247812, 0.00600041775033, -0.00151682423893], [-0.000873494544066, -0.000525715411641, 0.000572266464587, -0.00139883370139, -0.000259737949818, -0.000654580013361, 0.00050083786482, -0.00183757860214, 0.00304693146609, -0.00906444247812, 0.0251662116498, -0.0100770909339, 0.00247961957939], [-0.000157806571224, -0.000824889808428, -0.000426986895036, 0.000158988157636, -0.000733222521376, 0.000350685237208, -0.00105438800529, 0.00158178445417, -0.00383289111778, 0.00600041775033, -0.0100770909339, 0.0232711844146, -0.00681588100269], [-9.85619408311e-06, -0.000442636781372, -0.00120583339594, -0.000554825062864, 0.0021802012343, -0.00044034855091, -0.000398995820433, -0.00164011819288, 0.000910674280021, -0.00151682423893, 0.00247961957939, -0.00681588100269, 0.0205929204822]]
    },
    "spectral_contrast_coeffs": {
        "mean": [-0.66925907135, -0.71763253212, -0.72535687685, -0.785425662994, -0.788221538067, -0.814661502838]
    },
    "spectral_contrast_valleys": {
        "mean": [-6.33296108246, -6.65152215958, -7.23821020126, -7.86703968048, -8.03446578979, -10.3503828049]
    }
},
"rhythm": {
    "beats_count": 163,
    "beats_loudness": {
        "mean": 0.0614744387567
    },
    "bpm": 83.9799041748,
    "bpm_histogram_first_peak_bpm": 83,
    "bpm_histogram_first_peak_weight": 0.45061725378,
    "bpm_histogram_second_peak_bpm": 0,
    "bpm_histogram_second_peak_spread": 0,
    "bpm_histogram_second_peak_weight": 0,
    "danceability": 1.22174417973,
    "onset_rate": 4.62492418289,
    "beats_loudness_band_ratio": {
        "mean": [0.598866403103, 0.155290096998, 0.122139818966, 0.0864079594612, 0.0355671308935, 0.0365245342255]
    },
    "beats_position": [0.719818592072, 1.43963718414, 2.17106580734, 2.90249419212, 3.61070299149, 4.31891155243, 5.0387301445, 5.74693870544, 6.45514726639, 7.17496585846, 7.89478445053, 8.59138298035, 9.31120204926, 10.0310201645, 10.7508392334, 11.4590473175, 12.1672563553, 12.8754644394, 13.5952835083, 14.3034915924, 15.0233106613, 15.7431287766, 16.4629478455, 17.1711559296, 17.8793640137, 18.5991840363, 19.3190021515, 20.0272102356, 20.7354183197, 21.4552383423, 22.1750564575, 22.8832645416, 23.5914726257, 24.3112926483, 25.0311107635, 25.7393188477, 26.4475269318, 27.1673469543, 27.8871650696, 28.5953731537, 29.3151912689, 30.0234012604, 30.7432193756, 31.4630374908, 32.1828575134, 32.8910636902, 33.5992736816, 34.3190917969, 35.0389099121, 35.7471199036, 36.455329895, 37.1635360718, 37.883354187, 38.5915641785, 39.3113822937, 40.0312004089, 40.7510185242, 41.4592285156, 42.1674385071, 42.8872566223, 43.5954627991, 44.3036727905, 45.0234909058, 45.743309021, 46.4631271362, 47.1713371277, 47.8795471191, 48.5993652344, 49.3191833496, 50.0273895264, 50.7355995178, 51.4554176331, 52.1752357483, 52.8834457397, 53.5916557312, 54.3114738464, 55.0312919617, 55.7395019531, 56.4477081299, 57.1675262451, 57.8873443604, 58.5955543518, 59.3037643433, 60.0235824585, 60.7434005737, 61.4516105652, 62.1598167419, 62.8796348572, 63.5994529724, 64.3192749023, 65.0274810791, 65.7356872559, 66.4555053711, 67.1637191772, 67.871925354, 68.5917434692, 69.3115615845, 70.0313796997, 70.7395935059, 71.4477996826, 72.1676177979, 72.8874359131, 73.6072540283, 74.303855896, 75.0236740112, 75.731880188, 76.4400863647, 77.15990448, 77.8797302246, 78.5995483398, 79.3193664551, 80.0391845703, 80.7473907471, 81.4555969238, 82.1754150391, 82.8836288452, 83.6034469604, 84.3116531372, 85.019859314, 85.7396774292, 86.4595031738, 87.1677093506, 87.8875274658, 88.5957336426, 89.3155517578, 90.023765564, 90.7435836792, 91.451789856, 92.1716079712, 92.8798141479, 93.5996322632, 94.3194503784, 95.0276641846, 95.7358703613, 96.4556884766, 97.1755065918, 97.8837203979, 98.5919265747, 99.3117446899, 100.031562805, 100.75138092, 101.447982788, 102.167800903, 102.887619019, 103.595825195, 104.304031372, 105.012245178, 105.720451355, 106.44026947, 107.160087585, 107.879905701, 108.599723816, 109.307937622, 110.016143799, 110.724349976, 111.444168091, 112.152381897, 112.872200012, 113.592018127, 114.311836243, 115.031654358, 115.751472473, 116.471290588],
    "bpm_histogram": [0, 0, 0, 0, 0, 0, 0, 0, 0, 0, 0, 0, 0, 0, 0, 0, 0, 0, 0, 0, 0, 0, 0, 0, 0, 0, 0, 0, 0, 0, 0, 0, 0, 0, 0, 0, 0, 0, 0, 0, 0, 0, 0, 0, 0, 0, 0, 0, 0, 0, 0, 0, 0, 0, 0, 0, 0, 0, 0, 0, 0, 0, 0, 0, 0, 0, 0, 0, 0, 0, 0, 0, 0, 0, 0, 0, 0, 0, 0, 0, 0, 0, 0.0123456791043, 0.537037014961, 0, 0.432098776102, 0.0185185186565, 0, 0, 0, 0, 0, 0, 0, 0, 0, 0, 0, 0, 0, 0, 0, 0, 0, 0, 0, 0, 0, 0, 0, 0, 0, 0, 0, 0, 0, 0, 0, 0, 0, 0, 0, 0, 0, 0, 0, 0, 0, 0, 0, 0, 0, 0, 0, 0, 0, 0, 0, 0, 0, 0, 0, 0, 0, 0, 0, 0, 0, 0, 0, 0, 0, 0, 0, 0, 0, 0, 0, 0, 0, 0, 0, 0, 0, 0, 0, 0, 0, 0, 0, 0, 0, 0, 0, 0, 0, 0, 0, 0, 0, 0, 0, 0, 0, 0, 0, 0, 0, 0, 0, 0, 0, 0, 0, 0, 0, 0, 0, 0, 0, 0, 0, 0, 0, 0, 0, 0, 0, 0, 0, 0, 0, 0, 0, 0, 0, 0, 0, 0, 0, 0, 0, 0, 0, 0, 0, 0, 0, 0, 0, 0, 0, 0, 0, 0, 0, 0, 0, 0, 0, 0, 0, 0, 0, 0, 0, 0, 0, 0, 0]
},
"tonal": {
    "chords_changes_rate": 0.0320792086422,
    "chords_number_rate": 0.00237623765133,
    "chords_strength": {
        "mean": 0.578526496887
    },
    "hpcp_crest": {
        "mean": 16.025680542
    },
    "hpcp_entropy": {
        "mean": 1.73383235931
    },
    "key_edma": {
        "strength": 0.548720419407,
        "key": "Ab",
        "scale": "minor"
    },
    "key_krumhansl": {
        "strength": 0.562236785889,
        "key": "Ab",
        "scale": "minor"
    },
    "key_temperley": {
        "strength": 0.561289846897,
        "key": "Ab",
        "scale": "minor"
    },
    "tuning_diatonic_strength": 0.517720937729,
    "tuning_equal_tempered_deviation": 0.212299078703,
    "tuning_frequency": 434.193115234,
    "tuning_nontempered_energy_ratio": 0.973641097546,
    "hpcp": {
        "mean": [0.0538636781275, 0.0420380756259, 0.0612963214517, 0.13307517767, 0.162517517805, 0.112414635718, 0.171511933208, 0.179001122713, 0.0738773420453, 0.0465118102729, 0.0443555898964, 0.0594896376133, 0.1258469522, 0.133150905371, 0.0686485916376, 0.0466714166105, 0.0467763952911, 0.0634930804372, 0.148523718119, 0.165722295642, 0.0791352242231, 0.0361889787018, 0.0312207266688, 0.0415544994175, 0.0602368228137, 0.057187564671, 0.0589472688735, 0.13607545197, 0.182314768434, 0.110604017973, 0.0499538034201, 0.0467978827655, 0.0815454795957, 0.329251199961, 0.428138196468, 0.189481765032]
    },
    "chords_histogram": [62.53465271, 4.35643577576, 0.475247532129, 22.8514842987, 1.42574262619, 4.79207897186, 0, 2.93069314957, 0, 0, 0, 0.316831678152, 0, 0, 0, 0, 0, 0, 0.277227729559, 0, 0.039603959769, 0, 0, 0],
    "thpcp": [1, 0.442571491003, 0.125809088349, 0.0981881022453, 0.143169477582, 0.310822963715, 0.37959125638, 0.262566238642, 0.400599479675, 0.418091922998, 0.172554895282, 0.10863737762, 0.103601105511, 0.138949617743, 0.293940037489, 0.310999840498, 0.160342127085, 0.10901016742, 0.109255366027, 0.148300439119, 0.346906006336, 0.38707664609, 0.184835702181, 0.0845263972878, 0.0729220807552, 0.097058609128, 0.14069481194, 0.133572682738, 0.137682810426, 0.317830681801, 0.425831586123, 0.258337199688, 0.116676822305, 0.109305553138, 0.190465316176, 0.769030213356],
    "chords_key": "Ab",
    "chords_scale": "minor"
}
}