{
"metadata": {
    "version": {
        "essentia": "2.1-beta6-dev",
        "essentia_git_sha": "v2.1_beta5-1177-g1d1cc983",
        "extractor": "music 2.0"
    },
    "audio_properties": {
        "analysis": {
            "equal_loudness": 0,
            "length": 262.373321533,
            "sample_rate": 44100,
            "start_time": 0,
            "downmix": "mix"
        },
        "bit_rate": 1411200,
        "length": 262.373321533,
        "lossless": 1,
        "number_channels": 2,
        "replay_gain": -10.4236106873,
        "sample_rate": 44100,
        "codec": "pcm_s16le",
        "md5_encoded": "b91e96751e0a7f1984c85a1715cb4f11"
    },
    "tags": {
        "file_name": "05 - Manchester Orchestra - The Ocean.wav",
        "album": ["HOPE"],
        "albumartist": ["Manchester Orchestra"],
        "artist": ["Manchester Orchestra"],
        "composer": ["Andy Hull"],
        "copyright": ["℗ 2014 Seven Four Entertainment LLC. Manufactured and Distributed by Concord Music Group, Inc."],
        "date": ["2014"],
        "discnumber": ["1"],
        "disctotal": ["1"],
        "genre": ["Rock"],
        "isrc": ["USC4R1400109"],
        "title": ["The Ocean"],
        "tracknumber": ["5"],
        "tracktotal": ["11"]
    }
},
"lowlevel": {
    "average_loudness": 0.408195346594,
    "barkbands_crest": {
        "mean": 10.6131286621
    },
    "barkbands_flatness_db": {
        "mean": 0.230477333069
    },
    "barkbands_kurtosis": {
        "mean": 18.809841156
    },
    "barkbands_skewness": {
        "mean": 1.20032906532
    },
    "barkbands_spread": {
        "mean": 8.60544776917
    },
    "dissonance": {
        "mean": 0.424493461847
    },
    "dynamic_complexity": 6.12276601791,
    "erbbands_crest": {
        "mean": 10.8362607956
    },
    "erbbands_flatness_db": {
        "mean": 0.254849553108
    },
    "erbbands_kurtosis": {
        "mean": 1.09287774563
    },
    "erbbands_skewness": {
        "mean": 0.638948976994
    },
    "erbbands_spread": {
        "mean": 20.21525383
    },
    "hfc": {
        "mean": 12.4927120209
    },
    "loudness_ebu128": {
        "integrated": -13.7618112564,
        "loudness_range": 12.069226265,
        "momentary": {
            "mean": -17.529586792
        },
        "short_term": {
            "mean": -16.699760437
        }
    },
    "melbands_crest": {
        "mean": 12.5021362305
    },
    "melbands_flatness_db": {
        "mean": 0.314085423946
    },
    "melbands_kurtosis": {
        "mean": 7.25996732712
    },
    "melbands_skewness": {
        "mean": 1.79593884945
    },
    "melbands_spread": {
        "mean": 12.4660024643
    },
    "pitch_salience": {
        "mean": 0.605072796345
    },
    "silence_rate_20dB": {
        "mean": 1
    },
    "silence_rate_30dB": {
        "mean": 1
    },
    "silence_rate_60dB": {
        "mean": 0.189894706011
    },
    "spectral_centroid": {
        "mean": 665.088684082
    },
    "spectral_complexity": {
        "mean": 12.4593400955
    },
    "spectral_decrease": {
        "mean": -4.88006435262e-09
    },
    "spectral_energy": {
        "mean": 0.0195515267551
    },
    "spectral_energyband_high": {
        "mean": 5.40692235518e-05
    },
    "spectral_energyband_low": {
        "mean": 0.00136760540772
    },
    "spectral_energyband_middle_high": {
        "mean": 0.00526650389656
    },
    "spectral_energyband_middle_low": {
        "mean": 0.0133216464892
    },
    "spectral_entropy": {
        "mean": 6.55869913101
    },
    "spectral_flux": {
        "mean": 0.046513222158
    },
    "spectral_kurtosis": {
        "mean": 26.9038162231
    },
    "spectral_rms": {
        "mean": 0.00381715595722
    },
    "spectral_rolloff": {
        "mean": 1018.97839355
    },
    "spectral_skewness": {
        "mean": 3.44505834579
    },
    "spectral_spread": {
        "mean": 2437386.25
    },
    "spectral_strongpeak": {
        "mean": 1.30427670479
    },
    "zerocrossingrate": {
        "mean": 0.0391348712146
    },
    "barkbands": {
        "mean": [9.05423576114e-07, 0.000196550943656, 0.00080250290921, 0.000981706543826, 0.00354336760938, 0.00274425279349, 0.00212898058817, 0.00260865525343, 0.00112865469418, 0.000634371128399, 0.00215742946602, 0.000705942162313, 0.000803538248874, 0.000328477355652, 0.000257587409578, 0.000113639922347, 0.000211883932934, 9.25982094486e-05, 4.40047697339e-05, 1.91808776435e-05, 9.64388073044e-06, 6.42153736408e-06, 5.72797898712e-06, 1.18810685308e-05, 9.47337230173e-06, 3.76134698854e-06, 4.64326689098e-07]
    },
    "erbbands": {
        "mean": [0.00113176007289, 0.0744145661592, 0.818530738354, 2.08728384972, 6.98605537415, 12.9691934586, 20.2444381714, 20.8353977203, 26.857717514, 45.0593414307, 53.3490524292, 28.5411376953, 16.6740589142, 40.1272850037, 84.7922439575, 35.114616394, 36.9508743286, 26.0765304565, 15.2213172913, 8.00684356689, 7.46848678589, 11.2876596451, 6.23533582687, 3.19315290451, 1.70485520363, 0.877083003521, 0.405417889357, 0.386453598738, 0.26605412364, 0.144276171923, 0.176187410951, 0.187213480473, 0.230191424489, 0.138627663255, 0.0486132204533, 0.0191056188196, 0.00612285127863, 0.00122342654504, 7.5515214121e-05, 2.49806143984e-05]
    },
    "gfcc": {
        "mean": [-121.698043823, 166.386367798, -123.066207886, -19.0552883148, -42.7842254639, -16.7102012634, -44.5679016113, -9.12336063385, -28.0577640533, -12.3901185989, -13.7531509399, -7.15784835815, -15.3341960907],
        "cov": [[23023.28125, -1815.76635742, -3107.92382812, 1177.19458008, -1949.2911377, 385.063171387, -789.227600098, 823.818908691, -890.283691406, 450.245941162, -459.438446045, 362.557098389, -571.908508301], [-1815.76635742, 2601.29077148, -203.266281128, -144.224807739, 725.455383301, -466.002258301, 257.903778076, -267.984924316, 87.9913406372, -193.163543701, 138.278121948, -141.635879517, 124.947944641], [-3107.92382812, -203.266281128, 1001.01678467, -126.96938324, 107.048713684, 130.944320679, 4.50131654739, 4.45153141022, 100.439857483, 45.0237846375, 32.1237373352, 6.48454380035, 61.3437271118], [1177.19458008, -144.224807739, -126.96938324, 486.169067383, -111.294273376, -48.9481239319, -25.6404342651, 17.1774291992, 3.02703309059, 34.4893875122, -18.7404556274, -20.1070156097, 43.8549461365], [-1949.2911377, 725.455383301, 107.048713684, -111.294273376, 474.588043213, -97.7564926147, 111.688552856, -110.516738892, 62.4361228943, -87.7531204224, 70.3376312256, -35.2883071899, 55.5541801453], [385.063171387, -466.002258301, 130.944320679, -48.9481239319, -97.7564926147, 252.405471802, -25.8301525116, 73.9445571899, -18.0919876099, 44.4343261719, -15.74995327, 48.7124519348, -40.2910423279], [-789.227600098, 257.903778076, 4.50131654739, -25.6404342651, 111.688552856, -25.8301525116, 179.799255371, -46.4326591492, 50.8988037109, -32.9859275818, 39.108707428, -28.0920219421, 19.6297740936], [823.818908691, -267.984924316, 4.45153141022, 17.1774291992, -110.516738892, 73.9445571899, -46.4326591492, 165.072265625, -15.2332782745, 45.5668449402, -22.3092021942, 39.197479248, -35.5100975037], [-890.283691406, 87.9913406372, 100.439857483, 3.02703309059, 62.4361228943, -18.0919876099, 50.8988037109, -15.2332782745, 131.070632935, -6.15092229843, 24.9134273529, -19.4675273895, 24.4680080414], [450.245941162, -193.163543701, 45.0237846375, 34.4893875122, -87.7531204224, 44.4343261719, -32.9859275818, 45.5668449402, -6.15092229843, 103.522918701, -7.72991228104, 9.75539016724, -17.0745754242], [-459.438446045, 138.278121948, 32.1237373352, -18.7404556274, 70.3376312256, -15.74995327, 39.108707428, -22.3092021942, 24.9134273529, -7.72991228104, 84.5040054321, 1.0279545784, 12.6220502853], [362.557098389, -141.635879517, 6.48454380035, -20.1070156097, -35.2883071899, 48.7124519348, -28.0920219421, 39.197479248, -19.4675273895, 9.75539016724, 1.0279545784, 81.6287612915, -14.1433210373], [-571.908508301, 124.947944641, 61.3437271118, 43.8549461365, 55.5541801453, -40.2910423279, 19.6297740936, -35.5100975037, 24.4680080414, -17.0745754242, 12.6220502853, -14.1433210373, 77.5653076172]],
        "icov": [[0.000569329829887, -0.000640994461719, 0.00132344570011, -0.00105669524055, 0.00133803917561, -0.00125347590074, 0.000888043956365, -0.000997244613245, 0.00140561850276, -0.00100883562118, 0.000669018598273, -0.00118822709192, 0.00149940571282], [-0.000640994461719, 0.00177795032505, -0.00127777957823, 0.00143153138924, -0.00263414275832, 0.00264758407138, -0.00146382127423, 0.00113776454236, -0.00136025820393, 0.00117572955787, -0.00113728956785, 0.0018146027578, -0.00203198939562], [0.00132344570011, -0.00127777957823, 0.00457102572545, -0.00196655537002, 0.00253949407488, -0.00363306538202, 0.00241056038067, -0.00232859211974, 0.00235509476624, -0.0031930913683, 0.00136490201112, -0.0024895737879, 0.00180924392771], [-0.00105669524055, 0.00143153138924, -0.00196655537002, 0.00470248563215, -0.00209527672268, 0.00293242558837, -0.00159407476895, 0.00149230973329, -0.00286444579251, 0.00095855811378, -0.00119250174612, 0.00287734973244, -0.00525692151859], [0.00133803917561, -0.00263414275832, 0.00253949407488, -0.00209527672268, 0.00796373654157, -0.00348998256959, 0.001622982556, -0.0015566755319, 0.00273161940277, -0.000706126855221, 0.000436872738646, -0.00315288151614, 0.00298202876002], [-0.00125347590074, 0.00264758407138, -0.00363306538202, 0.00293242558837, -0.00348998256959, 0.0102477977052, -0.0033103954047, 0.00110048055649, -0.00229959771968, 0.00149575981777, -0.00142332946416, 0.000879846338648, -0.00168072443921], [0.000888043956365, -0.00146382127423, 0.00241056038067, -0.00159407476895, 0.001622982556, -0.0033103954047, 0.00938581302762, -0.000929349451326, -7.71377599449e-05, -0.000600273138843, -0.000963720551226, -0.000265008100541, 0.00221858592704], [-0.000997244613245, 0.00113776454236, -0.00232859211974, 0.00149230973329, -0.0015566755319, 0.00110048055649, -0.000929349451326, 0.0107473069802, -0.00326093798503, -5.96587342443e-05, -0.000273371755611, -0.000692786416039, -0.000412198074628], [0.00140561850276, -0.00136025820393, 0.00235509476624, -0.00286444579251, 0.00273161940277, -0.00229959771968, -7.71377599449e-05, -0.00326093798503, 0.0135328015313, -0.00263413670473, 0.000216628381168, -0.00142314296681, 0.00254429015331], [-0.00100883562118, 0.00117572955787, -0.0031930913683, 0.00095855811378, -0.000706126855221, 0.00149575981777, -0.000600273138843, -5.96587342443e-05, -0.00263413670473, 0.0151314008981, -0.00261266157031, 0.0030941714067, -0.000790507823694], [0.000669018598273, -0.00113728956785, 0.00136490201112, -0.00119250174612, 0.000436872738646, -0.00142332946416, -0.000963720551226, -0.000273371755611, 0.000216628381168, -0.00261266157031, 0.0158222839236, -0.00409116363153, 0.00146196957212], [-0.00118822709192, 0.0018146027578, -0.0024895737879, 0.00287734973244, -0.00315288151614, 0.000879846338648, -0.000265008100541, -0.000692786416039, -0.00142314296681, 0.0030941714067, -0.00409116363153, 0.0186409838498, -0.00368218868971], [0.00149940571282, -0.00203198939562, 0.00180924392771, -0.00525692151859, 0.00298202876002, -0.00168072443921, 0.00221858592704, -0.000412198074628, 0.00254429015331, -0.000790507823694, 0.00146196957212, -0.00368218868971, 0.0231175441295]]
    },
    "melbands": {
        "mean": [2.87428883894e-05, 0.000310367264319, 0.000509566860273, 0.000713199959137, 0.000682557350956, 0.000489650235977, 0.00042392485193, 0.000501104397699, 0.000413415400544, 0.000162523734616, 7.62002018746e-05, 0.000144936420838, 0.000255216349615, 0.000137874492793, 6.00059429416e-05, 9.96961898636e-05, 4.03836384066e-05, 2.26582433243e-05, 1.74238830368e-05, 8.87767964741e-06, 8.19774868432e-06, 1.38691520988e-05, 6.19598631602e-06, 4.3190643737e-06, 2.41677298618e-06, 1.38801067351e-06, 9.03890281734e-07, 4.944275247e-07, 2.48017016702e-07, 2.40691434783e-07, 2.14173454083e-07, 1.5838561751e-07, 1.04012706004e-07, 7.49253459276e-08, 1.04154217695e-07, 9.9066134851e-08, 1.186584484e-07, 1.63577169587e-07, 1.50149986666e-07, 1.09185364749e-07]
    },
    "melbands128": {
        "mean": [2.87914701858e-07, 3.75785077722e-07, 1.1096709386e-05, 0.000135127207614, 0.0003933160624, 0.000367123808246, 0.000355116877472, 0.000561725290027, 0.000738442293368, 0.000693479552865, 0.000757031841204, 0.000650341855362, 0.000795186671894, 0.000539728149306, 0.000446785183158, 0.000472206156701, 0.000483196461573, 0.000311605283059, 0.000535828527063, 0.000506994547322, 0.000509541889187, 0.000362831400707, 0.000574345816858, 0.000226114672842, 0.000135578491609, 0.000190580365597, 4.5866057917e-05, 8.3872306277e-05, 6.1858430854e-05, 0.000105756058474, 0.000217833701754, 0.000154733061208, 0.000159643153893, 0.000539629894774, 6.48441928206e-05, 8.35037790239e-05, 8.98337020772e-05, 6.6798478656e-05, 2.41209017986e-05, 9.02916872292e-05, 0.00015696058108, 3.4884793422e-05, 4.44405413873e-05, 4.1132701881e-05, 1.5480143702e-05, 2.59942316916e-05, 2.15375803236e-05, 2.66681181529e-05, 9.19158082979e-06, 2.58155773736e-06, 1.34706788231e-05, 1.03767515611e-05, 4.35250876762e-06, 9.20439651964e-06, 1.25367259898e-05, 2.03508225241e-05, 7.25050995243e-06, 6.45970339974e-06, 5.04318904859e-06, 7.67620349507e-06, 3.85373141398e-06, 1.94317158275e-06, 4.14741680288e-06, 1.76265439222e-06, 1.32353079607e-06, 1.58232614922e-06, 1.28730528104e-06, 9.631961575e-07, 8.57299255586e-07, 7.91651643794e-07, 4.09628910347e-07, 4.78300421491e-07, 2.65146553602e-07, 2.02500956448e-07, 1.91609757394e-07, 2.68914817525e-07, 2.50320624673e-07, 2.33078168321e-07, 2.29394117923e-07, 1.68137688661e-07, 1.63581560741e-07, 1.42470312881e-07, 1.56808411589e-07, 1.07618284062e-07, 5.75883660758e-08, 5.10894899719e-08, 9.12023239152e-08, 1.01219121973e-07, 1.12766365135e-07, 9.85159473998e-08, 9.19119216292e-08, 9.94444491198e-08, 1.09935683668e-07, 1.09035049434e-07, 1.28692079215e-07, 1.55606912244e-07, 1.72169606572e-07, 1.75705295646e-07, 1.59409253797e-07, 1.36876622037e-07, 1.08691715184e-07, 1.08275315824e-07, 1.05423360708e-07, 7.90948249119e-08, 4.43881589263e-08, 3.03295060178e-08, 3.32131868674e-08, 3.38748513684e-08, 3.39545280781e-08, 3.35776171312e-08, 2.71981850375e-08, 2.24602345611e-08, 1.69978839892e-08, 1.4948099647e-08, 1.43248284346e-08, 1.24527179679e-08, 8.42752978514e-09, 5.72422775846e-09, 2.69817213017e-09, 1.20309073814e-09, 7.27677362811e-10, 6.28273544301e-10, 5.45102685212e-10, 3.6604999587e-10, 2.8531269014e-10, 2.35068492449e-10, 1.73038153251e-10, 1.19600440662e-10]
    },
    "mfcc": {
        "mean": [-763.077514648, 208.980911255, -20.9683265686, 3.35009551048, 5.19438505173, -11.1480493546, -8.9825925827, -6.10729885101, -14.3830118179, -11.4987745285, -5.66032123566, -5.31981277466, -6.08970975876],
        "cov": [[15580.0703125, -1336.50500488, -1410.23706055, -99.1322250366, -900.541748047, -333.125366211, -273.094726562, 4.41986179352, -154.845016479, -32.7356758118, 48.9092903137, 84.8396224976, 19.5413551331], [-1336.50500488, 2257.30981445, -259.458129883, 5.28607749939, 284.002227783, 0.845016956329, 70.3008270264, 43.9986572266, -55.9705162048, -32.53565979, -3.45347595215, -40.0944252014, 12.5296173096], [-1410.23706055, -259.458129883, 675.608032227, -20.4341697693, 84.9035186768, 50.6003036499, 21.0674514771, -24.2160873413, 56.7597961426, 21.3594303131, -0.554241538048, 36.7265167236, 27.4280815125], [-99.1322250366, 5.28607749939, -20.4341697693, 370.88861084, 16.4992790222, 1.17126262188, -9.71675205231, -41.9463043213, 41.8709182739, 16.7464733124, -28.2379264832, 14.4064750671, 2.94283485413], [-900.541748047, 284.002227783, 84.9035186768, 16.4992790222, 261.450897217, 32.4454956055, 20.2320652008, 22.6970596313, -2.54858326912, -12.6364545822, 2.60829138756, -6.37549591064, -16.8164978027], [-333.125366211, 0.845016956329, 50.6003036499, 1.17126262188, 32.4454956055, 144.638412476, 33.6021995544, 9.7902803421, 11.4093198776, 8.38453102112, 3.17097830772, 8.50420475006, -2.31850147247], [-273.094726562, 70.3008270264, 21.0674514771, -9.71675205231, 20.2320652008, 33.6021995544, 109.374092102, 15.7347745895, -4.08394145966, 7.97560548782, 0.0983344018459, 2.86261630058, 7.09362411499], [4.41986179352, 43.9986572266, -24.2160873413, -41.9463043213, 22.6970596313, 9.7902803421, 15.7347745895, 132.153747559, 0.196867376566, 1.53224718571, 25.4247531891, 1.35746705532, 9.41151237488], [-154.845016479, -55.9705162048, 56.7597961426, 41.8709182739, -2.54858326912, 11.4093198776, -4.08394145966, 0.196867376566, 85.2124633789, 26.63630867, -5.02264881134, 8.24688625336, 3.17386341095], [-32.7356758118, -32.53565979, 21.3594303131, 16.7464733124, -12.6364545822, 8.38453102112, 7.97560548782, 1.53224718571, 26.63630867, 85.0515670776, 17.3112602234, 2.41762208939, 14.7588357925], [48.9092903137, -3.45347595215, -0.554241538048, -28.2379264832, 2.60829138756, 3.17097830772, 0.0983344018459, 25.4247531891, -5.02264881134, 17.3112602234, 77.705406189, 18.0606155396, 11.0054883957], [84.8396224976, -40.0944252014, 36.7265167236, 14.4064750671, -6.37549591064, 8.50420475006, 2.86261630058, 1.35746705532, 8.24688625336, 2.41762208939, 18.0606155396, 61.71824646, 25.0526103973], [19.5413551331, 12.5296173096, 27.4280815125, 2.94283485413, -16.8164978027, -2.31850147247, 7.09362411499, 9.41151237488, 3.17386341095, 14.7588357925, 11.0054883957, 25.0526103973, 68.3290481567]],
        "icov": [[0.000107817075332, 5.50477707293e-05, 0.000212281593122, 2.98803915939e-05, 0.000214431158383, 0.000103311343992, 0.000141090567922, -3.67095999536e-05, 0.000108343869215, -2.01829770958e-05, 1.93216728803e-05, -0.000268565840088, 1.39438288898e-05], [5.50477707293e-05, 0.000626597320661, 0.000437952490756, 3.92902584281e-05, -0.000662876700517, 0.000136627801112, -0.000243361530011, 4.35129841208e-05, 0.000126415106934, 9.55445939326e-05, 3.68050859834e-05, 0.000173871769221, -0.000543555128388], [0.000212281593122, 0.000437952490756, 0.00241183442995, 0.000471089791972, -0.00069954933133, -0.000103746577224, -3.68253458873e-05, 0.000598501472268, -0.000975303119048, -0.00010684094741, 0.00027494475944, -0.00119356939103, -0.000922032573726], [2.98803915939e-05, 3.92902584281e-05, 0.000471089791972, 0.00319035327993, -0.000493594096042, 6.46921180305e-05, 0.000205366843147, 0.000946814252529, -0.00145182863344, -0.000556656392291, 0.00118126452435, -0.00118744454812, -0.000180487695616], [0.000214431158383, -0.000662876700517, -0.00069954933133, -0.000493594096042, 0.00585213676095, -0.000560207117815, 0.000165207951795, -0.00110823055729, 0.000664606573991, 0.000589488015976, -0.000462234776933, -0.000255042861681, 0.00192881468683], [0.000103311343992, 0.000136627801112, -0.000103746577224, 6.46921180305e-05, -0.000560207117815, 0.00800565816462, -0.00212638219818, -0.000347594526829, -0.000618244870566, -0.000511612743139, 2.20041602006e-05, -0.00138296408113, 0.00102939724457], [0.000141090567922, -0.000243361530011, -3.68253458873e-05, 0.000205366843147, 0.000165207951795, -0.00212638219818, 0.010674405843, -0.00114436110016, 0.00139848468825, -0.0013365582563, 0.00106480543036, -0.000717552320566, -0.000656510528643], [-3.67095999536e-05, 4.35129841208e-05, 0.000598501472268, 0.000946814252529, -0.00110823055729, -0.000347594526829, -0.00114436110016, 0.00894469022751, -0.00138175988104, 0.000733711465728, -0.00273157563061, 0.000924232066609, -0.00166946684476], [0.000108343869215, 0.000126415106934, -0.000975303119048, -0.00145182863344, 0.000664606573991, -0.000618244870566, 0.00139848468825, -0.00138175988104, 0.0153114255518, -0.00473480578512, 0.0021949831862, -0.00205881637521, 0.00130039651413], [-2.01829770958e-05, 9.55445939326e-05, -0.00010684094741, -0.000556656392291, 0.000589488015976, -0.000511612743139, -0.0013365582563, 0.000733711465728, -0.00473480578512, 0.0150114130229, -0.00433279108256, 0.00308658508584, -0.00323577411473], [1.93216728803e-05, 3.68050859834e-05, 0.00027494475944, 0.00118126452435, -0.000462234776933, 2.20041602006e-05, 0.00106480543036, -0.00273157563061, 0.0021949831862, -0.00433279108256, 0.0165632683784, -0.00552146276459, 0.000169724895386], [-0.000268565840088, 0.000173871769221, -0.00119356939103, -0.00118744454812, -0.000255042861681, -0.00138296408113, -0.000717552320566, 0.000924232066609, -0.00205881637521, 0.00308658508584, -0.00552146276459, 0.0227012317628, -0.00759239401668], [1.39438288898e-05, -0.000543555128388, -0.000922032573726, -0.000180487695616, 0.00192881468683, 0.00102939724457, -0.000656510528643, -0.00166946684476, 0.00130039651413, -0.00323577411473, 0.000169724895386, -0.00759239401668, 0.0193112734705]]
    },
    "spectral_contrast_coeffs": {
        "mean": [-0.654142022133, -0.71183013916, -0.743735671043, -0.767513632774, -0.746686398983, -0.810022234917]
    },
    "spectral_contrast_valleys": {
        "mean": [-7.21926927567, -7.01190853119, -7.87900972366, -8.63261318207, -9.73247909546, -12.6726322174]
    }
},
"rhythm": {
    "beats_count": 456,
    "beats_loudness": {
        "mean": 0.0230616107583
    },
    "bpm": 102.978599548,
    "bpm_histogram_first_peak_bpm": 103,
    "bpm_histogram_first_peak_weight": 0.378238320351,
    "bpm_histogram_second_peak_bpm": 126,
    "bpm_histogram_second_peak_spread": 0.5,
    "bpm_histogram_second_peak_weight": 0.0219780225307,
    "danceability": 0.885744512081,
    "onset_rate": 1.77982401848,
    "beats_loudness_band_ratio": {
        "mean": [0.201673969626, 0.417837530375, 0.286156743765, 0.142315611243, 0.0303484126925, 0.0121852960438]
    },
    "beats_position": [0.615328788757, 1.23065757751, 1.8575963974, 2.46131515503, 3.05342388153, 3.64553284645, 4.23764181137, 4.80653047562, 5.38702917099, 5.9675283432, 6.54802703857, 7.12852573395, 7.70902490616, 8.28952407837, 8.88163280487, 9.47374153137, 10.0542402267, 10.6463489532, 11.2268476486, 11.807346344, 12.387845993, 12.9567346573, 13.5372333527, 14.117732048, 14.6982307434, 15.2787294388, 15.8592290878, 16.4397277832, 17.0202255249, 17.600725174, 18.1928348541, 18.7617225647, 19.3538322449, 19.9459400177, 20.5264396667, 21.1185474396, 21.7106571198, 22.2911567688, 22.8716545105, 23.4637641907, 24.0558719635, 24.6363716125, 25.2052612305, 25.7857589722, 26.3546485901, 26.9235363007, 27.5040359497, 28.0961437225, 28.6766433716, 29.2571430206, 29.8376407623, 30.4181404114, 30.9986381531, 31.5791378021, 32.1596374512, 32.7517471313, 33.3438529968, 33.9243545532, 34.5048522949, 35.0969619751, 35.6774597168, 36.2579574585, 36.8500671387, 37.4305648804, 38.0110664368, 38.5915641785, 39.1720619202, 39.7525634766, 40.3330612183, 40.91355896, 41.4940567017, 42.0745582581, 42.6550559998, 43.2355537415, 43.8160552979, 44.4081611633, 45.0002708435, 45.5923805237, 46.1728782654, 46.7417678833, 47.322265625, 47.9027671814, 48.4832649231, 49.0637626648, 49.6442604065, 50.2247619629, 50.8052597046, 51.3857574463, 51.9662590027, 52.5583648682, 53.1504745483, 53.73097229, 54.3114738464, 54.8919715881, 55.4608612061, 56.029750824, 56.6102485657, 57.2023582458, 57.794467926, 58.39818573, 59.0019035339, 59.5824012756, 60.1512908936, 60.7317886353, 61.3122901917, 61.9043960571, 62.4965057373, 63.0770072937, 63.6575050354, 64.2380065918, 64.806892395, 65.3873901367, 65.9678878784, 66.5483856201, 67.1288909912, 67.720993042, 68.3014984131, 68.8819961548, 69.474105835, 70.0546035767, 70.6351013184, 71.2155990601, 71.7960968018, 72.3765945435, 72.9454879761, 73.5143737793, 74.094871521, 74.6869812012, 75.2790908813, 75.859588623, 76.4400863647, 77.0205917358, 77.6010894775, 78.1931991577, 78.7736968994, 79.3658065796, 79.9463043213, 80.5384140015, 81.1189117432, 81.6877975464, 82.2682952881, 82.8487930298, 83.4292984009, 84.0097961426, 84.5670700073, 85.1824035645, 85.7977294922, 86.3666229248, 86.9471206665, 87.5160064697, 88.1081161499, 88.6886138916, 89.2807235718, 89.872833252, 90.4533309937, 91.0222167969, 91.602722168, 92.1832199097, 92.7637176514, 93.3558273315, 93.9363250732, 94.5284347534, 95.1089324951, 95.6894302368, 96.2699279785, 96.8504257202, 97.4309310913, 98.011428833, 98.5919265747, 99.1608123779, 99.7413101196, 100.3334198, 100.913917542, 101.494422913, 102.074920654, 102.655418396, 103.235916138, 103.816413879, 104.396911621, 104.977409363, 105.569519043, 106.150024414, 106.730522156, 107.311019897, 107.903129578, 108.495239258, 109.075737, 109.656234741, 110.236732483, 110.817230225, 111.409339905, 111.989837646, 112.570335388, 113.15083313, 113.719726562, 114.300224304, 114.892333984, 115.472831726, 116.053329468, 116.633827209, 117.214332581, 117.794830322, 118.375328064, 118.967437744, 119.559547424, 120.151649475, 120.732154846, 121.312652588, 121.904762268, 122.48526001, 123.07736969, 123.646255493, 124.226753235, 124.807250977, 125.387756348, 125.968254089, 126.548751831, 127.117637634, 127.686531067, 128.267028809, 128.847518921, 129.43963623, 130.04335022, 130.635467529, 131.239181519, 131.831283569, 132.400177002, 132.980682373, 133.561172485, 134.141677856, 134.710571289, 135.279449463, 135.859954834, 136.440444946, 137.032562256, 137.624664307, 138.205169678, 138.78565979, 139.366165161, 139.96987915, 140.550384521, 141.130874634, 141.711380005, 142.291885376, 142.872375488, 143.464492798, 144.04498291, 144.567428589, 145.078277588, 145.589111328, 146.088348389, 146.58757019, 147.086807251, 147.586029053, 148.096862793, 148.665756226, 149.246261597, 149.826751709, 150.418869019, 151.010971069, 151.59147644, 152.183578491, 152.775695801, 153.356185913, 153.936691284, 154.517181396, 155.086074829, 155.6665802, 156.247070312, 156.827575684, 157.408065796, 157.988571167, 158.569061279, 159.14956665, 159.730072021, 160.310562134, 160.891067505, 161.483169556, 162.075286865, 162.655776978, 163.236282349, 163.816772461, 164.397277832, 164.977767944, 165.558273315, 166.138778687, 166.730880737, 167.322982788, 167.903488159, 168.48399353, 169.076095581, 169.668212891, 170.248703003, 170.829208374, 171.409698486, 171.990203857, 172.57069397, 173.151199341, 173.731704712, 174.300582886, 174.869476318, 175.449981689, 176.030471802, 176.610977173, 177.203079224, 177.795196533, 178.387298584, 178.979400635, 179.559906006, 180.152008057, 180.732513428, 181.30140686, 181.870285034, 182.439178467, 183.019683838, 183.611785889, 184.203903198, 184.784393311, 185.37651062, 185.968612671, 186.560714722, 187.152832031, 187.733337402, 188.313827515, 188.894332886, 189.474822998, 190.055328369, 190.635818481, 191.216323853, 191.796829224, 192.377319336, 192.946212769, 193.515090942, 194.095596313, 194.687713623, 195.279815674, 195.860321045, 196.440811157, 197.032928467, 197.625030518, 198.205535889, 198.786026001, 199.366531372, 199.947021484, 200.539138794, 201.119628906, 201.700134277, 202.26902771, 202.849517822, 203.430023193, 204.010513306, 204.591018677, 205.183120728, 205.775238037, 206.355728149, 206.936233521, 207.516723633, 208.097229004, 208.677734375, 209.258224487, 209.82711792, 210.396011353, 210.976501465, 211.498947144, 212.009796143, 212.520629883, 213.043075562, 213.565536499, 214.087982178, 214.610427856, 215.132873535, 215.678543091, 216.224212646, 216.769882202, 217.373596191, 217.977325439, 218.56942749, 219.149932861, 219.742034912, 220.334152222, 220.903030396, 221.483535767, 222.052429199, 222.632919312, 223.213424683, 223.793914795, 224.397644043, 224.989746094, 225.581848145, 226.162353516, 226.742858887, 227.323348999, 227.834197998, 228.3334198, 228.832641602, 229.297042847, 229.77305603, 230.249069214, 230.713470459, 231.177871704, 231.64225769, 232.106658936, 232.571060181, 233.012237549, 233.453414917, 233.894592285, 234.335784912, 234.77696228, 235.218139648, 235.647705078, 236.077270508, 236.64616394, 237.215057373, 237.795547485, 238.387664795, 238.979766846, 239.560272217, 240.140762329, 240.732879639, 241.313369751, 241.893875122, 242.474365234, 243.054870605, 243.635375977, 244.215866089, 244.79637146, 245.411697388, 246.015411377, 246.619140625, 247.257675171, 247.896224976, 248.557998657, 249.219772339, 249.8931427, 250.56652832, 251.216690063, 251.866836548, 252.516998291, 253.120727539, 253.724441528, 254.270111084, 254.81578064, 255.361450195, 255.83744812, 256.313476562, 256.801086426, 257.300323486, 257.78793335, 258.275543213, 258.763183594, 259.23916626, 259.715179443, 260.191192627, 260.667205811, 261.143218994, 261.619232178],
    "bpm_histogram": [0, 0, 0, 0, 0, 0, 0, 0, 0, 0, 0, 0, 0, 0, 0, 0, 0, 0, 0, 0, 0, 0, 0, 0, 0, 0, 0, 0, 0, 0, 0, 0, 0, 0, 0, 0, 0, 0, 0, 0, 0, 0, 0, 0, 0, 0, 0, 0, 0, 0, 0, 0, 0, 0, 0, 0, 0, 0, 0, 0, 0, 0, 0, 0, 0, 0, 0, 0, 0, 0, 0, 0, 0, 0, 0, 0, 0, 0, 0, 0, 0, 0, 0, 0, 0, 0, 0, 0, 0, 0.00439560459927, 0, 0.00439560459927, 0.00659340666607, 0, 0.00439560459927, 0, 0.00219780229963, 0, 0.00879120919853, 0.0285714287311, 0, 0.202197805047, 0, 0.527472555637, 0, 0.0901098921895, 0, 0, 0.00219780229963, 0, 0.0131868133321, 0, 0, 0, 0, 0.0153846153989, 0, 0.0131868133321, 0, 0, 0.0153846153989, 0, 0, 0.00879120919853, 0, 0, 0.0219780225307, 0, 0, 0.0131868133321, 0, 0, 0, 0, 0, 0, 0.0131868133321, 0, 0, 0, 0.00439560459927, 0, 0, 0, 0, 0, 0, 0, 0, 0, 0, 0, 0, 0, 0, 0, 0, 0, 0, 0, 0, 0, 0, 0, 0, 0, 0, 0, 0, 0, 0, 0, 0, 0, 0, 0, 0, 0, 0, 0, 0, 0, 0, 0, 0, 0, 0, 0, 0, 0, 0, 0, 0, 0, 0, 0, 0, 0, 0, 0, 0, 0, 0, 0, 0, 0, 0, 0, 0, 0, 0, 0, 0, 0, 0, 0, 0, 0, 0, 0, 0, 0, 0, 0, 0, 0, 0, 0, 0, 0, 0, 0, 0, 0, 0, 0, 0, 0, 0, 0, 0, 0, 0, 0, 0, 0, 0, 0, 0, 0]
},
"tonal": {
    "chords_changes_rate": 0.0401698797941,
    "chords_number_rate": 0.00141567864921,
    "chords_strength": {
        "mean": 0.541076183319
    },
    "hpcp_crest": {
        "mean": 15.7748432159
    },
    "hpcp_entropy": {
        "mean": 1.64001119137
    },
    "key_edma": {
        "strength": 0.792108595371,
        "key": "Eb",
        "scale": "major"
    },
    "key_krumhansl": {
        "strength": 0.789759993553,
        "key": "Eb",
        "scale": "major"
    },
    "key_temperley": {
        "strength": 0.783000588417,
        "key": "Eb",
        "scale": "major"
    },
    "tuning_diatonic_strength": 0.582007288933,
    "tuning_equal_tempered_deviation": 0.0033546378836,
    "tuning_frequency": 439.745910645,
    "tuning_nontempered_energy_ratio": 0.602895140648,
    "hpcp": {
        "mean": [0.0439340732992, 0.0345340669155, 0.176913902164, 0.400380045176, 0.257145911455, 0.056840673089, 0.0640165433288, 0.0428683832288, 0.141666531563, 0.239180848002, 0.120844990015, 0.0180081259459, 0.0134021891281, 0.0138676082715, 0.128722757101, 0.250509917736, 0.155643135309, 0.138012081385, 0.229389041662, 0.131027668715, 0.025374405086, 0.0180170014501, 0.0151018677279, 0.112007945776, 0.218090757728, 0.123910710216, 0.0222742576152, 0.0188037995249, 0.015828486532, 0.215922743082, 0.385375320911, 0.199216157198, 0.0725116580725, 0.110436685383, 0.0667631030083, 0.0294534545392]
    },
    "chords_histogram": [28.9506282806, 14.2275705338, 19.4478855133, 0, 0.513183534145, 0.283135741949, 0.0530879497528, 0, 12.7941961288, 0, 0, 0, 0, 0, 0, 0, 0, 0.106175899506, 0, 1.34489476681, 0, 2.26508593559, 16.5988311768, 3.41532468796],
    "thpcp": [1, 0.642254590988, 0.141966804862, 0.159889444709, 0.10706923157, 0.35383015871, 0.597384512424, 0.30182570219, 0.0449775792658, 0.0334736704826, 0.0346361137927, 0.321501433849, 0.625680327415, 0.388738483191, 0.34470269084, 0.572928249836, 0.327258229256, 0.063375800848, 0.0449997484684, 0.0377188324928, 0.279754072428, 0.544709384441, 0.309482723475, 0.0556327849627, 0.0469648763537, 0.0395336560905, 0.539294481277, 0.962523818016, 0.497567653656, 0.181107074022, 0.275829643011, 0.166749328375, 0.0735637396574, 0.109730929136, 0.0862532183528, 0.441864937544],
    "chords_key": "Eb",
    "chords_scale": "major"
}
}