{
"metadata": {
    "version": {
        "essentia": "2.1-beta6-dev",
        "essentia_git_sha": "v2.1_beta5-1177-g1d1cc983",
        "extractor": "music 2.0"
    },
    "audio_properties": {
        "analysis": {
            "equal_loudness": 0,
            "length": 376.613342285,
            "sample_rate": 44100,
            "start_time": 0,
            "downmix": "mix"
        },
        "bit_rate": 1411200,
        "length": 376.613342285,
        "lossless": 1,
        "number_channels": 2,
        "replay_gain": -12.0340061188,
        "sample_rate": 44100,
        "codec": "pcm_s16le",
        "md5_encoded": "e888eaa0ff5c295840b7e1ac412e1c7c"
    },
    "tags": {
        "file_name": "05 - Manchester Orchestra - Where Have You Been.wav",
        "album": ["I'm Like a Virgin Losing a Child"],
        "albumartist": ["Manchester Orchestra"],
        "artist": ["Manchester Orchestra"],
        "copyright": ["2006 Favorite Gentlemen 2006 Favorite Gentlemen"],
        "date": ["2006"],
        "discnumber": ["1"],
        "disctotal": ["1"],
        "genre": ["Alternative & Indie"],
        "isrc": ["USTC10665307"],
        "title": ["Where Have You Been?"],
        "tracknumber": ["5"],
        "tracktotal": ["11"]
    }
},
"lowlevel": {
    "average_loudness": 0.890476882458,
    "barkbands_crest": {
        "mean": 15.0873813629
    },
    "barkbands_flatness_db": {
        "mean": 0.219427406788
    },
    "barkbands_kurtosis": {
        "mean": 20.3599948883
    },
    "barkbands_skewness": {
        "mean": 2.9261841774
    },
    "barkbands_spread": {
        "mean": 12.9471035004
    },
    "dissonance": {
        "mean": 0.445593625307
    },
    "dynamic_complexity": 4.30358743668,
    "erbbands_crest": {
        "mean": 10.2687950134
    },
    "erbbands_flatness_db": {
        "mean": 0.176277920604
    },
    "erbbands_kurtosis": {
        "mean": 1.13836336136
    },
    "erbbands_skewness": {
        "mean": 0.545267283916
    },
    "erbbands_spread": {
        "mean": 38.0497016907
    },
    "hfc": {
        "mean": 14.4085140228
    },
    "loudness_ebu128": {
        "integrated": -10.682053566,
        "loudness_range": 6.16163635254,
        "momentary": {
            "mean": -12.6795597076
        },
        "short_term": {
            "mean": -12.0599899292
        }
    },
    "melbands_crest": {
        "mean": 18.4599723816
    },
    "melbands_flatness_db": {
        "mean": 0.307599395514
    },
    "melbands_kurtosis": {
        "mean": 44.4919471741
    },
    "melbands_skewness": {
        "mean": 4.16069412231
    },
    "melbands_spread": {
        "mean": 11.2911701202
    },
    "pitch_salience": {
        "mean": 0.422276228666
    },
    "silence_rate_20dB": {
        "mean": 1
    },
    "silence_rate_30dB": {
        "mean": 0.957894086838
    },
    "silence_rate_60dB": {
        "mean": 0.0536341778934
    },
    "spectral_centroid": {
        "mean": 906.41027832
    },
    "spectral_complexity": {
        "mean": 12.5495347977
    },
    "spectral_decrease": {
        "mean": -1.06656337096e-08
    },
    "spectral_energy": {
        "mean": 0.0415614396334
    },
    "spectral_energyband_high": {
        "mean": 0.000317092286423
    },
    "spectral_energyband_low": {
        "mean": 0.0258632022887
    },
    "spectral_energyband_middle_high": {
        "mean": 0.00404082704335
    },
    "spectral_energyband_middle_low": {
        "mean": 0.0130076119676
    },
    "spectral_entropy": {
        "mean": 7.16211938858
    },
    "spectral_flux": {
        "mean": 0.0759649798274
    },
    "spectral_kurtosis": {
        "mean": 6.79750823975
    },
    "spectral_rms": {
        "mean": 0.00584097439423
    },
    "spectral_rolloff": {
        "mean": 794.63671875
    },
    "spectral_skewness": {
        "mean": 1.78904807568
    },
    "spectral_spread": {
        "mean": 3925600.5
    },
    "spectral_strongpeak": {
        "mean": 0.729934036732
    },
    "zerocrossingrate": {
        "mean": 0.0336952283978
    },
    "barkbands": {
        "mean": [0.000913516327273, 0.019925724715, 0.00340159446932, 0.00429172860458, 0.00245954957791, 0.0022450084798, 0.00174619001336, 0.00093620235566, 0.00124627363402, 0.000757838832214, 0.000494399399031, 0.000463823962491, 0.000638823781628, 0.000573327997699, 0.000279372907244, 0.000224016563152, 0.000205627264222, 0.000208749057492, 0.000164594428497, 0.000119073411042, 7.79863767093e-05, 6.5251297201e-05, 4.69338338007e-05, 4.61609379272e-05, 2.09401096072e-05, 6.60912246531e-06, 2.10658163269e-06]
    },
    "erbbands": {
        "mean": [0.50652641058, 4.5177063942, 5.82636213303, 8.64873218536, 12.8894500732, 5.9749341011, 10.7424955368, 22.8700580597, 31.1631736755, 13.3539838791, 23.6025257111, 27.5574932098, 22.822599411, 25.420955658, 20.6268062592, 19.1093521118, 29.239774704, 23.9368591309, 22.1004619598, 16.5384197235, 11.6000804901, 11.3751840591, 12.1223335266, 8.66240024567, 8.71494483948, 5.48547363281, 3.7581448555, 2.76497459412, 2.34508156776, 1.73699593544, 1.35571551323, 1.02007114887, 0.725255489349, 0.286138236523, 0.128798499703, 0.0386202633381, 0.0102619351819, 0.0022112862207, 0.000380552257411, 7.15519345249e-05]
    },
    "gfcc": {
        "mean": [-56.656578064, 125.666000366, -103.346466064, 37.0057373047, -40.7234916687, 10.2947149277, -20.8475112915, 10.5724315643, -15.1695308685, -2.49600172043, -0.957748293877, 0.293466329575, -7.04888439178],
        "cov": [[18396.0878906, 1144.12438965, -1112.42260742, 823.100708008, -733.34387207, 583.56060791, -562.129394531, 227.94380188, -339.419281006, 65.6574783325, -296.769561768, -147.861373901, -298.003204346], [1144.12438965, 2053.23779297, -505.062683105, -216.933380127, 148.092071533, -382.30456543, 187.044067383, -105.743606567, 95.867767334, -125.602256775, 234.879882812, -37.7214775085, 86.5430297852], [-1112.42260742, -505.062683105, 1347.22961426, 652.254394531, 230.903137207, 437.640991211, 96.4122390747, 38.0241661072, 38.8852653503, 34.3948287964, -164.585113525, -27.3672523499, -37.2430229187], [823.100708008, -216.933380127, 652.254394531, 885.185241699, 211.845932007, 366.438354492, 48.6675453186, 28.3949890137, 39.0431747437, -10.1073694229, -179.590087891, -124.259132385, -9.05104923248], [-733.34387207, 148.092071533, 230.903137207, 211.845932007, 340.763946533, 129.026687622, 106.870986938, -5.76286458969, 54.2479858398, -34.6555480957, -45.6052207947, -76.5944824219, 16.0393371582], [583.56060791, -382.30456543, 437.640991211, 366.438354492, 129.026687622, 523.68963623, 110.590782166, 131.468856812, 32.0064964294, 19.714132309, -91.9695587158, -69.6933822632, -81.7994384766], [-562.129394531, 187.044067383, 96.4122390747, 48.6675453186, 106.870986938, 110.590782166, 258.752563477, 80.0844650269, 65.7930755615, -17.6228752136, 89.7027435303, 1.5793081522, -15.846113205], [227.94380188, -105.743606567, 38.0241661072, 28.3949890137, -5.76286458969, 131.468856812, 80.0844650269, 208.959960938, 68.4113082886, 23.9923744202, 41.348613739, 15.7525415421, -45.7453689575], [-339.419281006, 95.867767334, 38.8852653503, 39.0431747437, 54.2479858398, 32.0064964294, 65.7930755615, 68.4113082886, 150.141067505, 23.6771125793, 35.8308486938, -20.5709629059, 11.7431936264], [65.6574783325, -125.602256775, 34.3948287964, -10.1073694229, -34.6555480957, 19.714132309, -17.6228752136, 23.9923744202, 23.6771125793, 94.3546447754, 27.832616806, 24.1464633942, -8.39304447174], [-296.769561768, 234.879882812, -164.585113525, -179.590087891, -45.6052207947, -91.9695587158, 89.7027435303, 41.348613739, 35.8308486938, 27.832616806, 221.400680542, 94.7153701782, 10.7174377441], [-147.861373901, -37.7214775085, -27.3672523499, -124.259132385, -76.5944824219, -69.6933822632, 1.5793081522, 15.7525415421, -20.5709629059, 24.1464633942, 94.7153701782, 133.195495605, 21.5101280212], [-298.003204346, 86.5430297852, -37.2430229187, -9.05104923248, 16.0393371582, -81.7994384766, -15.846113205, -45.7453689575, 11.7431936264, -8.39304447174, 10.7174377441, 21.5101280212, 94.7474594116]],
        "icov": [[0.000206873082789, -0.000430588901509, 0.000370490044588, -0.000443240569439, 0.000532617734279, -0.000636845943518, 0.000558231724426, -0.000321745028486, 0.000466409488581, -0.000490734004416, 0.000504387775436, -0.000487053708639, 0.000397536990931], [-0.000430588901509, 0.00181699951645, -0.000614485354163, 0.000790387101006, -0.00143195246346, 0.00192670687102, -0.00157272571232, 0.00105988932773, -0.00134833808988, 0.00196291948669, -0.00214315275662, 0.00182383088395, -0.000856123107951], [0.000370490044588, -0.000614485354163, 0.00228616385721, -0.00163476029411, 0.000400839548092, -0.00163365062326, 0.000450477469712, 0.000165181161719, 0.000234946477576, -0.00134892924689, 0.00198464677669, -0.00282612163574, 0.00141435931437], [-0.000443240569439, 0.000790387101006, -0.00163476029411, 0.00337205547839, -0.00132826599292, 0.00037747938768, -0.000932073686272, 0.000464487820864, -0.000883487227838, 0.00107379991096, -0.000658683886286, 0.0024054159876, -0.00208433903754], [0.000532617734279, -0.00143195246346, 0.000400839548092, -0.00132826599292, 0.00641573313624, -0.00230346433818, -8.79702565726e-05, -0.000116461436846, 0.000445845740614, -0.000515580177307, 0.00162942521274, 0.000621667015366, -0.000558247615118], [-0.000636845943518, 0.00192670687102, -0.00163365062326, 0.00037747938768, -0.00230346433818, 0.00692413188517, -0.00334185035899, -0.000965544488281, -0.000635247328319, 0.000805431627668, -0.00106053124182, 0.00271610659547, 0.000627174100373], [0.000558231724426, -0.00157272571232, 0.000450477469712, -0.000932073686272, -8.79702565726e-05, -0.00334185035899, 0.00946453679353, -0.00217249034904, 0.000225564741413, 0.00132881582249, -0.00281433854252, -0.00070619530743, 0.00151249673218], [-0.000321745028486, 0.00105988932773, 0.000165181161719, 0.000464487820864, -0.000116461436846, -0.000965544488281, -0.00217249034904, 0.00956100784242, -0.00522873504087, 0.00133887573611, -0.000944234139752, -0.00211767456494, 0.00292242807336], [0.000466409488581, -0.00134833808988, 0.000234946477576, -0.000883487227838, 0.000445845740614, -0.000635247328319, 0.000225564741413, -0.00522873504087, 0.0126802930608, -0.00485444674268, -0.00064990617102, 0.0037130205892, -0.0031752679497], [-0.000490734004416, 0.00196291948669, -0.00134892924689, 0.00107379991096, -0.000515580177307, 0.000805431627668, 0.00132881582249, 0.00133887573611, -0.00485444674268, 0.0163036305457, -0.00488121574745, 0.000388131767977, 0.000397161318688], [0.000504387775436, -0.00214315275662, 0.00198464677669, -0.000658683886286, 0.00162942521274, -0.00106053124182, -0.00281433854252, -0.000944234139752, -0.00064990617102, -0.00488121574745, 0.0142765669152, -0.00946983788162, 0.00232632178813], [-0.000487053708639, 0.00182383088395, -0.00282612163574, 0.0024054159876, 0.000621667015366, 0.00271610659547, -0.00070619530743, -0.00211767456494, 0.0037130205892, 0.000388131767977, -0.00946983788162, 0.019513964653, -0.00676456280053], [0.000397536990931, -0.000856123107951, 0.00141435931437, -0.00208433903754, -0.000558247615118, 0.000627174100373, 0.00151249673218, 0.00292242807336, -0.0031752679497, 0.000397161318688, 0.00232632178813, -0.00676456280053, 0.0169447828084]]
    },
    "melbands": {
        "mean": [0.00513335922733, 0.00416000653058, 0.00172710907646, 0.000622203166131, 0.000353694340447, 0.000487631827127, 0.000452073465567, 0.000154945737449, 0.000194961758098, 0.000170781830093, 0.000116567644, 0.000108518892375, 7.56733279559e-05, 5.20752691955e-05, 6.28164125374e-05, 5.44189133507e-05, 4.56630295957e-05, 4.2703053623e-05, 1.99396799871e-05, 1.86008746823e-05, 1.27319653984e-05, 1.05845429061e-05, 1.29510162878e-05, 1.02665771919e-05, 6.4948576437e-06, 6.26897326583e-06, 5.65503751204e-06, 3.15295528708e-06, 2.49021218224e-06, 1.83043061952e-06, 1.51891447331e-06, 1.37473909945e-06, 1.15565262604e-06, 8.62666070134e-07, 7.7340706639e-07, 7.44927774576e-07, 5.64773870337e-07, 5.48837249426e-07, 3.79744335532e-07, 1.89841884435e-07]
    },
    "melbands128": {
        "mean": [0.000798026798293, 0.00355811510235, 0.00707052927464, 0.00796883460134, 0.0040358286351, 0.00143525388557, 0.00155815458857, 0.00238178973086, 0.00124955666251, 0.000408869003877, 0.000250801938819, 0.000347720488207, 0.000349267880665, 0.000395294540795, 0.000529984768946, 0.000545062881429, 0.000423928926466, 0.000631283037364, 0.000209960679058, 5.67863826291e-05, 0.000172056112206, 0.000285489775706, 0.000132979897899, 0.000194825071958, 0.000209028541576, 0.000135599795613, 0.000170203566086, 6.06110916124e-05, 0.000132476576255, 0.000152594497195, 6.37068224023e-05, 9.27488872549e-05, 0.000102725112811, 2.96841408272e-05, 7.18283627066e-05, 5.11241014465e-05, 3.69297376892e-05, 4.64844779344e-05, 0.000108943801024, 5.79663319513e-05, 3.43639912899e-05, 5.86422684137e-05, 2.88878800347e-05, 4.13151319663e-05, 8.84337277967e-05, 2.61403838522e-05, 2.00350550585e-05, 1.36394464789e-05, 2.28849312407e-05, 3.0639632314e-05, 1.52239408635e-05, 8.85943245521e-06, 1.67992675415e-05, 1.29881700559e-05, 8.0443051047e-06, 8.9117565949e-06, 1.25247133838e-05, 1.78306581802e-05, 1.09278435048e-05, 8.87257829163e-06, 1.19849055409e-05, 1.01366413219e-05, 5.74047044211e-06, 5.96470499659e-06, 6.64860908728e-06, 4.96071425005e-06, 7.25069048713e-06, 7.4091717579e-06, 4.69393671665e-06, 4.22291577706e-06, 3.41082272826e-06, 2.13393059312e-06, 2.99498174172e-06, 2.63377546617e-06, 1.86063425645e-06, 2.04806201509e-06, 1.65334256508e-06, 1.55659881784e-06, 1.55093607646e-06, 1.40172039664e-06, 1.49216418777e-06, 1.33241871936e-06, 1.15917248422e-06, 1.14827355446e-06, 1.2073119251e-06, 8.47677085858e-07, 7.93650485775e-07, 7.53712811274e-07, 7.82513382092e-07, 7.64358730976e-07, 7.85908014223e-07, 7.51462778226e-07, 6.71640350447e-07, 5.21910521911e-07, 5.53979987217e-07, 5.1799281664e-07, 5.98974281729e-07, 4.84303996018e-07, 4.17857052071e-07, 3.06431246599e-07, 2.38927071905e-07, 1.56746537527e-07, 1.51021623651e-07, 1.38519069992e-07, 1.7058374624e-07, 1.48923547272e-07, 9.60461932209e-08, 7.39507655112e-08, 5.32762847172e-08, 5.5925934106e-08, 4.71730707829e-08, 3.05017842095e-08, 2.58134846831e-08, 3.02448128764e-08, 3.04974605569e-08, 1.83571255974e-08, 1.18913252578e-08, 1.29742243615e-08, 1.12056799395e-08, 7.50348672085e-09, 1.14134390827e-08, 1.41935734277e-08, 9.03087560289e-09, 6.17017636984e-09, 5.13405762348e-09, 2.27301000244e-09, 2.42610681545e-10, 1.42709880371e-11]
    },
    "mfcc": {
        "mean": [-700.351013184, 152.378341675, 4.21405601501, 35.4139709473, 8.60023784637, 6.26613664627, 8.73114871979, 13.8934192657, -2.97882843018, 4.55850362778, 4.72754001617, 4.37982940674, 1.90983819962],
        "cov": [[13035.9697266, 264.171691895, -436.943756104, 174.318267822, -88.0062484741, 100.360786438, -87.2924957275, 22.296962738, -197.089691162, 241.868255615, -69.0461578369, -143.576446533, -198.803497314], [264.171691895, 1885.09130859, -486.536712646, 30.4553451538, -191.138259888, -244.756210327, -27.3605957031, 18.1682338715, -178.850921631, -50.9963531494, -11.9086484909, 68.9763183594, 88.1704559326], [-436.943756104, -486.536712646, 967.174316406, 331.459960938, 259.396179199, 379.843658447, 148.75843811, 117.389656067, 223.440353394, 12.2651233673, 86.9968414307, 25.8785915375, 18.9723167419], [174.318267822, 30.4553451538, 331.459960938, 523.583496094, 202.584411621, 227.696029663, 82.5621490479, 49.4832572937, 144.358200073, 1.34892416, -4.25701475143, 35.145866394, -0.928061306477], [-88.0062484741, -191.138259888, 259.396179199, 202.584411621, 349.716583252, 240.004592896, 70.2014846802, 32.83070755, 174.681762695, 42.0867462158, 17.5655956268, -32.4512443542, -25.1524791718], [100.360786438, -244.756210327, 379.843658447, 227.696029663, 240.004592896, 411.930480957, 154.091262817, 76.2549972534, 175.030776978, 50.153049469, 42.5848617554, -13.4852733612, -29.8961830139], [-87.2924957275, -27.3605957031, 148.75843811, 82.5621490479, 70.2014846802, 154.091262817, 222.753570557, 142.773101807, 61.6323928833, 44.8094711304, 59.8080635071, 41.7400474548, 27.7364006042], [22.296962738, 18.1682338715, 117.389656067, 49.4832572937, 32.83070755, 76.2549972534, 142.773101807, 232.951797485, 62.4960899353, 70.5375213623, 85.9520721436, 58.1875686646, 44.1281547546], [-197.089691162, -178.850921631, 223.440353394, 144.358200073, 174.681762695, 175.030776978, 61.6323928833, 62.4960899353, 226.2552948, 64.8941802979, 27.1123962402, 5.11481380463, -5.77826738358], [241.868255615, -50.9963531494, 12.2651233673, 1.34892416, 42.0867462158, 50.153049469, 44.8094711304, 70.5375213623, 64.8941802979, 140.196884155, 65.8477706909, 12.941904068, 13.7294540405], [-69.0461578369, -11.9086484909, 86.9968414307, -4.25701475143, 17.5655956268, 42.5848617554, 59.8080635071, 85.9520721436, 27.1123962402, 65.8477706909, 121.43724823, 50.9800415039, 30.0789718628], [-143.576446533, 68.9763183594, 25.8785915375, 35.145866394, -32.4512443542, -13.4852733612, 41.7400474548, 58.1875686646, 5.11481380463, 12.941904068, 50.9800415039, 113.614433289, 56.0251350403], [-198.803497314, 88.1704559326, 18.9723167419, -0.928061306477, -25.1524791718, -29.8961830139, 27.7364006042, 44.1281547546, -5.77826738358, 13.7294540405, 30.0789718628, 56.0251350403, 108.535575867]],
        "icov": [[9.43428749451e-05, -5.33627053301e-06, 3.45403168467e-05, -9.12119430723e-05, 4.72147039545e-05, -0.000123805133626, 0.000118625590403, -0.000103244412458, 0.000234324441408, -0.000316317251418, 0.000142135715578, 3.73246621166e-05, 0.000152656633873], [-5.33627053301e-06, 0.000739596493077, 0.000472290499602, -0.000485703727463, 0.00010840244795, 0.000117170959129, -3.4957389289e-05, -0.000194592576008, 0.000229068973567, 0.000382823549444, -0.000362195220077, 0.000125275852042, -0.000552380632143], [3.45403168467e-05, 0.000472290499602, 0.00241110706702, -0.000917516590562, 0.00014561964781, -0.00130784546491, 0.000316887482768, -0.00043703202391, -0.000774844025727, 0.00174782320391, -0.00190791871864, 0.000709439336788, -0.00107931462117], [-9.12119430723e-05, -0.000485703727463, -0.000917516590562, 0.00369959510863, -0.00123130355496, -0.000783474824857, 5.95942583459e-05, -3.39988182532e-05, -0.000589872070123, 0.000150281790411, 0.00205252412707, -0.00237472890876, 0.000523528142367], [4.72147039545e-05, 0.00010840244795, 0.00014561964781, -0.00123130355496, 0.00645957328379, -0.00188373529818, -7.08966467755e-07, 0.000466284778668, -0.00285558146425, 9.84781363513e-05, -0.00109086022712, 0.00253928266466, -0.000421795441071], [-0.000123805133626, 0.000117170959129, -0.00130784546491, -0.000783474824857, -0.00188373529818, 0.00748069537804, -0.00397948222235, 0.00132596842013, -0.00165891309734, -0.000213073959458, -0.000869640847668, 0.00115216069389, 0.00158673443366], [0.000118625590403, -3.4957389289e-05, 0.000316887482768, 5.95942583459e-05, -7.08966467755e-07, -0.00397948222235, 0.0102270022035, -0.00514106964692, 0.0014489145251, -0.000136721500894, 0.000337896053679, -0.00135937682353, -0.000726304308046], [-0.000103244412458, -0.000194592576008, -0.00043703202391, -3.39988182532e-05, 0.000466284778668, 0.00132596842013, -0.00514106964692, 0.00940919108689, -0.00166248693131, -0.00129629101139, -0.00289068860002, -0.00063258461887, -0.000790278078057], [0.000234324441408, 0.000229068973567, -0.000774844025727, -0.000589872070123, -0.00285558146425, -0.00165891309734, 0.0014489145251, -0.00166248693131, 0.0105245923623, -0.00452800421044, 0.00280380318873, -0.00181410519872, 0.000852956727613], [-0.000316317251418, 0.000382823549444, 0.00174782320391, 0.000150281790411, 9.84781363513e-05, -0.000213073959458, -0.000136721500894, -0.00129629101139, -0.00452800421044, 0.0139846839011, -0.00752005493268, 0.00257366313599, -0.00192303699441], [0.000142135715578, -0.000362195220077, -0.00190791871864, 0.00205252412707, -0.00109086022712, -0.000869640847668, 0.000337896053679, -0.00289068860002, 0.00280380318873, -0.00752005493268, 0.0180906597525, -0.00678457506001, 0.00109136698302], [3.73246621166e-05, 0.000125275852042, 0.000709439336788, -0.00237472890876, 0.00253928266466, 0.00115216069389, -0.00135937682353, -0.00063258461887, -0.00181410519872, 0.00257366313599, -0.00678457506001, 0.0167519710958, -0.00585643202066], [0.000152656633873, -0.000552380632143, -0.00107931462117, 0.000523528142367, -0.000421795441071, 0.00158673443366, -0.000726304308046, -0.000790278078057, 0.000852956727613, -0.00192303699441, 0.00109136698302, -0.00585643202066, 0.0139905558899]]
    },
    "spectral_contrast_coeffs": {
        "mean": [-0.712090611458, -0.713720619678, -0.738540410995, -0.77600646019, -0.790679752827, -0.775105476379]
    },
    "spectral_contrast_valleys": {
        "mean": [-6.72547149658, -7.35017967224, -8.1025056839, -8.47048377991, -8.22298240662, -11.2548046112]
    }
},
"rhythm": {
    "beats_count": 849,
    "beats_loudness": {
        "mean": 0.0594252236187
    },
    "bpm": 136.005828857,
    "bpm_histogram_first_peak_bpm": 136,
    "bpm_histogram_first_peak_weight": 0.113831102848,
    "bpm_histogram_second_peak_bpm": 126,
    "bpm_histogram_second_peak_spread": 0.409090876579,
    "bpm_histogram_second_peak_weight": 0.0153301889077,
    "danceability": 1.10482776165,
    "onset_rate": 2.67903852463,
    "beats_loudness_band_ratio": {
        "mean": [0.683922767639, 0.108750917017, 0.111823558807, 0.0655198246241, 0.0331118255854, 0.017045231536]
    },
    "beats_position": [0.476009070873, 0.96362811327, 1.45124709606, 1.92725622654, 2.38004541397, 2.83283448219, 3.27401351929, 3.70358276367, 4.13315200806, 4.58594083786, 5.0387301445, 5.47990942001, 5.92108821869, 6.3622674942, 6.80344676971, 7.23301553726, 7.6858048439, 8.12698364258, 8.56816291809, 9.0093421936, 9.45052146912, 9.89170074463, 10.3328800201, 10.774058342, 11.2152376175, 11.656416893, 12.0975961685, 12.538775444, 12.9799547195, 13.4211339951, 13.8623123169, 14.3034915924, 14.7446708679, 15.1858501434, 15.6270294189, 16.0682086945, 16.50938797, 16.9505672455, 17.391746521, 17.8329238892, 18.2741031647, 18.7152824402, 19.1564617157, 19.5976409912, 20.0272102356, 20.45677948, 20.8979587555, 21.339138031, 21.7803173065, 22.2331066132, 22.6858959198, 23.1270751953, 23.5682544708, 24.009431839, 24.4506111145, 24.89179039, 25.3329696655, 25.774148941, 26.2153282166, 26.6565074921, 27.0976867676, 27.5388660431, 27.9800453186, 28.4212245941, 28.8624038696, 29.3035831451, 29.7447605133, 30.1859397888, 30.6271190643, 31.0682983398, 31.5094776154, 31.9506568909, 32.391834259, 32.8330154419, 33.2741928101, 33.7153739929, 34.1565513611, 34.5977325439, 35.0389099121, 35.480091095, 35.9212684631, 36.362449646, 36.8036270142, 37.244808197, 37.6859855652, 38.1271629333, 38.5683441162, 39.0095214844, 39.4507026672, 39.8918800354, 40.3330612183, 40.7742385864, 41.2154197693, 41.6565971375, 42.0977783203, 42.5389556885, 42.9801368713, 43.4213142395, 43.8624954224, 44.3036727905, 44.7448501587, 45.1860313416, 45.6272087097, 46.0683898926, 46.5095672607, 46.9507484436, 47.3919258118, 47.8331069946, 48.2742843628, 48.7154655457, 49.1566429138, 49.5978240967, 50.0390014648, 50.480178833, 50.9213600159, 51.362537384, 51.8037185669, 52.2448959351, 52.6860771179, 53.1272544861, 53.5684356689, 54.0096130371, 54.45079422, 54.8919715881, 55.333152771, 55.7743301392, 56.2155075073, 56.6566886902, 57.0978660583, 57.5390472412, 57.9802246094, 58.4214057922, 58.8625831604, 59.3037643433, 59.7449417114, 60.1745109558, 60.6040802002, 61.0568695068, 61.5096588135, 61.9508361816, 62.3920173645, 62.8331947327, 63.2743759155, 63.7155532837, 64.1567306519, 64.5979156494, 65.0507049561, 65.4918823242, 65.9214477539, 66.3626327515, 66.8038101196, 67.2449874878, 67.686164856, 68.1273422241, 68.5685272217, 69.0097045898, 69.450881958, 69.8920593262, 70.3332443237, 70.7744216919, 71.2155990601, 71.6567764282, 72.0979614258, 72.5391387939, 72.9803161621, 73.4214935303, 73.8626708984, 74.303855896, 74.7450332642, 75.1862106323, 75.6273880005, 76.068572998, 76.5097503662, 76.9509277344, 77.3921051025, 77.8332901001, 78.2744674683, 78.7156448364, 79.1568222046, 79.5979995728, 80.0391845703, 80.4803619385, 80.9215393066, 81.3627166748, 81.8039016724, 82.2450790405, 82.6862564087, 83.1274337769, 83.5686187744, 84.0097961426, 84.4509735107, 84.8921508789, 85.3333282471, 85.7745132446, 86.2156906128, 86.656867981, 87.0980453491, 87.5392303467, 87.9804077148, 88.421585083, 88.8627624512, 89.3039474487, 89.7451248169, 90.1863021851, 90.6274795532, 91.0686569214, 91.5098419189, 91.9510192871, 92.3921966553, 92.8333740234, 93.274559021, 93.7157363892, 94.1569137573, 94.5980911255, 95.039276123, 95.4804534912, 95.9216308594, 96.3628082275, 96.8039855957, 97.2451705933, 97.6863479614, 98.1275253296, 98.5687026978, 99.0098876953, 99.4510650635, 99.8922424316, 100.3334198, 100.774604797, 101.215782166, 101.656959534, 102.098136902, 102.53931427, 102.980499268, 103.421676636, 103.862854004, 104.304031372, 104.74521637, 105.186393738, 105.627571106, 106.068748474, 106.509933472, 106.95111084, 107.392288208, 107.833465576, 108.274642944, 108.715827942, 109.15700531, 109.598182678, 110.039360046, 110.480545044, 110.921722412, 111.36289978, 111.804077148, 112.245262146, 112.686439514, 113.127616882, 113.56879425, 114.009971619, 114.451156616, 114.892333984, 115.333511353, 115.774688721, 116.215873718, 116.657051086, 117.098228455, 117.539405823, 117.98059082, 118.421768188, 118.862945557, 119.304122925, 119.745300293, 120.186485291, 120.627662659, 121.068840027, 121.510017395, 121.951202393, 122.392379761, 122.82194519, 123.25151825, 123.704307556, 124.157096863, 124.598274231, 125.039451599, 125.480628967, 125.921813965, 126.362991333, 126.804168701, 127.245346069, 127.686531067, 128.127700806, 128.568893433, 128.998458862, 129.428024292, 129.86920166, 130.321990967, 130.763168335, 131.215957642, 131.65713501, 132.098312378, 132.539505005, 132.980682373, 133.421859741, 133.863037109, 134.315826416, 134.757003784, 135.198181152, 135.627746582, 136.068939209, 136.510116577, 136.951293945, 137.392471313, 137.833648682, 138.27482605, 138.716003418, 139.157180786, 139.598358154, 140.039550781, 140.480728149, 140.921905518, 141.363082886, 141.804260254, 142.245437622, 142.68661499, 143.127792358, 143.568969727, 144.010162354, 144.451339722, 144.89251709, 145.333694458, 145.774871826, 146.216049194, 146.657226562, 147.098403931, 147.539596558, 147.980773926, 148.421951294, 148.863128662, 149.30430603, 149.745483398, 150.186660767, 150.627838135, 151.069015503, 151.51020813, 151.951385498, 152.392562866, 152.833740234, 153.274917603, 153.716094971, 154.157272339, 154.598449707, 155.039627075, 155.480819702, 155.92199707, 156.363174438, 156.804351807, 157.245529175, 157.686706543, 158.127883911, 158.569061279, 159.010253906, 159.451431274, 159.892608643, 160.333786011, 160.774963379, 161.216140747, 161.657318115, 162.098495483, 162.528076172, 162.957641602, 163.410430908, 163.863220215, 164.292785645, 164.733963013, 165.186752319, 165.627929688, 166.069107056, 166.510284424, 166.951477051, 167.392654419, 167.833831787, 168.275009155, 168.716186523, 169.157363892, 169.59854126, 170.028121948, 170.480911255, 170.922088623, 171.363265991, 171.804443359, 172.245620728, 172.686798096, 173.127975464, 173.569152832, 174.0103302, 174.451522827, 174.892700195, 175.333877563, 175.775054932, 176.2162323, 176.657409668, 177.098587036, 177.539764404, 177.980941772, 178.422134399, 178.863311768, 179.304489136, 179.745666504, 180.186843872, 180.62802124, 181.069198608, 181.510375977, 181.951568604, 182.392745972, 182.83392334, 183.275100708, 183.716278076, 184.157455444, 184.598632812, 185.039810181, 185.480987549, 185.922180176, 186.363357544, 186.804534912, 187.24571228, 187.686889648, 188.128067017, 188.569244385, 189.010421753, 189.451599121, 189.892791748, 190.333969116, 190.775146484, 191.216323853, 191.669113159, 192.121902466, 192.563079834, 193.015869141, 193.457046509, 193.898223877, 194.339401245, 194.768981934, 195.198547363, 195.639724731, 196.0809021, 196.522079468, 196.963256836, 197.392837524, 197.834014893, 198.275192261, 198.716369629, 199.157546997, 199.598724365, 200.039901733, 200.481079102, 200.92225647, 201.363449097, 201.804626465, 202.245803833, 202.686981201, 203.139770508, 203.592559814, 204.033737183, 204.463302612, 204.90447998, 205.334060669, 205.775238037, 206.216415405, 206.657592773, 207.098770142, 207.53994751, 207.981124878, 208.422302246, 208.863494873, 209.304672241, 209.745849609, 210.187026978, 210.628204346, 211.069381714, 211.510559082, 211.95173645, 212.392913818, 212.834106445, 213.275283813, 213.716461182, 214.15763855, 214.598815918, 215.039993286, 215.481170654, 215.922348022, 216.363540649, 216.804718018, 217.245895386, 217.687072754, 218.128250122, 218.56942749, 219.010604858, 219.451782227, 219.892959595, 220.334152222, 220.77532959, 221.216506958, 221.657684326, 222.098861694, 222.540039062, 222.981216431, 223.422393799, 223.863571167, 224.304763794, 224.745941162, 225.18711853, 225.628295898, 226.069473267, 226.510650635, 226.951828003, 227.393005371, 227.834197998, 228.275375366, 228.716552734, 229.157730103, 229.598907471, 230.040084839, 230.481262207, 230.922439575, 231.363616943, 231.80480957, 232.245986938, 232.687164307, 233.128341675, 233.569519043, 234.010696411, 234.451873779, 234.893051147, 235.334228516, 235.775421143, 236.216598511, 236.657775879, 237.098953247, 237.540130615, 237.981307983, 238.422485352, 238.86366272, 239.304855347, 239.746032715, 240.187210083, 240.628387451, 241.069564819, 241.510742188, 241.951919556, 242.393096924, 242.834274292, 243.275466919, 243.716644287, 244.157821655, 244.598999023, 245.040176392, 245.48135376, 245.922531128, 246.363708496, 246.804885864, 247.246078491, 247.687255859, 248.128433228, 248.569610596, 249.010787964, 249.451965332, 249.8931427, 250.334320068, 250.775512695, 251.216690063, 251.657867432, 252.0990448, 252.540222168, 252.981399536, 253.422576904, 253.863754272, 254.304931641, 254.746124268, 255.187301636, 255.628479004, 256.069641113, 256.51083374, 256.952026367, 257.393188477, 257.834381104, 258.275543213, 258.71673584, 259.157897949, 259.599090576, 260.040252686, 260.481445312, 260.922637939, 261.363800049, 261.804992676, 262.246154785, 262.687347412, 263.128509521, 263.569702148, 264.010864258, 264.452056885, 264.893249512, 265.334411621, 265.775604248, 266.216766357, 266.657958984, 267.099121094, 267.540313721, 267.981506348, 268.422668457, 268.863861084, 269.305023193, 269.74621582, 270.18737793, 270.628570557, 271.069732666, 271.510925293, 271.95211792, 272.393280029, 272.834472656, 273.275634766, 273.716827393, 274.157989502, 274.599182129, 275.040344238, 275.481536865, 275.922729492, 276.363891602, 276.805084229, 277.246246338, 277.687438965, 278.128601074, 278.569793701, 279.010955811, 279.452148438, 279.893341064, 280.334503174, 280.78729248, 281.240081787, 281.681274414, 282.122436523, 282.56362915, 282.99319458, 283.445983887, 283.887145996, 284.328338623, 284.76953125, 285.210693359, 285.651885986, 286.081451416, 286.511016846, 286.952209473, 287.393371582, 287.834564209, 288.275726318, 288.716918945, 289.158081055, 289.599273682, 290.040435791, 290.481628418, 290.922821045, 291.363983154, 291.805175781, 292.246337891, 292.687530518, 293.128692627, 293.569885254, 294.011047363, 294.46383667, 294.916625977, 295.357818604, 295.79901123, 296.24017334, 296.681365967, 297.122528076, 297.563720703, 298.004882812, 298.446075439, 298.875640869, 299.305206299, 299.734771729, 300.175964355, 300.617126465, 301.069915771, 301.511108398, 301.952270508, 302.393463135, 302.834655762, 303.287445068, 303.728607178, 304.181396484, 304.634185791, 305.086975098, 305.528167725, 305.980957031, 306.410522461, 306.85168457, 307.28125, 307.710845947, 308.152008057, 308.593200684, 309.034362793, 309.4871521, 309.928344727, 310.369506836, 310.799072266, 311.240264893, 311.68145752, 312.122619629, 312.563812256, 313.004974365, 313.446166992, 313.875732422, 314.316925049, 314.758087158, 315.199279785, 315.640441895, 316.081634521, 316.522796631, 316.963989258, 317.393554688, 317.834747314, 318.275909424, 318.717102051, 319.15826416, 319.599456787, 320.040618896, 320.481811523, 320.922973633, 321.36416626, 321.805358887, 322.258148193, 322.7109375, 323.163726807, 323.616516113, 324.046081543, 324.475646973, 324.916809082, 325.358001709, 325.799163818, 326.240356445, 326.681549072, 327.122711182, 327.563903809, 328.005065918, 328.434631348, 328.864196777, 329.316986084, 329.769775391, 330.210968018, 330.652160645, 331.093322754, 331.534515381, 331.97567749, 332.416870117, 332.869659424, 333.32244873, 333.76361084, 334.204803467, 334.634368896, 335.063934326, 335.505126953, 335.946289062, 336.387481689, 336.828643799, 337.269836426, 337.711029053, 338.152191162, 338.593383789, 339.034545898, 339.475738525, 339.916900635, 340.358093262, 340.799255371, 341.240447998, 341.681640625, 342.122802734, 342.563995361, 342.993560791, 343.4347229, 343.875915527, 344.317077637, 344.758270264, 345.21105957, 345.652252197, 346.093414307, 346.534606934, 346.975769043, 347.41696167, 347.858123779, 348.299316406, 348.740478516, 349.181671143, 349.62286377, 350.064025879, 350.505218506, 350.958007812, 351.410797119, 351.851959229, 352.293151855, 352.734313965, 353.175506592, 353.616668701, 354.057861328, 354.499053955, 354.940216064, 355.369781494, 355.799346924, 356.240539551, 356.68170166, 357.111297607, 357.552459717, 357.993652344, 358.434814453, 358.87600708, 359.30557251, 359.746765137, 360.187927246, 360.617492676, 361.058685303, 361.499847412, 361.941040039, 362.382202148, 362.858215332, 363.322631836, 363.79864502, 364.274627686, 364.750640869, 365.226654053, 365.702667236, 366.17868042, 366.654693604, 367.130706787, 367.606719971, 368.082702637, 368.547119141, 369.011505127, 369.475921631, 369.940307617, 370.42791748, 370.915557861, 371.391571045, 371.890777588, 372.390014648, 372.889251709, 373.411682129, 373.934143066, 374.456604004, 374.979034424, 375.501495361, 376.012329102],
    "bpm_histogram": [0, 0, 0, 0, 0, 0, 0, 0, 0, 0, 0, 0, 0, 0, 0, 0, 0, 0, 0, 0, 0, 0, 0, 0, 0, 0, 0, 0, 0, 0, 0, 0, 0, 0, 0, 0, 0, 0, 0, 0, 0, 0, 0, 0, 0, 0, 0, 0, 0, 0, 0, 0, 0, 0, 0, 0, 0, 0, 0, 0, 0, 0, 0, 0, 0, 0, 0, 0, 0, 0, 0, 0, 0, 0, 0, 0, 0, 0, 0, 0, 0, 0, 0, 0, 0, 0, 0, 0, 0, 0, 0, 0, 0, 0, 0, 0, 0, 0, 0, 0, 0, 0, 0, 0, 0, 0, 0, 0, 0, 0, 0, 0, 0, 0, 0, 0.00589622650295, 0, 0.00117924530059, 0, 0, 0.00353773590177, 0, 0, 0.00471698120236, 0, 0, 0.0153301889077, 0, 0, 0.00589622650295, 0, 0, 0, 0.0554245300591, 0, 0, 0.853773593903, 0, 0, 0, 0.0542452819645, 0, 0, 0, 0, 0, 0, 0, 0, 0, 0, 0, 0, 0, 0, 0, 0, 0, 0, 0, 0, 0, 0, 0, 0, 0, 0, 0, 0, 0, 0, 0, 0, 0, 0, 0, 0, 0, 0, 0, 0, 0, 0, 0, 0, 0, 0, 0, 0, 0, 0, 0, 0, 0, 0, 0, 0, 0, 0, 0, 0, 0, 0, 0, 0, 0, 0, 0, 0, 0, 0, 0, 0, 0, 0, 0, 0, 0, 0, 0, 0, 0, 0, 0, 0, 0, 0, 0, 0, 0, 0, 0, 0, 0, 0, 0, 0, 0, 0, 0, 0, 0, 0, 0, 0, 0, 0, 0, 0, 0]
},
"tonal": {
    "chords_changes_rate": 0.0456170625985,
    "chords_number_rate": 0.00160276168026,
    "chords_strength": {
        "mean": 0.514582753181
    },
    "hpcp_crest": {
        "mean": 14.6399116516
    },
    "hpcp_entropy": {
        "mean": 1.8235129118
    },
    "key_edma": {
        "strength": 0.515129327774,
        "key": "D",
        "scale": "major"
    },
    "key_krumhansl": {
        "strength": 0.518633782864,
        "key": "A",
        "scale": "major"
    },
    "key_temperley": {
        "strength": 0.539401173592,
        "key": "A",
        "scale": "major"
    },
    "tuning_diatonic_strength": 0.60356259346,
    "tuning_equal_tempered_deviation": 0.19721545279,
    "tuning_frequency": 434.193115234,
    "tuning_nontempered_energy_ratio": 0.920909106731,
    "hpcp": {
        "mean": [0.117913633585, 0.127773210406, 0.0441272035241, 0.0158920697868, 0.0163724534214, 0.0259334817529, 0.0573776625097, 0.0739582255483, 0.054799888283, 0.0367255546153, 0.0255408342928, 0.0261602830142, 0.0826260969043, 0.105795696378, 0.0703392699361, 0.14515119791, 0.2374561131, 0.168652519584, 0.0759871676564, 0.0609678663313, 0.0882482677698, 0.224183171988, 0.264477610588, 0.149602368474, 0.0877477675676, 0.0645882561803, 0.105654589832, 0.215426206589, 0.177590176463, 0.0547178573906, 0.0226087346673, 0.0131947826594, 0.0194610003382, 0.0546049885452, 0.0577585026622, 0.0427591279149]
    },
    "chords_histogram": [20.798915863, 15.1645908356, 5.51103448868, 0.456170618534, 3.37812852859, 0.0739736184478, 2.05893230438, 0.0986314862967, 0.604117870331, 0, 0.221920847893, 0.0246578715742, 0, 0.604117870331, 1.45481443405, 12.0823574066, 0, 1.04795956612, 0.184934034944, 2.42880034447, 3.31648373604, 4.36444330215, 9.76451778412, 16.3604984283],
    "thpcp": [1, 0.565652310848, 0.331777691841, 0.244210675359, 0.399484068155, 0.814534783363, 0.671475291252, 0.206890314817, 0.0854844972491, 0.0498899780214, 0.073582790792, 0.206463560462, 0.218387112021, 0.161673903465, 0.445835977793, 0.483115404844, 0.166846647859, 0.0600885264575, 0.0619048736989, 0.0980554893613, 0.216947138309, 0.279638886452, 0.207200482488, 0.138860732317, 0.0965708717704, 0.0989130362868, 0.312412440777, 0.400017589331, 0.265955477953, 0.54882222414, 0.897830665112, 0.637681663036, 0.287310391665, 0.230521842837, 0.333670079708, 0.847645163536],
    "chords_key": "A",
    "chords_scale": "major"
}
}