{
"metadata": {
    "version": {
        "essentia": "2.1-beta6-dev",
        "essentia_git_sha": "v2.1_beta5-1177-g1d1cc983",
        "extractor": "music 2.0"
    },
    "audio_properties": {
        "analysis": {
            "equal_loudness": 0,
            "length": 185.160003662,
            "sample_rate": 44100,
            "start_time": 0,
            "downmix": "mix"
        },
        "bit_rate": 1411200,
        "length": 185.160003662,
        "lossless": 1,
        "number_channels": 2,
        "replay_gain": -9.30725097656,
        "sample_rate": 44100,
        "codec": "pcm_s16le",
        "md5_encoded": "83816a0768c094352aea7d5f34413546"
    },
    "tags": {
        "file_name": "11 - Manchester Orchestra - Cope.wav",
        "album": ["HOPE"],
        "albumartist": ["Manchester Orchestra"],
        "artist": ["Manchester Orchestra"],
        "composer": ["Andy Hull"],
        "copyright": ["℗ 2014 Seven Four Entertainment LLC. Manufactured and Distributed by Concord Music Group, Inc."],
        "date": ["2014"],
        "discnumber": ["1"],
        "disctotal": ["1"],
        "genre": ["Rock"],
        "isrc": ["USC4R1400115"],
        "title": ["Cope"],
        "tracknumber": ["11"],
        "tracktotal": ["11"]
    }
},
"lowlevel": {
    "average_loudness": 0.24717566371,
    "barkbands_crest": {
        "mean": 11.9248790741
    },
    "barkbands_flatness_db": {
        "mean": 0.305530995131
    },
    "barkbands_kurtosis": {
        "mean": 14.9701662064
    },
    "barkbands_skewness": {
        "mean": 1.33937466145
    },
    "barkbands_spread": {
        "mean": 6.8659081459
    },
    "dissonance": {
        "mean": 0.377873808146
    },
    "dynamic_complexity": 6.31918621063,
    "erbbands_crest": {
        "mean": 11.9331264496
    },
    "erbbands_flatness_db": {
        "mean": 0.28835517168
    },
    "erbbands_kurtosis": {
        "mean": 1.61321616173
    },
    "erbbands_skewness": {
        "mean": 0.794391512871
    },
    "erbbands_spread": {
        "mean": 18.4391479492
    },
    "hfc": {
        "mean": 9.10981082916
    },
    "loudness_ebu128": {
        "integrated": -15.806186676,
        "loudness_range": 9.16408824921,
        "momentary": {
            "mean": -19.4970626831
        },
        "short_term": {
            "mean": -18.0596122742
        }
    },
    "melbands_crest": {
        "mean": 13.6909570694
    },
    "melbands_flatness_db": {
        "mean": 0.412735551596
    },
    "melbands_kurtosis": {
        "mean": 11.2006864548
    },
    "melbands_skewness": {
        "mean": 2.08600139618
    },
    "melbands_spread": {
        "mean": 9.02258682251
    },
    "pitch_salience": {
        "mean": 0.573168039322
    },
    "silence_rate_20dB": {
        "mean": 1
    },
    "silence_rate_30dB": {
        "mean": 0.996614873409
    },
    "silence_rate_60dB": {
        "mean": 0.174272820354
    },
    "spectral_centroid": {
        "mean": 505.868011475
    },
    "spectral_complexity": {
        "mean": 8.72329521179
    },
    "spectral_decrease": {
        "mean": -4.84588769112e-09
    },
    "spectral_energy": {
        "mean": 0.0191158019006
    },
    "spectral_energyband_high": {
        "mean": 4.60678966192e-05
    },
    "spectral_energyband_low": {
        "mean": 0.00320198899135
    },
    "spectral_energyband_middle_high": {
        "mean": 0.00304362201132
    },
    "spectral_energyband_middle_low": {
        "mean": 0.0132221477106
    },
    "spectral_entropy": {
        "mean": 5.96462774277
    },
    "spectral_flux": {
        "mean": 0.0375739298761
    },
    "spectral_kurtosis": {
        "mean": 65.0081481934
    },
    "spectral_rms": {
        "mean": 0.00374060240574
    },
    "spectral_rolloff": {
        "mean": 767.617492676
    },
    "spectral_skewness": {
        "mean": 5.61574268341
    },
    "spectral_spread": {
        "mean": 2103908
    },
    "spectral_strongpeak": {
        "mean": 0.973732471466
    },
    "zerocrossingrate": {
        "mean": 0.0291789676994
    },
    "barkbands": {
        "mean": [1.25673614093e-06, 0.00177472271025, 0.00108587532304, 0.00110467488412, 0.00533794239163, 0.00225292704999, 0.00141688867006, 0.00180179136805, 0.00118099362589, 0.000585798174143, 0.000822490837891, 0.000670908717439, 0.000324903667206, 0.000264133122982, 0.000161686970387, 0.000101877769339, 0.000101161727798, 5.60645166843e-05, 1.76772118721e-05, 9.56036092248e-06, 7.58913893151e-06, 9.77485979092e-06, 7.835258657e-06, 1.09237525976e-05, 4.67188419861e-06, 1.55694874593e-06, 1.05819594864e-07]
    },
    "erbbands": {
        "mean": [0.0241391919553, 0.49341610074, 1.38842332363, 2.3827278614, 13.5237617493, 16.5137767792, 17.7306289673, 17.3818092346, 17.3581924438, 30.261505127, 38.1599807739, 22.0127353668, 22.8558998108, 19.8025436401, 34.5985488892, 22.731672287, 16.3185100555, 14.7667913437, 8.95288467407, 8.23604393005, 6.43224430084, 7.02661895752, 3.37114429474, 1.13439071178, 0.812996923923, 0.427278012037, 0.279623180628, 0.34459477663, 0.278956264257, 0.35370272398, 0.21900396049, 0.203560784459, 0.185039192438, 0.073385939002, 0.024145219475, 0.00885406695306, 0.00249712192453, 0.0003538094752, 2.63310939772e-05, 2.26315205509e-05]
    },
    "gfcc": {
        "mean": [-177.387924194, 197.116210938, -81.2583770752, -16.1034793854, -35.6562004089, -0.714415132999, -34.8317604065, -12.2812709808, -18.575088501, -9.0718870163, -5.50847625732, -9.85970020294, -8.18006229401],
        "cov": [[20339.7265625, -730.905700684, -3805.35253906, 361.194976807, -1613.61401367, 662.080566406, -1252.20056152, 956.068969727, -289.342895508, -543.697265625, -299.01965332, 201.931655884, -506.979919434], [-730.905700684, 3163.84887695, 215.3699646, -918.310058594, 774.916381836, -446.979400635, 281.860534668, -453.824890137, -29.3596668243, 31.7518520355, 91.924041748, -239.01600647, 214.792984009], [-3805.35253906, 215.3699646, 1525.80297852, 200.801803589, 82.7790603638, -75.5663146973, 276.163330078, -171.616577148, 30.2279567719, 213.069900513, 65.0738067627, 49.54322052, 124.709106445], [361.194976807, -918.310058594, 200.801803589, 742.551452637, -214.500839233, 42.1207046509, -88.0113067627, 142.841949463, 0.474740028381, 79.3493804932, -13.7609786987, 98.0949859619, -15.605638504], [-1613.61401367, 774.916381836, 82.7790603638, -214.500839233, 629.127685547, -168.616882324, 84.3375167847, -208.004394531, 20.5596885681, 50.0845870972, 37.3082084656, -110.351135254, 107.479415894], [662.080566406, -446.979400635, -75.5663146973, 42.1207046509, -168.616882324, 322.169158936, -12.6838855743, 61.4882507324, -16.1670360565, -15.6252737045, -27.3411083221, 46.6338729858, -79.1063842773], [-1252.20056152, 281.860534668, 276.163330078, -88.0113067627, 84.3375167847, -12.6838855743, 290.482879639, -53.341960907, -3.96907114983, 35.4143638611, 39.0160255432, -13.0620117188, 40.3156890869], [956.068969727, -453.824890137, -171.616577148, 142.841949463, -208.004394531, 61.4882507324, -53.341960907, 328.82510376, 80.7724456787, -65.910949707, 5.2872376442, 88.0901260376, -61.06407547], [-289.342895508, -29.3596668243, 30.2279567719, 0.474740028381, 20.5596885681, -16.1670360565, -3.96907114983, 80.7724456787, 163.758880615, 0.361591547728, 15.4876766205, 26.3481731415, 9.69319820404], [-543.697265625, 31.7518520355, 213.069900513, 79.3493804932, 50.0845870972, -15.6252737045, 35.4143638611, -65.910949707, 0.361591547728, 168.809844971, 1.19101798534, -30.7530002594, 38.4947547913], [-299.01965332, 91.924041748, 65.0738067627, -13.7609786987, 37.3082084656, -27.3411083221, 39.0160255432, 5.2872376442, 15.4876766205, 1.19101798534, 97.7386703491, 33.3799743652, 3.69235825539], [201.931655884, -239.01600647, 49.54322052, 98.0949859619, -110.351135254, 46.6338729858, -13.0620117188, 88.0901260376, 26.3481731415, -30.7530002594, 33.3799743652, 123.829360962, -15.8267211914], [-506.979919434, 214.792984009, 124.709106445, -15.605638504, 107.479415894, -79.1063842773, 40.3156890869, -61.06407547, 9.69319820404, 38.4947547913, 3.69235825539, -15.8267211914, 116.820281982]],
        "icov": [[0.000363909057342, -0.000634464435279, 0.000814564176835, -0.000615957833361, 0.00084082048852, -0.000685224018525, 0.000827676500194, -0.000506395415869, 0.000522034184542, -0.000209755860851, 0.000344744970789, -0.000462560390588, -4.16855145886e-05], [-0.000634464435279, 0.00194797222503, -0.00149818253703, 0.00188030209392, -0.00181229435839, 0.00185434706509, -0.00165910017677, 0.00108945555985, -0.000738875882234, 0.000357246899512, -0.000950700719841, 0.00110546615906, -0.000296058162348], [0.000814564176835, -0.00149818253703, 0.00299414456822, -0.00177920167334, 0.00206818734296, -0.00139978085645, 0.000891336239874, -0.000388534012018, 0.000719878240488, -0.00140343618114, 0.000750455190428, -0.00202320911922, -0.000400787306717], [-0.000615957833361, 0.00188030209392, -0.00177920167334, 0.00390625791624, -0.0015454753302, 0.00196778401732, -0.000851202115882, 8.10914061731e-05, -1.99492478714e-05, -0.00104770017788, -0.000342085055308, -0.00021539919544, -0.000290135183604], [0.00084082048852, -0.00181229435839, 0.00206818734296, -0.0015454753302, 0.00493202731013, -0.00132551719435, 0.00175914727151, 1.38475411404e-06, 0.000121023404063, -0.000419880409027, -0.000381273042876, 0.000415950198658, -0.00127800286282], [-0.000685224018525, 0.00185434706509, -0.00139978085645, 0.00196778401732, -0.00132551719435, 0.00617545424029, -0.00235411524773, 0.00131157028954, -0.000622750667389, -0.000438131974079, 0.000788303848822, -0.00088202545885, 0.00232486682944], [0.000827676500194, -0.00165910017677, 0.000891336239874, -0.000851202115882, 0.00175914727151, -0.00235411524773, 0.00687508657575, -0.00185211666394, 0.00178544269875, -0.000455699162558, -0.000787256693002, -0.000142067292472, -0.000968482519966], [-0.000506395415869, 0.00108945555985, -0.000388534012018, 8.10914061731e-05, 1.38475411404e-06, 0.00131157028954, -0.00185211666394, 0.00697840005159, -0.00380782573484, 0.00139694963582, -0.00063474214403, -0.00116149883252, 0.00111692002974], [0.000522034184542, -0.000738875882234, 0.000719878240488, -1.99492478714e-05, 0.000121023404063, -0.000622750667389, 0.00178544269875, -0.00380782573484, 0.0089064380154, -0.00116115959827, 0.000294557336019, -0.00168559816666, -0.000880777661223], [-0.000209755860851, 0.000357246899512, -0.00140343618114, -0.00104770017788, -0.000419880409027, -0.000438131974079, -0.000455699162558, 0.00139694963582, -0.00116115959827, 0.00925109814852, -0.00122530909721, 0.00383925088681, -0.00162503076717], [0.000344744970789, -0.000950700719841, 0.000750455190428, -0.000342085055308, -0.000381273042876, 0.000788303848822, -0.000787256693002, -0.00063474214403, 0.000294557336019, -0.00122530909721, 0.0145151298493, -0.00668856687844, 0.00223619490862], [-0.000462560390588, 0.00110546615906, -0.00202320911922, -0.00021539919544, 0.000415950198658, -0.00088202545885, -0.000142067292472, -0.00116149883252, -0.00168559816666, 0.00383925088681, -0.00668856687844, 0.0162979289889, -0.0021528378129], [-4.16855145886e-05, -0.000296058162348, -0.000400787306717, -0.000290135183604, -0.00127800286282, 0.00232486682944, -0.000968482519966, 0.00111692002974, -0.000880777661223, -0.00162503076717, 0.00223619490862, -0.0021528378129, 0.013227108866]]
    },
    "melbands": {
        "mean": [0.000370828260202, 0.000702368037309, 0.000734321307391, 0.00119880458806, 0.000632465409581, 0.00040909886593, 0.000252645695582, 0.0003638076887, 0.000297837192193, 0.000137223600177, 0.000116495240945, 7.90320627857e-05, 0.000122222758364, 6.74497860018e-05, 6.22101579211e-05, 2.92765271297e-05, 2.57459796558e-05, 1.53484634211e-05, 1.12776770038e-05, 7.76871456765e-06, 6.93065749147e-06, 7.68389236327e-06, 4.50979268862e-06, 1.8714969201e-06, 7.81383903359e-07, 6.36724109881e-07, 4.71918895073e-07, 2.36422565081e-07, 1.87540862839e-07, 1.55015669634e-07, 2.18025704157e-07, 1.47594803934e-07, 2.04611950494e-07, 1.78639567139e-07, 1.23059692214e-07, 1.14866089973e-07, 1.29927570924e-07, 1.43132766084e-07, 9.57773877985e-08, 5.05160997477e-08]
    },
    "melbands128": {
        "mean": [7.49035791614e-07, 7.26370999473e-05, 0.000531836762093, 0.000926311593503, 0.000827889307402, 0.000461115356302, 0.000341575447237, 0.000674713694025, 0.00152328924742, 0.00152109365445, 0.000772211875301, 0.000623020518105, 0.000535069382749, 0.000753714179154, 0.000418901006924, 0.000178300731932, 0.000327257585013, 0.000228819524636, 0.000191952873138, 0.000357871351298, 0.000455974775832, 0.000427142746048, 0.00024100751034, 0.000248791504418, 9.04455737327e-05, 0.000125282720546, 0.000150010600919, 8.23173613753e-05, 0.000147554994328, 5.60155604035e-05, 4.83443400299e-05, 0.000126734012156, 0.000144485995406, 0.000101403427834, 0.000105043691292, 2.91258038487e-05, 4.84182783111e-05, 0.000103620579466, 3.88330590795e-05, 1.94923013623e-05, 2.36593696172e-05, 4.93309453304e-05, 2.63133169938e-05, 1.33821840791e-05, 1.93404157471e-05, 2.00742269953e-05, 4.51153709946e-06, 8.09194534668e-06, 1.88485901162e-05, 1.04395448943e-05, 3.86175679523e-06, 5.79062043471e-06, 1.2186420463e-05, 4.33934792454e-06, 2.94172150461e-06, 1.31937467813e-05, 5.87163231103e-06, 3.63658955393e-06, 5.86563419347e-06, 1.83525366992e-06, 2.06402273761e-06, 1.35683831104e-06, 6.72258863688e-07, 7.22638105799e-07, 6.86356031565e-07, 6.5605462396e-07, 5.25180723798e-07, 7.15594637768e-07, 3.49960373569e-07, 3.6222868971e-07, 1.8871287466e-07, 2.2401259514e-07, 2.1669214334e-07, 1.98448034894e-07, 1.19783507557e-07, 1.27702833197e-07, 1.85668710628e-07, 2.04034705575e-07, 2.35223183154e-07, 2.22400302619e-07, 1.56814280672e-07, 1.22450344975e-07, 1.04441788551e-07, 2.18178158207e-07, 2.96602649996e-07, 1.98557302156e-07, 1.42919788004e-07, 1.19972824564e-07, 1.21428442412e-07, 1.25646451465e-07, 1.16176096299e-07, 1.09144117744e-07, 1.17551429923e-07, 1.18536341631e-07, 1.47562630559e-07, 1.57763665243e-07, 1.43920075857e-07, 1.18433391094e-07, 1.10872328207e-07, 7.3585646021e-08, 6.07124590601e-08, 4.99941705812e-08, 3.43726362928e-08, 2.46726106212e-08, 2.61222101727e-08, 2.48645388723e-08, 2.28648708855e-08, 1.86478033015e-08, 1.38423379425e-08, 1.09711244534e-08, 1.09713891305e-08, 9.3710985638e-09, 7.41001260351e-09, 5.99121685596e-09, 5.35865085638e-09, 3.54442186712e-09, 1.79541437273e-09, 8.62877269636e-10, 4.23745705191e-10, 2.84434448217e-10, 2.84506002091e-10, 2.8008839692e-10, 2.26788601787e-10, 1.90850502069e-10, 1.65839980637e-10, 1.52689194621e-10, 1.57501775511e-10, 1.35706043625e-10]
    },
    "mfcc": {
        "mean": [-834.368103027, 240.373565674, 17.2561340332, 0.79788351059, 14.4289731979, 4.80469608307, 0.126685261726, -2.45741581917, -12.1642684937, -0.0954231098294, -5.34990596771, -2.72208046913, -1.6229660511],
        "cov": [[16338.1328125, -1535.60864258, -2223.54296875, -787.507568359, -299.240081787, -777.258544922, -821.87701416, 955.989318848, -400.86529541, -22.4909133911, -6.58527851105, -162.30770874, -53.7040252686], [-1535.60864258, 4082.40063477, -363.638458252, -417.654876709, 161.39175415, 92.4122848511, 249.30758667, -384.587738037, -52.5196723938, 67.6675796509, -142.880935669, -149.057678223, 13.3193054199], [-2223.54296875, -363.638458252, 1322.61938477, 332.42010498, -149.7943573, 157.166656494, 93.7147064209, -72.5277252197, 99.7462997437, -65.5395965576, 33.0976524353, 140.216323853, 59.582611084], [-787.507568359, -417.654876709, 332.42010498, 563.002624512, 83.128944397, -12.8231563568, 31.4651947021, -111.550476074, 73.87940979, -32.3561859131, 4.70151901245, 66.3702697754, 19.5976428986], [-299.240081787, 161.39175415, -149.7943573, 83.128944397, 327.73223877, 30.6177768707, -30.5340251923, -75.2595062256, 2.51637935638, 13.2640991211, 0.603565871716, -13.3014354706, -25.8622550964], [-777.258544922, 92.4122848511, 157.166656494, -12.8231563568, 30.6177768707, 315.791412354, 112.17300415, -151.675201416, 14.388463974, 3.94821119308, -18.394733429, 14.4911575317, -27.4416465759], [-821.87701416, 249.30758667, 93.7147064209, 31.4651947021, -30.5340251923, 112.17300415, 233.066894531, -80.0311737061, 12.0745105743, -9.27871513367, -12.322719574, 17.83893013, 0.729430735111], [955.989318848, -384.587738037, -72.5277252197, -111.550476074, -75.2595062256, -151.675201416, -80.0311737061, 377.855560303, -20.1280632019, -26.6351032257, 56.8624763489, 23.100402832, 46.5384635925], [-400.86529541, -52.5196723938, 99.7462997437, 73.87940979, 2.51637935638, 14.388463974, 12.0745105743, -20.1280632019, 134.040664673, 43.2134552002, -18.5092639923, 15.0593967438, 18.8418598175], [-22.4909133911, 67.6675796509, -65.5395965576, -32.3561859131, 13.2640991211, 3.94821119308, -9.27871513367, -26.6351032257, 43.2134552002, 121.665603638, 7.81911325455, -15.1892490387, 3.48775553703], [-6.58527851105, -142.880935669, 33.0976524353, 4.70151901245, 0.603565871716, -18.394733429, -12.322719574, 56.8624763489, -18.5092639923, 7.81911325455, 106.564277649, 33.5422477722, -5.60825920105], [-162.30770874, -149.057678223, 140.216323853, 66.3702697754, -13.3014354706, 14.4911575317, 17.83893013, 23.100402832, 15.0593967438, -15.1892490387, 33.5422477722, 101.870063782, 23.3459243774], [-53.7040252686, 13.3193054199, 59.582611084, 19.5976428986, -25.8622550964, -27.4416465759, 0.729430735111, 46.5384635925, 18.8418598175, 3.48775553703, -5.60825920105, 23.3459243774, 97.3301773071]],
        "icov": [[0.000122087498312, 2.36280193349e-05, 0.000193886386114, -2.69561714958e-05, 0.000183023366844, 1.18829518669e-06, 0.000300031679217, -0.000177757887286, 0.000232781807426, -4.39325449406e-05, 0.000199170215637, -0.000134226487717, 8.27642288641e-05], [2.36280193349e-05, 0.00039470550837, -2.15191221287e-06, 0.000467249570647, -0.000280047475826, 0.000341053004377, -0.000448921200586, 0.000476135086501, 0.000117363772006, -2.06476997846e-05, 0.000202491748496, 0.000202763127163, -0.000395244336687], [0.000193886386114, -2.15191221287e-06, 0.0016002652701, -0.000726306869183, 0.00110325624701, -0.000784403877333, 0.000703246507328, -0.000185091310414, -0.000329079513904, 0.000646450498607, -0.000238566470216, -0.00095333752688, -0.000315423996653], [-2.69561714958e-05, 0.000467249570647, -0.000726306869183, 0.00351510639302, -0.00143709115218, 0.00165072001982, -0.00099158543162, 0.0017802111106, -0.0012843379518, 0.00109577667899, -0.000192161038285, -0.000718023220543, -0.000731672684196], [0.000183023366844, -0.000280047475826, 0.00110325624701, -0.00143709115218, 0.00451103784144, -0.00118193193339, 0.00178804795723, -0.00015483777679, 0.000146722668433, -2.54967399087e-05, -0.000438014540123, -0.000260460132267, 0.000689092848916], [1.18829518669e-06, 0.000341053004377, -0.000784403877333, 0.00165072001982, -0.00118193193339, 0.00559168681502, -0.00230503128842, 0.00208945991471, -0.000169275037479, -3.20980725519e-05, 0.000475727225421, -0.000796705367975, 0.000634909432847], [0.000300031679217, -0.000448921200586, 0.000703246507328, -0.00099158543162, 0.00178804795723, -0.00230503128842, 0.00699295476079, -0.000401969708037, 0.000245616596658, 0.00049318355741, 0.000237457483308, -0.00115664000623, 0.000187049445231], [-0.000177757887286, 0.000476135086501, -0.000185091310414, 0.0017802111106, -0.00015483777679, 0.00208945991471, -0.000401969708037, 0.00554058793932, -0.00108551851008, 0.00179241260048, -0.00241797533818, -0.000209769597859, -0.00244973320514], [0.000232781807426, 0.000117363772006, -0.000329079513904, -0.0012843379518, 0.000146722668433, -0.000169275037479, 0.000245616596658, -0.00108551851008, 0.0114181442186, -0.00524903694168, 0.0037435349077, -0.0015429923078, -0.00035559682874], [-4.39325449406e-05, -2.06476997846e-05, 0.000646450498607, 0.00109577667899, -2.54967399087e-05, -3.20980725519e-05, 0.00049318355741, 0.00179241260048, -0.00524903694168, 0.0116728264838, -0.00362586486153, 0.00187583349179, -0.00157536449842], [0.000199170215637, 0.000202491748496, -0.000238566470216, -0.000192161038285, -0.000438014540123, 0.000475727225421, 0.000237457483308, -0.00241797533818, 0.0037435349077, -0.00362586486153, 0.0137277133763, -0.00480387499556, 0.0027875455562], [-0.000134226487717, 0.000202763127163, -0.00095333752688, -0.000718023220543, -0.000260460132267, -0.000796705367975, -0.00115664000623, -0.000209769597859, -0.0015429923078, 0.00187583349179, -0.00480387499556, 0.0148222185671, -0.00315911858343], [8.27642288641e-05, -0.000395244336687, -0.000315423996653, -0.000731672684196, 0.000689092848916, 0.000634909432847, 0.000187049445231, -0.00244973320514, -0.00035559682874, -0.00157536449842, 0.0027875455562, -0.00315911858343, 0.0132901975885]]
    },
    "spectral_contrast_coeffs": {
        "mean": [-0.676613390446, -0.712461769581, -0.72807854414, -0.750183582306, -0.787488102913, -0.840730845928]
    },
    "spectral_contrast_valleys": {
        "mean": [-6.99024772644, -7.47271347046, -8.72003936768, -9.66201972961, -10.7637939453, -13.1972427368]
    }
},
"rhythm": {
    "beats_count": 422,
    "beats_loudness": {
        "mean": 0.0217885039747
    },
    "bpm": 142.896652222,
    "bpm_histogram_first_peak_bpm": 144,
    "bpm_histogram_first_peak_weight": 0.488215506077,
    "bpm_histogram_second_peak_bpm": 136,
    "bpm_histogram_second_peak_spread": 0.287671208382,
    "bpm_histogram_second_peak_weight": 0.123515442014,
    "danceability": 0.874000489712,
    "onset_rate": 2.21947240829,
    "beats_loudness_band_ratio": {
        "mean": [0.429150104523, 0.382266223431, 0.184342682362, 0.0878603607416, 0.0206458400935, 0.0104341935366]
    },
    "beats_position": [0.394739210606, 0.812698423862, 1.23065757751, 1.64861679077, 2.06657600403, 2.48453521729, 2.91410422325, 3.35528349876, 3.79646253586, 4.23764181137, 4.69043064117, 5.13160991669, 5.5727891922, 6.00235795975, 6.43192720413, 6.84988641739, 7.25623559952, 7.66258478165, 8.06893444061, 8.48689365387, 8.90485286713, 9.32281208038, 9.74077033997, 10.1471195221, 10.5650787354, 10.9830379486, 11.4009971619, 11.8305664062, 12.2833557129, 12.7361450195, 13.1889343262, 13.6417226791, 14.0829019547, 14.5356912613, 14.9768705368, 15.4296598434, 15.870839119, 16.3352375031, 16.7880268097, 17.2292060852, 17.6587753296, 18.088344574, 18.5179138184, 18.9474830627, 19.3770523071, 19.8066215515, 20.2361907959, 20.6773700714, 21.1301574707, 21.5829467773, 22.035736084, 22.4653053284, 22.9064846039, 23.3476638794, 23.7772331238, 24.2068023682, 24.6363716125, 25.0543308258, 25.4722900391, 25.8902492523, 26.3082084656, 26.7261676788, 27.1441268921, 27.5504760742, 27.9800453186, 28.4560546875, 28.9204521179, 29.3964614868, 29.8260307312, 30.2555999756, 30.68516922, 31.1147384644, 31.5443077087, 31.9738769531, 32.391834259, 32.8097953796, 33.2277526855, 33.6573219299, 34.0868911743, 34.5048522949, 34.9344215393, 35.3639907837, 35.7935600281, 36.2231292725, 36.6643066406, 37.1054878235, 37.5466651917, 37.9994544983, 38.4522438049, 38.8934249878, 39.334602356, 39.7757797241, 40.1937408447, 40.6116981506, 41.0296592712, 41.4476165771, 41.8655776978, 42.2835350037, 42.713104248, 43.1426734924, 43.560634613, 43.9669837952, 44.3849411011, 44.8029022217, 45.2208595276, 45.650428772, 46.1148300171, 46.5792274475, 47.0436286926, 47.508026123, 47.9259872437, 48.3439445496, 48.7619056702, 49.1682548523, 49.5746040344, 49.9925613403, 50.4105224609, 50.8168716431, 51.234828949, 51.6411781311, 52.0591392517, 52.4770965576, 52.8834457397, 53.2897949219, 53.7077522278, 54.1257133484, 54.5320625305, 54.9500198364, 55.3563690186, 55.7743301392, 56.1806793213, 56.5870285034, 57.0049858093, 57.4113349915, 57.8176841736, 58.2356452942, 58.6536026001, 59.0715637207, 59.4895210266, 59.9074821472, 60.3254394531, 60.7317886353, 61.1497497559, 61.556098938, 61.9740562439, 62.380405426, 62.7867546082, 63.2047157288, 63.6226730347, 64.0406341553, 64.4469833374, 64.864944458, 65.2712936401, 65.6776428223, 66.0839920044, 66.4903411865, 66.8966903687, 67.3146438599, 67.720993042, 68.1389541626, 68.5685272217, 68.9980926514, 69.4276657104, 69.8572311401, 70.2868041992, 70.7047576904, 71.122718811, 71.5871200562, 72.0515213013, 72.515914917, 72.9803161621, 73.4447174072, 73.8975067139, 74.3270721436, 74.7682495117, 75.1978225708, 75.6273880005, 76.068572998, 76.4981384277, 76.9393157959, 77.3805007935, 77.8100662231, 78.2512435913, 78.6808166504, 79.1103820801, 79.5283432007, 79.9463043213, 80.3642578125, 80.7822189331, 81.2001800537, 81.6181411743, 82.0360946655, 82.4540557861, 82.8720169067, 83.3015823364, 83.719543457, 84.1375045776, 84.5554656982, 84.9850311279, 85.414604187, 85.8441696167, 86.2621307373, 86.6800918579, 87.0980453491, 87.5160064697, 87.9455795288, 88.3751449585, 88.8163223267, 89.2575073242, 89.6986846924, 90.1398620605, 90.5810394287, 91.0222167969, 91.4634017944, 91.9045791626, 92.3457565308, 92.7753295898, 93.2048950195, 93.6460723877, 94.0756454468, 94.5052108765, 94.9347839355, 95.3643493652, 95.7939224243, 96.223487854, 96.6414489746, 97.0594100952, 97.5005874634, 97.9301605225, 98.3829498291, 98.8241271973, 99.253692627, 99.683265686, 100.101219177, 100.530792236, 100.960357666, 101.378318787, 101.784667969, 102.202629089, 102.701858521, 103.21269989, 103.72353363, 104.222763062, 104.721992493, 105.209609985, 105.627571106, 106.057144165, 106.486709595, 106.916282654, 107.322631836, 107.740585327, 108.158546448, 108.576507568, 108.994468689, 109.400817871, 109.807167053, 110.225120544, 110.643081665, 111.061042786, 111.467391968, 111.87374115, 112.291702271, 112.709655762, 113.15083313, 113.580406189, 114.009971619, 114.427932739, 114.84589386, 115.26385498, 115.670204163, 116.088157654, 116.494506836, 116.912467957, 117.330429077, 117.748390198, 118.177955627, 118.619132996, 119.071922302, 119.536323547, 119.977500916, 120.418685913, 120.87147522, 121.312652588, 121.742218018, 122.183395386, 122.624580383, 123.07736969, 123.518547058, 123.971336365, 124.424125671, 124.86530304, 125.306480408, 125.747665405, 126.188842773, 126.618408203, 127.059593201, 127.48915863, 127.91872406, 128.336685181, 128.754638672, 129.172607422, 129.602172852, 130.031738281, 130.449707031, 130.867660522, 131.297225952, 131.726806641, 132.144760132, 132.562713623, 132.980682373, 133.398635864, 133.816589355, 134.234558105, 134.652511597, 135.070480347, 135.488433838, 135.906387329, 136.347564697, 136.777145386, 137.206710815, 137.624664307, 138.054244995, 138.483810425, 138.913375854, 139.354553223, 139.784118652, 140.202087402, 140.620040894, 141.037994385, 141.455963135, 141.873916626, 142.280273438, 142.68661499, 143.092971802, 143.499313354, 143.905670166, 144.335235596, 144.753189087, 145.171157837, 145.589111328, 145.99546814, 146.401809692, 146.819763184, 147.249343872, 147.678909302, 148.096862793, 148.514831543, 148.909561157, 149.327529907, 149.73387146, 150.16343689, 150.593017578, 151.022583008, 151.452148438, 151.870117188, 152.288070679, 152.70602417, 153.12399292, 153.55355835, 153.971511841, 154.389480591, 154.807434082, 155.225387573, 155.643356323, 156.061309814, 156.479278564, 156.897232056, 157.315185547, 157.733154297, 158.162719727, 158.592285156, 159.010253906, 159.428207397, 159.846160889, 160.2525177, 160.68208313, 161.100036621, 161.518005371, 161.947570801, 162.365524292, 162.783493042, 163.201446533, 163.631011963, 164.060592651, 164.490158081, 164.919723511, 165.337677002, 165.755645752, 166.185211182, 166.62638855, 167.067565918, 167.520355225, 168.06602478, 168.611694336, 169.157363892, 169.714645386, 170.260314941, 170.805984497, 171.386474609, 171.96697998, 172.547485352, 173.116363525, 173.685256958, 174.254150391, 174.823028564, 175.380310059, 175.937591553, 176.494873047, 177.075378418, 177.65586853, 178.24798584, 178.782043457, 179.304489136, 179.884979248, 180.465484619, 181.034378052, 181.614868164, 182.195373535, 182.775863647, 183.356369019, 183.925262451, 184.505752563],
    "bpm_histogram": [0, 0, 0, 0, 0, 0, 0, 0, 0, 0, 0, 0, 0, 0, 0, 0, 0, 0, 0, 0, 0, 0, 0, 0, 0, 0, 0, 0, 0, 0, 0, 0, 0, 0, 0, 0, 0, 0, 0, 0, 0, 0, 0, 0, 0, 0, 0, 0, 0, 0, 0, 0, 0, 0, 0, 0, 0, 0, 0, 0, 0, 0, 0, 0, 0, 0, 0, 0, 0, 0, 0, 0, 0, 0, 0, 0, 0, 0, 0, 0, 0, 0, 0, 0, 0, 0, 0, 0, 0, 0, 0, 0, 0, 0, 0, 0, 0, 0, 0, 0, 0, 0.00237529701553, 0, 0.0285035632551, 0, 0.0142517816275, 0, 0, 0.00950118806213, 0, 0.0118764843792, 0, 0.00237529701553, 0, 0, 0.00237529701553, 0, 0.00475059403107, 0, 0, 0.00712589081377, 0, 0, 0.00237529701553, 0, 0, 0.00475059403107, 0, 0, 0.0285035632551, 0, 0, 0, 0.0498812347651, 0, 0, 0.123515442014, 0, 0, 0, 0.235154390335, 0, 0, 0, 0.361045122147, 0, 0, 0, 0.109263658524, 0, 0, 0, 0.00237529701553, 0, 0, 0, 0, 0, 0, 0, 0, 0, 0, 0, 0, 0, 0, 0, 0, 0, 0, 0, 0, 0, 0, 0, 0, 0, 0, 0, 0, 0, 0, 0, 0, 0, 0, 0, 0, 0, 0, 0, 0, 0, 0, 0, 0, 0, 0, 0, 0, 0, 0, 0, 0, 0, 0, 0, 0, 0, 0, 0, 0, 0, 0, 0, 0, 0, 0, 0, 0, 0, 0, 0, 0, 0, 0, 0, 0, 0, 0, 0, 0, 0, 0, 0, 0, 0, 0, 0, 0, 0, 0, 0, 0, 0, 0, 0, 0, 0]
},
"tonal": {
    "chords_changes_rate": 0.04662822932,
    "chords_number_rate": 0.00300827273168,
    "chords_strength": {
        "mean": 0.482837587595
    },
    "hpcp_crest": {
        "mean": 14.8942861557
    },
    "hpcp_entropy": {
        "mean": 1.74720776081
    },
    "key_edma": {
        "strength": 0.615367472172,
        "key": "C#",
        "scale": "minor"
    },
    "key_krumhansl": {
        "strength": 0.631826281548,
        "key": "C#",
        "scale": "minor"
    },
    "key_temperley": {
        "strength": 0.634915828705,
        "key": "C#",
        "scale": "minor"
    },
    "tuning_diatonic_strength": 0.474116504192,
    "tuning_equal_tempered_deviation": 0.0545104779303,
    "tuning_frequency": 439.745910645,
    "tuning_nontempered_energy_ratio": 0.673808217049,
    "hpcp": {
        "mean": [0.0497315227985, 0.0183010660112, 0.0118948016316, 0.0189886167645, 0.022683121264, 0.0783741474152, 0.163101226091, 0.109488636255, 0.0315810963511, 0.0285305399448, 0.0285951346159, 0.198746621609, 0.313671022654, 0.146009713411, 0.0164259336889, 0.00889544934034, 0.0152884135023, 0.0640598759055, 0.142317354679, 0.105677723885, 0.0894116982818, 0.197949081659, 0.141473859549, 0.0469259507954, 0.0422702208161, 0.0355366095901, 0.205528214574, 0.303528547287, 0.142658144236, 0.0311143677682, 0.0179744083434, 0.0210675429553, 0.160227537155, 0.333627641201, 0.210040345788, 0.0580513104796]
    },
    "chords_histogram": [8.34795665741, 6.36751079559, 10.9551267624, 6.99423408508, 5.0639257431, 18.2251186371, 0.401103019714, 18.7014293671, 2.53196287155, 9.40085220337, 0, 0, 0, 0.0501378774643, 0, 0.752068161964, 0.35096514225, 0.325896203518, 1.27851593494, 0, 0.526447713375, 0, 2.43168711662, 7.29506158829],
    "thpcp": [1, 0.629565179348, 0.174000307918, 0.14906296134, 0.0548547655344, 0.035652924329, 0.0569155998528, 0.0679893344641, 0.234915032983, 0.488872051239, 0.328176140785, 0.0946597084403, 0.0855161175132, 0.0857097283006, 0.595713913441, 0.940182983875, 0.437642723322, 0.0492343306541, 0.026662806049, 0.0458247810602, 0.192010104656, 0.426575422287, 0.31675350666, 0.267998486757, 0.593323409557, 0.42404717207, 0.140653669834, 0.126698791981, 0.106515780091, 0.616040706635, 0.909782350063, 0.427596896887, 0.0932607576251, 0.0538756586611, 0.0631468743086, 0.480258584023],
    "chords_key": "C#",
    "chords_scale": "major"
}
}