{
"metadata": {
    "version": {
        "essentia": "2.1-beta6-dev",
        "essentia_git_sha": "v2.1_beta5-1177-g1d1cc983",
        "extractor": "music 2.0"
    },
    "audio_properties": {
        "analysis": {
            "equal_loudness": 0,
            "length": 193.57333374,
            "sample_rate": 44100,
            "start_time": 0,
            "downmix": "mix"
        },
        "bit_rate": 1411200,
        "length": 193.57333374,
        "lossless": 1,
        "number_channels": 2,
        "replay_gain": -12.8454494476,
        "sample_rate": 44100,
        "codec": "pcm_s16le",
        "md5_encoded": "acdfef605ebda1bda793734b182b777b"
    },
    "tags": {
        "file_name": "01 - Manchester Orchestra, The Front Bottoms - Allentown.wav",
        "album": ["Allentown"],
        "albumartist": ["Manchester Orchestra, The Front Bottoms"],
        "artist": ["Manchester Orchestra"],
        "composer": ["Andy Hull"],
        "copyright": ["℗ 2018 Loma Vista Recordings and Fueled By Ramen LLC."],
        "date": ["2018"],
        "discnumber": ["1"],
        "disctotal": ["1"],
        "genre": ["Alternative & Indie"],
        "isrc": ["USC4R1802533"],
        "title": ["Allentown"],
        "tracknumber": ["1"],
        "tracktotal": ["1"]
    }
},
"lowlevel": {
    "average_loudness": 0.679056107998,
    "barkbands_crest": {
        "mean": 11.674249649
    },
    "barkbands_flatness_db": {
        "mean": 0.242336690426
    },
    "barkbands_kurtosis": {
        "mean": 25.7901134491
    },
    "barkbands_skewness": {
        "mean": 2.95061397552
    },
    "barkbands_spread": {
        "mean": 10.5999011993
    },
    "dissonance": {
        "mean": 0.427888900042
    },
    "dynamic_complexity": 5.85379648209,
    "erbbands_crest": {
        "mean": 10.8153038025
    },
    "erbbands_flatness_db": {
        "mean": 0.192822664976
    },
    "erbbands_kurtosis": {
        "mean": 6.54035282135
    },
    "erbbands_skewness": {
        "mean": 1.40058517456
    },
    "erbbands_spread": {
        "mean": 34.3780784607
    },
    "hfc": {
        "mean": 11.4085884094
    },
    "loudness_ebu128": {
        "integrated": -10.7421569824,
        "loudness_range": 11.4067058563,
        "momentary": {
            "mean": -14.6163272858
        },
        "short_term": {
            "mean": -13.0914916992
        }
    },
    "melbands_crest": {
        "mean": 16.0856304169
    },
    "melbands_flatness_db": {
        "mean": 0.346782177687
    },
    "melbands_kurtosis": {
        "mean": 43.1950531006
    },
    "melbands_skewness": {
        "mean": 3.82323741913
    },
    "melbands_spread": {
        "mean": 8.97869300842
    },
    "pitch_salience": {
        "mean": 0.557732701302
    },
    "silence_rate_20dB": {
        "mean": 1
    },
    "silence_rate_30dB": {
        "mean": 0.997121632099
    },
    "silence_rate_60dB": {
        "mean": 0.156032621861
    },
    "spectral_centroid": {
        "mean": 609.460876465
    },
    "spectral_complexity": {
        "mean": 10.223195076
    },
    "spectral_decrease": {
        "mean": -7.32894367417e-09
    },
    "spectral_energy": {
        "mean": 0.0286958869547
    },
    "spectral_energyband_high": {
        "mean": 0.000445805490017
    },
    "spectral_energyband_low": {
        "mean": 0.0121373059228
    },
    "spectral_energyband_middle_high": {
        "mean": 0.00216600275598
    },
    "spectral_energyband_middle_low": {
        "mean": 0.0153283532709
    },
    "spectral_entropy": {
        "mean": 6.67926168442
    },
    "spectral_flux": {
        "mean": 0.0656810328364
    },
    "spectral_kurtosis": {
        "mean": 29.160194397
    },
    "spectral_rms": {
        "mean": 0.0046688313596
    },
    "spectral_rolloff": {
        "mean": 676.843139648
    },
    "spectral_skewness": {
        "mean": 3.37420940399
    },
    "spectral_spread": {
        "mean": 4927432
    },
    "spectral_strongpeak": {
        "mean": 0.534448504448
    },
    "zerocrossingrate": {
        "mean": 0.0370453670621
    },
    "barkbands": {
        "mean": [0.00254687084816, 0.00550246518105, 0.00277962256223, 0.00387067021802, 0.00566465500742, 0.00282738497481, 0.00141022494063, 0.000901233754121, 0.000491855666041, 0.00047004580847, 0.000343472755048, 0.000335001357598, 0.000441088835942, 0.000200982554816, 0.000117233845231, 9.78881507763e-05, 9.35860080062e-05, 6.25916945864e-05, 6.12580552115e-05, 9.40344907576e-05, 9.58058662945e-05, 7.2875598562e-05, 5.71087330172e-05, 8.02187132649e-05, 5.24546921952e-05, 2.26635656873e-05, 2.58152863353e-06]
    },
    "erbbands": {
        "mean": [0.235534250736, 0.956235945225, 2.79250359535, 8.94923210144, 15.1369848251, 19.0622158051, 23.522819519, 22.8671741486, 23.1916332245, 19.4466400146, 16.5428218842, 12.836356163, 11.0809488297, 13.9776544571, 17.1318569183, 15.2573013306, 20.4590950012, 13.008190155, 7.39871788025, 5.20035934448, 5.09132814407, 5.06419563293, 3.63350939751, 3.22485089302, 3.31894493103, 4.30500078201, 4.34981107712, 3.58367443085, 2.42429041862, 2.35174751282, 1.52476108074, 1.64710426331, 1.31235015392, 0.72401446104, 0.293394505978, 0.132006049156, 0.0337116979063, 0.00589793780819, 0.000416668568505, 5.15898063895e-05]
    },
    "gfcc": {
        "mean": [-101.847892761, 111.672637939, -51.7860565186, 25.1724796295, -52.3545227051, 8.36962413788, -48.1058578491, -4.08121299744, -27.9837017059, -4.55620241165, -16.2620582581, -1.41835796833, -9.82361793518],
        "cov": [[30670.734375, -3552.52880859, -5650.22998047, 1030.68823242, -1180.22058105, 3228.11547852, -20.3307723999, 1973.21948242, 378.156738281, 1390.68518066, 449.58706665, 913.357299805, -588.777160645], [-3552.52880859, 2398.77880859, 1009.71044922, -631.094665527, 321.049957275, -476.602081299, 159.456130981, -253.906860352, 164.221481323, -240.110107422, 59.5386047363, -86.6897506714, 175.491317749], [-5650.22998047, 1009.71044922, 1897.80432129, -70.9365844727, 182.703079224, -612.681945801, -47.8057479858, -324.570556641, -42.9605255127, -288.072143555, -101.713768005, -155.416473389, 118.452659607], [1030.68823242, -631.094665527, -70.9365844727, 670.873596191, 65.7545471191, 173.367935181, 3.55957746506, 129.813323975, 6.47016906738, 99.4160919189, -8.03574085236, 3.01362061501, 17.597946167], [-1180.22058105, 321.049957275, 182.703079224, 65.7545471191, 434.970947266, 57.5707473755, 97.8610687256, 23.9571399689, 118.682174683, 10.222992897, 24.4507255554, -20.2346801758, 60.7092971802], [3228.11547852, -476.602081299, -612.681945801, 173.367935181, 57.5707473755, 707.770446777, 144.942642212, 303.085113525, 146.389465332, 208.181182861, 99.9215545654, 118.770904541, -56.8787536621], [-20.3307723999, 159.456130981, -47.8057479858, 3.55957746506, 97.8610687256, 144.942642212, 293.56842041, 80.3383865356, 82.4241714478, 60.3741607666, 57.5367012024, 15.9629306793, 34.4068489075], [1973.21948242, -253.906860352, -324.570556641, 129.813323975, 23.9571399689, 303.085113525, 80.3383865356, 280.97277832, 98.5155029297, 118.959503174, 59.879486084, 83.6064605713, -24.9054489136], [378.156738281, 164.221481323, -42.9605255127, 6.47016906738, 118.682174683, 146.389465332, 82.4241714478, 98.5155029297, 195.677825928, 74.0321044922, 60.6921348572, 43.9355506897, 21.6200370789], [1390.68518066, -240.110107422, -288.072143555, 99.4160919189, 10.222992897, 208.181182861, 60.3741607666, 118.959503174, 74.0321044922, 196.214370728, 75.1367874146, 50.4676208496, -8.47277355194], [449.58706665, 59.5386047363, -101.713768005, -8.03574085236, 24.4507255554, 99.9215545654, 57.5367012024, 59.879486084, 60.6921348572, 75.1367874146, 127.224136353, 65.9818344116, 12.6377592087], [913.357299805, -86.6897506714, -155.416473389, 3.01362061501, -20.2346801758, 118.770904541, 15.9629306793, 83.6064605713, 43.9355506897, 50.4676208496, 65.9818344116, 129.99597168, 17.8424777985], [-588.777160645, 175.491317749, 118.452659607, 17.597946167, 60.7092971802, -56.8787536621, 34.4068489075, -24.9054489136, 21.6200370789, -8.47277355194, 12.6377592087, 17.8424777985, 112.022842407]],
        "icov": [[0.000356207863661, -0.000558140454814, 0.000600708881393, -0.000548653828446, 0.000913953757845, -0.000816568674054, 0.000675379997119, -0.000982518191449, 0.000459643953945, -0.00108133850154, 0.000947923399508, -0.0010260642739, 0.000747751677409], [-0.000558140454814, 0.00211924500763, -0.00124137476087, 0.00183254061267, -0.0018091526581, 0.00160688511096, -0.0014151618816, 0.00151228124741, -0.0018005684251, 0.00267394841649, -0.00267499289475, 0.00249065714888, -0.00220667896792], [0.000600708881393, -0.00124137476087, 0.00202142307535, -0.00136981112882, 0.00139060860965, -0.000923430023249, 0.00110767793376, -0.00128857570235, 0.000539325876161, -0.00115195778199, 0.00168619921897, -0.00160333188251, 0.00120442849584], [-0.000548653828446, 0.00183254061267, -0.00136981112882, 0.00360718206502, -0.00201454130001, 0.00111721002031, -0.000855756516103, 0.000418834504671, -0.000623089901637, 0.00125719513744, -0.00172265421133, 0.00285225571133, -0.0029023247771], [0.000913953757845, -0.0018091526581, 0.00139060860965, -0.00201454130001, 0.00584388896823, -0.0026585792657, 0.00145153817721, -0.00236960942857, -0.000417217466747, -0.00245174695738, 0.00233651231974, -0.00144486117642, 0.000855904363561], [-0.000816568674054, 0.00160688511096, -0.000923430023249, 0.00111721002031, -0.0026585792657, 0.00566168548539, -0.00252629630268, 0.00051402108511, -0.00204276153818, 0.00172566133551, -0.00224694074132, 0.0012638065964, -0.000225514202612], [0.000675379997119, -0.0014151618816, 0.00110767793376, -0.000855756516103, 0.00145153817721, -0.00252629630268, 0.00613425672054, -0.002756226575, 0.00083566311514, -0.00254815537483, 0.000666639476549, -0.000395084556658, -0.000202667622943], [-0.000982518191449, 0.00151228124741, -0.00128857570235, 0.000418834504671, -0.00236960942857, 0.00051402108511, -0.002756226575, 0.0111412443221, -0.00330829620361, 0.00237955781631, -0.00193771452177, -8.26307805255e-05, -0.000317411089782], [0.000459643953945, -0.0018005684251, 0.000539325876161, -0.000623089901637, -0.000417217466747, -0.00204276153818, 0.00083566311514, -0.00330829620361, 0.0106906918809, -0.00415977928787, 0.00110414333176, -0.00262341764756, 0.000876258476637], [-0.00108133850154, 0.00267394841649, -0.00115195778199, 0.00125719513744, -0.00245174695738, 0.00172566133551, -0.00254815537483, 0.00237955781631, -0.00415977928787, 0.0145333791152, -0.00803485698998, 0.00509873311967, -0.00333875906654], [0.000947923399508, -0.00267499289475, 0.00168619921897, -0.00172265421133, 0.00233651231974, -0.00224694074132, 0.000666639476549, -0.00193771452177, 0.00110414333176, -0.00803485698998, 0.017759712413, -0.00952974241227, 0.00331118516624], [-0.0010260642739, 0.00249065714888, -0.00160333188251, 0.00285225571133, -0.00144486117642, 0.0012638065964, -0.000395084556658, -8.26307805255e-05, -0.00262341764756, 0.00509873311967, -0.00952974241227, 0.018065745011, -0.00743004912511], [0.000747751677409, -0.00220667896792, 0.00120442849584, -0.0029023247771, 0.000855904363561, -0.000225514202612, -0.000202667622943, -0.000317411089782, 0.000876258476637, -0.00333875906654, 0.00331118516624, -0.00743004912511, 0.0152976848185]]
    },
    "melbands": {
        "mean": [0.00195104582235, 0.00144982198253, 0.00174599303864, 0.0011995715322, 0.000881233718246, 0.000516419822816, 0.000336690951372, 0.000208112702239, 0.000128818399389, 7.24224955775e-05, 5.39027059858e-05, 5.62968052691e-05, 5.28199161636e-05, 4.52906206192e-05, 4.14203823311e-05, 3.84538543585e-05, 2.30874593399e-05, 1.15455968626e-05, 7.43282316762e-06, 7.52810956328e-06, 5.51762968826e-06, 5.43167197975e-06, 3.99533291784e-06, 3.01384261547e-06, 2.51501592174e-06, 2.40934582507e-06, 2.321295824e-06, 3.07777031594e-06, 2.95963764074e-06, 2.2940321287e-06, 2.00031104214e-06, 1.37089398322e-06, 1.3278224742e-06, 1.2432440144e-06, 8.22662116207e-07, 9.40705149333e-07, 1.02825697468e-06, 9.32004240894e-07, 8.17170189293e-07, 5.40429425655e-07]
    },
    "melbands128": {
        "mean": [0.00199809065089, 0.00231834384613, 0.00176767376252, 0.00155582698062, 0.00128495704848, 0.00147837342229, 0.00179069617298, 0.00198055710644, 0.00150300271343, 0.00108689151239, 0.00101733847987, 0.00112839823123, 0.000760622904636, 0.000716598297004, 0.000561647582799, 0.000383251841413, 0.000370718509657, 0.000392025656765, 0.00019888964016, 0.000220854388317, 0.00021390344773, 0.000137882321724, 0.000124996979139, 0.000106155523099, 0.000100228455267, 4.37817761849e-05, 4.35176189058e-05, 6.82117970427e-05, 3.46149026882e-05, 9.02629108168e-05, 4.20572941948e-05, 3.54718758899e-05, 5.97554389969e-05, 6.47520646453e-05, 4.34155845142e-05, 4.67508070869e-05, 3.61590682587e-05, 2.24832456297e-05, 7.00943055563e-05, 4.43680801254e-05, 3.52133247361e-05, 1.7965787265e-05, 2.84158431896e-05, 2.35592615354e-05, 9.07559751795e-06, 1.03871498141e-05, 1.36990547617e-05, 6.38207711745e-06, 5.41800136489e-06, 6.5314125095e-06, 9.03769250726e-06, 7.42953125155e-06, 4.70835448141e-06, 5.44935983271e-06, 5.26237772647e-06, 5.73780425839e-06, 4.84339943796e-06, 5.50460663362e-06, 2.854579634e-06, 2.89930949293e-06, 3.13467239721e-06, 2.98713484881e-06, 2.91634933092e-06, 2.13301473195e-06, 2.30847149396e-06, 2.47198659054e-06, 2.47408206633e-06, 2.31575859289e-06, 2.25912754104e-06, 2.28022099691e-06, 2.86866088572e-06, 3.69207555195e-06, 3.68910400539e-06, 2.64512141257e-06, 2.2998606255e-06, 2.4008309083e-06, 2.21773962039e-06, 2.20798187911e-06, 1.99204600904e-06, 1.84846498996e-06, 1.37631855068e-06, 1.25864630718e-06, 1.108710876e-06, 1.2057710137e-06, 1.70605278527e-06, 1.39920939546e-06, 1.10729797598e-06, 8.65448043896e-07, 7.98507585387e-07, 7.69226176089e-07, 8.6224935103e-07, 1.01391356111e-06, 1.03155355191e-06, 1.07530536297e-06, 9.94667516352e-07, 9.22894741961e-07, 9.29785073822e-07, 9.31271301852e-07, 8.48509955631e-07, 7.59747535994e-07, 6.43275711809e-07, 5.04519675815e-07, 4.16362951228e-07, 3.53719912027e-07, 3.01281460224e-07, 2.91122290719e-07, 2.94815635016e-07, 2.76308782077e-07, 2.48134909953e-07, 1.77377671662e-07, 1.37650047805e-07, 1.22341148767e-07, 9.8892371625e-08, 8.01884922907e-08, 6.86792844817e-08, 5.8196089725e-08, 4.07450997386e-08, 2.25109690888e-08, 1.33768951471e-08, 9.3137959567e-09, 8.11445932669e-09, 6.90396539937e-09, 5.05634556447e-09, 3.66404506735e-09, 2.72463474005e-09, 1.98442218213e-09, 1.30831734335e-09, 7.28682336693e-10]
    },
    "mfcc": {
        "mean": [-762.943664551, 147.104003906, 50.7729873657, 23.7633304596, 18.4190139771, 6.6483259201, -4.02181863785, -3.33355641365, -7.52544355392, -7.44967556, -7.3645324707, -5.59025239944, -6.74327802658],
        "cov": [[30319.03125, -3725.42529297, -3665.67504883, -2270.08984375, -304.932189941, 719.611694336, 582.355407715, 1072.79345703, 388.517089844, 723.892700195, 1372.05517578, 1303.48010254, 793.527770996], [-3725.42529297, 2458.29663086, 572.615661621, -23.9319515228, 48.8272018433, -126.478691101, -144.551193237, -13.8162240982, -32.5392150879, -74.7105484009, -116.438301086, -136.438827515, -27.7537021637], [-3665.67504883, 572.615661621, 1232.22497559, 453.503631592, 86.3073043823, -107.720001221, -101.396461487, -112.143165588, -32.6485290527, -120.649734497, -169.701690674, -138.184860229, -104.434242249], [-2270.08984375, -23.9319515228, 453.503631592, 643.391845703, 123.879951477, -43.0814819336, -4.46798658371, -112.20728302, 35.4671554565, -40.9403877258, -103.535171509, -95.3939666748, -72.091178894], [-304.932189941, 48.8272018433, 86.3073043823, 123.879951477, 373.03503418, 93.6145248413, 6.47090864182, 62.9030838013, 74.3536987305, 51.27551651, 49.2760848999, 25.5004558563, 4.70041131973], [719.611694336, -126.478691101, -107.720001221, -43.0814819336, 93.6145248413, 272.70892334, 124.011276245, 101.974983215, 99.6839447021, 127.783378601, 110.999809265, 75.342590332, 64.241607666], [582.355407715, -144.551193237, -101.396461487, -4.46798658371, 6.47090864182, 124.011276245, 206.94317627, 94.5199737549, 71.9845581055, 92.0990371704, 76.0883331299, 58.4444618225, 59.1512107849], [1072.79345703, -13.8162240982, -112.143165588, -112.20728302, 62.9030838013, 101.974983215, 94.5199737549, 245.034332275, 99.0826568604, 75.1890563965, 125.417144775, 93.7048187256, 76.747467041], [388.517089844, -32.5392150879, -32.6485290527, 35.4671554565, 74.3536987305, 99.6839447021, 71.9845581055, 99.0826568604, 181.088943481, 91.7823486328, 65.3869552612, 60.6649665833, 39.0406761169], [723.892700195, -74.7105484009, -120.649734497, -40.9403877258, 51.27551651, 127.783378601, 92.0990371704, 75.1890563965, 91.7823486328, 188.200820923, 112.214981079, 60.4506988525, 64.6048049927], [1372.05517578, -116.438301086, -169.701690674, -103.535171509, 49.2760848999, 110.999809265, 76.0883331299, 125.417144775, 65.3869552612, 112.214981079, 209.24887085, 121.354621887, 76.9776229858], [1303.48010254, -136.438827515, -138.184860229, -95.3939666748, 25.5004558563, 75.342590332, 58.4444618225, 93.7048187256, 60.6649665833, 60.4506988525, 121.354621887, 163.185638428, 76.0876922607], [793.527770996, -27.7537021637, -104.434242249, -72.091178894, 4.70041131973, 64.241607666, 59.1512107849, 76.747467041, 39.0406761169, 64.6048049927, 76.9776229858, 76.0876922607, 122.921936035]],
        "icov": [[9.63837956078e-05, 9.94830625132e-05, 0.000109971617348, 0.000160685536684, 4.23783676524e-05, 4.82181640109e-05, 6.19803831796e-05, -9.42498154473e-05, -2.34439357882e-05, -1.08476133391e-05, -0.000187655125046, -0.000301020394545, -9.28857989493e-05], [9.94830625132e-05, 0.000625804474112, -0.000184556920431, 0.000460947689135, -7.70295591792e-05, 0.000221812602831, 0.000257922685705, -0.000211136983125, -0.000189442725969, -5.26261610503e-05, -0.000156200723723, 0.000182018833584, -0.000419675110606], [0.000109971617348, -0.000184556920431, 0.00150944921188, -0.000778755114879, 4.4882443035e-05, -0.000103899888927, 0.000367690605344, -0.000390265631722, 0.000199144822545, 0.00021654558077, 0.000171114283148, -0.000443598779384, 0.000183785115951], [0.000160685536684, 0.000460947689135, -0.000778755114879, 0.00326838972978, -0.000954485032707, 0.000739800743759, -0.00107083504554, 0.00137708883267, -0.00160153303295, 0.000405894650612, -0.000403046316933, 0.000585510162637, -0.000187361671124], [4.23783676524e-05, -7.70295591792e-05, 4.4882443035e-05, -0.000954485032707, 0.00371966673993, -0.00133852101862, 0.00140554492828, -0.00110973301344, -0.000271421391517, -0.000396248506149, -0.000419298856286, -0.00047958776122, 0.000615095428657], [4.82181640109e-05, 0.000221812602831, -0.000103899888927, 0.000739800743759, -0.00133852101862, 0.00714860344306, -0.00254145683721, 0.000189733545994, -0.00124937994406, -0.00199548900127, -0.000928153458517, -4.59124858025e-05, -0.000440655188868], [6.19803831796e-05, 0.000257922685705, 0.000367690605344, -0.00107083504554, 0.00140554492828, -0.00254145683721, 0.00864521227777, -0.00237383437343, 5.39374304935e-05, -0.00184975890443, 0.000511331309099, -0.000595370598603, -0.00105770095252], [-9.42498154473e-05, -0.000211136983125, -0.000390265631722, 0.00137708883267, -0.00110973301344, 0.000189733545994, -0.00237383437343, 0.00868900679052, -0.00341005646624, 0.00210563070141, -0.00307943345979, 0.000600120867603, -0.00176929449663], [-2.34439357882e-05, -0.000189442725969, 0.000199144822545, -0.00160153303295, -0.000271421391517, -0.00124937994406, 5.39374304935e-05, -0.00341005646624, 0.0103507805616, -0.00378419808112, 0.00213029887527, -0.0027621476911, 0.00118207954802], [-1.08476133391e-05, -5.26261610503e-05, 0.00021654558077, 0.000405894650612, -0.000396248506149, -0.00199548900127, -0.00184975890443, 0.00210563070141, -0.00378419808112, 0.0117986788973, -0.00477997539565, 0.0026802031789, -0.00255121197551], [-0.000187655125046, -0.000156200723723, 0.000171114283148, -0.000403046316933, -0.000419298856286, -0.000928153458517, 0.000511331309099, -0.00307943345979, 0.00213029887527, -0.00477997539565, 0.0131235197186, -0.00557951116934, 0.000333822827088], [-0.000301020394545, 0.000182018833584, -0.000443598779384, 0.000585510162637, -0.00047958776122, -4.59124858025e-05, -0.000595370598603, 0.000600120867603, -0.0027621476911, 0.0026802031789, -0.00557951116934, 0.0148016083986, -0.0042943903245], [-9.28857989493e-05, -0.000419675110606, 0.000183785115951, -0.000187361671124, 0.000615095428657, -0.000440655188868, -0.00105770095252, -0.00176929449663, 0.00118207954802, -0.00255121197551, 0.000333822827088, -0.0042943903245, 0.0139213670045]]
    },
    "spectral_contrast_coeffs": {
        "mean": [-0.667041242123, -0.743525505066, -0.794314861298, -0.822787225246, -0.822507143021, -0.827648818493]
    },
    "spectral_contrast_valleys": {
        "mean": [-6.78398370743, -7.59120225906, -8.71654510498, -9.02011203766, -9.28293514252, -11.0304689407]
    }
},
"rhythm": {
    "beats_count": 411,
    "beats_loudness": {
        "mean": 0.0335015021265
    },
    "bpm": 126.09312439,
    "bpm_histogram_first_peak_bpm": 126,
    "bpm_histogram_first_peak_weight": 0.45289850235,
    "bpm_histogram_second_peak_bpm": 133,
    "bpm_histogram_second_peak_spread": 0.299999952316,
    "bpm_histogram_second_peak_weight": 0.0512195117772,
    "danceability": 0.890786170959,
    "onset_rate": 2.20561981201,
    "beats_loudness_band_ratio": {
        "mean": [0.595322191715, 0.32438352704, 0.0750124454498, 0.0357697680593, 0.0125520080328, 0.0331359431148]
    },
    "beats_position": [0.510838985443, 1.02167797089, 1.50929701328, 1.99691605568, 2.49614500999, 2.97215414047, 3.44816327095, 3.92417216301, 4.40018129349, 4.88780021667, 5.3754196167, 5.86303853989, 6.38548755646, 6.90793657303, 7.4303855896, 7.94122457504, 8.45206356049, 8.96290206909, 9.47374153137, 9.98458003998, 10.47219944, 10.9714279175, 11.4706573486, 11.9582767487, 12.445895195, 12.933514595, 13.4443531036, 13.9435825348, 14.4544210434, 14.9652605057, 15.4760990143, 15.9869384766, 16.4861679077, 16.9853973389, 17.4846248627, 17.9490242004, 18.4134235382, 18.877822876, 19.3306121826, 19.7717914581, 20.2245807648, 20.6773700714, 21.1417675018, 21.6061668396, 22.0589561462, 22.523355484, 22.9877548218, 23.4521541595, 23.9281635284, 24.40417099, 24.8685703278, 25.3445796967, 25.8205890656, 26.2965984344, 26.7726078033, 27.2370071411, 27.7014045715, 28.1658039093, 28.6418132782, 29.1178226471, 29.593832016, 30.0698413849, 30.5458488464, 31.0102481842, 31.4862575531, 31.9738769531, 32.4614944458, 32.960723877, 33.4599533081, 33.9475746155, 34.3887519836, 34.8299331665, 35.2711105347, 35.6890678406, 36.1070289612, 36.5365982056, 36.9777755737, 37.3609046936, 37.7440338135, 38.1271629333, 38.4870758057, 38.8469848633, 39.1952819824, 39.5435829163, 39.8918800354, 40.2401809692, 40.6000900269, 40.9599990845, 41.3083000183, 41.6682090759, 42.0281181335, 42.3764152527, 42.7247161865, 43.0730133057, 43.432926178, 43.7928352356, 44.1527442932, 44.5126533508, 44.8725624084, 45.2324714661, 45.5807685852, 45.929069519, 46.3238105774, 46.718547821, 47.1132888794, 47.508026123, 47.9027671814, 48.297504425, 48.6922454834, 49.0869827271, 49.4817237854, 49.8648529053, 50.2479820251, 50.631111145, 51.0258483887, 51.4089775085, 51.8037185669, 52.2565078735, 52.7092971802, 53.1620864868, 53.6497039795, 54.1257133484, 54.6133308411, 55.1009521484, 55.5885696411, 56.0877990723, 56.5870285034, 57.0630378723, 57.5622673035, 58.0266647339, 58.491065979, 58.9554634094, 59.4082527161, 59.884262085, 60.3602714539, 60.8246688843, 61.2890701294, 61.741859436, 62.1946487427, 62.6590461731, 63.1118354797, 63.5646247864, 64.0058059692, 64.4469833374, 64.8765487671, 65.3061218262, 65.7589111328, 66.2117004395, 66.6644897461, 67.1869354248, 67.7093887329, 68.2434463501, 68.7775039673, 69.3115615845, 69.8456192017, 70.3912887573, 70.936958313, 71.5290679932, 72.1211776733, 72.7132873535, 73.2821731567, 73.8626708984, 74.3502960205, 74.8495254517, 75.3255310059, 75.8015441895, 76.2775497437, 76.7651672363, 77.2295684814, 77.6939697266, 78.1699752808, 78.6459884644, 79.1219940186, 79.5979995728, 80.0624008179, 80.526802063, 80.9912033081, 81.4672088623, 81.9432220459, 82.4308395386, 82.9184570312, 83.4060745239, 83.8936920166, 84.3813171387, 84.8457107544, 85.3101119995, 85.7745132446, 86.2621307373, 86.74974823, 87.2257614136, 87.6785507202, 88.1429443359, 88.6073455811, 89.0717468262, 89.5477523804, 90.035369873, 90.5229949951, 90.9990005493, 91.4634017944, 91.9394073486, 92.4154205322, 92.8914260864, 93.36743927, 93.8434448242, 94.3194503784, 94.8186798096, 95.3063049316, 95.7823104858, 96.2699279785, 96.7459411621, 97.2219467163, 97.6979598999, 98.1739654541, 98.6499786377, 99.1259841919, 99.6019973755, 100.07800293, 100.554008484, 101.018409729, 101.494422913, 101.970428467, 102.44644165, 102.922447205, 103.38684845, 103.862854004, 104.327255249, 104.814872742, 105.302490234, 105.790107727, 106.266120911, 106.742126465, 107.20652771, 107.670928955, 108.1353302, 108.622947693, 109.110565186, 109.598182678, 110.074195862, 110.550201416, 111.037818909, 111.502220154, 111.978225708, 112.454238892, 112.930244446, 113.406257629, 113.882263184, 114.358276367, 114.822669983, 115.287071228, 115.751472473, 116.239089966, 116.726707458, 117.202720642, 117.678726196, 118.15473938, 118.630744934, 119.106758118, 119.582763672, 120.058776855, 120.53478241, 121.010787964, 121.486801147, 121.962806702, 122.438819885, 122.90322113, 123.367614746, 123.832015991, 124.308021545, 124.772422791, 125.260040283, 125.747665405, 126.235282898, 126.711288452, 127.187301636, 127.66330719, 128.127700806, 128.615325928, 129.079727173, 129.555740356, 130.031738281, 130.519363403, 131.006988525, 131.494598389, 131.982223511, 132.458221436, 132.922622681, 133.398635864, 133.874649048, 134.350662231, 134.826660156, 135.30267334, 135.778686523, 136.254684448, 136.730697632, 137.206710815, 137.682723999, 138.158721924, 138.623123169, 139.087524414, 139.551925659, 140.027938843, 140.503936768, 140.968338013, 141.444351196, 141.92036438, 142.396362305, 142.872375488, 143.336776733, 143.847610474, 144.335235596, 144.822860718, 145.310470581, 145.786483765, 146.262496948, 146.738494873, 147.214508057, 147.702133179, 148.166534424, 148.63092041, 149.095321655, 149.571334839, 150.047348022, 150.523345947, 150.999359131, 151.463760376, 151.93977356, 152.415786743, 152.891784668, 153.37940979, 153.855422974, 154.331420898, 154.807434082, 155.283447266, 155.759460449, 156.235458374, 156.711471558, 157.19909668, 157.675094604, 158.151107788, 158.627120972, 159.103118896, 159.567520142, 160.043533325, 160.519546509, 160.983947754, 161.459945679, 161.935958862, 162.411972046, 162.887985229, 163.363983154, 163.839996338, 164.316009521, 164.803619385, 165.291244507, 165.76725769, 166.243255615, 166.719268799, 167.195281982, 167.671295166, 168.147293091, 168.623306274, 169.08770752, 169.575332642, 170.051330566, 170.52734375, 171.014968872, 171.514190674, 172.013427734, 172.489425659, 172.965438843, 173.429840088, 173.882629395, 174.335418701, 174.799819946, 175.252609253, 175.740219116, 176.239456177, 176.738677979, 177.226303101, 177.713912964, 178.201538086, 178.689163208, 179.165161133, 179.641174316, 180.1171875, 180.593200684, 181.069198608, 181.545211792, 182.021224976, 182.508834839, 183.042892456, 183.576965332, 184.122619629, 184.575408936, 185.016601562, 185.469390869, 185.898956299, 186.340133667, 186.769699097, 187.24571228, 187.721725464, 188.197723389, 188.662124634, 189.172973633, 189.683807373, 190.21786499, 190.751922607, 191.285980225, 191.820037842, 192.354095459, 192.888153076],
    "bpm_histogram": [0, 0, 0, 0, 0, 0, 0, 0, 0, 0, 0, 0, 0, 0, 0, 0, 0, 0, 0, 0, 0, 0, 0, 0, 0, 0, 0, 0, 0, 0, 0, 0, 0, 0, 0, 0, 0, 0, 0, 0, 0, 0, 0, 0, 0, 0, 0, 0, 0, 0, 0, 0, 0, 0, 0, 0, 0, 0, 0, 0, 0, 0, 0, 0, 0, 0, 0, 0, 0, 0, 0, 0, 0, 0, 0, 0, 0, 0, 0, 0, 0, 0, 0, 0, 0, 0, 0, 0, 0, 0, 0, 0, 0, 0, 0, 0, 0, 0, 0, 0, 0, 0.00731707317755, 0, 0.00243902439252, 0, 0.00243902439252, 0, 0, 0, 0, 0.00731707317755, 0, 0.0292682927102, 0, 0, 0.0121951214969, 0, 0.0341463424265, 0, 0, 0.043902438134, 0, 0, 0.151219516993, 0, 0, 0.368292689323, 0, 0, 0.153658539057, 0, 0, 0, 0.0512195117772, 0, 0, 0.021951219067, 0, 0, 0, 0.0121951214969, 0, 0, 0, 0.00487804878503, 0, 0, 0, 0, 0, 0, 0, 0.0268292687833, 0, 0, 0, 0, 0.0170731712133, 0, 0, 0, 0, 0, 0, 0, 0, 0, 0.0292682927102, 0, 0, 0, 0, 0.0243902429938, 0, 0, 0, 0, 0, 0, 0, 0, 0, 0, 0, 0, 0, 0, 0, 0, 0, 0, 0, 0, 0, 0, 0, 0, 0, 0, 0, 0, 0, 0, 0, 0, 0, 0, 0, 0, 0, 0, 0, 0, 0, 0, 0, 0, 0, 0, 0, 0, 0, 0, 0, 0, 0, 0, 0, 0, 0, 0, 0, 0, 0, 0, 0, 0, 0, 0, 0, 0, 0, 0, 0, 0, 0, 0, 0, 0, 0]
},
"tonal": {
    "chords_changes_rate": 0.0386091135442,
    "chords_number_rate": 0.00167865701951,
    "chords_strength": {
        "mean": 0.586346745491
    },
    "hpcp_crest": {
        "mean": 13.2967882156
    },
    "hpcp_entropy": {
        "mean": 2.0865688324
    },
    "key_edma": {
        "strength": 0.801719248295,
        "key": "F",
        "scale": "major"
    },
    "key_krumhansl": {
        "strength": 0.798191666603,
        "key": "F",
        "scale": "major"
    },
    "key_temperley": {
        "strength": 0.790510058403,
        "key": "F",
        "scale": "major"
    },
    "tuning_diatonic_strength": 0.670605361462,
    "tuning_equal_tempered_deviation": 0.202174559236,
    "tuning_frequency": 434.193115234,
    "tuning_nontempered_energy_ratio": 0.944638371468,
    "hpcp": {
        "mean": [0.206738904119, 0.220435470343, 0.0664303526282, 0.028021633625, 0.0183523520827, 0.0264396853745, 0.0659542605281, 0.0927818194032, 0.144245356321, 0.380263984203, 0.377510815859, 0.141743302345, 0.0774972215295, 0.0651721283793, 0.0680273249745, 0.155097857118, 0.173502743244, 0.0831530019641, 0.048707973212, 0.0403178296983, 0.07082375139, 0.206468850374, 0.223178014159, 0.148358240724, 0.283170521259, 0.245830491185, 0.059076089412, 0.0259629320353, 0.0218203347176, 0.0536283478141, 0.229801297188, 0.230936825275, 0.0580416321754, 0.0248948652297, 0.0230183769017, 0.0463906638324]
    },
    "chords_histogram": [25.6594715118, 13.1894483566, 44.3884887695, 0.815347731113, 1.41486811638, 0.647482037544, 0.383693039417, 0, 0.191846519709, 0, 0, 0, 0, 0, 0, 0, 0, 1.70263791084, 0, 1.07913672924, 0, 0.071942448616, 0, 10.4556350708],
    "thpcp": [1, 0.992759823799, 0.372749745846, 0.203798472881, 0.171386539936, 0.178894996643, 0.407868921757, 0.456269204617, 0.218671783805, 0.128089889884, 0.106025896966, 0.186248913407, 0.542961895466, 0.586902856827, 0.390145391226, 0.744668245316, 0.646473228931, 0.155355468392, 0.0682760775089, 0.0573820695281, 0.141029253602, 0.604320466518, 0.607306599617, 0.152635097504, 0.0654673203826, 0.0605326257646, 0.121995940804, 0.543672084808, 0.579690635204, 0.17469535768, 0.0736899524927, 0.0482621341944, 0.0695298165083, 0.173443347216, 0.24399317801, 0.379329532385],
    "chords_key": "C",
    "chords_scale": "major"
}
}