{
"metadata": {
    "version": {
        "essentia": "2.1-beta6-dev",
        "essentia_git_sha": "v2.1_beta5-1177-g1d1cc983",
        "extractor": "music 2.0"
    },
    "audio_properties": {
        "analysis": {
            "equal_loudness": 0,
            "length": 259.346679688,
            "sample_rate": 44100,
            "start_time": 0,
            "downmix": "mix"
        },
        "bit_rate": 1411200,
        "length": 259.346679688,
        "lossless": 1,
        "number_channels": 2,
        "replay_gain": -10.1577205658,
        "sample_rate": 44100,
        "codec": "pcm_s16le",
        "md5_encoded": "cb752a56eba763aebc8819990d659bed"
    },
    "tags": {
        "file_name": "07 - Manchester Orchestra - I Can Feel a Hot One (Album Version).wav",
        "album": ["Mean Everything To Nothing"],
        "albumartist": ["Manchester Orchestra"],
        "artist": ["Manchester Orchestra"],
        "composer": ["Andy Hull"],
        "copyright": ["(P) 2009 Sony Music Entertainment"],
        "date": ["2009"],
        "discnumber": ["1"],
        "disctotal": ["1"],
        "genre": ["Pop\/Rock"],
        "isrc": ["USSM10900804"],
        "title": ["I Can Feel a Hot One (Album Version)"],
        "tracknumber": ["7"],
        "tracktotal": ["12"]
    }
},
"lowlevel": {
    "average_loudness": 0.594438135624,
    "barkbands_crest": {
        "mean": 14.4114141464
    },
    "barkbands_flatness_db": {
        "mean": 0.236848384142
    },
    "barkbands_kurtosis": {
        "mean": 15.8010149002
    },
    "barkbands_skewness": {
        "mean": 2.72189593315
    },
    "barkbands_spread": {
        "mean": 11.4277830124
    },
    "dissonance": {
        "mean": 0.412999361753
    },
    "dynamic_complexity": 4.44737434387,
    "erbbands_crest": {
        "mean": 10.3036289215
    },
    "erbbands_flatness_db": {
        "mean": 0.202484607697
    },
    "erbbands_kurtosis": {
        "mean": 2.47557640076
    },
    "erbbands_skewness": {
        "mean": 0.90272963047
    },
    "erbbands_spread": {
        "mean": 31.9153995514
    },
    "hfc": {
        "mean": 16.9083881378
    },
    "loudness_ebu128": {
        "integrated": -11.9104738235,
        "loudness_range": 9.31294631958,
        "momentary": {
            "mean": -14.4310274124
        },
        "short_term": {
            "mean": -13.5123205185
        }
    },
    "melbands_crest": {
        "mean": 18.7648620605
    },
    "melbands_flatness_db": {
        "mean": 0.32900840044
    },
    "melbands_kurtosis": {
        "mean": 24.5146217346
    },
    "melbands_skewness": {
        "mean": 3.39966583252
    },
    "melbands_spread": {
        "mean": 11.8316440582
    },
    "pitch_salience": {
        "mean": 0.456664741039
    },
    "silence_rate_20dB": {
        "mean": 1
    },
    "silence_rate_30dB": {
        "mean": 0.941276490688
    },
    "silence_rate_60dB": {
        "mean": 0.107689552009
    },
    "spectral_centroid": {
        "mean": 731.298950195
    },
    "spectral_complexity": {
        "mean": 11.5856237411
    },
    "spectral_decrease": {
        "mean": -1.0760258462e-08
    },
    "spectral_energy": {
        "mean": 0.0421452857554
    },
    "spectral_energyband_high": {
        "mean": 0.000731663079932
    },
    "spectral_energyband_low": {
        "mean": 0.0247701164335
    },
    "spectral_energyband_middle_high": {
        "mean": 0.00290663680062
    },
    "spectral_energyband_middle_low": {
        "mean": 0.0152234192938
    },
    "spectral_entropy": {
        "mean": 6.67486906052
    },
    "spectral_flux": {
        "mean": 0.054260250181
    },
    "spectral_kurtosis": {
        "mean": 14.6091585159
    },
    "spectral_rms": {
        "mean": 0.00561396079138
    },
    "spectral_rolloff": {
        "mean": 875.635375977
    },
    "spectral_skewness": {
        "mean": 2.67789459229
    },
    "spectral_spread": {
        "mean": 3897159.75
    },
    "spectral_strongpeak": {
        "mean": 0.727403461933
    },
    "zerocrossingrate": {
        "mean": 0.0348339341581
    },
    "barkbands": {
        "mean": [0.000977008719929, 0.0187249742448, 0.00377369555645, 0.00202700053342, 0.00639997655526, 0.00212127179839, 0.00190146954264, 0.00159660715144, 0.00075935816858, 0.000820842513349, 0.000387945387047, 0.000328535912558, 0.000352482515154, 0.000278143910691, 0.000141647149576, 0.000157602698891, 0.00024230942654, 0.000215271342313, 0.00016209288151, 8.46741895657e-05, 7.82365750638e-05, 0.000119069823995, 0.000152748194523, 0.000158123715664, 0.000137105671456, 4.04532911489e-05, 5.96423478783e-06]
    },
    "erbbands": {
        "mean": [0.767253875732, 3.24774909019, 4.7222161293, 6.39646100998, 15.1964883804, 20.3564662933, 20.0077438354, 14.9404125214, 30.1436729431, 32.0128860474, 24.4486217499, 16.6011714935, 28.2100582123, 14.8885536194, 14.279999733, 14.7432022095, 17.165430069, 15.4239253998, 7.89966058731, 8.44840812683, 9.67454624176, 12.7994146347, 12.7307691574, 9.14677715302, 7.26997852325, 3.99340438843, 2.75615739822, 3.72910261154, 3.7783882618, 4.46504497528, 4.4443359375, 3.9439163208, 2.29106116295, 1.80166649818, 0.80017799139, 0.278435766697, 0.0521632656455, 0.00763241946697, 0.000987660838291, 0.000114828369988]
    },
    "gfcc": {
        "mean": [-73.3817825317, 128.275787354, -87.7484207153, 18.0840759277, -51.5984115601, -2.63616704941, -44.2900047302, 1.73958647251, -19.9842338562, -3.78070902824, -9.98893928528, -0.521495521069, -9.30104637146],
        "cov": [[17162.4804688, -2409.40820312, -1347.33862305, 1688.10388184, -423.052246094, 1727.05957031, -235.099258423, 1467.77441406, -472.213775635, -287.031982422, -619.461975098, 162.163589478, -384.673156738], [-2409.40820312, 2220.91503906, -154.476623535, -489.95223999, 774.744018555, -436.679412842, 332.481079102, -366.16986084, 186.424407959, -47.0332984924, 189.227981567, -150.168411255, 142.084960938], [-1347.33862305, -154.476623535, 1538.04980469, 472.633300781, 181.623794556, 237.028762817, 172.998062134, 99.3982315063, 257.651550293, 313.444854736, 168.099365234, 206.738204956, 189.543395996], [1688.10388184, -489.95223999, 472.633300781, 863.127319336, 73.2660598755, 268.336151123, 76.7929611206, 246.531066895, 84.4935913086, 155.795532227, 27.8648414612, 113.372032166, 119.163169861], [-423.052246094, 774.744018555, 181.623794556, 73.2660598755, 685.642822266, -11.5658140182, 203.981399536, 0.292892962694, 218.472732544, 121.362510681, 127.474304199, 50.95495224, 162.599273682], [1727.05957031, -436.679412842, 237.028762817, 268.336151123, -11.5658140182, 568.059814453, 109.762924194, 245.195526123, 9.87782287598, 59.1944923401, -7.04474878311, 85.130241394, -37.7738304138], [-235.099258423, 332.481079102, 172.998062134, 76.7929611206, 203.981399536, 109.762924194, 362.637329102, 32.0983123779, 100.684677124, 95.6798324585, 86.2917785645, 39.6422157288, 74.9138183594], [1467.77441406, -366.16986084, 99.3982315063, 246.531066895, 0.292892962694, 245.195526123, 32.0983123779, 425.252319336, 105.831893921, 32.1636238098, 3.06036877632, 136.092834473, 26.1873817444], [-472.213775635, 186.424407959, 257.651550293, 84.4935913086, 218.472732544, 9.87782287598, 100.684677124, 105.831893921, 305.31072998, 153.61932373, 102.466407776, 111.701957703, 128.080505371], [-287.031982422, -47.0332984924, 313.444854736, 155.795532227, 121.362510681, 59.1944923401, 95.6798324585, 32.1636238098, 153.61932373, 250.356109619, 103.914581299, 70.3551330566, 91.7808837891], [-619.461975098, 189.227981567, 168.099365234, 27.8648414612, 127.474304199, -7.04474878311, 86.2917785645, 3.06036877632, 102.466407776, 103.914581299, 193.526931763, 71.6756668091, 38.6855430603], [162.163589478, -150.168411255, 206.738204956, 113.372032166, 50.95495224, 85.130241394, 39.6422157288, 136.092834473, 111.701957703, 70.3551330566, 71.6756668091, 181.567123413, 68.0649032593], [-384.673156738, 142.084960938, 189.543395996, 119.163169861, 162.599273682, -37.7738304138, 74.9138183594, 26.1873817444, 128.080505371, 91.7808837891, 38.6855430603, 68.0649032593, 186.76234436]],
        "icov": [[0.000266832415946, -0.000199617410544, 0.00041953093023, -0.000557193357963, -1.14765671242e-05, -0.000572030374315, 0.000281139480649, -0.000503171992023, 0.000383696256904, -0.000368275126675, 0.000723198696505, -0.000485362048494, 0.000428205850767], [-0.000199617410544, 0.00220736023039, -0.000403325946536, 0.0011124300072, -0.00178741873242, 0.00114711164497, -0.00148621248081, 0.000932216178626, -0.00115046219435, 0.00226219021715, -0.00202856957912, 0.00232230382971, -0.000886200112291], [0.00041953093023, -0.000403325946536, 0.00176241574809, -0.0012789699249, 0.000183480675332, -0.0012982764747, 0.000483045208966, -0.00028946987004, 0.000292361481115, -0.00124941999093, 0.00100107071921, -0.00147616805043, 0.000366963766282], [-0.000557193357963, 0.0011124300072, -0.0012789699249, 0.00333724194206, -0.000651789363474, 0.00101358897518, -0.000848335737828, 0.000252813042607, -0.000236734573264, 0.000669378787279, -0.00191908457782, 0.00197611609474, -0.00223723985255], [-1.14765671242e-05, -0.00178741873242, 0.000183480675332, -0.000651789363474, 0.00399592658505, -0.00083483668277, 0.000406839128118, -0.000130479849759, -0.000566466886085, -0.00120935076848, 0.000288972136332, -0.000925655418541, -0.000966544554103], [-0.000572030374315, 0.00114711164497, -0.0012982764747, 0.00101358897518, -0.00083483668277, 0.00480091338977, -0.00212990026921, -0.000255802995525, -0.000239262881223, 0.000650692905765, -0.00103508785833, 0.000896343030035, 0.000940087193158], [0.000281139480649, -0.00148621248081, 0.000483045208966, -0.000848335737828, 0.000406839128118, -0.00212990026921, 0.00506372470409, -0.000751803570893, 0.000824668735731, -0.00186158332508, 0.0004650412302, -0.00100362882949, -0.00033121521119], [-0.000503171992023, 0.000932216178626, -0.00028946987004, 0.000252813042607, -0.000130479849759, -0.000255802995525, -0.000751803570893, 0.00603629462421, -0.00307393516414, 0.00225921813399, -0.00103575433604, -0.00122284784447, -0.000438047049101], [0.000383696256904, -0.00115046219435, 0.000292361481115, -0.000236734573264, -0.000566466886085, -0.000239262881223, 0.000824668735731, -0.00307393516414, 0.00892797391862, -0.00426843995228, 0.001046924619, -0.0029186361935, -0.00111338298302], [-0.000368275126675, 0.00226219021715, -0.00124941999093, 0.000669378787279, -0.00120935076848, 0.000650692905765, -0.00186158332508, 0.00225921813399, -0.00426843995228, 0.0106760961935, -0.00499936984852, 0.00336461188272, -0.00253416714258], [0.000723198696505, -0.00202856957912, 0.00100107071921, -0.00191908457782, 0.000288972136332, -0.00103508785833, 0.0004650412302, -0.00103575433604, 0.001046924619, -0.00499936984852, 0.0120449392125, -0.00624448014423, 0.00425879657269], [-0.000485362048494, 0.00232230382971, -0.00147616805043, 0.00197611609474, -0.000925655418541, 0.000896343030035, -0.00100362882949, -0.00122284784447, -0.0029186361935, 0.00336461188272, -0.00624448014423, 0.0138853481039, -0.00438683154061], [0.000428205850767, -0.000886200112291, 0.000366963766282, -0.00223723985255, -0.000966544554103, 0.000940087193158, -0.00033121521119, -0.000438047049101, -0.00111338298302, -0.00253416714258, 0.00425879657269, -0.00438683154061, 0.0119170499966]]
    },
    "melbands": {
        "mean": [0.00581098627299, 0.00297274696641, 0.0012841753196, 0.00141743745189, 0.000728920218535, 0.000390072556911, 0.000412136752857, 0.00035995800863, 0.000188885373063, 0.000101078818261, 0.000141430064104, 6.12191215623e-05, 4.64686672785e-05, 3.50336886186e-05, 4.80395865452e-05, 2.94393648801e-05, 3.00488809444e-05, 1.242219696e-05, 1.18126126836e-05, 1.24899306684e-05, 1.10922073873e-05, 1.37143088068e-05, 1.19436963359e-05, 1.01594023363e-05, 7.07589060767e-06, 6.31411921859e-06, 3.7481270283e-06, 2.41344378082e-06, 1.67525001871e-06, 1.76191940682e-06, 2.3459977001e-06, 2.04043658414e-06, 2.48632704825e-06, 2.39936753132e-06, 2.41742463913e-06, 2.75019374385e-06, 2.29259876505e-06, 1.59050625825e-06, 1.52911923124e-06, 1.51441383878e-06]
    },
    "melbands128": {
        "mean": [0.000964117003605, 0.00680929841474, 0.00752521725371, 0.00463395519182, 0.00269958120771, 0.0017002975801, 0.00134058005642, 0.000843672314659, 0.00161363149527, 0.00187486363575, 0.000926374923438, 0.000875569996424, 0.000688220665324, 0.000587121292483, 0.000224466624786, 0.000287866103463, 0.000700171920471, 0.000365240179235, 0.000178783535375, 0.000386136322049, 0.000490254489705, 0.000160770199727, 0.000185163517017, 0.00016775453696, 7.61763658375e-05, 9.20596648939e-05, 9.4982846349e-05, 0.000192705061636, 0.000144258345244, 4.1169780161e-05, 5.37490777788e-05, 4.90418970003e-05, 3.5164583096e-05, 6.33551026112e-05, 2.79624491668e-05, 2.89091967716e-05, 3.60545818694e-05, 5.93853110331e-05, 4.95494714414e-05, 3.32371564582e-05, 2.82476739812e-05, 1.49813840835e-05, 3.56330965587e-05, 3.64242841897e-05, 1.59720475494e-05, 6.00351904723e-06, 9.50349294726e-06, 1.68425012816e-05, 9.75918101176e-06, 7.885640116e-06, 1.68734095496e-05, 1.25698279589e-05, 7.11765278538e-06, 1.22253431982e-05, 1.5984305719e-05, 1.19991109386e-05, 1.42897270052e-05, 1.19034211821e-05, 9.66517018242e-06, 1.5385910956e-05, 9.6899602795e-06, 6.36709319224e-06, 9.86121449387e-06, 4.58775184597e-06, 7.70592214394e-06, 7.36879974284e-06, 4.7199691835e-06, 5.00663782077e-06, 3.15059810418e-06, 2.77689355244e-06, 2.32343131756e-06, 2.44015609496e-06, 1.90969876712e-06, 1.43747035963e-06, 1.45470539792e-06, 1.72460192971e-06, 1.85805447472e-06, 2.11866995414e-06, 2.49789854934e-06, 2.49805680141e-06, 2.18239097194e-06, 1.71616318312e-06, 1.94551580535e-06, 2.70535838354e-06, 2.85555893242e-06, 2.49135860031e-06, 2.2598594569e-06, 2.09870586332e-06, 2.34838876167e-06, 2.69779275186e-06, 2.8560091323e-06, 2.75177580988e-06, 2.593786121e-06, 2.38520533458e-06, 2.08836058846e-06, 1.73916919266e-06, 1.47561718222e-06, 1.35907885124e-06, 1.46877209772e-06, 1.63311142387e-06, 1.72873080828e-06, 1.5140008145e-06, 1.26016004742e-06, 1.0990120245e-06, 8.93050412287e-07, 7.29346368189e-07, 6.01123815613e-07, 4.75008647527e-07, 4.31828254932e-07, 5.69993233057e-07, 2.78329650882e-07, 1.46012794744e-07, 1.25304794096e-07, 1.06048084092e-07, 8.41703453602e-08, 5.99607119511e-08, 5.36270867713e-08, 3.07944674205e-08, 3.26874669554e-08, 2.49120297724e-08, 2.69080722148e-08, 2.7853291229e-08, 2.23615117534e-08, 1.40506859481e-08, 1.44779637168e-08, 1.05168851405e-08, 8.47981773688e-09, 1.13812985703e-08]
    },
    "mfcc": {
        "mean": [-729.21875, 164.96824646, 17.5410690308, 24.3835964203, 11.8375034332, -3.11555695534, -8.54498004913, -0.0498724095523, -8.15526199341, -6.02020740509, -1.44966685772, -1.86132729053, -0.691056728363],
        "cov": [[17204.6875, -2695.9440918, -515.846435547, -100.043006897, 193.717773438, 25.0299072266, 324.753875732, 1380.19274902, 444.764190674, 450.407653809, 259.525634766, -232.576004028, -206.250152588], [-2695.9440918, 2558.61474609, -755.826416016, 20.2584228516, 105.359535217, 57.0323677063, 64.6800994873, -197.258285522, 15.7396879196, -60.3702926636, 35.877986908, 12.0377435684, -18.8541221619], [-515.846435547, -755.826416016, 1202.49536133, 214.33140564, 132.051025391, 231.055465698, 120.585174561, 60.9752807617, 124.374397278, 76.3901596069, -12.5294017792, 157.313491821, 193.713119507], [-100.043006897, 20.2584228516, 214.33140564, 651.360534668, 209.029296875, 125.910270691, 84.2537078857, -51.6010627747, 194.076522827, 51.1399993896, 3.4315507412, 117.342346191, 124.34148407], [193.717773438, 105.359535217, 132.051025391, 209.029296875, 443.858673096, 96.1873397827, 25.6187057495, 64.6378250122, 127.21672821, 64.9739151001, 48.015083313, 74.6148147583, 104.664405823], [25.0299072266, 57.0323677063, 231.055465698, 125.910270691, 96.1873397827, 356.834655762, 174.020172119, -9.73006057739, 114.380371094, 66.7300262451, 59.8225097656, 96.3073654175, 68.2456054688], [324.753875732, 64.6800994873, 120.585174561, 84.2537078857, 25.6187057495, 174.020172119, 293.887023926, 95.033996582, 75.7405014038, 55.011844635, 61.9661254883, 57.7391624451, 47.3584251404], [1380.19274902, -197.258285522, 60.9752807617, -51.6010627747, 64.6378250122, -9.73006057739, 95.033996582, 397.457336426, 92.1202774048, 62.6136856079, 59.9664039612, 14.9584779739, 61.3080291748], [444.764190674, 15.7396879196, 124.374397278, 194.076522827, 127.21672821, 114.380371094, 75.7405014038, 92.1202774048, 345.40057373, 95.6011276245, 4.00705862045, 97.042427063, 108.430603027], [450.407653809, -60.3702926636, 76.3901596069, 51.1399993896, 64.9739151001, 66.7300262451, 55.011844635, 62.6136856079, 95.6011276245, 176.670822144, 63.7236251831, 35.6889839172, 39.6744918823], [259.525634766, 35.877986908, -12.5294017792, 3.4315507412, 48.015083313, 59.8225097656, 61.9661254883, 59.9664039612, 4.00705862045, 63.7236251831, 161.822906494, 54.2444725037, 40.8325881958], [-232.576004028, 12.0377435684, 157.313491821, 117.342346191, 74.6148147583, 96.3073654175, 57.7391624451, 14.9584779739, 97.042427063, 35.6889839172, 54.2444725037, 166.680908203, 108.241271973], [-206.250152588, -18.8541221619, 193.713119507, 124.34148407, 104.664405823, 68.2456054688, 47.3584251404, 61.3080291748, 108.430603027, 39.6744918823, 40.8325881958, 108.241271973, 186.52923584]],
        "icov": [[0.0001391092228, 0.000183517389814, 0.000201303337235, -5.42107663932e-05, -7.30446918169e-05, -0.000128991610836, -4.87219876959e-05, -0.000394191563828, -0.000133776426082, -0.000121496050269, -7.74939762778e-05, 0.000144831486978, 0.000266086921329], [0.000183517389814, 0.000825281662401, 0.000740879506338, 1.21919074445e-05, -0.000350543385139, -0.000298805272905, -0.000394361995859, -0.000149939878611, -0.000240945999394, 2.45932624239e-05, -4.45965997642e-05, 7.56405788707e-05, 6.49261055514e-05], [0.000201303337235, 0.000740879506338, 0.00188355846331, -0.000140730015119, -0.000296157755656, -0.000959843688179, -0.00031142969965, -0.000523892289493, 0.000235628627706, -0.000484310410684, 0.000948617758695, -0.000445210607722, -0.000779464666266], [-5.42107663932e-05, 1.21919074445e-05, -0.000140730015119, 0.002418755088, -0.000825888768304, 0.000290577707347, -0.000696295290254, 0.00108670210466, -0.000857512583025, 0.000122537458083, 0.000333007279551, -0.000513978651725, -0.000650428410154], [-7.30446918169e-05, -0.000350543385139, -0.000296157755656, -0.000825888768304, 0.00328464712948, -0.000552787445486, 0.00101557117887, -0.000493015453685, -0.00013578691869, -0.000294699479127, -0.000516134314239, 0.000187023935723, -0.000848640454933], [-0.000128991610836, -0.000298805272905, -0.000959843688179, 0.000290577707347, -0.000552787445486, 0.00556883495301, -0.00267223222181, 0.00171668943949, -0.000943254388403, -0.000132709130412, -0.0010009764228, -0.00101223192178, 0.000400260294555], [-4.87219876959e-05, -0.000394361995859, -0.00031142969965, -0.000696295290254, 0.00101557117887, -0.00267223222181, 0.00603313278407, -0.00168112129904, 0.000229383338592, -0.000193422092707, -0.000805151532404, -0.000111144392577, 0.000271009746939], [-0.000394191563828, -0.000149939878611, -0.000523892289493, 0.00108670210466, -0.000493015453685, 0.00171668943949, -0.00168112129904, 0.00513910595328, -0.000916520017199, 0.00024330940505, -0.000928678608034, 0.000541520596016, -0.00187500799075], [-0.000133776426082, -0.000240945999394, 0.000235628627706, -0.000857512583025, -0.00013578691869, -0.000943254388403, 0.000229383338592, -0.000916520017199, 0.00560696236789, -0.00222882535309, 0.00268668821082, -0.00189684901852, -0.00145375740249], [-0.000121496050269, 2.45932624239e-05, -0.000484310410684, 0.000122537458083, -0.000294699479127, -0.000132709130412, -0.000193422092707, 0.00024330940505, -0.00222882535309, 0.00848144385964, -0.00336609990336, 0.000922974839341, 0.000165384903084], [-7.74939762778e-05, -4.45965997642e-05, 0.000948617758695, 0.000333007279551, -0.000516134314239, -0.0010009764228, -0.000805151532404, -0.000928678608034, 0.00268668821082, -0.00336609990336, 0.0102826673537, -0.00346010131761, -0.00122074200772], [0.000144831486978, 7.56405788707e-05, -0.000445210607722, -0.000513978651725, 0.000187023935723, -0.00101223192178, -0.000111144392577, 0.000541520596016, -0.00189684901852, 0.000922974839341, -0.00346010131761, 0.0123799359426, -0.00443178741261], [0.000266086921329, 6.49261055514e-05, -0.000779464666266, -0.000650428410154, -0.000848640454933, 0.000400260294555, 0.000271009746939, -0.00187500799075, -0.00145375740249, 0.000165384903084, -0.00122074200772, -0.00443178741261, 0.0114310011268]]
    },
    "spectral_contrast_coeffs": {
        "mean": [-0.655399858952, -0.661191523075, -0.728637218475, -0.767769515514, -0.770186126232, -0.808936536312]
    },
    "spectral_contrast_valleys": {
        "mean": [-6.96275663376, -7.57063055038, -8.51317691803, -8.86113166809, -9.01661109924, -11.3031759262]
    }
},
"rhythm": {
    "beats_count": 546,
    "beats_loudness": {
        "mean": 0.0475223399699
    },
    "bpm": 123.754829407,
    "bpm_histogram_first_peak_bpm": 123,
    "bpm_histogram_first_peak_weight": 0.483333349228,
    "bpm_histogram_second_peak_bpm": 172,
    "bpm_histogram_second_peak_spread": 0,
    "bpm_histogram_second_peak_weight": 0.0440366975963,
    "danceability": 0.926977753639,
    "onset_rate": 2.06271505356,
    "beats_loudness_band_ratio": {
        "mean": [0.499456375837, 0.30726146698, 0.186537757516, 0.0592730604112, 0.0291397701949, 0.0385961011052]
    },
    "beats_position": [0.522448956966, 1.05650794506, 1.55573689938, 2.04335594177, 2.53097510338, 3.01859402657, 3.50621318817, 3.99383211136, 4.48145103455, 4.96907043457, 5.44507932663, 5.93269824982, 6.30421733856, 6.68734693527, 7.05886602402, 7.44199514389, 7.8251247406, 8.19664382935, 8.56816291809, 8.92807197571, 9.287981987, 9.67111110687, 10.0310201645, 10.3909292221, 10.774058342, 11.1687984467, 11.5635375977, 11.9931058884, 12.4342851639, 12.8638544083, 13.2934236526, 13.722992897, 14.1525621414, 14.5937414169, 15.0117006302, 15.4296598434, 15.8360090256, 16.242357254, 16.6487064362, 17.0666656494, 17.4846248627, 17.9838542938, 18.483083725, 18.9823131561, 19.5047607422, 20.0272102356, 20.549659729, 21.0837192535, 21.6177768707, 22.1518363953, 22.6975059509, 23.2315635681, 23.7656230927, 24.2880725861, 24.7756919861, 25.2516994476, 25.7393188477, 26.2269382477, 26.7029476166, 27.1905670166, 27.6781845093, 28.1541938782, 28.6418132782, 29.1294326782, 29.6170520782, 30.0930614471, 30.5690689087, 31.0450782776, 31.6255779266, 32.2060775757, 32.8330154419, 33.4599533081, 34.0868911743, 34.7138328552, 35.3639907837, 35.9444885254, 36.5249862671, 37.1054878235, 37.6743774414, 38.2432632446, 38.823764801, 39.4042625427, 39.9731521606, 40.5420417786, 41.1109275818, 41.6798171997, 42.2603149414, 42.8292045593, 43.4097061157, 43.9669837952, 44.5474815369, 45.1047592163, 45.6736488342, 46.2773704529, 46.8810882568, 47.4848060608, 47.9724235535, 48.4600448608, 48.9476623535, 49.4352836609, 49.9112930298, 50.3873023987, 50.8749198914, 51.362537384, 51.8385467529, 52.3145561218, 52.7905654907, 53.2665748596, 53.7541923523, 54.2418136597, 54.7294311523, 55.2170524597, 55.6930618286, 56.1690673828, 56.6450767517, 57.1326980591, 57.608707428, 58.0963249207, 58.583946228, 59.0599517822, 59.5475730896, 60.0351905823, 60.5228118896, 60.9988212585, 61.4864387512, 61.9740562439, 62.4616775513, 62.9492950439, 63.4369163513, 63.924533844, 64.4121551514, 64.8881607056, 65.3641738892, 65.8517913818, 66.327796936, 66.8038101196, 67.2914276123, 67.7674331665, 68.2434463501, 68.7310638428, 69.2070770264, 69.694694519, 70.1939239502, 70.6815414429, 71.1691589355, 71.6567764282, 72.1444015503, 72.632019043, 73.1080245972, 73.5840377808, 74.060043335, 74.5360565186, 75.0236740112, 75.4996795654, 75.9872970581, 76.4633102417, 76.9393157959, 77.4153289795, 77.9145584106, 78.3905639648, 78.8781814575, 79.3658065796, 79.8534240723, 80.3294296265, 80.8054428101, 81.2814483643, 81.7574615479, 82.2450790405, 82.7326965332, 83.2203140259, 83.7079315186, 84.1839447021, 84.6599502563, 85.1475753784, 85.6468048096, 86.1460266113, 86.7613601685, 87.3882980347, 88.0036239624, 88.6189575195, 89.2807235718, 89.9541015625, 90.6158676147, 91.2776412964, 91.9394073486, 92.6011810303, 93.2629470825, 93.7737884521, 94.2846221924, 94.795463562, 95.2946929932, 95.7823104858, 96.2699279785, 96.7691574097, 97.2683868408, 97.7560043335, 98.2320175171, 98.7080230713, 99.1840362549, 99.6600418091, 100.136054993, 100.600448608, 101.053237915, 101.529251099, 102.005256653, 102.481269836, 102.957275391, 103.444892883, 103.920906067, 104.40852356, 104.896141052, 105.383758545, 105.882987976, 106.393829346, 106.893058777, 107.392288208, 107.879905701, 108.367523193, 108.878364563, 109.389205933, 109.969703674, 110.51537323, 111.061042786, 111.571876526, 112.082717896, 112.593559265, 113.081176758, 113.580406189, 114.068023682, 114.567253113, 115.066482544, 115.565711975, 116.064941406, 116.564170837, 117.063400269, 117.5626297, 118.050247192, 118.537864685, 119.013877869, 119.501495361, 119.977500916, 120.465126038, 120.941131592, 121.428749084, 121.904762268, 122.380767822, 122.856781006, 123.321174622, 123.808792114, 124.284805298, 124.784034729, 125.271652222, 125.759269714, 126.246894836, 126.722900391, 127.198905945, 127.686531067, 128.162536621, 128.638549805, 129.114562988, 129.602172852, 130.089797974, 130.565795898, 131.088256836, 131.610702515, 132.144760132, 132.678817749, 133.212875366, 133.77015686, 134.327438354, 134.884719849, 135.395553589, 135.894775391, 136.382400513, 136.881637573, 137.357635498, 137.84526062, 138.332870483, 138.820495605, 139.296508789, 139.784118652, 140.271743774, 140.759368896, 141.235366821, 141.711380005, 142.199005127, 142.68661499, 143.162628174, 143.650253296, 144.126251221, 144.613876343, 145.101501465, 145.589111328, 146.123168945, 146.657226562, 147.19128418, 147.725341797, 148.282623291, 148.781860352, 149.281082153, 149.768707275, 150.244720459, 150.709106445, 151.161895752, 151.626296997, 152.090698242, 152.555099487, 153.019500732, 153.356185913, 153.704483032, 154.052780151, 154.401092529, 154.73777771, 155.062850952, 155.399536133, 155.736236572, 156.072921753, 156.409606934, 156.746307373, 157.082992554, 157.419677734, 157.767974854, 158.116271973, 158.464584351, 158.836090088, 159.207611084, 159.567520142, 159.927429199, 160.287338257, 160.635650635, 160.983947754, 161.320632935, 161.657318115, 161.994003296, 162.342315674, 162.679000854, 163.015686035, 163.491699219, 163.956100464, 164.432098389, 164.908111572, 165.395736694, 165.871749878, 166.347747803, 166.835372925, 167.311386108, 167.798995972, 168.275009155, 168.762634277, 169.250244141, 169.737869263, 170.225479126, 170.724716187, 171.235549927, 171.734786987, 172.234008789, 172.744842529, 173.255691528, 173.766525269, 174.265762329, 174.764984131, 175.264221191, 175.751831055, 176.227844238, 176.72706604, 177.168243408, 177.597824097, 178.039001465, 178.468566895, 178.898132324, 179.327713013, 179.757278442, 180.186843872, 180.616409302, 181.04598999, 181.429107666, 181.823852539, 182.206985474, 182.601715088, 182.996459961, 183.391204834, 183.785934448, 184.19229126, 184.598632812, 184.993377686, 185.399719238, 185.759628296, 186.107940674, 186.456237793, 186.804534912, 187.152832031, 187.547576904, 187.942306519, 188.337051392, 188.755004883, 189.172973633, 189.579315186, 189.985671997, 190.333969116, 190.682266235, 191.030563354, 191.378860474, 191.727157593, 192.075454712, 192.42376709, 192.772064209, 193.120361328, 193.480270386, 193.828567505, 194.165252686, 194.513549805, 194.873458862, 195.23336792, 195.616500854, 195.999633789, 196.382766724, 196.765899658, 197.137405396, 197.508926392, 197.868835449, 198.228744507, 198.588653564, 198.948562622, 199.320083618, 199.691604614, 200.086349487, 200.481079102, 200.875823975, 201.270568848, 201.665298462, 202.060043335, 202.454788208, 202.849517822, 203.244262695, 203.63899231, 204.045349121, 204.451690674, 204.846435547, 205.334060669, 205.821670532, 206.320907593, 206.820129395, 207.330978394, 207.841812134, 208.341033936, 208.840270996, 209.327880859, 209.815505981, 210.291519165, 210.779129028, 211.26675415, 211.754379272, 212.230377197, 212.718002319, 213.205612183, 213.693237305, 214.169250488, 214.656860352, 215.132873535, 215.620498657, 216.108108521, 216.595733643, 217.071746826, 217.547744751, 218.035369873, 218.522994995, 219.010604858, 219.486618042, 219.962631226, 220.450241089, 220.937866211, 221.425476074, 221.901489258, 222.377502441, 222.865127563, 223.352737427, 223.840362549, 224.327972412, 224.803985596, 225.279998779, 225.767608643, 226.255233765, 226.742858887, 227.218856812, 227.694869995, 228.182495117, 228.67010498, 229.157730103, 229.633743286, 230.109741211, 230.597366333, 231.084991455, 231.56098938, 232.037002563, 232.524627686, 233.012237549, 233.499862671, 233.987472534, 234.463485718, 234.95111084, 235.427108765, 235.914733887, 236.402359009, 236.889968872, 237.365982056, 237.853607178, 238.329605103, 238.817230225, 239.304855347, 239.79246521, 240.268478394, 240.744491577, 241.23210144, 241.719726562, 242.207336426, 242.683349609, 243.159362793, 243.646972656, 244.134597778, 244.6222229, 245.098220825, 245.585845947, 246.061859131, 246.549468994, 247.071929932, 247.59437561, 248.174865723, 248.743759155, 249.312652588, 249.8931427, 250.473648071, 251.042541504, 251.611419678, 252.18031311, 252.714370728, 253.248428345, 253.782485962, 254.328155518, 254.873825073, 255.40788269, 255.941940308, 256.476013184, 257.010070801, 257.544128418, 258.078186035, 258.612243652],
    "bpm_histogram": [0, 0, 0, 0, 0, 0, 0, 0, 0, 0, 0, 0, 0, 0, 0, 0, 0, 0, 0, 0, 0, 0, 0, 0, 0, 0, 0, 0, 0, 0, 0, 0, 0, 0, 0, 0, 0, 0, 0, 0, 0, 0, 0, 0, 0, 0, 0, 0, 0, 0, 0, 0, 0, 0, 0, 0, 0, 0, 0, 0, 0, 0, 0, 0, 0, 0, 0, 0, 0, 0, 0, 0, 0, 0, 0, 0, 0, 0, 0, 0, 0, 0, 0, 0, 0, 0, 0, 0, 0, 0.00183486239985, 0, 0.0110091743991, 0.00183486239985, 0, 0, 0, 0.00917431153357, 0, 0.00550458719954, 0.00550458719954, 0, 0, 0, 0.0256880726665, 0, 0.0238532107323, 0, 0, 0.0110091743991, 0, 0.00917431153357, 0, 0.0422018356621, 0, 0, 0.0146788991988, 0, 0.0293577983975, 0, 0, 0.0697247684002, 0, 0, 0.284403681755, 0, 0, 0.196330279112, 0, 0, 0.0146788991988, 0, 0, 0, 0.00366972479969, 0, 0, 0.00733944959939, 0, 0, 0, 0.0238532107323, 0, 0, 0, 0.0110091743991, 0, 0, 0, 0.0183486230671, 0, 0, 0, 0.0403669737279, 0, 0, 0, 0, 0.020183486864, 0, 0, 0, 0.0146788991988, 0.00366972479969, 0, 0, 0, 0, 0.0275229364634, 0, 0, 0, 0, 0.0440366975963, 0, 0, 0, 0, 0, 0.0275229364634, 0, 0, 0, 0, 0, 0, 0.00183486239985, 0, 0, 0, 0, 0, 0, 0, 0, 0, 0, 0, 0, 0, 0, 0, 0, 0, 0, 0, 0, 0, 0, 0, 0, 0, 0, 0, 0, 0, 0, 0, 0, 0, 0, 0, 0, 0, 0, 0, 0, 0, 0, 0, 0, 0, 0, 0, 0, 0, 0, 0, 0, 0, 0, 0, 0, 0, 0, 0, 0, 0, 0, 0, 0]
},
"tonal": {
    "chords_changes_rate": 0.0469029732049,
    "chords_number_rate": 0.00161117082462,
    "chords_strength": {
        "mean": 0.581713557243
    },
    "hpcp_crest": {
        "mean": 15.0262231827
    },
    "hpcp_entropy": {
        "mean": 1.73713862896
    },
    "key_edma": {
        "strength": 0.665843069553,
        "key": "C#",
        "scale": "major"
    },
    "key_krumhansl": {
        "strength": 0.652658581734,
        "key": "C#",
        "scale": "major"
    },
    "key_temperley": {
        "strength": 0.633155584335,
        "key": "C#",
        "scale": "major"
    },
    "tuning_diatonic_strength": 0.544029176235,
    "tuning_equal_tempered_deviation": 0.146107703447,
    "tuning_frequency": 443.572570801,
    "tuning_nontempered_energy_ratio": 0.851968407631,
    "hpcp": {
        "mean": [0.0145672690123, 0.0196000523865, 0.0401297993958, 0.0461084507406, 0.0235937014222, 0.0145874228328, 0.0181200169027, 0.0481670424342, 0.164197131991, 0.151668429375, 0.0602669939399, 0.133814275265, 0.118387199938, 0.026816919446, 0.0206532850862, 0.0238864943385, 0.0385675989091, 0.115206196904, 0.112954556942, 0.0355124510825, 0.0249566119164, 0.0210801903158, 0.0289342515171, 0.112662374973, 0.106994025409, 0.0242529567331, 0.0133992638439, 0.0107270916924, 0.0277872681618, 0.0965678244829, 0.096401616931, 0.110465802252, 0.509947836399, 0.585674107075, 0.178368806839, 0.0214277822524]
    },
    "chords_histogram": [9.32688903809, 12.352309227, 27.6226272583, 7.28607225418, 0.644468307495, 0.680272102356, 0.751879692078, 0, 0.143215179443, 0.214822769165, 7.28607225418, 7.51879692078, 20.1217327118, 3.24024343491, 0.358037948608, 0.161117076874, 0, 2.02291440964, 0.143215179443, 0, 0, 0, 0, 0.125313282013],
    "thpcp": [1, 0.304553002119, 0.0365865267813, 0.0248726531863, 0.0334657989442, 0.0685189887881, 0.0787271484733, 0.0402846932411, 0.0249070636928, 0.0309387370944, 0.0822420567274, 0.280355811119, 0.258963853121, 0.102901928127, 0.228479072452, 0.202138349414, 0.0457881242037, 0.0352641269565, 0.0407846160233, 0.0658516362309, 0.196706995368, 0.192862480879, 0.0606351718307, 0.0426117740571, 0.035993039608, 0.0494033321738, 0.192363590002, 0.182685256004, 0.0414103269577, 0.0228783618659, 0.0183158032596, 0.0474449321628, 0.164883211255, 0.16459941864, 0.188613086939, 0.870702385902],
    "chords_key": "Ab",
    "chords_scale": "major"
}
}