{
"metadata": {
    "version": {
        "essentia": "2.1-beta6-dev",
        "essentia_git_sha": "v2.1_beta5-1177-g1d1cc983",
        "extractor": "music 2.0"
    },
    "audio_properties": {
        "analysis": {
            "equal_loudness": 0,
            "length": 173.240005493,
            "sample_rate": 44100,
            "start_time": 0,
            "downmix": "mix"
        },
        "bit_rate": 1411200,
        "length": 173.240005493,
        "lossless": 1,
        "number_channels": 2,
        "replay_gain": -4.83874893188,
        "sample_rate": 44100,
        "codec": "pcm_s16le",
        "md5_encoded": "0a46a0ce2588e933497c6f0bf43ee206"
    },
    "tags": {
        "file_name": "04 - Manchester Orchestra - I Can Fell Your Pain.wav",
        "album": ["I'm Like a Virgin Losing a Child"],
        "albumartist": ["Manchester Orchestra"],
        "artist": ["Manchester Orchestra"],
        "copyright": ["2006 Favorite Gentlemen 2006 Favorite Gentlemen"],
        "date": ["2006"],
        "discnumber": ["1"],
        "disctotal": ["1"],
        "genre": ["Alternative & Indie"],
        "isrc": ["USTC10665304"],
        "title": ["I Can Fell Your Pain"],
        "tracknumber": ["4"],
        "tracktotal": ["11"]
    }
},
"lowlevel": {
    "average_loudness": 0.0726785138249,
    "barkbands_crest": {
        "mean": 13.5970878601
    },
    "barkbands_flatness_db": {
        "mean": 0.234306558967
    },
    "barkbands_kurtosis": {
        "mean": 38.8529548645
    },
    "barkbands_skewness": {
        "mean": 3.2380259037
    },
    "barkbands_spread": {
        "mean": 9.80601215363
    },
    "dissonance": {
        "mean": 0.396419614553
    },
    "dynamic_complexity": 9.87521743774,
    "erbbands_crest": {
        "mean": 12.2385168076
    },
    "erbbands_flatness_db": {
        "mean": 0.211054712534
    },
    "erbbands_kurtosis": {
        "mean": 6.83575439453
    },
    "erbbands_skewness": {
        "mean": 1.60260820389
    },
    "erbbands_spread": {
        "mean": 23.6964111328
    },
    "hfc": {
        "mean": 5.37967014313
    },
    "loudness_ebu128": {
        "integrated": -21.2053356171,
        "loudness_range": 14.4890136719,
        "momentary": {
            "mean": -28.7853527069
        },
        "short_term": {
            "mean": -25.6051654816
        }
    },
    "melbands_crest": {
        "mean": 17.0899467468
    },
    "melbands_flatness_db": {
        "mean": 0.338124424219
    },
    "melbands_kurtosis": {
        "mean": 32.0903129578
    },
    "melbands_skewness": {
        "mean": 3.21600604057
    },
    "melbands_spread": {
        "mean": 9.78107738495
    },
    "pitch_salience": {
        "mean": 0.544536650181
    },
    "silence_rate_20dB": {
        "mean": 1
    },
    "silence_rate_30dB": {
        "mean": 0.988608956337
    },
    "silence_rate_60dB": {
        "mean": 0.464620739222
    },
    "spectral_centroid": {
        "mean": 612.889831543
    },
    "spectral_complexity": {
        "mean": 5.94961118698
    },
    "spectral_decrease": {
        "mean": -3.47715856108e-09
    },
    "spectral_energy": {
        "mean": 0.0136115029454
    },
    "spectral_energyband_high": {
        "mean": 0.000205925534829
    },
    "spectral_energyband_low": {
        "mean": 0.00122502329759
    },
    "spectral_energyband_middle_high": {
        "mean": 0.000562088622246
    },
    "spectral_energyband_middle_low": {
        "mean": 0.0121136298403
    },
    "spectral_entropy": {
        "mean": 6.43538951874
    },
    "spectral_flux": {
        "mean": 0.0272190589458
    },
    "spectral_kurtosis": {
        "mean": 20.8227043152
    },
    "spectral_rms": {
        "mean": 0.00271939300001
    },
    "spectral_rolloff": {
        "mean": 1035.4967041
    },
    "spectral_skewness": {
        "mean": 3.35852360725
    },
    "spectral_spread": {
        "mean": 3871050.75
    },
    "spectral_strongpeak": {
        "mean": 0.629397213459
    },
    "zerocrossingrate": {
        "mean": 0.0412882938981
    },
    "barkbands": {
        "mean": [5.53362915525e-05, 0.000147098777234, 0.000547817209736, 0.00141640217043, 0.0079790186137, 0.00137043290306, 0.00072666478809, 0.00033829730819, 0.00024673374719, 0.000128691317514, 9.76967567112e-05, 5.35758626938e-05, 5.71416749153e-05, 4.43809221906e-05, 4.34208486695e-05, 3.99187811126e-05, 4.44244760729e-05, 3.48879402736e-05, 1.72348409251e-05, 7.48142920202e-05, 6.3565763412e-05, 2.50800549111e-05, 1.65084238688e-05, 1.42429471452e-05, 1.98602556338e-05, 7.40304631108e-06, 8.85073745849e-07]
    },
    "erbbands": {
        "mean": [0.00200685253367, 0.049569927156, 0.530609309673, 2.92119121552, 19.3273906708, 27.8099918365, 11.2936019897, 11.5812902451, 12.88194561, 5.91621351242, 7.62231445312, 6.24982500076, 3.96224594116, 4.23749446869, 4.04334545135, 2.00995254517, 2.60226511955, 2.54938006401, 2.20678043365, 2.18928217888, 2.34279060364, 2.32653093338, 1.99824392796, 0.995226085186, 1.25465369225, 3.48865127563, 3.59296536446, 1.82082593441, 0.918651461601, 0.675128519535, 0.442688554525, 0.2682736516, 0.269935816526, 0.239135578275, 0.128877267241, 0.0473892427981, 0.0107195172459, 0.00122792436741, 0.000155146160978, 2.55634477071e-05]
    },
    "gfcc": {
        "mean": [-187.790802002, 120.552635193, -69.0138778687, 0.0853940472007, -53.5117530823, -9.74014186859, -44.9877281189, -4.41453886032, -27.1596260071, -5.65761756897, -22.1840324402, -3.27532625198, -8.12195301056],
        "cov": [[22485.2324219, 1291.6661377, -3017.21240234, 346.577301025, -1513.11804199, -260.027893066, -1761.21459961, -29.9186916351, -1181.96533203, -330.114105225, -770.18927002, -220.805725098, -329.81552124], [1291.6661377, 2436.9465332, 306.888244629, -752.204528809, 162.461746216, -238.293563843, -61.5084915161, -217.402297974, 19.394159317, -132.040817261, -20.9163303375, -2.33685660362, -0.243733286858], [-3017.21240234, 306.888244629, 1257.29125977, -106.323936462, 193.233276367, 73.1361465454, 173.492919922, -3.61231613159, 65.673248291, -5.86301994324, 86.8713226318, 48.6416320801, 18.1777076721], [346.577301025, -752.204528809, -106.323936462, 688.057617188, -24.4764938354, 66.4714355469, 31.3571720123, 70.8687057495, -35.0204277039, -3.95908927917, -52.1021842957, -37.2577018738, -1.73873758316], [-1513.11804199, 162.461746216, 193.233276367, -24.4764938354, 446.001739502, 47.0704345703, 84.0618209839, -23.4907970428, 21.0921878815, -68.1382446289, 12.10110569, -16.0093898773, -11.7384023666], [-260.027893066, -238.293563843, 73.1361465454, 66.4714355469, 47.0704345703, 236.318099976, 56.9979553223, 4.18293428421, -8.99994945526, 0.522368788719, 3.96582889557, -9.28671360016, -39.5354766846], [-1761.21459961, -61.5084915161, 173.492919922, 31.3571720123, 84.0618209839, 56.9979553223, 346.327209473, 7.09240102768, 137.866409302, 68.1855010986, 77.8408813477, 18.5674438477, 30.3969802856], [-29.9186916351, -217.402297974, -3.61231613159, 70.8687057495, -23.4907970428, 4.18293428421, 7.09240102768, 139.842300415, 32.8214302063, 27.5057525635, -0.179764822125, 6.00533676147, 9.30234336853], [-1181.96533203, 19.394159317, 65.673248291, -35.0204277039, 21.0921878815, -8.99994945526, 137.866409302, 32.8214302063, 256.316589355, 89.6566543579, 37.2243652344, 16.6276760101, 45.605556488], [-330.114105225, -132.040817261, -5.86301994324, -3.95908927917, -68.1382446289, 0.522368788719, 68.1855010986, 27.5057525635, 89.6566543579, 148.75541687, 54.4201469421, 15.0482978821, 32.343006134], [-770.18927002, -20.9163303375, 86.8713226318, -52.1021842957, 12.10110569, 3.96582889557, 77.8408813477, -0.179764822125, 37.2243652344, 54.4201469421, 136.516662598, 44.6605796814, 22.0901851654], [-220.805725098, -2.33685660362, 48.6416320801, -37.2577018738, -16.0093898773, -9.28671360016, 18.5674438477, 6.00533676147, 16.6276760101, 15.0482978821, 44.6605796814, 92.2307739258, 25.682384491], [-329.81552124, -0.243733286858, 18.1777076721, -1.73873758316, -11.7384023666, -39.5354766846, 30.3969802856, 9.30234336853, 45.605556488, 32.343006134, 22.0901851654, 25.682384491, 90.8742446899]],
        "icov": [[0.000432043772889, -0.000751387851778, 0.000779341324233, -0.000682471611071, 0.00100560986903, -0.000669026514515, 0.00103726272937, -0.000738385599107, 0.00124585547019, -0.000718761060853, 0.000904380925931, -0.000406724051572, 0.000490216072649], [-0.000751387851778, 0.00216953875497, -0.00153065857012, 0.00197292608209, -0.00186730048154, 0.00188945501577, -0.001850842149, 0.00211018067785, -0.00239830021746, 0.00183366122656, -0.001262600068, 0.000928433262743, -0.000797895714641], [0.000779341324233, -0.00153065857012, 0.00238768733107, -0.00124799727928, 0.0015516259009, -0.00157953368034, 0.00155809719581, -0.00159783288836, 0.00226742192172, -0.00115052924957, 0.00125466287136, -0.00107268849388, 0.000748279097024], [-0.000682471611071, 0.00197292608209, -0.00124799727928, 0.00353666511364, -0.00160704227164, 0.00124807271641, -0.00216973968782, 0.00098248757422, -0.00165657734033, 0.00166814425029, -0.000513668637723, 0.00133418955375, -0.00120829034131], [0.00100560986903, -0.00186730048154, 0.0015516259009, -0.00160704227164, 0.00527524668723, -0.00202809856273, 0.00181469798554, -0.00166427937802, 0.00240066833794, 0.000306485919282, 0.0014354797313, -0.000119474862004, 0.00103697972372], [-0.000669026514515, 0.00188945501577, -0.00157953368034, 0.00124807271641, -0.00202809856273, 0.00681298132986, -0.00255371746607, 0.00175598659553, -0.00165681261569, 0.000953694048803, -0.0009962876793, 0.000627439410891, 0.00185018847696], [0.00103726272937, -0.001850842149, 0.00155809719581, -0.00216973968782, 0.00181469798554, -0.00255371746607, 0.00724148284644, -0.00127749552485, 0.000952531874646, -0.00236036255956, 0.000333637668518, -0.000728751008864, 0.000725278106984], [-0.000738385599107, 0.00211018067785, -0.00159783288836, 0.00098248757422, -0.00166427937802, 0.00175598659553, -0.00127749552485, 0.0101824169978, -0.0034194199834, 0.00065918895416, -0.000869151728693, 0.000146140038851, -0.000750412000343], [0.00124585547019, -0.00239830021746, 0.00226742192172, -0.00165657734033, 0.00240066833794, -0.00165681261569, 0.000952531874646, -0.0034194199834, 0.0101092681289, -0.00531492009759, 0.00369956507348, -0.00139942986425, -3.48721841874e-05], [-0.000718761060853, 0.00183366122656, -0.00115052924957, 0.00166814425029, 0.000306485919282, 0.000953694048803, -0.00236036255956, 0.00065918895416, -0.00531492009759, 0.0133271235973, -0.00529611762613, 0.00225778855383, -0.00259172893129], [0.000904380925931, -0.001262600068, 0.00125466287136, -0.000513668637723, 0.0014354797313, -0.0009962876793, 0.000333637668518, -0.000869151728693, 0.00369956507348, -0.00529611762613, 0.0136191453785, -0.00526043167338, 0.000951852067374], [-0.000406724051572, 0.000928433262743, -0.00107268849388, 0.00133418955375, -0.000119474862004, 0.000627439410891, -0.000728751008864, 0.000146140038851, -0.00139942986425, 0.00225778855383, -0.00526043167338, 0.0146399457008, -0.00370720471255], [0.000490216072649, -0.000797895714641, 0.000748279097024, -0.00120829034131, 0.00103697972372, 0.00185018847696, 0.000725278106984, -0.000750412000343, -3.48721841874e-05, -0.00259172893129, 0.000951852067374, -0.00370720471255, 0.0151378018782]]
    },
    "melbands": {
        "mean": [3.05122830468e-05, 0.000215418767766, 0.000928852241486, 0.00196079467423, 0.000513162347488, 0.000261914276052, 0.000182284071343, 6.24742970103e-05, 5.92918513576e-05, 3.74200244551e-05, 1.9161569071e-05, 1.72114469024e-05, 1.41597192851e-05, 7.14465750207e-06, 4.73191357742e-06, 5.82532720728e-06, 4.55021199741e-06, 3.35891149916e-06, 3.22581081491e-06, 2.85962687485e-06, 2.73893260783e-06, 2.55760051004e-06, 2.05091237149e-06, 1.58651846505e-06, 6.78996570969e-07, 7.43138855341e-07, 1.10784037588e-06, 2.75590559795e-06, 2.55795248449e-06, 1.66766903931e-06, 8.24464621019e-07, 5.40121050108e-07, 4.09328094975e-07, 3.56370122745e-07, 2.72796455647e-07, 1.87008296848e-07, 1.49719383558e-07, 1.71272276361e-07, 2.17805876446e-07, 1.99351831043e-07]
    },
    "melbands128": {
        "mean": [2.85615278699e-05, 1.38229288495e-05, 1.51402118718e-05, 9.05773049453e-05, 0.000213023289689, 0.000282408407656, 0.000447034952231, 0.000827665731777, 0.00199612835422, 0.00278342096135, 0.00142831134144, 0.000577265687753, 0.000273374665994, 0.000384801678592, 0.000289980322123, 0.000170980783878, 0.000215019463212, 0.000227860582527, 8.4151950432e-05, 4.33197346865e-05, 6.28450870863e-05, 7.42555930628e-05, 6.23819141765e-05, 3.92348702007e-05, 4.1210805648e-05, 4.00747230742e-05, 2.0062107069e-05, 1.73364514922e-05, 1.51188960444e-05, 2.23470506171e-05, 1.44916411955e-05, 1.41543050631e-05, 1.59894480021e-05, 1.31453070935e-05, 9.74070826487e-06, 4.52015410701e-06, 4.39934956376e-06, 3.52470442522e-06, 6.34954949419e-06, 6.0020734054e-06, 5.87229078519e-06, 5.05000525663e-06, 4.99865791426e-06, 4.29341889685e-06, 2.76674836641e-06, 3.3241649362e-06, 3.72660224457e-06, 3.75119338969e-06, 2.42354553848e-06, 3.07513596454e-06, 2.74989179161e-06, 3.01940622194e-06, 2.44077023126e-06, 2.56363273365e-06, 3.61045408681e-06, 2.40440249399e-06, 1.83942233889e-06, 2.21951722779e-06, 2.15220416067e-06, 1.72489365013e-06, 1.65353651482e-06, 1.53216285526e-06, 6.96694883118e-07, 4.35307526914e-07, 5.52585106561e-07, 7.61016849538e-07, 8.20021170966e-07, 9.76124510998e-07, 1.06997106286e-06, 1.37071856443e-06, 2.68399662673e-06, 3.55994188794e-06, 3.3788392102e-06, 2.23118763643e-06, 1.6528414335e-06, 2.21114851229e-06, 1.34764957238e-06, 1.05181834442e-06, 7.02235354311e-07, 6.48939931125e-07, 6.59802878999e-07, 4.43237752279e-07, 4.02009021627e-07, 3.98676860414e-07, 4.37066091763e-07, 3.61171316854e-07, 3.23068405805e-07, 3.45652523492e-07, 2.69470575631e-07, 2.34869290239e-07, 1.95927640334e-07, 1.70503852814e-07, 1.6994246721e-07, 1.54609296033e-07, 1.30394965936e-07, 1.46196001083e-07, 1.76951019171e-07, 2.11991817878e-07, 2.29410957786e-07, 2.14995552028e-07, 2.00625436264e-07, 2.03942448707e-07, 1.89405710671e-07, 1.7199300828e-07, 1.57377073151e-07, 1.20650426538e-07, 9.5741398809e-08, 8.95996592476e-08, 8.01274211426e-08, 7.71641879282e-08, 5.77494070342e-08, 4.09089828679e-08, 2.95483442159e-08, 1.93171540985e-08, 1.28149340028e-08, 9.06794461741e-09, 7.51630757634e-09, 5.22328846841e-09, 4.17279277798e-09, 3.96239752121e-09, 4.30453628297e-09, 3.9325547263e-09, 3.80135700695e-09, 2.59413979187e-09, 2.05167594025e-09, 9.37756317043e-10, 1.51596762921e-10, 3.5843161772e-11]
    },
    "mfcc": {
        "mean": [-850.499328613, 173.980529785, 26.8199539185, 17.4210948944, 5.14734268188, -5.11374473572, -10.3148269653, -6.91954278946, -3.73789262772, -6.17596817017, -13.2182807922, -7.18327188492, -1.60689032078],
        "cov": [[18496.4882812, -385.385437012, -1694.83776855, -115.580421448, -204.629333496, -672.816833496, -577.458007812, -448.381622314, -547.541748047, -462.347137451, -595.953308105, -453.244873047, -352.400909424], [-385.385437012, 3229.84472656, 225.180419922, -344.166687012, 87.9644241333, -85.3808441162, -137.004608154, -65.9792098999, -109.226730347, -98.2565231323, -133.899917603, -65.1290435791, 41.7823905945], [-1694.83776855, 225.180419922, 896.049377441, 59.0174102783, 2.93653225899, 57.4331550598, 55.6958618164, 31.132101059, 53.8033866882, -4.9356713295, 15.7369909286, 82.3825302124, 53.1969451904], [-115.580421448, -344.166687012, 59.0174102783, 432.844787598, 43.7991218567, 25.0880908966, 39.2325973511, 35.2856292725, 68.7202148438, 6.46185064316, -15.2327814102, 10.8042669296, -18.1210746765], [-204.629333496, 87.9644241333, 2.93653225899, 43.7991218567, 325.668518066, 31.159614563, 38.8778800964, 62.3312644958, -28.0535392761, -15.832816124, -38.8272132874, -33.0022277832, -40.7378311157], [-672.816833496, -85.3808441162, 57.4331550598, 25.0880908966, 31.159614563, 237.571304321, 85.7419433594, 47.1319618225, 37.2218589783, 31.688035965, 46.4019050598, 7.14599609375, -6.54384279251], [-577.458007812, -137.004608154, 55.6958618164, 39.2325973511, 38.8778800964, 85.7419433594, 218.61706543, 59.8579063416, -28.8640995026, 28.0185565948, 17.7991428375, -4.33053827286, 4.01978731155], [-448.381622314, -65.9792098999, 31.132101059, 35.2856292725, 62.3312644958, 47.1319618225, 59.8579063416, 152.26739502, 11.9565210342, 4.19443321228, 13.1747465134, -8.5229845047, -7.98343992233], [-547.541748047, -109.226730347, 53.8033866882, 68.7202148438, -28.0535392761, 37.2218589783, -28.8640995026, 11.9565210342, 207.720703125, 48.2786979675, 47.9898834229, 64.1507644653, 3.8366394043], [-462.347137451, -98.2565231323, -4.9356713295, 6.46185064316, -15.832816124, 31.688035965, 28.0185565948, 4.19443321228, 48.2786979675, 142.577667236, 52.6178627014, 0.516172528267, 13.4663171768], [-595.953308105, -133.899917603, 15.7369909286, -15.2327814102, -38.8272132874, 46.4019050598, 17.7991428375, 13.1747465134, 47.9898834229, 52.6178627014, 131.022720337, 41.5350265503, 14.4539060593], [-453.244873047, -65.1290435791, 82.3825302124, 10.8042669296, -33.0022277832, 7.14599609375, -4.33053827286, -8.5229845047, 64.1507644653, 0.516172528267, 41.5350265503, 130.018859863, 40.4625968933], [-352.400909424, 41.7823905945, 53.1969451904, -18.1210746765, -40.7378311157, -6.54384279251, 4.01978731155, -7.98343992233, 3.8366394043, 13.4663171768, 14.4539060593, 40.4625968933, 119.55947876]],
        "icov": [[0.000101137855381, 3.04502264044e-05, 0.00013299715647, -1.29531817947e-05, 8.66700065671e-05, 8.36749386508e-05, 0.000138871895615, 0.000148749997607, 0.000122279830975, 0.000154309731442, 0.000273871701211, 0.000114248003229, 0.000172618791112], [3.04502264044e-05, 0.000398282514652, -0.000104304315755, 0.000313092168653, -0.000123618548969, 1.62850865308e-05, 0.000241431931499, 0.00012907893688, 2.5932873541e-05, 0.000152120002895, 0.00037495707511, 0.000240673092776, -0.000141047043144], [0.00013299715647, -0.000104304315755, 0.00147432566155, -0.000228470787988, 0.000144980745972, -8.62877786858e-05, -0.000136893198942, 3.3366970456e-05, 4.72063356938e-06, 0.000328459398588, 0.000444521254394, -0.000577218364924, -0.000106187377241], [-1.29531817947e-05, 0.000313092168653, -0.000228470787988, 0.00289147626609, -0.000348171946825, 6.2637431256e-05, -0.000447225873359, -0.000201808143174, -0.00115485477727, 0.000122005229059, 0.000895734177902, 0.000133140114485, 0.00014863438264], [8.66700065671e-05, -0.000123618548969, 0.000144980745972, -0.000348171946825, 0.00384016893804, -0.000317781494232, -8.24504022603e-05, -0.00127532985061, 0.000556536891963, 2.84420002572e-06, 0.00125128088985, 3.2344552892e-05, 0.00120967638213], [8.36749386508e-05, 1.62850865308e-05, -8.62877786858e-05, 6.2637431256e-05, -0.000317781494232, 0.00564131932333, -0.00184445700143, -0.000384114828194, -0.000985158258118, 0.000140318792546, -0.00133803405333, 0.000632730138022, 0.000489111989737], [0.000138871895615, 0.000241431931499, -0.000136893198942, -0.000447225873359, -8.24504022603e-05, -0.00184445700143, 0.00681106513366, -0.00163725903258, 0.00231973803602, -0.00120920990594, 0.000460718001705, -0.000350325281033, -2.46748732025e-05], [0.000148749997607, 0.00012907893688, 3.3366970456e-05, -0.000201808143174, -0.00127532985061, -0.000384114828194, -0.00163725903258, 0.00856110360473, -0.000843064393848, 0.00112887902651, -0.000692961621098, 0.0014075411018, 2.63556084974e-05], [0.000122279830975, 2.5932873541e-05, 4.72063356938e-06, -0.00115485477727, 0.000556536891963, -0.000985158258118, 0.00231973803602, -0.000843064393848, 0.00779227213934, -0.00235131359659, -0.000240833294811, -0.0034393214155, 0.00138351123314], [0.000154309731442, 0.000152120002895, 0.000328459398588, 0.000122005229059, 2.84420002572e-06, 0.000140318792546, -0.00120920990594, 0.00112887902651, -0.00235131359659, 0.00982007663697, -0.00303018442355, 0.00289981160313, -0.00124696979765], [0.000273871701211, 0.00037495707511, 0.000444521254394, 0.000895734177902, 0.00125128088985, -0.00133803405333, 0.000460718001705, -0.000692961621098, -0.000240833294811, -0.00303018442355, 0.0123005192727, -0.00288229226135, 0.000742967415135], [0.000114248003229, 0.000240673092776, -0.000577218364924, 0.000133140114485, 3.2344552892e-05, 0.000632730138022, -0.000350325281033, 0.0014075411018, -0.0034393214155, 0.00289981160313, -0.00288229226135, 0.0122634284198, -0.00333705567755], [0.000172618791112, -0.000141047043144, -0.000106187377241, 0.00014863438264, 0.00120967638213, 0.000489111989737, -2.46748732025e-05, 2.63556084974e-05, 0.00138351123314, -0.00124696979765, 0.000742967415135, -0.00333705567755, 0.0105690294877]]
    },
    "spectral_contrast_coeffs": {
        "mean": [-0.621571838856, -0.735705435276, -0.774942278862, -0.819628953934, -0.820874392986, -0.829881489277]
    },
    "spectral_contrast_valleys": {
        "mean": [-8.24933719635, -8.18712806702, -9.34188079834, -9.79368305206, -10.1455812454, -12.4148788452]
    }
},
"rhythm": {
    "beats_count": 282,
    "beats_loudness": {
        "mean": 0.0197941511869
    },
    "bpm": 97.3290100098,
    "bpm_histogram_first_peak_bpm": 98,
    "bpm_histogram_first_peak_weight": 0.507692337036,
    "bpm_histogram_second_peak_bpm": 112,
    "bpm_histogram_second_peak_spread": 0.482758641243,
    "bpm_histogram_second_peak_weight": 0.0533807836473,
    "danceability": 0.889132142067,
    "onset_rate": 2.37221646309,
    "beats_loudness_band_ratio": {
        "mean": [0.466787904501, 0.418769955635, 0.14552859962, 0.0309462100267, 0.0256550721824, 0.0400453880429]
    },
    "beats_position": [0.568888902664, 1.13777780533, 1.71827661991, 2.28716540337, 2.87927436829, 3.45977306366, 4.05188179016, 4.6439909935, 5.24770975113, 5.83981847763, 6.37387752533, 6.90793657303, 7.47682523727, 8.04571437836, 8.6146030426, 9.21832180023, 9.82204055786, 10.4257593155, 11.017868042, 11.6215867996, 12.2253055573, 12.8290243149, 13.5024032593, 14.1641721725, 14.8375511169, 15.4760990143, 16.1262588501, 16.7880268097, 17.4497947693, 18.2392749786, 19.0171432495, 19.7834014893, 20.549659729, 21.2346477509, 21.9196376801, 22.6046257019, 23.2780036926, 23.9397735596, 24.589931488, 25.2633094788, 25.9250793457, 26.5868473053, 27.1673469543, 27.747844696, 28.3631744385, 28.9785022736, 29.6054420471, 30.2207698822, 30.8360996246, 31.4630374908, 32.0667572021, 32.6820869446, 33.2741928101, 33.8895225525, 34.4932403564, 35.0969619751, 35.7122879028, 36.3160095215, 36.9197273254, 37.5350570679, 38.1503829956, 38.7541046143, 39.3578224182, 39.9615402222, 40.5884780884, 41.2270278931, 41.9120178223, 42.5970077515, 43.3632659912, 44.129524231, 44.86095047, 45.5807685852, 46.1960983276, 46.8346481323, 47.4615859985, 48.0885238647, 48.7038536072, 49.3191833496, 49.9229011536, 50.5266189575, 51.1535606384, 51.7804985046, 52.2913360596, 52.7905654907, 53.3014030457, 53.8122444153, 54.3346939087, 54.8455314636, 55.367980957, 55.878818512, 56.3896598816, 56.912109375, 57.4229469299, 58.0382766724, 58.6536026001, 59.280544281, 59.919090271, 60.5576400757, 61.1613578796, 61.7650794983, 62.380405426, 62.9957351685, 63.6110649109, 64.1567306519, 64.6907958984, 65.2248535156, 65.7589111328, 66.29296875, 66.8270263672, 67.3843078613, 67.9531936646, 68.5801315308, 69.2070770264, 69.8340148926, 70.4609527588, 71.0762786865, 71.7032165527, 72.3301544189, 72.9570999146, 73.5840377808, 74.210975647, 74.8263015747, 75.4416275024, 76.068572998, 76.6955108643, 77.3224487305, 77.9493865967, 78.5763244629, 79.2032623291, 79.8302001953, 80.4571380615, 81.0840835571, 81.6994094849, 82.3147354126, 82.9532852173, 83.5802230835, 84.2071609497, 84.8341064453, 85.449432373, 86.0647583008, 86.6800918579, 87.2838058472, 87.8991394043, 88.514465332, 89.1297912598, 89.7335128784, 90.3372344971, 90.9409484863, 91.5330581665, 92.1251678467, 92.7404937744, 93.3442153931, 93.9711532593, 94.5980911255, 95.2366409302, 95.8751907349, 96.5021286011, 97.1406784058, 97.7792282104, 98.4177780151, 99.0563278198, 99.6716537476, 100.298591614, 100.913917542, 101.529251099, 102.144577026, 102.79473877, 103.444892883, 104.095054626, 104.756820679, 105.41859436, 106.045532227, 106.672470093, 107.299407959, 107.937957764, 108.553283691, 109.180221558, 109.818771362, 110.468933105, 111.10748291, 111.664756775, 112.222038269, 112.756095886, 113.278549194, 113.812606812, 114.33505249, 114.84589386, 115.356735229, 115.972061157, 116.598999023, 117.214332581, 117.841270447, 118.468208313, 119.083534241, 119.698867798, 120.325805664, 120.95274353, 121.568069458, 122.195007324, 122.810340881, 123.414054871, 124.017776489, 124.633102417, 125.178771973, 125.71282959, 126.246894836, 126.769340515, 127.291786194, 127.82585144, 128.371520996, 128.917190552, 129.544128418, 130.171066284, 130.821228027, 131.471374512, 132.109924316, 132.748474121, 133.387023926, 134.013961792, 134.652511597, 135.256240845, 135.859954834, 136.463668823, 137.055786133, 137.647888184, 138.239990234, 138.832107544, 139.412597656, 140.004714966, 140.596817017, 141.165710449, 141.757827759, 142.34992981, 142.965255737, 143.580581665, 144.195922852, 144.811248779, 145.426574707, 146.041900635, 146.668838501, 147.284164429, 147.899505615, 148.514831543, 149.106933594, 149.699050903, 150.302764893, 150.906478882, 151.51020813, 152.113922119, 152.717636108, 153.321365356, 153.925079346, 154.517181396, 155.109298706, 155.713012695, 156.328338623, 156.943664551, 157.570602417, 158.197555542, 158.824493408, 159.451431274, 160.089981079, 160.705307007, 161.332244873, 161.947570801, 162.574508667, 163.201446533, 163.839996338, 164.478546143, 165.140319824, 165.813690186, 166.440628052, 167.055953979, 167.671295166, 168.205352783, 168.7394104, 169.273468018, 169.888793945, 170.504119873, 171.119445801, 171.746398926, 172.373336792],
    "bpm_histogram": [0, 0, 0, 0, 0, 0, 0, 0, 0, 0, 0, 0, 0, 0, 0, 0, 0, 0, 0, 0, 0, 0, 0, 0, 0, 0, 0, 0, 0, 0, 0, 0, 0, 0, 0, 0, 0, 0, 0, 0, 0, 0, 0, 0, 0, 0, 0, 0, 0, 0, 0, 0, 0, 0, 0, 0, 0, 0, 0, 0, 0, 0, 0, 0, 0, 0, 0, 0, 0, 0, 0, 0, 0, 0, 0, 0, 0.00355871883221, 0.00355871883221, 0.0142348753288, 0, 0, 0, 0.00355871883221, 0.00355871883221, 0, 0, 0, 0, 0.0177935939282, 0.0177935939282, 0, 0.0320284701884, 0.0284697506577, 0, 0.0782918184996, 0, 0.202846974134, 0, 0.209964409471, 0.131672590971, 0, 0.0711743757129, 0, 0.0177935939282, 0, 0.024911031127, 0, 0, 0.0106761567295, 0, 0.0142348753288, 0, 0.0533807836473, 0, 0, 0.024911031127, 0, 0.0320284701884, 0, 0, 0.00355871883221, 0, 0, 0, 0, 0, 0, 0, 0, 0, 0, 0, 0, 0, 0, 0, 0, 0, 0, 0, 0, 0, 0, 0, 0, 0, 0, 0, 0, 0, 0, 0, 0, 0, 0, 0, 0, 0, 0, 0, 0, 0, 0, 0, 0, 0, 0, 0, 0, 0, 0, 0, 0, 0, 0, 0, 0, 0, 0, 0, 0, 0, 0, 0, 0, 0, 0, 0, 0, 0, 0, 0, 0, 0, 0, 0, 0, 0, 0, 0, 0, 0, 0, 0, 0, 0, 0, 0, 0, 0, 0, 0, 0, 0, 0, 0, 0, 0, 0, 0, 0, 0, 0, 0, 0, 0, 0, 0, 0, 0, 0, 0, 0, 0, 0, 0, 0, 0, 0, 0, 0, 0, 0, 0, 0, 0, 0, 0, 0, 0]
},
"tonal": {
    "chords_changes_rate": 0.0479635596275,
    "chords_number_rate": 0.0032154340297,
    "chords_strength": {
        "mean": 0.518037855625
    },
    "hpcp_crest": {
        "mean": 16.9474964142
    },
    "hpcp_entropy": {
        "mean": 1.54852890968
    },
    "key_edma": {
        "strength": 0.640922725201,
        "key": "C",
        "scale": "major"
    },
    "key_krumhansl": {
        "strength": 0.652848422527,
        "key": "C",
        "scale": "major"
    },
    "key_temperley": {
        "strength": 0.666043579578,
        "key": "C",
        "scale": "major"
    },
    "tuning_diatonic_strength": 0.498252540827,
    "tuning_equal_tempered_deviation": 0.0381701029837,
    "tuning_frequency": 441.272583008,
    "tuning_nontempered_energy_ratio": 0.650568366051,
    "hpcp": {
        "mean": [0.316617131233, 0.135478317738, 0.0259323269129, 0.0203233156353, 0.0217931158841, 0.0524414032698, 0.0624391920865, 0.0349916964769, 0.128941595554, 0.172035425901, 0.0679906904697, 0.0328430868685, 0.030416527763, 0.0191114842892, 0.106688037515, 0.163274377584, 0.081366084516, 0.0262882020324, 0.023140495643, 0.0316074639559, 0.135826095939, 0.205057784915, 0.130416914821, 0.112754702568, 0.0963934734464, 0.0379178375006, 0.0392875298858, 0.0440761558712, 0.0504817217588, 0.201712846756, 0.300306230783, 0.15425875783, 0.0380999818444, 0.0305085908622, 0.0531023293734, 0.234558179975]
    },
    "chords_histogram": [17.5241165161, 0.643086791039, 24.7588424683, 2.03644156456, 3.0814576149, 1.17899250984, 21.3022499084, 0.214362278581, 2.78670954704, 0, 0.187566995621, 0, 0, 0.267952829599, 0, 1.55412650108, 0.50911039114, 0.267952829599, 0, 1.68810284138, 0.4019292593, 3.45659160614, 4.66237926483, 13.4780282974],
    "thpcp": [1, 0.427893191576, 0.081904374063, 0.0641889348626, 0.0688311308622, 0.165630340576, 0.19720724225, 0.110517382622, 0.407247692347, 0.54335474968, 0.214741036296, 0.103731237352, 0.0960672199726, 0.0603614971042, 0.33696231246, 0.515683948994, 0.256985723972, 0.0830283612013, 0.0730866789818, 0.0998286604881, 0.428991615772, 0.647652208805, 0.411907315254, 0.356123179197, 0.304448068142, 0.119759276509, 0.12408529222, 0.139209643006, 0.159440904856, 0.637087583542, 0.94848382473, 0.487209141254, 0.120334558189, 0.0963579937816, 0.167717799544, 0.740825951099],
    "chords_key": "G",
    "chords_scale": "major"
}
}