{
"metadata": {
    "version": {
        "essentia": "2.1-beta6-dev",
        "essentia_git_sha": "v2.1_beta5-1177-g1d1cc983",
        "extractor": "music 2.0"
    },
    "audio_properties": {
        "analysis": {
            "equal_loudness": 0,
            "length": 168.826660156,
            "sample_rate": 44100,
            "start_time": 0,
            "downmix": "mix"
        },
        "bit_rate": 1411200,
        "length": 168.826660156,
        "lossless": 1,
        "number_channels": 2,
        "replay_gain": -14.8074111938,
        "sample_rate": 44100,
        "codec": "pcm_s16le",
        "md5_encoded": "a90bf64ec860ea7e4f7981e8f742ceb2"
    },
    "tags": {
        "file_name": "03 - Manchester Orchestra - The Neighborhood Is Bleeding.wav",
        "album": ["I'm Like a Virgin Losing a Child"],
        "albumartist": ["Manchester Orchestra"],
        "artist": ["Manchester Orchestra"],
        "copyright": ["2006 Favorite Gentlemen 2006 Favorite Gentlemen"],
        "date": ["2006"],
        "discnumber": ["1"],
        "disctotal": ["1"],
        "genre": ["Alternative & Indie"],
        "isrc": ["USTC10665303"],
        "title": ["The Neighborhood Is Bleeding"],
        "tracknumber": ["3"],
        "tracktotal": ["11"]
    }
},
"lowlevel": {
    "average_loudness": 0.857966542244,
    "barkbands_crest": {
        "mean": 10.5051527023
    },
    "barkbands_flatness_db": {
        "mean": 0.120612457395
    },
    "barkbands_kurtosis": {
        "mean": 5.19812297821
    },
    "barkbands_skewness": {
        "mean": 1.61733615398
    },
    "barkbands_spread": {
        "mean": 27.5771560669
    },
    "dissonance": {
        "mean": 0.466290891171
    },
    "dynamic_complexity": 4.34131574631,
    "erbbands_crest": {
        "mean": 7.91681480408
    },
    "erbbands_flatness_db": {
        "mean": 0.129741668701
    },
    "erbbands_kurtosis": {
        "mean": 0.429947584867
    },
    "erbbands_skewness": {
        "mean": 0.400425344706
    },
    "erbbands_spread": {
        "mean": 43.5696983337
    },
    "hfc": {
        "mean": 20.2130241394
    },
    "loudness_ebu128": {
        "integrated": -8.82748603821,
        "loudness_range": 4.40101528168,
        "momentary": {
            "mean": -10.9641227722
        },
        "short_term": {
            "mean": -10.0597419739
        }
    },
    "melbands_crest": {
        "mean": 15.3662042618
    },
    "melbands_flatness_db": {
        "mean": 0.196855664253
    },
    "melbands_kurtosis": {
        "mean": 14.8943729401
    },
    "melbands_skewness": {
        "mean": 2.76570940018
    },
    "melbands_spread": {
        "mean": 25.5160045624
    },
    "pitch_salience": {
        "mean": 0.536028206348
    },
    "silence_rate_20dB": {
        "mean": 1
    },
    "silence_rate_30dB": {
        "mean": 0.999312460423
    },
    "silence_rate_60dB": {
        "mean": 0.0697194710374
    },
    "spectral_centroid": {
        "mean": 1574.69580078
    },
    "spectral_complexity": {
        "mean": 21.5550060272
    },
    "spectral_decrease": {
        "mean": -6.64730359645e-09
    },
    "spectral_energy": {
        "mean": 0.0269218832254
    },
    "spectral_energyband_high": {
        "mean": 0.00114707858302
    },
    "spectral_energyband_low": {
        "mean": 0.0104699619114
    },
    "spectral_energyband_middle_high": {
        "mean": 0.00530046224594
    },
    "spectral_energyband_middle_low": {
        "mean": 0.0104066692293
    },
    "spectral_entropy": {
        "mean": 7.72252416611
    },
    "spectral_flux": {
        "mean": 0.0729187503457
    },
    "spectral_kurtosis": {
        "mean": 4.37208747864
    },
    "spectral_rms": {
        "mean": 0.0047380621545
    },
    "spectral_rolloff": {
        "mean": 1736.97595215
    },
    "spectral_skewness": {
        "mean": 1.45732021332
    },
    "spectral_spread": {
        "mean": 5117013
    },
    "spectral_strongpeak": {
        "mean": 0.719544649124
    },
    "zerocrossingrate": {
        "mean": 0.0693049132824
    },
    "barkbands": {
        "mean": [0.000867993570864, 0.00712551129982, 0.00216793804429, 0.00180259475019, 0.00373044563457, 0.00115919334348, 0.000965813058428, 0.00108491885476, 0.00148095272016, 0.00167009059805, 0.000653110560961, 0.00045940830023, 0.000591841817368, 0.000411907443777, 0.000248615804594, 0.000177236055606, 0.000190672377357, 0.000299890409224, 0.000445536483312, 0.00049619859783, 0.000318208622048, 0.00016079917259, 0.000145923477248, 0.000148012739373, 7.15520727681e-05, 3.80630517611e-05, 9.37753702601e-06]
    },
    "erbbands": {
        "mean": [0.253206312656, 1.40751886368, 2.71357059479, 3.72142624855, 13.643119812, 9.32394886017, 9.41257762909, 9.49628067017, 11.8443880081, 17.8644638062, 25.8753452301, 35.3872299194, 34.4130096436, 54.3883895874, 26.598947525, 17.1352138519, 24.3518161774, 24.0047168732, 17.214384079, 11.6089382172, 10.4694824219, 11.1890563965, 15.3548746109, 17.5806770325, 26.7804737091, 22.4165306091, 16.7856769562, 10.1472969055, 6.39434480667, 4.45416736603, 4.19079303741, 3.35070300102, 2.24231791496, 0.916234791279, 0.462466865778, 0.20774525404, 0.062215551734, 0.0127292638645, 0.00158354919404, 0.000114041999041]
    },
    "gfcc": {
        "mean": [-4.91197252274, 78.7449264526, -98.0020828247, 30.6307106018, -57.2189254761, 11.8020877838, -21.8952350616, 16.4802265167, -23.0819263458, 5.44377851486, -13.7773771286, 0.114313513041, -7.5865149498],
        "cov": [[22486.2910156, 186.671279907, -2667.09814453, 539.667541504, -590.695617676, 439.599517822, 186.712387085, 555.813964844, -398.329833984, 231.092025757, -75.3099060059, 10.7152938843, -235.8384552], [186.671279907, 1435.00073242, -41.8709602356, -235.746078491, 95.5315551758, -118.362251282, 82.1927261353, 18.8712444305, 67.7220306396, 22.4592781067, 82.1450881958, -29.7467460632, 94.0933151245], [-2667.09814453, -41.8709602356, 1184.01916504, 1.68157160282, 98.7019805908, 14.2444210052, -44.4584007263, -68.5437088013, 116.298141479, 29.3572559357, -45.5765419006, 82.2531280518, 45.9986343384], [539.667541504, -235.746078491, 1.68157160282, 432.36920166, -23.1001853943, 61.6666755676, 49.3894500732, 21.8984699249, 28.4059848785, 5.43803834915, -14.2501382828, 6.60558080673, -9.56644630432], [-590.695617676, 95.5315551758, 98.7019805908, -23.1001853943, 250.502090454, 3.56147241592, 85.6733627319, 12.0443763733, 25.5294742584, 42.3856010437, 34.1843795776, 5.83090209961, 24.4467124939], [439.599517822, -118.362251282, 14.2444210052, 61.6666755676, 3.56147241592, 230.287200928, 87.1482086182, 30.2513504028, 6.103079319, 22.8377227783, 18.8425979614, 14.3179349899, -13.4128465652], [186.712387085, 82.1927261353, -44.4584007263, 49.3894500732, 85.6733627319, 87.1482086182, 212.425613403, 67.9180374146, 24.2021465302, 55.8317146301, 56.9002304077, 15.3048810959, 23.7129535675], [555.813964844, 18.8712444305, -68.5437088013, 21.8984699249, 12.0443763733, 30.2513504028, 67.9180374146, 147.753372192, 43.105178833, 47.3645248413, 37.9687843323, 23.844991684, 16.2242107391], [-398.329833984, 67.7220306396, 116.298141479, 28.4059848785, 25.5294742584, 6.103079319, 24.2021465302, 43.105178833, 94.2985458374, 35.1942977905, 19.7340393066, 13.4281454086, 23.5379447937], [231.092025757, 22.4592781067, 29.3572559357, 5.43803834915, 42.3856010437, 22.8377227783, 55.8317146301, 47.3645248413, 35.1942977905, 96.8200378418, 47.2571029663, 27.6865692139, 18.3517856598], [-75.3099060059, 82.1450881958, -45.5765419006, -14.2501382828, 34.1843795776, 18.8425979614, 56.9002304077, 37.9687843323, 19.7340393066, 47.2571029663, 88.7735748291, 26.3104953766, 21.6693649292], [10.7152938843, -29.7467460632, 82.2531280518, 6.60558080673, 5.83090209961, 14.3179349899, 15.3048810959, 23.844991684, 13.4281454086, 27.6865692139, 26.3104953766, 63.218421936, 26.0944766998], [-235.8384552, 94.0933151245, 45.9986343384, -9.56644630432, 24.4467124939, -13.4128465652, 23.7129535675, 16.2242107391, 23.5379447937, 18.3517856598, 21.6693649292, 26.0944766998, 60.010181427]],
        "icov": [[0.000123217643704, -0.000170509752934, 0.000252307916526, -0.000188929348951, 0.000142926175613, -0.000234395760344, 0.000136493312311, -0.000422915472882, 0.000602770945989, -0.000709352607373, 0.000752168649342, -0.000549384625629, 0.000425655947765], [-0.000170509752934, 0.00127157231327, -0.000333033123752, 0.000777806562837, -0.000165020901477, 0.000771722581703, -0.000696547795087, 0.000768336292822, -0.00153986213263, 0.00133913650643, -0.0018326533027, 0.00202875654213, -0.00200332328677], [0.000252307916526, -0.000333033123752, 0.00196277163923, -0.000225783092901, -0.000317022873787, -0.000756059947889, 0.000507541059051, 0.000471269682748, -0.00103205780033, -0.00164315395523, 0.00319533119909, -0.00360283697955, 0.000925576197915], [-0.000188929348951, 0.000777806562837, -0.000225783092901, 0.0031766735483, 0.000161992007634, 0.000184118413017, -0.00132326944731, 0.000957027426921, -0.00257085519843, 0.00138833455276, -0.000346522079781, 0.000588488648646, -0.000590236159042], [0.000142926175613, -0.000165020901477, -0.000317022873787, 0.000161992007634, 0.00555316032842, 0.000450171122793, -0.00219699833542, 8.16931860754e-05, 0.000757233879995, -0.00201608007774, -4.9088816013e-05, 0.00106923654675, -0.000353971117875], [-0.000234395760344, 0.000771722581703, -0.000756059947889, 0.000184118413017, 0.000450171122793, 0.00642920099199, -0.00324711902067, 0.000749603088479, -0.00124758318998, 0.00147053075489, -0.00197583320551, 0.000207732591662, 0.0014744901564], [0.000136493312311, -0.000696547795087, 0.000507541059051, -0.00132326944731, -0.00219699833542, -0.00324711902067, 0.0093049146235, -0.0028225753922, 0.00206610816531, -0.00249344296753, -0.00138178805355, 0.000764552969486, -0.00159726117272], [-0.000422915472882, 0.000768336292822, 0.000471269682748, 0.000957027426921, 8.16931860754e-05, 0.000749603088479, -0.0028225753922, 0.0124762719497, -0.00749304005876, 0.000424342055339, -0.00221739034168, -0.00182241748553, -0.000796507112682], [0.000602770945989, -0.00153986213263, -0.00103205780033, -0.00257085519843, 0.000757233879995, -0.00124758318998, 0.00206610816531, -0.00749304005876, 0.0215612128377, -0.0070370612666, 0.00171094608959, 0.00192864506971, -0.00197482970543], [-0.000709352607373, 0.00133913650643, -0.00164315395523, 0.00138833455276, -0.00201608007774, 0.00147053075489, -0.00249344296753, 0.000424342055339, -0.0070370612666, 0.0217520967126, -0.0101834870875, -0.000113340152893, -0.00155146885663], [0.000752168649342, -0.0018326533027, 0.00319533119909, -0.000346522079781, -4.9088816013e-05, -0.00197583320551, -0.00138178805355, -0.00221739034168, 0.00171094608959, -0.0101834870875, 0.0251692999154, -0.0107188913971, 0.00206446927041], [-0.000549384625629, 0.00202875654213, -0.00360283697955, 0.000588488648646, 0.00106923654675, 0.000207732591662, 0.000764552969486, -0.00182241748553, 0.00192864506971, -0.000113340152893, -0.0107188913971, 0.0313919000328, -0.0131847402081], [0.000425655947765, -0.00200332328677, 0.000925576197915, -0.000590236159042, -0.000353971117875, 0.0014744901564, -0.00159726117272, -0.000796507112682, -0.00197482970543, -0.00155146885663, 0.00206446927041, -0.0131847402081, 0.028231235221]]
    },
    "melbands": {
        "mean": [0.00214628805406, 0.00151237065438, 0.00101593858562, 0.000850740179885, 0.000339268648531, 0.00021023050067, 0.000185663520824, 0.00021310748707, 0.000222200105782, 0.000208937373827, 0.000175777939148, 0.000236635460169, 9.72792768152e-05, 5.60199223401e-05, 4.25348589488e-05, 5.76055172132e-05, 4.22646444349e-05, 3.01148811559e-05, 1.62259457284e-05, 1.29105255837e-05, 1.21533539641e-05, 1.12478883239e-05, 1.2921806956e-05, 1.44482628457e-05, 1.34852562041e-05, 1.90433547687e-05, 1.83825577551e-05, 1.42200024129e-05, 1.21248995129e-05, 6.80238417772e-06, 5.32123340236e-06, 3.73184684577e-06, 2.71225576398e-06, 2.410001116e-06, 2.48308197115e-06, 2.18721970668e-06, 1.99919099941e-06, 1.65752476278e-06, 1.15439615911e-06, 6.40561438559e-07]
    },
    "melbands128": {
        "mean": [0.000729215331376, 0.00213260110468, 0.00276191486046, 0.00216871523298, 0.00158365932293, 0.000932921655476, 0.00051831395831, 0.00116377079394, 0.00165999995079, 0.000779450405389, 0.000426119862823, 0.000362403545296, 0.00030423651333, 0.000328506022925, 0.000237180065596, 0.000131785025587, 0.000125088248751, 0.000247155578109, 0.000172663974809, 0.000190825463505, 0.000235997344134, 0.000288818351692, 0.000134597619763, 0.000255557679338, 0.000323611777276, 0.000107761043182, 0.000177887777681, 0.000116857365356, 0.000229629746173, 0.000367828062735, 0.000167841863004, 0.00012155436707, 0.000124022262753, 4.05316859542e-05, 8.76497069839e-05, 4.79086993437e-05, 3.29177746607e-05, 2.83641766146e-05, 6.68883149046e-05, 5.13993327331e-05, 4.57034220744e-05, 8.59838473843e-05, 3.26775443682e-05, 2.43559097726e-05, 4.60165247205e-05, 2.78734096355e-05, 2.07855264307e-05, 1.1943775462e-05, 1.68630485859e-05, 1.83567553904e-05, 1.00571578514e-05, 9.5954956123e-06, 1.45916455949e-05, 1.17911176858e-05, 1.09292350317e-05, 1.2841642274e-05, 8.55752114148e-06, 1.25725155158e-05, 1.54003864736e-05, 1.24547768792e-05, 1.46149768625e-05, 1.65136480064e-05, 1.12802918011e-05, 1.38260338645e-05, 1.4406842638e-05, 1.83558968274e-05, 2.40918616328e-05, 1.83815245691e-05, 1.91871677089e-05, 1.40351630762e-05, 1.39570574902e-05, 1.43253537317e-05, 1.40743686643e-05, 1.31097467602e-05, 8.0056825027e-06, 6.46808075544e-06, 6.0227503127e-06, 7.27628093955e-06, 5.08648236064e-06, 3.74089745492e-06, 3.72739214072e-06, 3.9208994167e-06, 3.17268609251e-06, 2.54842211689e-06, 2.36488654082e-06, 2.31076933233e-06, 2.31722242461e-06, 2.82671749119e-06, 2.47737079917e-06, 2.30451951211e-06, 2.2382264433e-06, 2.21592563321e-06, 1.97850022232e-06, 2.20491801883e-06, 1.81979430636e-06, 1.66659185652e-06, 1.67487553426e-06, 1.58746593115e-06, 1.21694949939e-06, 9.21659307096e-07, 7.31005229682e-07, 5.5752246908e-07, 5.82011807637e-07, 5.26592145889e-07, 5.48202820028e-07, 4.82670202473e-07, 4.94202879509e-07, 3.57393986405e-07, 3.63884225862e-07, 3.14185939487e-07, 3.07755840367e-07, 2.18841393007e-07, 1.76816527642e-07, 1.49377129333e-07, 1.31640334189e-07, 1.13344292174e-07, 8.90805083031e-08, 7.02385065665e-08, 5.82333186117e-08, 4.92987553002e-08, 4.12340526168e-08, 3.1627866548e-08, 2.78361991235e-08, 1.99128216138e-08, 1.51081138711e-08, 7.29952009948e-09, 6.96275426204e-10, 1.18865620471e-11]
    },
    "mfcc": {
        "mean": [-648.364135742, 112.99785614, 11.2413835526, 26.1130504608, -5.33714675903, 1.32533538342, 9.4235906601, 6.58641147614, 4.53837966919, 8.30966567993, -0.369740009308, 0.595974743366, -1.28983724117],
        "cov": [[15265.5439453, 207.512969971, -1282.88891602, 210.270553589, -569.062927246, -8.73334598541, 399.533050537, 139.507446289, -17.1647472382, 291.317474365, -70.676399231, 180.280517578, -75.5335464478], [207.512969971, 1488.6920166, -90.6191711426, -82.4983596802, -5.11475324631, -120.449783325, 11.5276498795, -64.8202667236, 20.0534439087, 10.6231679916, 19.7032413483, -7.62832212448, 45.1967849731], [-1282.88891602, -90.6191711426, 793.889892578, 64.0820999146, 122.524902344, 89.1901168823, -106.714759827, 18.5897388458, 64.498046875, -68.4471130371, 32.458820343, -27.6568317413, 38.6549911499], [210.270553589, -82.4983596802, 64.0820999146, 306.607452393, 36.4888687134, 24.2076091766, 1.35584950447, 6.95215845108, 50.4654884338, 8.00587558746, -0.801972389221, 45.2485313416, 18.7720279694], [-569.062927246, -5.11475324631, 122.524902344, 36.4888687134, 154.937988281, 30.4297771454, -29.3454856873, -4.19115781784, 15.797703743, -12.0985679626, 14.6893672943, -10.3431491852, 9.46836566925], [-8.73334598541, -120.449783325, 89.1901168823, 24.2076091766, 30.4297771454, 180.2315979, 67.3205871582, 25.3797740936, 16.2885570526, 11.3416881561, 26.1262111664, -1.383887887, -4.47628450394], [399.533050537, 11.5276498795, -106.714759827, 1.35584950447, -29.3454856873, 67.3205871582, 167.155258179, 50.5491409302, 17.3810653687, 52.7551193237, 30.4190006256, 35.3222007751, 11.0932044983], [139.507446289, -64.8202667236, 18.5897388458, 6.95215845108, -4.19115781784, 25.3797740936, 50.5491409302, 88.9387817383, 31.5952911377, 23.4356403351, 14.2935810089, 18.3361644745, 4.77720832825], [-17.1647472382, 20.0534439087, 64.498046875, 50.4654884338, 15.797703743, 16.2885570526, 17.3810653687, 31.5952911377, 91.7548370361, 30.669216156, 16.8739452362, 25.9380283356, 19.1655673981], [291.317474365, 10.6231679916, -68.4471130371, 8.00587558746, -12.0985679626, 11.3416881561, 52.7551193237, 23.4356403351, 30.669216156, 89.1799240112, 31.6043357849, 24.7711257935, 8.07424545288], [-70.676399231, 19.7032413483, 32.458820343, -0.801972389221, 14.6893672943, 26.1262111664, 30.4190006256, 14.2935810089, 16.8739452362, 31.6043357849, 67.8234558105, 23.5992240906, 14.1293077469], [180.280517578, -7.62832212448, -27.6568317413, 45.2485313416, -10.3431491852, -1.383887887, 35.3222007751, 18.3361644745, 25.9380283356, 24.7711257935, 23.5992240906, 81.5017471313, 29.1906051636], [-75.5335464478, 45.1967849731, 38.6549911499, 18.7720279694, 9.46836566925, -4.47628450394, 11.0932044983, 4.77720832825, 19.1655673981, 8.07424545288, 14.1293077469, 29.1906051636, 62.483089447]],
        "icov": [[9.17117868084e-05, -2.97655005852e-05, 8.82667227415e-05, -0.000109376444016, 0.000253832229646, -8.53002566146e-05, -1.02160481674e-06, -0.00012460257858, 8.56807746459e-05, -0.000205362171982, 0.00015527351934, -9.63217025856e-05, 8.5928462795e-05], [-2.97655005852e-05, 0.000825967697892, 1.6820124074e-05, 0.000243750939262, -0.00017656754062, 0.000730823259801, -0.000580877705943, 0.000901207618881, -0.000667106360197, 0.00028565118555, -0.000478253728943, 0.000521126319654, -0.000571339973249], [8.82667227415e-05, 1.6820124074e-05, 0.00234924629331, -0.00025817588903, -0.000271539203823, -0.0014054342173, 0.00191387755331, -0.00112215382978, -0.00144940346945, 0.00174032221548, -0.00155853724573, 0.00103452755138, -0.00150597013999], [-0.000109376444016, 0.000243750939262, -0.00025817588903, 0.00428022397682, -0.00117581652012, -0.00030663216603, 7.18837254681e-05, 0.000995100010186, -0.00197958061472, 0.00019488898397, 0.00136410631239, -0.00245122541673, 5.13306367793e-05], [0.000253832229646, -0.00017656754062, -0.000271539203823, -0.00117581652012, 0.00885266903788, -0.00160183093976, 0.00162702263333, -0.000242240348598, -0.000443920871476, 7.05166021362e-05, -0.00176358886529, 0.00137688801624, -0.000888169277459], [-8.53002566146e-05, 0.000730823259801, -0.0014054342173, -0.00030663216603, -0.00160183093976, 0.0092563405633, -0.00549123575911, 0.00119555986021, -0.000594362907577, 0.000888680806383, -0.00191914779134, 0.0018630506238, 0.00175027339719], [-1.02160481674e-06, -0.000580877705943, 0.00191387755331, 7.18837254681e-05, 0.00162702263333, -0.00549123575911, 0.0130350561813, -0.00543791474774, 0.00108822132461, -0.00292956153862, -0.0014538714895, -0.0020812752191, -0.00197922764346], [-0.00012460257858, 0.000901207618881, -0.00112215382978, 0.000995100010186, -0.000242240348598, 0.00119555986021, -0.00543791474774, 0.0169031694531, -0.00488342903554, -0.000255077524344, -1.46287011376e-05, -0.000869811105076, 0.00132872618269], [8.56807746459e-05, -0.000667106360197, -0.00144940346945, -0.00197958061472, -0.000443920871476, -0.000594362907577, 0.00108822132461, -0.00488342903554, 0.0176940783858, -0.00622551189736, 0.00157659873366, -0.00277867191471, -0.00139886920806], [-0.000205362171982, 0.00028565118555, 0.00174032221548, 0.00019488898397, 7.05166021362e-05, 0.000888680806383, -0.00292956153862, -0.000255077524344, -0.00622551189736, 0.0196403451264, -0.00792417488992, 0.00067418103572, -0.000148966864799], [0.00015527351934, -0.000478253728943, -0.00155853724573, 0.00136410631239, -0.00176358886529, -0.00191914779134, -0.0014538714895, -1.46287011376e-05, 0.00157659873366, -0.00792417488992, 0.0230277758092, -0.0059039639309, -0.000431687949458], [-9.63217025856e-05, 0.000521126319654, 0.00103452755138, -0.00245122541673, 0.00137688801624, 0.0018630506238, -0.0020812752191, -0.000869811105076, -0.00277867191471, 0.00067418103572, -0.0059039639309, 0.0206528808922, -0.00758441770449], [8.5928462795e-05, -0.000571339973249, -0.00150597013999, 5.13306367793e-05, -0.000888169277459, 0.00175027339719, -0.00197922764346, 0.00132872618269, -0.00139886920806, -0.000148966864799, -0.000431687949458, -0.00758441770449, 0.0220367088914]]
    },
    "spectral_contrast_coeffs": {
        "mean": [-0.740122973919, -0.762200176716, -0.754602909088, -0.812223136425, -0.807077586651, -0.773180186749]
    },
    "spectral_contrast_valleys": {
        "mean": [-6.70314025879, -6.78310251236, -7.55115222931, -7.88865947723, -7.50960016251, -10.0995473862]
    }
},
"rhythm": {
    "beats_count": 350,
    "beats_loudness": {
        "mean": 0.0412976816297
    },
    "bpm": 124.98690033,
    "bpm_histogram_first_peak_bpm": 126,
    "bpm_histogram_first_peak_weight": 0.372670769691,
    "bpm_histogram_second_peak_bpm": 120,
    "bpm_histogram_second_peak_spread": 0.357142865658,
    "bpm_histogram_second_peak_weight": 0.0257879663259,
    "danceability": 1.09044396877,
    "onset_rate": 3.5239648819,
    "beats_loudness_band_ratio": {
        "mean": [0.640695333481, 0.165146127343, 0.101639851928, 0.0819031223655, 0.033032681793, 0.0639472901821]
    },
    "beats_position": [0.487619042397, 0.986848056316, 1.48607707024, 1.98530614376, 2.50775504112, 3.04181408882, 3.55265307426, 4.05188179016, 4.55111122131, 5.02712011337, 5.50312900543, 5.99074840546, 6.46675729752, 6.94276618958, 7.4303855896, 7.90639448166, 8.38240337372, 8.85841274261, 9.33442115784, 9.82204055786, 10.3096599579, 10.7972784042, 11.2732877731, 11.749297142, 12.2369155884, 12.7129249573, 13.1889343262, 13.6765527725, 14.1525621414, 14.6285715103, 15.1045799255, 15.5805892944, 16.0682086945, 16.5558280945, 17.031835556, 17.5078449249, 17.9838542938, 18.4598636627, 18.9474830627, 19.4351024628, 19.9111099243, 20.3871192932, 20.8747386932, 21.3507480621, 21.826757431, 22.3143768311, 22.7903842926, 23.2663936615, 23.7540130615, 24.2300224304, 24.7060317993, 25.1936511993, 25.681268692, 26.1572780609, 26.6448974609, 27.1209068298, 27.5969161987, 28.0729255676, 28.5489330292, 29.0249423981, 29.5125617981, 29.988571167, 30.4645805359, 30.9405899048, 31.4165973663, 31.9042167664, 32.391834259, 32.8678436279, 33.3438529968, 33.8314743042, 34.3074836731, 34.783493042, 35.2711105347, 35.7471199036, 36.2231292725, 36.7107467651, 37.186756134, 37.6627655029, 38.1503829956, 38.6263923645, 39.1024017334, 39.5900230408, 40.0660324097, 40.5420417786, 41.0296592712, 41.5172767639, 42.0048980713, 42.4809074402, 42.9569168091, 43.432926178, 43.9089317322, 44.3849411011, 44.86095047, 45.3485717773, 45.8245811462, 46.3005905151, 46.7882080078, 47.2642173767, 47.7402267456, 48.2278442383, 48.7154655457, 49.1914749146, 49.6674804688, 50.1551017761, 50.631111145, 51.1071205139, 51.5947380066, 52.0707473755, 52.5467567444, 53.0343742371, 53.510383606, 53.9863929749, 54.4740142822, 54.9500198364, 55.4260292053, 55.9020385742, 56.3896598816, 56.8656692505, 57.3532867432, 57.8292961121, 58.305305481, 58.7929229736, 59.2689323425, 59.7449417114, 60.2325630188, 60.708568573, 61.1845779419, 61.6721992493, 62.1482086182, 62.6242179871, 63.1118354797, 63.5994529724, 64.0754623413, 64.5514755249, 65.0274810791, 65.5034942627, 65.9911117554, 66.478729248, 66.9547348022, 67.4307479858, 67.9183654785, 68.3943786621, 68.8703842163, 69.3463897705, 69.8224029541, 70.3100204468, 70.7976379395, 71.273651123, 71.7496566772, 72.2372741699, 72.7132873535, 73.1892929077, 73.6769180298, 74.152923584, 74.6289291382, 75.1165542603, 75.5925598145, 76.068572998, 76.5561904907, 77.0321960449, 77.5082092285, 77.9958267212, 78.4718322754, 78.947845459, 79.4354629517, 79.9230804443, 80.3990936279, 80.8750991821, 81.3511123657, 81.8271179199, 82.3147354126, 82.8023605347, 83.2783660889, 83.7543716431, 84.2303848267, 84.7063903809, 85.1940155029, 85.6816329956, 86.1576385498, 86.6336517334, 87.1212692261, 87.5972747803, 88.0732879639, 88.5492935181, 89.0253067017, 89.5129241943, 90.000541687, 90.4765548706, 90.9525604248, 91.428565979, 91.9045791626, 92.3805847168, 92.8682098389, 93.3442153931, 93.8318328857, 94.3078460693, 94.7838516235, 95.2598648071, 95.7358703613, 96.223487854, 96.7111129761, 97.1871185303, 97.6631240845, 98.1507492065, 98.6383666992, 99.1143722534, 99.590385437, 100.066390991, 100.542404175, 101.030021667, 101.506027222, 101.982040405, 102.469657898, 102.957275391, 103.433288574, 103.909294128, 104.396911621, 104.872924805, 105.348930359, 105.836547852, 106.312561035, 106.788566589, 107.276191711, 107.763809204, 108.239814758, 108.715827942, 109.191833496, 109.66784668, 110.155464172, 110.643081665, 111.119087219, 111.595100403, 112.082717896, 112.558731079, 113.034736633, 113.522354126, 113.99836731, 114.474372864, 114.961990356, 115.43800354, 115.914009094, 116.390022278, 116.866027832, 117.353645325, 117.841270447, 118.317276001, 118.793289185, 119.269294739, 119.756912231, 120.232925415, 120.720542908, 121.196548462, 121.672561646, 122.160179138, 122.636184692, 123.112197876, 123.599815369, 124.075828552, 124.551834106, 125.039451599, 125.515464783, 125.991470337, 126.47908783, 126.955101013, 127.431106567, 127.91872406, 128.406341553, 128.893966675, 129.369979858, 129.845977783, 130.321990967, 130.79800415, 131.274017334, 131.750015259, 132.237640381, 132.713653564, 133.189651489, 133.677276611, 134.153289795, 134.62928772, 135.116912842, 135.604537964, 136.080535889, 136.556549072, 137.032562256, 137.508575439, 137.996185303, 138.472198486, 138.94821167, 139.435821533, 139.923446655, 140.399459839, 140.875457764, 141.351470947, 141.827484131, 142.315093994, 142.802719116, 143.2787323, 143.754730225, 144.230743408, 144.706756592, 145.194366455, 145.670379639, 146.158004761, 146.634017944, 147.121627808, 147.597640991, 148.085250854, 148.561264038, 149.025665283, 149.501678467, 149.97769165, 150.442077637, 150.929702759, 151.417327881, 151.904937744, 152.392562866, 152.86857605, 153.344573975, 153.80897522, 154.296600342, 154.784210205, 155.271835327, 155.759460449, 156.235458374, 156.711471558, 157.19909668, 157.686706543, 158.185943604, 158.685165405, 159.172790527, 159.660400391, 160.148025513, 160.647247314, 161.146484375, 161.657318115, 162.168167114, 162.679000854, 163.189834595, 163.723892212, 164.269561768, 164.815231323, 165.244796753, 165.674377441, 166.092330933, 166.510284424, 166.928253174, 167.346206665, 167.764175415, 168.193740845],
    "bpm_histogram": [0, 0, 0, 0, 0, 0, 0, 0, 0, 0, 0, 0, 0, 0, 0, 0, 0, 0, 0, 0, 0, 0, 0, 0, 0, 0, 0, 0, 0, 0, 0, 0, 0, 0, 0, 0, 0, 0, 0, 0, 0, 0, 0, 0, 0, 0, 0, 0, 0, 0, 0, 0, 0, 0, 0, 0, 0, 0, 0, 0, 0, 0, 0, 0, 0, 0, 0, 0, 0, 0, 0, 0, 0, 0, 0, 0, 0, 0, 0, 0, 0, 0, 0, 0, 0, 0, 0, 0, 0, 0, 0, 0, 0, 0, 0, 0, 0, 0, 0, 0, 0, 0, 0, 0, 0, 0, 0, 0, 0, 0, 0.00573065923527, 0, 0.00573065923527, 0, 0, 0.00286532961763, 0, 0.0143266478553, 0, 0, 0.0257879663259, 0, 0, 0.335243552923, 0, 0, 0.578796565533, 0, 0, 0.00859598815441, 0, 0, 0, 0, 0, 0, 0, 0, 0, 0, 0.00859598815441, 0, 0, 0, 0.0143266478553, 0, 0, 0, 0, 0, 0, 0, 0, 0, 0, 0, 0, 0, 0, 0, 0, 0, 0, 0, 0, 0, 0, 0, 0, 0, 0, 0, 0, 0, 0, 0, 0, 0, 0, 0, 0, 0, 0, 0, 0, 0, 0, 0, 0, 0, 0, 0, 0, 0, 0, 0, 0, 0, 0, 0, 0, 0, 0, 0, 0, 0, 0, 0, 0, 0, 0, 0, 0, 0, 0, 0, 0, 0, 0, 0, 0, 0, 0, 0, 0, 0, 0, 0, 0, 0, 0, 0, 0, 0, 0, 0, 0, 0, 0, 0, 0, 0, 0, 0, 0, 0, 0, 0, 0, 0]
},
"tonal": {
    "chords_changes_rate": 0.0393181182444,
    "chords_number_rate": 0.00247456692159,
    "chords_strength": {
        "mean": 0.526712656021
    },
    "hpcp_crest": {
        "mean": 14.9003267288
    },
    "hpcp_entropy": {
        "mean": 1.7988948822
    },
    "key_edma": {
        "strength": 0.808570921421,
        "key": "D",
        "scale": "major"
    },
    "key_krumhansl": {
        "strength": 0.801110208035,
        "key": "D",
        "scale": "major"
    },
    "key_temperley": {
        "strength": 0.805112719536,
        "key": "A",
        "scale": "major"
    },
    "tuning_diatonic_strength": 0.650003254414,
    "tuning_equal_tempered_deviation": 0.236114770174,
    "tuning_frequency": 434.193115234,
    "tuning_nontempered_energy_ratio": 0.966180503368,
    "hpcp": {
        "mean": [0.388355672359, 0.387400358915, 0.107466608286, 0.04168407619, 0.0352317765355, 0.0408047996461, 0.112143695354, 0.152369767427, 0.0855127051473, 0.036960285157, 0.0313099808991, 0.0457925796509, 0.111218713224, 0.121827282012, 0.0905254408717, 0.195801734924, 0.251457870007, 0.127252534032, 0.0418895296752, 0.0314146839082, 0.0318462774158, 0.171729266644, 0.266146689653, 0.142494142056, 0.0551077239215, 0.0437554009259, 0.0651118084788, 0.166289120913, 0.180759653449, 0.0996586680412, 0.0630906149745, 0.0451887063682, 0.0502831749618, 0.0970141291618, 0.112244158983, 0.132264405489]
    },
    "chords_histogram": [35.4412994385, 1.53973054886, 11.657959938, 0.54990375042, 2.47456693649, 0, 0.0549903772771, 0.357437461615, 0.0549903772771, 0, 0.604894161224, 0, 0, 0, 0, 0.219961509109, 0, 1.53973054886, 0, 2.6395380497, 0, 2.47456693649, 34.9463844299, 5.44404745102],
    "thpcp": [1, 0.99754011631, 0.27672213316, 0.107334792614, 0.090720385313, 0.105070695281, 0.28876543045, 0.392345935106, 0.220191717148, 0.0951712280512, 0.080621920526, 0.117914021015, 0.286383658648, 0.313700288534, 0.23309931159, 0.504181444645, 0.647493720055, 0.327670067549, 0.10786382854, 0.0808915272355, 0.0820028632879, 0.442195862532, 0.685316860676, 0.366916596889, 0.141900137067, 0.112668372691, 0.16766025126, 0.428187698126, 0.465448737144, 0.25661700964, 0.162455752492, 0.116359077394, 0.129477128386, 0.249807417393, 0.289024114609, 0.340575456619],
    "chords_key": "A",
    "chords_scale": "major"
}
}