{
"metadata": {
    "version": {
        "essentia": "2.1-beta6-dev",
        "essentia_git_sha": "v2.1_beta5-1177-g1d1cc983",
        "extractor": "music 2.0"
    },
    "audio_properties": {
        "analysis": {
            "equal_loudness": 0,
            "length": 273.066680908,
            "sample_rate": 44100,
            "start_time": 0,
            "downmix": "mix"
        },
        "bit_rate": 1411200,
        "length": 273.066680908,
        "lossless": 1,
        "number_channels": 2,
        "replay_gain": -14.6808624268,
        "sample_rate": 44100,
        "codec": "pcm_s16le",
        "md5_encoded": "52bb423a20a81005b48b89298fd827d9"
    },
    "tags": {
        "file_name": "02 - Manchester Orchestra - The Gold.wav",
        "album": ["A Black Mile To The Surface"],
        "albumartist": ["Manchester Orchestra"],
        "artist": ["Manchester Orchestra"],
        "composer": ["Andy Hull"],
        "copyright": ["℗ 2017 Loma Vista Recordings."],
        "date": ["2017"],
        "discnumber": ["1"],
        "disctotal": ["1"],
        "genre": ["Alternative & Indie"],
        "isrc": ["USC4R1702130"],
        "title": ["The Gold"],
        "tracknumber": ["2"],
        "tracktotal": ["11"]
    }
},
"lowlevel": {
    "average_loudness": 0.844110012054,
    "barkbands_crest": {
        "mean": 9.50344371796
    },
    "barkbands_flatness_db": {
        "mean": 0.133157894015
    },
    "barkbands_kurtosis": {
        "mean": 4.01607847214
    },
    "barkbands_skewness": {
        "mean": 1.4113124609
    },
    "barkbands_spread": {
        "mean": 23.1216964722
    },
    "dissonance": {
        "mean": 0.467815071344
    },
    "dynamic_complexity": 3.87866306305,
    "erbbands_crest": {
        "mean": 8.19137573242
    },
    "erbbands_flatness_db": {
        "mean": 0.158216908574
    },
    "erbbands_kurtosis": {
        "mean": 0.34051862359
    },
    "erbbands_skewness": {
        "mean": 0.0391613356769
    },
    "erbbands_spread": {
        "mean": 37.1162757874
    },
    "hfc": {
        "mean": 18.0520172119
    },
    "loudness_ebu128": {
        "integrated": -8.71601581573,
        "loudness_range": 7.99045276642,
        "momentary": {
            "mean": -11.0857477188
        },
        "short_term": {
            "mean": -10.4816160202
        }
    },
    "melbands_crest": {
        "mean": 13.4426078796
    },
    "melbands_flatness_db": {
        "mean": 0.201998874545
    },
    "melbands_kurtosis": {
        "mean": 12.3753795624
    },
    "melbands_skewness": {
        "mean": 2.49239253998
    },
    "melbands_spread": {
        "mean": 24.9556217194
    },
    "pitch_salience": {
        "mean": 0.547862708569
    },
    "silence_rate_20dB": {
        "mean": 1
    },
    "silence_rate_30dB": {
        "mean": 0.999914944172
    },
    "silence_rate_60dB": {
        "mean": 0.120482951403
    },
    "spectral_centroid": {
        "mean": 1439.91125488
    },
    "spectral_complexity": {
        "mean": 20.0707416534
    },
    "spectral_decrease": {
        "mean": -6.09474337665e-09
    },
    "spectral_energy": {
        "mean": 0.0246404018253
    },
    "spectral_energyband_high": {
        "mean": 0.000485982658574
    },
    "spectral_energyband_low": {
        "mean": 0.0102305496112
    },
    "spectral_energyband_middle_high": {
        "mean": 0.00555137731135
    },
    "spectral_energyband_middle_low": {
        "mean": 0.00928658619523
    },
    "spectral_entropy": {
        "mean": 7.49007463455
    },
    "spectral_flux": {
        "mean": 0.0699659138918
    },
    "spectral_kurtosis": {
        "mean": 5.90398550034
    },
    "spectral_rms": {
        "mean": 0.00446056481451
    },
    "spectral_rolloff": {
        "mean": 1460.96984863
    },
    "spectral_skewness": {
        "mean": 1.62530875206
    },
    "spectral_spread": {
        "mean": 3997486.75
    },
    "spectral_strongpeak": {
        "mean": 0.694186866283
    },
    "zerocrossingrate": {
        "mean": 0.0569686517119
    },
    "barkbands": {
        "mean": [0.000178399437573, 0.00600704038516, 0.00317884981632, 0.00162780086976, 0.00238798954524, 0.00166587042622, 0.00103576411493, 0.00122901983559, 0.0012519027805, 0.000795689877123, 0.00039758181083, 0.000597720092628, 0.000415328278905, 0.00031609859434, 0.000556760875043, 0.000653630355373, 0.000719716539606, 0.000621260609478, 0.000377529271645, 0.000225739117013, 0.000123971985886, 0.000119960444863, 5.71224845771e-05, 4.53721659142e-05, 3.19690807373e-05, 1.28862066049e-05, 8.4389184849e-06]
    },
    "erbbands": {
        "mean": [0.130750909448, 1.49552667141, 3.67460155487, 4.94096136093, 6.1130657196, 7.51385879517, 12.4658403397, 14.2650260925, 15.0631217957, 16.7260551453, 28.5823040009, 25.1335525513, 27.214723587, 26.4594554901, 19.9722480774, 21.2346115112, 19.272600174, 14.9183778763, 26.1828365326, 25.7077121735, 43.6912155151, 38.6204566956, 38.8254814148, 20.595161438, 20.0297908783, 11.409072876, 6.17790985107, 4.01608133316, 4.24964570999, 2.89724254608, 1.66742050648, 1.1471811533, 0.649999856949, 0.469193309546, 0.156281456351, 0.0595254674554, 0.0225203763694, 0.00710939243436, 0.00136524648406, 0.000121832468722]
    },
    "gfcc": {
        "mean": [-17.8868713379, 96.3143539429, -120.789634705, 30.7253456116, -48.8969688416, 3.21759724617, -33.9157676697, 11.519285202, -18.9817714691, -3.23476791382, -13.1353626251, 2.00514221191, -9.52244567871],
        "cov": [[10480.6962891, -642.556884766, -322.170776367, 983.386535645, 115.324020386, 606.667724609, 242.576568604, 356.622772217, 288.514770508, 161.896102905, -186.349899292, -28.1079692841, -98.216506958], [-642.556884766, 1270.26074219, 67.7570495605, -35.3151664734, 247.289779663, 75.1759262085, 142.304489136, 94.537689209, 43.1338233948, 36.3172416687, 56.990447998, -77.8250961304, 30.2787761688], [-322.170776367, 67.7570495605, 1526.3494873, 299.520782471, 204.1978302, 207.183319092, 105.248504639, -57.5730934143, -73.4890289307, 74.7885818481, -82.1301040649, 9.71949863434, -72.7682113647], [983.386535645, -35.3151664734, 299.520782471, 613.007385254, 62.2022438049, 73.2624893188, 2.75846099854, 39.1652679443, 16.2704582214, 27.8961925507, -34.125289917, 21.9971408844, -5.22557210922], [115.324020386, 247.289779663, 204.1978302, 62.2022438049, 320.581573486, 96.4140930176, 92.6309509277, 62.4653129578, 39.1529922485, 31.2818641663, -0.77427905798, -11.8818044662, -2.50642251968], [606.667724609, 75.1759262085, 207.183319092, 73.2624893188, 96.4140930176, 317.236206055, 127.537773132, 43.237865448, 16.7865772247, 74.223236084, -6.4159450531, -26.0837612152, -27.1756687164], [242.576568604, 142.304489136, 105.248504639, 2.75846099854, 92.6309509277, 127.537773132, 181.609588623, 66.5227890015, 36.6473007202, 50.3094329834, 11.626950264, -5.41884565353, -3.74055957794], [356.622772217, 94.537689209, -57.5730934143, 39.1652679443, 62.4653129578, 43.237865448, 66.5227890015, 147.740386963, 66.8499755859, 33.4267158508, 0.710326492786, -3.13333010674, 10.9946117401], [288.514770508, 43.1338233948, -73.4890289307, 16.2704582214, 39.1529922485, 16.7865772247, 36.6473007202, 66.8499755859, 119.697341919, 33.3111228943, 10.4589920044, 13.9822673798, 21.2545776367], [161.896102905, 36.3172416687, 74.7885818481, 27.8961925507, 31.2818641663, 74.223236084, 50.3094329834, 33.4267158508, 33.3111228943, 120.56338501, 26.1414489746, 9.49629116058, 13.2993659973], [-186.349899292, 56.990447998, -82.1301040649, -34.125289917, -0.77427905798, -6.4159450531, 11.626950264, 0.710326492786, 10.4589920044, 26.1414489746, 100.155517578, 37.5731048584, 12.3927469254], [-28.1079692841, -77.8250961304, 9.71949863434, 21.9971408844, -11.8818044662, -26.0837612152, -5.41884565353, -3.13333010674, 13.9822673798, 9.49629116058, 37.5731048584, 102.91217041, 31.3383140564], [-98.216506958, 30.2787761688, -72.7682113647, -5.22557210922, -2.50642251968, -27.1756687164, -3.74055957794, 10.9946117401, 21.2545776367, 13.2993659973, 12.3927469254, 31.3383140564, 81.6463775635]],
        "icov": [[0.000166522484506, 8.94938930287e-05, 0.000144246892887, -0.000259350024862, -6.80380890117e-06, -0.00026958779199, -8.94605254871e-05, -0.000118337295135, -0.000219533234485, -7.31656327844e-05, 0.00032391291461, -8.08532204246e-05, 0.000251924968325], [8.94938930287e-05, 0.001194567536, -2.04984862648e-05, -9.70117544057e-05, -0.0006717069773, 3.60021876986e-05, -0.00055226922268, -0.000375569681637, -6.49694993626e-05, 0.000247849326115, -0.000996830756776, 0.00142338173464, -0.000761685369071], [0.000144246892887, -2.04984862648e-05, 0.00121090991888, -0.000605767592788, -0.00055890873773, -0.000418187264586, -0.000524627510458, 0.000755861168727, 0.000503444345668, -0.000897345191333, 0.00151533726603, -0.00101412611548, 0.00111377402209], [-0.000259350024862, -9.70117544057e-05, -0.000605767592788, 0.0023907746654, -0.000109930311737, 6.77275738781e-06, 0.000953122682404, -0.000636700016912, 0.000179709881195, 3.90176537621e-05, -1.59524570336e-05, -0.000478004629258, -0.000401849130867], [-6.80380890117e-06, -0.0006717069773, -0.00055890873773, -0.000109930311737, 0.00462580192834, -0.000482493021991, -0.000786395161413, -0.000910438830033, -0.000901409599464, 0.000528546457645, -7.01738972566e-05, 2.23301576625e-05, -4.56224006484e-05], [-0.00026958779199, 3.60021876986e-05, -0.000418187264586, 6.77275738781e-06, -0.000482493021991, 0.00578865921125, -0.00289661833085, 0.000390635774238, 0.000712865265086, -0.00204880023375, -0.000251408200711, 0.00122309988365, 0.000733528111596], [-8.94605254871e-05, -0.00055226922268, -0.000524627510458, 0.000953122682404, -0.000786395161413, -0.00289661833085, 0.0101988408715, -0.00290575996041, -0.000566704839002, -0.000698429590557, -0.000881749379914, -0.00056153757032, 0.000171558320289], [-0.000118337295135, -0.000375569681637, 0.000755861168727, -0.000636700016912, -0.000910438830033, 0.000390635774238, -0.00290575996041, 0.0114533146843, -0.00410354416817, -0.0011953873327, 0.00137073965743, 8.08917684481e-05, 8.0338351836e-05], [-0.000219533234485, -6.49694993626e-05, 0.000503444345668, 0.000179709881195, -0.000901409599464, 0.000712865265086, -0.000566704839002, -0.00410354416817, 0.0128816207871, -0.0021895582322, 0.000185604672879, -0.00142589607276, -0.00152118247934], [-7.31656327844e-05, 0.000247849326115, -0.000897345191333, 3.90176537621e-05, 0.000528546457645, -0.00204880023375, -0.000698429590557, -0.0011953873327, -0.0021895582322, 0.0123273655772, -0.0041442476213, 0.00123745319434, -0.00279787695035], [0.00032391291461, -0.000996830756776, 0.00151533726603, -1.59524570336e-05, -7.01738972566e-05, -0.000251408200711, -0.000881749379914, 0.00137073965743, 0.000185604672879, -0.0041442476213, 0.0158745869994, -0.00716192694381, 0.0027642166242], [-8.08532204246e-05, 0.00142338173464, -0.00101412611548, -0.000478004629258, 2.23301576625e-05, 0.00122309988365, -0.00056153757032, 8.08917684481e-05, -0.00142589607276, 0.00123745319434, -0.00716192694381, 0.0157717578113, -0.00598536757752], [0.000251924968325, -0.000761685369071, 0.00111377402209, -0.000401849130867, -4.56224006484e-05, 0.000733528111596, 0.000171558320289, 8.0338351836e-05, -0.00152118247934, -0.00279787695035, 0.0027642166242, -0.00598536757752, 0.0167697444558]]
    },
    "melbands": {
        "mean": [0.00147230608854, 0.00195557251573, 0.000887947739102, 0.00049506209325, 0.000415906775743, 0.000308111601043, 0.000232351885643, 0.000208273108001, 0.000220417277887, 0.000163756281836, 0.00013894487347, 0.000112854249892, 6.41095757601e-05, 7.51712141209e-05, 4.16041148128e-05, 3.75836607418e-05, 2.58036798186e-05, 4.00357457693e-05, 3.96558389184e-05, 3.27258785546e-05, 5.32985141035e-05, 3.61033817171e-05, 4.27982340625e-05, 3.07412083203e-05, 1.44134492075e-05, 1.55398956849e-05, 1.13314490591e-05, 6.59177203488e-06, 4.07720881412e-06, 2.5866179385e-06, 2.24969426199e-06, 2.34931508203e-06, 2.42485884883e-06, 1.24005055113e-06, 1.00122144886e-06, 7.89865282513e-07, 6.50755680454e-07, 4.27208533438e-07, 4.64062566152e-07, 3.72592097619e-07]
    },
    "melbands128": {
        "mean": [0.000147019542055, 0.000771524209995, 0.00215550023131, 0.00258620083332, 0.00205630413257, 0.0014947745949, 0.00101925909985, 0.000765509030316, 0.000574441917706, 0.00054610875668, 0.000362360588042, 0.000424808269599, 0.000475825421745, 0.000337209290592, 0.000330373033648, 0.000312798918458, 0.000165491233929, 0.000301843159832, 0.000178767426405, 0.000151912303409, 0.000227608921705, 0.000367454107618, 0.000165564197232, 0.000152854379849, 0.000160076044267, 0.000148731211084, 0.000242161841015, 7.17605435057e-05, 0.000133154957439, 0.000151338594151, 8.39476997498e-05, 7.65693839639e-05, 7.04308768036e-05, 2.62165558524e-05, 0.000120886295917, 7.38329836167e-05, 4.01185061492e-05, 2.25369421969e-05, 6.71983798384e-05, 4.01183715439e-05, 2.27344862651e-05, 4.57842688775e-05, 1.88627309399e-05, 1.51771018864e-05, 4.32036431448e-05, 3.61374186468e-05, 5.07788899995e-05, 4.70921659144e-05, 2.66701754299e-05, 3.90951136069e-05, 2.05257947528e-05, 3.06444198941e-05, 9.01491366676e-05, 4.08025298384e-05, 3.24521461152e-05, 2.73804998869e-05, 4.31493062933e-05, 5.9325600887e-05, 3.49482106685e-05, 3.23001258948e-05, 3.57865319529e-05, 2.573769234e-05, 1.2088648873e-05, 1.20978920677e-05, 1.65991823451e-05, 1.19976011774e-05, 1.99915357371e-05, 1.34068959596e-05, 8.04468072602e-06, 1.04585915324e-05, 7.22006825526e-06, 4.41659904027e-06, 3.54963458449e-06, 4.94465257361e-06, 3.35878462465e-06, 2.68723192676e-06, 2.18983086597e-06, 2.08132451007e-06, 2.42783039539e-06, 2.11300698538e-06, 2.42952000917e-06, 2.10030930248e-06, 2.88028763862e-06, 2.49278809861e-06, 2.30633554565e-06, 1.19097762763e-06, 9.76227397587e-07, 9.89467707768e-07, 1.15286877644e-06, 8.57748489125e-07, 7.5950339351e-07, 8.1438986399e-07, 7.63790637848e-07, 7.44063243019e-07, 4.98036683894e-07, 4.24961825729e-07, 4.11370933762e-07, 4.22357516072e-07, 4.7248164492e-07, 4.87780312142e-07, 4.50646297168e-07, 3.54166189709e-07, 2.84185176724e-07, 2.08202308727e-07, 1.53266256575e-07, 1.3344248373e-07, 1.13505372212e-07, 1.08813708266e-07, 1.00986653706e-07, 9.43464542047e-08, 8.34148892181e-08, 7.65128476132e-08, 6.79561367178e-08, 6.42458957145e-08, 6.14394437548e-08, 5.85754165172e-08, 5.31957233818e-08, 5.4638700675e-08, 4.24230961471e-08, 5.40434506036e-08, 3.56987861494e-08, 3.16692698732e-08, 2.94417077384e-08, 2.50992187034e-08, 2.17443023587e-08, 1.9310764543e-08, 1.6640445466e-08, 1.23003038865e-08]
    },
    "mfcc": {
        "mean": [-660.311706543, 127.833747864, -10.2332420349, 28.1269016266, 5.9465212822, -2.46947312355, -2.48875808716, 8.91629600525, -0.268251419067, -0.451504349709, 0.0606991834939, -1.32329297066, 1.0131957531],
        "cov": [[11055.8828125, -964.246582031, -606.484802246, 373.857055664, 48.8824615479, 293.406341553, 84.5378112793, 279.930541992, 446.172454834, 363.832305908, 106.485427856, 85.0697402954, 208.602615356], [-964.246582031, 1174.09436035, 31.2647266388, -76.2370452881, 89.5362243652, 58.4074668884, 169.401260376, 48.2685165405, 82.0169754028, 91.689994812, 48.1607208252, 76.8040847778, 41.8371543884], [-606.484802246, 31.2647266388, 1057.72302246, 255.861358643, 128.236480713, 263.167205811, 147.945007324, -13.3299970627, 65.0343170166, -53.3600616455, -4.37236118317, 66.8691940308, -4.1632475853], [373.857055664, -76.2370452881, 255.861358643, 478.251312256, 145.555938721, 55.8321075439, 16.3365097046, 23.4923362732, 58.1376419067, -25.469669342, -16.0700531006, 31.3226051331, 25.6666507721], [48.8824615479, 89.5362243652, 128.236480713, 145.555938721, 247.969345093, 83.9096450806, 44.3865127563, 37.7972297668, 45.0950088501, 23.1124420166, 12.6967582703, 8.13450527191, 27.0360488892], [293.406341553, 58.4074668884, 263.167205811, 55.8321075439, 83.9096450806, 260.41217041, 134.175079346, 24.4750289917, 64.7982254028, 42.1589126587, 22.1624145508, 50.3578071594, 20.3127441406], [84.5378112793, 169.401260376, 147.945007324, 16.3365097046, 44.3865127563, 134.175079346, 200.279510498, 42.4213790894, 50.1021347046, 53.379070282, 30.0001068115, 50.4824142456, 28.6865005493], [279.930541992, 48.2685165405, -13.3299970627, 23.4923362732, 37.7972297668, 24.4750289917, 42.4213790894, 123.074775696, 43.8545455933, 28.8427829742, 23.7290306091, 16.1546707153, 9.3374004364], [446.172454834, 82.0169754028, 65.0343170166, 58.1376419067, 45.0950088501, 64.7982254028, 50.1021347046, 43.8545455933, 168.670623779, 81.6328582764, 14.2854404449, 27.5895595551, 31.4570102692], [363.832305908, 91.689994812, -53.3600616455, -25.469669342, 23.1124420166, 42.1589126587, 53.379070282, 28.8427829742, 81.6328582764, 139.318191528, 40.7457389832, 10.7341756821, 27.7433509827], [106.485427856, 48.1607208252, -4.37236118317, -16.0700531006, 12.6967582703, 22.1624145508, 30.0001068115, 23.7290306091, 14.2854404449, 40.7457389832, 79.1988754272, 34.9905548096, 8.08080196381], [85.0697402954, 76.8040847778, 66.8691940308, 31.3226051331, 8.13450527191, 50.3578071594, 50.4824142456, 16.1546707153, 27.5895595551, 10.7341756821, 34.9905548096, 93.8884048462, 30.6515617371], [208.602615356, 41.8371543884, -4.1632475853, 25.6666507721, 27.0360488892, 20.3127441406, 28.6865005493, 9.3374004364, 31.4570102692, 27.7433509827, 8.08080196381, 30.6515617371, 79.4111251831]],
        "icov": [[0.000149627347128, 0.000157118367497, 0.0001687068725, -0.000145427315147, 0.000113915892143, -0.000267609546427, 3.13231503242e-05, -0.00019271572819, -0.000253090751357, -0.00015448704653, -6.83830439812e-05, 3.26978511112e-06, -0.000219040433876], [0.000157118367497, 0.0012707473943, 0.000164951212355, 0.000238667547819, -0.000476334360428, 0.000310240255203, -0.000920001009945, -0.000105399383756, -0.000526524905581, -0.000434173794929, 0.000127594219521, -0.00081440876238, -6.1534352426e-05], [0.0001687068725, 0.000164951212355, 0.00183204666246, -0.000754160049837, 3.5208713598e-06, -0.00159713195171, -0.000606149318628, 0.000509214412887, -0.000904957647435, 0.00116150849499, -0.000266315415502, -0.000148981882376, 0.000413448869949], [-0.000145427315147, 0.000238667547819, -0.000754160049837, 0.00336918979883, -0.00191144901328, 0.000932120485231, 0.000100461038528, -7.74249565438e-05, -0.00070747412974, 0.000801934686024, 0.000999965355732, -0.00124675128609, -0.000107516782009], [0.000113915892143, -0.000476334360428, 3.5208713598e-06, -0.00191144901328, 0.00629525491968, -0.00204656668939, 0.00065454794094, -0.00133656675462, -3.71793976228e-05, -0.000119838310638, -0.00138296163641, 0.00251289224252, -0.00190197478514], [-0.000267609546427, 0.000310240255203, -0.00159713195171, 0.000932120485231, -0.00204656668939, 0.00860022008419, -0.00393150700256, 0.000817006046418, -0.000454995868495, -0.00091690744739, 0.000795988133177, -0.00209847418591, 0.00120512663852], [3.13231503242e-05, -0.000920001009945, -0.000606149318628, 0.000100461038528, 0.00065454794094, -0.00393150700256, 0.0100551750511, -0.00226257625036, 0.00109776749741, -0.0023101575207, 0.000172842963366, -0.0015428744955, -0.00129515840672], [-0.00019271572819, -0.000105399383756, 0.000509214412887, -7.74249565438e-05, -0.00133656675462, 0.000817006046418, -0.00226257625036, 0.0105804326013, -0.00221930327825, 0.00114988582209, -0.00230078585446, 2.52465929407e-06, 0.00114335515536], [-0.000253090751357, -0.000526524905581, -0.000904957647435, -0.00070747412974, -3.71793976228e-05, -0.000454995868495, 0.00109776749741, -0.00221930327825, 0.0111778639257, -0.00645786570385, 0.00305984192528, -0.00190073403064, -0.000632548646536], [-0.00015448704653, -0.000434173794929, 0.00116150849499, 0.000801934686024, -0.000119838310638, -0.00091690744739, -0.0023101575207, 0.00114988582209, -0.00645786570385, 0.0153589686379, -0.00696097966284, 0.00447090016678, -0.00241416995414], [-6.83830439812e-05, 0.000127594219521, -0.000266315415502, 0.000999965355732, -0.00138296163641, 0.000795988133177, 0.000172842963366, -0.00230078585446, 0.00305984192528, -0.00696097966284, 0.0200254023075, -0.0086634028703, 0.00277657993138], [3.26978511112e-06, -0.00081440876238, -0.000148981882376, -0.00124675128609, 0.00251289224252, -0.00209847418591, -0.0015428744955, 2.52465929407e-06, -0.00190073403064, 0.00447090016678, -0.0086634028703, 0.0188578423113, -0.00615238863975], [-0.000219040433876, -6.1534352426e-05, 0.000413448869949, -0.000107516782009, -0.00190197478514, 0.00120512663852, -0.00129515840672, 0.00114335515536, -0.000632548646536, -0.00241416995414, 0.00277657993138, -0.00615238863975, 0.0171158183366]]
    },
    "spectral_contrast_coeffs": {
        "mean": [-0.727165102959, -0.746451437473, -0.749591886997, -0.775550544262, -0.769885361195, -0.773744702339]
    },
    "spectral_contrast_valleys": {
        "mean": [-6.79018068314, -6.90660524368, -7.6386346817, -7.82124423981, -7.72738409042, -10.5500431061]
    }
},
"rhythm": {
    "beats_count": 546,
    "beats_loudness": {
        "mean": 0.0302788801491
    },
    "bpm": 119.951248169,
    "bpm_histogram_first_peak_bpm": 120,
    "bpm_histogram_first_peak_weight": 0.164529919624,
    "bpm_histogram_second_peak_bpm": 144,
    "bpm_histogram_second_peak_spread": 0.333333313465,
    "bpm_histogram_second_peak_weight": 0.0293577983975,
    "danceability": 0.926663279533,
    "onset_rate": 3.669277668,
    "beats_loudness_band_ratio": {
        "mean": [0.465331733227, 0.164397358894, 0.137602299452, 0.1009375453, 0.110955059528, 0.0471275523305]
    },
    "beats_position": [0.53405892849, 1.04489791393, 1.55573689938, 2.0549659729, 2.55419492722, 3.05342388153, 3.55265307426, 4.05188179016, 4.55111122131, 5.05034017563, 5.54956912994, 6.04879808426, 6.54802703857, 7.05886602402, 7.55809497833, 8.05732440948, 8.55655288696, 9.05578231812, 9.55501079559, 10.0542402267, 10.5534696579, 11.0526981354, 11.5519275665, 12.051156044, 12.5503854752, 13.0496139526, 13.5488433838, 14.0480718613, 14.5589113235, 15.0581407547, 15.5573692322, 16.0565986633, 16.5558280945, 17.0550556183, 17.5542850494, 18.0535144806, 18.5527439117, 19.0519733429, 19.5512008667, 20.0504302979, 20.549659729, 21.0488891602, 21.548116684, 22.0473461151, 22.5465755463, 23.0458049774, 23.5450344086, 24.0442619324, 24.5434913635, 25.0427207947, 25.553560257, 26.0527877808, 26.5520172119, 27.0512466431, 27.5620861053, 28.0613155365, 28.5605430603, 29.0597724915, 29.5590019226, 30.0582313538, 30.5574588776, 31.0566883087, 31.5559177399, 32.0551452637, 32.5543746948, 33.053604126, 33.5528335571, 34.0520629883, 34.5512924194, 35.0621299744, 35.5497512817, 36.0489807129, 36.5482063293, 37.0474357605, 37.5582771301, 38.0575065613, 38.5567321777, 39.0559616089, 39.55519104, 40.0544204712, 40.5652618408, 41.0644874573, 41.5637168884, 42.0629463196, 42.5621757507, 43.0614051819, 43.560634613, 44.0482521057, 44.5590934753, 45.0583229065, 45.5575485229, 46.0567779541, 46.5560073853, 47.0552368164, 47.5544662476, 48.0420837402, 48.5529251099, 49.052154541, 49.5513839722, 50.0506095886, 50.5498390198, 51.0490684509, 51.5482978821, 52.0475273132, 52.5467567444, 53.0459861755, 53.5452156067, 54.0560531616, 54.5668907166, 55.0661201477, 55.5653495789, 56.06457901, 56.5870285034, 57.1094779968, 57.6319274902, 58.2124252319, 58.7813148499, 59.3618125916, 59.9307022095, 60.4995918274, 61.0800895691, 61.6721992493, 62.252696991, 62.8448066711, 63.4253044128, 63.9941940308, 64.5746917725, 65.1435852051, 65.7124710083, 66.2813568115, 66.8502502441, 67.3843078613, 67.9183654785, 68.4408187866, 68.9748764038, 69.4973220825, 70.0081634521, 70.5189971924, 71.029838562, 71.5406799316, 72.0515213013, 72.5623550415, 73.0615844727, 73.5608139038, 74.060043335, 74.5592727661, 75.0585021973, 75.5577316284, 76.0569610596, 76.5561904907, 77.0554199219, 77.554649353, 78.0538787842, 78.5531082153, 79.0639419556, 79.5631713867, 80.0624008179, 80.561630249, 81.0608596802, 81.5600891113, 82.0593185425, 82.5585479736, 83.0577774048, 83.5570068359, 84.0562362671, 84.5438537598, 85.0546951294, 85.5539245605, 86.0531539917, 86.5523757935, 87.0516052246, 87.5508346558, 88.0500640869, 88.5492935181, 89.0485229492, 89.5477523804, 90.0469818115, 90.5578231812, 91.0570526123, 91.5562820435, 92.0438995361, 92.5547409058, 93.0539703369, 93.5531921387, 94.0524215698, 94.551651001, 95.0508804321, 95.5501098633, 96.0493392944, 96.5485687256, 97.0477981567, 97.5470275879, 98.046257019, 98.5454864502, 99.0447158813, 99.5439453125, 100.054779053, 100.565620422, 101.064849854, 101.564079285, 102.051696777, 102.562538147, 103.061767578, 103.560997009, 104.048614502, 104.559455872, 105.058685303, 105.557914734, 106.057144165, 106.556373596, 107.067207336, 107.566436768, 108.065666199, 108.56489563, 109.064125061, 109.563354492, 110.062583923, 110.550201416, 111.049430847, 111.548660278, 112.047889709, 112.547119141, 113.05796051, 113.557182312, 114.056411743, 114.555641174, 115.054870605, 115.554100037, 116.053329468, 116.552558899, 117.05178833, 117.551017761, 118.050247192, 118.549476624, 119.048706055, 119.547935486, 120.047164917, 120.557998657, 121.057228088, 121.55645752, 122.055686951, 122.554916382, 123.054145813, 123.553375244, 124.052604675, 124.551834106, 125.051063538, 125.550292969, 126.0495224, 126.548751831, 127.059593201, 127.558815002, 128.058044434, 128.557281494, 129.056503296, 129.555740356, 130.054962158, 130.565795898, 131.065032959, 131.564254761, 132.063491821, 132.562713623, 133.061950684, 133.561172485, 134.060409546, 134.559631348, 135.058868408, 135.55809021, 136.057327271, 136.556549072, 137.055786133, 137.555007935, 138.054244995, 138.553466797, 139.041091919, 139.540313721, 140.039550781, 140.550384521, 141.061218262, 141.560455322, 142.059677124, 142.558914185, 143.058135986, 143.557373047, 144.056594849, 144.555831909, 145.055053711, 145.554275513, 146.053512573, 146.564346313, 147.063583374, 147.562805176, 148.062042236, 148.561264038, 149.060501099, 149.5597229, 150.058959961, 150.558181763, 151.045806885, 151.545028687, 152.044265747, 152.555099487, 153.054321289, 153.55355835, 154.06439209, 154.552017212, 155.051239014, 155.550476074, 156.061309814, 156.560546875, 157.059768677, 157.559005737, 158.058227539, 158.5574646, 159.056686401, 159.555908203, 160.055145264, 160.554367065, 161.053604126, 161.552825928, 162.052062988, 162.562896729, 163.062133789, 163.561355591, 164.048980713, 164.536590576, 165.047439575, 165.558273315, 166.069107056, 166.568344116, 167.067565918, 167.566802979, 168.06602478, 168.565261841, 169.064483643, 169.563720703, 170.062942505, 170.562179565, 171.061401367, 171.560638428, 172.059860229, 172.55909729, 173.058319092, 173.557540894, 174.056777954, 174.555999756, 175.055236816, 175.554458618, 176.053695679, 176.55291748, 177.063766479, 177.562988281, 178.062225342, 178.561447144, 179.060684204, 179.559906006, 180.070739746, 180.569976807, 181.069198608, 181.568435669, 182.067657471, 182.566894531, 183.066116333, 183.565353394, 184.064575195, 184.563812256, 185.063034058, 185.562271118, 186.06149292, 186.560714722, 187.059951782, 187.559173584, 188.058410645, 188.557632446, 189.056869507, 189.556091309, 190.055328369, 190.554550171, 191.053787231, 191.553009033, 192.052246094, 192.551467896, 193.050704956, 193.538314819, 194.03755188, 194.536773682, 195.036010742, 195.535232544, 196.034469604, 196.545303345, 197.044525146, 197.543762207, 198.11265564, 198.693145752, 199.30847168, 199.923812866, 200.539138794, 201.154464722, 201.781402588, 202.361907959, 202.919174194, 203.476455688, 204.05696106, 204.625839233, 205.159912109, 205.693969727, 206.228027344, 206.727249146, 207.238098145, 207.737319946, 208.248153687, 208.747390747, 209.258224487, 209.769073486, 210.268295288, 210.76751709, 211.26675415, 211.765975952, 212.265213013, 212.764434814, 213.263671875, 213.762893677, 214.273742676, 214.772964478, 215.272201538, 215.77142334, 216.2706604, 216.781494141, 217.280715942, 217.779953003, 218.279174805, 218.778411865, 219.277633667, 219.776870728, 220.276092529, 220.77532959, 221.262939453, 221.762176514, 222.261398315, 222.760635376, 223.259857178, 223.770706177, 224.281539917, 224.76914978, 225.279998779, 225.779220581, 226.278457642, 226.777679443, 227.276916504, 227.776138306, 228.275375366, 228.774597168, 229.273834229, 229.77305603, 230.272293091, 230.771514893, 231.270736694, 231.781585693, 232.280807495, 232.780044556, 233.279266357, 233.778503418, 234.266113281, 234.765350342, 235.264572144, 235.763809204, 236.263031006, 236.762268066, 237.261489868, 237.760726929, 238.25994873, 238.770782471, 239.270019531, 239.769241333, 240.280090332, 240.767700195, 241.278549194, 241.777770996, 242.277008057, 242.776229858, 243.275466919, 243.774688721, 244.273925781, 244.773147583, 245.272369385, 245.771606445, 246.270828247, 246.781677246, 247.280899048, 247.780136108, 248.27935791, 248.778594971, 249.277816772, 249.777053833, 250.276275635, 250.775512695, 251.274734497, 251.773956299, 252.273193359, 252.772415161, 253.271652222, 253.770874023, 254.270111084, 254.769332886, 255.268569946, 255.767791748, 256.267028809, 256.766265869, 257.160980225, 257.555725098, 257.950469971, 258.345214844, 258.739959717, 259.134674072, 259.529418945, 259.924163818, 260.318908691, 260.702026367, 261.09677124, 261.491516113, 261.897857666, 262.292602539, 262.698944092, 263.128509521, 263.558105469, 263.987670898, 264.405609131, 264.846801758, 265.276367188, 265.705932617, 266.123901367, 266.5418396, 266.95980835, 267.3777771, 267.79574585, 268.213684082, 268.631652832, 269.049621582, 269.467559814, 269.885528564, 270.303497314, 270.721435547, 271.151000977, 271.568969727, 271.986938477, 272.404907227],
    "bpm_histogram": [0, 0, 0, 0, 0, 0, 0, 0, 0, 0, 0, 0, 0, 0, 0, 0, 0, 0, 0, 0, 0, 0, 0, 0, 0, 0, 0, 0, 0, 0, 0, 0, 0, 0, 0, 0, 0, 0, 0, 0, 0, 0, 0, 0, 0, 0, 0, 0, 0, 0, 0, 0, 0, 0, 0, 0, 0, 0, 0, 0, 0, 0, 0, 0, 0, 0, 0, 0, 0, 0, 0, 0, 0, 0, 0, 0, 0, 0, 0, 0, 0, 0, 0, 0, 0, 0, 0, 0, 0, 0, 0, 0, 0, 0, 0, 0, 0.00183486239985, 0, 0.00733944959939, 0, 0, 0.00366972479969, 0, 0.016513761133, 0, 0.0183486230671, 0, 0, 0.00366972479969, 0, 0, 0, 0.0110091743991, 0, 0, 0.00917431153357, 0, 0.108256883919, 0, 0, 0.71743118763, 0, 0, 0.0330275222659, 0, 0, 0, 0, 0, 0, 0, 0, 0, 0, 0, 0, 0.00183486239985, 0, 0, 0, 0.0110091743991, 0, 0, 0, 0.0293577983975, 0, 0, 0, 0.00366972479969, 0, 0, 0, 0.0220183487982, 0, 0, 0, 0, 0.00183486239985, 0, 0, 0, 0, 0, 0, 0, 0, 0, 0, 0, 0, 0, 0, 0, 0, 0, 0, 0, 0, 0, 0, 0, 0, 0, 0, 0, 0, 0, 0, 0, 0, 0, 0, 0, 0, 0, 0, 0, 0, 0, 0, 0, 0, 0, 0, 0, 0, 0, 0, 0, 0, 0, 0, 0, 0, 0, 0, 0, 0, 0, 0, 0, 0, 0, 0, 0, 0, 0, 0, 0, 0, 0, 0, 0, 0, 0, 0, 0, 0, 0, 0, 0, 0, 0, 0, 0, 0, 0, 0, 0, 0]
},
"tonal": {
    "chords_changes_rate": 0.0402992703021,
    "chords_number_rate": 0.00153035193216,
    "chords_strength": {
        "mean": 0.550379753113
    },
    "hpcp_crest": {
        "mean": 14.6750993729
    },
    "hpcp_entropy": {
        "mean": 1.89448440075
    },
    "key_edma": {
        "strength": 0.853566586971,
        "key": "D",
        "scale": "major"
    },
    "key_krumhansl": {
        "strength": 0.84657227993,
        "key": "D",
        "scale": "major"
    },
    "key_temperley": {
        "strength": 0.832593858242,
        "key": "D",
        "scale": "major"
    },
    "tuning_diatonic_strength": 0.582522511482,
    "tuning_equal_tempered_deviation": 0.0174691826105,
    "tuning_frequency": 440.254241943,
    "tuning_nontempered_energy_ratio": 0.637225866318,
    "hpcp": {
        "mean": [0.351966142654, 0.197328954935, 0.0788168460131, 0.0728492438793, 0.0592371039093, 0.093322865665, 0.127178698778, 0.0943174362183, 0.058805000037, 0.0491566210985, 0.0558094829321, 0.165678620338, 0.256318509579, 0.164018318057, 0.173870891333, 0.344653993845, 0.260393112898, 0.0737157538533, 0.0440091118217, 0.0572504326701, 0.149539574981, 0.223534777761, 0.143815621734, 0.0742051154375, 0.0679523274302, 0.0618727952242, 0.190388768911, 0.283423423767, 0.164463326335, 0.0591385215521, 0.0417512692511, 0.0457180216908, 0.0842327550054, 0.104397408664, 0.0881872996688, 0.232154279947]
    },
    "chords_histogram": [36.6264228821, 15.7966327667, 26.7981643677, 0.629144728184, 3.3327665329, 0, 0.136031284928, 0.697160363197, 4.16595840454, 0.017003910616, 0.901207268238, 0.18704302609, 0, 0.357082128525, 0, 0, 0.0680156424642, 0.136031284928, 0, 1.4623363018, 2.02346539497, 0.0680156424642, 1.39432072639, 5.20319652557],
    "thpcp": [1, 0.560647547245, 0.223933026195, 0.20697799325, 0.168303415179, 0.265147268772, 0.361337870359, 0.267973035574, 0.16707572341, 0.139662921429, 0.158564925194, 0.470723181963, 0.728247642517, 0.466005951166, 0.493998914957, 0.979224860668, 0.739824295044, 0.209439903498, 0.125037908554, 0.162658914924, 0.424869209528, 0.635103046894, 0.408606410027, 0.210830271244, 0.193064957857, 0.175791889429, 0.540929198265, 0.805257618427, 0.467270314693, 0.168023318052, 0.118622973561, 0.129893243313, 0.239320620894, 0.296612083912, 0.250556200743, 0.659592628479],
    "chords_key": "D",
    "chords_scale": "major"
}
}