{
"metadata": {
    "version": {
        "essentia": "2.1-beta6-dev",
        "essentia_git_sha": "v2.1_beta5-1177-g1d1cc983",
        "extractor": "music 2.0"
    },
    "audio_properties": {
        "analysis": {
            "equal_loudness": 0,
            "length": 160.314529419,
            "sample_rate": 44100,
            "start_time": 0,
            "downmix": "mix"
        },
        "bit_rate": 1411200,
        "length": 160.314529419,
        "lossless": 1,
        "number_channels": 2,
        "replay_gain": -13.6400356293,
        "sample_rate": 44100,
        "codec": "pcm_s16le",
        "md5_encoded": "0f6b03a6550fcc6c008e12ac0db07f7b"
    },
    "tags": {
        "file_name": "03 - Slow To Learn.wav",
        "album": ["You Brainstorm, I Brainstorm, but Brilliance Needs a Good Editor"],
        "artist": ["Manchester Orchestra"],
        "date": ["2005"],
        "genre": ["Alternative Rock"],
        "title": ["Slow To Learn"],
        "tracknumber": ["3"]
    }
},
"lowlevel": {
    "average_loudness": 0.605189740658,
    "barkbands_crest": {
        "mean": 9.36328792572
    },
    "barkbands_flatness_db": {
        "mean": 0.128286913037
    },
    "barkbands_kurtosis": {
        "mean": 4.30239391327
    },
    "barkbands_skewness": {
        "mean": 1.4120388031
    },
    "barkbands_spread": {
        "mean": 24.7749233246
    },
    "dissonance": {
        "mean": 0.464229434729
    },
    "dynamic_complexity": 4.26054382324,
    "erbbands_crest": {
        "mean": 8.16505432129
    },
    "erbbands_flatness_db": {
        "mean": 0.150659561157
    },
    "erbbands_kurtosis": {
        "mean": 0.58861207962
    },
    "erbbands_skewness": {
        "mean": 0.224825456738
    },
    "erbbands_spread": {
        "mean": 38.68176651
    },
    "hfc": {
        "mean": 19.3312931061
    },
    "loudness_ebu128": {
        "integrated": -9.88918113708,
        "loudness_range": 12.5283899307,
        "momentary": {
            "mean": -15.6534519196
        },
        "short_term": {
            "mean": -12.1863555908
        }
    },
    "melbands_crest": {
        "mean": 12.4228363037
    },
    "melbands_flatness_db": {
        "mean": 0.193124845624
    },
    "melbands_kurtosis": {
        "mean": 10.1556186676
    },
    "melbands_skewness": {
        "mean": 2.37575292587
    },
    "melbands_spread": {
        "mean": 28.3585472107
    },
    "pitch_salience": {
        "mean": 0.607438087463
    },
    "silence_rate_20dB": {
        "mean": 1
    },
    "silence_rate_30dB": {
        "mean": 1
    },
    "silence_rate_60dB": {
        "mean": 0.151896893978
    },
    "spectral_centroid": {
        "mean": 1524.15869141
    },
    "spectral_complexity": {
        "mean": 21.0525627136
    },
    "spectral_decrease": {
        "mean": -5.02312680339e-09
    },
    "spectral_energy": {
        "mean": 0.020711813122
    },
    "spectral_energyband_high": {
        "mean": 0.000844455382321
    },
    "spectral_energyband_low": {
        "mean": 0.00530456472188
    },
    "spectral_energyband_middle_high": {
        "mean": 0.00456283800304
    },
    "spectral_energyband_middle_low": {
        "mean": 0.0109294895083
    },
    "spectral_entropy": {
        "mean": 7.59323978424
    },
    "spectral_flux": {
        "mean": 0.0727005898952
    },
    "spectral_kurtosis": {
        "mean": 8.30930328369
    },
    "spectral_rms": {
        "mean": 0.00403123116121
    },
    "spectral_rolloff": {
        "mean": 2182.99658203
    },
    "spectral_skewness": {
        "mean": 1.82505321503
    },
    "spectral_spread": {
        "mean": 5004503.5
    },
    "spectral_strongpeak": {
        "mean": 0.778635680676
    },
    "zerocrossingrate": {
        "mean": 0.0791229829192
    },
    "barkbands": {
        "mean": [5.88156872254e-05, 0.00301895639859, 0.00134263001382, 0.00217487895861, 0.00267000077292, 0.00156598421745, 0.00155888299923, 0.000630207709037, 0.00223545264453, 0.000383059523301, 0.000383355829399, 0.000454718538094, 0.000637117773294, 0.000491503800731, 0.000407600047765, 0.00045060593402, 0.000613468582742, 0.000353804323822, 0.000317334255669, 0.000249859964242, 0.000160124793183, 0.000143205572385, 0.000109811779112, 0.000109118431283, 0.000107077248686, 6.85910927132e-05, 1.50510786625e-05]
    },
    "erbbands": {
        "mean": [0.0651573613286, 0.745449483395, 1.68789958954, 4.38449859619, 8.66609859467, 8.64856338501, 11.1062450409, 13.0898313522, 21.1346588135, 17.8366069794, 23.0997257233, 51.1871528625, 19.5324363708, 12.249587059, 14.9000310898, 19.9920387268, 29.530424118, 25.6278190613, 23.2205963135, 20.7583465576, 29.5382156372, 33.8771095276, 22.140707016, 16.0354824066, 14.8412857056, 11.9419527054, 7.49656438828, 6.44037342072, 5.22056913376, 4.09542226791, 2.98696708679, 2.22753047943, 1.89508211613, 1.20778286457, 0.76132440567, 0.36222705245, 0.114532262087, 0.0213215686381, 0.00250618159771, 0.000161550531629]
    },
    "gfcc": {
        "mean": [-37.260269165, 84.770362854, -107.344108582, 23.0336170197, -51.6285133362, -0.687412559986, -41.2403793335, 5.95489406586, -24.8700637817, -1.78602421284, -18.7300949097, -1.63828110695, -14.0583848953],
        "cov": [[38269.7539062, -1924.30993652, -3745.61914062, 1247.55212402, -1129.56738281, 878.424499512, -908.096435547, 317.3515625, -600.563659668, 124.282081604, -594.840576172, 42.5593185425, -564.270629883], [-1924.30993652, 3177.88061523, 28.7634506226, -195.328567505, 467.994110107, -263.259613037, 330.359527588, -95.0732803345, 213.769699097, -133.01234436, 203.910736084, -152.970947266, 105.211448669], [-3745.61914062, 28.7634506226, 1106.87133789, -140.268295288, 79.5461349487, -41.8336715698, 26.3790683746, -14.4536104202, 23.6875514984, 25.271692276, 20.1158733368, 34.334980011, 41.2737197876], [1247.55212402, -195.328567505, -140.268295288, 542.675292969, 39.7020263672, 78.2483673096, 73.8854751587, 27.9690322876, 51.7412071228, -1.97707545757, -3.67548847198, 10.2420215607, 28.8903331757], [-1129.56738281, 467.994110107, 79.5461349487, 39.7020263672, 473.121856689, 48.7942695618, 229.62663269, 26.2385177612, 129.92767334, -1.6268286705, 72.3262634277, -17.4485492706, 46.6199531555], [878.424499512, -263.259613037, -41.8336715698, 78.2483673096, 48.7942695618, 240.200210571, 80.9664840698, 37.5624465942, 20.0394115448, 17.8455944061, -9.45154285431, -2.61215114594, -22.2361240387], [-908.096435547, 330.359527588, 26.3790683746, 73.8854751587, 229.62663269, 80.9664840698, 330.91317749, 8.1722946167, 126.09059906, 1.03466570377, 68.3175201416, -37.852848053, 49.3987197876], [317.3515625, -95.0732803345, -14.4536104202, 27.9690322876, 26.2385177612, 37.5624465942, 8.1722946167, 95.4767379761, 14.780210495, 9.57485389709, -17.2426319122, 6.11897850037, -12.0331315994], [-600.563659668, 213.769699097, 23.6875514984, 51.7412071228, 129.92767334, 20.0394115448, 126.09059906, 14.780210495, 150.958602905, 13.3229694366, 44.6193466187, -19.1481437683, 36.6464538574], [124.282081604, -133.01234436, 25.271692276, -1.97707545757, -1.6268286705, 17.8455944061, 1.03466570377, 9.57485389709, 13.3229694366, 80.5428314209, 14.2620792389, 9.68432712555, -6.48038721085], [-594.840576172, 203.910736084, 20.1158733368, -3.67548847198, 72.3262634277, -9.45154285431, 68.3175201416, -17.2426319122, 44.6193466187, 14.2620792389, 87.0222854614, 8.14764308929, 24.6922664642], [42.5593185425, -152.970947266, 34.334980011, 10.2420215607, -17.4485492706, -2.61215114594, -37.852848053, 6.11897850037, -19.1481437683, 9.68432712555, 8.14764308929, 71.9957351685, 11.8139953613], [-564.270629883, 105.211448669, 41.2737197876, 28.8903331757, 46.6199531555, -22.2361240387, 49.3987197876, -12.0331315994, 36.6464538574, -6.48038721085, 24.6922664642, 11.8139953613, 73.8107147217]],
        "icov": [[6.79297882016e-05, -7.01913741068e-05, 0.000193073152332, -0.000129525069497, 7.06622740836e-05, -0.000259848166024, 0.000125604012283, -5.23944363522e-05, 0.000113503869215, -0.000260905828327, 0.00033204065403, -0.000187614728929, 0.000186271310668], [-7.01913741068e-05, 0.000707146828063, -0.000165700505022, 0.000317370693665, -0.000447997910669, 0.000923895684537, -0.000257912470261, 0.000153810411575, -0.000354894902557, 0.00124638120178, -0.00145124818664, 0.00129796890542, -0.000253795034951], [0.000193073152332, -0.000165700505022, 0.00155205349438, -5.527904068e-05, 6.53301685816e-06, -0.000590094714426, 0.000266956543783, 1.80372553586e-05, 0.00021392085182, -0.00105522479862, 0.00121144310106, -0.00102909002453, 6.89267544658e-05], [-0.000129525069497, 0.000317370693665, -5.527904068e-05, 0.00247093173675, -0.000132900211611, 0.000120965203678, -0.000562076631468, -0.000108325148176, -0.000911368639208, 0.000892787822522, -0.000285708694719, -9.8289710877e-06, -0.00127189885825], [7.06622740836e-05, -0.000447997910669, 6.53301685816e-06, -0.000132900211611, 0.00385701772757, -0.000721544958651, -0.00152705109213, -0.00107584206853, -0.000971939996816, -0.000143011697219, -0.000188646517927, -0.00101768306922, 0.000116239258205], [-0.000259848166024, 0.000923895684537, -0.000590094714426, 0.000120965203678, -0.000721544958651, 0.00727250287309, -0.00270330673084, -0.000775432388764, -0.000464205426397, 0.000924318155739, -0.00093587662559, 0.000672973226756, 0.00182563054841], [0.000125604012283, -0.000257912470261, 0.000266956543783, -0.000562076631468, -0.00152705109213, -0.00270330673084, 0.00721107376739, -0.000125017439132, -0.00184412684757, -6.93894253345e-05, -0.00202370085754, 0.00276552187279, -0.00215392792597], [-5.23944363522e-05, 0.000153810411575, 1.80372553586e-05, -0.000108325148176, -0.00107584206853, -0.000775432388764, -0.000125017439132, 0.0130317620933, -0.00243742601015, -0.000842696172185, 0.00371188600548, -0.00243841228075, 0.00235133967362], [0.000113503869215, -0.000354894902557, 0.00021392085182, -0.000911368639208, -0.000971939996816, -0.000464205426397, -0.00184412684757, -0.00243742601015, 0.0125124407932, -0.0027446935419, -0.00204407027923, 0.00265713268891, -0.00327321351506], [-0.000260905828327, 0.00124638120178, -0.00105522479862, 0.000892787822522, -0.000143011697219, 0.000924318155739, -6.93894253345e-05, -0.000842696172185, -0.0027446935419, 0.0167052540928, -0.00614178413525, 0.000680897501297, 0.00152231601533], [0.00033204065403, -0.00145124818664, 0.00121144310106, -0.000285708694719, -0.000188646517927, -0.00093587662559, -0.00202370085754, 0.00371188600548, -0.00204407027923, -0.00614178413525, 0.021958116442, -0.00750629743561, 0.000169500126503], [-0.000187614728929, 0.00129796890542, -0.00102909002453, -9.8289710877e-06, -0.00101768306922, 0.000672973226756, 0.00276552187279, -0.00243841228075, 0.00265713268891, 0.000680897501297, -0.00750629743561, 0.0211791992188, -0.00624624919146], [0.000186271310668, -0.000253795034951, 6.89267544658e-05, -0.00127189885825, 0.000116239258205, 0.00182563054841, -0.00215392792597, 0.00235133967362, -0.00327321351506, 0.00152231601533, 0.000169500126503, -0.00624624919146, 0.0207965206355]]
    },
    "melbands": {
        "mean": [0.000729946943466, 0.000944240600802, 0.000917393481359, 0.000632059818599, 0.000389811815694, 0.000305397930788, 0.000314511999022, 0.000173346052179, 0.000246436626185, 0.000303439766867, 9.01341045392e-05, 4.92162653245e-05, 5.5721935496e-05, 3.48913636117e-05, 7.85645243013e-05, 5.75456251681e-05, 4.56553570984e-05, 4.06807448599e-05, 2.52675417869e-05, 2.53014532063e-05, 3.73524999304e-05, 3.56685304723e-05, 2.92494714813e-05, 1.57274662342e-05, 1.24330254039e-05, 1.20083368529e-05, 8.93303786142e-06, 7.77895820647e-06, 5.07108507009e-06, 3.69983467863e-06, 3.73242914975e-06, 2.90823618343e-06, 2.72154034064e-06, 2.11072733691e-06, 1.75060063157e-06, 1.5238611013e-06, 1.26854661175e-06, 1.34629567583e-06, 1.16703313324e-06, 9.69394704953e-07]
    },
    "melbands128": {
        "mean": [4.84114207211e-05, 0.000389275461202, 0.0010552824242, 0.00131232209969, 0.000958573073149, 0.0006210054853, 0.000803596922196, 0.00119893322699, 0.000829583615996, 0.000661245139781, 0.000435347377788, 0.000372502574464, 0.000342399696819, 0.000466704193968, 0.000305415887851, 0.000178988571861, 0.000346413929947, 0.000365326355677, 0.000241684407229, 0.000211838065297, 0.000119720149087, 0.000111557172204, 0.000181202383828, 0.000491728191264, 0.000441098527517, 0.000170728584635, 0.000154140929226, 5.65877562622e-05, 7.44014250813e-05, 4.9170521379e-05, 2.9326934964e-05, 6.62098318571e-05, 7.44501448935e-05, 3.27278430632e-05, 3.27766429109e-05, 2.24301220442e-05, 5.58937172173e-05, 9.71384797595e-05, 8.85748377186e-05, 5.11937687406e-05, 4.74404077977e-05, 7.07627332304e-05, 3.99359778385e-05, 3.39866819559e-05, 5.18376873515e-05, 4.82617942907e-05, 2.16296521103e-05, 1.86587658391e-05, 2.82765940938e-05, 3.60566009476e-05, 1.77000310941e-05, 2.20647634706e-05, 3.75321396859e-05, 5.11372636538e-05, 2.70920409093e-05, 3.96656687371e-05, 2.82237378997e-05, 4.53005777672e-05, 2.43270333158e-05, 1.16932769743e-05, 1.80953156814e-05, 1.57541526278e-05, 1.02247358882e-05, 1.24418284031e-05, 1.38545901791e-05, 1.22645715237e-05, 1.0736742297e-05, 1.03201036836e-05, 7.42214888305e-06, 8.915086255e-06, 8.17118416307e-06, 6.72539772495e-06, 7.34573359296e-06, 4.00974840886e-06, 3.8368798414e-06, 3.46826732311e-06, 3.78635013476e-06, 3.96835775973e-06, 3.94769631384e-06, 3.15360853165e-06, 3.02482135339e-06, 2.55695158558e-06, 3.19547552863e-06, 2.72253237199e-06, 2.44520060733e-06, 2.12018085222e-06, 2.09070481105e-06, 1.90904211195e-06, 1.74090473593e-06, 1.62826950145e-06, 1.52793120378e-06, 1.57297415626e-06, 1.37316294513e-06, 1.29947591176e-06, 1.12734369395e-06, 1.25152280361e-06, 1.45878016156e-06, 1.40196766552e-06, 1.18103446312e-06, 1.0345291912e-06, 1.02220928966e-06, 9.76343244474e-07, 8.72807731866e-07, 9.47311377786e-07, 8.75252339938e-07, 7.98941300673e-07, 8.31721877148e-07, 6.99019892636e-07, 5.89675607898e-07, 5.85859424973e-07, 4.81373774619e-07, 3.94306823637e-07, 3.68816614582e-07, 2.92857521345e-07, 2.21563908553e-07, 1.85944841746e-07, 1.40154895689e-07, 1.13536785307e-07, 9.78277441277e-08, 7.74786244051e-08, 6.10953847513e-08, 5.23235890171e-08, 3.98561361692e-08, 3.31247456131e-08, 2.61508539268e-08, 2.19051674577e-08, 1.45898102488e-08, 5.5402344934e-09]
    },
    "mfcc": {
        "mean": [-673.720581055, 120.906280518, -1.45803570747, 23.9682025909, 5.4535741806, -3.55224442482, -5.24173736572, 0.507584869862, -3.55400824547, -3.92114448547, -1.68464195728, -0.69728410244, -4.86354827881],
        "cov": [[20437.7207031, -1627.17419434, -1712.41943359, 218.528869629, -0.0304333884269, 484.015228271, 89.455657959, 280.632507324, 82.0678482056, 278.190979004, 103.654724121, 48.1960639954, -113.229598999], [-1627.17419434, 2724.87060547, -18.5176677704, 85.5087738037, 124.169212341, -63.6904373169, 62.1572036743, 41.3124313354, -33.7072601318, 30.3254203796, 46.8696479797, 39.2247619629, 40.8524398804], [-1712.41943359, -18.5176677704, 852.604003906, -24.3605976105, 10.6379032135, -31.8762245178, -35.6990890503, -50.9555168152, -4.8031244278, -54.9493751526, -36.587020874, -6.78337574005, 5.07473421097], [218.528869629, 85.5087738037, -24.3605976105, 388.863952637, 67.1823196411, 60.2915611267, 34.7105522156, 50.560962677, 63.205696106, 16.7589836121, 4.68419504166, 29.3700866699, 41.5872573853], [-0.0304333884269, 124.169212341, 10.6379032135, 67.1823196411, 204.605117798, 46.1908950806, 36.2907485962, 51.0973777771, 37.0895423889, 28.0516319275, 20.8598613739, 14.8419246674, 25.0783214569], [484.015228271, -63.6904373169, -31.8762245178, 60.2915611267, 46.1908950806, 207.323135376, 103.449691772, 76.544342041, 61.8137702942, 85.1653900146, 45.1820335388, 26.1560287476, 14.9916448593], [89.455657959, 62.1572036743, -35.6990890503, 34.7105522156, 36.2907485962, 103.449691772, 160.401977539, 73.7187652588, 47.5055198669, 58.1235275269, 39.3152427673, 20.4264621735, 11.3554668427], [280.632507324, 41.3124313354, -50.9555168152, 50.560962677, 51.0973777771, 76.544342041, 73.7187652588, 136.143630981, 58.2409362793, 54.5255737305, 27.4729995728, 16.2857437134, 15.9330730438], [82.0678482056, -33.7072601318, -4.8031244278, 63.205696106, 37.0895423889, 61.8137702942, 47.5055198669, 58.2409362793, 109.142204285, 59.5615768433, 22.039308548, 12.3572101593, 15.2269229889], [278.190979004, 30.3254203796, -54.9493751526, 16.7589836121, 28.0516319275, 85.1653900146, 58.1235275269, 54.5255737305, 59.5615768433, 135.451797485, 48.600528717, 13.8690252304, 14.7096710205], [103.654724121, 46.8696479797, -36.587020874, 4.68419504166, 20.8598613739, 45.1820335388, 39.3152427673, 27.4729995728, 22.039308548, 48.600528717, 76.5758056641, 28.3156166077, 6.21760463715], [48.1960639954, 39.2247619629, -6.78337574005, 29.3700866699, 14.8419246674, 26.1560287476, 20.4264621735, 16.2857437134, 12.3572101593, 13.8690252304, 28.3156166077, 61.5999946594, 19.4862937927], [-113.229598999, 40.8524398804, 5.07473421097, 41.5872573853, 25.0783214569, 14.9916448593, 11.3554668427, 15.9330730438, 15.2269229889, 14.7096710205, 6.21760463715, 19.4862937927, 62.306968689]],
        "icov": [[6.89677181072e-05, 3.88623411709e-05, 0.000127638413687, -3.8149592001e-05, -7.01623730492e-06, -0.000144703371916, 0.000108332416858, -9.65034341789e-05, 9.41522230278e-05, -7.88451579865e-05, 4.7726687626e-05, -7.07350845914e-05, 0.000170460160007], [3.88623411709e-05, 0.000434685352957, 5.84949739277e-05, -0.000130551896291, -0.000238085762248, 0.000342558749253, -0.000219892346649, -0.000157718823175, 0.000449046405265, -0.000272633798886, -0.000142522083479, -0.000170059356606, -1.61653279065e-05], [0.000127638413687, 5.84949739277e-05, 0.00149067235179, 8.24222370284e-05, -0.00020951544866, -0.000410793552874, 0.000245967938099, 0.000334996089805, -0.000324422377162, 0.000360078644007, 0.000493597355671, -0.00022758016712, 8.60496074893e-05], [-3.8149592001e-05, -0.000130551896291, 8.24222370284e-05, 0.00326492707245, -0.000507337565068, -0.000639626290649, 0.000156304042321, -0.000121743534692, -0.00175460870378, 0.000962443067692, 0.000765633827541, -0.000826198898721, -0.00142532447353], [-7.01623730492e-06, -0.000238085762248, -0.00020951544866, -0.000507337565068, 0.00595574500039, -0.000522823713254, 0.000109073334897, -0.00135759590194, -0.000714569119737, 0.000373966788175, -0.000855226127896, 0.000378173979698, -0.00139162689447], [-0.000144703371916, 0.000342558749253, -0.000410793552874, -0.000639626290649, -0.000522823713254, 0.00959199201316, -0.00402961252257, -0.00104830879718, -0.000437062990386, -0.00306958775036, -0.000779502443038, -0.0010812303517, 0.000125221558847], [0.000108332416858, -0.000219892346649, 0.000245967938099, 0.000156304042321, 0.000109073334897, -0.00402961252257, 0.0109862610698, -0.00317374523729, -0.000686967861839, -0.000116727482236, -0.00171246298123, -0.000289367337245, 0.000408512540162], [-9.65034341789e-05, -0.000157718823175, 0.000334996089805, -0.000121743534692, -0.00135759590194, -0.00104830879718, -0.00317374523729, 0.0124969026074, -0.003652918851, -0.000688734988216, 0.000131523964228, -0.00014395796461, -0.000749390746932], [9.41522230278e-05, 0.000449046405265, -0.000324422377162, -0.00175460870378, -0.000714569119737, -0.000437062990386, -0.000686967861839, -0.003652918851, 0.0156654380262, -0.0050323898904, 0.000426211074227, -0.000181306604645, -9.98475879896e-05], [-7.88451579865e-05, -0.000272633798886, 0.000360078644007, 0.000962443067692, 0.000373966788175, -0.00306958775036, -0.000116727482236, -0.000688734988216, -0.0050323898904, 0.0140966726467, -0.00582328857854, 0.00243635615334, -0.00212980853394], [4.7726687626e-05, -0.000142522083479, 0.000493597355671, 0.000765633827541, -0.000855226127896, -0.000779502443038, -0.00171246298123, 0.000131523964228, 0.000426211074227, -0.00582328857854, 0.021318282932, -0.00846645142883, 0.00223032431677], [-7.07350845914e-05, -0.000170059356606, -0.00022758016712, -0.000826198898721, 0.000378173979698, -0.0010812303517, -0.000289367337245, -0.00014395796461, -0.000181306604645, 0.00243635615334, -0.00846645142883, 0.0225412100554, -0.00598526187241], [0.000170460160007, -1.61653279065e-05, 8.60496074893e-05, -0.00142532447353, -0.00139162689447, 0.000125221558847, 0.000408512540162, -0.000749390746932, -9.98475879896e-05, -0.00212980853394, 0.00223032431677, -0.00598526187241, 0.020137976855]]
    },
    "spectral_contrast_coeffs": {
        "mean": [-0.695037961006, -0.759897887707, -0.783224284649, -0.801419854164, -0.797221779823, -0.780537545681]
    },
    "spectral_contrast_valleys": {
        "mean": [-7.1845240593, -7.05716514587, -7.91003370285, -8.01793766022, -7.95846986771, -10.6705331802]
    }
},
"rhythm": {
    "beats_count": 369,
    "beats_loudness": {
        "mean": 0.0280674509704
    },
    "bpm": 146.803665161,
    "bpm_histogram_first_peak_bpm": 148,
    "bpm_histogram_first_peak_weight": 0.312925159931,
    "bpm_histogram_second_peak_bpm": 140,
    "bpm_histogram_second_peak_spread": 0.333333313465,
    "bpm_histogram_second_peak_weight": 0.0434782616794,
    "danceability": 1.04298007488,
    "onset_rate": 3.47400259972,
    "beats_loudness_band_ratio": {
        "mean": [0.406755238771, 0.206110388041, 0.187910050154, 0.0823602154851, 0.0840526074171, 0.0624750033021]
    },
    "beats_position": [0.626938760281, 1.24226760864, 1.86920630932, 2.49614500999, 3.09986400604, 3.7151927948, 4.31891155243, 4.93424034119, 5.54956912994, 6.15328788757, 6.76861667633, 7.38394546509, 7.99927425385, 8.6146030426, 9.22993183136, 9.84526062012, 10.4605894089, 11.0643081665, 11.6796369553, 12.2833557129, 12.8870744705, 13.5256233215, 14.1641721725, 14.8143310547, 15.4760990143, 16.1262588501, 16.7764167786, 17.4149665833, 18.0186843872, 18.6224040985, 19.2377319336, 19.853061676, 20.4683895111, 21.0721092224, 21.6758270264, 22.2795467377, 22.7091159821, 23.1386852264, 23.5798625946, 24.0210418701, 24.4506111145, 24.8801803589, 25.3097496033, 25.7393188477, 26.1572780609, 26.563627243, 26.9815864563, 27.3995456696, 27.8058948517, 28.2122440338, 28.6185932159, 29.0249423981, 29.4312915802, 29.8376407623, 30.2439899445, 30.6503391266, 31.0682983398, 31.4862575531, 31.8926067352, 32.2989578247, 32.7053070068, 33.111656189, 33.5180053711, 33.9243545532, 34.3423118591, 34.7486610413, 35.1550102234, 35.5613594055, 35.9677085876, 36.3740577698, 36.7804069519, 37.1983680725, 37.6047172546, 38.0110664368, 38.4174156189, 38.823764801, 39.2417221069, 39.6480712891, 40.0544204712, 40.4607696533, 40.8671188354, 41.2734680176, 41.6798171997, 42.0977783203, 42.5041275024, 42.9104766846, 43.3168258667, 43.7231750488, 44.129524231, 44.5474815369, 44.953830719, 45.3601799011, 45.7665290833, 46.1844902039, 46.590839386, 46.9971885681, 47.4035377502, 47.8098869324, 48.2162361145, 48.6225852966, 49.0289344788, 49.4352836609, 49.841632843, 50.2479820251, 50.6659393311, 51.0722885132, 51.4786376953, 51.8849868774, 52.2913360596, 52.6976852417, 53.1040344238, 53.510383606, 53.9167327881, 54.3346939087, 54.7410430908, 55.1473922729, 55.5653495789, 55.971698761, 56.3780479431, 56.7960090637, 57.2023582458, 57.608707428, 58.0150566101, 58.4214057922, 58.8277549744, 59.2341041565, 59.6404533386, 60.0468025208, 60.4647598267, 60.8711090088, 61.2774581909, 61.683807373, 62.0901565552, 62.5081176758, 62.9144668579, 63.32081604, 63.7271652222, 64.1335144043, 64.5398635864, 64.9462127686, 65.3641738892, 65.7705230713, 66.1768722534, 66.5832214355, 66.9895706177, 67.3959197998, 67.8022689819, 68.2086181641, 68.6149673462, 69.0213165283, 69.4276657104, 69.8456192017, 70.2519683838, 70.6583175659, 71.0762786865, 71.4826278687, 71.8889770508, 72.2953262329, 72.701675415, 73.1080245972, 73.5143737793, 73.9207229614, 74.3270721436, 74.7450332642, 75.1513824463, 75.5577316284, 75.975692749, 76.3820419312, 76.7883911133, 77.1947402954, 77.6010894775, 78.0074386597, 78.4137878418, 78.831741333, 79.2380905151, 79.6444396973, 80.0507888794, 80.4571380615, 80.8634872437, 81.2698364258, 81.6761856079, 82.08253479, 82.4888839722, 82.8952331543, 83.3131942749, 83.719543457, 84.1258926392, 84.5322418213, 84.9385910034, 85.356552124, 85.7512893677, 86.1576385498, 86.5755996704, 86.9819488525, 87.3999099731, 87.8062591553, 88.2126083374, 88.6305618286, 89.0369110107, 89.4432601929, 89.849609375, 90.2559585571, 90.6623077393, 91.0686569214, 91.4750061035, 91.8813552856, 92.2993164062, 92.7056655884, 93.1120147705, 93.5067520142, 93.9131011963, 94.3194503784, 94.737411499, 95.1437606812, 95.5501098633, 95.9564590454, 96.374420166, 96.7807693481, 97.1987304688, 97.6050796509, 98.011428833, 98.4177780151, 98.8241271973, 99.2420806885, 99.6484298706, 100.07800293, 100.507568359, 100.948753357, 101.378318787, 101.807891846, 102.237457275, 102.655418396, 103.084983826, 103.502944946, 103.920906067, 104.327255249, 104.74521637, 105.151565552, 105.557914734, 105.964263916, 106.382217407, 106.788566589, 107.194915771, 107.601264954, 108.007614136, 108.413963318, 108.831924438, 109.249885559, 109.644622803, 110.050971985, 110.457321167, 110.852058411, 111.270019531, 111.687980652, 112.105941772, 112.512290955, 112.918640137, 113.324989319, 113.731338501, 114.149291992, 114.544036865, 114.950386047, 115.356735229, 115.751472473, 116.169433594, 116.587387085, 117.005348206, 117.423309326, 117.81804657, 118.224395752, 118.630744934, 119.037094116, 119.443443298, 119.838180542, 120.244529724, 120.650878906, 121.057228088, 121.463577271, 121.869926453, 122.287887573, 122.705848694, 123.123809814, 123.530158997, 123.936508179, 124.342857361, 124.749206543, 125.155555725, 125.573509216, 125.979858398, 126.386207581, 126.792556763, 127.198905945, 127.605255127, 128.011611938, 128.42956543, 128.847518921, 129.265487671, 129.671829224, 130.078186035, 130.496139526, 130.914108276, 131.332061768, 131.761627197, 132.191192627, 132.609161377, 133.038726807, 133.456680298, 133.874649048, 134.304214478, 134.722167969, 135.140136719, 135.55809021, 135.97605896, 136.394012451, 136.800354004, 137.195098877, 137.601455688, 138.007797241, 138.414154053, 138.832107544, 139.250061035, 139.668029785, 140.062759399, 140.457504272, 140.863845825, 141.270202637, 141.688156128, 142.106124878, 142.512466431, 142.918823242, 143.313552856, 143.719909668, 144.137863159, 144.544219971, 144.950561523, 145.356918335, 145.774871826, 146.181228638, 146.58757019, 147.005523682, 147.423492432, 147.841445923, 148.259414673, 148.700592041, 149.141769409, 149.582946777, 150.035736084, 150.488525391, 150.941314697, 151.405715942, 151.858505249, 152.311294556, 152.764083862, 153.20526123, 153.646438599, 154.099227905, 154.586837769, 155.062850952, 155.538864136, 156.026489258, 156.409606934, 156.792739868, 157.175872803, 157.570602417, 157.96534729, 158.360092163, 158.766433716, 159.172790527, 159.57913208],
    "bpm_histogram": [0, 0, 0, 0, 0, 0, 0, 0, 0, 0, 0, 0, 0, 0, 0, 0, 0, 0, 0, 0, 0, 0, 0, 0, 0, 0, 0, 0, 0, 0, 0, 0, 0, 0, 0, 0, 0, 0, 0, 0, 0, 0, 0, 0, 0, 0, 0, 0, 0, 0, 0, 0, 0, 0, 0, 0, 0, 0, 0, 0, 0, 0, 0, 0, 0, 0, 0, 0, 0, 0, 0, 0, 0, 0, 0, 0, 0, 0, 0, 0, 0, 0, 0, 0, 0, 0, 0, 0, 0, 0, 0, 0.00271739135496, 0.00815217383206, 0, 0.00815217383206, 0, 0.00543478270993, 0, 0.0407608710229, 0.0298913046718, 0, 0, 0, 0, 0, 0, 0, 0, 0, 0, 0, 0, 0, 0, 0, 0, 0, 0, 0, 0, 0, 0, 0, 0.00543478270993, 0, 0, 0.00543478270993, 0, 0, 0.00271739135496, 0, 0, 0, 0.0190217383206, 0, 0, 0.0217391308397, 0, 0, 0, 0.0434782616794, 0, 0, 0, 0.209239125252, 0, 0, 0, 0.548913061619, 0, 0, 0, 0.0407608710229, 0, 0, 0, 0, 0.00815217383206, 0, 0, 0, 0, 0, 0, 0, 0, 0, 0, 0, 0, 0, 0, 0, 0, 0, 0, 0, 0, 0, 0, 0, 0, 0, 0, 0, 0, 0, 0, 0, 0, 0, 0, 0, 0, 0, 0, 0, 0, 0, 0, 0, 0, 0, 0, 0, 0, 0, 0, 0, 0, 0, 0, 0, 0, 0, 0, 0, 0, 0, 0, 0, 0, 0, 0, 0, 0, 0, 0, 0, 0, 0, 0, 0, 0, 0, 0, 0, 0, 0, 0, 0, 0, 0, 0, 0, 0, 0, 0, 0, 0]
},
"tonal": {
    "chords_changes_rate": 0.0460335835814,
    "chords_number_rate": 0.00231615523808,
    "chords_strength": {
        "mean": 0.509148418903
    },
    "hpcp_crest": {
        "mean": 13.3055915833
    },
    "hpcp_entropy": {
        "mean": 2.05184960365
    },
    "key_edma": {
        "strength": 0.838244378567,
        "key": "A",
        "scale": "major"
    },
    "key_krumhansl": {
        "strength": 0.828457951546,
        "key": "A",
        "scale": "major"
    },
    "key_temperley": {
        "strength": 0.812269568443,
        "key": "A",
        "scale": "major"
    },
    "tuning_diatonic_strength": 0.618779599667,
    "tuning_equal_tempered_deviation": 0.0443222001195,
    "tuning_frequency": 438.477722168,
    "tuning_nontempered_energy_ratio": 0.691078782082,
    "hpcp": {
        "mean": [0.23915310204, 0.141012907028, 0.0655760392547, 0.0585768744349, 0.0610786117613, 0.0979714468122, 0.169945284724, 0.134198129177, 0.0657458156347, 0.0627446696162, 0.0651777610183, 0.125609502196, 0.225371196866, 0.178507938981, 0.0876012220979, 0.0710353329778, 0.062432743609, 0.1124298051, 0.146126851439, 0.131980851293, 0.294261604548, 0.461172491312, 0.296404242516, 0.138942524791, 0.118384055793, 0.0906476974487, 0.122584499419, 0.17259593308, 0.126848161221, 0.0637864619493, 0.0576028302312, 0.0644486621022, 0.147325336933, 0.219149172306, 0.178397715092, 0.205206260085]
    },
    "chords_histogram": [40.9959449768, 25.8830337524, 20.7585411072, 1.07122182846, 0.521134912968, 0, 0.0579038783908, 0, 0.202663585544, 0, 1.24493336678, 0.579038798809, 0.0289519391954, 0, 0, 0, 0, 2.57672262192, 0.376375228167, 1.44759702682, 0, 0, 0, 4.25593519211],
    "thpcp": [1, 0.642718851566, 0.301281034946, 0.256702333689, 0.196559205651, 0.265810519457, 0.374254614115, 0.275055795908, 0.138313680887, 0.124905176461, 0.139749586582, 0.319458216429, 0.475199997425, 0.386835128069, 0.44496640563, 0.518576264381, 0.305770426989, 0.14219416678, 0.127017274499, 0.132442012429, 0.212439924479, 0.368506997824, 0.290993362665, 0.142562314868, 0.13605466485, 0.141330555081, 0.272369891405, 0.488691747189, 0.387074112892, 0.189953267574, 0.154032021761, 0.135378286242, 0.243791222572, 0.316859424114, 0.286185443401, 0.638072788715],
    "chords_key": "A",
    "chords_scale": "major"
}
}