{
"metadata": {
    "version": {
        "essentia": "2.1-beta6-dev",
        "essentia_git_sha": "v2.1_beta5-1177-g1d1cc983",
        "extractor": "music 2.0"
    },
    "audio_properties": {
        "analysis": {
            "equal_loudness": 0,
            "length": 297.493347168,
            "sample_rate": 44100,
            "start_time": 0,
            "downmix": "mix"
        },
        "bit_rate": 1411200,
        "length": 297.493347168,
        "lossless": 1,
        "number_channels": 2,
        "replay_gain": -14.4086322784,
        "sample_rate": 44100,
        "codec": "pcm_s16le",
        "md5_encoded": "cff220bebc6d9236d895074e09b7f9cb"
    },
    "tags": {
        "file_name": "03 - Manchester Orchestra - I've Got Friends (Album Version).wav",
        "album": ["Mean Everything To Nothing"],
        "albumartist": ["Manchester Orchestra"],
        "artist": ["Manchester Orchestra"],
        "composer": ["Andy Hull"],
        "copyright": ["(P) 2009 Sony Music Entertainment"],
        "date": ["2009"],
        "discnumber": ["1"],
        "disctotal": ["1"],
        "genre": ["Pop\/Rock"],
        "isrc": ["USSM10805980"],
        "title": ["I've Got Friends (Album Version)"],
        "tracknumber": ["3"],
        "tracktotal": ["12"]
    }
},
"lowlevel": {
    "average_loudness": 0.941835463047,
    "barkbands_crest": {
        "mean": 10.7405357361
    },
    "barkbands_flatness_db": {
        "mean": 0.113261766732
    },
    "barkbands_kurtosis": {
        "mean": 4.30644893646
    },
    "barkbands_skewness": {
        "mean": 1.60243034363
    },
    "barkbands_spread": {
        "mean": 30.9554386139
    },
    "dissonance": {
        "mean": 0.476759433746
    },
    "dynamic_complexity": 2.93955683708,
    "erbbands_crest": {
        "mean": 6.4786438942
    },
    "erbbands_flatness_db": {
        "mean": 0.126175075769
    },
    "erbbands_kurtosis": {
        "mean": -0.0982730835676
    },
    "erbbands_skewness": {
        "mean": -0.101239085197
    },
    "erbbands_spread": {
        "mean": 46.1629219055
    },
    "hfc": {
        "mean": 29.2631187439
    },
    "loudness_ebu128": {
        "integrated": -7.42916584015,
        "loudness_range": 6.86859798431,
        "momentary": {
            "mean": -8.84231567383
        },
        "short_term": {
            "mean": -8.56454658508
        }
    },
    "melbands_crest": {
        "mean": 14.9808692932
    },
    "melbands_flatness_db": {
        "mean": 0.178150445223
    },
    "melbands_kurtosis": {
        "mean": 17.1916847229
    },
    "melbands_skewness": {
        "mean": 3.1302819252
    },
    "melbands_spread": {
        "mean": 28.8139190674
    },
    "pitch_salience": {
        "mean": 0.525688230991
    },
    "silence_rate_20dB": {
        "mean": 1
    },
    "silence_rate_30dB": {
        "mean": 0.987824857235
    },
    "silence_rate_60dB": {
        "mean": 0.0830406621099
    },
    "spectral_centroid": {
        "mean": 1771.46337891
    },
    "spectral_complexity": {
        "mean": 29.4557094574
    },
    "spectral_decrease": {
        "mean": -8.70422400823e-09
    },
    "spectral_energy": {
        "mean": 0.0355059579015
    },
    "spectral_energyband_high": {
        "mean": 0.00171194889117
    },
    "spectral_energyband_low": {
        "mean": 0.0185940433294
    },
    "spectral_energyband_middle_high": {
        "mean": 0.00671013258398
    },
    "spectral_energyband_middle_low": {
        "mean": 0.00959765072912
    },
    "spectral_entropy": {
        "mean": 7.85173559189
    },
    "spectral_flux": {
        "mean": 0.0913263335824
    },
    "spectral_kurtosis": {
        "mean": 3.59074401855
    },
    "spectral_rms": {
        "mean": 0.00545708090067
    },
    "spectral_rolloff": {
        "mean": 1885.87548828
    },
    "spectral_skewness": {
        "mean": 1.31405818462
    },
    "spectral_spread": {
        "mean": 4758455
    },
    "spectral_strongpeak": {
        "mean": 0.586895823479
    },
    "zerocrossingrate": {
        "mean": 0.0728266909719
    },
    "barkbands": {
        "mean": [0.000133802415803, 0.0140438489616, 0.00342624960467, 0.00239147245884, 0.0027353100013, 0.00143184338231, 0.00112426897977, 0.000636301294435, 0.00103206478525, 0.000746075063944, 0.000845660222694, 0.000774838670623, 0.000514750427101, 0.000576621561777, 0.000677883974276, 0.000570995442104, 0.000626646564342, 0.000735345180146, 0.000557907915208, 0.000422578916186, 0.000336972268997, 0.000352881645085, 0.000297447550111, 0.000236258114455, 0.000176967223524, 7.78584144427e-05, 2.19996654778e-05]
    },
    "erbbands": {
        "mean": [0.309363752604, 3.4072728157, 5.20747280121, 5.56479310989, 9.7284822464, 8.88011550903, 9.06692218781, 11.8587608337, 13.8109235764, 17.0697689056, 16.9237728119, 20.1142482758, 27.4508895874, 30.6074333191, 27.7987804413, 30.5162677765, 25.0476951599, 31.0044307709, 29.8416404724, 32.7590255737, 34.345993042, 36.9167938232, 41.7996025085, 31.3523101807, 25.7573947906, 19.8560352325, 16.5431919098, 11.2529001236, 13.0502939224, 10.5226926804, 8.21836662292, 5.70049667358, 3.647762537, 2.23021650314, 1.12920475006, 0.444661468267, 0.117373928428, 0.0231036599725, 0.00386278424412, 0.000281104905298]
    },
    "gfcc": {
        "mean": [29.4169845581, 75.8378982544, -113.386940002, 42.2383117676, -50.1992416382, 12.5488491058, -31.3098163605, 10.3790225983, -17.4852352142, -0.116793952882, -14.485824585, 3.88914608955, -9.68152427673],
        "cov": [[7991.58300781, -1957.89794922, 675.507080078, 269.39553833, 271.114898682, 896.980163574, 64.6708450317, 632.363830566, -380.600036621, 512.266296387, -92.2604904175, -32.3947753906, -326.520751953], [-1957.89794922, 1549.87255859, -304.205749512, 112.45300293, 87.1467208862, -247.553207397, 64.0248031616, -110.547790527, 159.112945557, -139.324203491, 92.3354949951, -20.7912750244, 161.024749756], [675.507080078, -304.205749512, 826.919921875, 103.709594727, 117.455947876, 140.591171265, 24.8424625397, 144.813095093, 15.7379760742, 89.8470001221, -12.0473413467, 19.6070575714, -32.2931022644], [269.39553833, 112.45300293, 103.709594727, 342.953613281, 49.7403450012, 82.4914016724, 41.4988212585, 61.486076355, 26.3178310394, 34.8126564026, 20.3706626892, -36.01039505, 8.22299385071], [271.114898682, 87.1467208862, 117.455947876, 49.7403450012, 278.202636719, 87.993598938, 98.7835235596, 65.9586410522, 35.2366065979, 40.4939575195, 20.7630710602, 1.40506052971, 7.39733076096], [896.980163574, -247.553207397, 140.591171265, 82.4914016724, 87.993598938, 281.790985107, 61.481136322, 142.199645996, -19.2571048737, 84.3245849609, 19.8900241852, 2.8286113739, -38.6422233582], [64.6708450317, 64.0248031616, 24.8424625397, 41.4988212585, 98.7835235596, 61.481136322, 173.316619873, 24.0496997833, 23.9918174744, 18.9089565277, 9.58133792877, -12.0093450546, 13.4213199615], [632.363830566, -110.547790527, 144.813095093, 61.486076355, 65.9586410522, 142.199645996, 24.0496997833, 200.765533447, 21.1621379852, 81.4202194214, 21.8776931763, 11.9215717316, -14.6454381943], [-380.600036621, 159.112945557, 15.7379760742, 26.3178310394, 35.2366065979, -19.2571048737, 23.9918174744, 21.1621379852, 116.291435242, 0.686271190643, 32.1589622498, 7.44066429138, 29.4633617401], [512.266296387, -139.324203491, 89.8470001221, 34.8126564026, 40.4939575195, 84.3245849609, 18.9089565277, 81.4202194214, 0.686271190643, 134.171676636, 20.0091571808, 2.7335100174, -7.43341827393], [-92.2604904175, 92.3354949951, -12.0473413467, 20.3706626892, 20.7630710602, 19.8900241852, 9.58133792877, 21.8776931763, 32.1589622498, 20.0091571808, 74.4735565186, 28.8203029633, 12.0563240051], [-32.3947753906, -20.7912750244, 19.6070575714, -36.01039505, 1.40506052971, 2.8286113739, -12.0093450546, 11.9215717316, 7.44066429138, 2.7335100174, 28.8203029633, 67.4929885864, 14.6951227188], [-326.520751953, 161.024749756, -32.2931022644, 8.22299385071, 7.39733076096, -38.6422233582, 13.4213199615, -14.6454381943, 29.4633617401, -7.43341827393, 12.0563240051, 14.6951227188, 86.1745986938]],
        "icov": [[0.00036853380152, 0.000198491427, 5.96254139964e-05, -0.000204821189982, -0.00024987992947, -0.000339730177075, 5.57019229745e-05, -0.000570452830289, 0.000890639144927, -0.000587635964621, 0.000324941298459, -6.77846546751e-05, 0.000441767799202], [0.000198491427, 0.0014963618014, 0.000312308402499, -0.000549586548004, -0.000754430133384, 0.000887953618076, -0.00015237145999, -0.000572367804125, -7.04592021066e-05, 0.000925205065869, -0.00172084767837, 0.00122361024842, -0.00134912075009], [5.96254139964e-05, 0.000312308402499, 0.00164865714032, -0.000556373037398, -0.000625121989287, 1.38158839036e-05, 0.000149755869643, -0.000689513108227, -0.000350039073965, -0.000399719225243, 0.00103071529884, -0.000948456057813, 0.000335341435857], [-0.000204821189982, -0.000549586548004, -0.000556373037398, 0.00405642995611, 0.000384256418329, -0.000985366757959, -6.50985602988e-05, -2.72613215202e-06, -0.000609387236182, 0.000143420227687, -0.00136734428816, 0.00292080570944, -0.000895919976756], [-0.00024987992947, -0.000754430133384, -0.000625121989287, 0.000384256418329, 0.00555238360539, -0.000904752349015, -0.00232821214013, 8.13884180388e-05, -0.0011929909233, -0.000338059326168, 0.000134557660203, -0.000409501779359, 0.000115825947432], [-0.000339730177075, 0.000887953618076, 1.38158839036e-05, -0.000985366757959, -0.000904752349015, 0.00849075615406, -0.0020402118098, -0.00352785247378, 0.00122055783868, 0.000277985003777, -0.00284319766797, 0.000422198674642, 0.000688440632075], [5.57019229745e-05, -0.00015237145999, 0.000149755869643, -6.50985602988e-05, -0.00232821214013, -0.0020402118098, 0.00808133464307, 0.000891591305844, -0.000923595333006, -0.000286493479507, 0.00025689296308, 0.00159874535166, -0.00128151162062], [-0.000570452830289, -0.000572367804125, -0.000689513108227, -2.72613215202e-06, 8.13884180388e-05, -0.00352785247378, 0.000891591305844, 0.0107490979135, -0.00373928318731, -0.00241574086249, 0.000380871235393, -0.00150246790145, 2.19447210839e-05], [0.000890639144927, -7.04592021066e-05, -0.000350039073965, -0.000609387236182, -0.0011929909233, 0.00122055783868, -0.000923595333006, -0.00373928318731, 0.0144707616419, -0.000684706086759, -0.00371896615252, 0.000900932704099, -0.00104859017301], [-0.000587635964621, 0.000925205065869, -0.000399719225243, 0.000143420227687, -0.000338059326168, 0.000277985003777, -0.000286493479507, -0.00241574086249, -0.000684706086759, 0.012864023447, -0.00503701251, 0.00287584494799, -0.00277310446836], [0.000324941298459, -0.00172084767837, 0.00103071529884, -0.00136734428816, 0.000134557660203, -0.00284319766797, 0.00025689296308, 0.000380871235393, -0.00371896615252, -0.00503701251, 0.0240356568247, -0.0116463005543, 0.00316204922274], [-6.77846546751e-05, 0.00122361024842, -0.000948456057813, 0.00292080570944, -0.000409501779359, 0.000422198674642, 0.00159874535166, -0.00150246790145, 0.000900932704099, 0.00287584494799, -0.0116463005543, 0.0235791597515, -0.00590873509645], [0.000441767799202, -0.00134912075009, 0.000335341435857, -0.000895919976756, 0.000115825947432, 0.000688440632075, -0.00128151162062, 2.19447210839e-05, -0.00104859017301, -0.00277310446836, 0.00316204922274, -0.00590873509645, 0.0171969458461]]
    },
    "melbands": {
        "mean": [0.00345029029995, 0.00336126820184, 0.00113875069655, 0.000644464278594, 0.000333371164743, 0.000270855933195, 0.000225872456213, 0.000176396162715, 0.000140100950375, 0.000135999245686, 0.000136212169309, 0.00011989021732, 0.000103574049717, 8.27356998343e-05, 6.79568838677e-05, 5.4974516388e-05, 5.6989647419e-05, 4.3185063987e-05, 5.5770859035e-05, 3.68559885828e-05, 3.99842647312e-05, 3.78819859179e-05, 3.72761205654e-05, 3.48897083313e-05, 2.43286758632e-05, 2.10583912121e-05, 1.55204143084e-05, 1.25520391521e-05, 1.06478837552e-05, 8.2927499534e-06, 5.78307481192e-06, 7.34161085347e-06, 6.85530130795e-06, 5.46220007891e-06, 4.66727487947e-06, 4.34055709775e-06, 3.20352410199e-06, 2.66445181296e-06, 2.09225254366e-06, 1.82121266334e-06]
    },
    "melbands128": {
        "mean": [0.000127891515149, 0.00179565895814, 0.00523779029027, 0.00591867929325, 0.00345192919485, 0.0014167802874, 0.00099532213062, 0.00131117203273, 0.00102393247653, 0.000518443819601, 0.000508858298417, 0.000360334350262, 0.000302658969304, 0.000283431116259, 0.000234886043472, 0.000315263896482, 0.000226183896302, 0.000172505679075, 0.000286072317977, 0.000187942030607, 0.000123976773466, 0.00013826022041, 0.000148795064888, 0.000144407938933, 9.43047416513e-05, 0.000151943284436, 0.000177112815436, 0.000126665094285, 0.000122686717077, 7.81207709224e-05, 0.000142540986417, 0.000156230220455, 9.8458796856e-05, 6.266249693e-05, 8.71598895174e-05, 8.81992527866e-05, 7.72628482082e-05, 8.44818205223e-05, 4.46741505584e-05, 4.91437058372e-05, 5.67213101021e-05, 6.33188319625e-05, 6.48840068607e-05, 4.89174672111e-05, 4.08716405218e-05, 3.98706397391e-05, 4.43210665253e-05, 7.87184835644e-05, 4.54311884823e-05, 3.45923363056e-05, 3.55656593456e-05, 3.84065970138e-05, 4.5198816224e-05, 3.8692207454e-05, 3.41555387422e-05, 4.0728788008e-05, 3.8403133658e-05, 3.17165249726e-05, 3.88036933145e-05, 4.46621743322e-05, 3.54304829671e-05, 2.85958594759e-05, 2.25976236834e-05, 2.45444352913e-05, 2.42862861342e-05, 2.2183985493e-05, 1.82012881851e-05, 1.65236397152e-05, 1.51572394316e-05, 1.36907037813e-05, 1.30609905682e-05, 1.1661566532e-05, 1.06892703116e-05, 1.07194764496e-05, 1.05114868347e-05, 8.65582296683e-06, 7.48782713345e-06, 6.19461161477e-06, 5.25577206645e-06, 5.49615469936e-06, 6.7898222369e-06, 8.74307079357e-06, 7.57848374633e-06, 6.59207444187e-06, 6.43759085506e-06, 5.59407499168e-06, 5.2756072364e-06, 4.61267018181e-06, 4.63115475213e-06, 4.25668213211e-06, 5.78411436436e-06, 3.71539658772e-06, 3.40397195941e-06, 3.38873451255e-06, 2.86277145278e-06, 2.93240259452e-06, 2.62785965788e-06, 2.30264868151e-06, 2.12481654671e-06, 1.97219196707e-06, 1.89161960407e-06, 1.82697840501e-06, 1.68870406014e-06, 1.53686937665e-06, 1.28312308334e-06, 1.05221727154e-06, 9.14055419798e-07, 8.49928767366e-07, 7.66548396314e-07, 7.00058251368e-07, 5.7009503962e-07, 4.05560939498e-07, 3.29544519673e-07, 2.64334090616e-07, 2.45933335918e-07, 1.9956526387e-07, 1.53017339244e-07, 1.25140644514e-07, 1.21123747476e-07, 1.24073906704e-07, 1.19464957038e-07, 1.00385996404e-07, 8.03307571573e-08, 6.25765821383e-08, 4.45123866655e-08, 3.22494848604e-08, 2.55003289595e-08, 1.12377573913e-08]
    },
    "mfcc": {
        "mean": [-613.603942871, 106.19430542, -1.64824235439, 32.1113014221, 6.05186128616, 7.77101325989, -1.45769309998, 11.1205024719, 1.45783245564, 1.85559296608, -0.655518174171, 0.964583933353, 1.85630977154],
        "cov": [[7901.39355469, -1755.87841797, 236.864807129, -244.297866821, 301.656433105, 270.270690918, 712.750061035, 49.4414596558, 93.1567153931, 344.08883667, 369.415710449, 122.820610046, -72.3527832031], [-1755.87841797, 1154.30480957, -191.226425171, 187.904937744, -1.51540029049, -62.5016326904, -119.046546936, 23.9234790802, 30.270111084, -78.55027771, -75.9049301147, 6.06022071838, 58.4213562012], [236.864807129, -191.226425171, 591.66003418, 66.9585037231, 121.470069885, 19.1933269501, 48.102432251, 34.9051475525, 47.5894432068, 45.248046875, 34.3227119446, 38.7798957825, 34.4002532959], [-244.297866821, 187.904937744, 66.9585037231, 285.884399414, 45.8321990967, 35.7961578369, 7.327709198, 6.1147108078, 40.9325637817, 19.9419345856, -6.08088588715, 22.5823879242, 14.5235786438], [301.656433105, -1.51540029049, 121.470069885, 45.8321990967, 208.663986206, 35.5954017639, 61.7135887146, 51.0263328552, 42.1438407898, 50.2425956726, 46.2555618286, 32.0163993835, 36.1243934631], [270.270690918, -62.5016326904, 19.1933269501, 35.7961578369, 35.5954017639, 147.97114563, 96.1049880981, 24.9157142639, 25.13139534, 45.5369911194, 23.1821346283, 17.3935451508, 2.77144098282], [712.750061035, -119.046546936, 48.102432251, 7.327709198, 61.7135887146, 96.1049880981, 202.500183105, 44.0764923096, 51.7590942383, 68.0464630127, 59.8581161499, 26.427564621, 7.69010877609], [49.4414596558, 23.9234790802, 34.9051475525, 6.1147108078, 51.0263328552, 24.9157142639, 44.0764923096, 127.501441956, 21.857624054, 29.1578922272, 26.2980899811, 8.45023059845, 12.8617954254], [93.1567153931, 30.270111084, 47.5894432068, 40.9325637817, 42.1438407898, 25.13139534, 51.7590942383, 21.857624054, 110.222709656, 45.4187240601, 13.5433683395, 18.7400455475, 19.8804645538], [344.08883667, -78.55027771, 45.248046875, 19.9419345856, 50.2425956726, 45.5369911194, 68.0464630127, 29.1578922272, 45.4187240601, 117.709030151, 54.6910171509, 25.1170291901, 8.86625957489], [369.415710449, -75.9049301147, 34.3227119446, -6.08088588715, 46.2555618286, 23.1821346283, 59.8581161499, 26.2980899811, 13.5433683395, 54.6910171509, 95.1871109009, 31.1571769714, 8.14610004425], [122.820610046, 6.06022071838, 38.7798957825, 22.5823879242, 32.0163993835, 17.3935451508, 26.427564621, 8.45023059845, 18.7400455475, 25.1170291901, 31.1571769714, 67.1863479614, 31.4747333527], [-72.3527832031, 58.4213562012, 34.4002532959, 14.5235786438, 36.1243934631, 2.77144098282, 7.69010877609, 12.8617954254, 19.8804645538, 8.86625957489, 8.14610004425, 31.4747333527, 68.7916564941]],
        "icov": [[0.000304237444652, 0.000361426878953, 0.000119769232697, 2.82139571937e-05, -0.000294354307698, 0.000243769391091, -0.000834636972286, 0.000193112369743, 5.6488730479e-05, -9.32499242481e-05, -0.000265106587904, -0.000288570474368, 0.000308264046907], [0.000361426878953, 0.00177893112414, 0.000731301843189, -0.000911724753678, -0.00049789523473, 0.000645229767542, -0.000464143056888, -0.000373577990104, -0.000505547039211, 0.000628442736343, 9.13957701414e-05, -0.000452263164334, -0.000685428036377], [0.000119769232697, 0.000731301843189, 0.00228373543359, -0.000657327764202, -0.00109661289025, 0.000503741961438, -0.000219524663407, -0.000242572772549, -0.000462481984869, 0.000130310363602, 0.000100798715721, -0.000610733230133, -0.000488508667331], [2.82139571937e-05, -0.000911724753678, -0.000657327764202, 0.00472664134577, -0.000567951705307, -0.00134694692679, 0.0003741827677, 0.00059346872149, -0.000822347996291, -0.000685353646986, 0.00069436407648, -0.00113078462891, 0.00109561730642], [-0.000294354307698, -0.00049789523473, -0.00109661289025, -0.000567951705307, 0.0073748184368, -0.000521100591868, 0.000220153611735, -0.00160513224546, -0.000600301078521, -0.000577190832701, -0.00155846471898, 0.000452263251645, -0.00256920140237], [0.000243769391091, 0.000645229767542, 0.000503741961438, -0.00134694692679, -0.000521100591868, 0.0108737535775, -0.00543124275282, -0.000392848829506, 0.000950697343796, -0.00195789919235, 0.00182541157119, -0.00141439726576, 0.000665642146487], [-0.000834636972286, -0.000464143056888, -0.000219524663407, 0.0003741827677, 0.000220153611735, -0.00543124275282, 0.0120232282206, -0.00164229143411, -0.00303716096096, -0.000111466688395, -0.00260123726912, 0.000673963397276, -0.000494933337905], [0.000193112369743, -0.000373577990104, -0.000242572772549, 0.00059346872149, -0.00160513224546, -0.000392848829506, -0.00164229143411, 0.00967517029494, -0.000197356537683, -0.000876874953974, -0.00151355029084, 0.00121591391508, -0.000457292975625], [5.6488730479e-05, -0.000505547039211, -0.000462481984869, -0.000822347996291, -0.000600301078521, 0.000950697343796, -0.00303716096096, -0.000197356537683, 0.0130851846188, -0.00447711534798, 0.00258158124052, -0.000647154054604, -0.00166713737417], [-9.32499242481e-05, 0.000628442736343, 0.000130310363602, -0.000685353646986, -0.000577190832701, -0.00195789919235, -0.000111466688395, -0.000876874953974, -0.00447711534798, 0.015192758292, -0.00609889114276, -0.000544285518117, 0.000313113065204], [-0.000265106587904, 9.13957701414e-05, 0.000100798715721, 0.00069436407648, -0.00155846471898, 0.00182541157119, -0.00260123726912, -0.00151355029084, 0.00258158124052, -0.00609889114276, 0.0190500263125, -0.00627029687166, 0.00141821464058], [-0.000288570474368, -0.000452263164334, -0.000610733230133, -0.00113078462891, 0.000452263251645, -0.00141439726576, 0.000673963397276, 0.00121591391508, -0.000647154054604, -0.000544285518117, -0.00627029687166, 0.0237694624811, -0.00973419845104], [0.000308264046907, -0.000685428036377, -0.000488508667331, 0.00109561730642, -0.00256920140237, 0.000665642146487, -0.000494933337905, -0.000457292975625, -0.00166713737417, 0.000313113065204, 0.00141821464058, -0.00973419845104, 0.021646367386]]
    },
    "spectral_contrast_coeffs": {
        "mean": [-0.718598544598, -0.768309295177, -0.775552272797, -0.8028652668, -0.796502172947, -0.74647384882]
    },
    "spectral_contrast_valleys": {
        "mean": [-6.4970293045, -6.67129468918, -7.14661026001, -7.27515983582, -7.01320028305, -9.86336612701]
    }
},
"rhythm": {
    "beats_count": 812,
    "beats_loudness": {
        "mean": 0.0408810824156
    },
    "bpm": 164.229492188,
    "bpm_histogram_first_peak_bpm": 167,
    "bpm_histogram_first_peak_weight": 0,
    "bpm_histogram_second_peak_bpm": 161,
    "bpm_histogram_second_peak_spread": 0.0466321706772,
    "bpm_histogram_second_peak_weight": 0.453760772943,
    "danceability": 1.08076381683,
    "onset_rate": 3.06884908676,
    "beats_loudness_band_ratio": {
        "mean": [0.545399785042, 0.128831222653, 0.10092034936, 0.0885722637177, 0.0844049602747, 0.0866824090481]
    },
    "beats_position": [0.359909296036, 0.731428563595, 1.10294783115, 1.46285712719, 1.83437633514, 2.20589566231, 2.56580495834, 2.92571425438, 3.29723358154, 3.66875267029, 4.02866220474, 4.38857126236, 4.76009082794, 5.13160991669, 5.4915189743, 5.86303853989, 6.24616765976, 6.62929677963, 7.02403593063, 7.4303855896, 7.83673477173, 8.2198638916, 8.59138298035, 8.96290206909, 9.33442115784, 9.70594120026, 10.077460289, 10.4373693466, 10.7972784042, 11.1687984467, 11.5403175354, 11.9118366241, 12.2833557129, 12.6432647705, 13.0031747818, 13.3630838394, 13.7346029282, 14.0945119858, 14.4660310745, 14.8375511169, 15.1974601746, 15.5573692322, 15.9288883209, 16.2887973785, 16.6487064362, 17.0202255249, 17.391746521, 17.7632656097, 18.1347846985, 18.4946937561, 18.8546028137, 19.2261219025, 19.5976409912, 19.9575500488, 20.3174591064, 20.6889801025, 21.0604991913, 21.4204082489, 21.7803173065, 22.1518363953, 22.523355484, 22.8948745728, 23.2547836304, 23.6263027191, 23.9862117767, 24.3461227417, 24.7060317993, 25.0659408569, 25.4258499146, 25.7973690033, 26.1804981232, 26.5404071808, 26.9003162384, 27.2718353271, 27.6317462921, 28.0032653809, 28.3631744385, 28.7230834961, 29.0946025848, 29.4661216736, 29.8260307312, 30.1859397888, 30.5574588776, 30.9289798737, 31.3004989624, 31.6720180511, 32.0319252014, 32.391834259, 32.7633552551, 33.1348762512, 33.4947853088, 33.8663024902, 34.2262115479, 34.5861206055, 34.9460296631, 35.3059387207, 35.6658477783, 36.0373687744, 36.4088897705, 36.7804069519, 37.1403160095, 37.5002250671, 37.8601341248, 38.2316551208, 38.6031723022, 38.9746932983, 39.334602356, 39.6945114136, 40.0544204712, 40.4259414673, 40.7974586487, 41.1573677063, 41.5172767639, 41.88879776, 42.2603149414, 42.6318359375, 43.0033569336, 43.374874115, 43.7347831726, 44.1063041687, 44.4662132263, 44.8261222839, 45.1860313416, 45.5575485229, 45.929069519, 46.2889785767, 46.6488876343, 47.0204086304, 47.380317688, 47.7402267456, 48.1001358032, 48.4600448608, 48.8199539185, 49.1914749146, 49.5513839722, 49.9229011536, 50.2944221497, 50.6659393311, 51.0374603271, 51.4089775085, 51.7804985046, 52.152015686, 52.5235366821, 52.8834457397, 53.2433547974, 53.6148757935, 53.9863929749, 54.3463020325, 54.7178230286, 55.08934021, 55.4492492676, 55.8207702637, 56.1922874451, 56.5638084412, 56.9237174988, 57.2836265564, 57.6551475525, 58.0150566101, 58.3865737915, 58.7464828491, 59.1063919067, 59.4663009644, 59.8262138367, 60.1861228943, 60.5576400757, 60.9175491333, 61.2774581909, 61.648979187, 62.0088882446, 62.3687973022, 62.7403144836, 63.1118354797, 63.4833564758, 63.8548736572, 64.2263946533, 64.5863037109, 64.9462127686, 65.3177337646, 65.6892471313, 66.049156189, 66.409072876, 66.7805862427, 67.1521072388, 67.5236282349, 67.8835372925, 68.2434463501, 68.6149673462, 68.9864807129, 69.358001709, 69.7179107666, 70.0662155151, 70.4261245728, 70.7976379395, 71.1575469971, 71.5174560547, 71.8889770508, 72.2721099854, 72.6436233521, 73.0151443481, 73.3750534058, 73.7349624634, 74.094871521, 74.4663925171, 74.8379135132, 75.2094345093, 75.580947876, 75.9408569336, 76.3123779297, 76.6838989258, 77.0554199219, 77.4385452271, 77.8100662231, 78.1583633423, 78.5182723999, 78.8781814575, 79.2497024536, 79.6212234497, 79.9811325073, 80.3410415649, 80.712562561, 81.0724716187, 81.4323806763, 81.8039016724, 82.16381073, 82.5237197876, 82.8952331543, 83.2667541504, 83.626663208, 83.9865722656, 84.3580932617, 84.7180023193, 85.077911377, 85.449432373, 85.8209533691, 86.1808624268, 86.5407714844, 86.9122848511, 87.2838058472, 87.6437149048, 88.0036239624, 88.3751449585, 88.7466659546, 89.1181869507, 89.4780960083, 89.849609375, 90.2211303711, 90.5810394287, 90.9525604248, 91.3124694824, 91.67237854, 92.0438995361, 92.4038085938, 92.7637176514, 93.1352386475, 93.5067520142, 93.8782730103, 94.2497940063, 94.6213150024, 94.9928359985, 95.3643493652, 95.7358703613, 96.1190032959, 96.4905166626, 96.8736495972, 97.2567749023, 97.6399078369, 98.011428833, 98.3829498291, 98.7544631958, 99.1259841919, 99.497505188, 99.8690261841, 100.240539551, 100.612060547, 100.983581543, 101.355102539, 101.726615906, 102.098136902, 102.469657898, 102.829566956, 103.189476013, 103.549385071, 103.909294128, 104.304031372, 104.698776245, 105.08190155, 105.476638794, 105.859771729, 106.231292725, 106.602806091, 106.974327087, 107.357460022, 107.740585327, 108.112106323, 108.483627319, 108.855148315, 109.226661682, 109.598182678, 109.958091736, 110.318000793, 110.68952179, 111.061042786, 111.420951843, 111.780860901, 112.152381897, 112.512290955, 112.883804321, 113.266937256, 113.638458252, 113.99836731, 114.358276367, 114.729797363, 115.089706421, 115.449615479, 115.821128845, 116.192649841, 116.552558899, 116.912467957, 117.272377014, 117.632286072, 118.003807068, 118.363716125, 118.723625183, 119.095146179, 119.466667175, 119.838180542, 120.209701538, 120.569610596, 120.929519653, 121.277824402, 121.649337769, 122.020858765, 122.392379761, 122.763900757, 123.123809814, 123.483718872, 123.855232239, 124.226753235, 124.598274231, 124.969795227, 125.341316223, 125.71282959, 126.084350586, 126.444259644, 126.804168701, 127.164077759, 127.523986816, 127.895507812, 128.267028809, 128.626937866, 128.986846924, 129.35836792, 129.729888916, 130.078186035, 130.438095093, 130.809616089, 131.181137085, 131.541046143, 131.912567139, 132.284072876, 132.643981934, 133.003890991, 133.375411987, 133.746932983, 134.118453979, 134.478363037, 134.838272095, 135.209793091, 135.569702148, 135.929611206, 136.301132202, 136.672653198, 137.044174194, 137.41569519, 137.775604248, 138.135513306, 138.507034302, 138.878540039, 139.250061035, 139.621582031, 139.981491089, 140.341400146, 140.712921143, 141.0728302, 141.432739258, 141.804260254, 142.164169312, 142.524078369, 142.895599365, 143.255508423, 143.61541748, 143.986938477, 144.358459473, 144.71836853, 145.078277588, 145.438186646, 145.798095703, 146.169616699, 146.541137695, 146.912643433, 147.27255249, 147.632461548, 148.003982544, 148.37550354, 148.747024536, 149.106933594, 149.466842651, 149.838363647, 150.209884644, 150.58140564, 150.952926636, 151.312835693, 151.672744751, 152.044265747, 152.415786743, 152.775695801, 153.135604858, 153.495513916, 153.855422974, 154.226928711, 154.598449707, 154.969970703, 155.329879761, 155.689788818, 156.061309814, 156.432830811, 156.804351807, 157.164260864, 157.53578186, 157.907302856, 158.267211914, 158.63873291, 159.010253906, 159.393371582, 159.75328064, 160.101577759, 160.461486816, 160.821395874, 161.19291687, 161.564437866, 161.924346924, 162.284255981, 162.655776978, 163.027297974, 163.387207031, 163.747116089, 164.107025146, 164.466934204, 164.8384552, 165.209976196, 165.581497192, 165.94140625, 166.301315308, 166.672836304, 167.0443573, 167.404266357, 167.775772095, 168.147293091, 168.507202148, 168.878723145, 169.250244141, 169.621765137, 169.981674194, 170.341583252, 170.713104248, 171.084625244, 171.444534302, 171.804443359, 172.164352417, 172.524261475, 172.895782471, 173.267303467, 173.638824463, 173.998733521, 174.358642578, 174.730148315, 175.101669312, 175.461578369, 175.821487427, 176.193008423, 176.564529419, 176.924438477, 177.295959473, 177.65586853, 178.027389526, 178.387298584, 178.747207642, 179.107116699, 179.478637695, 179.838546753, 180.186843872, 180.558364868, 180.918273926, 181.278182983, 181.649703979, 182.009613037, 182.381134033, 182.741043091, 183.112564087, 183.472473145, 183.832382202, 184.19229126, 184.552200317, 184.923721313, 185.29524231, 185.655151367, 186.015060425, 186.374969482, 186.73487854, 187.106384277, 187.466293335, 187.826202393, 188.197723389, 188.557632446, 188.917541504, 189.2890625, 189.648971558, 190.008880615, 190.380401611, 190.751922607, 191.111831665, 191.471740723, 191.83164978, 192.191558838, 192.563079834, 192.93460083, 193.294509888, 193.654418945, 194.014328003, 194.374237061, 194.734146118, 195.105667114, 195.465576172, 195.825485229, 196.185394287, 196.556915283, 196.928436279, 197.288345337, 197.648254395, 198.008163452, 198.36807251, 198.739593506, 199.099502563, 199.459411621, 199.830932617, 200.202438354, 200.573959351, 200.945480347, 201.305389404, 201.665298462, 202.02520752, 202.385116577, 202.756637573, 203.116546631, 203.476455688, 203.836364746, 204.196273804, 204.556182861, 204.916091919, 205.287612915, 205.659133911, 206.030654907, 206.390563965, 206.750473022, 207.11038208, 207.481903076, 207.841812134, 208.21333313, 208.584854126, 208.956375122, 209.327880859, 209.676193237, 210.024490356, 210.384399414, 210.744308472, 211.104217529, 211.464126587, 211.824035645, 212.172332764, 212.532241821, 212.892150879, 213.252059937, 213.623580933, 213.995101929, 214.366622925, 214.726531982, 215.08644104, 215.457962036, 215.829467773, 216.177780151, 216.549285889, 216.920806885, 217.292327881, 217.663848877, 218.035369873, 218.406890869, 218.766799927, 219.126708984, 219.486618042, 219.8465271, 220.218048096, 220.589569092, 220.961090088, 221.320999146, 221.680908203, 222.040817261, 222.400726318, 222.760635376, 223.120544434, 223.468841553, 223.82875061, 224.188659668, 224.560180664, 224.920089722, 225.291610718, 225.651519775, 226.023040771, 226.382949829, 226.742858887, 227.102767944, 227.462677002, 227.834197998, 228.205703735, 228.565612793, 228.925521851, 229.297042847, 229.656951904, 230.0284729, 230.388381958, 230.759902954, 231.119812012, 231.479721069, 231.851242065, 232.222763062, 232.582672119, 232.942581177, 233.302490234, 233.662399292, 234.02230835, 234.382217407, 234.742126465, 235.102035522, 235.46194458, 235.821853638, 236.181762695, 236.541671753, 236.913192749, 237.273101807, 237.633010864, 238.00453186, 238.376052856, 238.747573853, 239.10748291, 239.467391968, 239.838912964, 240.21043396, 240.570343018, 240.930252075, 241.301757812, 241.66166687, 242.021575928, 242.381484985, 242.741394043, 243.112915039, 243.472824097, 243.832733154, 244.20425415, 244.564163208, 244.924072266, 245.295593262, 245.655502319, 246.015411377, 246.386932373, 246.746841431, 247.106750488, 247.466659546, 247.826568604, 248.1980896, 248.557998657, 248.917907715, 249.277816772, 249.63772583, 250.009246826, 250.380767822, 250.74067688, 251.100585938, 251.460494995, 251.820404053, 252.191925049, 252.551834106, 252.911743164, 253.28326416, 253.654785156, 254.026306152, 254.38621521, 254.746124268, 255.117630005, 255.489151001, 255.860671997, 256.220581055, 256.580505371, 256.952026367, 257.311920166, 257.671844482, 258.043365479, 258.403259277, 258.763183594, 259.123077393, 259.483001709, 259.854522705, 260.214416504, 260.57434082, 260.945831299, 261.317352295, 261.665649414, 262.013977051, 262.385467529, 262.756988525, 263.105316162, 263.465209961, 263.825134277, 264.185028076, 264.544952393, 264.916442871, 265.287963867, 265.659484863, 266.01940918, 266.390930176, 266.750823975, 267.110748291, 267.47064209, 267.842163086, 268.213684082, 268.573608398, 268.933502197, 269.293426514, 269.653320312, 270.024841309, 270.384765625, 270.744659424, 271.11618042, 271.487701416, 271.847625732, 272.207519531, 272.579040527, 272.938964844, 273.298858643, 273.658782959, 274.018676758, 274.378601074, 274.75012207, 275.110015869, 275.481536865, 275.841461182, 276.21295166, 276.584472656, 276.944396973, 277.315917969, 277.675811768, 278.035736084, 278.395629883, 278.755554199, 279.127075195, 279.486968994, 279.846893311, 280.206787109, 280.566711426, 280.926605225, 281.286529541, 281.658050537, 282.017944336, 282.389465332, 282.749389648, 283.109283447, 283.469207764, 283.84072876, 284.200622559, 284.572143555, 284.932067871, 285.303588867, 285.675109863, 286.035003662, 286.394927979, 286.766448975, 287.126342773, 287.48626709, 287.846160889, 288.206085205, 288.577606201, 288.94909668, 289.309020996, 289.668914795, 290.040435791, 290.400360107, 290.760253906, 291.120178223, 291.480072021, 291.851593018, 292.223114014, 292.58303833, 292.942932129, 293.314453125, 293.674377441, 294.03427124, 294.394195557, 294.754089355, 295.125610352, 295.497131348, 295.868652344, 296.24017334, 296.623291016, 297.006439209],
    "bpm_histogram": [0, 0, 0, 0, 0, 0, 0, 0, 0, 0, 0, 0, 0, 0, 0, 0, 0, 0, 0, 0, 0, 0, 0, 0, 0, 0, 0, 0, 0, 0, 0, 0, 0, 0, 0, 0, 0, 0, 0, 0, 0, 0, 0, 0, 0, 0, 0, 0, 0, 0, 0, 0, 0, 0, 0, 0, 0, 0, 0, 0, 0, 0, 0, 0, 0, 0, 0, 0, 0, 0, 0, 0, 0, 0, 0, 0, 0, 0, 0, 0, 0, 0, 0, 0, 0, 0, 0, 0, 0, 0, 0, 0, 0, 0, 0, 0, 0, 0, 0, 0, 0, 0, 0, 0, 0, 0, 0, 0, 0, 0, 0, 0, 0, 0, 0, 0, 0, 0, 0, 0, 0, 0, 0, 0, 0, 0, 0, 0, 0, 0, 0, 0, 0, 0, 0, 0, 0, 0, 0, 0, 0, 0, 0, 0, 0, 0, 0, 0, 0.00246609118767, 0, 0, 0, 0.00493218237534, 0, 0, 0, 0, 0.0221948213875, 0, 0, 0, 0.401972860098, 0.0517879165709, 0, 0, 0, 0, 0.499383479357, 0, 0, 0, 0, 0.0172626394778, 0, 0, 0, 0, 0, 0, 0, 0, 0, 0, 0, 0, 0, 0, 0, 0, 0, 0, 0, 0, 0, 0, 0, 0, 0, 0, 0, 0, 0, 0, 0, 0, 0, 0, 0, 0, 0, 0, 0, 0, 0, 0, 0, 0, 0, 0, 0, 0, 0, 0, 0, 0, 0, 0, 0, 0, 0, 0, 0, 0, 0, 0, 0, 0, 0, 0, 0, 0, 0, 0, 0, 0, 0, 0, 0, 0, 0]
},
"tonal": {
    "chords_changes_rate": 0.0387076623738,
    "chords_number_rate": 0.00140471360646,
    "chords_strength": {
        "mean": 0.549318253994
    },
    "hpcp_crest": {
        "mean": 12.7691688538
    },
    "hpcp_entropy": {
        "mean": 2.16885662079
    },
    "key_edma": {
        "strength": 0.664149105549,
        "key": "B",
        "scale": "major"
    },
    "key_krumhansl": {
        "strength": 0.654105782509,
        "key": "B",
        "scale": "major"
    },
    "key_temperley": {
        "strength": 0.647460997105,
        "key": "Eb",
        "scale": "minor"
    },
    "tuning_diatonic_strength": 0.441575139761,
    "tuning_equal_tempered_deviation": 0.0392242148519,
    "tuning_frequency": 439.745910645,
    "tuning_nontempered_energy_ratio": 0.691127955914,
    "hpcp": {
        "mean": [0.0696902126074, 0.0703982412815, 0.138173818588, 0.202837496996, 0.145592674613, 0.147533372045, 0.234581917524, 0.175268471241, 0.0795700997114, 0.0632381886244, 0.0643638893962, 0.0992973521352, 0.129007861018, 0.09330586344, 0.0717977136374, 0.0859124064445, 0.0953904613853, 0.223425045609, 0.314673423767, 0.184104397893, 0.0753968060017, 0.0676980167627, 0.0762542262673, 0.104841887951, 0.119926854968, 0.109982781112, 0.139736130834, 0.211954951286, 0.176555931568, 0.150788515806, 0.146446093917, 0.076609402895, 0.078890837729, 0.109428659081, 0.0973998457193, 0.0768226832151]
    },
    "chords_histogram": [9.67691612244, 18.9636325836, 2.3724052906, 0.0624317154288, 0.156079292297, 1.95099115372, 0.749180555344, 28.3752155304, 0.593101322651, 1.15498673916, 0, 0, 0.109255500138, 0, 0.343374431133, 9.8486032486, 0.874044001102, 0.421414077282, 0.0156079288572, 0, 0, 0.967691600323, 3.46496009827, 19.9001083374],
    "thpcp": [1, 0.585064947605, 0.239603355527, 0.215137377381, 0.242328137159, 0.33317682147, 0.381115287542, 0.349514037371, 0.444067150354, 0.673571169376, 0.561076700687, 0.47919049859, 0.465390741825, 0.243456855416, 0.250707030296, 0.347753107548, 0.309526771307, 0.244134634733, 0.221468374133, 0.223718419671, 0.439102292061, 0.644596874714, 0.462678641081, 0.46884599328, 0.745477378368, 0.556985318661, 0.252865642309, 0.200964510441, 0.204541862011, 0.31555685401, 0.409973800182, 0.296516507864, 0.22816580534, 0.273020863533, 0.303141146898, 0.710021972656],
    "chords_key": "Eb",
    "chords_scale": "major"
}
}