{
"metadata": {
    "version": {
        "essentia": "2.1-beta6-dev",
        "essentia_git_sha": "v2.1_beta5-1177-g1d1cc983",
        "extractor": "music 2.0"
    },
    "audio_properties": {
        "analysis": {
            "equal_loudness": 0,
            "length": 302.626678467,
            "sample_rate": 44100,
            "start_time": 0,
            "downmix": "mix"
        },
        "bit_rate": 1411200,
        "length": 302.626678467,
        "lossless": 1,
        "number_channels": 2,
        "replay_gain": -7.03766441345,
        "sample_rate": 44100,
        "codec": "pcm_s16le",
        "md5_encoded": "781f0366996cb524052348967de40bd1"
    },
    "tags": {
        "file_name": "04 - Manchester Orchestra - Shake It Out (Alternate Version).wav",
        "album": ["Fourteen Years Of Excellence"],
        "albumartist": ["Manchester Orchestra"],
        "artist": ["Manchester Orchestra"],
        "composer": ["Andy Hull"],
        "copyright": ["(P) 2009 Sony Music Entertainment"],
        "date": ["2009"],
        "discnumber": ["1"],
        "disctotal": ["1"],
        "genre": ["Rock"],
        "isrc": ["USSM10901940"],
        "title": ["Shake It Out  (Alternate Version)"],
        "tracknumber": ["4"],
        "tracktotal": ["4"]
    }
},
"lowlevel": {
    "average_loudness": 0.355014234781,
    "barkbands_crest": {
        "mean": 10.4148674011
    },
    "barkbands_flatness_db": {
        "mean": 0.196483194828
    },
    "barkbands_kurtosis": {
        "mean": 9.08133411407
    },
    "barkbands_skewness": {
        "mean": 2.06172680855
    },
    "barkbands_spread": {
        "mean": 13.2568101883
    },
    "dissonance": {
        "mean": 0.433536052704
    },
    "dynamic_complexity": 8.68485927582,
    "erbbands_crest": {
        "mean": 9.41904163361
    },
    "erbbands_flatness_db": {
        "mean": 0.18852737546
    },
    "erbbands_kurtosis": {
        "mean": 2.35463762283
    },
    "erbbands_skewness": {
        "mean": 0.854985058308
    },
    "erbbands_spread": {
        "mean": 32.1696662903
    },
    "hfc": {
        "mean": 11.2705507278
    },
    "loudness_ebu128": {
        "integrated": -16.3709125519,
        "loudness_range": 17.9578781128,
        "momentary": {
            "mean": -24.2604923248
        },
        "short_term": {
            "mean": -22.8302955627
        }
    },
    "melbands_crest": {
        "mean": 14.5806474686
    },
    "melbands_flatness_db": {
        "mean": 0.280675381422
    },
    "melbands_kurtosis": {
        "mean": 16.2719974518
    },
    "melbands_skewness": {
        "mean": 2.77436709404
    },
    "melbands_spread": {
        "mean": 14.6243944168
    },
    "pitch_salience": {
        "mean": 0.550713479519
    },
    "silence_rate_20dB": {
        "mean": 1
    },
    "silence_rate_30dB": {
        "mean": 0.997698485851
    },
    "silence_rate_60dB": {
        "mean": 0.33716917038
    },
    "spectral_centroid": {
        "mean": 770.216247559
    },
    "spectral_complexity": {
        "mean": 11.898273468
    },
    "spectral_decrease": {
        "mean": -5.15219777952e-09
    },
    "spectral_energy": {
        "mean": 0.0204678792506
    },
    "spectral_energyband_high": {
        "mean": 0.000414976995671
    },
    "spectral_energyband_low": {
        "mean": 0.00566975492984
    },
    "spectral_energyband_middle_high": {
        "mean": 0.00240416242741
    },
    "spectral_energyband_middle_low": {
        "mean": 0.0129947019741
    },
    "spectral_entropy": {
        "mean": 6.87185525894
    },
    "spectral_flux": {
        "mean": 0.0508171729743
    },
    "spectral_kurtosis": {
        "mean": 13.8244018555
    },
    "spectral_rms": {
        "mean": 0.00359752122313
    },
    "spectral_rolloff": {
        "mean": 1118.40612793
    },
    "spectral_skewness": {
        "mean": 2.5938308239
    },
    "spectral_spread": {
        "mean": 3841436
    },
    "spectral_strongpeak": {
        "mean": 0.526844918728
    },
    "zerocrossingrate": {
        "mean": 0.0439629554749
    },
    "barkbands": {
        "mean": [5.92507385591e-05, 0.00118750357069, 0.00346436584368, 0.00250384584069, 0.00475073698908, 0.00245399074629, 0.00170883920509, 0.000830569246318, 0.000651282141916, 0.000355142343324, 0.00050691398792, 0.000442708376795, 0.000238991968217, 0.000162433163496, 0.000121205092, 0.000119305252156, 0.000141382639413, 0.000138363713631, 0.000128545434563, 0.000121609555208, 9.28684385144e-05, 9.17521028896e-05, 6.79347067489e-05, 6.36235054117e-05, 4.51248779427e-05, 1.69616178027e-05, 2.65509174824e-06]
    },
    "erbbands": {
        "mean": [0.0172388609499, 0.380300283432, 3.33571696281, 6.26961135864, 14.208275795, 15.0641441345, 13.9607315063, 24.9471645355, 21.5298881531, 24.4026641846, 16.5480117798, 15.6607246399, 12.9880943298, 17.0098381042, 19.5734825134, 13.0196876526, 10.758014679, 8.75450992584, 8.12330055237, 5.52558135986, 7.26772642136, 8.06841754913, 8.60629749298, 5.61323022842, 8.52789783478, 4.49899768829, 3.29665827751, 3.78007745743, 3.56444716454, 2.0210108757, 2.13488912582, 1.52010333538, 0.944547891617, 0.49532276392, 0.314976453781, 0.10533887893, 0.0256635528058, 0.00438450695947, 0.000475275650388, 4.47069760412e-05]
    },
    "gfcc": {
        "mean": [-133.235641479, 127.810264587, -97.6572799683, 13.9377222061, -52.6438789368, -1.48249948025, -41.5058403015, -5.15469455719, -27.606010437, -7.69841432571, -15.6560697556, -3.56476140022, -15.268242836],
        "cov": [[40421.0429688, -921.956481934, -1719.453125, 1144.69873047, -2106.74121094, 1001.2277832, -843.324768066, 958.250061035, -721.759338379, -118.351196289, -556.317687988, 193.013900757, -300.853759766], [-921.956481934, 3228.3605957, -371.087738037, -456.991668701, 621.528991699, -416.789245605, 216.631027222, -389.838317871, 104.308143616, -250.477859497, 183.954620361, -226.338821411, 108.144378662], [-1719.453125, -371.087738037, 841.203552246, -14.5945987701, -22.0839958191, 127.063026428, -96.9639129639, -9.57281494141, -24.8329963684, 56.2965354919, -51.8153686523, 78.8920974731, -25.1701774597], [1144.69873047, -456.991668701, -14.5945987701, 544.492248535, -58.3946495056, 70.3034286499, 65.7026824951, 62.5011367798, 20.6744556427, 35.9180717468, -9.14679718018, -6.68593025208, 25.2456054688], [-2106.74121094, 621.528991699, -22.0839958191, -58.3946495056, 429.857330322, -121.048957825, 129.838790894, -93.8709640503, 71.068649292, -40.2743682861, 44.778427124, -54.8819160461, 35.0381889343], [1001.2277832, -416.789245605, 127.063026428, 70.3034286499, -121.048957825, 241.225814819, 3.75395894051, 72.2442321777, -58.054359436, 23.243396759, -33.5327110291, 47.43151474, -18.4981880188], [-843.324768066, 216.631027222, -96.9639129639, 65.7026824951, 129.838790894, 3.75395894051, 249.614624023, -27.6749362946, 29.9551792145, -3.8693857193, 55.5241088867, -30.2346992493, 39.2047424316], [958.250061035, -389.838317871, -9.57281494141, 62.5011367798, -93.8709640503, 72.2442321777, -27.6749362946, 207.459503174, 11.2077512741, 44.5170936584, -20.0022773743, 32.5483398438, -19.2119312286], [-721.759338379, 104.308143616, -24.8329963684, 20.6744556427, 71.068649292, -58.054359436, 29.9551792145, 11.2077512741, 135.128128052, 23.6107196808, 20.1315231323, -26.947555542, 3.8811404705], [-118.351196289, -250.477859497, 56.2965354919, 35.9180717468, -40.2743682861, 23.243396759, -3.8693857193, 44.5170936584, 23.6107196808, 110.874107361, 14.7760133743, 22.2406787872, -16.1695156097], [-556.317687988, 183.954620361, -51.8153686523, -9.14679718018, 44.778427124, -33.5327110291, 55.5241088867, -20.0022773743, 20.1315231323, 14.7760133743, 111.731575012, -5.13953542709, 26.8889007568], [193.013900757, -226.338821411, 78.8920974731, -6.68593025208, -54.8819160461, 47.43151474, -30.2346992493, 32.5483398438, -26.947555542, 22.2406787872, -5.13953542709, 99.5223617554, -4.25382041931], [-300.853759766, 108.144378662, -25.1701774597, 25.2456054688, 35.0381889343, -18.4981880188, 39.2047424316, -19.2119312286, 3.8811404705, -16.1695156097, 26.8889007568, -4.25382041931, 84.5945587158]],
        "icov": [[8.82067906787e-05, -0.000208684621612, 0.000232639038586, -0.00028078421019, 0.00032650725916, -0.000330789014697, 0.000277721002931, -0.000312649150146, 0.000295003235806, -0.000129923311761, 0.000359353492968, -0.000190138918697, 0.000164059834788], [-0.000208684621612, 0.0012938620057, -0.000473280728329, 0.00112688017543, -0.00126686389558, 0.00114938325714, -0.000793460872956, 0.00129804282915, -0.000884733395651, 0.00141169258859, -0.00165933393873, 0.00122258195188, -0.000535434635822], [0.000232639038586, -0.000473280728329, 0.00221473397687, -0.0006725784624, 0.000318264152156, -0.00188553973567, 0.00149617588613, -8.35213213577e-05, 0.000541759131011, -0.00112893036567, 0.00137985788751, -0.00128967221826, 0.000291505944915], [-0.00028078421019, 0.00112688017543, -0.0006725784624, 0.00333448615856, -0.000943964987528, 0.00080267956946, -0.00164076650981, 0.000945954292547, -0.00145424611401, 0.000479469832499, -0.00105278706178, 0.00153323658742, -0.00152256921865], [0.00032650725916, -0.00126686389558, 0.000318264152156, -0.000943964987528, 0.0053940131329, -2.95991449093e-05, -0.000880600942764, -0.000911349954549, -5.52767414774e-05, -7.51040206524e-05, 0.00174958305433, -0.000696753675584, 0.000514687329996], [-0.000330789014697, 0.00114938325714, -0.00188553973567, 0.00080267956946, -2.95991449093e-05, 0.00854392815381, -0.00324069266208, -0.000384289654903, 0.00120313873049, 0.00105238484684, -0.000636350247078, -7.70129554439e-05, 0.000193157466128], [0.000277721002931, -0.000793460872956, 0.00149617588613, -0.00164076650981, -0.000880600942764, -0.00324069266208, 0.00736611150205, -0.000473770371173, 0.00045012802002, -0.0010459846817, -0.00084425258683, 8.6811487563e-05, -0.000876270351], [-0.000312649150146, 0.00129804282915, -8.35213213577e-05, 0.000945954292547, -0.000911349954549, -0.000384289654903, -0.000473770371173, 0.0082360804081, -0.00288678682409, -0.000493550905958, -0.00103830278385, -0.000208130208193, -0.000337322911946], [0.000295003235806, -0.000884733395651, 0.000541759131011, -0.00145424611401, -5.52767414774e-05, 0.00120313873049, 0.00045012802002, -0.00288678682409, 0.0113170687109, -0.00325202546082, 0.000952061673161, 0.00124068325385, 0.000816092651803], [-0.000129923311761, 0.00141169258859, -0.00112893036567, 0.000479469832499, -7.51040206524e-05, 0.00105238484684, -0.0010459846817, -0.000493550905958, -0.00325202546082, 0.0141010312364, -0.00449323980138, -0.000482169591123, 0.00213660812005], [0.000359353492968, -0.00165933393873, 0.00137985788751, -0.00105278706178, 0.00174958305433, -0.000636350247078, -0.00084425258683, -0.00103830278385, 0.000952061673161, -0.00449323980138, 0.0141889853403, -0.00237984815612, -0.00211657723412], [-0.000190138918697, 0.00122258195188, -0.00128967221826, 0.00153323658742, -0.000696753675584, -7.70129554439e-05, 8.6811487563e-05, -0.000208130208193, 0.00124068325385, -0.000482169591123, -0.00237984815612, 0.0143232066184, -0.00156858330593], [0.000164059834788, -0.000535434635822, 0.000291505944915, -0.00152256921865, 0.000514687329996, 0.000193157466128, -0.000876270351, -0.000337322911946, 0.000816092651803, 0.00213660812005, -0.00211657723412, -0.00156858330593, 0.0147535596043]]
    },
    "melbands": {
        "mean": [0.000236881300225, 0.00130228337366, 0.00136828876566, 0.00108703225851, 0.000523037102539, 0.000521009555086, 0.000351374445017, 0.000260719563812, 0.000120506862004, 9.9391763797e-05, 6.32044830127e-05, 6.64133622195e-05, 6.03762237006e-05, 6.50541478535e-05, 1.49292727656e-05, 2.70629316219e-05, 1.4760376871e-05, 1.36358785312e-05, 8.67818107508e-06, 7.69897178543e-06, 8.47623414302e-06, 8.4337161752e-06, 8.39475978864e-06, 5.99758777753e-06, 4.26055339631e-06, 5.39922393727e-06, 6.6610846261e-06, 2.15188265429e-06, 1.63184517987e-06, 2.68180224339e-06, 2.00007821149e-06, 2.16463763536e-06, 1.51521135194e-06, 9.51886306666e-07, 1.33666117108e-06, 9.19661260923e-07, 9.84941834759e-07, 6.83366636167e-07, 5.69646545046e-07, 3.59698503871e-07]
    },
    "melbands128": {
        "mean": [4.5972148655e-05, 9.37665972742e-05, 0.000229048688198, 0.00066543975845, 0.0015622661449, 0.00167081074324, 0.00113289093133, 0.0014137646649, 0.00152596842963, 0.00113410339691, 0.000803074450232, 0.000563420529943, 0.000448842882179, 0.000411799090216, 0.000697530980688, 0.00048286432866, 0.000283192202915, 0.00031395352562, 0.000498374050949, 0.000201243165066, 0.000219701600145, 0.000195658562006, 8.28633419587e-05, 8.35507235024e-05, 9.34027775656e-05, 0.000131049368065, 5.07592776557e-05, 5.70390438952e-05, 7.6994918345e-05, 3.2144394936e-05, 9.27358560148e-05, 7.83498689998e-05, 2.70427808573e-05, 6.5776577685e-05, 0.000116558105219, 4.69844089821e-05, 1.05766057459e-05, 1.53694454639e-05, 1.53052460519e-05, 2.56398288911e-05, 3.83175683965e-05, 1.2506226085e-05, 1.42536182466e-05, 1.42721619341e-05, 1.75493805727e-05, 1.27899202198e-05, 1.07841515273e-05, 1.062800402e-05, 6.5124968387e-06, 5.14793600814e-06, 8.59177453094e-06, 9.59844328463e-06, 8.13460883364e-06, 8.40940174385e-06, 8.2758406279e-06, 9.44790917856e-06, 7.19258878235e-06, 7.42844440538e-06, 8.57597933646e-06, 1.10737237264e-05, 4.66246592623e-06, 3.87900354326e-06, 4.59742932435e-06, 4.25290545536e-06, 3.37458232025e-06, 6.42380928184e-06, 4.45369323643e-06, 9.630481145e-06, 7.47866306483e-06, 1.97963458959e-06, 2.38069651459e-06, 2.09495851777e-06, 1.26841860038e-06, 1.40355405165e-06, 2.10925941246e-06, 2.96254279419e-06, 3.14264525514e-06, 1.88141098079e-06, 1.76236255811e-06, 2.02530964089e-06, 2.39125370172e-06, 2.0441475499e-06, 2.06048048312e-06, 1.46396337186e-06, 1.13969838367e-06, 8.66566381319e-07, 8.98629537005e-07, 1.05329570488e-06, 1.6114177015e-06, 1.24638359011e-06, 1.17889533158e-06, 6.73575016208e-07, 7.7038322388e-07, 1.02926856016e-06, 1.17128013244e-06, 8.36431922835e-07, 5.0005024832e-07, 5.74117564156e-07, 6.18463730007e-07, 5.85034342748e-07, 3.38593025617e-07, 3.40588428571e-07, 3.35297102083e-07, 3.39445421105e-07, 4.47006613058e-07, 3.62035734724e-07, 2.39917653744e-07, 2.02156712703e-07, 1.73399399728e-07, 1.45153379094e-07, 1.19612423077e-07, 9.49748013568e-08, 7.16836936476e-08, 5.71597702503e-08, 4.64970781877e-08, 3.81560170126e-08, 2.96939095534e-08, 2.16590567703e-08, 1.73739831411e-08, 1.33937447799e-08, 1.1750388218e-08, 9.20764176016e-09, 7.47223349862e-09, 4.77367789742e-09, 2.00281524698e-09, 3.08616715516e-10, 1.42886336443e-11, 2.90345004983e-12]
    },
    "mfcc": {
        "mean": [-776.473510742, 162.753143311, 11.1407594681, 19.0085506439, 5.42747592926, 0.531069934368, -5.17343139648, -0.366278707981, -9.44038677216, -8.63631153107, -4.67563056946, -4.81052875519, -4.40689182281],
        "cov": [[30864.7421875, -1572.84472656, -449.74697876, 62.4783821106, -860.489562988, -371.254821777, -230.125457764, 431.603851318, -30.450963974, -27.6262874603, -130.995315552, -37.1553688049, -51.741355896], [-1572.84472656, 3051.52563477, -443.314056396, 2.58833479881, 199.529846191, 10.5767612457, 36.1029319763, -63.0469284058, -82.6399765015, -106.008995056, -20.4211368561, -63.3765182495, -63.1765785217], [-449.74697876, -443.314056396, 744.98425293, -79.6650466919, 44.0824661255, 73.4593582153, -19.0055027008, 3.60927724838, -7.67724275589, -32.0689277649, 1.7028015852, -13.3175497055, 25.1677055359], [62.4783821106, 2.58833479881, -79.6650466919, 382.691009521, 43.771648407, 66.9125976562, 54.8076820374, 1.65057468414, 50.3257598877, 49.2874603271, -2.53474330902, 37.3104515076, -10.7452745438], [-860.489562988, 199.529846191, 44.0824661255, 43.771648407, 216.160903931, 10.2528448105, -13.1641874313, -2.65961670876, 13.392580986, 2.3310675621, 12.2719078064, -14.4979476929, -6.94730615616], [-371.254821777, 10.5767612457, 73.4593582153, 66.9125976562, 10.2528448105, 189.291213989, 65.2259674072, 9.77995491028, 15.4006748199, -1.14407265186, -0.711266875267, -1.73809802532, 1.56923258305], [-230.125457764, 36.1029319763, -19.0055027008, 54.8076820374, -13.1641874313, 65.2259674072, 186.181060791, 30.6341819763, 28.0283889771, 8.37463092804, -18.5847454071, 35.0606651306, 17.8601455688], [431.603851318, -63.0469284058, 3.60927724838, 1.65057468414, -2.65961670876, 9.77995491028, 30.6341819763, 117.322113037, 33.0157814026, 1.43131875992, 8.16829681396, 1.46346318722, 10.8380641937], [-30.450963974, -82.6399765015, -7.67724275589, 50.3257598877, 13.392580986, 15.4006748199, 28.0283889771, 33.0157814026, 108.064414978, 35.6572380066, 0.232107743621, 19.0727157593, 4.60040044785], [-27.6262874603, -106.008995056, -32.0689277649, 49.2874603271, 2.3310675621, -1.14407265186, 8.37463092804, 1.43131875992, 35.6572380066, 126.568817139, 31.8148288727, 20.5982246399, 0.11001445353], [-130.995315552, -20.4211368561, 1.7028015852, -2.53474330902, 12.2719078064, -0.711266875267, -18.5847454071, 8.16829681396, 0.232107743621, 31.8148288727, 99.7819747925, 21.2821025848, -0.397025406361], [-37.1553688049, -63.3765182495, -13.3175497055, 37.3104515076, -14.4979476929, -1.73809802532, 35.0606651306, 1.46346318722, 19.0727157593, 20.5982246399, 21.2821025848, 102.084075928, 27.0285320282], [-51.741355896, -63.1765785217, 25.1677055359, -10.7452745438, -6.94730615616, 1.56923258305, 17.8601455688, 10.8380641937, 4.60040044785, 0.11001445353, -0.397025406361, 27.0285320282, 84.2113952637]],
        "icov": [[4.22045886808e-05, 1.09444445116e-05, 1.30941407406e-05, -5.08423436258e-05, 0.000159920891747, 6.46069820505e-05, 8.06490861578e-05, -0.000194115666091, 4.96696702612e-05, 4.45944306193e-06, 6.48845889373e-05, 7.35307003197e-06, 3.88354528695e-05], [1.09444445116e-05, 0.000440120173153, 0.000320373714203, 6.7043598392e-05, -0.000450260355137, -9.07624635147e-05, -0.000180577510037, 0.000137454204378, 0.000256338942563, 0.000358551420504, -3.0947579944e-05, 0.000127829960547, 0.000179222537554], [1.30941407406e-05, 0.000320373714203, 0.0017576306127, 0.000467556557851, -0.000662924780045, -0.00089458131697, 0.000240886496613, 4.24636527896e-05, 0.000143121098517, 0.000471503706649, 2.27975942835e-05, 3.00338051602e-05, -0.000329778558807], [-5.08423436258e-05, 6.7043598392e-05, 0.000467556557851, 0.0034825860057, -0.00105138251092, -0.00131250277627, -0.000365741638234, 0.000488102872623, -0.000811750011053, -0.000887039292138, 0.000587874674238, -0.00122356810607, 0.000717159709893], [0.000159920891747, -0.000450260355137, -0.000662924780045, -0.00105138251092, 0.00620470335707, 0.000475169945275, 0.000775549735408, -0.00060872209724, -0.00088594830595, -1.86605529962e-06, -0.000679614196997, 0.00102711014915, -4.31462212873e-05], [6.46069820505e-05, -9.07624635147e-05, -0.00089458131697, -0.00131250277627, 0.000475169945275, 0.00706423353404, -0.00237454893067, -6.28263442195e-05, -0.000364463630831, 0.000518654589541, -0.000875255442224, 0.00147137860768, 3.35999429808e-05], [8.06490861578e-05, -0.000180577510037, 0.000240886496613, -0.000365741638234, 0.000775549735408, -0.00237454893067, 0.00773727335036, -0.00215672887862, -0.00038958559162, -0.000488170684548, 0.00227436888963, -0.00262222718447, -0.000585477799177], [-0.000194115666091, 0.000137454204378, 4.24636527896e-05, 0.000488102872623, -0.00060872209724, -6.28263442195e-05, -0.00215672887862, 0.0110877975821, -0.00352941663004, 0.00120862340555, -0.00216220319271, 0.00154674716759, -0.0013006075751], [4.96696702612e-05, 0.000256338942563, 0.000143121098517, -0.000811750011053, -0.00088594830595, -0.000364463630831, -0.00038958559162, -0.00352941663004, 0.0124552566558, -0.00301376939751, 0.0016996342456, -0.00163513701409, 0.000403386016842], [4.45944306193e-06, 0.000358551420504, 0.000471503706649, -0.000887039292138, -1.86605529962e-06, 0.000518654589541, -0.000488170684548, 0.00120862340555, -0.00301376939751, 0.0104160653427, -0.00343267084099, -8.54458630783e-05, 0.000118068310258], [6.48845889373e-05, -3.0947579944e-05, 2.27975942835e-05, 0.000587874674238, -0.000679614196997, -0.000875255442224, 0.00227436888963, -0.00216220319271, 0.0016996342456, -0.00343267084099, 0.0126525815576, -0.00358682218939, 0.000963518978097], [7.35307003197e-06, 0.000127829960547, 3.00338051602e-05, -0.00122356810607, 0.00102711014915, 0.00147137860768, -0.00262222718447, 0.00154674716759, -0.00163513701409, -8.54458630783e-05, -0.00358682218939, 0.0134828314185, -0.00390522368252], [3.88354528695e-05, 0.000179222537554, -0.000329778558807, 0.000717159709893, -4.31462212873e-05, 3.35999429808e-05, -0.000585477799177, -0.0013006075751, 0.000403386016842, 0.000118068310258, 0.000963518978097, -0.00390522368252, 0.0137464115396]]
    },
    "spectral_contrast_coeffs": {
        "mean": [-0.678477048874, -0.72666478157, -0.748760163784, -0.793388307095, -0.785753369331, -0.800987005234]
    },
    "spectral_contrast_valleys": {
        "mean": [-7.46350193024, -7.69947719574, -8.70683097839, -9.15233802795, -9.52770996094, -11.9642105103]
    }
},
"rhythm": {
    "beats_count": 634,
    "beats_loudness": {
        "mean": 0.0252856090665
    },
    "bpm": 125.926750183,
    "bpm_histogram_first_peak_bpm": 126,
    "bpm_histogram_first_peak_weight": 0.480075895786,
    "bpm_histogram_second_peak_bpm": 120,
    "bpm_histogram_second_peak_spread": 0.238805949688,
    "bpm_histogram_second_peak_weight": 0.0805687233806,
    "danceability": 1.00372731686,
    "onset_rate": 2.42525243759,
    "beats_loudness_band_ratio": {
        "mean": [0.4892796278, 0.307807862759, 0.139156743884, 0.069012619555, 0.0316616371274, 0.0373286902905]
    },
    "beats_position": [0.49922901392, 1.01006805897, 1.49768710136, 1.97369611263, 2.4497051239, 2.92571425438, 3.40172338486, 3.87773227692, 4.35374164581, 4.82975053787, 5.30575942993, 5.78176879883, 6.24616765976, 6.72217655182, 7.18657588959, 7.66258478165, 8.12698364258, 8.60299301147, 9.07900238037, 9.55501079559, 10.0310201645, 10.4954195023, 10.95981884, 11.4474372864, 11.9350566864, 12.4110651016, 12.8870744705, 13.3630838394, 13.8390922546, 14.3151016235, 14.7911109924, 15.2671203613, 15.7431287766, 16.2191371918, 16.6951465607, 17.1595458984, 17.6355552673, 18.1115646362, 18.5875740051, 19.0635814667, 19.5512008667, 20.0272102356, 20.5032196045, 20.9792289734, 21.4552383423, 21.942855835, 22.4188652039, 22.9064846039, 23.3824939728, 23.8468933105, 24.3229026794, 24.7989120483, 25.2633094788, 25.7393188477, 26.2153282166, 26.6913375854, 27.1673469543, 27.6549663544, 28.142583847, 28.6185932159, 29.0946025848, 29.5706119537, 30.0466213226, 30.5226306915, 30.9986381531, 31.474647522, 31.9506568909, 32.4266662598, 32.9026756287, 33.3786849976, 33.8546943665, 34.3307037354, 34.8067131042, 35.2827186584, 35.7587280273, 36.2231292725, 36.6875267029, 37.1635360718, 37.6395454407, 38.1271629333, 38.6147842407, 39.0791816711, 39.5435829163, 40.0195922852, 40.4956016541, 40.9716110229, 41.4476165771, 41.923625946, 42.3996353149, 42.8640365601, 43.340045929, 43.8160552979, 44.2804527283, 44.7564620972, 45.2324714661, 45.708480835, 46.1844902039, 46.6604995728, 47.1365089417, 47.6125144958, 48.0885238647, 48.5529251099, 49.0173225403, 49.4933319092, 49.9693412781, 50.445350647, 50.9213600159, 51.3973693848, 51.8733787537, 52.3493881226, 52.8253974915, 53.2897949219, 53.7658042908, 54.2302017212, 54.7062110901, 55.182220459, 55.6582298279, 56.122631073, 56.5986366272, 57.0746459961, 57.550655365, 58.0266647339, 58.5026741028, 58.9786834717, 59.4430847168, 59.9074821472, 60.3718795776, 60.8478889465, 61.3238983154, 61.7999076843, 62.2759170532, 62.7519264221, 63.227935791, 63.7039451599, 64.1799545288, 64.655960083, 65.1435852051, 65.6312026978, 66.1188201904, 66.6064376831, 67.1056671143, 67.6048965454, 68.1041259766, 68.6033554077, 69.0909729004, 69.5785903931, 70.0546035767, 70.5422210693, 71.029838562, 71.5058517456, 71.9818572998, 72.4578704834, 72.9338760376, 73.3982772827, 73.8742828369, 74.3502960205, 74.8379135132, 75.3139190674, 75.789932251, 76.2543258667, 76.7303390503, 77.2063446045, 77.6823577881, 78.1583633423, 78.6343765259, 79.1103820801, 79.5863952637, 80.0624008179, 80.5500183105, 81.0144195557, 81.4788208008, 81.954826355, 82.4424438477, 82.9184570312, 83.3944625854, 83.870475769, 84.3580932617, 84.8457107544, 85.321723938, 85.7977294922, 86.2737426758, 86.74974823, 87.2257614136, 87.7017669678, 88.177772522, 88.6537857056, 89.1297912598, 89.6058044434, 90.0818099976, 90.5578231812, 91.0222167969, 91.4982299805, 91.9742355347, 92.4502487183, 92.9262542725, 93.4138793945, 93.8898849487, 94.3658905029, 94.8419036865, 95.3179092407, 95.8055343628, 96.281539917, 96.7575454712, 97.2335586548, 97.709564209, 98.1855773926, 98.6615829468, 99.1259841919, 99.6019973755, 100.07800293, 100.554008484, 101.018409729, 101.494422913, 101.958816528, 102.434829712, 102.910835266, 103.38684845, 103.862854004, 104.338867188, 104.814872742, 105.290885925, 105.766891479, 106.231292725, 106.69568634, 107.183311462, 107.659317017, 108.1353302, 108.611335754, 109.087341309, 109.563354492, 110.039360046, 110.503761292, 110.979774475, 111.455780029, 111.931785583, 112.407798767, 112.883804321, 113.359817505, 113.82421875, 114.300224304, 114.776237488, 115.252243042, 115.728248596, 116.20426178, 116.680267334, 117.144668579, 117.609069824, 118.085075378, 118.561088562, 119.048706055, 119.5131073, 119.989112854, 120.465126038, 120.941131592, 121.417137146, 121.881538391, 122.357551575, 122.833557129, 123.297958374, 123.773963928, 124.249977112, 124.714370728, 125.178771973, 125.643173218, 126.13079071, 126.606803894, 127.082809448, 127.547210693, 128.023223877, 128.487609863, 128.963623047, 129.428024292, 129.892425537, 130.368438721, 130.832824707, 131.297225952, 131.773239136, 132.237640381, 132.690429688, 133.143218994, 133.607620239, 134.072021484, 134.536407471, 135.000808716, 135.465209961, 135.929611206, 136.394012451, 136.846801758, 137.299591064, 137.76399231, 138.228393555, 138.692779541, 139.157180786, 139.63319397, 140.085983276, 140.550384521, 141.014785767, 141.490783691, 141.955184937, 142.407974243, 142.872375488, 143.313552856, 143.777954102, 144.242355347, 144.706756592, 145.171157837, 145.647155762, 146.123168945, 146.58757019, 147.051971436, 147.516372681, 147.980773926, 148.445159912, 148.909561157, 149.373962402, 149.838363647, 150.302764893, 150.755554199, 151.219955444, 151.672744751, 152.137145996, 152.613143921, 153.089157104, 153.55355835, 154.017959595, 154.48236084, 154.935150146, 155.387939453, 155.852325439, 156.316726685, 156.78112793, 157.245529175, 157.70993042, 158.151107788, 158.615509033, 159.091522217, 159.567520142, 160.043533325, 160.519546509, 160.995559692, 161.483169556, 161.959182739, 162.435195923, 162.911193848, 163.387207031, 163.863220215, 164.339233398, 164.815231323, 165.279632568, 165.744033813, 166.208435059, 166.684448242, 167.160446167, 167.636459351, 168.112472534, 168.600082397, 169.08770752, 169.575332642, 170.051330566, 170.52734375, 170.991744995, 171.467758179, 171.943756104, 172.408157349, 172.872558594, 173.348571777, 173.812973022, 174.288970947, 174.764984131, 175.240997314, 175.728607178, 176.2162323, 176.703857422, 177.203079224, 177.713912964, 178.213150024, 178.712371826, 179.211608887, 179.722442627, 180.210067749, 180.697677612, 181.162078857, 181.626480103, 182.102493286, 182.57850647, 183.066116333, 183.542129517, 184.029754639, 184.517364502, 184.993377686, 185.480987549, 185.968612671, 186.456237793, 186.943847656, 187.41986084, 187.895874023, 188.371871948, 188.847885132, 189.335510254, 189.823120117, 190.310745239, 190.809967041, 191.309204102, 191.808425903, 192.307662964, 192.806884766, 193.271286011, 193.735687256, 194.200088501, 194.676101685, 195.140487671, 195.604888916, 196.069290161, 196.533691406, 196.998092651, 197.462493896, 197.93850708, 198.414505005, 198.890518188, 199.320083618, 199.749649048, 200.179229736, 200.6668396, 201.16607666, 201.665298462, 202.152923584, 202.640533447, 203.128158569, 203.604171753, 204.080184937, 204.544570923, 205.008972168, 205.484985352, 205.960998535, 206.42539978, 206.913009644, 207.400634766, 207.888244629, 208.375869751, 208.863494873, 209.351104736, 209.838729858, 210.326339722, 210.813964844, 211.301589966, 211.789199829, 212.276824951, 212.752838135, 213.22883606, 213.716461182, 214.15763855, 214.587203979, 215.016769409, 215.457962036, 215.899139404, 216.340316772, 216.793106079, 217.303939819, 217.81477356, 218.325622559, 218.813232422, 219.289245605, 219.765258789, 220.241271973, 220.728881836, 221.20489502, 221.692520142, 222.180130005, 222.656143188, 223.143753052, 223.642990112, 224.142211914, 224.653060913, 225.152282715, 225.651519775, 226.162353516, 226.661590576, 227.160812378, 227.66003418, 228.15927124, 228.646896362, 229.134506226, 229.622131348, 230.109741211, 230.585754395, 231.061767578, 231.537780762, 232.025390625, 232.513015747, 233.00062561, 233.488250732, 233.987472534, 234.475097656, 234.939498901, 235.415512085, 235.89151001, 236.367523193, 236.843536377, 237.319549561, 237.795547485, 238.25994873, 238.724349976, 239.188751221, 239.676361084, 240.163986206, 240.651611328, 241.15083313, 241.65007019, 242.149291992, 242.636917114, 243.124526978, 243.623764038, 244.111373901, 244.598999023, 245.075012207, 245.551010132, 246.027023315, 246.514648438, 247.002258301, 247.489883423, 247.965896606, 248.45350647, 248.95274353, 249.451965332, 249.939590454, 250.427200317, 250.926437378, 251.42565918, 251.913284302, 252.400909424, 252.888519287, 253.376144409, 253.863754272, 254.351379395, 254.839004517, 255.32661438, 255.814239502, 256.290252686, 256.777862549, 257.265472412, 257.753112793, 258.240722656, 258.72833252, 259.204345703, 259.691955566, 260.16796875, 260.643981934, 261.131591797, 261.619232178, 262.118438721, 262.606079102, 263.116912842, 263.627746582, 264.138580322, 264.637817383, 265.137054443, 265.636291504, 266.123901367, 266.61151123, 267.099121094, 267.586761475, 268.062774658, 268.538757324, 269.026397705, 269.514007568, 270.013244629, 270.524078369, 271.02331543, 271.522521973, 272.021759033, 272.509368896, 272.997009277, 273.484619141, 273.972229004, 274.448242188, 274.924255371, 275.411865234, 275.899505615, 276.387115479, 276.874725342, 277.373962402, 277.873199463, 278.384033203, 278.894866943, 279.382476807, 279.870117188, 280.346130371, 280.822113037, 281.298126221, 281.774139404, 282.261749268, 282.749389648, 283.236999512, 283.724609375, 284.212249756, 284.699859619, 285.187469482, 285.675109863, 286.174316406, 286.673553467, 287.196014404, 287.706848145, 288.217681885, 288.705291748, 289.192932129, 289.680541992, 290.168151855, 290.667388916, 291.166625977, 291.66583252, 292.16506958, 292.664306641, 293.151916504, 293.651153564, 294.150390625, 294.672821045, 295.195281982, 295.717712402, 296.205352783, 296.692962646, 297.16897583, 297.552093506, 297.935241699, 298.306762695, 298.678283691, 299.049804688, 299.421295166, 299.792816162, 300.164337158, 300.535858154, 300.90737915, 301.278900146, 301.650421143, 302.033569336],
    "bpm_histogram": [0, 0, 0, 0, 0, 0, 0, 0, 0, 0, 0, 0, 0, 0, 0, 0, 0, 0, 0, 0, 0, 0, 0, 0, 0, 0, 0, 0, 0, 0, 0, 0, 0, 0, 0, 0, 0, 0, 0, 0, 0, 0, 0, 0, 0, 0, 0, 0, 0, 0, 0, 0, 0, 0, 0, 0, 0, 0, 0, 0, 0, 0, 0, 0, 0, 0, 0, 0, 0, 0, 0, 0, 0, 0, 0, 0, 0, 0, 0, 0, 0, 0, 0, 0, 0, 0, 0, 0, 0, 0, 0, 0, 0, 0, 0, 0, 0, 0, 0, 0, 0, 0, 0, 0, 0, 0, 0, 0, 0, 0, 0, 0, 0, 0, 0, 0.00631911540404, 0, 0.0252764616162, 0, 0, 0.0805687233806, 0, 0, 0.221169039607, 0, 0, 0.432859390974, 0, 0, 0.178515002131, 0, 0, 0, 0.0173775665462, 0, 0, 0.00947867333889, 0, 0, 0, 0.00789889413863, 0, 0, 0, 0, 0, 0, 0, 0, 0, 0, 0, 0, 0, 0, 0, 0, 0.00473933666945, 0, 0, 0, 0.014218009077, 0.00157977885101, 0, 0, 0, 0, 0, 0, 0, 0, 0, 0, 0, 0, 0, 0, 0, 0, 0, 0, 0, 0, 0, 0, 0, 0, 0, 0, 0, 0, 0, 0, 0, 0, 0, 0, 0, 0, 0, 0, 0, 0, 0, 0, 0, 0, 0, 0, 0, 0, 0, 0, 0, 0, 0, 0, 0, 0, 0, 0, 0, 0, 0, 0, 0, 0, 0, 0, 0, 0, 0, 0, 0, 0, 0, 0, 0, 0, 0, 0, 0, 0, 0, 0, 0, 0, 0, 0, 0]
},
"tonal": {
    "chords_changes_rate": 0.0360540039837,
    "chords_number_rate": 0.00153421296272,
    "chords_strength": {
        "mean": 0.54682135582
    },
    "hpcp_crest": {
        "mean": 15.1047925949
    },
    "hpcp_entropy": {
        "mean": 1.74192976952
    },
    "key_edma": {
        "strength": 0.796127259731,
        "key": "F#",
        "scale": "major"
    },
    "key_krumhansl": {
        "strength": 0.782805919647,
        "key": "F#",
        "scale": "major"
    },
    "key_temperley": {
        "strength": 0.759498238564,
        "key": "F#",
        "scale": "major"
    },
    "tuning_diatonic_strength": 0.572423040867,
    "tuning_equal_tempered_deviation": 0.0132527360693,
    "tuning_frequency": 441.017791748,
    "tuning_nontempered_energy_ratio": 0.622305631638,
    "hpcp": {
        "mean": [0.0450537726283, 0.0677272304893, 0.238754928112, 0.34844148159, 0.177069380879, 0.0390363223851, 0.0257998332381, 0.0262426752597, 0.0655335113406, 0.0960672721267, 0.0828706845641, 0.184395983815, 0.296351402998, 0.170439556241, 0.0408065095544, 0.0344148278236, 0.0350087545812, 0.0666024014354, 0.0957136973739, 0.0668950676918, 0.0341368243098, 0.0294491220266, 0.0450993962586, 0.172305673361, 0.239488244057, 0.136979937553, 0.166273698211, 0.240124329925, 0.151372864842, 0.0730556771159, 0.0613815709949, 0.0615492649376, 0.143085107207, 0.227815717459, 0.151025056839, 0.0532823987305]
    },
    "chords_histogram": [24.7468547821, 29.2114143372, 20.1288738251, 1.65694999695, 8.11598682404, 0.184105560184, 0.0767106488347, 0, 2.85363602638, 0, 0.506290256977, 1.58023929596, 0.521632373333, 0, 0.291500449181, 0.214789807796, 0, 6.82724761963, 0, 1.13531756401, 0, 0, 0, 1.94845044613],
    "thpcp": [1, 0.508175373077, 0.112031213939, 0.0740435197949, 0.0753144398332, 0.188076093793, 0.275705605745, 0.237832427025, 0.529202163219, 0.850505530834, 0.489148288965, 0.117111511528, 0.0987678840756, 0.100472405553, 0.191143721342, 0.27469086647, 0.191983655095, 0.0979700386524, 0.0845166966319, 0.129431769252, 0.49450391531, 0.687312662601, 0.393121778965, 0.477192610502, 0.689138174057, 0.434428364038, 0.20966412127, 0.176160350442, 0.176641613245, 0.410643160343, 0.653813421726, 0.433430194855, 0.15291634202, 0.129300832748, 0.194371894002, 0.685208082199],
    "chords_key": "Bb",
    "chords_scale": "minor"
}
}