{
"metadata": {
    "version": {
        "essentia": "2.1-beta6-dev",
        "essentia_git_sha": "v2.1_beta5-1177-g1d1cc983",
        "extractor": "music 2.0"
    },
    "audio_properties": {
        "analysis": {
            "equal_loudness": 0,
            "length": 189.306671143,
            "sample_rate": 44100,
            "start_time": 0,
            "downmix": "mix"
        },
        "bit_rate": 1411200,
        "length": 189.306671143,
        "lossless": 1,
        "number_channels": 2,
        "replay_gain": -14.6464500427,
        "sample_rate": 44100,
        "codec": "pcm_s16le",
        "md5_encoded": "e4d25a324ac0a4cec5705dbd3f2d501c"
    },
    "tags": {
        "file_name": "08 - Manchester Orchestra - Trees.wav",
        "album": ["Cope (Deluxe Version)"],
        "albumartist": ["Manchester Orchestra"],
        "artist": ["Manchester Orchestra"],
        "composer": ["Andy Hull"],
        "copyright": ["℗ 2013 Seven Four Entertainment and Republic Records"],
        "date": ["2012"],
        "discnumber": ["1"],
        "disctotal": ["1"],
        "genre": ["Alternative & Indie"],
        "isrc": ["USUG11301018"],
        "title": ["Trees"],
        "tracknumber": ["8"],
        "tracktotal": ["13"]
    }
},
"lowlevel": {
    "average_loudness": 0.969001412392,
    "barkbands_crest": {
        "mean": 8.81316375732
    },
    "barkbands_flatness_db": {
        "mean": 0.132249474525
    },
    "barkbands_kurtosis": {
        "mean": 3.62167787552
    },
    "barkbands_skewness": {
        "mean": 1.36277735233
    },
    "barkbands_spread": {
        "mean": 21.7604751587
    },
    "dissonance": {
        "mean": 0.472626179457
    },
    "dynamic_complexity": 2.54900836945,
    "erbbands_crest": {
        "mean": 8.77408599854
    },
    "erbbands_flatness_db": {
        "mean": 0.160477459431
    },
    "erbbands_kurtosis": {
        "mean": 0.401698112488
    },
    "erbbands_skewness": {
        "mean": 0.0812032297254
    },
    "erbbands_spread": {
        "mean": 33.4260597229
    },
    "hfc": {
        "mean": 23.4065074921
    },
    "loudness_ebu128": {
        "integrated": -6.55711078644,
        "loudness_range": 3.04702854156,
        "momentary": {
            "mean": -7.55440235138
        },
        "short_term": {
            "mean": -7.04437112808
        }
    },
    "melbands_crest": {
        "mean": 14.374625206
    },
    "melbands_flatness_db": {
        "mean": 0.203015580773
    },
    "melbands_kurtosis": {
        "mean": 11.3754386902
    },
    "melbands_skewness": {
        "mean": 2.41304206848
    },
    "melbands_spread": {
        "mean": 23.2842292786
    },
    "pitch_salience": {
        "mean": 0.551199018955
    },
    "silence_rate_20dB": {
        "mean": 1
    },
    "silence_rate_30dB": {
        "mean": 0.999877333641
    },
    "silence_rate_60dB": {
        "mean": 0.0364238396287
    },
    "spectral_centroid": {
        "mean": 1337.61914062
    },
    "spectral_complexity": {
        "mean": 27.3074569702
    },
    "spectral_decrease": {
        "mean": -9.35599686613e-09
    },
    "spectral_energy": {
        "mean": 0.0374346189201
    },
    "spectral_energyband_high": {
        "mean": 0.000463513744762
    },
    "spectral_energyband_low": {
        "mean": 0.0166935566813
    },
    "spectral_energyband_middle_high": {
        "mean": 0.00883101020008
    },
    "spectral_energyband_middle_low": {
        "mean": 0.0135428253561
    },
    "spectral_entropy": {
        "mean": 7.55906820297
    },
    "spectral_flux": {
        "mean": 0.0941827893257
    },
    "spectral_kurtosis": {
        "mean": 5.40514278412
    },
    "spectral_rms": {
        "mean": 0.00576380407438
    },
    "spectral_rolloff": {
        "mean": 1270.80322266
    },
    "spectral_skewness": {
        "mean": 1.55413782597
    },
    "spectral_spread": {
        "mean": 3492714.75
    },
    "spectral_strongpeak": {
        "mean": 0.936165690422
    },
    "zerocrossingrate": {
        "mean": 0.0474813096225
    },
    "barkbands": {
        "mean": [6.81653036736e-05, 0.00837689451873, 0.00679926015437, 0.00272106472403, 0.00325533212163, 0.00235458603129, 0.00140841875691, 0.00110903882887, 0.00137511687353, 0.00221108598635, 0.00155077083036, 0.000906627508812, 0.00070518971188, 0.000816727813799, 0.000542344001587, 0.000504175317474, 0.000897182500921, 0.000825634633657, 0.000426915008575, 0.000247886229772, 0.00014560559066, 8.77986094565e-05, 3.72768336092e-05, 4.00207136408e-05, 1.46977517943e-05, 5.37400046596e-06, 1.41253224228e-06]
    },
    "erbbands": {
        "mean": [0.115860760212, 2.31930589676, 8.08092784882, 8.50849628448, 10.7484693527, 9.44528770447, 15.1597509384, 19.3950042725, 21.5971126556, 20.4229393005, 25.9381103516, 33.6318016052, 72.0175094604, 63.97914505, 49.3679275513, 39.4577445984, 32.1736221313, 48.378944397, 28.7277431488, 27.2514324188, 35.3032951355, 44.0976867676, 49.8300895691, 30.4891471863, 15.6683645248, 12.1964416504, 8.54076862335, 4.01785469055, 3.37131309509, 1.73460900784, 1.1040750742, 0.957217812538, 0.562267124653, 0.227951452136, 0.0732041820884, 0.0292211603373, 0.00860078353435, 0.00183939398266, 0.000257548264926, 5.57783350814e-05]
    },
    "gfcc": {
        "mean": [15.2174530029, 113.406394958, -127.572807312, 33.7150993347, -46.2115745544, 7.34363698959, -29.3356723785, 9.77820587158, -20.100894928, -4.85447502136, -13.3924560547, -1.94078397751, -10.7307567596],
        "cov": [[7950.171875, -63.4339332581, -571.621582031, 504.310974121, -16.089963913, 341.783508301, -0.553530156612, 161.837188721, -82.0458450317, 50.4658508301, 47.8068771362, 10.6410236359, -178.385253906], [-63.4339332581, 466.716247559, 93.4462738037, -7.32046175003, 113.490196228, 9.26054573059, 70.2770080566, -36.4792518616, 39.5939559937, -47.9564933777, 11.6254091263, -59.8481826782, 4.98626327515], [-571.621582031, 93.4462738037, 662.735046387, 102.625999451, 129.223419189, 86.3255767822, 2.53568005562, -11.9753551483, 25.923707962, -4.14995336533, -37.3028259277, -23.8903255463, -24.2118473053], [504.310974121, -7.32046175003, 102.625999451, 280.115844727, 48.6417160034, -11.7190389633, -21.802690506, 13.9973659515, 30.447385788, -11.7228622437, 8.0460691452, -1.33028042316, -7.54642820358], [-16.089963913, 113.490196228, 129.223419189, 48.6417160034, 190.750686646, 38.213394165, 46.636390686, 10.926867485, 20.9062576294, 8.7212972641, -1.79806363583, -11.0443897247, -12.9571170807], [341.783508301, 9.26054573059, 86.3255767822, -11.7190389633, 38.213394165, 181.785354614, 40.8651695251, 5.70382118225, 3.43441700935, -0.90090405941, 8.55437088013, -12.0365352631, -21.5017566681], [-0.553530156612, 70.2770080566, 2.53568005562, -21.802690506, 46.636390686, 40.8651695251, 107.681846619, 34.2934570312, 12.1812477112, 4.34206962585, 9.0219745636, -4.0092048645, 4.04220628738], [161.837188721, -36.4792518616, -11.9753551483, 13.9973659515, 10.926867485, 5.70382118225, 34.2934570312, 80.9499969482, 30.0014591217, 17.0569438934, 5.72451305389, 13.9176969528, 8.11768054962], [-82.0458450317, 39.5939559937, 25.923707962, 30.447385788, 20.9062576294, 3.43441700935, 12.1812477112, 30.0014591217, 67.7657241821, 12.2287130356, 7.58912086487, -1.46689164639, 8.35943698883], [50.4658508301, -47.9564933777, -4.14995336533, -11.7228622437, 8.7212972641, -0.90090405941, 4.34206962585, 17.0569438934, 12.2287130356, 68.8588943481, 21.2048244476, 10.2718725204, -5.2519993782], [47.8068771362, 11.6254091263, -37.3028259277, 8.0460691452, -1.79806363583, 8.55437088013, 9.0219745636, 5.72451305389, 7.58912086487, 21.2048244476, 59.1079711914, 24.6180267334, 3.17861843109], [10.6410236359, -59.8481826782, -23.8903255463, -1.33028042316, -11.0443897247, -12.0365352631, -4.0092048645, 13.9176969528, -1.46689164639, 10.2718725204, 24.6180267334, 57.0711593628, 19.3984127045], [-178.385253906, 4.98626327515, -24.2118473053, -7.54642820358, -12.9571170807, -21.5017566681, 4.04220628738, 8.11768054962, 8.35943698883, -5.2519993782, 3.17861843109, 19.3984127045, 50.4468040466]],
        "icov": [[0.000390190660255, -0.000949369743466, 0.000729061372112, -0.00124705734197, 0.000506299897097, -0.00138150865678, 0.000774953339715, -0.00151022337377, 0.00161311589181, -0.00130876142066, 0.00152274896391, -0.00142051407602, 0.00140580965672], [-0.000949369743466, 0.00763377733529, -0.00234667235054, 0.00424950523302, -0.003804594744, 0.00506805581972, -0.00471365032718, 0.00700564309955, -0.00751099316403, 0.00804836861789, -0.00930124148726, 0.00974633544683, -0.00524805113673], [0.000729061372112, -0.00234667235054, 0.00349491112866, -0.00307496008463, 0.000143567027408, -0.00374429416843, 0.00208756141365, -0.00240694265813, 0.00269440934062, -0.00337617751211, 0.00526759400964, -0.00386379729025, 0.00304424436763], [-0.00124705734197, 0.00424950523302, -0.00307496008463, 0.00883050169796, -0.00334060518071, 0.0055277524516, -0.00125188543461, 0.00408628210425, -0.00738376751542, 0.0073301861994, -0.00822714995593, 0.00644782651216, -0.00401811068878], [0.000506299897097, -0.003804594744, 0.000143567027408, -0.00334060518071, 0.00930355023593, -0.00282559008338, -0.00126247736625, -0.00242082145996, 0.00256222859025, -0.00517272064462, 0.00544988131151, -0.00513656483963, 0.00408018752933], [-0.00138150865678, 0.00506805581972, -0.00374429416843, 0.0055277524516, -0.00282559008338, 0.0125084063038, -0.00591518450528, 0.00612774072215, -0.00685805501416, 0.00738651864231, -0.00946512352675, 0.00783496722579, -0.00277363066562], [0.000774953339715, -0.00471365032718, 0.00208756141365, -0.00125188543461, -0.00126247736625, -0.00591518450528, 0.0176293049008, -0.011479482986, 0.00627659074962, -0.00357017782517, 0.00238065631129, -0.00222729681991, 0.000904720393009], [-0.00151022337377, 0.00700564309955, -0.00240694265813, 0.00408628210425, -0.00242082145996, 0.00612774072215, -0.011479482986, 0.0277603361756, -0.0161191690713, 0.00413285894319, -0.0043283905834, 0.0026346098166, -0.00577293336391], [0.00161311589181, -0.00751099316403, 0.00269440934062, -0.00738376751542, 0.00256222859025, -0.00685805501416, 0.00627659074962, -0.0161191690713, 0.0298897158355, -0.010799289681, 0.0063243964687, -0.00438434025273, 0.0016712382203], [-0.00130876142066, 0.00804836861789, -0.00337617751211, 0.0073301861994, -0.00517272064462, 0.00738651864231, -0.00357017782517, 0.00413285894319, -0.010799289681, 0.0276515521109, -0.0171959605068, 0.00975461211056, -0.00250566401519], [0.00152274896391, -0.00930124148726, 0.00526759400964, -0.00822714995593, 0.00544988131151, -0.00946512352675, 0.00238065631129, -0.0043283905834, 0.0063243964687, -0.0171959605068, 0.0385418459773, -0.0243656150997, 0.00957525894046], [-0.00142051407602, 0.00974633544683, -0.00386379729025, 0.00644782651216, -0.00513656483963, 0.00783496722579, -0.00222729681991, 0.0026346098166, -0.00438434025273, 0.00975461211056, -0.0243656150997, 0.0410236082971, -0.0175992008299], [0.00140580965672, -0.00524805113673, 0.00304424436763, -0.00401811068878, 0.00408018752933, -0.00277363066562, 0.000904720393009, -0.00577293336391, 0.0016712382203, -0.00250566401519, 0.00957525894046, -0.0175992008299, 0.0325212627649]]
    },
    "melbands": {
        "mean": [0.00169525563251, 0.00383958453313, 0.0015738341026, 0.000694573740475, 0.000510338228196, 0.000441181007773, 0.000326718640281, 0.00022088336118, 0.000209664925933, 0.000220789661398, 0.000352712959284, 0.00024445890449, 0.000167757301824, 0.000120207383588, 7.25745339878e-05, 7.88761899457e-05, 9.17100405786e-05, 4.37716335e-05, 3.92165711673e-05, 3.61359452654e-05, 4.42961936642e-05, 4.67963873234e-05, 5.13215709361e-05, 3.63046456187e-05, 2.39363234869e-05, 1.31246097226e-05, 8.40602660901e-06, 7.94739571575e-06, 6.03480611971e-06, 3.37216670232e-06, 1.92109996533e-06, 1.98285215447e-06, 1.54674410169e-06, 7.28306929432e-07, 6.27597614766e-07, 6.09204619195e-07, 5.72092915263e-07, 4.32645151704e-07, 2.76115059705e-07, 1.6127312108e-07]
    },
    "melbands128": {
        "mean": [6.3351537392e-05, 0.000510009413119, 0.00205810158513, 0.0045213974081, 0.00469406088814, 0.00297539401799, 0.00169505085796, 0.00130646536127, 0.00117501337081, 0.000568671675865, 0.000474529835628, 0.000525757204741, 0.000569519994315, 0.000425210368121, 0.000436345057096, 0.000467048637802, 0.000386889849324, 0.000289364776108, 0.000282427819911, 0.000206384429475, 0.000210575468373, 0.000187352459761, 0.000255305116298, 0.000166382887983, 0.000173648222699, 0.000257643143414, 0.000278765917756, 0.000553463469259, 0.000174245229573, 0.000197306551854, 0.000337673758622, 0.000219155786908, 8.74315883266e-05, 0.000230757461395, 8.90016817721e-05, 0.000109957050881, 0.000124074344058, 5.62508321309e-05, 5.65229238418e-05, 6.2548344431e-05, 9.00581144379e-05, 9.12759132916e-05, 9.80844924925e-05, 0.000104038343125, 3.02115422528e-05, 4.00590943173e-05, 4.61224044557e-05, 4.16828333982e-05, 3.40359147231e-05, 3.4551070712e-05, 3.71511414414e-05, 3.86803221772e-05, 3.05551038764e-05, 5.14411694894e-05, 6.69166547596e-05, 4.32824854215e-05, 2.66637925961e-05, 5.97385806032e-05, 5.36620755156e-05, 5.24014139955e-05, 3.33110947395e-05, 2.59643165919e-05, 2.94064666377e-05, 2.44057318923e-05, 1.45350495586e-05, 1.3352672795e-05, 1.20764352687e-05, 7.88487977843e-06, 7.21302149032e-06, 9.57059728535e-06, 7.99836288934e-06, 7.45044417272e-06, 6.69046721669e-06, 6.20325636191e-06, 4.41326028522e-06, 4.0877534957e-06, 2.47695220423e-06, 2.23631445806e-06, 1.71086230694e-06, 1.83879319593e-06, 1.91233993974e-06, 1.98805969376e-06, 2.08913593269e-06, 1.5426153368e-06, 1.22462574836e-06, 6.42174370569e-07, 6.61782223688e-07, 6.08451671269e-07, 6.49820492526e-07, 5.92017102008e-07, 6.2277285906e-07, 5.89538160511e-07, 6.59769909817e-07, 5.71369980662e-07, 5.35360413778e-07, 4.8878251846e-07, 4.24521971354e-07, 3.16442822168e-07, 3.01590517893e-07, 2.43705272851e-07, 1.92379090436e-07, 1.51591649455e-07, 1.16891108348e-07, 9.03132928443e-08, 7.55060938218e-08, 6.55559730944e-08, 6.01559762003e-08, 5.68276945501e-08, 4.89869798059e-08, 4.57969591139e-08, 3.83219820321e-08, 3.01650615597e-08, 2.43678570655e-08, 2.20281677343e-08, 1.83637816065e-08, 1.51673926752e-08, 1.30595099179e-08, 1.11458895447e-08, 9.62088453349e-09, 7.00275615273e-09, 6.56140120014e-09, 4.82845763372e-09, 3.50635609436e-09, 2.75584999265e-09, 2.25566676448e-09, 1.66093017118e-09, 1.28160337898e-09, 8.31360202902e-10]
    },
    "mfcc": {
        "mean": [-622.302490234, 139.839065552, -15.721116066, 29.8943119049, 5.22210741043, 2.61104893684, 2.32311153412, 9.74580860138, 0.963806092739, 1.27425694466, -1.4194278717, 1.47788906097, -3.31035733223],
        "cov": [[7210.30371094, -130.031784058, -415.461883545, 114.089294434, 16.3499317169, 67.7503356934, 140.625411987, 129.154541016, -62.5201568604, 76.1489562988, 56.951877594, 136.87538147, 13.7402868271], [-130.031784058, 565.837585449, 33.4518203735, 2.92346549034, 47.8327102661, 64.7442855835, 50.7339706421, 30.1039772034, 23.2750606537, 40.4713478088, 10.8773498535, -19.0999622345, -0.790522754192], [-415.461883545, 33.4518203735, 452.601409912, 61.5089607239, 121.657485962, 82.212348938, 8.73988819122, 26.8817119598, 26.3336524963, -2.48623251915, 29.2158432007, -2.61642742157, -4.29004096985], [114.089294434, 2.92346549034, 61.5089607239, 257.695220947, 85.3615112305, -14.0503749847, -10.6343507767, 3.04447197914, 27.928106308, -20.4529495239, 29.6804771423, 17.7020816803, 6.33551597595], [16.3499317169, 47.8327102661, 121.657485962, 85.3615112305, 157.006835938, 64.1983337402, 9.14795875549, 25.784532547, 16.4045162201, 8.79980182648, 27.9637527466, 2.95739817619, 7.43051624298], [67.7503356934, 64.7442855835, 82.212348938, -14.0503749847, 64.1983337402, 120.851669312, 48.2155418396, 24.1820812225, 2.68865084648, 19.7962665558, 20.5181446075, 4.02626657486, -3.31398916245], [140.625411987, 50.7339706421, 8.73988819122, -10.6343507767, 9.14795875549, 48.2155418396, 94.1768035889, 31.2201709747, 6.50267791748, 22.3907222748, 10.9199314117, 13.5646133423, 4.62692642212], [129.154541016, 30.1039772034, 26.8817119598, 3.04447197914, 25.784532547, 24.1820812225, 31.2201709747, 83.5118865967, 27.3730430603, 13.6008958817, 11.8150138855, 1.35714745522, -1.11584079266], [-62.5201568604, 23.2750606537, 26.3336524963, 27.928106308, 16.4045162201, 2.68865084648, 6.50267791748, 27.3730430603, 66.1871185303, 30.3649654388, 2.48844695091, -6.62285089493, 4.73290300369], [76.1489562988, 40.4713478088, -2.48623251915, -20.4529495239, 8.79980182648, 19.7962665558, 22.3907222748, 13.6008958817, 30.3649654388, 76.9853897095, 16.6139602661, -1.12804389, 9.18754863739], [56.951877594, 10.8773498535, 29.2158432007, 29.6804771423, 27.9637527466, 20.5181446075, 10.9199314117, 11.8150138855, 2.48844695091, 16.6139602661, 61.1080436707, 25.4196529388, 1.38305234909], [136.87538147, -19.0999622345, -2.61642742157, 17.7020816803, 2.95739817619, 4.02626657486, 13.5646133423, 1.35714745522, -6.62285089493, -1.12804389, 25.4196529388, 55.1614227295, 15.951002121], [13.7402868271, -0.790522754192, -4.29004096985, 6.33551597595, 7.43051624298, -3.31398916245, 4.62692642212, -1.11584079266, 4.73290300369, 9.18754863739, 1.38305234909, 15.951002121, 56.8388977051]],
        "icov": [[0.000177624388016, 6.54435716569e-05, 0.000199184330995, -0.000210182304727, -6.00857219979e-06, -0.000164258352015, -4.09171734645e-05, -0.000398530624807, 0.000448526610853, -0.000377613672754, 0.000218596556806, -0.000396210525651, 0.000112709829409], [6.54435716569e-05, 0.00203153234906, 0.00015943319886, -0.00018094801635, -0.000256239960436, -0.000687301217113, -0.000728880928364, -0.000230304780416, 3.31349328917e-05, -0.000696540984791, -6.94571644999e-05, 0.000890370924026, -4.54732762591e-05], [0.000199184330995, 0.00015943319886, 0.0032510117162, -0.000168071303051, -0.00167452206369, -0.00160742725711, 0.000306049216306, -0.000295204634313, -0.000874977326021, 0.000780797330663, -0.000560447981115, -1.67803182194e-06, 0.000273413810646], [-0.000210182304727, -0.00018094801635, -0.000168071303051, 0.00681152753532, -0.00439735781401, 0.00340869370848, -0.00109589088243, 0.00228228513151, -0.0046816393733, 0.00412090634927, -0.00303579238243, -0.000661961792503, 0.000167349528056], [-6.00857219979e-06, -0.000256239960436, -0.00167452206369, -0.00439735781401, 0.0134170651436, -0.00678825797513, 0.00305866217241, -0.00262361951172, 0.00129908323288, -0.00119740527589, -0.00133670435753, 0.00181076896843, -0.00247890083119], [-0.000164258352015, -0.000687301217113, -0.00160742725711, 0.00340869370848, -0.00678825797513, 0.0169102624059, -0.00698920665309, 0.000849716190714, 0.000766853510868, -0.000356575852493, -0.0022365313489, 0.000384779588785, 0.00192810711451], [-4.09171734645e-05, -0.000728880928364, 0.000306049216306, -0.00109589088243, 0.00305866217241, -0.00698920665309, 0.0170633718371, -0.00527188740671, 0.00178201019298, -0.00359106389806, 0.00212191301398, -0.00416715955362, -0.000604981614742], [-0.000398530624807, -0.000230304780416, -0.000295204634313, 0.00228228513151, -0.00262361951172, 0.000849716190714, -0.00527188740671, 0.0180246587843, -0.00896411202848, 0.00374988350086, -0.00346103077754, 0.00145603821147, 0.000807890493888], [0.000448526610853, 3.31349328917e-05, -0.000874977326021, -0.0046816393733, 0.00129908323288, 0.000766853510868, 0.00178201019298, -0.00896411202848, 0.0267178136855, -0.012476910837, 0.00474091432989, 0.000986031256616, -0.000698373129126], [-0.000377613672754, -0.000696540984791, 0.000780797330663, 0.00412090634927, -0.00119740527589, -0.000356575852493, -0.00359106389806, 0.00374988350086, -0.012476910837, 0.0227247551084, -0.00867423601449, 0.00424799602479, -0.00343252019957], [0.000218596556806, -6.94571644999e-05, -0.000560447981115, -0.00303579238243, -0.00133670435753, -0.0022365313489, 0.00212191301398, -0.00346103077754, 0.00474091432989, -0.00867423601449, 0.0270849391818, -0.0130860423669, 0.00406664144248], [-0.000396210525651, 0.000890370924026, -1.67803182194e-06, -0.000661961792503, 0.00181076896843, 0.000384779588785, -0.00416715955362, 0.00145603821147, 0.000986031256616, 0.00424799602479, -0.0130860423669, 0.0291288476437, -0.00828957743943], [0.000112709829409, -4.54732762591e-05, 0.000273413810646, 0.000167349528056, -0.00247890083119, 0.00192810711451, -0.000604981614742, 0.000807890493888, -0.000698373129126, -0.00343252019957, 0.00406664144248, -0.00828957743943, 0.0209096688777]]
    },
    "spectral_contrast_coeffs": {
        "mean": [-0.715216934681, -0.782389938831, -0.763733267784, -0.808687508106, -0.787510991096, -0.759321510792]
    },
    "spectral_contrast_valleys": {
        "mean": [-6.30531072617, -6.28448724747, -6.89229822159, -7.12889099121, -7.1846280098, -10.4501657486]
    }
},
"rhythm": {
    "beats_count": 548,
    "beats_loudness": {
        "mean": 0.044525641948
    },
    "bpm": 172.265380859,
    "bpm_histogram_first_peak_bpm": 172,
    "bpm_histogram_first_peak_weight": 0,
    "bpm_histogram_second_peak_bpm": 178,
    "bpm_histogram_second_peak_spread": 0,
    "bpm_histogram_second_peak_weight": 0.314442425966,
    "danceability": 1.02173483372,
    "onset_rate": 1.97545051575,
    "beats_loudness_band_ratio": {
        "mean": [0.571988999844, 0.148776575923, 0.123845748603, 0.116297245026, 0.0767533481121, 0.023420125246]
    },
    "beats_position": [0.348299324512, 0.696598649025, 1.03328800201, 1.369977355, 1.70666658878, 2.04335594177, 2.39165520668, 2.73995471001, 3.08825397491, 3.43655323982, 3.78485250473, 4.13315200806, 4.48145103455, 4.82975053787, 5.17804956436, 5.52634906769, 5.87464857101, 6.21133756638, 6.54802703857, 6.8963265419, 7.23301553726, 7.58131504059, 7.91800451279, 8.26630401611, 8.6146030426, 8.96290206909, 9.31120204926, 9.64789104462, 9.98458003998, 10.3328800201, 10.6811790466, 11.0294780731, 11.3777770996, 11.7260770798, 12.0743761063, 12.4226751328, 12.7593650818, 13.1076641083, 13.4443531036, 13.7926530838, 14.1409521103, 14.4892511368, 14.8375511169, 15.1742401123, 15.5109291077, 15.8592290878, 16.2075271606, 16.5558280945, 16.904127121, 17.2408161163, 17.5775051117, 17.9258041382, 18.2741031647, 18.6224040985, 18.970703125, 19.3190021515, 19.667301178, 20.0039901733, 20.3406791687, 20.6889801025, 21.037279129, 21.3855781555, 21.733877182, 22.0705661774, 22.4072551727, 22.7555541992, 23.1038551331, 23.4521541595, 23.800453186, 24.1371421814, 24.4738311768, 24.8221302032, 25.1704311371, 25.5071201324, 25.8438091278, 26.1921081543, 26.5404071808, 26.8887062073, 27.2370071411, 27.5853061676, 27.9336051941, 28.2702941895, 28.6069831848, 28.9552822113, 29.291973114, 29.6286621094, 29.9769611359, 30.3252601624, 30.6735591888, 31.0218582153, 31.3701572418, 31.7184581757, 32.0667572021, 32.4150543213, 32.7517471313, 33.0884361267, 33.4251251221, 33.7618141174, 34.1101112366, 34.4584121704, 34.7951011658, 35.1317901611, 35.480091095, 35.8283882141, 36.1766891479, 36.5133781433, 36.8500671387, 37.1983680725, 37.5466651917, 37.8949661255, 38.2432632446, 38.5915641785, 38.9398651123, 39.2881622314, 39.6364631653, 39.9847602844, 40.3330612183, 40.6697502136, 41.006439209, 41.3431282043, 41.6798171997, 42.0397262573, 42.3996353149, 42.7479362488, 43.0962333679, 43.4445343018, 43.7812232971, 44.1179122925, 44.4546012878, 44.8029022217, 45.139591217, 45.4878921509, 45.83618927, 46.1844902039, 46.532787323, 46.8810882568, 47.2177772522, 47.5544662476, 47.9027671814, 48.2510643005, 48.5993652344, 48.9476623535, 49.2959632874, 49.6442604065, 49.9925613403, 50.3292503357, 50.6659393311, 51.0142402649, 51.3509292603, 51.6992263794, 52.0359191895, 52.3842163086, 52.7325172424, 53.0808143616, 53.4291152954, 53.7774124146, 54.1141014099, 54.45079422, 54.7990913391, 55.1473922729, 55.4956893921, 55.8207702637, 56.1690673828, 56.5173683167, 56.8656692505, 57.2139663696, 57.550655365, 57.8873443604, 58.2356452942, 58.583946228, 58.9322433472, 59.280544281, 59.6172332764, 59.9655303955, 60.3022193909, 60.6505203247, 60.9988212585, 61.3471183777, 61.6954193115, 62.0321083069, 62.3687973022, 62.7170982361, 63.0653953552, 63.4136962891, 63.7619934082, 64.1102905273, 64.4585952759, 64.806892395, 65.1435852051, 65.4918823242, 65.8285675049, 66.1768722534, 66.5251693726, 66.8734664917, 67.1985473633, 67.5468444824, 67.895149231, 68.2434463501, 68.5917434692, 68.9284362793, 69.26512146, 69.6134262085, 69.9617233276, 70.3100204468, 70.6583175659, 71.0066223145, 71.3549194336, 71.6916122437, 72.0282974243, 72.3765945435, 72.724899292, 73.0731964111, 73.4098815918, 73.7465744019, 74.094871521, 74.4431762695, 74.7798614502, 75.1281585693, 75.4648513794, 75.8131484985, 76.1614532471, 76.5097503662, 76.8580474854, 77.1947402954, 77.5314254761, 77.8797302246, 78.2280273438, 78.5763244629, 78.9130172729, 79.2729263306, 79.6212234497, 79.9579086304, 80.2946014404, 80.6312942505, 80.9795913696, 81.3162765503, 81.6645812988, 82.012878418, 82.3611755371, 82.7094802856, 83.0577774048, 83.4060745239, 83.7543716431, 84.0910644531, 84.4277572632, 84.7760543823, 85.1243515015, 85.4610443115, 85.7977294922, 86.1460266113, 86.4943313599, 86.842628479, 87.1909255981, 87.5276184082, 87.8643035889, 88.2126083374, 88.5609054565, 88.9092025757, 89.2458953857, 89.5941925049, 89.9308853149, 90.2791824341, 90.6274795532, 90.9757843018, 91.3240814209, 91.6607666016, 91.9974594116, 92.3457565308, 92.6940536499, 93.0423583984, 93.3790435791, 93.7157363892, 94.0640335083, 94.4123306274, 94.760635376, 95.0973205566, 95.4340133667, 95.7823104858, 96.130607605, 96.4789123535, 96.8272094727, 97.1755065918, 97.5238113403, 97.8721084595, 98.2204055786, 98.5687026978, 98.9170074463, 99.2653045654, 99.6019973755, 99.9386825562, 100.286979675, 100.635284424, 100.983581543, 101.331878662, 101.680175781, 102.02848053, 102.36516571, 102.701858521, 103.038543701, 103.375236511, 103.711929321, 104.071838379, 104.420135498, 104.768432617, 105.116729736, 105.441810608, 105.790107727, 106.138412476, 106.486709595, 106.835006714, 107.183311462, 107.531608582, 107.868293762, 108.216598511, 108.553283691, 108.90158844, 109.238273621, 109.574966431, 109.92326355, 110.271560669, 110.619865417, 110.968162537, 111.316459656, 111.664756775, 112.013061523, 112.349746704, 112.686439514, 113.034736633, 113.383033752, 113.719726562, 114.056411743, 114.404716492, 114.753013611, 115.10131073, 115.449615479, 115.797912598, 116.134597778, 116.471290588, 116.819587708, 117.167892456, 117.516189575, 117.852874756, 118.189567566, 118.537864685, 118.886169434, 119.234466553, 119.582763672, 119.931060791, 120.27936554, 120.61605072, 120.95274353, 121.301040649, 121.649337769, 121.997642517, 122.334327698, 122.671020508, 123.019317627, 123.367614746, 123.715919495, 124.064216614, 124.412513733, 124.760810852, 125.109115601, 125.445800781, 125.782493591, 126.13079071, 126.47908783, 126.827392578, 127.175689697, 127.512374878, 127.860679626, 128.208984375, 128.557281494, 128.893966675, 129.230651855, 129.567337036, 129.915649414, 130.263946533, 130.612243652, 130.960540771, 131.297225952, 131.633926392, 131.982223511, 132.33052063, 132.678817749, 133.027114868, 133.375411987, 133.723709106, 134.060409546, 134.397094727, 134.745391846, 135.093688965, 135.441986084, 135.778686523, 136.115371704, 136.463668823, 136.811965942, 137.160263062, 137.496963501, 137.833648682, 138.181945801, 138.518630981, 138.855331421, 139.215240479, 139.563537598, 139.911834717, 140.260131836, 140.596817017, 140.945129395, 141.293426514, 141.641723633, 141.990020752, 142.338317871, 142.675003052, 143.011703491, 143.36000061, 143.708297729, 144.056594849, 144.393280029, 144.729980469, 145.078277588, 145.426574707, 145.774871826, 146.123168945, 146.471466064, 146.808166504, 147.144851685, 147.493148804, 147.841445923, 148.189743042, 148.538040161, 148.874740601, 149.211425781, 149.5597229, 149.90802002, 150.256317139, 150.593017578, 150.941314697, 151.277999878, 151.626296997, 151.974594116, 152.322906494, 152.671203613, 153.007888794, 153.344573975, 153.692871094, 154.041183472, 154.389480591, 154.73777771, 155.074462891, 155.42276001, 155.759460449, 156.107757568, 156.456054688, 156.804351807, 157.152648926, 157.500946045, 157.837631226, 158.174331665, 158.522628784, 158.859313965, 159.207611084, 159.555908203, 159.904220581, 160.240905762, 160.589202881, 160.9375, 161.285797119, 161.634094238, 161.970794678, 162.307479858, 162.655776978, 163.004074097, 163.352371216, 163.689071655, 164.025756836, 164.374053955, 164.722351074, 165.070648193, 165.407348633, 165.744033813, 166.092330933, 166.440628052, 166.788925171, 167.137237549, 167.473922729, 167.81060791, 168.158905029, 168.507202148, 168.855514526, 169.203811646, 169.552108765, 169.900405884, 170.248703003, 170.585388184, 170.922088623, 171.270385742, 171.607070923, 171.943756104, 172.292053223, 172.640365601, 172.98866272, 173.336959839, 173.685256958, 174.033554077, 174.381851196, 174.730148315, 175.066848755, 175.403533936, 175.751831055, 176.100128174, 176.448425293, 176.785125732, 177.121810913, 177.458496094, 177.795196533, 178.143493652, 178.491790771, 178.840087891, 179.18838501, 179.536682129, 179.884979248, 180.221679688, 180.558364868, 180.906661987, 181.254959106, 181.603256226, 181.951568604, 182.299865723, 182.636550903, 182.973236084, 183.321533203, 183.669830322, 184.0181427, 184.366439819, 184.714736938, 185.063034058, 185.411331177, 185.759628296, 186.096328735, 186.433013916, 186.781311035, 187.117996216, 187.466293335, 187.814605713, 188.162902832, 188.511199951, 188.85949707],
    "bpm_histogram": [0, 0, 0, 0, 0, 0, 0, 0, 0, 0, 0, 0, 0, 0, 0, 0, 0, 0, 0, 0, 0, 0, 0, 0, 0, 0, 0, 0, 0, 0, 0, 0, 0, 0, 0, 0, 0, 0, 0, 0, 0, 0, 0, 0, 0, 0, 0, 0, 0, 0, 0, 0, 0, 0, 0, 0, 0, 0, 0, 0, 0, 0, 0, 0, 0, 0, 0, 0, 0, 0, 0, 0, 0, 0, 0, 0, 0, 0, 0, 0, 0, 0, 0, 0, 0, 0, 0, 0, 0, 0, 0, 0, 0, 0, 0, 0, 0, 0, 0, 0, 0, 0, 0, 0, 0, 0, 0, 0, 0, 0, 0, 0, 0, 0, 0, 0, 0, 0, 0, 0, 0, 0, 0, 0, 0, 0, 0, 0, 0, 0, 0, 0, 0, 0, 0, 0, 0, 0, 0, 0, 0, 0, 0, 0, 0, 0, 0, 0, 0, 0, 0, 0, 0, 0, 0, 0, 0, 0, 0, 0, 0, 0, 0, 0, 0, 0, 0, 0.0091407680884, 0, 0, 0, 0, 0.670932352543, 0, 0, 0, 0, 0, 0.314442425966, 0, 0, 0, 0, 0, 0, 0.00548446085304, 0, 0, 0, 0, 0, 0, 0, 0, 0, 0, 0, 0, 0, 0, 0, 0, 0, 0, 0, 0, 0, 0, 0, 0, 0, 0, 0, 0, 0, 0, 0, 0, 0, 0, 0, 0, 0, 0, 0, 0, 0, 0, 0, 0, 0, 0, 0, 0, 0, 0, 0, 0, 0, 0, 0, 0, 0, 0, 0, 0, 0, 0, 0, 0]
},
"tonal": {
    "chords_changes_rate": 0.0541932322085,
    "chords_number_rate": 0.00269740074873,
    "chords_strength": {
        "mean": 0.534317195415
    },
    "hpcp_crest": {
        "mean": 14.3426809311
    },
    "hpcp_entropy": {
        "mean": 1.92956960201
    },
    "key_edma": {
        "strength": 0.63560718298,
        "key": "Bb",
        "scale": "major"
    },
    "key_krumhansl": {
        "strength": 0.65409809351,
        "key": "Bb",
        "scale": "major"
    },
    "key_temperley": {
        "strength": 0.679345428944,
        "key": "Bb",
        "scale": "major"
    },
    "tuning_diatonic_strength": 0.501372158527,
    "tuning_equal_tempered_deviation": 0.023903299123,
    "tuning_frequency": 441.527557373,
    "tuning_nontempered_energy_ratio": 0.675781726837,
    "hpcp": {
        "mean": [0.116109795868, 0.0799497961998, 0.140863582492, 0.237542077899, 0.159285023808, 0.0613390356302, 0.0503490529954, 0.0560014620423, 0.130424335599, 0.185154646635, 0.118696190417, 0.0602043122053, 0.0524639673531, 0.0491118654609, 0.113665916026, 0.184162348509, 0.151672750711, 0.160178482533, 0.171276286244, 0.0952389240265, 0.0631159394979, 0.0738169401884, 0.0836303308606, 0.213138312101, 0.295148015022, 0.164849683642, 0.0938067734241, 0.108233995736, 0.11160839349, 0.273709148169, 0.366228640079, 0.182189658284, 0.0560628697276, 0.0448332689703, 0.0448559708893, 0.0896094664931]
    },
    "chords_histogram": [5.7135848999, 4.48749399185, 18.9063262939, 0, 4.34036302567, 0.907307505608, 7.9205493927, 0.931829333305, 2.0107896328, 0.686611056328, 0, 0, 0, 0.122609123588, 0, 0, 0.245218247175, 1.9617459774, 0, 1.27513492107, 0.147130951285, 8.65620422363, 19.2251110077, 22.4619903564],
    "thpcp": [1, 0.49747517705, 0.153081610799, 0.122418798506, 0.122480787337, 0.244681760669, 0.317041814327, 0.218305692077, 0.384632885456, 0.648616850376, 0.434933274984, 0.167488366365, 0.137479841709, 0.152913928032, 0.356128156185, 0.505571186543, 0.324104070663, 0.164389967918, 0.143254682422, 0.134101644158, 0.310368716717, 0.5028616786, 0.41414770484, 0.437372893095, 0.467675834894, 0.260053187609, 0.172340258956, 0.201559707522, 0.228355512023, 0.581981539726, 0.805911898613, 0.450127780437, 0.256142646074, 0.295536667109, 0.304750591516, 0.747372329235],
    "chords_key": "G",
    "chords_scale": "minor"
}
}