{
"metadata": {
    "version": {
        "essentia": "2.1-beta6-dev",
        "essentia_git_sha": "v2.1_beta5-1177-g1d1cc983",
        "extractor": "music 2.0"
    },
    "audio_properties": {
        "analysis": {
            "equal_loudness": 0,
            "length": 187.63999939,
            "sample_rate": 44100,
            "start_time": 0,
            "downmix": "mix"
        },
        "bit_rate": 1411200,
        "length": 187.63999939,
        "lossless": 1,
        "number_channels": 2,
        "replay_gain": -14.6329689026,
        "sample_rate": 44100,
        "codec": "pcm_s16le",
        "md5_encoded": "6c240700d50de522859d47e5a12f2652"
    },
    "tags": {
        "file_name": "02 - Manchester Orchestra - Now That You're Home.wav",
        "album": ["I'm Like a Virgin Losing a Child"],
        "albumartist": ["Manchester Orchestra"],
        "artist": ["Manchester Orchestra"],
        "copyright": ["2006 Favorite Gentlemen 2006 Favorite Gentlemen"],
        "date": ["2006"],
        "discnumber": ["1"],
        "disctotal": ["1"],
        "genre": ["Alternative & Indie"],
        "isrc": ["USTC10665301"],
        "title": ["Now That You're Home"],
        "tracknumber": ["2"],
        "tracktotal": ["11"]
    }
},
"lowlevel": {
    "average_loudness": 0.874860107899,
    "barkbands_crest": {
        "mean": 9.67057704926
    },
    "barkbands_flatness_db": {
        "mean": 0.125168085098
    },
    "barkbands_kurtosis": {
        "mean": 2.6440103054
    },
    "barkbands_skewness": {
        "mean": 1.33072602749
    },
    "barkbands_spread": {
        "mean": 31.4414558411
    },
    "dissonance": {
        "mean": 0.468889862299
    },
    "dynamic_complexity": 4.21182823181,
    "erbbands_crest": {
        "mean": 8.55860519409
    },
    "erbbands_flatness_db": {
        "mean": 0.152672812343
    },
    "erbbands_kurtosis": {
        "mean": 0.46457824111
    },
    "erbbands_skewness": {
        "mean": -0.114999093115
    },
    "erbbands_spread": {
        "mean": 43.4862518311
    },
    "hfc": {
        "mean": 20.4929027557
    },
    "loudness_ebu128": {
        "integrated": -8.97364139557,
        "loudness_range": 7.65166759491,
        "momentary": {
            "mean": -11.3035163879
        },
        "short_term": {
            "mean": -10.4204959869
        }
    },
    "melbands_crest": {
        "mean": 14.5138759613
    },
    "melbands_flatness_db": {
        "mean": 0.188685640693
    },
    "melbands_kurtosis": {
        "mean": 12.4006404877
    },
    "melbands_skewness": {
        "mean": 2.75998187065
    },
    "melbands_spread": {
        "mean": 30.4809036255
    },
    "pitch_salience": {
        "mean": 0.565684139729
    },
    "silence_rate_20dB": {
        "mean": 1
    },
    "silence_rate_30dB": {
        "mean": 0.995545685291
    },
    "silence_rate_60dB": {
        "mean": 0.114204406738
    },
    "spectral_centroid": {
        "mean": 2022.31347656
    },
    "spectral_complexity": {
        "mean": 24.1523132324
    },
    "spectral_decrease": {
        "mean": -6.39090425025e-09
    },
    "spectral_energy": {
        "mean": 0.0259794872254
    },
    "spectral_energyband_high": {
        "mean": 0.00139601307455
    },
    "spectral_energyband_low": {
        "mean": 0.0116524863988
    },
    "spectral_energyband_middle_high": {
        "mean": 0.00421421881765
    },
    "spectral_energyband_middle_low": {
        "mean": 0.00993071869016
    },
    "spectral_entropy": {
        "mean": 7.67612075806
    },
    "spectral_flux": {
        "mean": 0.0775054991245
    },
    "spectral_kurtosis": {
        "mean": 4.20958900452
    },
    "spectral_rms": {
        "mean": 0.00452579557896
    },
    "spectral_rolloff": {
        "mean": 2096.85131836
    },
    "spectral_skewness": {
        "mean": 1.16037607193
    },
    "spectral_spread": {
        "mean": 4281299.5
    },
    "spectral_strongpeak": {
        "mean": 0.638665139675
    },
    "zerocrossingrate": {
        "mean": 0.073781400919
    },
    "barkbands": {
        "mean": [0.000506356533151, 0.00676782149822, 0.00352382776327, 0.00222089863382, 0.00338310259394, 0.000887763686478, 0.00054095761152, 0.000671189860441, 0.00143103883602, 0.0012652608566, 0.00049597263569, 0.000366289634258, 0.000303894368699, 0.000251729652518, 0.000189746744581, 0.00020989580662, 0.000277122249827, 0.000331060233293, 0.0006308889715, 0.000759890652262, 0.000429746782174, 0.000183338750503, 0.00013183952251, 0.000124906931887, 6.31831280771e-05, 2.65093622147e-05, 5.27409065398e-06]
    },
    "erbbands": {
        "mean": [0.234007641673, 1.3741440773, 3.88461613655, 5.78747034073, 13.1768913269, 8.24772167206, 6.59654808044, 7.30669879913, 7.29542016983, 11.6660318375, 17.3359451294, 35.4277114868, 45.3671607971, 21.3188819885, 20.6303424835, 16.6769142151, 14.9932718277, 13.4703016281, 10.2180747986, 10.0604839325, 13.2060251236, 14.8170795441, 16.972650528, 22.115026474, 38.2356376648, 34.0747184753, 25.4589214325, 12.8850898743, 6.9466137886, 4.73498439789, 3.83876490593, 3.13661623001, 1.68978106976, 0.795822381973, 0.415358871222, 0.142951667309, 0.0433845594525, 0.00885843019933, 0.000872865668498, 7.9920864664e-05]
    },
    "gfcc": {
        "mean": [-17.5432987213, 80.3601608276, -117.69947052, 42.1057548523, -60.1319313049, 5.17172384262, -15.8705511093, 13.2691602707, -27.811964035, -0.697133421898, -15.5102977753, -4.73209381104, -9.61391735077],
        "cov": [[19342.8359375, -667.940490723, 1017.66162109, 1371.42272949, -577.830322266, 1212.72253418, -81.236114502, 551.005615234, -406.825805664, -112.961601257, -313.333465576, 23.5134887695, -360.496002197], [-667.940490723, 1684.56274414, -103.074440002, -322.693572998, 157.511611938, -237.150054932, 131.561553955, -142.512390137, 27.0090389252, -74.9058227539, 47.632270813, -121.005050659, 105.21181488], [1017.66162109, -103.074440002, 1579.1640625, 300.419403076, 279.832550049, 430.456512451, -203.653564453, 177.672134399, -90.811340332, -0.43194386363, -80.3478622437, 57.3198204041, -111.685112], [1371.42272949, -322.693572998, 300.419403076, 723.603942871, 224.642181396, 242.61656189, 102.56413269, 144.680831909, 54.2245101929, 44.3934707642, 2.13590574265, 29.3563632965, -33.0978965759], [-577.830322266, 157.511611938, 279.832550049, 224.642181396, 531.844665527, 177.522293091, 95.8009643555, 77.7966003418, 84.1530761719, 56.8167419434, 37.737071991, -6.32909011841, -15.5196332932], [1212.72253418, -237.150054932, 430.456512451, 242.61656189, 177.522293091, 416.188201904, -5.4418797493, 132.516098022, 1.83610725403, 21.3029556274, -10.1351146698, 14.8280544281, -78.3288879395], [-81.236114502, 131.561553955, -203.653564453, 102.56413269, 95.8009643555, -5.4418797493, 283.889221191, 22.7987117767, 51.5206184387, 38.8821868896, 48.004650116, -8.20606040955, 31.2950458527], [551.005615234, -142.512390137, 177.672134399, 144.680831909, 77.7966003418, 132.516098022, 22.7987117767, 156.492492676, 26.9736480713, 29.1356391907, -3.8207192421, 17.3300933838, -25.0534286499], [-406.825805664, 27.0090389252, -90.811340332, 54.2245101929, 84.1530761719, 1.83610725403, 51.5206184387, 26.9736480713, 133.326370239, 37.607383728, 24.1904125214, -11.6651945114, 19.0853328705], [-112.961601257, -74.9058227539, -0.43194386363, 44.3934707642, 56.8167419434, 21.3029556274, 38.8821868896, 29.1356391907, 37.607383728, 86.3227386475, 28.4290981293, 10.4488286972, 3.80095767975], [-313.333465576, 47.632270813, -80.3478622437, 2.13590574265, 37.737071991, -10.1351146698, 48.004650116, -3.8207192421, 24.1904125214, 28.4290981293, 76.231048584, 14.2876682281, 12.3032169342], [23.5134887695, -121.005050659, 57.3198204041, 29.3563632965, -6.32909011841, 14.8280544281, -8.20606040955, 17.3300933838, -11.6651945114, 10.4488286972, 14.2876682281, 66.7126464844, 11.2223529816], [-360.496002197, 105.21181488, -111.685112, -33.0978965759, -15.5196332932, -78.3288879395, 31.2950458527, -25.0534286499, 19.0853328705, 3.80095767975, 12.3032169342, 11.2223529816, 74.4709854126]],
        "icov": [[0.000117855990538, -0.000161284508067, 0.000106090548798, -0.000269391748589, 0.000331741495756, -0.000373872724595, 4.03884187108e-05, -0.00023007337586, 0.000317200669087, -0.000175671011675, 0.000403051060857, -0.000182513307664, 0.000307861017063], [-0.000161284508067, 0.0014395568287, -0.000569905852899, 0.000872824748512, -0.000977510237135, 0.000995891052298, -0.000687356339768, 0.000565347843803, -0.000388944376027, 0.00162194413133, -0.00175321171992, 0.00262592569925, -0.00204766565003], [0.000106090548798, -0.000569905852899, 0.00151639152318, -0.000552490528207, -0.000174479428097, -0.00119834742509, 0.00113634148147, -0.000831174082123, 0.00117535504978, -0.000776778324507, 0.00165099697188, -0.00172315642703, 0.00101872137748], [-0.000269391748589, 0.000872824748512, -0.000552490528207, 0.00290618697181, -0.00129921163898, 0.00043602992082, -0.00110375974327, -0.000118180651043, -0.00120353582315, 0.000971479690634, -0.000825068447739, 0.000556414190214, -0.00115087151062], [0.000331741495756, -0.000977510237135, -0.000174479428097, -0.00129921163898, 0.00421452242881, -0.00190243904945, -0.000429739098763, -0.000408679537941, -0.000618732185103, -0.00158390845172, 0.000399119307986, -0.000458433467429, 0.00131076958496], [-0.000373872724595, 0.000995891052298, -0.00119834742509, 0.00043602992082, -0.00190243904945, 0.00638804445043, -0.000536644191016, -0.00122304738034, -0.000892300507985, 0.00132498785388, -0.00207229796797, 0.00123265711591, 0.00163402268663], [4.03884187108e-05, -0.000687356339768, 0.00113634148147, -0.00110375974327, -0.000429739098763, -0.000536644191016, 0.00571129331365, -0.00121141120326, 0.000605660083238, -0.00157037982717, -0.00116045936011, 0.000109553882794, -0.000981234479696], [-0.00023007337586, 0.000565347843803, -0.000831174082123, -0.000118180651043, -0.000408679537941, -0.00122304738034, -0.00121141120326, 0.0111906249076, -0.00285334303044, -0.00126348133199, 0.000756770779844, -0.00151252292562, 0.000589382136241], [0.000317200669087, -0.000388944376027, 0.00117535504978, -0.00120353582315, -0.000618732185103, -0.000892300507985, 0.000605660083238, -0.00285334303044, 0.0121646150947, -0.00343190715648, -0.000245881907176, 0.00275973393582, -0.00228674383834], [-0.000175671011675, 0.00162194413133, -0.000776778324507, 0.000971479690634, -0.00158390845172, 0.00132498785388, -0.00157037982717, -0.00126348133199, -0.00343190715648, 0.0175412949175, -0.00608579395339, 0.00118697900325, -0.00176583928987], [0.000403051060857, -0.00175321171992, 0.00165099697188, -0.000825068447739, 0.000399119307986, -0.00207229796797, -0.00116045936011, 0.000756770779844, -0.000245881907176, -0.00608579395339, 0.0213235188276, -0.00843089353293, 0.00330439466052], [-0.000182513307664, 0.00262592569925, -0.00172315642703, 0.000556414190214, -0.000458433467429, 0.00123265711591, 0.000109553882794, -0.00151252292562, 0.00275973393582, 0.00118697900325, -0.00843089353293, 0.0248251445591, -0.0094002308324], [0.000307861017063, -0.00204766565003, 0.00101872137748, -0.00115087151062, 0.00131076958496, 0.00163402268663, -0.000981234479696, 0.000589382136241, -0.00228674383834, -0.00176583928987, 0.00330439466052, -0.0094002308324, 0.0229768231511]]
    },
    "melbands": {
        "mean": [0.00195611338131, 0.00190928252414, 0.00126706436276, 0.000805129646324, 0.000244216585997, 0.000165058183484, 0.000110005661554, 0.000131771579618, 0.000166692901985, 0.000216035390622, 0.000220806366997, 8.30524004414e-05, 6.98754593031e-05, 4.5914122893e-05, 4.13748930441e-05, 2.52651752817e-05, 2.57246119872e-05, 1.61725620274e-05, 1.36360886245e-05, 1.32874210976e-05, 1.65207784448e-05, 1.50189471242e-05, 1.64662051247e-05, 1.51661306518e-05, 1.68266178662e-05, 2.93505363516e-05, 2.46328654612e-05, 2.27000218729e-05, 1.90484843188e-05, 9.33161845751e-06, 6.54176255921e-06, 4.04387083108e-06, 3.05279377244e-06, 2.40411122832e-06, 2.32054139815e-06, 1.92036941371e-06, 1.92621996575e-06, 1.22059941532e-06, 8.50909600558e-07, 6.10610072727e-07]
    },
    "melbands128": {
        "mean": [0.00044022090151, 0.00197318359278, 0.00248558726162, 0.00215092697181, 0.00206783390604, 0.00162228220142, 0.0010528662242, 0.00122017541435, 0.00154791795649, 0.00080968515249, 0.000342049839674, 0.000274118647212, 0.00020384338859, 0.000227001946769, 0.000180432194611, 0.000123116580653, 0.000117399300507, 0.00010869003745, 9.30425303522e-05, 0.00014370943245, 0.000145368336234, 0.000113153946586, 0.000128071391373, 0.000262555491645, 0.00029576025554, 0.000128639629111, 0.000213415143662, 0.000331264600391, 0.000109676242573, 0.000103565042082, 5.94776320213e-05, 6.57860800857e-05, 8.13117876532e-05, 7.24779383745e-05, 3.57272838301e-05, 4.69198166684e-05, 4.51768792118e-05, 3.44567597494e-05, 5.1367082051e-05, 2.85914920823e-05, 1.85708122444e-05, 1.85632961802e-05, 3.11503899866e-05, 2.69419288088e-05, 1.53101118485e-05, 1.52252514454e-05, 1.56391688506e-05, 1.37913348226e-05, 1.21774501167e-05, 1.43710367411e-05, 1.32079567265e-05, 1.2544148376e-05, 1.39843614306e-05, 2.07217381103e-05, 1.76944322448e-05, 1.2658218111e-05, 1.29988256958e-05, 1.90241353266e-05, 1.75060977199e-05, 1.32901668621e-05, 1.19218675536e-05, 2.16478310904e-05, 1.34114861794e-05, 1.38339037221e-05, 2.32828497246e-05, 3.38430982083e-05, 3.07752743538e-05, 2.62002395175e-05, 2.37849126279e-05, 2.03152721951e-05, 2.12044433283e-05, 2.55365321209e-05, 2.48245632974e-05, 1.811461334e-05, 1.23511372294e-05, 9.04764056031e-06, 7.46609748603e-06, 9.39060464589e-06, 6.01668443778e-06, 4.69779661216e-06, 4.08471441915e-06, 4.06873186876e-06, 3.02129546981e-06, 2.93508742288e-06, 3.23554263559e-06, 2.26933093472e-06, 1.98086286218e-06, 2.84637826553e-06, 2.37852304963e-06, 1.97402846425e-06, 1.89984939425e-06, 1.94878612092e-06, 1.8566900053e-06, 2.29880765801e-06, 1.7245182562e-06, 1.1695270814e-06, 1.16291641916e-06, 1.20696336126e-06, 8.0851441453e-07, 7.16374472631e-07, 6.67593553771e-07, 5.61844956337e-07, 5.92452465753e-07, 5.56690963549e-07, 5.05961054387e-07, 3.97393449703e-07, 3.28409328176e-07, 2.65177419578e-07, 2.42853616328e-07, 2.03196009352e-07, 1.6916635559e-07, 1.40158704198e-07, 1.318423557e-07, 1.23124621609e-07, 1.09069119958e-07, 8.4788794652e-08, 5.69987257393e-08, 3.91855792259e-08, 3.07296126323e-08, 2.55295908858e-08, 2.02206731359e-08, 1.6318994156e-08, 1.58480553125e-08, 1.43107987682e-08, 8.1377784511e-09, 3.77378217564e-09, 3.9769199045e-10, 1.06587724757e-11]
    },
    "mfcc": {
        "mean": [-655.905456543, 105.898506165, -1.28295266628, 37.7057647705, -14.1443128586, 0.386161774397, 12.9615402222, 7.78883123398, 2.56615686417, 6.79120779037, -4.43605136871, 1.11232972145, -2.45057249069],
        "cov": [[15993.0117188, -472.447387695, 756.080810547, 615.576782227, 175.203460693, 486.064819336, 436.096710205, 515.485168457, 103.643348694, 206.075149536, -93.7761383057, 162.580505371, -190.23336792], [-472.447387695, 1847.85327148, -152.323745728, -118.815559387, -111.602928162, -125.977043152, -13.616276741, -132.390335083, -47.1922035217, -41.7318649292, -79.1490249634, -96.6491165161, -10.0128221512], [756.080810547, -152.323745728, 1166.75854492, 36.7091941833, 461.36315918, 132.101974487, 85.6545715332, 145.268310547, -1.9650093317, 21.2079429626, -28.5098934174, 35.2311210632, -40.8899726868], [615.576782227, -118.815559387, 36.7091941833, 456.515319824, 98.8225708008, 106.951095581, 110.154212952, 70.8997268677, 105.033706665, 29.6522903442, 31.99310112, 72.7095184326, 38.4775123596], [175.203460693, -111.602928162, 461.36315918, 98.8225708008, 563.859802246, 183.664779663, 95.8867645264, 136.9400177, 41.5493125916, 92.3262176514, 33.1691131592, 61.2049865723, -11.3783655167], [486.064819336, -125.977043152, 132.101974487, 106.951095581, 183.664779663, 230.642654419, 121.869628906, 93.1998825073, 52.5862617493, 64.6189422607, 49.3099021912, 43.4929847717, 6.61196184158], [436.096710205, -13.616276741, 85.6545715332, 110.154212952, 95.8867645264, 121.869628906, 202.267120361, 93.7285614014, 44.2198982239, 48.6101303101, 32.9983634949, 49.9365959167, 17.4882164001], [515.485168457, -132.390335083, 145.268310547, 70.8997268677, 136.9400177, 93.1998825073, 93.7285614014, 150.466293335, 47.4416809082, 46.9250259399, 24.7629318237, 46.8486938477, -3.33953237534], [103.643348694, -47.1922035217, -1.9650093317, 105.033706665, 41.5493125916, 52.5862617493, 44.2198982239, 47.4416809082, 121.053871155, 44.341053009, 29.2364749908, 37.5659179688, 19.9607105255], [206.075149536, -41.7318649292, 21.2079429626, 29.6522903442, 92.3262176514, 64.6189422607, 48.6101303101, 46.9250259399, 44.341053009, 112.598152161, 40.5178947449, 26.2999401093, 3.12175440788], [-93.7761383057, -79.1490249634, -28.5098934174, 31.99310112, 33.1691131592, 49.3099021912, 32.9983634949, 24.7629318237, 29.2364749908, 40.5178947449, 80.1085968018, 35.3245239258, 18.1508388519], [162.580505371, -96.6491165161, 35.2311210632, 72.7095184326, 61.2049865723, 43.4929847717, 49.9365959167, 46.8486938477, 37.5659179688, 26.2999401093, 35.3245239258, 90.7010879517, 25.4643516541], [-190.23336792, -10.0128221512, -40.8899726868, 38.4775123596, -11.3783655167, 6.61196184158, 17.4882164001, -3.33953237534, 19.9607105255, 3.12175440788, 18.1508388519, 25.4643516541, 71.4112930298]],
        "icov": [[8.73835524544e-05, -1.55038947014e-06, -4.85809723614e-05, -0.000113022564619, 0.000167317470186, -0.000163614677149, 7.14901625543e-06, -0.000232018748648, 0.000131946435431, -0.000200674912776, 0.000291025906336, -0.000145885263919, 0.000244794267928], [-1.55038947014e-06, 0.000641919614282, 6.91975292284e-05, 0.000110512388346, -0.000158928873134, 0.000325392000377, -0.000574131321628, 0.000611576833762, -0.000178652306204, -5.32426529389e-05, 0.000425095495302, 0.000457641552202, -3.92701258534e-05], [-4.85809723614e-05, 6.91975292284e-05, 0.00145390769467, 0.000197520057554, -0.00126054277644, 0.000136890783324, -0.000221081761993, -0.000431447377196, 7.65485456213e-05, 0.00074472365668, 0.000658859207761, 5.96099971517e-06, 0.000203263669391], [-0.000113022564619, 0.000110512388346, 0.000197520057554, 0.00337049225345, -0.000525501032826, -0.00031092739664, -0.00102006993257, 0.000617192650679, -0.00240850658156, 0.00122957699932, 0.000191322847968, -0.000900176470168, -0.000872999837156], [0.000167317470186, -0.000158928873134, -0.00126054277644, -0.000525501032826, 0.00414876174182, -0.00217946618795, 0.00101665419061, -0.00162616313901, 0.000955444178544, -0.00226315506734, 0.000702062272467, -0.00121679587755, 0.000609940034337], [-0.000163614677149, 0.000325392000377, 0.000136890783324, -0.00031092739664, -0.00217946618795, 0.00935117807239, -0.00357938883826, -0.00031923680217, -0.000993584282696, -0.000268956326181, -0.00323230074719, 0.00170453998726, 7.4658541962e-06], [7.14901625543e-06, -0.000574131321628, -0.000221081761993, -0.00102006993257, 0.00101665419061, -0.00357938883826, 0.00966123305261, -0.0040544825606, 0.00108120241202, -0.00120717077516, 8.61983789946e-05, -0.00165937957354, -0.00138024042826], [-0.000232018748648, 0.000611576833762, -0.000431447377196, 0.000617192650679, -0.00162616313901, -0.00031923680217, -0.0040544825606, 0.0141131654382, -0.00291762407869, -0.000394418573705, -7.17578659533e-05, -0.00226949062198, 0.0019717249088], [0.000131946435431, -0.000178652306204, 7.65485456213e-05, -0.00240850658156, 0.000955444178544, -0.000993584282696, 0.00108120241202, -0.00291762407869, 0.0132299056277, -0.0038653688971, -0.000179555383511, -0.00168621132616, -0.00137107004412], [-0.000200674912776, -5.32426529389e-05, 0.00074472365668, 0.00122957699932, -0.00226315506734, -0.000268956326181, -0.00120717077516, -0.000394418573705, -0.0038653688971, 0.0146928215399, -0.00530481245369, 0.000769454869442, 0.000675455725286], [0.000291025906336, 0.000425095495302, 0.000658859207761, 0.000191322847968, 0.000702062272467, -0.00323230074719, 8.61983789946e-05, -7.17578659533e-05, -0.000179555383511, -0.00530481245369, 0.0205525793135, -0.00537459924817, -0.0015295909252], [-0.000145885263919, 0.000457641552202, 5.96099971517e-06, -0.000900176470168, -0.00121679587755, 0.00170453998726, -0.00165937957354, -0.00226949062198, -0.00168621132616, 0.000769454869442, -0.00537459924817, 0.0184619612992, -0.00466700782999], [0.000244794267928, -3.92701258534e-05, 0.000203263669391, -0.000872999837156, 0.000609940034337, 7.4658541962e-06, -0.00138024042826, 0.0019717249088, -0.00137107004412, 0.000675455725286, -0.0015295909252, -0.00466700782999, 0.0181701667607]]
    },
    "spectral_contrast_coeffs": {
        "mean": [-0.719001293182, -0.775970816612, -0.762534618378, -0.804736435413, -0.788625359535, -0.73864877224]
    },
    "spectral_contrast_valleys": {
        "mean": [-6.98292207718, -6.94211816788, -7.53563451767, -8.01579856873, -7.289894104, -10.43724823]
    }
},
"rhythm": {
    "beats_count": 439,
    "beats_loudness": {
        "mean": 0.039353530854
    },
    "bpm": 146.975021362,
    "bpm_histogram_first_peak_bpm": 148,
    "bpm_histogram_first_peak_weight": 0.312693536282,
    "bpm_histogram_second_peak_bpm": 123,
    "bpm_histogram_second_peak_spread": 0.58333337307,
    "bpm_histogram_second_peak_weight": 0.0570776239038,
    "danceability": 1.01421427727,
    "onset_rate": 2.95227217674,
    "beats_loudness_band_ratio": {
        "mean": [0.549705266953, 0.159241557121, 0.143699601293, 0.0912942066789, 0.0500599592924, 0.0975709110498]
    },
    "beats_position": [0.429569154978, 0.870748281479, 1.30031740665, 1.75310659409, 2.20589566231, 2.65868473053, 3.08825397491, 3.50621318817, 3.92417216301, 4.34213161469, 4.74848079681, 5.15482997894, 5.56117916107, 5.9675283432, 6.37387752533, 6.78022670746, 7.18657588959, 7.59292507172, 8.01088428497, 8.4172334671, 8.82358264923, 9.22993183136, 9.63628101349, 10.0426301956, 10.4489793777, 10.8553285599, 11.261677742, 11.6796369553, 12.0859861374, 12.4923353195, 12.8986845016, 13.3050336838, 13.7113828659, 14.117732048, 14.5356912613, 14.9420404434, 15.3483896255, 15.7547388077, 16.1610889435, 16.5674381256, 16.9737873077, 17.3801364899, 17.786485672, 18.2044448853, 18.6107940674, 19.0171432495, 19.4351024628, 19.8414516449, 20.247800827, 20.6541500092, 21.0604991913, 21.4668483734, 21.8731975555, 22.2911567688, 22.7091159821, 23.1154651642, 23.5218143463, 23.9397735596, 24.3461227417, 24.764081955, 25.1820411682, 25.5767803192, 25.9715194702, 26.3662586212, 26.7726078033, 27.1789569855, 27.5969161987, 28.014875412, 28.4444446564, 28.8624038696, 29.3035831451, 29.7331504822, 30.1743297577, 30.6271190643, 31.079908371, 31.5326976776, 31.9854869843, 32.4382743835, 32.8794555664, 33.3090248108, 33.7153739929, 34.121723175, 34.5280723572, 34.9344215393, 35.3407707214, 35.7471199036, 36.1534690857, 36.5482063293, 36.9429473877, 37.3492965698, 37.755645752, 38.1736030579, 38.57995224, 38.9863014221, 39.3926506042, 39.8106117249, 40.2401809692, 40.6581382751, 41.0644874573, 41.4940567017, 41.9120178223, 42.3299751282, 42.7247161865, 43.1310653687, 43.5374145508, 43.9321517944, 44.3268928528, 44.7448501587, 45.1511993408, 45.5575485229, 45.9638977051, 46.3702468872, 46.7765960693, 47.1829452515, 47.6009063721, 47.9956436157, 48.4136047363, 48.8199539185, 49.2263031006, 49.6326522827, 50.0390014648, 50.445350647, 50.8516998291, 51.269657135, 51.6760063171, 52.0823554993, 52.5003166199, 52.8950538635, 53.3014030457, 53.7077522278, 54.1257133484, 54.5320625305, 54.9384117126, 55.3447608948, 55.7511100769, 56.1690673828, 56.5754165649, 56.9817695618, 57.3881187439, 57.794467926, 58.2124252319, 58.6303825378, 59.03673172, 59.4430847168, 59.8378219604, 60.2441711426, 60.6505203247, 61.0684814453, 61.4748306274, 61.8811798096, 62.2875289917, 62.6938781738, 63.100227356, 63.5181846619, 63.924533844, 64.3424911499, 64.748840332, 65.1551895142, 65.5499343872, 65.9678878784, 66.3742370605, 66.7805862427, 67.1869354248, 67.5932846069, 67.9996337891, 68.4059829712, 68.8239440918, 69.2302932739, 69.6366424561, 70.0429916382, 70.4493408203, 70.8556900024, 71.2620391846, 71.6800003052, 72.0863494873, 72.4926986694, 72.8990478516, 73.3053970337, 73.7233581543, 74.1297073364, 74.5360565186, 74.9424057007, 75.3487548828, 75.7551040649, 76.1614532471, 76.5678024292, 76.9741516113, 77.3921051025, 77.7984542847, 78.2048034668, 78.6227645874, 79.0291137695, 79.4354629517, 79.8418121338, 80.2481613159, 80.6661224365, 81.0608596802, 81.4672088623, 81.8735580444, 82.291519165, 82.6978683472, 83.1042175293, 83.5221786499, 83.928527832, 84.3348770142, 84.7412261963, 85.1475753784, 85.5539245605, 85.9602737427, 86.3666229248, 86.7729721069, 87.1909255981, 87.6088867188, 88.0036239624, 88.4099731445, 88.8163223267, 89.2226715088, 89.6290206909, 90.023765564, 90.4301147461, 90.8364639282, 91.2428131104, 91.6607666016, 92.0671157837, 92.4850769043, 92.8914260864, 93.3209991455, 93.7389526367, 94.1336975098, 94.5400466919, 94.946395874, 95.3411331177, 95.7590942383, 96.1770477295, 96.5833969116, 96.9897460938, 97.3844909668, 97.7908401489, 98.1971893311, 98.6151428223, 99.0098876953, 99.4162368774, 99.8225860596, 100.240539551, 100.646888733, 101.064849854, 101.471199036, 101.889160156, 102.2838974, 102.701858521, 103.096595764, 103.514556885, 103.932518005, 104.338867188, 104.74521637, 105.151565552, 105.557914734, 105.964263916, 106.370613098, 106.788566589, 107.194915771, 107.601264954, 107.996009827, 108.402359009, 108.808708191, 109.215057373, 109.633010864, 110.039360046, 110.445709229, 110.852058411, 111.270019531, 111.676368713, 112.082717896, 112.500679016, 112.89541626, 113.31337738, 113.719726562, 114.126075745, 114.532424927, 114.938774109, 115.356735229, 115.763084412, 116.169433594, 116.575782776, 116.982131958, 117.400085449, 117.841270447, 118.270835876, 118.700408936, 119.129974365, 119.559547424, 119.977500916, 120.407073975, 120.836639404, 121.277824402, 121.707389832, 122.136962891, 122.578140259, 123.019317627, 123.460494995, 123.878456116, 124.296417236, 124.714370728, 125.132331848, 125.550292969, 125.968254089, 126.374603271, 126.780952454, 127.187301636, 127.593650818, 128.011611938, 128.417953491, 128.824310303, 129.230651855, 129.637008667, 130.04335022, 130.449707031, 130.856048584, 131.262405396, 131.680358887, 132.086715698, 132.493057251, 132.911010742, 133.317367554, 133.723709106, 134.130065918, 134.536407471, 134.942764282, 135.349105835, 135.767074585, 136.173416138, 136.579772949, 136.986114502, 137.392471313, 137.798812866, 138.205169678, 138.61151123, 139.017868042, 139.424209595, 139.830566406, 140.248519897, 140.666488647, 141.0728302, 141.479187012, 141.885528564, 142.303482056, 142.709838867, 143.11618042, 143.522537231, 143.928878784, 144.335235596, 144.741577148, 145.14793396, 145.565887451, 145.972244263, 146.378585815, 146.784942627, 147.156463623, 147.539596558, 147.922714233, 148.305847168, 148.816680908, 149.315917969, 149.815139771, 150.302764893, 150.790390015, 151.277999878, 151.765625, 152.241622925, 152.717636108, 153.20526123, 153.669662476, 154.1456604, 154.621673584, 155.097686768, 155.573699951, 156.049697876, 156.52571106, 157.013336182, 157.489334106, 157.96534729, 158.441360474, 158.917373657, 159.404983521, 159.892608643, 160.368606567, 160.844619751, 161.332244873, 161.808258057, 162.284255981, 162.771881104, 163.247894287, 163.723892212, 164.211517334, 164.699142456, 165.186752319, 165.674377441, 166.138778687, 166.603164673, 167.090789795, 167.566802979, 168.06602478, 168.565261841, 169.064483643, 169.575332642, 170.074554443, 170.573776245, 171.073013306, 171.560638428, 172.059860229, 172.547485352, 173.035095215, 173.522720337, 174.033554077, 174.544403076, 175.055236816, 175.554458618, 176.053695679, 176.55291748, 177.040542603, 177.516555786, 178.004165649, 178.491790771, 178.979400635, 179.467025757, 179.966262817, 180.465484619, 180.953109741, 181.452331543, 181.963165283, 182.474014282, 183.042892456, 183.623397827, 184.19229126, 184.749572754, 185.306838989, 185.864120483, 186.421401978, 186.978683472],
    "bpm_histogram": [0, 0, 0, 0, 0, 0, 0, 0, 0, 0, 0, 0, 0, 0, 0, 0, 0, 0, 0, 0, 0, 0, 0, 0, 0, 0, 0, 0, 0, 0, 0, 0, 0, 0, 0, 0, 0, 0, 0, 0, 0, 0, 0, 0, 0, 0, 0, 0, 0, 0, 0, 0, 0, 0, 0, 0, 0, 0, 0, 0, 0, 0, 0, 0, 0, 0, 0, 0, 0, 0, 0, 0, 0, 0, 0, 0, 0, 0, 0, 0, 0, 0, 0, 0, 0, 0, 0, 0, 0, 0, 0, 0, 0, 0, 0, 0, 0, 0, 0, 0, 0, 0, 0, 0.00228310492821, 0, 0.00456620985642, 0, 0, 0.0114155253395, 0, 0, 0, 0, 0, 0, 0, 0, 0.0159817356616, 0, 0, 0.0342465750873, 0, 0, 0.0570776239038, 0, 0, 0.0456621013582, 0, 0, 0.00684931501746, 0, 0, 0, 0.0182648394257, 0, 0, 0.0205479450524, 0, 0, 0, 0.0365296788514, 0, 0, 0, 0.178082197905, 0, 0, 0, 0.50684928894, 0, 0, 0, 0.0525114163756, 0, 0, 0, 0, 0.00684931501746, 0, 0, 0, 0.00228310492821, 0, 0, 0, 0, 0, 0, 0, 0, 0, 0, 0, 0, 0, 0, 0, 0, 0, 0, 0, 0, 0, 0, 0, 0, 0, 0, 0, 0, 0, 0, 0, 0, 0, 0, 0, 0, 0, 0, 0, 0, 0, 0, 0, 0, 0, 0, 0, 0, 0, 0, 0, 0, 0, 0, 0, 0, 0, 0, 0, 0, 0, 0, 0, 0, 0, 0, 0, 0, 0, 0, 0, 0, 0, 0, 0, 0, 0, 0, 0, 0, 0, 0, 0, 0, 0, 0, 0, 0]
},
"tonal": {
    "chords_changes_rate": 0.060366153717,
    "chords_number_rate": 0.0019792180974,
    "chords_strength": {
        "mean": 0.533439934254
    },
    "hpcp_crest": {
        "mean": 13.6898593903
    },
    "hpcp_entropy": {
        "mean": 2.00006508827
    },
    "key_edma": {
        "strength": 0.659517943859,
        "key": "F",
        "scale": "major"
    },
    "key_krumhansl": {
        "strength": 0.649303019047,
        "key": "F",
        "scale": "major"
    },
    "key_temperley": {
        "strength": 0.640385150909,
        "key": "C",
        "scale": "major"
    },
    "tuning_diatonic_strength": 0.560452103615,
    "tuning_equal_tempered_deviation": 0.202629700303,
    "tuning_frequency": 434.193115234,
    "tuning_nontempered_energy_ratio": 0.953828036785,
    "hpcp": {
        "mean": [0.267393797636, 0.25377625227, 0.108950681984, 0.0632203668356, 0.0541059821844, 0.0535609200597, 0.0895981863141, 0.105598419905, 0.0871993899345, 0.178504019976, 0.205580174923, 0.0991758555174, 0.0569358281791, 0.0480582229793, 0.0447380915284, 0.0918457731605, 0.10737233609, 0.0607903823256, 0.0444547794759, 0.0467356070876, 0.0623142048717, 0.196366459131, 0.24172693491, 0.14053209126, 0.177720069885, 0.172860503197, 0.0828988701105, 0.0679331794381, 0.0766497850418, 0.113547511399, 0.252723544836, 0.261277675629, 0.116741508245, 0.0827506631613, 0.101455017924, 0.142026051879]
    },
    "chords_histogram": [29.2924289703, 7.14992570877, 6.70460176468, 0, 0.519544780254, 0, 2.49876308441, 0, 0, 0, 0, 0, 0, 0, 0.197921827435, 4.23057889938, 0.123701140285, 0.173181593418, 0, 0.717466592789, 0, 2.54824352264, 9.84661102295, 35.9970321655],
    "thpcp": [1, 0.949073076248, 0.407454043627, 0.23643168807, 0.202345684171, 0.200307264924, 0.335079520941, 0.39491724968, 0.32610848546, 0.667569756508, 0.768829286098, 0.370898127556, 0.212928757071, 0.179728269577, 0.167311623693, 0.343485057354, 0.40155133605, 0.227344021201, 0.166252091527, 0.174781948328, 0.233042821288, 0.734371781349, 0.904011011124, 0.525562286377, 0.664637982845, 0.646464169025, 0.310025393963, 0.254056662321, 0.286655068398, 0.424645274878, 0.945136129856, 0.977126896381, 0.436590194702, 0.309471130371, 0.37942174077, 0.53114938736],
    "chords_key": "A",
    "chords_scale": "minor"
}
}