{
"metadata": {
    "version": {
        "essentia": "2.1-beta6-dev",
        "essentia_git_sha": "v2.1_beta5-1177-g1d1cc983",
        "extractor": "music 2.0"
    },
    "audio_properties": {
        "analysis": {
            "equal_loudness": 0,
            "length": 159.186660767,
            "sample_rate": 44100,
            "start_time": 0,
            "downmix": "mix"
        },
        "bit_rate": 1411200,
        "length": 159.186660767,
        "lossless": 1,
        "number_channels": 2,
        "replay_gain": -15.934794426,
        "sample_rate": 44100,
        "codec": "pcm_s16le",
        "md5_encoded": "c9b63cc47aecc92c67f12ed8e426e0d2"
    },
    "tags": {
        "file_name": "01 - Manchester Orchestra - The Only One (Album Version).wav",
        "album": ["Mean Everything To Nothing"],
        "albumartist": ["Manchester Orchestra"],
        "artist": ["Manchester Orchestra"],
        "composer": ["Andy Hull"],
        "copyright": ["(P) 2009 Sony Music Entertainment"],
        "date": ["2009"],
        "discnumber": ["1"],
        "disctotal": ["1"],
        "genre": ["Pop\/Rock"],
        "isrc": ["USSM10900799"],
        "title": ["The Only One (Album Version)"],
        "tracknumber": ["1"],
        "tracktotal": ["12"]
    }
},
"lowlevel": {
    "average_loudness": 0.943989813328,
    "barkbands_crest": {
        "mean": 8.71675300598
    },
    "barkbands_flatness_db": {
        "mean": 0.090234130621
    },
    "barkbands_kurtosis": {
        "mean": 0.221155628562
    },
    "barkbands_skewness": {
        "mean": 0.835602939129
    },
    "barkbands_spread": {
        "mean": 36.5104217529
    },
    "dissonance": {
        "mean": 0.480990827084
    },
    "dynamic_complexity": 1.96192359924,
    "erbbands_crest": {
        "mean": 7.13811922073
    },
    "erbbands_flatness_db": {
        "mean": 0.134815871716
    },
    "erbbands_kurtosis": {
        "mean": 0.0239973384887
    },
    "erbbands_skewness": {
        "mean": -0.330117881298
    },
    "erbbands_spread": {
        "mean": 39.7916259766
    },
    "hfc": {
        "mean": 31.415391922
    },
    "loudness_ebu128": {
        "integrated": -6.53573799133,
        "loudness_range": 4.88055038452,
        "momentary": {
            "mean": -7.31262731552
        },
        "short_term": {
            "mean": -7.08427286148
        }
    },
    "melbands_crest": {
        "mean": 13.4214000702
    },
    "melbands_flatness_db": {
        "mean": 0.137924179435
    },
    "melbands_kurtosis": {
        "mean": 6.65486717224
    },
    "melbands_skewness": {
        "mean": 2.16874027252
    },
    "melbands_spread": {
        "mean": 39.4505081177
    },
    "pitch_salience": {
        "mean": 0.554556548595
    },
    "silence_rate_20dB": {
        "mean": 1
    },
    "silence_rate_30dB": {
        "mean": 1
    },
    "silence_rate_60dB": {
        "mean": 0.0304798018187
    },
    "spectral_centroid": {
        "mean": 2106.78271484
    },
    "spectral_complexity": {
        "mean": 30.5031356812
    },
    "spectral_decrease": {
        "mean": -6.59611965048e-09
    },
    "spectral_energy": {
        "mean": 0.0277447067201
    },
    "spectral_energyband_high": {
        "mean": 0.0017596516991
    },
    "spectral_energyband_low": {
        "mean": 0.0108990631998
    },
    "spectral_energyband_middle_high": {
        "mean": 0.00760157220066
    },
    "spectral_energyband_middle_low": {
        "mean": 0.00799298286438
    },
    "spectral_entropy": {
        "mean": 7.89177274704
    },
    "spectral_flux": {
        "mean": 0.0862361863256
    },
    "spectral_kurtosis": {
        "mean": 3.40848445892
    },
    "spectral_rms": {
        "mean": 0.00491671077907
    },
    "spectral_rolloff": {
        "mean": 2566.73657227
    },
    "spectral_skewness": {
        "mean": 1.26974582672
    },
    "spectral_spread": {
        "mean": 4657864.5
    },
    "spectral_strongpeak": {
        "mean": 0.913595914841
    },
    "zerocrossingrate": {
        "mean": 0.088978484273
    },
    "barkbands": {
        "mean": [9.91910419543e-05, 0.00787892565131, 0.00247323978692, 0.00131802388933, 0.00216925959103, 0.00129451917019, 0.000870324496645, 0.000981371151283, 0.00124779867474, 0.000504937022924, 0.000647131644655, 0.000663488579448, 0.000589579110965, 0.000632872339338, 0.000782948161941, 0.000912984076422, 0.000918431440368, 0.000892614945769, 0.000852191995364, 0.000450199993793, 0.00040834088577, 0.000348505884176, 0.000315110082738, 0.000257626728853, 0.000183014242793, 4.64227014163e-05, 5.46864293938e-06]
    },
    "erbbands": {
        "mean": [0.173577412963, 1.93739807606, 3.50555992126, 3.10250782967, 6.64489603043, 5.51944255829, 10.9841012955, 11.3230638504, 13.2624511719, 13.6882324219, 22.544670105, 29.4352722168, 18.833990097, 19.0780735016, 29.1687335968, 24.7144908905, 27.6017570496, 30.3980960846, 41.0719604492, 38.677154541, 53.9849319458, 59.2974090576, 50.9260368347, 40.3217277527, 40.4458961487, 20.8434352875, 18.9592189789, 14.2593460083, 13.0047292709, 10.1444396973, 8.71212768555, 6.11767339706, 3.7600979805, 1.94190812111, 1.28055882454, 0.386466503143, 0.0612466223538, 0.00960719864815, 0.000941176549532, 9.235113248e-05]
    },
    "gfcc": {
        "mean": [40.1530265808, 63.1686820984, -129.124832153, 39.2901229858, -57.738407135, 10.7709465027, -39.227935791, 14.0607185364, -21.70362854, 2.71241760254, -16.9660396576, 3.58821868896, -12.3356685638],
        "cov": [[6637.93457031, -535.772583008, 860.232299805, 540.011047363, 273.924041748, 704.348693848, 27.0085735321, 358.058227539, 19.5710830688, 332.223876953, -5.42286920547, 141.003158569, 0.511802315712], [-535.772583008, 741.809265137, -320.040740967, -0.563405275345, 51.6654663086, -170.208816528, 82.3915710449, -66.7189483643, 13.1768064499, -80.7168045044, 38.8211174011, -71.5014343262, 17.9409332275], [860.232299805, -320.040740967, 714.150695801, 321.897613525, 166.777435303, 300.254241943, 104.653892517, 173.331329346, 43.5590286255, 176.318496704, 41.1847801208, 85.5284500122, 25.2998447418], [540.011047363, -0.563405275345, 321.897613525, 387.7784729, 159.962600708, 161.568023682, 103.037734985, 126.988464355, 62.1387825012, 94.2843399048, 66.3567276001, 24.6637439728, 36.1580619812], [273.924041748, 51.6654663086, 166.777435303, 159.962600708, 242.728759766, 134.779724121, 114.538047791, 89.40599823, 48.2140808105, 80.0859298706, 39.2810211182, 26.2576999664, 24.8032646179], [704.348693848, -170.208816528, 300.254241943, 161.568023682, 134.779724121, 318.979675293, 93.2520294189, 127.028083801, 50.0092697144, 111.798355103, 53.5533638, 38.6461906433, 11.4822406769], [27.0085735321, 82.3915710449, 104.653892517, 103.037734985, 114.538047791, 93.2520294189, 173.430084229, 64.5774765015, 29.7513790131, 56.7280731201, 42.1742553711, 10.7719421387, 9.00006008148], [358.058227539, -66.7189483643, 173.331329346, 126.988464355, 89.40599823, 127.028083801, 64.5774765015, 144.38104248, 64.4232940674, 71.2678527832, 37.327381134, 33.8352432251, 17.8105220795], [19.5710830688, 13.1768064499, 43.5590286255, 62.1387825012, 48.2140808105, 50.0092697144, 29.7513790131, 64.4232940674, 89.7589874268, 41.2827720642, 26.4133338928, 5.93837213516, 16.856262207], [332.223876953, -80.7168045044, 176.318496704, 94.2843399048, 80.0859298706, 111.798355103, 56.7280731201, 71.2678527832, 41.2827720642, 118.424263, 37.835319519, 36.806388855, 5.9760556221], [-5.42286920547, 38.8211174011, 41.1847801208, 66.3567276001, 39.2810211182, 53.5533638, 42.1742553711, 37.327381134, 26.4133338928, 37.835319519, 78.8867950439, 22.3223457336, 12.1530265808], [141.003158569, -71.5014343262, 85.5284500122, 24.6637439728, 26.2576999664, 38.6461906433, 10.7719421387, 33.8352432251, 5.93837213516, 36.806388855, 22.3223457336, 84.5980072021, 30.3853416443], [0.511802315712, 17.9409332275, 25.2998447418, 36.1580619812, 24.8032646179, 11.4822406769, 9.00006008148, 17.8105220795, 16.856262207, 5.9760556221, 12.1530265808, 30.3853416443, 65.882522583]],
        "icov": [[0.000268040254014, -0.000141299387906, 0.000131945475005, -0.000323214684613, 9.61091427598e-05, -0.000603015476372, 0.000498642330058, -0.000491620507091, 0.000642606406473, -0.000615709170233, 0.000746459118091, -0.000262388726696, 0.000171569554368], [-0.000141299387906, 0.00294864689931, 0.000935372896492, -0.000439919560449, -0.00125427334569, 0.00176286371425, -0.0020171222277, 0.00112955935765, -0.00087567535229, 0.00138759089168, -0.00231045507826, 0.00175006105565, -0.00106722640339], [0.000131945475005, 0.000935372896492, 0.00461018970236, -0.00287212710828, 0.000199483736651, -0.00174389651511, -0.00017993838992, -0.00110508641228, 0.00207659136504, -0.00308364443481, 0.00246614799835, -0.0015475001419, 0.000109538908873], [-0.000323214684613, -0.000439919560449, -0.00287212710828, 0.00662259152159, -0.00165317242499, 0.00121174415108, -0.000434848712757, -0.0012268233113, -0.00111252372153, 0.00135072367266, -0.00383814447559, 0.00289251678623, -0.00207106815651], [9.61091427598e-05, -0.00125427334569, 0.000199483736651, -0.00165317242499, 0.00851197727025, -0.00211050407961, -0.00234395544976, -0.000957045587711, -8.0205645645e-05, -0.00252443668433, 0.00250948383473, -0.00123210810125, -0.00073144887574], [-0.000603015476372, 0.00176286371425, -0.00174389651511, 0.00121174415108, -0.00211050407961, 0.00904304720461, -0.00233125174418, -0.00125381571706, -0.00121950462926, 0.000439986499259, -0.00470323814079, 0.00259679253213, -0.000652772316243], [0.000498642330058, -0.0020171222277, -0.00017993838992, -0.000434848712757, -0.00234395544976, -0.00233125174418, 0.0114338137209, -0.00303681753576, 0.00277257361449, -0.00305593782105, -8.62086963025e-05, 0.000153346860316, 0.000913945084903], [-0.000491620507091, 0.00112955935765, -0.00110508641228, -0.0012268233113, -0.000957045587711, -0.00125381571706, -0.00303681753576, 0.0188911929727, -0.0102451676503, 0.00164019351359, -0.00162602297496, -0.00289929006249, 0.000790174759459], [0.000642606406473, -0.00087567535229, 0.00207659136504, -0.00111252372153, -8.0205645645e-05, -0.00121950462926, 0.00277257361449, -0.0102451676503, 0.0217801444232, -0.00719620520249, 0.000287339556962, 0.0037033772096, -0.00400054594502], [-0.000615709170233, 0.00138759089168, -0.00308364443481, 0.00135072367266, -0.00252443668433, 0.000439986499259, -0.00305593782105, 0.00164019351359, -0.00719620520249, 0.0216987710446, -0.00601669680327, -0.00334627553821, 0.00344365439378], [0.000746459118091, -0.00231045507826, 0.00246614799835, -0.00383814447559, 0.00250948383473, -0.00470323814079, -8.62086963025e-05, -0.00162602297496, 0.000287339556962, -0.00601669680327, 0.0229839645326, -0.00648617232218, 0.00133306020871], [-0.000262388726696, 0.00175006105565, -0.0015475001419, 0.00289251678623, -0.00123210810125, 0.00259679253213, 0.000153346860316, -0.00289929006249, 0.0037033772096, -0.00334627553821, -0.00648617232218, 0.021277230233, -0.00995431654155], [0.000171569554368, -0.00106722640339, 0.000109538908873, -0.00207106815651, -0.00073144887574, -0.000652772316243, 0.000913945084903, 0.000790174759459, -0.00400054594502, 0.00344365439378, 0.00133306020871, -0.00995431654155, 0.0216693542898]]
    },
    "melbands": {
        "mean": [0.00194757326972, 0.00205717887729, 0.000690904038493, 0.000427099323133, 0.000369158078684, 0.000256612896919, 0.000187986792298, 0.000171694831806, 0.000180761708179, 0.000188821388292, 9.06195054995e-05, 7.55048604333e-05, 8.78039354575e-05, 8.23544251034e-05, 5.62322420592e-05, 6.43422172288e-05, 5.50123004359e-05, 6.51990048937e-05, 5.70396368857e-05, 5.77631508349e-05, 5.85524721828e-05, 6.54762989143e-05, 4.66122801299e-05, 3.81802492484e-05, 3.14649332722e-05, 3.54071889888e-05, 2.09910158446e-05, 1.19485193864e-05, 1.20501917991e-05, 9.08415131562e-06, 8.09117045719e-06, 8.06276239018e-06, 5.56574195798e-06, 5.82862548981e-06, 5.5093305491e-06, 4.11236851505e-06, 3.44626414517e-06, 2.72836632575e-06, 2.07695143217e-06, 1.4835213733e-06]
    },
    "melbands128": {
        "mean": [9.21030077734e-05, 0.000986258732155, 0.00299781374633, 0.00330304098316, 0.00225004903041, 0.000989219755866, 0.000502442824654, 0.000777058012318, 0.000737301306799, 0.000358678516932, 0.000230090270634, 0.000421834498411, 0.000415327114752, 0.000287088769255, 0.000279573869193, 0.000189923812286, 0.00027107380447, 0.000168748636497, 0.000124439247884, 0.000115578302939, 0.000232752092415, 0.000244422088144, 0.000145871919813, 0.000161939911777, 0.000192644947674, 0.00022988487035, 9.790295735e-05, 6.426305481e-05, 0.000102824677015, 6.06078137935e-05, 8.17989202915e-05, 7.27327060304e-05, 6.7371656769e-05, 0.000122744386317, 0.00010499565542, 6.23352607363e-05, 5.15088431712e-05, 7.15323185432e-05, 3.95039423893e-05, 6.57004056848e-05, 7.80816335464e-05, 4.62010102638e-05, 5.58976789762e-05, 5.07140284753e-05, 7.15763308108e-05, 6.77135030855e-05, 5.96833051532e-05, 6.95512353559e-05, 5.19980712852e-05, 3.27989000652e-05, 6.38228593743e-05, 6.69043001835e-05, 8.74517572811e-05, 3.27378838847e-05, 4.64948243462e-05, 9.81046032393e-05, 5.1552127843e-05, 2.60673132289e-05, 6.16676625214e-05, 5.58054853173e-05, 2.95892787108e-05, 3.21618063026e-05, 2.80917902273e-05, 2.6128565878e-05, 4.81029965158e-05, 3.3587548387e-05, 3.27930210915e-05, 2.40965473495e-05, 1.98316956812e-05, 1.39482717714e-05, 1.08139811346e-05, 1.2752292605e-05, 9.14564134291e-06, 1.25864271467e-05, 1.52148895722e-05, 7.31327008907e-06, 7.80863683758e-06, 8.47127012094e-06, 7.62210083849e-06, 8.14137092675e-06, 9.48874185269e-06, 7.62174977353e-06, 5.59832915314e-06, 5.39507755093e-06, 5.67024653719e-06, 4.74552280139e-06, 5.89347155255e-06, 7.96906988398e-06, 5.37488813279e-06, 4.00193584937e-06, 3.91404591937e-06, 4.13724046666e-06, 4.59853936263e-06, 3.4603729091e-06, 2.75016100204e-06, 2.70653754342e-06, 2.90877824227e-06, 2.47403249887e-06, 2.17849765249e-06, 1.83818565347e-06, 1.54655265305e-06, 1.46603690609e-06, 1.38524478643e-06, 1.10122357455e-06, 1.16422165775e-06, 2.06861841434e-06, 1.84147813798e-06, 8.05292700079e-07, 4.12244475001e-07, 3.38163232527e-07, 2.88123146674e-07, 2.00032715725e-07, 1.58813506346e-07, 1.35393918299e-07, 1.12482609893e-07, 9.18326819033e-08, 5.64828788185e-08, 3.80103273301e-08, 3.11745260717e-08, 2.5166718487e-08, 2.24494201007e-08, 1.95873823827e-08, 1.59058295424e-08, 1.29061552556e-08, 1.01801509444e-08, 9.22230469769e-09, 4.91535345759e-09, 2.10334638595e-09]
    },
    "mfcc": {
        "mean": [-597.014709473, 93.1410140991, -12.7268238068, 27.5732192993, 1.89031434059, 1.46938276291, -5.31082344055, 7.87141466141, -1.06705892086, 0.639175593853, 0.439229130745, -0.345475375652, 0.317424535751],
        "cov": [[4295.68847656, -559.52722168, 706.713989258, 103.697380066, 483.076141357, 388.382141113, 313.381195068, 169.728500366, 206.648269653, 299.970977783, 83.6994781494, 200.44102478, 156.053588867], [-559.52722168, 605.008728027, -336.472717285, 54.5364189148, -118.762451172, -67.6565170288, -33.240486145, -29.3795986176, -31.8716201782, -59.4721679688, -5.97272539139, -46.4630584717, -44.2314224243], [706.713989258, -336.472717285, 555.802856445, 93.2089614868, 183.730255127, 150.53477478, 147.797988892, 64.546836853, 90.035369873, 110.078018188, 35.225818634, 104.333969116, 90.615447998], [103.697380066, 54.5364189148, 93.2089614868, 270.621032715, 75.1881637573, 47.8880844116, 82.8542709351, 24.5336284637, 59.5688362122, 35.8800964355, 7.17269420624, 63.6417388916, 38.2233352661], [483.076141357, -118.762451172, 183.730255127, 75.1881637573, 223.450317383, 103.028709412, 97.713180542, 59.8414535522, 79.3790283203, 86.7450714111, 36.1213645935, 66.2846221924, 56.0810890198], [388.382141113, -67.6565170288, 150.53477478, 47.8880844116, 103.028709412, 176.540802002, 124.033493042, 46.1405143738, 56.5444335938, 75.6025848389, 40.4859352112, 53.900806427, 45.0167617798], [313.381195068, -33.240486145, 147.797988892, 82.8542709351, 97.713180542, 124.033493042, 198.182556152, 60.1930351257, 64.037109375, 76.8779373169, 43.5784988403, 75.2585906982, 41.0794067383], [169.728500366, -29.3795986176, 64.546836853, 24.5336284637, 59.8414535522, 46.1405143738, 60.1930351257, 90.6399307251, 45.9339294434, 38.2894096375, 21.881023407, 34.4362030029, 32.4345855713], [206.648269653, -31.8716201782, 90.035369873, 59.5688362122, 79.3790283203, 56.5444335938, 64.037109375, 45.9339294434, 107.683700562, 61.5839691162, 16.0994853973, 40.9081993103, 39.0049781799], [299.970977783, -59.4721679688, 110.078018188, 35.8800964355, 86.7450714111, 75.6025848389, 76.8779373169, 38.2894096375, 61.5839691162, 124.613815308, 45.6404418945, 48.4976921082, 28.5003700256], [83.6994781494, -5.97272539139, 35.225818634, 7.17269420624, 36.1213645935, 40.4859352112, 43.5784988403, 21.881023407, 16.0994853973, 45.6404418945, 74.925201416, 36.4785461426, 13.9991102219], [200.44102478, -46.4630584717, 104.333969116, 63.6417388916, 66.2846221924, 53.900806427, 75.2585906982, 34.4362030029, 40.9081993103, 48.4976921082, 36.4785461426, 101.456542969, 46.5558815002], [156.053588867, -44.2314224243, 90.615447998, 38.2233352661, 56.0810890198, 45.0167617798, 41.0794067383, 32.4345855713, 39.0049781799, 28.5003700256, 13.9991102219, 46.5558815002, 77.1091384888]],
        "icov": [[0.000362193328328, 9.52695700107e-05, -0.000138556410093, 0.000108039937913, -0.000395037059207, -0.00036039261613, 3.36963566951e-05, -8.92687094165e-05, 6.40645448584e-05, -0.000334716314683, 0.000298613565974, -0.000150517225848, 7.61890114518e-05], [9.52695700107e-05, 0.00303823873401, 0.00193064322229, -0.00129252998158, 0.000682604906615, -0.000122323239339, -0.000823243695777, 3.51185044565e-05, -0.000320120336255, 0.000231064273976, -0.000791829603259, 0.00067082955502, -0.000264085945673], [-0.000138556410093, 0.00193064322229, 0.00435530534014, -0.000840877648443, -0.000548144394998, -0.000755437184125, -0.001070657745, 0.000389051041566, -5.01254107803e-05, -0.000526185613126, 0.000401127181249, -0.000502521579619, -0.00161662814207], [0.000108039937913, -0.00129252998158, -0.000840877648443, 0.0055548818782, -0.00116273481399, 0.000428766099503, -0.00110682426021, 0.000975171569735, -0.0015493548708, 0.00034194678301, 0.00169064954389, -0.00251126475632, -8.40678112581e-05], [-0.000395037059207, 0.000682604906615, -0.000548144394998, -0.00116273481399, 0.00930056162179, -0.0013369184453, 6.18439007667e-05, -0.00149660289753, -0.0020272412803, -0.00151243677828, -0.000854359241202, -0.000142652410432, -0.00114990386646], [-0.00036039261613, -0.000122323239339, -0.000755437184125, 0.000428766099503, -0.0013369184453, 0.0127914883196, -0.0057432432659, 0.000606537156273, -0.00020701403264, -0.00149417528883, -0.00191568210721, 0.00194026622921, -0.00252314703539], [3.36963566951e-05, -0.000823243695777, -0.001070657745, -0.00110682426021, 6.18439007667e-05, -0.0057432432659, 0.0122770871967, -0.00310318428092, -0.00058230268769, -0.000945023668464, -0.000486318545882, -0.0039593949914, 0.00246182642877], [-8.92687094165e-05, 3.51185044565e-05, 0.000389051041566, 0.000975171569735, -0.00149660289753, 0.000606537156273, -0.00310318428092, 0.0168629381806, -0.00401578377932, 0.000355337630026, -0.00161250762176, -8.83586762939e-05, -0.0031991971191], [6.40645448584e-05, -0.000320120336255, -5.01254107803e-05, -0.0015493548708, -0.0020272412803, -0.00020701403264, -0.00058230268769, -0.00401578377932, 0.0176483597606, -0.00577571522444, 0.00298851402476, 4.25117868872e-05, -0.00325243989937], [-0.000334716314683, 0.000231064273976, -0.000526185613126, 0.00034194678301, -0.00151243677828, -0.00149417528883, -0.000945023668464, 0.000355337630026, -0.00577571522444, 0.0168094746768, -0.00635340856388, -0.000871472235303, 0.00197332771495], [0.000298613565974, -0.000791829603259, 0.000401127181249, 0.00169064954389, -0.000854359241202, -0.00191568210721, -0.000486318545882, -0.00161250762176, 0.00298851402476, -0.00635340856388, 0.0207837373018, -0.00605386029929, 0.00102753576357], [-0.000150517225848, 0.00067082955502, -0.000502521579619, -0.00251126475632, -0.000142652410432, 0.00194026622921, -0.0039593949914, -8.83586762939e-05, 4.25117868872e-05, -0.000871472235303, -0.00605386029929, 0.0205338653177, -0.00735564855859], [7.61890114518e-05, -0.000264085945673, -0.00161662814207, -8.40678112581e-05, -0.00114990386646, -0.00252314703539, 0.00246182642877, -0.0031991971191, -0.00325243989937, 0.00197332771495, 0.00102753576357, -0.00735564855859, 0.0221183300018]]
    },
    "spectral_contrast_coeffs": {
        "mean": [-0.720369100571, -0.765225470066, -0.763707458973, -0.769620418549, -0.770202279091, -0.737372815609]
    },
    "spectral_contrast_valleys": {
        "mean": [-6.73680973053, -6.52049064636, -7.18952178955, -7.23057079315, -6.90812063217, -9.71563816071]
    }
},
"rhythm": {
    "beats_count": 394,
    "beats_loudness": {
        "mean": 0.0386202223599
    },
    "bpm": 148.92288208,
    "bpm_histogram_first_peak_bpm": 148,
    "bpm_histogram_first_peak_weight": 0.321428596973,
    "bpm_histogram_second_peak_bpm": 157,
    "bpm_histogram_second_peak_spread": 0,
    "bpm_histogram_second_peak_weight": 0.00254452927038,
    "danceability": 1.21509253979,
    "onset_rate": 3.10286641121,
    "beats_loudness_band_ratio": {
        "mean": [0.461340785027, 0.122973874211, 0.125008717179, 0.0996231362224, 0.141766250134, 0.0874792262912]
    },
    "beats_position": [0.417959183455, 0.824308395386, 1.23065757751, 1.63700675964, 2.04335594177, 2.4497051239, 2.85605430603, 3.26240348816, 3.68036270142, 4.08671188354, 4.49306106567, 4.8994102478, 5.2941493988, 5.70049858093, 6.09523820877, 6.5015873909, 6.90793657303, 7.31428575516, 7.72063493729, 8.12698364258, 8.52172279358, 8.91646194458, 9.31120204926, 9.70594120026, 10.1122903824, 10.5302495956, 10.9365987778, 11.3313379288, 11.7376871109, 12.144036293, 12.5503854752, 12.9567346573, 13.3630838394, 13.7694330215, 14.1757822037, 14.5821313858, 14.9768705368, 15.3716096878, 15.7663488388, 16.1726989746, 16.5790481567, 16.9853973389, 17.391746521, 17.786485672, 18.1928348541, 18.5875740051, 18.9823131561, 19.3886623383, 19.7834014893, 20.1897506714, 20.5960998535, 21.0024490356, 21.4087982178, 21.8035373688, 22.2098865509, 22.616235733, 23.010974884, 23.4173240662, 23.8236732483, 24.2300224304, 24.6363716125, 25.0427207947, 25.4490699768, 25.8554191589, 26.2617683411, 26.6565074921, 27.0512466431, 27.4575958252, 27.8639450073, 28.2586841583, 28.6650333405, 29.0713825226, 29.4777317047, 29.8840808868, 30.2788200378, 30.68516922, 31.0915184021, 31.4862575531, 31.8809967041, 32.2873458862, 32.6936950684, 33.0884361267, 33.4947853088, 33.901134491, 34.2958717346, 34.690612793, 35.0853500366, 35.4916992188, 35.8980484009, 36.304397583, 36.7107467651, 37.1170959473, 37.5234451294, 37.9297943115, 38.3361434937, 38.730884552, 39.1256217957, 39.5319709778, 39.9383201599, 40.344669342, 40.7510185242, 41.1457595825, 41.5404968262, 41.9468460083, 42.3415870667, 42.7479362488, 43.1426734924, 43.5490226746, 43.9553718567, 44.3617210388, 44.7680702209, 45.1744194031, 45.5807685852, 45.9755096436, 46.3818588257, 46.7882080078, 47.1829452515, 47.5776863098, 47.9724235535, 48.3787727356, 48.7851219177, 49.2030830383, 49.6210403442, 50.0273895264, 50.4337387085, 50.8284797668, 51.2232208252, 51.6179580688, 52.024307251, 52.4306564331, 52.8370056152, 53.2433547974, 53.6380958557, 54.0444450378, 54.4391822815, 54.8455314636, 55.240272522, 55.6466217041, 56.0529708862, 56.4593200684, 56.8656692505, 57.2720184326, 57.6783676147, 58.0731048584, 58.4794540405, 58.8858032227, 59.280544281, 59.6868934631, 60.0932426453, 60.4879798889, 60.894329071, 61.2890701294, 61.6954193115, 62.1017684937, 62.5081176758, 62.9144668579, 63.3092041016, 63.7155532837, 64.1102905273, 64.5050354004, 64.899772644, 65.3061218262, 65.7124710083, 66.107208252, 66.5135574341, 66.9199066162, 67.3262557983, 67.7326049805, 68.1389541626, 68.5453033447, 68.9516525269, 69.358001709, 69.7527389526, 70.1474838257, 70.5538330078, 70.9601821899, 71.3665313721, 71.7728805542, 72.1676177979, 72.5623550415, 72.9687042236, 73.3750534058, 73.7697982788, 74.1645355225, 74.5708847046, 74.9772338867, 75.3719711304, 75.7783203125, 76.1846694946, 76.5910186768, 76.9973678589, 77.3921051025, 77.7984542847, 78.2048034668, 78.6111526489, 79.0175018311, 79.4122467041, 79.8185958862, 80.2249450684, 80.619682312, 81.0260314941, 81.4207687378, 81.8271179199, 82.2450790405, 82.6398162842, 83.0345535278, 83.4292984009, 83.835647583, 84.2419967651, 84.6483459473, 85.0546951294, 85.4610443115, 85.8673934937, 86.2621307373, 86.6684799194, 87.0748291016, 87.4695663452, 87.8759155273, 88.2822647095, 88.6770019531, 89.0833511353, 89.4897003174, 89.8960494995, 90.3023986816, 90.7087478638, 91.1150970459, 91.5098419189, 91.9045791626, 92.3109283447, 92.7172775269, 93.123626709, 93.5299758911, 93.9363250732, 94.3426742554, 94.737411499, 95.1321487427, 95.5384979248, 95.9448471069, 96.33959198, 96.7343292236, 97.1290664673, 97.5354156494, 97.9417648315, 98.3481140137, 98.7544631958, 99.1608123779, 99.5671615601, 99.9735107422, 100.368255615, 100.774604797, 101.169342041, 101.564079285, 101.970428467, 102.376777649, 102.783126831, 103.189476013, 103.595825195, 104.002174377, 104.396911621, 104.791656494, 105.198005676, 105.604354858, 106.010704041, 106.417053223, 106.823402405, 107.229751587, 107.636100769, 108.030838013, 108.437187195, 108.831924438, 109.226661682, 109.621406555, 110.027755737, 110.434104919, 110.828842163, 111.223579407, 111.629928589, 112.036277771, 112.442626953, 112.837364197, 113.23210907, 113.638458252, 114.044807434, 114.451156616, 114.857505798, 115.26385498, 115.670204163, 116.076553345, 116.471290588, 116.866027832, 117.272377014, 117.678726196, 118.07346344, 118.479812622, 118.886169434, 119.280906677, 119.687255859, 120.093605042, 120.499954224, 120.906303406, 121.301040649, 121.707389832, 122.113739014, 122.508476257, 122.90322113, 123.309570312, 123.715919495, 124.122268677, 124.528617859, 124.923355103, 125.318092346, 125.71282959, 126.119178772, 126.525527954, 126.931877136, 127.338226318, 127.732971191, 128.127700806, 128.534057617, 128.94039917, 129.346755981, 129.753097534, 130.159454346, 130.565795898, 130.960540771, 131.378494263, 131.784851074, 132.179595947, 132.5859375, 132.980682373, 133.387023926, 133.793380737, 134.188110352, 134.571243286, 134.977600098, 135.38394165, 135.790298462, 136.196640015, 136.602996826, 136.99772644, 137.404083252, 137.810424805, 138.205169678, 138.61151123, 139.017868042, 139.424209595, 139.830566406, 140.225296021, 140.631652832, 141.037994385, 141.432739258, 141.839096069, 142.233825684, 142.640182495, 143.046524048, 143.452880859, 143.859222412, 144.253967285, 144.660308838, 145.066665649, 145.473007202, 145.879364014, 146.285705566, 146.680450439, 147.086807251, 147.493148804, 147.887893677, 148.294235229, 148.700592041, 149.106933594, 149.513290405, 149.90802002, 150.314376831, 150.720718384, 151.115463257, 151.51020813, 151.904937744, 152.299682617, 152.70602417, 153.112380981, 153.518722534, 153.925079346, 154.31980896, 154.714553833, 155.109298706, 155.515640259, 155.92199707, 156.328338623, 156.734695435, 157.141036987, 157.547393799, 157.953735352, 158.360092163, 158.766433716],
    "bpm_histogram": [0, 0, 0, 0, 0, 0, 0, 0, 0, 0, 0, 0, 0, 0, 0, 0, 0, 0, 0, 0, 0, 0, 0, 0, 0, 0, 0, 0, 0, 0, 0, 0, 0, 0, 0, 0, 0, 0, 0, 0, 0, 0, 0, 0, 0, 0, 0, 0, 0, 0, 0, 0, 0, 0, 0, 0, 0, 0, 0, 0, 0, 0, 0, 0, 0, 0, 0, 0, 0, 0, 0, 0, 0, 0, 0, 0, 0, 0, 0, 0, 0, 0, 0, 0, 0, 0, 0, 0, 0, 0, 0, 0, 0, 0, 0, 0, 0, 0, 0, 0, 0, 0, 0, 0, 0, 0, 0, 0, 0, 0, 0, 0, 0, 0, 0, 0, 0, 0, 0, 0, 0, 0, 0, 0, 0, 0, 0, 0, 0, 0, 0, 0, 0, 0, 0, 0, 0, 0, 0, 0, 0, 0, 0, 0, 0.0152671756223, 0, 0, 0, 0.676844775677, 0, 0, 0, 0.30534350872, 0, 0, 0, 0, 0.00254452927038, 0, 0, 0, 0, 0, 0, 0, 0, 0, 0, 0, 0, 0, 0, 0, 0, 0, 0, 0, 0, 0, 0, 0, 0, 0, 0, 0, 0, 0, 0, 0, 0, 0, 0, 0, 0, 0, 0, 0, 0, 0, 0, 0, 0, 0, 0, 0, 0, 0, 0, 0, 0, 0, 0, 0, 0, 0, 0, 0, 0, 0, 0, 0, 0, 0, 0, 0, 0, 0, 0, 0, 0, 0, 0, 0, 0, 0, 0, 0, 0, 0, 0, 0, 0, 0, 0, 0, 0, 0, 0, 0, 0]
},
"tonal": {
    "chords_changes_rate": 0.0300379116088,
    "chords_number_rate": 0.00204141158611,
    "chords_strength": {
        "mean": 0.583931922913
    },
    "hpcp_crest": {
        "mean": 14.7742452621
    },
    "hpcp_entropy": {
        "mean": 1.92254281044
    },
    "key_edma": {
        "strength": 0.861455976963,
        "key": "C#",
        "scale": "major"
    },
    "key_krumhansl": {
        "strength": 0.868635058403,
        "key": "C#",
        "scale": "major"
    },
    "key_temperley": {
        "strength": 0.869534432888,
        "key": "C#",
        "scale": "major"
    },
    "tuning_diatonic_strength": 0.656240522861,
    "tuning_equal_tempered_deviation": 0.0407520495355,
    "tuning_frequency": 440,
    "tuning_nontempered_energy_ratio": 0.671834230423,
    "hpcp": {
        "mean": [0.0736501663923, 0.0522727407515, 0.0784195438027, 0.102443538606, 0.0835217982531, 0.0687774196267, 0.0645084306598, 0.0618933551013, 0.106754943728, 0.140857592225, 0.131694123149, 0.280522704124, 0.425674438477, 0.259554445744, 0.0897844582796, 0.0743181630969, 0.0733619183302, 0.117103211582, 0.163645431399, 0.124253116548, 0.0711307600141, 0.0618331804872, 0.0737884491682, 0.209601923823, 0.275784343481, 0.162804380059, 0.12793853879, 0.151830375195, 0.119516894221, 0.0862376391888, 0.0770822912455, 0.0788552984595, 0.175877571106, 0.301059633493, 0.225791305304, 0.103707015514]
    },
    "chords_histogram": [64.0711593628, 1.07903182507, 13.0067071915, 0, 0.0874890610576, 0.0874890610576, 0.0291630215943, 0, 0.466608345509, 0, 0, 0, 0, 0, 0, 2.30387878418, 0.0291630215943, 1.34149897099, 0.320793241262, 0, 0, 0.670749485493, 11.4902305603, 5.01603984833],
    "thpcp": [1, 0.609748721123, 0.210922837257, 0.174589201808, 0.172342792153, 0.275100409985, 0.38443800807, 0.291897058487, 0.167101323605, 0.145259320736, 0.173344790936, 0.492399603128, 0.64787620306, 0.382462203503, 0.300554901361, 0.356681913137, 0.280770659447, 0.202590599656, 0.181082740426, 0.185247913003, 0.413173913956, 0.707253277302, 0.53043192625, 0.2436298877, 0.173019945621, 0.122799813747, 0.184224233031, 0.240661710501, 0.196210503578, 0.161572813988, 0.151544049382, 0.145400688052, 0.250790119171, 0.330904513597, 0.309377580881, 0.659007608891],
    "chords_key": "C#",
    "chords_scale": "major"
}
}