{
"metadata": {
    "version": {
        "essentia": "2.1-beta6-dev",
        "essentia_git_sha": "v2.1_beta5-1177-g1d1cc983",
        "extractor": "music 2.0"
    },
    "audio_properties": {
        "analysis": {
            "equal_loudness": 0,
            "length": 240.826660156,
            "sample_rate": 44100,
            "start_time": 0,
            "downmix": "mix"
        },
        "bit_rate": 1411200,
        "length": 240.826660156,
        "lossless": 1,
        "number_channels": 2,
        "replay_gain": -12.22615242,
        "sample_rate": 44100,
        "codec": "pcm_s16le",
        "md5_encoded": "79ced55fcc59af37f0d7a74749f2aa8f"
    },
    "tags": {
        "file_name": "01 - The Front Bottoms - You Used to Say (Holy Fuck).wav",
        "album": ["Going Grey"],
        "albumartist": ["The Front Bottoms"],
        "artist": ["The Front Bottoms"],
        "copyright": ["© 2017 Fueled By Ramen LLC for the United States and WEA International Inc. for the world outside of the United States. A Warner Music Group Company ℗ 2017 Fueled By Ramen LLC"],
        "date": ["2017"],
        "discnumber": ["1"],
        "disctotal": ["1"],
        "genre": ["Alternative & Indie"],
        "isrc": ["USAT21703355"],
        "title": ["You Used to Say (Holy Fuck)"],
        "tracknumber": ["1"],
        "tracktotal": ["11"]
    }
},
"lowlevel": {
    "average_loudness": 0.817180931568,
    "barkbands_crest": {
        "mean": 12.9900445938
    },
    "barkbands_flatness_db": {
        "mean": 0.171044275165
    },
    "barkbands_kurtosis": {
        "mean": 7.54937171936
    },
    "barkbands_skewness": {
        "mean": 2.12126278877
    },
    "barkbands_spread": {
        "mean": 17.9745769501
    },
    "dissonance": {
        "mean": 0.457969874144
    },
    "dynamic_complexity": 4.85433244705,
    "erbbands_crest": {
        "mean": 9.34616565704
    },
    "erbbands_flatness_db": {
        "mean": 0.159823909402
    },
    "erbbands_kurtosis": {
        "mean": 0.752560973167
    },
    "erbbands_skewness": {
        "mean": 0.372245460749
    },
    "erbbands_spread": {
        "mean": 37.8919944763
    },
    "hfc": {
        "mean": 19.7776050568
    },
    "loudness_ebu128": {
        "integrated": -9.69324398041,
        "loudness_range": 7.75081634521,
        "momentary": {
            "mean": -12.8130283356
        },
        "short_term": {
            "mean": -11.8762493134
        }
    },
    "melbands_crest": {
        "mean": 17.5868282318
    },
    "melbands_flatness_db": {
        "mean": 0.249756231904
    },
    "melbands_kurtosis": {
        "mean": 19.8286170959
    },
    "melbands_skewness": {
        "mean": 3.2609102726
    },
    "melbands_spread": {
        "mean": 16.0363540649
    },
    "pitch_salience": {
        "mean": 0.469546496868
    },
    "silence_rate_20dB": {
        "mean": 1
    },
    "silence_rate_30dB": {
        "mean": 0.946399331093
    },
    "silence_rate_60dB": {
        "mean": 0.095150873065
    },
    "spectral_centroid": {
        "mean": 1136.49121094
    },
    "spectral_complexity": {
        "mean": 18.5194263458
    },
    "spectral_decrease": {
        "mean": -1.06811866019e-08
    },
    "spectral_energy": {
        "mean": 0.0421070717275
    },
    "spectral_energyband_high": {
        "mean": 0.000852603232488
    },
    "spectral_energyband_low": {
        "mean": 0.0252765659243
    },
    "spectral_energyband_middle_high": {
        "mean": 0.00491949217394
    },
    "spectral_energyband_middle_low": {
        "mean": 0.0117863155901
    },
    "spectral_entropy": {
        "mean": 7.47298574448
    },
    "spectral_flux": {
        "mean": 0.0956682637334
    },
    "spectral_kurtosis": {
        "mean": 7.13397979736
    },
    "spectral_rms": {
        "mean": 0.00576784601435
    },
    "spectral_rolloff": {
        "mean": 926.719543457
    },
    "spectral_skewness": {
        "mean": 1.81665182114
    },
    "spectral_spread": {
        "mean": 4380169.5
    },
    "spectral_strongpeak": {
        "mean": 0.610115647316
    },
    "zerocrossingrate": {
        "mean": 0.0431301593781
    },
    "barkbands": {
        "mean": [0.000920297577977, 0.0204900372773, 0.00330935698003, 0.00162576511502, 0.00392183149233, 0.00225866353139, 0.00140431779437, 0.00124111352488, 0.0010088137351, 0.00100116536487, 0.000565715017729, 0.000649916706607, 0.000521547161043, 0.000477301131468, 0.000453105865745, 0.000381503108656, 0.000387391686672, 0.000266718852799, 0.000267894851277, 0.000224336385145, 0.000181375216926, 0.000153468907229, 0.000139299067087, 0.000127605831949, 9.21211394598e-05, 3.30184666382e-05, 3.41122927239e-06]
    },
    "erbbands": {
        "mean": [0.64921605587, 4.25723075867, 5.11600399017, 4.15525102615, 10.2453517914, 14.4638652802, 10.4387769699, 22.8401508331, 24.5129241943, 21.0053157806, 23.3132514954, 27.3917961121, 25.5683021545, 29.5713996887, 26.7480506897, 27.9900875092, 25.3857707977, 27.9844551086, 25.8780097961, 18.4159507751, 21.2586040497, 19.7491645813, 16.1111087799, 13.5995903015, 13.14802742, 11.020113945, 8.35985851288, 6.37433099747, 5.53485250473, 4.90653562546, 3.82850313187, 2.99442338943, 1.8840637207, 1.1673129797, 0.596254229546, 0.223830848932, 0.0438587963581, 0.00612163497135, 0.00062373932451, 6.72070818837e-05]
    },
    "gfcc": {
        "mean": [-33.5354537964, 113.515602112, -108.74810791, 33.2613639832, -50.5294342041, 18.523021698, -30.3397121429, 10.8312702179, -15.8301687241, 2.32599830627, -8.60346031189, -1.95761406422, -5.42533922195],
        "cov": [[25570.4394531, -1884.04992676, -534.98614502, 2513.65722656, 89.6250839233, 1105.58422852, -524.430358887, 870.982177734, 45.3621330261, 580.166259766, -49.2943916321, 287.625305176, -152.202270508], [-1884.04992676, 2255.34057617, -46.3066749573, -311.727874756, 453.36529541, -334.665252686, 293.232849121, -188.850402832, 309.806427002, -179.37348938, 210.006973267, -207.121871948, 158.340942383], [-534.98614502, -46.3066749573, 773.474487305, 142.638565063, 123.051147461, 95.6931991577, -29.6557807922, 62.0716094971, 66.2333679199, 53.4599456787, -14.6358966827, 18.4787139893, 1.43744564056], [2513.65722656, -311.727874756, 142.638565063, 686.035400391, 129.924331665, 156.635650635, -30.8272304535, 107.308403015, 58.7067832947, 50.7401542664, 4.00158834457, 17.626537323, 19.7424564362], [89.6250839233, 453.36529541, 123.051147461, 129.924331665, 412.25177002, 35.8096542358, 129.079071045, 11.7183866501, 130.926559448, 0.906119585037, 37.9620246887, -29.7843265533, 46.0102119446], [1105.58422852, -334.665252686, 95.6931991577, 156.635650635, 35.8096542358, 288.461517334, 59.4345359802, 85.1758422852, -10.3975858688, 62.1061706543, -22.9917373657, 29.5186138153, -13.0615777969], [-524.430358887, 293.232849121, -29.6557807922, -30.8272304535, 129.079071045, 59.4345359802, 320.93649292, -16.9805278778, 49.1109619141, -17.1258277893, 16.7756633759, -17.367937088, 32.1365280151], [870.982177734, -188.850402832, 62.0716094971, 107.308403015, 11.7183866501, 85.1758422852, -16.9805278778, 157.439758301, 31.8927726746, 43.5866508484, 4.90047073364, 24.7922267914, -12.3125076294], [45.3621330261, 309.806427002, 66.2333679199, 58.7067832947, 130.926559448, -10.3975858688, 49.1109619141, 31.8927726746, 164.505752563, 27.2213954926, 45.2881660461, -27.3157501221, 30.8666820526], [580.166259766, -179.37348938, 53.4599456787, 50.7401542664, 0.906119585037, 62.1061706543, -17.1258277893, 43.5866508484, 27.2213954926, 131.8931427, 7.91543579102, 32.8003082275, -5.62937641144], [-49.2943916321, 210.006973267, -14.6358966827, 4.00158834457, 37.9620246887, -22.9917373657, 16.7756633759, 4.90047073364, 45.2881660461, 7.91543579102, 100.697494507, 10.2660083771, 30.5926570892], [287.625305176, -207.121871948, 18.4787139893, 17.626537323, -29.7843265533, 29.5186138153, -17.367937088, 24.7922267914, -27.3157501221, 32.8003082275, 10.2660083771, 101.948684692, 18.9806995392], [-152.202270508, 158.340942383, 1.43744564056, 19.7424564362, 46.0102119446, -13.0615777969, 32.1365280151, -12.3125076294, 30.8666820526, -5.62937641144, 30.5926570892, 18.9806995392, 83.8029174805]],
        "icov": [[0.000134300076752, -0.000346313900081, 0.000281613669358, -0.000544850598089, 0.000151346350322, -0.000428596045822, 0.000325006985804, -0.000443688652012, 0.000289509975119, -0.000490704318509, 0.000480313465232, -0.000614944146946, 0.000506409909576], [-0.000346313900081, 0.00312851276249, -0.000860567437485, 0.00229384074919, -0.00167598377448, 0.00226388988085, -0.00156842044089, 0.00210013869219, -0.00271231727675, 0.00282896449789, -0.00408677337691, 0.00454559316859, -0.00323132309131], [0.000281613669358, -0.000860567437485, 0.00211623031646, -0.00124889810104, -3.10572613671e-05, -0.00135823467281, 0.00112469377927, -0.0010558598442, 0.000145453275763, -0.00127182435244, 0.00169008458033, -0.00183724891394, 0.00127445126418], [-0.000544850598089, 0.00229384074919, -0.00124889810104, 0.00453049689531, -0.00168265146203, 0.00125436496455, -0.000961563549936, 0.00145925034303, -0.00221482012421, 0.00264480779879, -0.00294974073768, 0.00376178789884, -0.00344881811179], [0.000151346350322, -0.00167598377448, -3.10572613671e-05, -0.00168265146203, 0.00488682975993, -0.00141389330383, -0.000330807612045, -0.000554195779841, -0.000944230356254, -0.000902748783119, 0.00193940580357, -0.00196482450701, 0.00100471021142], [-0.000428596045822, 0.00226388988085, -0.00135823467281, 0.00125436496455, -0.00141389330383, 0.00779200205579, -0.00316049903631, -0.000397411407903, 5.15229221492e-05, 0.000303480657749, -0.00203835172579, 0.00325329299085, -0.00217511528172], [0.000325006985804, -0.00156842044089, 0.00112469377927, -0.000961563549936, -0.000330807612045, -0.00316049903631, 0.0053561963141, -0.000639512902126, 0.000392455025576, -0.000860606960487, 0.00203002011403, -0.002238051733, 0.000865511479788], [-0.000443688652012, 0.00210013869219, -0.0010558598442, 0.00145925034303, -0.000554195779841, -0.000397411407903, -0.000639512902126, 0.01128765475, -0.00476763211191, 0.00197806512006, -0.00320964562707, 0.000987903098576, -0.000116751958558], [0.000289509975119, -0.00271231727675, 0.000145453275763, -0.00221482012421, -0.000944230356254, 5.15229221492e-05, 0.000392455025576, -0.00476763211191, 0.0143617996946, -0.00571084534749, 0.000403165264288, 0.000631707254797, -0.000118352902064], [-0.000490704318509, 0.00282896449789, -0.00127182435244, 0.00264480779879, -0.000902748783119, 0.000303480657749, -0.000860606960487, 0.00197806512006, -0.00571084534749, 0.0133635364473, -0.0041261180304, 0.000760959461331, -0.00133902276866], [0.000480313465232, -0.00408677337691, 0.00169008458033, -0.00294974073768, 0.00193940580357, -0.00203835172579, 0.00203002011403, -0.00320964562707, 0.000403165264288, -0.0041261180304, 0.0182108189911, -0.0078158583492, 0.0013240854023], [-0.000614944146946, 0.00454559316859, -0.00183724891394, 0.00376178789884, -0.00196482450701, 0.00325329299085, -0.002238051733, 0.000987903098576, 0.000631707254797, 0.000760959461331, -0.0078158583492, 0.0209033954889, -0.0100337993354], [0.000506409909576, -0.00323132309131, 0.00127445126418, -0.00344881811179, 0.00100471021142, -0.00217511528172, 0.000865511479788, -0.000116751958558, -0.000118352902064, -0.00133902276866, 0.0013240854023, -0.0100337993354, 0.0202516913414]]
    },
    "melbands": {
        "mean": [0.00580499041826, 0.00361476419494, 0.00092674663756, 0.000923802144825, 0.000417388888309, 0.000491241866257, 0.000353195006028, 0.000236702209804, 0.000178856498678, 0.000169933293364, 0.000125415768707, 0.000121737924928, 7.85071606515e-05, 8.20544155431e-05, 5.55455626454e-05, 5.3793493862e-05, 5.28048658452e-05, 4.00079079554e-05, 2.72604884231e-05, 2.85589794657e-05, 2.35934676311e-05, 2.12073591683e-05, 1.71087776835e-05, 1.29904838104e-05, 1.04662249214e-05, 1.05989593067e-05, 7.54750726628e-06, 7.38981816539e-06, 5.24645292899e-06, 4.67034351459e-06, 3.37339565704e-06, 3.15513352689e-06, 2.88119963443e-06, 2.68312146545e-06, 2.25641474572e-06, 2.00195836442e-06, 1.74937702013e-06, 1.3389585547e-06, 1.1454496871e-06, 9.24179971662e-07]
    },
    "melbands128": {
        "mean": [0.000886730209459, 0.00498691899702, 0.00828189123422, 0.00671487767249, 0.00339182163589, 0.00136702193413, 0.000686693063471, 0.000941477541346, 0.00104985269718, 0.00100581697188, 0.000860832980834, 0.000432046770584, 0.000309908791678, 0.000318768696161, 0.000603817927185, 0.000516107596923, 0.000434799032519, 0.000362859602319, 0.000203901276109, 0.000215235137148, 0.000282251130557, 0.000183935495443, 0.000199339599931, 0.000110390021291, 0.000188195976079, 0.000210530270124, 8.57519771671e-05, 0.000146063015563, 9.63394049904e-05, 0.000179453549208, 0.000108128930151, 6.01890678809e-05, 6.14668024355e-05, 0.000119254887977, 6.99643642292e-05, 7.93589788373e-05, 8.85638801265e-05, 3.60869562428e-05, 5.5169010011e-05, 5.88964685448e-05, 6.1727463617e-05, 2.78711704595e-05, 5.86811329413e-05, 7.07545477781e-05, 2.02682131203e-05, 4.51678279205e-05, 4.94248524774e-05, 2.38859011006e-05, 2.07756638702e-05, 1.77956535481e-05, 3.61356214853e-05, 3.2320349419e-05, 2.08189630939e-05, 2.06662734854e-05, 2.68607218459e-05, 1.88220346899e-05, 1.76416524482e-05, 2.35919069382e-05, 1.28223191496e-05, 1.45067624544e-05, 1.36044645842e-05, 1.01894429463e-05, 1.40316633406e-05, 8.69039195095e-06, 8.56389942783e-06, 1.20925615192e-05, 1.12476500362e-05, 7.33292699806e-06, 6.69223300065e-06, 7.84006624599e-06, 6.71326051815e-06, 8.89007696969e-06, 5.13843679073e-06, 4.48043692813e-06, 5.01140812048e-06, 5.32020385435e-06, 4.40120675194e-06, 3.27083103002e-06, 3.40168503499e-06, 3.19695891449e-06, 3.14166732096e-06, 3.2485106658e-06, 2.90644447887e-06, 2.83077838503e-06, 2.92892400466e-06, 2.59505463873e-06, 2.67939049081e-06, 2.65702215074e-06, 2.22668745664e-06, 1.96111659534e-06, 2.01249417842e-06, 2.00514386961e-06, 2.05143965104e-06, 1.68359053987e-06, 1.73905243628e-06, 1.3174619653e-06, 1.27552232243e-06, 1.28062742988e-06, 1.14361307624e-06, 1.10979635792e-06, 1.01416787857e-06, 9.53777885115e-07, 7.16180636573e-07, 7.45731597362e-07, 8.11070094642e-07, 5.7266896647e-07, 3.90850402709e-07, 3.63627833622e-07, 4.67324440478e-07, 3.67868921103e-07, 2.19247979771e-07, 1.59618778639e-07, 1.0665216621e-07, 8.32560758113e-08, 6.12557542468e-08, 4.34432969598e-08, 3.64891867832e-08, 3.79053659572e-08, 3.5999043746e-08, 1.82226127521e-08, 9.66182600592e-09, 5.7156039901e-09, 3.30656679814e-09, 2.31397057071e-09, 1.41442968449e-09, 7.76633923838e-10, 5.4172050179e-10, 4.24580232083e-10]
    },
    "mfcc": {
        "mean": [-672.315307617, 137.386795044, 5.66452550888, 22.5355625153, 8.01699829102, 8.63922309875, 3.25124573708, 6.78365564346, 2.54480862617, 5.07232666016, 1.46347558498, 3.16236782074, 1.02854204178],
        "cov": [[19838.9667969, -1479.57885742, 22.321559906, 903.258178711, 800.271911621, 440.522033691, 192.310684204, 326.96472168, 131.256973267, 358.097106934, 258.676940918, 219.154434204, 102.302253723], [-1479.57885742, 2316.49975586, -272.506896973, 130.256988525, 93.7681655884, 49.9738082886, 34.9900665283, 46.6738357544, 78.7441635132, 77.0730209351, 62.2843284607, 48.8378753662, 34.0472869873], [22.321559906, -272.506896973, 589.823913574, 39.5715293884, 127.856781006, 15.4156446457, -10.8744697571, 2.42146682739, 27.1072654724, 20.4945468903, 23.7366714478, 15.3908042908, 4.88980007172], [903.258178711, 130.256988525, 39.5715293884, 444.42565918, 193.983886719, 97.4482803345, 18.9361000061, 54.4472084045, 55.2567672729, 62.044960022, 19.2086791992, 29.9273967743, 17.9180774689], [800.271911621, 93.7681655884, 127.856781006, 193.983886719, 381.69329834, 48.2621498108, -6.52872610092, 28.9938678741, 48.533493042, 62.9979400635, 34.1361961365, 43.8933982849, 28.2956962585], [440.522033691, 49.9738082886, 15.4156446457, 97.4482803345, 48.2621498108, 241.127044678, 97.6314468384, 50.0825195312, 75.0692825317, 55.2505950928, 36.6865882874, 19.4494819641, -10.6394262314], [192.310684204, 34.9900665283, -10.8744697571, 18.9361000061, -6.52872610092, 97.6314468384, 160.587509155, 73.8764648438, 46.0691299438, 25.3643550873, 25.9345016479, 5.08114957809, 0.162703901529], [326.96472168, 46.6738357544, 2.42146682739, 54.4472084045, 28.9938678741, 50.0825195312, 73.8764648438, 133.43927002, 48.1895332336, 30.6816101074, 21.6921424866, 8.14804458618, 13.5831766129], [131.256973267, 78.7441635132, 27.1072654724, 55.2567672729, 48.533493042, 75.0692825317, 46.0691299438, 48.1895332336, 117.418708801, 57.1558151245, 29.401758194, 21.1862850189, 4.10774278641], [358.097106934, 77.0730209351, 20.4945468903, 62.044960022, 62.9979400635, 55.2505950928, 25.3643550873, 30.6816101074, 57.1558151245, 112.605957031, 58.7754936218, 22.4746780396, 4.4178519249], [258.676940918, 62.2843284607, 23.7366714478, 19.2086791992, 34.1361961365, 36.6865882874, 25.9345016479, 21.6921424866, 29.401758194, 58.7754936218, 93.6804351807, 34.3219795227, 4.89221811295], [219.154434204, 48.8378753662, 15.3908042908, 29.9273967743, 43.8933982849, 19.4494819641, 5.08114957809, 8.14804458618, 21.1862850189, 22.4746780396, 34.3219795227, 74.2128067017, 25.2883968353], [102.302253723, 34.0472869873, 4.88980007172, 17.9180774689, 28.2956962585, -10.6394262314, 0.162703901529, 13.5831766129, 4.10774278641, 4.4178519249, 4.89221811295, 25.2883968353, 71.8739318848]],
        "icov": [[7.02594261384e-05, 6.91082022968e-05, 6.34890166111e-05, -8.46134207677e-05, -0.000102388112282, -6.06708526902e-05, -9.7129122878e-07, -0.000113989844976, 0.000124786936794, -0.00011946655286, -7.78458634159e-05, -9.8606426036e-05, -2.28902299568e-05], [6.91082022968e-05, 0.000559405365493, 0.000341130100423, -0.000162777330843, -0.000204596566618, -1.92945958588e-06, -7.04246758687e-06, -9.38196026254e-05, -0.000135380905704, -0.000168027545442, -0.000300612271531, -0.000164849116118, -0.000151452841237], [6.34890166111e-05, 0.000341130100423, 0.00207131402567, 2.47042885348e-06, -0.000821755791549, -4.41425690951e-05, 0.00017645744083, -3.6880639982e-06, -0.00040007987991, 0.000164252269315, -0.000639230129309, 1.1684567653e-05, -2.40527060669e-05], [-8.46134207677e-05, -0.000162777330843, 2.47042885348e-06, 0.00337326922454, -0.00124654138926, -0.000984073849395, 0.000606309331488, -0.000776537694037, -4.00503631681e-05, -0.000696359435096, 0.00102085922845, -0.000175254317583, -0.00011585241009], [-0.000102388112282, -0.000204596566618, -0.000821755791549, -0.00124654138926, 0.00412610173225, 3.07799236907e-05, 0.000650772824883, 7.79175479693e-06, -0.000400052347686, -0.000880527601112, 0.000221597088967, -0.000887551694177, -0.000639269477688], [-6.06708526902e-05, -1.92945958588e-06, -4.41425690951e-05, -0.000984073849395, 3.07799236907e-05, 0.00701475888491, -0.00361175299622, 0.000860637170263, -0.00242046033964, -0.000735881156288, -0.000193633284653, -0.000673164613545, 0.00164099468384], [-9.7129122878e-07, -7.04246758687e-06, 0.00017645744083, 0.000606309331488, 0.000650772824883, -0.00361175299622, 0.010884873569, -0.00475674215704, -0.000817054300569, 0.000950464454945, -0.00151625496801, 0.000802269845735, -0.000265757262241], [-0.000113989844976, -9.38196026254e-05, -3.6880639982e-06, -0.000776537694037, 7.79175479693e-06, 0.000860637170263, -0.00475674215704, 0.0117201348767, -0.00291922246106, -7.67236269894e-05, -0.000618612510152, 0.00132159283385, -0.00193064287305], [0.000124786936794, -0.000135380905704, -0.00040007987991, -4.00503631681e-05, -0.000400052347686, -0.00242046033964, -0.000817054300569, -0.00291922246106, 0.0145278545097, -0.00559857860208, 0.0016214849893, -0.00230159214698, 0.000489717524033], [-0.00011946655286, -0.000168027545442, 0.000164252269315, -0.000696359435096, -0.000880527601112, -0.000735881156288, 0.000950464454945, -7.67236269894e-05, -0.00559857860208, 0.0175863560289, -0.00904893968254, 0.00187283800915, -0.000141886470374], [-7.78458634159e-05, -0.000300612271531, -0.000639230129309, 0.00102085922845, 0.000221597088967, -0.000193633284653, -0.00151625496801, -0.000618612510152, 0.0016214849893, -0.00904893968254, 0.0192224215716, -0.00693152705207, 0.0016405795468], [-9.8606426036e-05, -0.000164849116118, 1.1684567653e-05, -0.000175254317583, -0.000887551694177, -0.000673164613545, 0.000802269845735, 0.00132159283385, -0.00230159214698, 0.00187283800915, -0.00693152705207, 0.0198666714132, -0.00624220818281], [-2.28902299568e-05, -0.000151452841237, -2.40527060669e-05, -0.00011585241009, -0.000639269477688, 0.00164099468384, -0.000265757262241, -0.00193064287305, 0.000489717524033, -0.000141886470374, 0.0016405795468, -0.00624220818281, 0.0169734917581]]
    },
    "spectral_contrast_coeffs": {
        "mean": [-0.732613921165, -0.747231841087, -0.776717245579, -0.802427947521, -0.80231243372, -0.782924413681]
    },
    "spectral_contrast_valleys": {
        "mean": [-6.67823028564, -6.88387203217, -7.51205348969, -7.83272886276, -8.0224609375, -10.6288671494]
    }
},
"rhythm": {
    "beats_count": 452,
    "beats_loudness": {
        "mean": 0.0659764036536
    },
    "bpm": 111.967521667,
    "bpm_histogram_first_peak_bpm": 112,
    "bpm_histogram_first_peak_weight": 0.220623552799,
    "bpm_histogram_second_peak_bpm": 133,
    "bpm_histogram_second_peak_spread": 0,
    "bpm_histogram_second_peak_weight": 0.0221729483455,
    "danceability": 1.15184760094,
    "onset_rate": 3.4544467926,
    "beats_loudness_band_ratio": {
        "mean": [0.712084889412, 0.108490362763, 0.0913828983903, 0.0747700259089, 0.022919414565, 0.0193835906684]
    },
    "beats_position": [0.49922901392, 1.01006805897, 1.52090704441, 2.03174591064, 2.55419492722, 3.08825397491, 3.62231278419, 4.15637159348, 4.65560102463, 5.14321994781, 5.64244890213, 6.13006782532, 6.6176867485, 7.10530614853, 7.55809497833, 8.01088428497, 8.46367359161, 8.91646194458, 9.36925125122, 9.82204055786, 10.2748298645, 10.7276191711, 11.1804075241, 11.6331968307, 12.1556463242, 12.6780948639, 13.2121543884, 13.7462129593, 14.268661499, 14.7911109924, 15.3251695633, 15.8592290878, 16.3932876587, 16.9273471832, 17.4730148315, 17.9490242004, 18.4250335693, 18.9010429382, 19.3770523071, 19.853061676, 20.3406791687, 20.8399085999, 21.339138031, 21.8383674622, 22.3724250793, 22.9064846039, 23.4405441284, 23.9862117767, 24.5202713013, 25.0659408569, 25.6000003815, 26.1456680298, 26.6913375854, 27.1905670166, 27.6897945404, 28.1774139404, 28.6534233093, 29.1410427094, 29.6170520782, 30.1627197266, 30.7083892822, 31.265668869, 31.8113365173, 32.357006073, 32.9026756287, 33.4483451843, 33.9824028015, 34.5280723572, 35.0621299744, 35.5961914062, 36.1302490234, 36.6643066406, 37.1983680725, 37.7440338135, 38.2897033691, 38.823764801, 39.3578224182, 39.8918800354, 40.4259414673, 40.9599990845, 41.4940567017, 42.0281181335, 42.5621757507, 43.0846252441, 43.6302947998, 44.164352417, 44.6984100342, 45.2324714661, 45.7665290833, 46.3005905151, 46.8462562561, 47.3919258118, 47.9259872437, 48.4600448608, 48.994102478, 49.5281639099, 50.0622215271, 50.5962791443, 51.1303405762, 51.6643981934, 52.1984558105, 52.7325172424, 53.2665748596, 53.8006324768, 54.3346939087, 54.8687515259, 55.4028091431, 55.9484786987, 56.4941482544, 57.0282058716, 57.5622673035, 58.0963249207, 58.6303825378, 59.1644439697, 59.6985015869, 60.2325630188, 60.766620636, 61.3006782532, 61.8463478088, 62.3920173645, 62.9260749817, 63.4601364136, 63.9941940308, 64.5282516479, 65.0623092651, 65.5963668823, 66.1304321289, 66.6644897461, 67.1985473633, 67.7442169189, 68.2898864746, 68.8239440918, 69.358001709, 69.8920593262, 70.4261245728, 70.9601821899, 71.4826278687, 72.0050811768, 72.5391387939, 73.0848083496, 73.6304779053, 74.1645355225, 74.6985931396, 75.2326507568, 75.766708374, 76.3007659912, 76.8464355469, 77.3805007935, 77.9145584106, 78.4370040894, 78.9710617065, 79.5051269531, 80.0391845703, 80.561630249, 81.0840835571, 81.6181411743, 82.1521987915, 82.6978683472, 83.2435379028, 83.77759552, 84.3348770142, 84.8689346313, 85.414604187, 85.9602737427, 86.4943313599, 87.0283889771, 87.5624465942, 88.0965042114, 88.6305618286, 89.1646270752, 89.6986846924, 90.2327423096, 90.7667999268, 91.3008575439, 91.8349151611, 92.3805847168, 92.9262542725, 93.460319519, 93.9943771362, 94.5284347534, 95.0624923706, 95.5965499878, 96.130607605, 96.6646728516, 97.1987304688, 97.7327880859, 98.2668457031, 98.8009033203, 99.346572876, 99.8922424316, 100.426300049, 100.960357666, 101.494422913, 102.02848053, 102.562538147, 103.096595764, 103.630653381, 104.164710999, 104.698776245, 105.232833862, 105.766891479, 106.312561035, 106.846618652, 107.38067627, 107.926345825, 108.460403442, 108.994468689, 109.528526306, 110.062583923, 110.596641541, 111.130699158, 111.664756775, 112.198822021, 112.732879639, 113.266937256, 113.800994873, 114.33505249, 114.869110107, 115.403175354, 115.937232971, 116.471290588, 117.005348206, 117.539405823, 118.085075378, 118.630744934, 119.164802551, 119.698867798, 120.232925415, 120.766983032, 121.301040649, 121.835098267, 122.369155884, 122.90322113, 123.437278748, 123.982948303, 124.51700592, 125.062675476, 125.596733093, 126.13079071, 126.664848328, 127.198905945, 127.732971191, 128.267028809, 128.801086426, 129.335144043, 129.86920166, 130.414871216, 130.960540771, 131.494598389, 132.028656006, 132.562713623, 133.09677124, 133.630844116, 134.176498413, 134.722167969, 135.256240845, 135.790298462, 136.312744141, 136.846801758, 137.380859375, 137.914916992, 138.448974609, 138.983032227, 139.528701782, 140.062759399, 140.596817017, 141.130874634, 141.66494751, 142.199005127, 142.733062744, 143.267120361, 143.801177979, 144.335235596, 144.880905151, 145.414962769, 145.949020386, 146.494689941, 147.028747559, 147.562805176, 148.096862793, 148.63092041, 149.164993286, 149.699050903, 150.233108521, 150.767166138, 151.301223755, 151.835281372, 152.369338989, 152.915008545, 153.460678101, 153.994735718, 154.528793335, 155.062850952, 155.596908569, 156.130966187, 156.665023804, 157.19909668, 157.733154297, 158.267211914, 158.801269531, 159.346939087, 159.892608643, 160.42666626, 160.960723877, 161.494781494, 162.028839111, 162.562896729, 163.096954346, 163.631011963, 164.16506958, 164.699142456, 165.233200073, 165.778869629, 166.312927246, 166.846984863, 167.38104248, 167.915100098, 168.449157715, 168.983215332, 169.528884888, 170.062942505, 170.597000122, 171.131057739, 171.665115356, 172.210784912, 172.756454468, 173.290512085, 173.824569702, 174.358642578, 174.892700195, 175.426757812, 175.96081543, 176.494873047, 177.028930664, 177.562988281, 178.097045898, 178.631103516, 179.165161133, 179.710830688, 180.244888306, 180.767349243, 181.30140686, 181.847076416, 182.392745972, 182.926803589, 183.460861206, 183.994918823, 184.52897644, 185.063034058, 185.597091675, 186.131149292, 186.665206909, 187.199264526, 187.733337402, 188.26739502, 188.801452637, 189.347122192, 189.892791748, 190.426849365, 190.960906982, 191.4949646, 192.029022217, 192.563079834, 193.097137451, 193.631195068, 194.165252686, 194.699310303, 195.23336792, 195.767440796, 196.313110352, 196.858764648, 197.392837524, 197.926895142, 198.460952759, 198.995010376, 199.529067993, 200.06312561, 200.597183228, 201.131240845, 201.665298462, 202.199356079, 202.733413696, 203.267486572, 203.801544189, 204.335601807, 204.881271362, 205.426940918, 205.960998535, 206.495056152, 207.02911377, 207.563171387, 208.097229004, 208.631286621, 209.165344238, 209.699401855, 210.233459473, 210.76751709, 211.301589966, 211.835647583, 212.3697052, 212.903762817, 213.461044312, 213.995101929, 214.529159546, 215.063217163, 215.59727478, 216.131332397, 216.665390015, 217.199447632, 217.733505249, 218.279174805, 218.813232422, 219.335693359, 219.881362915, 220.427032471, 220.961090088, 221.495147705, 222.029205322, 222.563262939, 223.097320557, 223.631378174, 224.165435791, 224.699493408, 225.233551025, 225.767608643, 226.30166626, 226.835739136, 227.369796753, 227.90385437, 228.449523926, 228.995193481, 229.529251099, 230.063308716, 230.597366333, 231.13142395, 231.665481567, 232.211151123, 232.74520874, 233.279266357, 233.824935913, 234.370605469, 234.916275024, 235.46194458, 236.007614136, 236.541671753, 237.07572937, 237.609786987, 238.143844604, 238.677902222, 239.211975098, 239.746032715, 240.280090332],
    "bpm_histogram": [0, 0, 0, 0, 0, 0, 0, 0, 0, 0, 0, 0, 0, 0, 0, 0, 0, 0, 0, 0, 0, 0, 0, 0, 0, 0, 0, 0, 0, 0, 0, 0, 0, 0, 0, 0, 0, 0, 0, 0, 0, 0, 0, 0, 0, 0, 0, 0, 0, 0, 0, 0, 0, 0, 0, 0, 0, 0, 0, 0, 0, 0, 0, 0, 0, 0, 0, 0, 0, 0, 0, 0, 0, 0, 0, 0, 0, 0, 0, 0, 0, 0, 0, 0, 0, 0, 0, 0, 0, 0, 0, 0, 0, 0, 0, 0, 0, 0, 0, 0, 0, 0, 0, 0, 0, 0, 0, 0, 0.00665188487619, 0, 0.166297122836, 0, 0.72062087059, 0, 0, 0.0310421288013, 0, 0.00665188487619, 0, 0, 0.0155210644007, 0, 0, 0.0155210644007, 0, 0, 0.0155210644007, 0, 0, 0, 0, 0, 0, 0.0221729483455, 0, 0, 0, 0, 0, 0, 0, 0, 0, 0, 0, 0, 0, 0, 0, 0, 0, 0, 0, 0, 0, 0, 0, 0, 0, 0, 0, 0, 0, 0, 0, 0, 0, 0, 0, 0, 0, 0, 0, 0, 0, 0, 0, 0, 0, 0, 0, 0, 0, 0, 0, 0, 0, 0, 0, 0, 0, 0, 0, 0, 0, 0, 0, 0, 0, 0, 0, 0, 0, 0, 0, 0, 0, 0, 0, 0, 0, 0, 0, 0, 0, 0, 0, 0, 0, 0, 0, 0, 0, 0, 0, 0, 0, 0, 0, 0, 0, 0, 0, 0, 0, 0, 0, 0, 0, 0, 0, 0, 0, 0, 0, 0, 0, 0, 0, 0]
},
"tonal": {
    "chords_changes_rate": 0.0516676306725,
    "chords_number_rate": 0.00192789663561,
    "chords_strength": {
        "mean": 0.529239952564
    },
    "hpcp_crest": {
        "mean": 13.8505077362
    },
    "hpcp_entropy": {
        "mean": 1.92521357536
    },
    "key_edma": {
        "strength": 0.789287209511,
        "key": "Bb",
        "scale": "major"
    },
    "key_krumhansl": {
        "strength": 0.79545879364,
        "key": "F",
        "scale": "major"
    },
    "key_temperley": {
        "strength": 0.81358230114,
        "key": "F",
        "scale": "major"
    },
    "tuning_diatonic_strength": 0.720733106136,
    "tuning_equal_tempered_deviation": 0.260679334402,
    "tuning_frequency": 434.193115234,
    "tuning_nontempered_energy_ratio": 0.956489264965,
    "hpcp": {
        "mean": [0.119352415204, 0.150273665786, 0.112995408475, 0.145946890116, 0.166780024767, 0.102040484548, 0.0581893734634, 0.0611945576966, 0.0764527767897, 0.163910776377, 0.198005184531, 0.11838850379, 0.0781474784017, 0.0626112297177, 0.0543810985982, 0.102343887091, 0.12638027966, 0.0904329419136, 0.0652602165937, 0.0497793368995, 0.0462854579091, 0.0645892694592, 0.0788205191493, 0.112494371831, 0.289169937372, 0.333072990179, 0.167697504163, 0.102900929749, 0.103031411767, 0.102551922202, 0.128182932734, 0.128786191344, 0.0803390666842, 0.0465430058539, 0.037621229887, 0.0492319650948]
    },
    "chords_histogram": [42.8957023621, 4.53055715561, 7.90437650681, 0, 8.77192974091, 0.38557934761, 0.79043763876, 0.269905537367, 1.21457493305, 0, 0, 0, 0, 0, 0.0963948369026, 1.90861773491, 0.0578369013965, 4.72334671021, 0.0771158635616, 0.751879692078, 0, 4.68478870392, 17.4860229492, 3.45093512535],
    "thpcp": [1, 0.503485739231, 0.3089440763, 0.309335827827, 0.307896256447, 0.384849369526, 0.386660575867, 0.241205587983, 0.139738157392, 0.112951911986, 0.147811338305, 0.358337104321, 0.451173365116, 0.339251190424, 0.438182890415, 0.500731170177, 0.306360721588, 0.174704566598, 0.183727174997, 0.229537606239, 0.492116689682, 0.594479858875, 0.355443120003, 0.234625682235, 0.187980502844, 0.163270816207, 0.307271659374, 0.379437178373, 0.271510869265, 0.195933684707, 0.14945474267, 0.138964906335, 0.193919271231, 0.236646384001, 0.337746918201, 0.868187904358],
    "chords_key": "F",
    "chords_scale": "major"
}
}