{
"metadata": {
    "version": {
        "essentia": "2.1-beta6-dev",
        "essentia_git_sha": "v2.1_beta5-1177-g1d1cc983",
        "extractor": "music 2.0"
    },
    "audio_properties": {
        "analysis": {
            "equal_loudness": 0,
            "length": 197.973327637,
            "sample_rate": 44100,
            "start_time": 0,
            "downmix": "mix"
        },
        "bit_rate": 1411200,
        "length": 197.973327637,
        "lossless": 1,
        "number_channels": 2,
        "replay_gain": -13.9339599609,
        "sample_rate": 44100,
        "codec": "pcm_s16le",
        "md5_encoded": "f762db596ec2de59f9256e2c4950a01f"
    },
    "tags": {
        "file_name": "04 - The Front Bottoms - Jim Bogart.wav",
        "album": ["Rose"],
        "albumartist": ["The Front Bottoms"],
        "artist": ["The Front Bottoms"],
        "copyright": ["2014 Bar None Records 2014 Bar None Records"],
        "date": ["2014"],
        "discnumber": ["1"],
        "disctotal": ["1"],
        "genre": ["Rock"],
        "isrc": ["US37V1422704"],
        "title": ["Jim Bogart"],
        "tracknumber": ["4"],
        "tracktotal": ["6"]
    }
},
"lowlevel": {
    "average_loudness": 0.888065338135,
    "barkbands_crest": {
        "mean": 10.7572555542
    },
    "barkbands_flatness_db": {
        "mean": 0.169374927878
    },
    "barkbands_kurtosis": {
        "mean": 17.8412532806
    },
    "barkbands_skewness": {
        "mean": 1.51346337795
    },
    "barkbands_spread": {
        "mean": 19.8997898102
    },
    "dissonance": {
        "mean": 0.432062864304
    },
    "dynamic_complexity": 3.20260071754,
    "erbbands_crest": {
        "mean": 11.8088207245
    },
    "erbbands_flatness_db": {
        "mean": 0.164253354073
    },
    "erbbands_kurtosis": {
        "mean": 2.3402838707
    },
    "erbbands_skewness": {
        "mean": 0.500071227551
    },
    "erbbands_spread": {
        "mean": 38.6381988525
    },
    "hfc": {
        "mean": 23.8887672424
    },
    "loudness_ebu128": {
        "integrated": -8.40109729767,
        "loudness_range": 5.30389261246,
        "momentary": {
            "mean": -10.0156965256
        },
        "short_term": {
            "mean": -9.25060939789
        }
    },
    "melbands_crest": {
        "mean": 15.1491270065
    },
    "melbands_flatness_db": {
        "mean": 0.244755804539
    },
    "melbands_kurtosis": {
        "mean": 19.060338974
    },
    "melbands_skewness": {
        "mean": 2.82799196243
    },
    "melbands_spread": {
        "mean": 20.3376846313
    },
    "pitch_salience": {
        "mean": 0.485768944025
    },
    "silence_rate_20dB": {
        "mean": 1
    },
    "silence_rate_30dB": {
        "mean": 0.984167933464
    },
    "silence_rate_60dB": {
        "mean": 0.0284977126867
    },
    "spectral_centroid": {
        "mean": 1036.79919434
    },
    "spectral_complexity": {
        "mean": 16.1664123535
    },
    "spectral_decrease": {
        "mean": -9.13029740701e-09
    },
    "spectral_energy": {
        "mean": 0.0366266928613
    },
    "spectral_energyband_high": {
        "mean": 0.000915952434298
    },
    "spectral_energyband_low": {
        "mean": 0.0133333075792
    },
    "spectral_energyband_middle_high": {
        "mean": 0.00576759176329
    },
    "spectral_energyband_middle_low": {
        "mean": 0.0188879687339
    },
    "spectral_entropy": {
        "mean": 7.18747138977
    },
    "spectral_flux": {
        "mean": 0.084184192121
    },
    "spectral_kurtosis": {
        "mean": 6.69723272324
    },
    "spectral_rms": {
        "mean": 0.00568714505062
    },
    "spectral_rolloff": {
        "mean": 1539.54968262
    },
    "spectral_skewness": {
        "mean": 1.98113489151
    },
    "spectral_spread": {
        "mean": 5572298.5
    },
    "spectral_strongpeak": {
        "mean": 1.17200350761
    },
    "zerocrossingrate": {
        "mean": 0.0649081915617
    },
    "barkbands": {
        "mean": [6.48821805953e-05, 0.00521447975188, 0.00615904992446, 0.00469276495278, 0.00454068323597, 0.00249916804023, 0.0016006291844, 0.00235990365036, 0.00232492992654, 0.00190768309403, 0.000809153076261, 0.000575207697693, 0.000653779017739, 0.00051286467351, 0.000497190805618, 0.000397327152314, 0.00038967342698, 0.000239513450651, 0.000194348889636, 0.000155524219736, 0.000110955370474, 0.000106199229776, 0.000121122873679, 0.000235625950154, 0.000193000771105, 5.44477406947e-05, 1.64291232068e-05]
    },
    "erbbands": {
        "mean": [0.0686586797237, 1.49478256702, 6.73504543304, 11.2047939301, 19.1398448944, 12.3550024033, 12.358007431, 25.6904888153, 21.4639148712, 45.8202171326, 36.2345733643, 58.9054489136, 65.6429901123, 39.6450958252, 39.786907196, 25.4923877716, 30.8415431976, 27.2489414215, 29.9568309784, 19.4705047607, 23.1290245056, 20.9504718781, 14.4274950027, 10.3293704987, 10.2082176208, 6.68457698822, 5.43476819992, 4.31133413315, 3.93242478371, 3.43870902061, 3.41440081596, 4.50849676132, 4.10516119003, 2.79947471619, 0.966237545013, 0.285840839148, 0.0916664674878, 0.024597864598, 0.0028465797659, 0.000135881069582]
    },
    "gfcc": {
        "mean": [-7.94196033478, 92.0755233765, -89.1731491089, 20.7987098694, -46.9861755371, 17.1316356659, -37.9362869263, 10.1186151505, -25.8599967957, -5.58423137665, -16.3701992035, -7.97137403488, -14.2839717865],
        "cov": [[23371.4394531, 1320.06445312, -2315.89501953, 549.645568848, -1273.26257324, 238.368911743, -669.178466797, 470.229827881, -515.435058594, 45.8994293213, -661.149475098, -108.583450317, -334.193786621], [1320.06445312, 2262.71240234, -588.203186035, -196.555877686, 253.239151001, -217.445159912, 91.208442688, -22.0535469055, 29.4926528931, -65.7223892212, 67.5624084473, -40.6900939941, -41.7384643555], [-2315.89501953, -588.203186035, 1214.69226074, 117.561767578, 19.0337104797, 80.495803833, -52.5612945557, -105.053794861, -62.0386390686, 18.1839370728, 29.0299110413, 36.1703414917, 6.52293729782], [549.645568848, -196.555877686, 117.561767578, 504.360076904, 28.8748264313, -35.2588424683, -49.9609985352, 15.7557268143, 37.0333061218, 7.62274599075, -3.57424712181, 39.4757652283, 58.8707313538], [-1273.26257324, 253.239151001, 19.0337104797, 28.8748264313, 439.455780029, -38.7542037964, 18.4609413147, -31.5053100586, 38.5609970093, -2.44345736504, 33.6985244751, 24.0751953125, 50.6442985535], [238.368911743, -217.445159912, 80.495803833, -35.2588424683, -38.7542037964, 267.139404297, 82.6254348755, -31.8999786377, -45.7931442261, -1.53746604919, -40.8502120972, -23.1814422607, -22.0925579071], [-669.178466797, 91.208442688, -52.5612945557, -49.9609985352, 18.4609413147, 82.6254348755, 326.435943604, 10.54986763, -3.37929582596, -22.6509227753, 19.6516342163, 28.9279327393, 8.50247001648], [470.229827881, -22.0535469055, -105.053794861, 15.7557268143, -31.5053100586, -31.8999786377, 10.54986763, 160.765701294, 35.8294067383, -1.28056681156, -7.94294118881, -6.39522409439, 5.62648677826], [-515.435058594, 29.4926528931, -62.0386390686, 37.0333061218, 38.5609970093, -45.7931442261, -3.37929582596, 35.8294067383, 190.704956055, 52.3204841614, 35.1009597778, -4.69606399536, 3.22152972221], [45.8994293213, -65.7223892212, 18.1839370728, 7.62274599075, -2.44345736504, -1.53746604919, -22.6509227753, -1.28056681156, 52.3204841614, 119.875602722, 35.6708984375, -0.197751984, -13.8346614838], [-661.149475098, 67.5624084473, 29.0299110413, -3.57424712181, 33.6985244751, -40.8502120972, 19.6516342163, -7.94294118881, 35.1009597778, 35.6708984375, 135.021331787, 40.5270614624, 14.0401630402], [-108.583450317, -40.6900939941, 36.1703414917, 39.4757652283, 24.0751953125, -23.1814422607, 28.9279327393, -6.39522409439, -4.69606399536, -0.197751984, 40.5270614624, 119.951416016, 45.9175338745], [-334.193786621, -41.7384643555, 6.52293729782, 58.8707313538, 50.6442985535, -22.0925579071, 8.50247001648, 5.62648677826, 3.22152972221, -13.8346614838, 14.0401630402, 45.9175338745, 112.441894531]],
        "icov": [[0.000200496913749, -0.000245507922955, 0.000347162625985, -0.00042378847138, 0.000492298509926, -0.000491763348691, 0.000547653937247, -0.000546144030523, 0.000673286092933, -0.000606520276051, 0.000761518720537, -0.000622056948487, 0.000439101597294], [-0.000245507922955, 0.000969905231614, -0.000135942129418, 0.00065497297328, -0.000971471541561, 0.00115509214811, -0.000908783462364, 0.000958715856541, -0.000755051441956, 0.0011318968609, -0.00127152760979, 0.00107586639933, -0.000139116920764], [0.000347162625985, -0.000135942129418, 0.00167561834678, -0.000925681262743, 0.000662401609588, -0.00095900404267, 0.00106429168954, -0.000352833711077, 0.00147060176823, -0.00098999904003, 0.000872001168318, -0.0011545617599, 0.00101787014864], [-0.00042378847138, 0.00065497297328, -0.000925681262743, 0.00321624148637, -0.00112503755372, 0.00125884218141, -0.000881827669218, 0.000975672563072, -0.00192405702546, 0.00126636784989, -0.00115939043462, 0.000821352179628, -0.00185443880036], [0.000492298509926, -0.000971471541561, 0.000662401609588, -0.00112503755372, 0.00396875664592, -0.00120683200657, 0.00127045169938, -0.000785778393038, 0.00103530089837, -0.00145098136272, 0.00174240919296, -0.00155878695659, -0.000217432287172], [-0.000491763348691, 0.00115509214811, -0.00095900404267, 0.00125884218141, -0.00120683200657, 0.00660822447389, -0.00310382340103, 0.00240073632449, -0.000790239195339, 0.000850548152812, -0.000595182238612, 0.00259482371621, -0.000537791987881], [0.000547653937247, -0.000908783462364, 0.00106429168954, -0.000881827669218, 0.00127045169938, -0.00310382340103, 0.00537234684452, -0.00209551723674, 0.00150438887067, -0.000752654799726, 0.00128786196001, -0.00290225306526, 0.00109555118252], [-0.000546144030523, 0.000958715856541, -0.000352833711077, 0.000975672563072, -0.000785778393038, 0.00240073632449, -0.00209551723674, 0.00885713286698, -0.0030958505813, 0.00207238923758, -0.00155055196956, 0.00223024422303, -0.00159030291252], [0.000673286092933, -0.000755051441956, 0.00147060176823, -0.00192405702546, 0.00103530089837, -0.000790239195339, 0.00150438887067, -0.0030958505813, 0.00924667995423, -0.00480738002807, 0.0014337587636, -0.00102971994784, 0.00144753558561], [-0.000606520276051, 0.0011318968609, -0.00098999904003, 0.00126636784989, -0.00145098136272, 0.000850548152812, -0.000752654799726, 0.00207238923758, -0.00480738002807, 0.0128124458715, -0.00518513284624, 0.00190814549569, 0.000368133798474], [0.000761518720537, -0.00127152760979, 0.000872001168318, -0.00115939043462, 0.00174240919296, -0.000595182238612, 0.00128786196001, -0.00155055196956, 0.0014337587636, -0.00518513284624, 0.0131329102442, -0.00536839757115, 0.00129963364452], [-0.000622056948487, 0.00107586639933, -0.0011545617599, 0.000821352179628, -0.00155878695659, 0.00259482371621, -0.00290225306526, 0.00223024422303, -0.00102971994784, 0.00190814549569, -0.00536839757115, 0.01357988175, -0.0051037282683], [0.000439101597294, -0.000139116920764, 0.00101787014864, -0.00185443880036, -0.000217432287172, -0.000537791987881, 0.00109555118252, -0.00159030291252, 0.00144753558561, 0.000368133798474, 0.00129963364452, -0.0051037282683, 0.0129735264927]]
    },
    "melbands": {
        "mean": [0.00103524920996, 0.00300746341236, 0.00229640421458, 0.00112080422696, 0.000455661909655, 0.000532381527591, 0.000324730848661, 0.000533491547685, 0.000265481125098, 0.000387491949368, 0.000320281804306, 0.000161372357979, 0.000117116971524, 8.4387633251e-05, 6.42681334284e-05, 5.98755759711e-05, 5.01608410559e-05, 4.80625749333e-05, 3.14389180858e-05, 2.66657880275e-05, 2.62506673607e-05, 2.24272007472e-05, 1.75902441697e-05, 9.96456128632e-06, 8.04892715678e-06, 7.51966717871e-06, 6.24649828751e-06, 4.08144660469e-06, 3.80157780455e-06, 2.5886356525e-06, 2.4096841571e-06, 2.35634070123e-06, 1.79464791472e-06, 1.99251985578e-06, 1.79561618552e-06, 2.37645713241e-06, 2.89250260721e-06, 2.81903407995e-06, 2.88606520371e-06, 2.18601144297e-06]
    },
    "melbands128": {
        "mean": [5.67769820918e-05, 0.000289394840365, 0.00120660965331, 0.00287781888619, 0.00359453028068, 0.00283761136234, 0.00205808249302, 0.00260268920101, 0.0020253714174, 0.000987953855656, 0.000579761224799, 0.000491762824822, 0.000354314921424, 0.00045846865396, 0.000762318028137, 0.000435669964645, 0.000264277099632, 0.000366005901014, 0.000287096219836, 0.000572744756937, 0.000689727603458, 0.000308993388899, 0.000211697231862, 0.000177060050191, 0.0004104100517, 0.000475173961604, 0.000325003173202, 0.000384335464332, 0.000206636832445, 0.000232646998484, 0.000127561739646, 5.43967289559e-05, 0.000107664833195, 0.000197555113118, 7.63914358686e-05, 6.50013098493e-05, 6.29084534012e-05, 4.44136603619e-05, 9.07707435545e-05, 6.98885705788e-05, 5.7686229411e-05, 3.09112110699e-05, 5.53764512006e-05, 6.08139816904e-05, 3.41472659784e-05, 5.34555365448e-05, 5.53616919206e-05, 2.99044368148e-05, 2.29799552471e-05, 2.04178068088e-05, 2.85049445665e-05, 2.99979747069e-05, 3.01671498164e-05, 2.1937317797e-05, 2.52931422438e-05, 2.26067350013e-05, 1.87962286873e-05, 2.22203234443e-05, 1.5456966139e-05, 1.28418105305e-05, 7.53848553359e-06, 9.76131104835e-06, 1.09581496872e-05, 6.29144733466e-06, 5.62417744732e-06, 7.78133107815e-06, 8.92338084668e-06, 7.22527420294e-06, 5.88504963162e-06, 4.22593257099e-06, 3.54762210009e-06, 4.24528798249e-06, 4.8769170462e-06, 3.68940004591e-06, 2.68523444902e-06, 2.32898196373e-06, 2.74730177807e-06, 2.71121371043e-06, 2.11930591831e-06, 2.27786313189e-06, 2.80377980744e-06, 2.15810086956e-06, 2.00833551389e-06, 1.63501022143e-06, 1.71828185103e-06, 1.92762786355e-06, 2.22498761104e-06, 1.92558013623e-06, 1.55141003688e-06, 1.8206965251e-06, 2.2595761493e-06, 2.39540941038e-06, 2.80277413367e-06, 3.10676887239e-06, 2.83857116301e-06, 2.6610293844e-06, 2.90101843348e-06, 2.8868832942e-06, 2.87886655315e-06, 2.98485201711e-06, 2.60079900727e-06, 2.0783841137e-06, 1.64027278515e-06, 1.35300172133e-06, 1.03951754227e-06, 7.93592505488e-07, 6.56345775951e-07, 5.80496873681e-07, 4.65662367333e-07, 3.59548465667e-07, 3.24396580709e-07, 3.0314089372e-07, 2.84257879457e-07, 2.71060116575e-07, 2.29829069553e-07, 2.08090497722e-07, 1.89701594877e-07, 1.57875263085e-07, 1.36458069733e-07, 9.90230191178e-08, 6.07413426224e-08, 3.59126133276e-08, 2.28167191807e-08, 1.59211381856e-08, 1.00389527802e-08, 5.53808510162e-09, 2.5947497484e-09, 1.15244747079e-09]
    },
    "mfcc": {
        "mean": [-657.152648926, 130.644714355, 16.6308746338, 14.562661171, 16.7880325317, 2.19894433022, 6.89665174484, 5.4136967659, 0.432654291391, 0.825813651085, -0.737682938576, -2.17541384697, -4.76702737808],
        "cov": [[12622.7705078, -204.275390625, -503.166320801, -200.394088745, -305.164215088, -227.408752441, -187.310821533, 74.9128723145, 71.6461791992, 171.016983032, -72.2225723267, -92.9471359253, -221.205673218], [-204.275390625, 2002.28759766, -453.677276611, -33.0146522522, 46.350353241, -48.7290725708, 30.5384883881, 29.0592918396, -58.6828689575, -46.8636741638, 93.6472473145, 3.89363884926, 19.7481822968], [-503.166320801, -453.677276611, 993.86138916, 35.8304443359, 33.8555374146, 89.9711074829, 42.884677887, -55.4209594727, -40.3471832275, -56.1935653687, -35.3383903503, 12.1606931686, 3.31211018562], [-200.394088745, -33.0146522522, 35.8304443359, 444.125793457, 119.138313293, -16.1491641998, -40.2742538452, 22.8639984131, 24.7097396851, -6.98630666733, -68.3557281494, 31.9964637756, 64.6957015991], [-305.164215088, 46.350353241, 33.8555374146, 119.138313293, 371.907836914, -2.75532722473, -56.4206390381, -61.6097679138, 1.91657364368, -2.42331051826, -40.9571151733, 2.78023457527, 22.3784656525], [-227.408752441, -48.7290725708, 89.9711074829, -16.1491641998, -2.75532722473, 278.502838135, 72.1252288818, 12.7894277573, 15.9506950378, -0.473149508238, 13.5781288147, 2.01218962669, -22.7360744476], [-187.310821533, 30.5384883881, 42.884677887, -40.2742538452, -56.4206390381, 72.1252288818, 227.809921265, 53.7897186279, 15.812505722, -32.0314445496, -8.74125480652, -9.26523017883, -28.27617836], [74.9128723145, 29.0592918396, -55.4209594727, 22.8639984131, -61.6097679138, 12.7894277573, 53.7897186279, 163.566650391, 39.7748756409, 1.10258817673, -9.17039489746, -4.39944648743, 6.04922962189], [71.6461791992, -58.6828689575, -40.3471832275, 24.7097396851, 1.91657364368, 15.9506950378, 15.812505722, 39.7748756409, 125.36932373, 30.9988555908, -9.97441005707, -11.0527687073, -15.0677165985], [171.016983032, -46.8636741638, -56.1935653687, -6.98630666733, -2.42331051826, -0.473149508238, -32.0314445496, 1.10258817673, 30.9988555908, 146.914489746, 36.9732093811, 5.67661476135, -0.266454130411], [-72.2225723267, 93.6472473145, -35.3383903503, -68.3557281494, -40.9571151733, 13.5781288147, -8.74125480652, -9.17039489746, -9.97441005707, 36.9732093811, 137.369155884, 28.4387722015, -3.55842876434], [-92.9471359253, 3.89363884926, 12.1606931686, 31.9964637756, 2.78023457527, 2.01218962669, -9.26523017883, -4.39944648743, -11.0527687073, 5.67661476135, 28.4387722015, 105.158355713, 43.0788536072], [-221.205673218, 19.7481822968, 3.31211018562, 64.6957015991, 22.3784656525, -22.7360744476, -28.27617836, 6.04922962189, -15.0677165985, -0.266454130411, -3.55842876434, 43.0788536072, 117.363807678]],
        "icov": [[9.0537025244e-05, 6.21016170044e-06, 3.2650284993e-05, 2.34120325331e-05, 7.17617876944e-05, 5.334648813e-05, 9.66964435065e-05, -4.57335881947e-05, 5.53013478566e-06, -9.70418477664e-05, 0.000121285323985, -3.41969025612e-05, 0.000194795255084], [6.21016170044e-06, 0.000621140236035, 0.000299758772599, -2.03255603992e-05, -0.000194935724721, 6.52381349937e-05, -0.000180585251655, -0.000131392109324, 0.000324503780575, 0.000323282409227, -0.000532864476554, 0.000138957155286, -0.000101760058897], [3.2650284993e-05, 0.000299758772599, 0.00126540486235, -0.000100471646874, -6.76575073157e-05, -0.00031372954254, -0.000247569521889, 0.000353755691322, 0.00040972858551, 0.000381971971365, 5.13809318363e-05, -8.51030054037e-05, -8.71723477758e-06], [2.34120325331e-05, -2.03255603992e-05, -0.000100471646874, 0.00299981236458, -0.000747786718421, 1.25174374261e-05, 0.000464465469122, -0.000665917352308, -0.000566532718949, -2.99048169836e-05, 0.00137097109109, -0.000853920937516, -0.00102980039082], [7.17617876944e-05, -0.000194935724721, -6.76575073157e-05, -0.000747786718421, 0.00344428885728, -0.000210685408092, 0.0005941077834, 0.00136521959212, -0.000422911369242, -0.000187051744433, 0.000959756609518, 7.35305220587e-05, -9.52219124883e-05], [5.334648813e-05, 6.52381349937e-05, -0.00031372954254, 1.25174374261e-05, -0.000210685408092, 0.00416661519557, -0.00118958670646, -0.000128314044559, -0.00038060641964, -0.00017725530779, -0.000555762962904, -0.000270813965471, 0.000692160858307], [9.66964435065e-05, -0.000180585251655, -0.000247569521889, 0.000464465469122, 0.0005941077834, -0.00118958670646, 0.00587949156761, -0.00169082498178, -0.000447741214884, 0.000991189503111, 0.000703620258719, -0.000357125682058, 0.00122072629165], [-4.57335881947e-05, -0.000131392109324, 0.000353755691322, -0.000665917352308, 0.00136521959212, -0.000128314044559, -0.00169082498178, 0.00807566475123, -0.00224241078831, 6.84638507664e-05, 0.000367439322872, 0.000459179194877, -0.0012609094847], [5.53013478566e-06, 0.000324503780575, 0.00040972858551, -0.000566532718949, -0.000422911369242, -0.00038060641964, -0.000447741214884, -0.00224241078831, 0.00997059419751, -0.00212647812441, 0.00058160838671, 0.000432914384874, 0.00140514178202], [-9.70418477664e-05, 0.000323282409227, 0.000381971971365, -2.99048169836e-05, -0.000187051744433, -0.00017725530779, 0.000991189503111, 6.84638507664e-05, -0.00212647812441, 0.00848554167897, -0.00263924244791, 0.000156037742272, -0.000386028492358], [0.000121285323985, -0.000532864476554, 5.13809318363e-05, 0.00137097109109, 0.000959756609518, -0.000555762962904, 0.000703620258719, 0.000367439322872, 0.00058160838671, -0.00263924244791, 0.0102534107864, -0.00320270704105, 0.00097611406818], [-3.41969025612e-05, 0.000138957155286, -8.51030054037e-05, -0.000853920937516, 7.35305220587e-05, -0.000270813965471, -0.000357125682058, 0.000459179194877, 0.000432914384874, 0.000156037742272, -0.00320270704105, 0.0124396719038, -0.0043981121853], [0.000194795255084, -0.000101760058897, -8.71723477758e-06, -0.00102980039082, -9.52219124883e-05, 0.000692160858307, 0.00122072629165, -0.0012609094847, 0.00140514178202, -0.000386028492358, 0.00097611406818, -0.0043981121853, 0.0118075013161]]
    },
    "spectral_contrast_coeffs": {
        "mean": [-0.65740442276, -0.67846596241, -0.7008638978, -0.739478766918, -0.761263668537, -0.805724203587]
    },
    "spectral_contrast_valleys": {
        "mean": [-6.72973823547, -7.32132101059, -7.99712944031, -8.33254528046, -8.34932136536, -10.2195310593]
    }
},
"rhythm": {
    "beats_count": 525,
    "beats_loudness": {
        "mean": 0.0433931052685
    },
    "bpm": 154.347381592,
    "bpm_histogram_first_peak_bpm": 157,
    "bpm_histogram_first_peak_weight": 0.312169313431,
    "bpm_histogram_second_peak_bpm": 152,
    "bpm_histogram_second_peak_spread": 0.149659872055,
    "bpm_histogram_second_peak_weight": 0.238549619913,
    "danceability": 1.00876736641,
    "onset_rate": 3.98515152931,
    "beats_loudness_band_ratio": {
        "mean": [0.528351962566, 0.157784163952, 0.190053507686, 0.0961855202913, 0.0490709245205, 0.0412359274924]
    },
    "beats_position": [0.348299324512, 0.719818592072, 1.07972788811, 1.46285712719, 1.84598636627, 2.20589566231, 2.57741498947, 2.93732428551, 3.30884337425, 3.66875267029, 4.04027223587, 4.41179132462, 4.77170038223, 5.13160991669, 5.50312900543, 5.87464857101, 6.24616765976, 6.60607719421, 6.96598625183, 7.33750534058, 7.70902490616, 8.06893444061, 8.42884349823, 8.78875255585, 9.16027164459, 9.52018165588, 9.90331077576, 10.2748298645, 10.6347389221, 10.9946479797, 11.3661680222, 11.7260770798, 12.0859861374, 12.4575052261, 12.8290243149, 13.1889343262, 13.5604534149, 13.9319725037, 14.2918815613, 14.6517915726, 15.0233106613, 15.3832197189, 15.7431287766, 16.114648819, 16.4745578766, 16.8344669342, 17.2059860229, 17.5658950806, 17.9258041382, 18.2857131958, 18.6456241608, 19.0055332184, 19.365442276, 19.7253513336, 20.0968704224, 20.45677948, 20.8282985687, 21.1998176575, 21.5597267151, 21.9196376801, 22.2795467377, 22.6626758575, 23.0458049774, 23.4289340973, 23.8120632172, 24.195192337, 24.589931488, 24.9730606079, 25.37940979, 25.7973690033, 26.2153282166, 26.6332874298, 27.0512466431, 27.4459857941, 27.8407249451, 28.2354640961, 28.6302032471, 29.0249423981, 29.4196815491, 29.7912006378, 30.1627197266, 30.5458488464, 30.9289798737, 31.3121089935, 31.6952381134, 32.0899772644, 32.4614944458, 32.8330154419, 33.2161445618, 33.6224937439, 34.0172348022, 34.4119720459, 34.8067131042, 35.2014503479, 35.5961914062, 35.9677085876, 36.3508377075, 36.7339668274, 37.1054878235, 37.5002250671, 37.8949661255, 38.2780952454, 38.6612243652, 39.0443534851, 39.427482605, 39.8222198486, 40.2053489685, 40.5884780884, 40.9832191467, 41.3779602051, 41.761089325, 42.1442184448, 42.5273475647, 42.9220848083, 43.3052139282, 43.6999549866, 44.0946922302, 44.4894332886, 44.8725624084, 45.2672996521, 45.650428772, 46.0451698303, 46.439907074, 46.8346481323, 47.2177772522, 47.6241264343, 48.018863678, 48.4136047363, 48.7967338562, 49.1914749146, 49.5862121582, 49.9809532166, 50.3756904602, 50.7588195801, 51.1419487, 51.5482978821, 51.9430389404, 52.3261680603, 52.7092971802, 53.1040344238, 53.4871635437, 53.8935127258, 54.2882537842, 54.6713829041, 55.0545120239, 55.4492492676, 55.8323783875, 56.2155075073, 56.5986366272, 57.0049858093, 57.3997268677, 57.794467926, 58.1775970459, 58.5607261658, 58.9554634094, 59.3502044678, 59.7449417114, 60.1396827698, 60.5228118896, 60.9059410095, 61.2890701294, 61.683807373, 62.0669364929, 62.4616775513, 62.8448066711, 63.227935791, 63.6110649109, 64.0174102783, 64.4005432129, 64.7952804565, 65.1784133911, 65.5731506348, 65.9678878784, 66.3626327515, 66.7457580566, 67.1288909912, 67.5236282349, 67.9183654785, 68.3131027222, 68.7078475952, 69.0909729004, 69.474105835, 69.8688430786, 70.2635803223, 70.6467132568, 71.029838562, 71.4245758057, 71.8193206787, 72.2256698608, 72.6204071045, 73.0035324097, 73.3982772827, 73.7814025879, 74.18775177, 74.5824966431, 74.9772338867, 75.3719711304, 75.766708374, 76.1498413086, 76.5329666138, 76.9277114868, 77.310836792, 77.6939697266, 78.0887069702, 78.4718322754, 78.85496521, 79.2380905151, 79.6212234497, 80.0043487549, 80.3874816895, 80.7590026855, 81.1305236816, 81.5136489868, 81.8967819214, 82.2799072266, 82.6630401611, 83.0345535278, 83.4176864624, 83.8008117676, 84.1839447021, 84.5670700073, 84.9385910034, 85.321723938, 85.7048492432, 86.0879821777, 86.4711074829, 86.8542404175, 87.2373657227, 87.6204986572, 88.0036239624, 88.386756897, 88.7698822021, 89.1530151367, 89.5245361328, 89.8960494995, 90.2791824341, 90.6739196777, 91.0570526123, 91.4401779175, 91.8233108521, 92.2064361572, 92.5779571533, 92.9610900879, 93.3442153931, 93.7273483276, 94.1104736328, 94.4819946289, 94.8767318726, 95.2598648071, 95.6429901123, 96.0261230469, 96.4092483521, 96.8039855957, 97.1871185303, 97.5702438354, 97.9649887085, 98.3597259521, 98.7544631958, 99.1492080688, 99.5439453125, 99.9386825562, 100.321815491, 100.704940796, 101.09967804, 101.494422913, 101.889160156, 102.2838974, 102.678634644, 103.084983826, 103.491333008, 103.886077881, 104.280815125, 104.675552368, 105.070289612, 105.465034485, 105.859771729, 106.254508972, 106.649246216, 107.043991089, 107.438728333, 107.833465576, 108.22820282, 108.622947693, 109.017684937, 109.424034119, 109.830383301, 110.236732483, 110.643081665, 111.049430847, 111.455780029, 111.850517273, 112.245262146, 112.63999939, 113.034736633, 113.429473877, 113.82421875, 114.207344055, 114.59047699, 114.985214233, 115.379951477, 115.774688721, 116.157821655, 116.54094696, 116.935691833, 117.330429077, 117.725166321, 118.119903564, 118.514648438, 118.909385681, 119.304122925, 119.687255859, 120.070381165, 120.453514099, 120.836639404, 121.231384277, 121.626121521, 122.020858765, 122.427207947, 122.833557129, 123.228294373, 123.623039246, 124.017776489, 124.412513733, 124.807250977, 125.20199585, 125.596733093, 125.979858398, 126.351379395, 126.734512329, 127.129249573, 127.512374878, 127.895507812, 128.290252686, 128.6849823, 129.079727173, 129.474472046, 129.880813599, 130.28717041, 130.693511963, 131.076644897, 131.471374512, 131.866119385, 132.249252319, 132.632385254, 133.01550293, 133.387023926, 133.77015686, 134.141677856, 134.524810791, 134.907928467, 135.291061401, 135.674194336, 136.045715332, 136.417236328, 136.765533447, 137.137054443, 137.508575439, 137.891693115, 138.251602173, 138.623123169, 138.994644165, 139.354553223, 139.71446228, 140.085983276, 140.457504272, 140.81741333, 141.177322388, 141.548843384, 141.908752441, 142.268661499, 142.640182495, 143.011703491, 143.371612549, 143.731521606, 144.103042603, 144.451339722, 144.799636841, 145.14793396, 145.519454956, 145.867752075, 146.227661133, 146.58757019, 146.93586731, 147.284164429, 147.632461548, 147.980773926, 148.352294922, 148.700592041, 149.037277222, 149.373962402, 149.722259521, 150.070556641, 150.418869019, 150.767166138, 151.115463257, 151.463760376, 151.812057495, 152.160354614, 152.508651733, 152.856964111, 153.20526123, 153.55355835, 153.901855469, 154.250152588, 154.598449707, 154.946762085, 155.295059204, 155.631744385, 155.968429565, 156.316726685, 156.665023804, 157.013336182, 157.338409424, 157.686706543, 158.023391724, 158.360092163, 158.696777344, 159.033462524, 159.381759644, 159.730072021, 160.078369141, 160.42666626, 160.774963379, 161.134872437, 161.494781494, 161.843078613, 162.191375732, 162.539672852, 162.887985229, 163.236282349, 163.572967529, 163.921264648, 164.257949829, 164.629470825, 164.977767944, 165.326080322, 165.674377441, 166.022674561, 166.37097168, 166.719268799, 167.067565918, 167.392654419, 167.740951538, 168.089248657, 168.437545776, 168.785842896, 169.134140015, 169.482452393, 169.830749512, 170.179046631, 170.52734375, 170.875640869, 171.223937988, 171.572235107, 171.920547485, 172.268844604, 172.617141724, 172.965438843, 173.313735962, 173.662033081, 174.0103302, 174.358642578, 174.695327759, 175.043624878, 175.391921997, 175.728607178, 176.076919556, 176.436828613, 176.796737671, 177.133422852, 177.481719971, 177.83001709, 178.166702271, 178.515014648, 178.851699829, 179.199996948, 179.536682129, 179.884979248, 180.221679688, 180.558364868, 180.895050049, 181.231735229, 181.580047607, 181.928344727, 182.276641846, 182.624938965, 182.973236084, 183.333145142, 183.693054199, 184.041351318, 184.378051758, 184.737960815, 185.086257935, 185.434555054, 185.771240234, 186.119537354, 186.456237793, 186.827758789, 187.176055908, 187.524353027, 187.872650146, 188.220947266, 188.569244385, 188.917541504, 189.265853882, 189.602539062, 189.950836182, 190.310745239, 190.670654297, 191.030563354, 191.390472412, 191.761993408, 192.133514404, 192.5050354, 192.888153076, 193.271286011, 193.654418945, 194.025939941, 194.397460938, 194.896682739, 195.3959198, 195.895141602, 196.394378662, 196.893600464, 197.392837524],
    "bpm_histogram": [0, 0, 0, 0, 0, 0, 0, 0, 0, 0, 0, 0, 0, 0, 0, 0, 0, 0, 0, 0, 0, 0, 0, 0, 0, 0, 0, 0, 0, 0, 0, 0, 0, 0, 0, 0, 0, 0, 0, 0, 0, 0, 0, 0, 0, 0, 0, 0, 0, 0, 0, 0, 0, 0, 0, 0, 0, 0, 0, 0, 0, 0, 0, 0, 0, 0, 0, 0, 0, 0, 0, 0, 0, 0, 0, 0, 0, 0, 0, 0, 0, 0, 0, 0, 0, 0, 0, 0, 0, 0, 0, 0, 0, 0, 0, 0, 0, 0, 0, 0, 0, 0, 0, 0, 0, 0, 0, 0, 0, 0, 0, 0, 0, 0, 0, 0, 0, 0, 0, 0, 0.0114503819495, 0, 0, 0, 0, 0, 0, 0, 0, 0, 0, 0, 0, 0, 0, 0, 0, 0, 0, 0, 0, 0, 0, 0, 0.00763358781114, 0, 0, 0, 0.0419847331941, 0, 0, 0, 0.238549619913, 0, 0, 0, 0, 0.248091608286, 0, 0, 0, 0.112595416605, 0.00381679390557, 0, 0, 0, 0, 0.106870226562, 0, 0, 0, 0, 0.179389312863, 0, 0, 0, 0, 0, 0.0458015277982, 0, 0, 0, 0, 0, 0, 0.00381679390557, 0, 0, 0, 0, 0, 0, 0, 0, 0, 0, 0, 0, 0, 0, 0, 0, 0, 0, 0, 0, 0, 0, 0, 0, 0, 0, 0, 0, 0, 0, 0, 0, 0, 0, 0, 0, 0, 0, 0, 0, 0, 0, 0, 0, 0, 0, 0, 0, 0, 0, 0, 0, 0, 0, 0, 0, 0, 0, 0, 0, 0, 0, 0, 0]
},
"tonal": {
    "chords_changes_rate": 0.0666041299701,
    "chords_number_rate": 0.00281425891444,
    "chords_strength": {
        "mean": 0.521874964237
    },
    "hpcp_crest": {
        "mean": 14.4384346008
    },
    "hpcp_entropy": {
        "mean": 1.79027318954
    },
    "key_edma": {
        "strength": 0.820043742657,
        "key": "Bb",
        "scale": "major"
    },
    "key_krumhansl": {
        "strength": 0.815400719643,
        "key": "Bb",
        "scale": "major"
    },
    "key_temperley": {
        "strength": 0.810405015945,
        "key": "Bb",
        "scale": "major"
    },
    "tuning_diatonic_strength": 0.714395999908,
    "tuning_equal_tempered_deviation": 0.114315517247,
    "tuning_frequency": 438.731048584,
    "tuning_nontempered_energy_ratio": 0.775263249874,
    "hpcp": {
        "mean": [0.147598564625, 0.128384172916, 0.0849748030305, 0.190022394061, 0.166674107313, 0.0379960052669, 0.0342145971954, 0.0514709018171, 0.137050434947, 0.219832986593, 0.147505700588, 0.0551073737442, 0.0499518588185, 0.0492776222527, 0.0631044059992, 0.15484264493, 0.146188497543, 0.0521011166275, 0.034370969981, 0.0358539894223, 0.0555341877043, 0.0815252512693, 0.0947387814522, 0.217850059271, 0.37203720212, 0.252616196871, 0.0785984918475, 0.0516222082078, 0.0583871342242, 0.125658988953, 0.204200237989, 0.152612686157, 0.0650478303432, 0.055446818471, 0.0634614825249, 0.0914173647761]
    },
    "chords_histogram": [10.7410879135, 9.09943675995, 24.5309562683, 2.5562851429, 9.33395862579, 0.820825517178, 2.20450282097, 0.656660437584, 3.21294569969, 0, 0.680112540722, 0, 0.304878056049, 0, 0, 0, 0, 14.3996248245, 1.99343335629, 8.65384578705, 0, 6.07410860062, 0.0938086286187, 4.64352703094],
    "thpcp": [1, 0.67900788784, 0.211265146732, 0.138755500317, 0.156938970089, 0.337759196758, 0.548870503902, 0.410208135843, 0.174842268229, 0.149035677314, 0.170578330755, 0.245721027255, 0.396730661392, 0.345084220171, 0.228404045105, 0.510761797428, 0.448003858328, 0.102129586041, 0.0919655263424, 0.138348802924, 0.368378311396, 0.590889811516, 0.39648103714, 0.148123294115, 0.134265765548, 0.132453486323, 0.169618532062, 0.416202038527, 0.39294052124, 0.140042766929, 0.0923858433962, 0.0963720530272, 0.149270519614, 0.219131991267, 0.254648685455, 0.585559904575],
    "chords_key": "F",
    "chords_scale": "major"
}
}