{
"metadata": {
    "version": {
        "essentia": "2.1-beta6-dev",
        "essentia_git_sha": "v2.1_beta5-1177-g1d1cc983",
        "extractor": "music 2.0"
    },
    "audio_properties": {
        "analysis": {
            "equal_loudness": 0,
            "length": 218.133331299,
            "sample_rate": 44100,
            "start_time": 0,
            "downmix": "mix"
        },
        "bit_rate": 1411200,
        "length": 218.133331299,
        "lossless": 1,
        "number_channels": 2,
        "replay_gain": -14.7274074554,
        "sample_rate": 44100,
        "codec": "pcm_s16le",
        "md5_encoded": "e070db079680429b8b3fafa2ba9d7de3"
    },
    "tags": {
        "file_name": "07 - The Front Bottoms - The Plan (Fuck Jobs).wav",
        "album": ["Back on Top"],
        "albumartist": ["The Front Bottoms"],
        "artist": ["The Front Bottoms"],
        "copyright": ["© 2015 Fueled By Ramen LLC for the United States and WEA International Inc. for the world outside of the United States. A Warner Music Group Company ℗ 2015 Fueled By Ramen LLC"],
        "date": ["2015"],
        "discnumber": ["1"],
        "disctotal": ["1"],
        "genre": ["Alternative & Indie"],
        "isrc": ["USAT21502134"],
        "title": ["The Plan (Fuck Jobs)"],
        "tracknumber": ["7"],
        "tracktotal": ["11"]
    }
},
"lowlevel": {
    "average_loudness": 0.926225185394,
    "barkbands_crest": {
        "mean": 10.6755847931
    },
    "barkbands_flatness_db": {
        "mean": 0.139739125967
    },
    "barkbands_kurtosis": {
        "mean": 7.24693584442
    },
    "barkbands_skewness": {
        "mean": 1.60883998871
    },
    "barkbands_spread": {
        "mean": 26.5460510254
    },
    "dissonance": {
        "mean": 0.460148185492
    },
    "dynamic_complexity": 3.59966015816,
    "erbbands_crest": {
        "mean": 9.82604122162
    },
    "erbbands_flatness_db": {
        "mean": 0.154657021165
    },
    "erbbands_kurtosis": {
        "mean": 1.18693900108
    },
    "erbbands_skewness": {
        "mean": 0.195108950138
    },
    "erbbands_spread": {
        "mean": 37.2806472778
    },
    "hfc": {
        "mean": 29.0822849274
    },
    "loudness_ebu128": {
        "integrated": -7.45391845703,
        "loudness_range": 5.90379285812,
        "momentary": {
            "mean": -9.62357807159
        },
        "short_term": {
            "mean": -8.90751266479
        }
    },
    "melbands_crest": {
        "mean": 15.2535820007
    },
    "melbands_flatness_db": {
        "mean": 0.212353810668
    },
    "melbands_kurtosis": {
        "mean": 14.848241806
    },
    "melbands_skewness": {
        "mean": 2.70097446442
    },
    "melbands_spread": {
        "mean": 27.2486457825
    },
    "pitch_salience": {
        "mean": 0.489783912897
    },
    "silence_rate_20dB": {
        "mean": 1
    },
    "silence_rate_30dB": {
        "mean": 0.971902966499
    },
    "silence_rate_60dB": {
        "mean": 0.0635376721621
    },
    "spectral_centroid": {
        "mean": 1456.58093262
    },
    "spectral_complexity": {
        "mean": 21.2942733765
    },
    "spectral_decrease": {
        "mean": -8.47871106657e-09
    },
    "spectral_energy": {
        "mean": 0.0346384905279
    },
    "spectral_energyband_high": {
        "mean": 0.00140660023317
    },
    "spectral_energyband_low": {
        "mean": 0.0157421082258
    },
    "spectral_energyband_middle_high": {
        "mean": 0.00758211128414
    },
    "spectral_energyband_middle_low": {
        "mean": 0.0111435642466
    },
    "spectral_entropy": {
        "mean": 7.52854776382
    },
    "spectral_flux": {
        "mean": 0.0927203893661
    },
    "spectral_kurtosis": {
        "mean": 8.49650287628
    },
    "spectral_rms": {
        "mean": 0.00532734114677
    },
    "spectral_rolloff": {
        "mean": 1817.45568848
    },
    "spectral_skewness": {
        "mean": 1.78079783916
    },
    "spectral_spread": {
        "mean": 4729585
    },
    "spectral_strongpeak": {
        "mean": 0.990130126476
    },
    "zerocrossingrate": {
        "mean": 0.0706497654319
    },
    "barkbands": {
        "mean": [0.000191962666577, 0.00981704890728, 0.00473141111434, 0.00228322623298, 0.00316044571809, 0.00169933505822, 0.000700221513398, 0.00113834312651, 0.00167545245495, 0.00117011240218, 0.000973081740085, 0.0007289131172, 0.00126282044221, 0.000934414507356, 0.000609767390415, 0.00051898410311, 0.000748163671233, 0.000314579228871, 0.000377521064365, 0.00033118983265, 0.000260690809228, 0.000218943212531, 0.000243487535045, 0.000207999488339, 0.000153051674715, 0.00011324940715, 6.56158517813e-05]
    },
    "erbbands": {
        "mean": [0.225853338838, 2.37766170502, 5.82598876953, 6.39157390594, 11.3828897476, 7.93246364594, 13.2157869339, 12.5189809799, 9.79825210571, 15.641040802, 29.5323505402, 44.4471931458, 34.0362968445, 31.4083423615, 42.2762794495, 40.6632843018, 60.2808380127, 51.1249885559, 36.28125, 30.9772872925, 32.9307136536, 33.3795394897, 21.2135944366, 16.7556629181, 20.1164588928, 15.6635017395, 11.803647995, 9.37191390991, 7.87414693832, 7.31123018265, 6.66207551956, 4.50717735291, 3.47470808029, 1.78286373615, 1.07051324844, 0.473864585161, 0.212417811155, 0.0557253845036, 0.0106580462307, 0.000861611450091]
    },
    "gfcc": {
        "mean": [-3.95747447014, 83.0262374878, -108.542938232, 25.7675113678, -41.0143508911, 13.9509735107, -29.1033382416, 2.95716524124, -20.2900009155, -2.34769678116, -16.174030304, -4.83255720139, -12.066860199],
        "cov": [[24239.71875, -3489.51953125, -2299.14355469, 1185.81237793, -993.933288574, 1088.51281738, -665.204711914, 737.674743652, -133.945083618, 935.155517578, -254.67980957, 354.408630371, -503.332305908], [-3489.51953125, 2647.9699707, 18.1196632385, -139.940734863, 518.22253418, -233.710678101, 335.74432373, -47.2900733948, 235.842071533, -306.756561279, 198.279144287, -184.782699585, 128.066955566], [-2299.14355469, 18.1196632385, 1314.04553223, -34.26404953, 243.047958374, -66.9078216553, 157.531219482, -68.2686691284, -2.66898870468, -37.4112930298, -55.122467041, 8.01358222961, 22.5836601257], [1185.81237793, -139.940734863, -34.26404953, 567.197753906, -78.8590240479, 133.897399902, -29.1284999847, 68.5580596924, 33.8537597656, 15.6681432724, -24.1123847961, -5.44178724289, 8.37252807617], [-993.933288574, 518.22253418, 243.047958374, -78.8590240479, 525.781616211, -53.8270874023, 182.986663818, 0.734266042709, 92.2561721802, 23.9585018158, 76.9111709595, 47.6449050903, 30.6235523224], [1088.51281738, -233.710678101, -66.9078216553, 133.897399902, -53.8270874023, 357.455383301, 48.5113334656, 133.42175293, 22.8691596985, 85.6203689575, -9.44996547699, 26.9340381622, -24.6077594757], [-665.204711914, 335.74432373, 157.531219482, -29.1284999847, 182.986663818, 48.5113334656, 299.78024292, 47.8752593994, 39.2638931274, -21.3645858765, 27.7899608612, 9.00964450836, 12.0376319885], [737.674743652, -47.2900733948, -68.2686691284, 68.5580596924, 0.734266042709, 133.42175293, 47.8752593994, 215.41557312, 45.9248771667, 47.5600128174, 4.48151254654, 9.94916915894, -14.2288017273], [-133.945083618, 235.842071533, -2.66898870468, 33.8537597656, 92.2561721802, 22.8691596985, 39.2638931274, 45.9248771667, 152.590133667, 34.753490448, 36.56042099, -12.6765975952, 14.6579627991], [935.155517578, -306.756561279, -37.4112930298, 15.6681432724, 23.9585018158, 85.6203689575, -21.3645858765, 47.5600128174, 34.753490448, 178.68421936, 15.4884033203, 68.859703064, -22.1935329437], [-254.67980957, 198.279144287, -55.122467041, -24.1123847961, 76.9111709595, -9.44996547699, 27.7899608612, 4.48151254654, 36.56042099, 15.4884033203, 116.653327942, 29.1127033234, 24.7493896484], [354.408630371, -184.782699585, 8.01358222961, -5.44178724289, 47.6449050903, 26.9340381622, 9.00964450836, 9.94916915894, -12.6765975952, 68.859703064, 29.1127033234, 132.102645874, 21.2571678162], [-503.332305908, 128.066955566, 22.5836601257, 8.37252807617, 30.6235523224, -24.6077594757, 12.0376319885, -14.2288017273, 14.6579627991, -22.1935329437, 24.7493896484, 21.2571678162, 90.6059265137]],
        "icov": [[9.67645610217e-05, 1.27224820972e-05, 0.0001360263268, -0.000152076027007, 2.04240550374e-05, -4.76337299915e-05, 7.50843173591e-05, -0.000152627617354, 0.000100297613244, -0.000294653611491, 0.000170560830156, -0.000178758287802, 0.000352875184035], [1.27224820972e-05, 0.00110376568045, 0.000221554000746, 7.34139975975e-05, -0.000726108672097, 0.000163131553563, -0.000562149391044, 9.04657645151e-05, -0.00111414014827, 0.00159284693655, -0.00113917293493, 0.00116419780534, -0.000564397138078], [0.0001360263268, 0.000221554000746, 0.00117087527178, -0.000240068460698, -0.000528828357346, 3.65312625945e-05, -0.00037992070429, 0.000111487963295, 2.22556755034e-05, -0.000104184815427, 0.000852651079185, -9.72294874373e-05, 0.00019026400696], [-0.000152076027007, 7.34139975975e-05, -0.000240068460698, 0.0023130835034, 0.000103258200397, -0.000665575091261, 0.000184209828149, -7.3839810284e-06, -0.000859895371832, 0.000908288639039, 3.90950226574e-05, 0.000314020144287, -0.00106653815601], [2.04240550374e-05, -0.000726108672097, -0.000528828357346, 0.000103258200397, 0.00377726741135, 0.000604361761361, -0.00121722987387, 7.27514343453e-05, -0.000742789648939, -0.00151814962737, -0.000358726450941, -0.00173573067877, 0.000576176389586], [-4.76337299915e-05, 0.000163131553563, 3.65312625945e-05, -0.000665575091261, 0.000604361761361, 0.00458172895014, -0.00129506795201, -0.00182181748096, -4.33901413999e-06, -0.00136932707392, -1.90510945686e-05, 9.61980113061e-05, 0.00013118161587], [7.50843173591e-05, -0.000562149391044, -0.00037992070429, 0.000184209828149, -0.00121722987387, -0.00129506795201, 0.0054504275322, -0.0011002663523, 0.000360939506209, 0.000666100007948, 0.000326873356244, -0.0010421264451, 0.000712089240551], [-0.000152627617354, 9.04657645151e-05, 0.000111487963295, -7.3839810284e-06, 7.27514343453e-05, -0.00182181748096, -0.0011002663523, 0.00694907829165, -0.00184350297786, 0.000165024714079, -0.000136764516355, 0.000185362587217, 4.77659050375e-05], [0.000100297613244, -0.00111414014827, 2.22556755034e-05, -0.000859895371832, -0.000742789648939, -4.33901413999e-06, 0.000360939506209, -0.00184350297786, 0.0111139239743, -0.00495665986091, -0.0007686772733, 0.00254441262223, -0.00128078996204], [-0.000294653611491, 0.00159284693655, -0.000104184815427, 0.000908288639039, -0.00151814962737, -0.00136932707392, 0.000666100007948, 0.000165024714079, -0.00495665986091, 0.0133101288229, -0.00219998159446, -0.00335223437287, 0.0015819480177], [0.000170560830156, -0.00113917293493, 0.000852651079185, 3.90950226574e-05, -0.000358726450941, -1.90510945686e-05, 0.000326873356244, -0.000136764516355, -0.0007686772733, -0.00219998159446, 0.0130571024492, -0.00366724398918, -0.000728058803361], [-0.000178758287802, 0.00116419780534, -9.72294874373e-05, 0.000314020144287, -0.00173573067877, 9.61980113061e-05, -0.0010421264451, 0.000185362587217, 0.00254441262223, -0.00335223437287, -0.00366724398918, 0.0140264797956, -0.00538480002433], [0.000352875184035, -0.000564397138078, 0.00019026400696, -0.00106653815601, 0.000576176389586, 0.00013118161587, 0.000712089240551, 4.77659050375e-05, -0.00128078996204, 0.0015819480177, -0.000728058803361, -0.00538480002433, 0.0156566537917]]
    },
    "melbands": {
        "mean": [0.00240148371086, 0.00306575163268, 0.00130708364304, 0.000684701895807, 0.000443979835836, 0.00029106833972, 0.000146079633851, 0.000180070856004, 0.000269415788352, 0.000254893966485, 0.000162666401593, 0.000123697871459, 0.000137012495543, 0.000102074343886, 0.000127896782942, 0.000100498393294, 0.00010014284635, 5.91529678786e-05, 3.84972954635e-05, 4.30958571087e-05, 4.06343970099e-05, 3.75795207219e-05, 2.66822316917e-05, 1.53598502948e-05, 1.29257150547e-05, 1.44143205034e-05, 1.39955745908e-05, 9.38416178542e-06, 7.49775426812e-06, 6.34968682789e-06, 5.18339993505e-06, 4.54374958281e-06, 3.98402607971e-06, 4.19473781221e-06, 3.98282600145e-06, 3.35887125402e-06, 2.48936680691e-06, 2.53692905972e-06, 1.97457779905e-06, 1.34660967888e-06]
    },
    "melbands128": {
        "mean": [0.000183142052265, 0.00147790228948, 0.0033308470156, 0.00418211193755, 0.00343933072872, 0.00208045309409, 0.00118496071082, 0.00121737795416, 0.00131819443777, 0.000580564490519, 0.000344101485098, 0.00044222449651, 0.000453691434814, 0.000488399819005, 0.000302061991533, 0.000184381104191, 0.000165273886523, 0.000134297428303, 0.000119244759844, 0.000193215993932, 0.000185649900232, 0.000206292170333, 0.000264319998678, 0.000326795765432, 0.00041039349162, 0.000134741902002, 0.000135030393722, 0.000216541448026, 0.000119197109598, 0.000157952337759, 0.000104170132545, 9.34119962039e-05, 0.000164909826708, 0.000170472529135, 5.1696839364e-05, 0.000125029517221, 0.000110134322313, 4.73093459732e-05, 0.000248083844781, 0.000127816267195, 5.72466706217e-05, 6.39445570414e-05, 0.000108741151053, 0.000124899495859, 5.41127265024e-05, 5.27667762071e-05, 6.02046820859e-05, 2.84201396425e-05, 3.16744153679e-05, 5.11314792675e-05, 4.75198794447e-05, 3.5212648072e-05, 2.24249652092e-05, 5.32923440915e-05, 6.07991933066e-05, 2.48761207331e-05, 2.56998391706e-05, 4.42155833298e-05, 1.78420450538e-05, 1.47773562276e-05, 1.80679344339e-05, 1.20667409647e-05, 1.2867303667e-05, 1.29872523758e-05, 1.4067380107e-05, 1.29423369799e-05, 1.60084491654e-05, 1.58325456141e-05, 1.28789488372e-05, 1.30071020976e-05, 9.19107151276e-06, 7.59068916523e-06, 8.11936115497e-06, 7.4294366641e-06, 6.73956492392e-06, 7.24989376977e-06, 5.71329383092e-06, 5.04899753651e-06, 5.24138886249e-06, 5.16615045854e-06, 4.73926820632e-06, 4.17791170548e-06, 4.20013611802e-06, 3.97936173613e-06, 3.84292798117e-06, 3.81023050977e-06, 4.41266138296e-06, 4.74515491078e-06, 3.92229094359e-06, 3.40284759659e-06, 3.87359523302e-06, 3.14292765324e-06, 2.88630462819e-06, 2.3738807613e-06, 2.28651242651e-06, 2.60109959527e-06, 2.63160177383e-06, 2.4521486921e-06, 2.1514092623e-06, 1.610398499e-06, 1.38931898164e-06, 1.3049732388e-06, 1.3252251847e-06, 1.23985785194e-06, 1.30790544972e-06, 1.25172891785e-06, 9.04613784769e-07, 7.6262881521e-07, 6.87233921326e-07, 8.96088124591e-07, 8.00933719347e-07, 7.7728151382e-07, 5.94869050019e-07, 6.74546242863e-07, 5.57614498575e-07, 5.32918932095e-07, 3.24916356931e-07, 3.43978058481e-07, 3.50004654592e-07, 4.4433861035e-07, 2.62655504457e-07, 2.41521291855e-07, 3.02471704572e-07, 2.5627500122e-07, 1.87399180618e-07, 1.40008907579e-07, 1.1887816953e-07, 1.12873401292e-07]
    },
    "mfcc": {
        "mean": [-648.243652344, 118.25062561, -3.61945414543, 21.1462898254, 9.73136425018, 12.5034532547, 2.63496923447, 5.88360023499, 0.699664950371, 3.86123299599, -1.33655977249, -1.10286390781, -1.74170470238],
        "cov": [[19031.2285156, -2550.11425781, -1330.12756348, -122.961746216, -383.627410889, 207.559005737, -151.810958862, -129.91557312, 27.0844650269, 266.454681396, 223.404632568, 386.967254639, 378.487365723], [-2550.11425781, 2247.05493164, -162.59463501, 79.4704971313, 226.559448242, -18.1408920288, 127.402099609, 151.998718262, 47.4178352356, 47.2076416016, 89.1137542725, 34.0545654297, -9.99658966064], [-1330.12756348, -162.59463501, 959.406799316, 109.06224823, 68.7284317017, 39.3767089844, 53.9179382324, 50.839515686, 58.5490760803, -10.0160150528, -38.596622467, -67.4761810303, -60.581199646], [-122.961746216, 79.4704971313, 109.06224823, 358.423095703, 83.5418319702, 57.5892906189, 10.0328178406, 23.6955089569, 36.6376647949, -8.72238636017, -18.9079360962, 7.19072961807, 16.3172855377], [-383.627410889, 226.559448242, 68.7284317017, 83.5418319702, 259.920227051, 34.058795929, 16.8706550598, 12.6163673401, 35.4498252869, 17.1952915192, 25.3111076355, 41.6917457581, 15.4353065491], [207.559005737, -18.1408920288, 39.3767089844, 57.5892906189, 34.058795929, 227.66494751, 53.04479599, 34.7365722656, 48.566493988, 10.6051301956, 37.747505188, 49.4423332214, 25.9724121094], [-151.810958862, 127.402099609, 53.9179382324, 10.0328178406, 16.8706550598, 53.04479599, 196.513885498, 98.4792709351, 49.8807525635, 10.9172954559, 38.6115684509, 25.2064876556, 13.7360944748], [-129.91557312, 151.998718262, 50.839515686, 23.6955089569, 12.6163673401, 34.7365722656, 98.4792709351, 167.230133057, 69.7012481689, 30.0998401642, 33.3709449768, 18.7075920105, 16.6025447845], [27.0844650269, 47.4178352356, 58.5490760803, 36.6376647949, 35.4498252869, 48.566493988, 49.8807525635, 69.7012481689, 138.650131226, 49.7160606384, 36.8119888306, 26.0695552826, 16.7704372406], [266.454681396, 47.2076416016, -10.0160150528, -8.72238636017, 17.1952915192, 10.6051301956, 10.9172954559, 30.0998401642, 49.7160606384, 121.211242676, 45.2294197083, 17.5424671173, 8.83101844788], [223.404632568, 89.1137542725, -38.596622467, -18.9079360962, 25.3111076355, 37.747505188, 38.6115684509, 33.3709449768, 36.8119888306, 45.2294197083, 124.774124146, 64.7397232056, 16.2702255249], [386.967254639, 34.0545654297, -67.4761810303, 7.19072961807, 41.6917457581, 49.4423332214, 25.2064876556, 18.7075920105, 26.0695552826, 17.5424671173, 64.7397232056, 118.585952759, 46.7422218323], [378.487365723, -9.99658966064, -60.581199646, 16.3172855377, 15.4353065491, 25.9724121094, 13.7360944748, 16.6025447845, 16.7704372406, 8.83101844788, 16.2702255249, 46.7422218323, 100.837982178]],
        "icov": [[8.51169606904e-05, 0.000105108796561, 0.000110260909423, -3.88374610338e-05, 6.67968124617e-05, -3.12748452416e-05, 1.54947829287e-05, -5.70509314457e-07, 2.72658926406e-05, -0.000189361977391, -5.16689033248e-05, -0.000146113190567, -0.000152604203322], [0.000105108796561, 0.000698997348081, 0.000320886319969, -0.000143362267409, -0.000459881965071, 0.000141983677167, -0.00017560183187, -0.000496027350891, 0.000195387547137, -0.000248292839387, -0.000366392108845, 3.48280591425e-05, 6.23935920885e-05], [0.000110260909423, 0.000320886319969, 0.00145589129534, -0.000315998244332, -0.000415127666201, -0.000180019778782, -0.000279552448774, -0.000323276122799, -0.000393863156205, -7.34066925361e-05, 5.92211181356e-05, 0.00057988264598, 0.000538552878425], [-3.88374610338e-05, -0.000143362267409, -0.000315998244332, 0.00337270786986, -0.00087663839804, -0.000697112991475, 0.000329045578837, -0.000254404701991, -0.000616297184024, 0.000489195575938, 0.000974468246568, 4.62528405478e-05, -0.000412256194977], [6.67968124617e-05, -0.000459881965071, -0.000415127666201, -0.00087663839804, 0.00514078745618, -0.000137631184771, 0.000103350481368, 0.000886781956069, -0.000654117204249, -0.000469993625302, 5.42733614566e-05, -0.00187728134915, -0.000304006884107], [-3.12748452416e-05, 0.000141983677167, -0.000180019778782, -0.000697112991475, -0.000137631184771, 0.00553123001009, -0.00100240088068, 0.000135167050757, -0.00108222616836, 0.000449918064987, -0.00063757650787, -0.00145222165156, -0.000236563952058], [1.54947829287e-05, -0.00017560183187, -0.000279552448774, 0.000329045578837, 0.000103350481368, -0.00100240088068, 0.00782191939652, -0.00393101945519, -0.000426746031735, 0.00102546345443, -0.00114699732512, -0.000184695585631, -0.000220820584218], [-5.70509314457e-07, -0.000496027350891, -0.000323276122799, -0.000254404701991, 0.000886781956069, 0.000135167050757, -0.00393101945519, 0.010429832153, -0.00331034883857, -0.000704988604411, -0.00031410320662, 0.000185919358046, -0.000975596369244], [2.72658926406e-05, 0.000195387547137, -0.000393863156205, -0.000616297184024, -0.000654117204249, -0.00108222616836, -0.000426746031735, -0.00331034883857, 0.0114186387509, -0.00346944690682, -0.000751613406464, -0.000420689233579, -0.000516753469128], [-0.000189361977391, -0.000248292839387, -7.34066925361e-05, 0.000489195575938, -0.000469993625302, 0.000449918064987, 0.00102546345443, -0.000704988604411, -0.00346944690682, 0.0114120235667, -0.00347717083059, 0.00148249801714, -5.32452431798e-05], [-5.16689033248e-05, -0.000366392108845, 5.92211181356e-05, 0.000974468246568, 5.42733614566e-05, -0.00063757650787, -0.00114699732512, -0.00031410320662, -0.000751613406464, -0.00347717083059, 0.0139596713707, -0.00684185139835, 0.00174795638304], [-0.000146113190567, 3.48280591425e-05, 0.00057988264598, 4.62528405478e-05, -0.00187728134915, -0.00145222165156, -0.000184695585631, 0.000185919358046, -0.000420689233579, 0.00148249801714, -0.00684185139835, 0.0160144157708, -0.00483050104231], [-0.000152604203322, 6.23935920885e-05, 0.000538552878425, -0.000412256194977, -0.000304006884107, -0.000236563952058, -0.000220820584218, -0.000975596369244, -0.000516753469128, -5.32452431798e-05, 0.00174795638304, -0.00483050104231, 0.0132319964468]]
    },
    "spectral_contrast_coeffs": {
        "mean": [-0.687494754791, -0.745151102543, -0.742926836014, -0.769968092442, -0.783786296844, -0.769037723541]
    },
    "spectral_contrast_valleys": {
        "mean": [-6.85130357742, -7.09384632111, -7.67646741867, -7.67059707642, -7.73004722595, -10.3101711273]
    }
},
"rhythm": {
    "beats_count": 366,
    "beats_loudness": {
        "mean": 0.0445598214865
    },
    "bpm": 100.830596924,
    "bpm_histogram_first_peak_bpm": 99,
    "bpm_histogram_first_peak_weight": 0.551495015621,
    "bpm_histogram_second_peak_bpm": 105,
    "bpm_histogram_second_peak_spread": 0.214285731316,
    "bpm_histogram_second_peak_weight": 0.0904109552503,
    "danceability": 1.20323765278,
    "onset_rate": 3.75885605812,
    "beats_loudness_band_ratio": {
        "mean": [0.526092469692, 0.199609324336, 0.105930268764, 0.102398619056, 0.0782501101494, 0.089468203485]
    },
    "beats_position": [0.66176867485, 1.3235373497, 1.98530614376, 2.6470746994, 3.33206343651, 3.99383211136, 4.65560102463, 5.31736946106, 5.97913837433, 6.64090681076, 7.31428575516, 7.92961454391, 8.54494285583, 9.17188167572, 9.78721046448, 10.4141492844, 11.0410881042, 11.6796369553, 12.3065757751, 12.9219045639, 13.5372333527, 14.1525621414, 14.7678909302, 15.3716096878, 15.9753284454, 16.5790481567, 17.1827659607, 17.786485672, 18.390203476, 18.9823131561, 19.574420929, 20.1665306091, 20.758638382, 21.3623580933, 21.9660758972, 22.5697956085, 23.1619052887, 23.7540130615, 24.3577327728, 24.9498405457, 25.5419502258, 26.1456680298, 26.7493877411, 27.3414955139, 27.9336051941, 28.537322998, 29.1410427094, 29.7447605133, 30.3368701935, 30.9289798737, 31.5326976776, 32.1364173889, 32.7401351929, 33.332244873, 33.9243545532, 34.5280723572, 35.1317901611, 35.7355079651, 36.3392295837, 36.9429473877, 37.5466651917, 38.1503829956, 38.7541046143, 39.3462142944, 39.9383201599, 40.5420417786, 41.134147644, 41.7262573242, 42.3299751282, 42.9336967468, 43.5374145508, 44.129524231, 44.7216300964, 45.3253517151, 45.929069519, 46.5211791992, 47.1132888794, 47.7170066833, 48.3207244873, 48.9244422913, 49.5165519714, 50.1086616516, 50.7123794556, 51.3160972595, 51.9198188782, 52.5119247437, 53.1272544861, 53.73097229, 54.3230819702, 54.9151916504, 55.5189094543, 56.122631073, 56.726348877, 57.3300666809, 57.9337844849, 58.5375061035, 59.1412239075, 59.7333335876, 60.3254394531, 60.9291610718, 61.5328788757, 62.1365966797, 62.7287063599, 63.3324241638, 63.924533844, 64.5282516479, 65.1319732666, 65.7356872559, 66.3394088745, 66.9431304932, 67.5468444824, 68.1621780396, 68.7658920288, 69.3696136475, 69.9617233276, 70.5538330078, 71.145942688, 71.7496566772, 72.3533782959, 72.9454879761, 73.5492019653, 74.152923584, 74.7566452026, 75.3487548828, 75.9408569336, 76.5329666138, 77.1366882324, 77.7404098511, 78.3441238403, 78.9362335205, 79.5399551392, 80.1320648193, 80.7357788086, 81.3395004272, 81.9316101074, 82.5237197876, 83.1274337769, 83.7311553955, 84.3348770142, 84.9385910034, 85.5423126221, 86.1344223022, 86.7265319824, 87.3302459717, 87.9339675903, 88.5260772705, 89.1181869507, 89.7219009399, 90.3256225586, 90.9177322388, 91.5098419189, 92.1135559082, 92.7172775269, 93.3209991455, 93.9247131348, 94.5284347534, 95.1321487427, 95.7358703613, 96.33959198, 96.9433059692, 97.5354156494, 98.1275253296, 98.7312469482, 99.3349609375, 99.9386825562, 100.530792236, 101.122901917, 101.726615906, 102.330337524, 102.934059143, 103.537773132, 104.141494751, 104.733604431, 105.325714111, 105.929428101, 106.521537781, 107.125259399, 107.728981018, 108.332695007, 108.924804688, 109.528526306, 110.109024048, 110.712738037, 111.316459656, 111.920181274, 112.535507202, 113.139228821, 113.74294281, 114.346664429, 114.961990356, 115.565711975, 116.169433594, 116.773147583, 117.365257263, 117.957366943, 118.561088562, 119.164802551, 119.756912231, 120.349021912, 120.95274353, 121.54485321, 122.1485672, 122.74067688, 123.33278656, 123.936508179, 124.540222168, 125.132331848, 125.736053467, 126.339767456, 126.931877136, 127.523986816, 128.127700806, 128.708206177, 129.311920166, 129.915649414, 130.507751465, 131.111465454, 131.703582764, 132.295684814, 132.887802124, 133.491516113, 134.083618164, 134.675735474, 135.233016968, 135.790298462, 136.347564697, 136.893234253, 137.438903809, 137.984573364, 138.541854858, 139.110748291, 139.691238403, 140.271743774, 140.840637207, 141.409515381, 141.966796875, 142.547302246, 143.127792358, 143.696685791, 144.265579224, 144.846069336, 145.426574707, 146.007064819, 146.58757019, 147.144851685, 147.725341797, 148.305847168, 148.886352539, 149.466842651, 150.047348022, 150.627838135, 151.208343506, 151.788833618, 152.346115112, 152.926620483, 153.507110596, 154.087615967, 154.656509399, 155.225387573, 155.805892944, 156.386398315, 156.966888428, 157.547393799, 158.127883911, 158.696777344, 159.265670776, 159.846160889, 160.42666626, 161.007156372, 161.587661743, 162.156555176, 162.737045288, 163.317550659, 163.898040771, 164.466934204, 165.047439575, 165.616317749, 166.185211182, 166.765716553, 167.346206665, 167.915100098, 168.48399353, 169.064483643, 169.644989014, 170.225479126, 170.805984497, 171.386474609, 171.96697998, 172.535873413, 173.104751587, 173.685256958, 174.265762329, 174.846252441, 175.415145874, 175.984039307, 176.564529419, 177.14503479, 177.725524902, 178.306030273, 178.886520386, 179.455413818, 180.024307251, 180.604797363, 181.185302734, 181.765808105, 182.346298218, 182.91519165, 183.495681763, 184.064575195, 184.645080566, 185.225570679, 185.80607605, 186.386566162, 186.967071533, 187.547576904, 188.128067017, 188.696960449, 189.265853882, 189.846343994, 190.426849365, 191.007339478, 191.57623291, 192.145126343, 192.725616455, 193.306121826, 193.886611938, 194.46711731, 195.047622681, 195.628112793, 196.197006226, 196.765899658, 197.346389771, 197.926895142, 198.507385254, 199.087890625, 199.668380737, 200.260498047, 200.852600098, 201.433105469, 202.013595581, 202.582489014, 203.151382446, 203.731872559, 204.300765991, 204.881271362, 205.450149536, 206.030654907, 206.634368896, 207.261306763, 207.87663269, 208.410705566, 208.956375122, 209.502029419, 210.059310913, 210.616592407, 211.208709717, 211.789199829, 212.3697052, 212.961807251, 213.553924561, 214.192474365, 214.819412231, 215.457962036, 216.096496582, 216.735046387, 217.373596191],
    "bpm_histogram": [0, 0, 0, 0, 0, 0, 0, 0, 0, 0, 0, 0, 0, 0, 0, 0, 0, 0, 0, 0, 0, 0, 0, 0, 0, 0, 0, 0, 0, 0, 0, 0, 0, 0, 0, 0, 0, 0, 0, 0, 0, 0, 0, 0, 0, 0, 0, 0, 0, 0, 0, 0, 0, 0, 0, 0, 0, 0, 0, 0, 0, 0, 0, 0, 0, 0, 0, 0, 0, 0, 0, 0, 0, 0, 0, 0, 0, 0, 0, 0, 0, 0, 0, 0, 0, 0, 0, 0, 0.00273972610012, 0.00273972610012, 0, 0.0219178088009, 0, 0, 0.0164383556694, 0, 0.0164383556694, 0, 0.0328767113388, 0.336986303329, 0, 0.210958898067, 0, 0.22739726305, 0, 0.0904109552503, 0, 0, 0.0246575344354, 0, 0.0136986300349, 0, 0.00273972610012, 0, 0, 0, 0, 0, 0, 0, 0, 0, 0, 0, 0, 0, 0, 0, 0, 0, 0, 0, 0, 0, 0, 0, 0, 0, 0, 0, 0, 0, 0, 0, 0, 0, 0, 0, 0, 0, 0, 0, 0, 0, 0, 0, 0, 0, 0, 0, 0, 0, 0, 0, 0, 0, 0, 0, 0, 0, 0, 0, 0, 0, 0, 0, 0, 0, 0, 0, 0, 0, 0, 0, 0, 0, 0, 0, 0, 0, 0, 0, 0, 0, 0, 0, 0, 0, 0, 0, 0, 0, 0, 0, 0, 0, 0, 0, 0, 0, 0, 0, 0, 0, 0, 0, 0, 0, 0, 0, 0, 0, 0, 0, 0, 0, 0, 0, 0, 0, 0, 0, 0, 0, 0, 0, 0, 0, 0, 0, 0, 0, 0, 0, 0, 0, 0, 0, 0, 0]
},
"tonal": {
    "chords_changes_rate": 0.0636305585504,
    "chords_number_rate": 0.0021281123627,
    "chords_strength": {
        "mean": 0.498329311609
    },
    "hpcp_crest": {
        "mean": 15.2075653076
    },
    "hpcp_entropy": {
        "mean": 1.79848086834
    },
    "key_edma": {
        "strength": 0.753364622593,
        "key": "C",
        "scale": "major"
    },
    "key_krumhansl": {
        "strength": 0.763526082039,
        "key": "C",
        "scale": "major"
    },
    "key_temperley": {
        "strength": 0.770685374737,
        "key": "C",
        "scale": "major"
    },
    "tuning_diatonic_strength": 0.587700009346,
    "tuning_equal_tempered_deviation": 0.0167345330119,
    "tuning_frequency": 439.745910645,
    "tuning_nontempered_energy_ratio": 0.683479130268,
    "hpcp": {
        "mean": [0.16766910255, 0.0914057418704, 0.05394269526, 0.049256850034, 0.040564276278, 0.0716191381216, 0.11096920073, 0.098995923996, 0.175397470593, 0.245318055153, 0.141350835562, 0.0618724375963, 0.0545192919672, 0.0572974383831, 0.127168402076, 0.193085566163, 0.134017601609, 0.0626218393445, 0.0501440912485, 0.0623102635145, 0.170829936862, 0.289266884327, 0.209411948919, 0.152511000633, 0.172970950603, 0.107531994581, 0.0881137773395, 0.105790279806, 0.100260406733, 0.168163388968, 0.215056031942, 0.129312440753, 0.0710211098194, 0.0677845552564, 0.0607438124716, 0.130007356405]
    },
    "chords_histogram": [45.5628852844, 5.59693574905, 6.12896347046, 1.06405615807, 1.19174289703, 0.0425622463226, 2.85167050362, 0.361779093742, 0.404341340065, 0, 0.361779093742, 0, 0, 0, 0.212811231613, 2.21323680878, 0.425622463226, 0.404341340065, 0, 0.766120433807, 0.893807172775, 5.12875080109, 3.53266644478, 22.8559265137],
    "thpcp": [1, 0.723940253258, 0.527232825756, 0.597963213921, 0.37173974514, 0.304610669613, 0.365718603134, 0.346601754427, 0.581343352795, 0.743451952934, 0.447035074234, 0.245521053672, 0.234332233667, 0.209992274642, 0.449437409639, 0.579634606838, 0.315991044044, 0.186480715871, 0.170281678438, 0.140231311321, 0.247588440776, 0.383622199297, 0.342230409384, 0.606351733208, 0.848068237305, 0.488651990891, 0.213893949986, 0.188474014401, 0.198078110814, 0.439623087645, 0.66749972105, 0.46330088377, 0.21648465097, 0.173348888755, 0.215407520533, 0.590561687946],
    "chords_key": "C",
    "chords_scale": "major"
}
}