{
"metadata": {
    "version": {
        "essentia": "2.1-beta6-dev",
        "essentia_git_sha": "v2.1_beta5-1177-g1d1cc983",
        "extractor": "music 2.0"
    },
    "audio_properties": {
        "analysis": {
            "equal_loudness": 0,
            "length": 217.773330688,
            "sample_rate": 44100,
            "start_time": 0,
            "downmix": "mix"
        },
        "bit_rate": 1411200,
        "length": 217.773330688,
        "lossless": 1,
        "number_channels": 2,
        "replay_gain": -15.1963615417,
        "sample_rate": 44100,
        "codec": "pcm_s16le",
        "md5_encoded": "cec1e6d8a7ba363b0eb815f29b4cbbfc"
    },
    "tags": {
        "file_name": "07 - The Front Bottoms - Trampoline.wav",
        "album": ["Going Grey"],
        "albumartist": ["The Front Bottoms"],
        "artist": ["The Front Bottoms"],
        "copyright": ["© 2017 Fueled By Ramen LLC for the United States and WEA International Inc. for the world outside of the United States. A Warner Music Group Company ℗ 2017 Fueled By Ramen LLC"],
        "date": ["2017"],
        "discnumber": ["1"],
        "disctotal": ["1"],
        "genre": ["Alternative & Indie"],
        "isrc": ["USAT21703361"],
        "title": ["Trampoline"],
        "tracknumber": ["7"],
        "tracktotal": ["11"]
    }
},
"lowlevel": {
    "average_loudness": 0.935895740986,
    "barkbands_crest": {
        "mean": 10.1723241806
    },
    "barkbands_flatness_db": {
        "mean": 0.117962099612
    },
    "barkbands_kurtosis": {
        "mean": 2.51176476479
    },
    "barkbands_skewness": {
        "mean": 1.36523616314
    },
    "barkbands_spread": {
        "mean": 28.805803299
    },
    "dissonance": {
        "mean": 0.472326159477
    },
    "dynamic_complexity": 3.24927020073,
    "erbbands_crest": {
        "mean": 8.31171798706
    },
    "erbbands_flatness_db": {
        "mean": 0.144226029515
    },
    "erbbands_kurtosis": {
        "mean": -0.179963439703
    },
    "erbbands_skewness": {
        "mean": -0.0918136015534
    },
    "erbbands_spread": {
        "mean": 44.1542282104
    },
    "hfc": {
        "mean": 24.149181366
    },
    "loudness_ebu128": {
        "integrated": -7.41629266739,
        "loudness_range": 4.05139827728,
        "momentary": {
            "mean": -9.1602191925
        },
        "short_term": {
            "mean": -8.25524139404
        }
    },
    "melbands_crest": {
        "mean": 15.0455436707
    },
    "melbands_flatness_db": {
        "mean": 0.173709914088
    },
    "melbands_kurtosis": {
        "mean": 13.1079626083
    },
    "melbands_skewness": {
        "mean": 2.80059051514
    },
    "melbands_spread": {
        "mean": 29.6821632385
    },
    "pitch_salience": {
        "mean": 0.495624929667
    },
    "silence_rate_20dB": {
        "mean": 1
    },
    "silence_rate_30dB": {
        "mean": 0.98827290535
    },
    "silence_rate_60dB": {
        "mean": 0.0757995769382
    },
    "spectral_centroid": {
        "mean": 1816.5534668
    },
    "spectral_complexity": {
        "mean": 21.744562149
    },
    "spectral_decrease": {
        "mean": -7.8255828484e-09
    },
    "spectral_energy": {
        "mean": 0.0317259728909
    },
    "spectral_energyband_high": {
        "mean": 0.00123001029715
    },
    "spectral_energyband_low": {
        "mean": 0.0154606364667
    },
    "spectral_energyband_middle_high": {
        "mean": 0.00574408564717
    },
    "spectral_energyband_middle_low": {
        "mean": 0.0102335065603
    },
    "spectral_entropy": {
        "mean": 7.7385559082
    },
    "spectral_flux": {
        "mean": 0.080556795001
    },
    "spectral_kurtosis": {
        "mean": 3.12946295738
    },
    "spectral_rms": {
        "mean": 0.0051082666032
    },
    "spectral_rolloff": {
        "mean": 1985.57421875
    },
    "spectral_skewness": {
        "mean": 1.20012426376
    },
    "spectral_spread": {
        "mean": 4677960.5
    },
    "spectral_strongpeak": {
        "mean": 0.806535303593
    },
    "zerocrossingrate": {
        "mean": 0.0729859173298
    },
    "barkbands": {
        "mean": [0.000378629163606, 0.0103018116206, 0.00404033716768, 0.00185479247011, 0.00274187768809, 0.00135697796941, 0.000877081474755, 0.00196936167777, 0.00103682582267, 0.000722507189494, 0.000474825035781, 0.000368611887097, 0.000534160470124, 0.000682691344991, 0.000603517051786, 0.000491362996399, 0.000744955730624, 0.000438251474407, 0.000623181811534, 0.000409897242207, 0.000344661006238, 0.000287001312245, 0.000197000510525, 0.000175185341504, 5.05077987327e-05, 1.28842712002e-05, 6.58959606881e-06]
    },
    "erbbands": {
        "mean": [0.260816514492, 2.38736438751, 5.38052892685, 4.85958623886, 8.23402023315, 8.70956802368, 10.7530937195, 10.2269220352, 11.7028560638, 28.2579631805, 38.7920227051, 28.0779819489, 23.6281967163, 16.4501914978, 19.6916122437, 19.3276042938, 25.7997341156, 33.3075294495, 32.0440444946, 32.2993850708, 28.7540569305, 34.0458564758, 29.6026859283, 25.2257785797, 32.4027175903, 20.2882595062, 12.5689544678, 14.5082788467, 11.1054973602, 7.59122467041, 5.05964946747, 4.12468290329, 2.51891064644, 0.841358184814, 0.246782571077, 0.0767532363534, 0.0196609366685, 0.00558596756309, 0.00128742295783, 8.64937828737e-05]
    },
    "gfcc": {
        "mean": [5.65410041809, 72.5150604248, -123.109077454, 42.6853370667, -55.4030380249, 9.01300144196, -33.0167427063, 6.17764520645, -13.9737939835, 0.623446583748, -11.9850816727, -4.67110776901, -12.4774971008],
        "cov": [[16903.1113281, 2155.93603516, 120.601623535, 1440.70605469, -68.6309432983, 612.967224121, 99.4730529785, 466.238525391, 188.171356201, 43.3211593628, 162.839782715, -78.9613723755, -20.2415943146], [2155.93603516, 1249.72229004, 146.392028809, 314.491516113, 296.016418457, 4.49101495743, 190.381210327, 70.5163040161, 161.445144653, 24.8888511658, 125.257331848, -2.16235017776, 44.3475189209], [120.601623535, 146.392028809, 859.498474121, 325.53717041, 283.637969971, 192.569869995, 51.8953361511, 83.9100570679, 42.6607818604, 85.8511199951, 36.3358154297, 22.2206115723, 20.4720611572], [1440.70605469, 314.491516113, 325.53717041, 777.634643555, 168.788833618, 205.735122681, 77.9128112793, 147.560180664, 77.6650772095, 37.9025344849, 52.1104850769, 30.5321426392, 61.127658844], [-68.6309432983, 296.016418457, 283.637969971, 168.788833618, 402.661224365, 86.9718170166, 131.874664307, 67.8301696777, 108.283454895, 61.1997833252, 50.7625198364, 26.1598243713, 32.3481254578], [612.967224121, 4.49101495743, 192.569869995, 205.735122681, 86.9718170166, 402.610565186, 71.8361129761, 115.658958435, 31.8929920197, 56.2350540161, 34.6538658142, -7.35956001282, 15.0743570328], [99.4730529785, 190.381210327, 51.8953361511, 77.9128112793, 131.874664307, 71.8361129761, 282.709350586, 66.9837036133, 56.8369636536, 18.9697303772, 49.8954658508, 35.2712631226, 15.1393909454], [466.238525391, 70.5163040161, 83.9100570679, 147.560180664, 67.8301696777, 115.658958435, 66.9837036133, 189.636642456, 81.7794952393, 40.2970809937, 37.0431060791, -2.86375927925, 14.5858163834], [188.171356201, 161.445144653, 42.6607818604, 77.6650772095, 108.283454895, 31.8929920197, 56.8369636536, 81.7794952393, 148.984786987, 49.0132827759, 39.6960601807, -3.60448169708, 14.8284244537], [43.3211593628, 24.8888511658, 85.8511199951, 37.9025344849, 61.1997833252, 56.2350540161, 18.9697303772, 40.2970809937, 49.0132827759, 103.847953796, 43.5058784485, 7.4263882637, 4.61487197876], [162.839782715, 125.257331848, 36.3358154297, 52.1104850769, 50.7625198364, 34.6538658142, 49.8954658508, 37.0431060791, 39.6960601807, 43.5058784485, 110.421440125, 34.4015922546, 12.4554204941], [-78.9613723755, -2.16235017776, 22.2206115723, 30.5321426392, 26.1598243713, -7.35956001282, 35.2712631226, -2.86375927925, -3.60448169708, 7.4263882637, 34.4015922546, 92.4775619507, 36.4559516907], [-20.2415943146, 44.3475189209, 20.4720611572, 61.127658844, 32.3481254578, 15.0743570328, 15.1393909454, 14.5858163834, 14.8284244537, 4.61487197876, 12.4554204941, 36.4559516907, 80.2787246704]],
        "icov": [[0.000110852684884, -0.000252954370808, 4.72570391139e-05, -0.000132292232593, 0.000215447740629, -0.000153948465595, 0.000108921078208, -0.000189288359252, 8.40591528686e-05, -6.84975457261e-05, 0.000147282844409, -0.000140898875543, 0.000241857909714], [-0.000252954370808, 0.00192205188796, -6.89904481987e-05, -0.000149751052959, -0.00109749869443, 0.000748452497646, -0.000739422917832, 0.000912057585083, -0.000925409025513, 0.000907643698156, -0.00180577847641, 0.00153966608923, -0.00101877294946], [4.72570391139e-05, -6.89904481987e-05, 0.00190972071141, -0.000575229350943, -0.00119590014219, -0.000426361453719, 0.000396368093789, -0.000217014356167, 0.000871238298714, -0.000977820600383, 0.000335989665473, -0.00029529852327, 0.000504907744471], [-0.000132292232593, -0.000149751052959, -0.000575229350943, 0.00220726267435, -0.000181418246939, -0.00044186838204, 0.000118451847811, -0.000772970553953, -0.000134747693664, 0.000510942772962, 3.21321931551e-05, -0.000410809036111, -0.00103338051122], [0.000215447740629, -0.00109749869443, -0.00119590014219, -0.000181418246939, 0.00529372179881, -0.000481122871861, -0.00102205667645, 0.000204387950362, -0.00209566880949, -0.000844531692564, 0.000909977359697, -0.000966755847912, -4.99499838043e-05], [-0.000153948465595, 0.000748452497646, -0.000426361453719, -0.00044186838204, -0.000481122871861, 0.00395296094939, -0.000868130417075, -0.0012286278652, 0.000925549364183, -0.000982381869107, -0.000850882264785, 0.00166770804208, -0.000908352434635], [0.000108921078208, -0.000739422917832, 0.000396368093789, 0.000118451847811, -0.00102205667645, -0.000868130417075, 0.00515973893926, -0.00134299043566, -0.000134991889354, 0.000714968598913, -0.000309087568894, -0.00224612979218, 0.00114226306323], [-0.000189288359252, 0.000912057585083, -0.000217014356167, -0.000772970553953, 0.000204387950362, -0.0012286278652, -0.00134299043566, 0.00949891936034, -0.00437234342098, 1.33812309286e-05, -0.00141521065962, 0.00152718648314, -0.00089898519218], [8.40591528686e-05, -0.000925409025513, 0.000871238298714, -0.000134747693664, -0.00209566880949, 0.000925549364183, -0.000134991889354, -0.00437234342098, 0.0128073217347, -0.00389365712181, -0.000650913629215, 0.00191971857566, -0.00100926868618], [-6.84975457261e-05, 0.000907643698156, -0.000977820600383, 0.000510942772962, -0.000844531692564, -0.000982381869107, 0.000714968598913, 1.33812309286e-05, -0.00389365712181, 0.014888769947, -0.00508734956384, 0.000380071374821, 0.000209167483263], [0.000147282844409, -0.00180577847641, 0.000335989665473, 3.21321931551e-05, 0.000909977359697, -0.000850882264785, -0.000309087568894, -0.00141521065962, -0.000650913629215, -0.00508734956384, 0.0152063593268, -0.00630017369986, 0.00194745289627], [-0.000140898875543, 0.00153966608923, -0.00029529852327, -0.000410809036111, -0.000966755847912, 0.00166770804208, -0.00224612979218, 0.00152718648314, 0.00191971857566, 0.000380071374821, -0.00630017369986, 0.0176684930921, -0.00769796967506], [0.000241857909714, -0.00101877294946, 0.000504907744471, -0.00103338051122, -4.99499838043e-05, -0.000908352434635, 0.00114226306323, -0.00089898519218, -0.00100926868618, 0.000209167483263, 0.00194745289627, -0.00769796967506, 0.0172451194376]]
    },
    "melbands": {
        "mean": [0.00260353833437, 0.00289727421477, 0.000992258195765, 0.000595328223426, 0.000395101582399, 0.000242021444137, 0.000175064255018, 0.000337639910867, 0.000310398580041, 0.000152307809913, 0.000113047950435, 6.36976910755e-05, 6.88354630256e-05, 4.47882266599e-05, 5.78368890274e-05, 4.66052770207e-05, 6.66509658913e-05, 5.22518857906e-05, 3.9450602344e-05, 4.24416757596e-05, 3.3884520235e-05, 3.39379330399e-05, 3.8874513848e-05, 2.04050083994e-05, 1.92923198483e-05, 2.55862541962e-05, 1.96403889277e-05, 1.17300369311e-05, 7.16936574463e-06, 8.51945969771e-06, 8.32602108858e-06, 6.84929500494e-06, 4.36563732364e-06, 4.19401612817e-06, 2.93128414341e-06, 2.65627386398e-06, 2.45527780862e-06, 1.95464895114e-06, 1.1122849628e-06, 5.72880878735e-07]
    },
    "melbands128": {
        "mean": [0.000354411924491, 0.00188763765618, 0.00342445750721, 0.00421353755519, 0.00334959523752, 0.00165384297725, 0.000860545376781, 0.00102180324029, 0.000859393039718, 0.000521404901519, 0.000455725938082, 0.000487158860778, 0.00035967110307, 0.000324317050399, 0.000206898301258, 0.000232485821471, 0.000221994050662, 0.000136182206916, 0.000135564027005, 0.000367297063349, 0.000414842244936, 0.00031778489938, 0.000334056327119, 0.000227489756071, 0.000243853501161, 5.39619213669e-05, 0.000108856365841, 0.000167901816894, 5.57239582122e-05, 8.29565615277e-05, 4.73220570711e-05, 6.04138112976e-05, 9.2143593065e-05, 6.32613518974e-05, 2.50777829933e-05, 4.97301043652e-05, 6.08081827522e-05, 3.0003109714e-05, 9.58921664278e-05, 5.1611019444e-05, 2.86110844172e-05, 4.59764596599e-05, 6.51241643936e-05, 8.51414442877e-05, 5.37169507879e-05, 4.35900619777e-05, 5.86530550208e-05, 2.66793085757e-05, 3.52909555659e-05, 5.81346030231e-05, 4.39952054876e-05, 2.86194026557e-05, 2.16972111957e-05, 4.6785982704e-05, 4.0988848923e-05, 2.27902346523e-05, 2.69138708973e-05, 6.86681596562e-05, 2.72082725132e-05, 2.03195450013e-05, 2.33894752455e-05, 1.44892519529e-05, 2.12974427996e-05, 1.91623676074e-05, 1.93640753423e-05, 3.00292995234e-05, 2.50768280239e-05, 2.28273056564e-05, 1.74201086338e-05, 1.85839708138e-05, 1.14798349387e-05, 8.64487083163e-06, 7.25952486391e-06, 6.71371572025e-06, 7.42820247979e-06, 7.7323129517e-06, 1.0325788935e-05, 8.00808356871e-06, 8.77156253409e-06, 7.52018058847e-06, 7.2847519732e-06, 6.54400082567e-06, 5.44172871741e-06, 3.48728667632e-06, 4.34690173279e-06, 4.30694217357e-06, 4.37946482634e-06, 3.51795210918e-06, 2.82904147753e-06, 2.46626836997e-06, 2.55058080256e-06, 2.81710049421e-06, 2.65336939265e-06, 2.50966422755e-06, 2.25792678066e-06, 2.20262404582e-06, 1.90820856005e-06, 1.62887010902e-06, 1.1800559605e-06, 7.94397408299e-07, 7.14522229828e-07, 5.32361525529e-07, 4.24867721449e-07, 3.31810753096e-07, 2.52721576999e-07, 2.02985063424e-07, 1.73377202373e-07, 1.4512603741e-07, 1.38981178566e-07, 1.01166556021e-07, 7.97121444407e-08, 6.54180851711e-08, 5.7048858082e-08, 4.96961618524e-08, 4.32824798224e-08, 3.87193743734e-08, 3.25668629841e-08, 4.06507822959e-08, 8.44563174951e-08, 6.76892781826e-08, 1.57659769684e-08, 1.31942448078e-08, 1.19038130464e-08, 1.04766106901e-08, 9.19578635461e-09, 7.50788142767e-09, 5.90522697408e-09, 5.86820503301e-09]
    },
    "mfcc": {
        "mean": [-629.389831543, 97.5500640869, -5.57342624664, 30.7871303558, 3.72403979301, 6.03808879852, -5.11977720261, 3.51410841942, -1.30694186687, 5.07539749146, 3.04469752312, 2.29650568962, -2.55621814728],
        "cov": [[11398.2919922, 946.003295898, 764.077819824, 848.668518066, 452.017425537, 357.379943848, 335.76965332, 440.525512695, 208.421920776, 366.459442139, 115.140472412, 238.547424316, 95.6235656738], [946.003295898, 1034.41931152, -54.5263938904, 202.501419067, 105.184165955, 49.5267105103, 63.7766036987, 36.9780464172, 43.9493713379, 58.9466972351, 66.0549545288, 62.6243209839, 53.8443946838], [764.077819824, -54.5263938904, 631.767272949, 195.836791992, 246.004364014, 149.101501465, 127.485954285, 54.033416748, 64.241973877, 62.8892669678, 3.63965511322, 66.8922119141, 61.8087081909], [848.668518066, 202.501419067, 195.836791992, 564.371337891, 181.59765625, 89.7184295654, 82.0768432617, 90.7100296021, 97.9372329712, 25.325428009, 27.2489109039, 58.4807548523, 84.9890213013], [452.017425537, 105.184165955, 246.004364014, 181.59765625, 377.85055542, 125.817131042, 69.3228988647, 53.3890113831, 82.8847045898, 108.890571594, 9.21494102478, 67.7055206299, 73.6298980713], [357.379943848, 49.5267105103, 149.101501465, 89.7184295654, 125.817131042, 233.286468506, 124.796943665, 65.2517929077, 63.6397819519, 44.0437431335, 29.0279712677, 46.243270874, 34.532913208], [335.76965332, 63.7766036987, 127.485954285, 82.0768432617, 69.3228988647, 124.796943665, 206.246200562, 98.7825927734, 59.3074493408, 45.3492927551, 42.4584007263, 54.6700401306, 40.3330421448], [440.525512695, 36.9780464172, 54.033416748, 90.7100296021, 53.3890113831, 65.2517929077, 98.7825927734, 159.850616455, 72.1956329346, 50.0970840454, 33.5988960266, 42.8145141602, 33.6973800659], [208.421920776, 43.9493713379, 64.241973877, 97.9372329712, 82.8847045898, 63.6397819519, 59.3074493408, 72.1956329346, 142.070541382, 63.6050949097, 25.9933834076, 33.9699783325, 24.682674408], [366.459442139, 58.9466972351, 62.8892669678, 25.325428009, 108.890571594, 44.0437431335, 45.3492927551, 50.0970840454, 63.6050949097, 163.210678101, 50.7372245789, 43.3291053772, 24.9508457184], [115.140472412, 66.0549545288, 3.63965511322, 27.2489109039, 9.21494102478, 29.0279712677, 42.4584007263, 33.5988960266, 25.9933834076, 50.7372245789, 98.7995300293, 50.3037109375, 18.2185993195], [238.547424316, 62.6243209839, 66.8922119141, 58.4807548523, 67.7055206299, 46.243270874, 54.6700401306, 42.8145141602, 33.9699783325, 43.3291053772, 50.3037109375, 109.079917908, 54.1759147644], [95.6235656738, 53.8443946838, 61.8087081909, 84.9890213013, 73.6298980713, 34.532913208, 40.3330421448, 33.6973800659, 24.682674408, 24.9508457184, 18.2185993195, 54.1759147644, 92.255531311]],
        "icov": [[0.000128559986479, -0.000103437319922, -0.000130250831717, -0.000143145807669, 9.39683013712e-05, -7.16843787814e-05, 8.21800713311e-05, -0.000300668179989, 0.00018272192392, -0.000272138277069, 0.00017643989122, -0.000179027512786, 0.000266985298367], [-0.000103437319922, 0.00124403077643, 0.000528218748514, -0.00031322601717, -0.000366830354324, 6.4956038841e-05, -0.000403885729611, 0.00053626857698, -2.92354015983e-05, 5.23062772118e-05, -0.000576977035962, -4.92510516779e-05, -0.000298504339298], [-0.000130250831717, 0.000528218748514, 0.00271069607697, -0.000390775559936, -0.0013055637246, -0.000371173402527, -0.001217247569, 0.000867413531523, 4.99034285895e-05, 0.000144639096106, 0.000427584018325, -0.000452164473245, -0.000104511600512], [-0.000143145807669, -0.00031322601717, -0.000390775559936, 0.00292770145461, -0.000864995003212, 0.000213294886635, 0.000161056086654, -0.000503971881699, -0.00139274506364, 0.00162473251112, -0.00083083024947, 0.000755280139856, -0.00172616553027], [9.39683013712e-05, -0.000366830354324, -0.0013055637246, -0.000864995003212, 0.00571677973494, -0.00174590712413, 0.00106051110197, 0.000200972383027, -0.000416133203544, -0.00322273815982, 0.00250502023846, -0.00115348747931, -0.00149226235226], [-7.16843787814e-05, 6.4956038841e-05, -0.000371173402527, 0.000213294886635, -0.00174590712413, 0.0075426553376, -0.0036362009123, 0.000281758868368, -0.00123451359104, 0.000982958357781, -0.000859948748257, 4.60669434688e-05, 0.000352647010004], [8.21800713311e-05, -0.000403885729611, -0.001217247569, 0.000161056086654, 0.00106051110197, -0.0036362009123, 0.0100152529776, -0.00422002142295, 9.78404204943e-06, -0.000134154703119, -0.00109318736941, -0.000832713092677, -0.000766202574596], [-0.000300668179989, 0.00053626857698, 0.000867413531523, -0.000503971881699, 0.000200972383027, 0.000281758868368, -0.00422002142295, 0.011625691317, -0.00348910596222, -0.000555678037927, -0.000487822166178, -0.000387876731111, -0.00137765367981], [0.00018272192392, -2.92354015983e-05, 4.99034285895e-05, -0.00139274506364, -0.000416133203544, -0.00123451359104, 9.78404204943e-06, -0.00348910596222, 0.0115736769512, -0.00319034303539, 0.000492409220897, -0.000687896623276, 0.0012147173984], [-0.000272138277069, 5.23062772118e-05, 0.000144639096106, 0.00162473251112, -0.00322273815982, 0.000982958357781, -0.000134154703119, -0.000555678037927, -0.00319034303539, 0.0112330242991, -0.00503368768841, 0.0005087198806, -0.000365480489563], [0.00017643989122, -0.000576977035962, 0.000427584018325, -0.00083083024947, 0.00250502023846, -0.000859948748257, -0.00109318736941, -0.000487822166178, 0.000492409220897, -0.00503368768841, 0.0169422868639, -0.0071228146553, 0.00167817936745], [-0.000179027512786, -4.92510516779e-05, -0.000452164473245, 0.000755280139856, -0.00115348747931, 4.60669434688e-05, -0.000832713092677, -0.000387876731111, -0.000687896623276, 0.0005087198806, -0.0071228146553, 0.017914891243, -0.00783667713404], [0.000266985298367, -0.000298504339298, -0.000104511600512, -0.00172616553027, -0.00149226235226, 0.000352647010004, -0.000766202574596, -0.00137765367981, 0.0012147173984, -0.000365480489563, 0.00167817936745, -0.00783667713404, 0.0183387696743]]
    },
    "spectral_contrast_coeffs": {
        "mean": [-0.704939603806, -0.729599654675, -0.762912750244, -0.772143423557, -0.771055817604, -0.741209626198]
    },
    "spectral_contrast_valleys": {
        "mean": [-6.95931720734, -6.96518611908, -7.75197124481, -7.63353872299, -7.37715959549, -10.0365562439]
    }
},
"rhythm": {
    "beats_count": 405,
    "beats_loudness": {
        "mean": 0.0501622743905
    },
    "bpm": 111.067001343,
    "bpm_histogram_first_peak_bpm": 110,
    "bpm_histogram_first_peak_weight": 0.485639691353,
    "bpm_histogram_second_peak_bpm": 115,
    "bpm_histogram_second_peak_spread": 0,
    "bpm_histogram_second_peak_weight": 0.014851485379,
    "danceability": 1.04266834259,
    "onset_rate": 3.15898370743,
    "beats_loudness_band_ratio": {
        "mean": [0.5979129076, 0.084008410573, 0.123701483011, 0.0721686929464, 0.0762187615037, 0.068388260901]
    },
    "beats_position": [0.49922901392, 1.02167797089, 1.55573689938, 2.10140585899, 2.6470746994, 3.1811337471, 3.7151927948, 4.2492518425, 4.78331041336, 5.32897949219, 5.87464857101, 6.40870714188, 6.9543762207, 7.50004529953, 8.03410434723, 8.57977294922, 9.12544155121, 9.65950107574, 10.2051696777, 10.7392292023, 11.2848978043, 11.8189563751, 12.3530158997, 12.8870744705, 13.4327430725, 13.9784126282, 14.512471199, 15.0581407547, 15.6038093567, 16.1494789124, 16.6951465607, 17.2292060852, 17.7748756409, 18.3089332581, 18.8546028137, 19.3886623383, 19.9227199554, 20.4683895111, 21.0140590668, 21.548116684, 22.0937862396, 22.6394557953, 23.1735134125, 23.707572937, 24.2416324615, 24.7756919861, 25.3213596344, 25.8670291901, 26.4010887146, 26.958366394, 27.4924259186, 28.0264854431, 28.5721530914, 29.1178226471, 29.6518821716, 30.1859397888, 30.7316093445, 31.2772789001, 31.8113365173, 32.3453979492, 32.8910636902, 33.4367332458, 33.9707946777, 34.5048522949, 35.0505218506, 35.5961914062, 36.1302490234, 36.6759185791, 37.2215881348, 37.755645752, 38.2897033691, 38.8353729248, 39.3810424805, 39.9267120361, 40.4723815918, 41.006439209, 41.5404968262, 42.0745582581, 42.6202278137, 43.1658935547, 43.6999549866, 44.2456245422, 44.7912902832, 45.3253517151, 45.8710212708, 46.4166870117, 46.9507484436, 47.4848060608, 48.018863678, 48.5645332336, 49.1102027893, 49.6442604065, 50.1899299622, 50.7355995178, 51.269657135, 51.8037185669, 52.3609962463, 52.8950538635, 53.4291152954, 53.9747848511, 54.5204544067, 55.0545120239, 55.5885696411, 56.1342391968, 56.6799087524, 57.2139663696, 57.7596359253, 58.2936935425, 58.8393630981, 59.3850326538, 59.9307022095, 60.4763717651, 61.0104293823, 61.5328788757, 62.0785484314, 62.6242179871, 63.169883728, 63.7155532837, 64.2496109009, 64.7836685181, 65.3293380737, 65.8750076294, 66.409072876, 66.9431304932, 67.4888000488, 68.0344696045, 68.5801315308, 69.1141967773, 69.6482543945, 70.1939239502, 70.7279815674, 71.2620391846, 71.8077087402, 72.3533782959, 72.91065979, 73.4447174072, 73.9787750244, 74.5128326416, 75.0468902588, 75.5925598145, 76.1382293701, 76.6722869873, 77.217956543, 77.7636260986, 78.2976837158, 78.8433532715, 79.3890228271, 79.9230804443, 80.4571380615, 80.9912033081, 81.5368728638, 82.08253479, 82.6166000366, 83.1622695923, 83.7079315186, 84.2419967651, 84.7760543823, 85.321723938, 85.8673934937, 86.4014511108, 86.935508728, 87.4811782837, 88.0036239624, 88.5609054565, 89.0949630737, 89.6406326294, 90.1863021851, 90.7319717407, 91.2776412964, 91.8116989136, 92.3573684692, 92.9030380249, 93.4370956421, 93.9711532593, 94.5168228149, 95.0624923706, 95.5965499878, 96.1422195435, 96.6878890991, 97.2219467163, 97.7560043335, 98.3016738892, 98.8473434448, 99.381401062, 99.9154663086, 100.461128235, 100.995193481, 101.540863037, 102.074920654, 102.62059021, 103.166259766, 103.700317383, 104.245986938, 104.791656494, 105.325714111, 105.859771729, 106.405441284, 106.95111084, 107.485168457, 108.019226074, 108.576507568, 109.110565186, 109.656234741, 110.201904297, 110.735961914, 111.270019531, 111.804077148, 112.349746704, 112.89541626, 113.429473877, 113.975143433, 114.520812988, 115.054870605, 115.588935852, 116.146209717, 116.680267334, 117.214332581, 117.748390198, 118.294059753, 118.839729309, 119.373786926, 119.919456482, 120.465126038, 120.999183655, 121.54485321, 122.090522766, 122.624580383, 123.170249939, 123.715919495, 124.249977112, 124.807250977, 125.341316223, 125.87537384, 126.409431458, 126.955101013, 127.500770569, 128.034820557, 128.568893433, 129.114562988, 129.660217285, 130.194290161, 130.728347778, 131.274017334, 131.81968689, 132.353744507, 132.887802124, 133.43347168, 133.979141235, 134.513198853, 135.04725647, 135.592926025, 136.138595581, 136.672653198, 137.218322754, 137.76399231, 138.309661865, 138.855331421, 139.401000977, 139.946670532, 140.480728149, 141.014785767, 141.560455322, 142.094512939, 142.628570557, 143.174240112, 143.708297729, 144.242355347, 144.788024902, 145.32208252, 145.856140137, 146.401809692, 146.947479248, 147.493148804, 148.027206421, 148.572875977, 149.106933594, 149.652603149, 150.186660767, 150.720718384, 151.266387939, 151.812057495, 152.346115112, 152.880172729, 153.425842285, 153.971511841, 154.505569458, 155.039627075, 155.596908569, 156.142578125, 156.676635742, 157.222305298, 157.756362915, 158.290420532, 158.836090088, 159.381759644, 159.915817261, 160.449890137, 161.007156372, 161.541213989, 162.075286865, 162.620956421, 163.166610718, 163.700683594, 164.246353149, 164.792022705, 165.326080322, 165.860137939, 166.405807495, 166.951477051, 167.485534668, 168.019592285, 168.565261841, 169.110931396, 169.644989014, 170.190658569, 170.736328125, 171.270385742, 171.816055298, 172.361724854, 172.895782471, 173.429840088, 173.975509644, 174.521179199, 175.055236816, 175.600906372, 176.146575928, 176.680633545, 177.214691162, 177.760360718, 178.306030273, 178.840087891, 179.374145508, 179.919815063, 180.465484619, 180.999542236, 181.545211792, 182.090881348, 182.624938965, 183.170608521, 183.716278076, 184.250335693, 184.784393311, 185.330062866, 185.875732422, 186.409790039, 186.943847656, 187.489517212, 188.035186768, 188.569244385, 189.103302002, 189.648971558, 190.194641113, 190.72869873, 191.262756348, 191.808425903, 192.354095459, 192.899765015, 193.44543457, 193.979492188, 194.513549805, 195.05921936, 195.604888916, 196.138946533, 196.673019409, 197.218673706, 197.764343262, 198.310012817, 198.855682373, 199.38973999, 199.935409546, 200.481079102, 201.015136719, 201.549209595, 202.083267212, 202.628936768, 203.174606323, 203.720275879, 204.265930176, 204.800003052, 205.334060669, 205.868118286, 206.413787842, 206.947845459, 207.493515015, 208.027572632, 208.561630249, 209.107299805, 209.629745483, 210.152191162, 210.6746521, 211.139038086, 211.591827393, 212.044616699, 212.509017944, 212.961807251, 213.414596558, 213.867385864, 214.262130737, 214.66847229, 215.074829102, 215.481170654, 215.887527466, 216.293869019, 216.711837769, 217.12979126],
    "bpm_histogram": [0, 0, 0, 0, 0, 0, 0, 0, 0, 0, 0, 0, 0, 0, 0, 0, 0, 0, 0, 0, 0, 0, 0, 0, 0, 0, 0, 0, 0, 0, 0, 0, 0, 0, 0, 0, 0, 0, 0, 0, 0, 0, 0, 0, 0, 0, 0, 0, 0, 0, 0, 0, 0, 0, 0, 0, 0, 0, 0, 0, 0, 0, 0, 0, 0, 0, 0, 0, 0, 0, 0, 0, 0, 0, 0, 0, 0, 0, 0, 0, 0, 0, 0, 0, 0, 0, 0, 0, 0, 0, 0, 0, 0, 0, 0, 0, 0, 0, 0, 0, 0, 0, 0, 0, 0, 0, 0, 0, 0.0222772285342, 0, 0.487623751163, 0, 0.438118815422, 0, 0, 0.014851485379, 0, 0, 0, 0, 0, 0, 0, 0, 0, 0, 0, 0, 0, 0.00495049497113, 0, 0, 0, 0.0123762376606, 0, 0, 0, 0, 0, 0, 0, 0, 0, 0, 0.00495049497113, 0, 0, 0, 0.0123762376606, 0, 0, 0, 0.00247524748556, 0, 0, 0, 0, 0, 0, 0, 0, 0, 0, 0, 0, 0, 0, 0, 0, 0, 0, 0, 0, 0, 0, 0, 0, 0, 0, 0, 0, 0, 0, 0, 0, 0, 0, 0, 0, 0, 0, 0, 0, 0, 0, 0, 0, 0, 0, 0, 0, 0, 0, 0, 0, 0, 0, 0, 0, 0, 0, 0, 0, 0, 0, 0, 0, 0, 0, 0, 0, 0, 0, 0, 0, 0, 0, 0, 0, 0, 0, 0, 0, 0, 0, 0, 0, 0, 0, 0, 0, 0, 0, 0, 0, 0, 0, 0, 0, 0]
},
"tonal": {
    "chords_changes_rate": 0.052654016763,
    "chords_number_rate": 0.00213174172677,
    "chords_strength": {
        "mean": 0.503263115883
    },
    "hpcp_crest": {
        "mean": 15.1612958908
    },
    "hpcp_entropy": {
        "mean": 1.73210334778
    },
    "key_edma": {
        "strength": 0.753859043121,
        "key": "C",
        "scale": "major"
    },
    "key_krumhansl": {
        "strength": 0.768297493458,
        "key": "C",
        "scale": "major"
    },
    "key_temperley": {
        "strength": 0.781967282295,
        "key": "C",
        "scale": "major"
    },
    "tuning_diatonic_strength": 0.583715617657,
    "tuning_equal_tempered_deviation": 0.0106825102121,
    "tuning_frequency": 440.508636475,
    "tuning_nontempered_energy_ratio": 0.637160420418,
    "hpcp": {
        "mean": [0.246110200882, 0.107183396816, 0.0328657589853, 0.0257509443909, 0.0220025349408, 0.0700563713908, 0.119047284126, 0.0866592228413, 0.187021449208, 0.284750491381, 0.144845470786, 0.0388476327062, 0.029916414991, 0.0307531114668, 0.0945894345641, 0.157315328717, 0.103255562484, 0.0440803766251, 0.0400284081697, 0.0529689975083, 0.185518428683, 0.289209604263, 0.176186725497, 0.131205499172, 0.15936845541, 0.0878562554717, 0.0512818694115, 0.05677722767, 0.0540621057153, 0.173552826047, 0.272830843925, 0.153563082218, 0.0622948408127, 0.06026346609, 0.065235324204, 0.195667415857]
    },
    "chords_histogram": [31.2086982727, 5.75570249557, 5.56384563446, 0.490300565958, 1.0232360363, 0, 1.12982308865, 0.38371348381, 1.40694952011, 0, 0.0426348336041, 0, 0, 0, 0, 1.34299719334, 0, 0.618205070496, 0, 0, 0.106587082148, 11.3195476532, 5.03091049194, 34.5768508911],
    "thpcp": [1, 0.609200835228, 0.453669220209, 0.551048278809, 0.303780555725, 0.177317306399, 0.196318611503, 0.186930537224, 0.600093603134, 0.943367183208, 0.530975043774, 0.215396866202, 0.208372980356, 0.225564166903, 0.676559209824, 0.850975215435, 0.370608001947, 0.113639928401, 0.0890390351415, 0.0760781615973, 0.242233902216, 0.411629766226, 0.29964157939, 0.646664023399, 0.984581708908, 0.500832140446, 0.134323447943, 0.103441983461, 0.106335029006, 0.327061861753, 0.543949186802, 0.35702675581, 0.152416706085, 0.138406217098, 0.183150887489, 0.641467034817],
    "chords_key": "A",
    "chords_scale": "minor"
}
}