{
"metadata": {
    "version": {
        "essentia": "2.1-beta6-dev",
        "essentia_git_sha": "v2.1_beta5-1177-g1d1cc983",
        "extractor": "music 2.0"
    },
    "audio_properties": {
        "analysis": {
            "equal_loudness": 0,
            "length": 154.42666626,
            "sample_rate": 44100,
            "start_time": 0,
            "downmix": "mix"
        },
        "bit_rate": 1411200,
        "length": 154.42666626,
        "lossless": 1,
        "number_channels": 2,
        "replay_gain": -14.6434688568,
        "sample_rate": 44100,
        "codec": "pcm_s16le",
        "md5_encoded": "df18bdc4a8ca3ed121305b35efb76624"
    },
    "tags": {
        "file_name": "02 - The Front Bottoms - Lipstick Covered Magnet.wav",
        "album": ["Rose"],
        "albumartist": ["The Front Bottoms"],
        "artist": ["The Front Bottoms"],
        "copyright": ["2014 Bar None Records 2014 Bar None Records"],
        "date": ["2014"],
        "discnumber": ["1"],
        "disctotal": ["1"],
        "genre": ["Rock"],
        "isrc": ["US37V1422702"],
        "title": ["Lipstick Covered Magnet"],
        "tracknumber": ["2"],
        "tracktotal": ["6"]
    }
},
"lowlevel": {
    "average_loudness": 0.96202814579,
    "barkbands_crest": {
        "mean": 10.0693950653
    },
    "barkbands_flatness_db": {
        "mean": 0.154508680105
    },
    "barkbands_kurtosis": {
        "mean": 12.9417552948
    },
    "barkbands_skewness": {
        "mean": 1.59386515617
    },
    "barkbands_spread": {
        "mean": 23.9049701691
    },
    "dissonance": {
        "mean": 0.455173283815
    },
    "dynamic_complexity": 2.86821627617,
    "erbbands_crest": {
        "mean": 9.83347225189
    },
    "erbbands_flatness_db": {
        "mean": 0.147126555443
    },
    "erbbands_kurtosis": {
        "mean": 6.21942281723
    },
    "erbbands_skewness": {
        "mean": 0.340439677238
    },
    "erbbands_spread": {
        "mean": 43.049823761
    },
    "hfc": {
        "mean": 27.6179046631
    },
    "loudness_ebu128": {
        "integrated": -7.46932649612,
        "loudness_range": 2.63574886322,
        "momentary": {
            "mean": -8.85078525543
        },
        "short_term": {
            "mean": -8.07446956635
        }
    },
    "melbands_crest": {
        "mean": 15.188451767
    },
    "melbands_flatness_db": {
        "mean": 0.231017112732
    },
    "melbands_kurtosis": {
        "mean": 16.8821258545
    },
    "melbands_skewness": {
        "mean": 2.96258163452
    },
    "melbands_spread": {
        "mean": 21.7551860809
    },
    "pitch_salience": {
        "mean": 0.50112503767
    },
    "silence_rate_20dB": {
        "mean": 1
    },
    "silence_rate_30dB": {
        "mean": 0.999398648739
    },
    "silence_rate_60dB": {
        "mean": 0.0336740836501
    },
    "spectral_centroid": {
        "mean": 1256.35852051
    },
    "spectral_complexity": {
        "mean": 21.2313594818
    },
    "spectral_decrease": {
        "mean": -1.02916306588e-08
    },
    "spectral_energy": {
        "mean": 0.0413480252028
    },
    "spectral_energyband_high": {
        "mean": 0.00107413646765
    },
    "spectral_energyband_low": {
        "mean": 0.0184501521289
    },
    "spectral_energyband_middle_high": {
        "mean": 0.00689824996516
    },
    "spectral_energyband_middle_low": {
        "mean": 0.01758216694
    },
    "spectral_entropy": {
        "mean": 7.44061899185
    },
    "spectral_flux": {
        "mean": 0.102392457426
    },
    "spectral_kurtosis": {
        "mean": 7.21063280106
    },
    "spectral_rms": {
        "mean": 0.00608196062967
    },
    "spectral_rolloff": {
        "mean": 1565.84228516
    },
    "spectral_skewness": {
        "mean": 1.85948395729
    },
    "spectral_spread": {
        "mean": 5344869.5
    },
    "spectral_strongpeak": {
        "mean": 0.782356917858
    },
    "zerocrossingrate": {
        "mean": 0.0676429569721
    },
    "barkbands": {
        "mean": [8.87754576979e-05, 0.00890393275768, 0.00714496057481, 0.00464171590284, 0.00642153061926, 0.00160128250718, 0.000827205716632, 0.00214757630602, 0.00126224558335, 0.00139837630559, 0.000890680763405, 0.000473381660413, 0.000719718576875, 0.000618890393525, 0.00056993967155, 0.000693472335115, 0.000901111576241, 0.000444754841737, 0.000394226488424, 0.000236841995502, 0.000162303942489, 0.000129050167743, 0.000138808914926, 0.000237028580159, 0.000192914929357, 8.04127339507e-05, 2.66323422693e-05]
    },
    "erbbands": {
        "mean": [0.129167184234, 2.44767856598, 8.33542251587, 12.4163827896, 22.3013191223, 16.4091243744, 18.8274021149, 11.048707962, 10.6628456116, 29.3923912048, 42.7174758911, 32.2918395996, 40.3092193604, 36.253616333, 34.4380149841, 23.6003570557, 34.9783096313, 31.100687027, 29.5136890411, 34.7918663025, 42.6721229553, 41.8830413818, 28.2750415802, 20.859336853, 18.1867713928, 10.7796373367, 7.95562553406, 5.72086381912, 4.73346853256, 3.8591811657, 3.97511386871, 4.51997280121, 4.14877462387, 2.55921173096, 1.14325463772, 0.406171172857, 0.135112836957, 0.0378095135093, 0.00456334743649, 0.000206465672818]
    },
    "gfcc": {
        "mean": [11.1933441162, 77.907585144, -91.8755111694, 30.693780899, -38.0525894165, 13.7565937042, -37.0828552246, 13.2024612427, -24.7046203613, -5.17648220062, -18.8149757385, -5.88817214966, -12.2806243896],
        "cov": [[28300.4824219, -1.87017095089, -3749.5390625, -132.579666138, -1601.00146484, 286.234069824, -1170.13000488, 595.3984375, -842.580871582, 147.566040039, -822.624267578, -0.715022444725, -383.515472412], [-1.87017095089, 1818.49707031, 102.358558655, 137.972732544, 352.617584229, -48.4838104248, 223.710662842, -0.410754054785, 88.1376495361, -61.9638633728, 72.1911697388, -90.3219833374, -7.13306951523], [-3749.5390625, 102.358558655, 1573.47351074, 495.423919678, 431.842956543, 60.5214347839, 170.341506958, -129.479019165, 140.370407104, -0.107051946223, 84.5467224121, 21.9048690796, 49.3660850525], [-132.579666138, 137.972732544, 495.423919678, 658.432861328, 231.061569214, -2.35708379745, -19.2609596252, 7.74834442139, 83.1197662354, -3.98557019234, -17.8640823364, 10.0111751556, 35.4540634155], [-1601.00146484, 352.617584229, 431.842956543, 231.061569214, 426.624816895, 19.8807487488, 102.542137146, -2.22475099564, 104.877174377, -4.81771230698, 50.6268424988, -15.4951114655, 49.1923141479], [286.234069824, -48.4838104248, 60.5214347839, -2.35708379745, 19.8807487488, 229.693725586, 110.286933899, 1.70311415195, -28.8026752472, 13.7083320618, -0.838670670986, -11.7091798782, -29.3300189972], [-1170.13000488, 223.710662842, 170.341506958, -19.2609596252, 102.542137146, 110.286933899, 316.870025635, 7.31966876984, 19.4979724884, -7.73569822311, 57.1813774109, 6.36310338974, -13.3091335297], [595.3984375, -0.410754054785, -129.479019165, 7.74834442139, -2.22475099564, 1.70311415195, 7.31966876984, 153.533996582, 30.2367649078, 5.03782463074, -11.7826690674, -9.98856925964, 3.47838044167], [-842.580871582, 88.1376495361, 140.370407104, 83.1197662354, 104.877174377, -28.8026752472, 19.4979724884, 30.2367649078, 147.109725952, 30.3804836273, 26.2165355682, -12.1363019943, 21.7865447998], [147.566040039, -61.9638633728, -0.107051946223, -3.98557019234, -4.81771230698, 13.7083320618, -7.73569822311, 5.03782463074, 30.3804836273, 83.4922561646, 21.1882629395, 3.75568056107, -5.84896087646], [-822.624267578, 72.1911697388, 84.5467224121, -17.8640823364, 50.6268424988, -0.838670670986, 57.1813774109, -11.7826690674, 26.2165355682, 21.1882629395, 105.041221619, 25.3037624359, 14.7667016983], [-0.715022444725, -90.3219833374, 21.9048690796, 10.0111751556, -15.4951114655, -11.7091798782, 6.36310338974, -9.98856925964, -12.1363019943, 3.75568056107, 25.3037624359, 81.7917404175, 32.1441764832], [-383.515472412, -7.13306951523, 49.3660850525, 35.4540634155, 49.1923141479, -29.3300189972, -13.3091335297, 3.47838044167, 21.7865447998, -5.84896087646, 14.7667016983, 32.1441764832, 84.4351730347]],
        "icov": [[0.000198238907615, -0.000308794842567, 0.000244257593295, -0.000260601809714, 0.000340477679856, -0.000567105598748, 0.000690797925927, -0.000687489926349, 0.000779526890256, -0.000843359797727, 0.00102153094485, -0.000876815058291, 0.000478395784739], [-0.000308794842567, 0.00134041253477, -0.000110155742732, 0.000199284142582, -0.00118528911844, 0.00139132793993, -0.00171447580215, 0.00133451411966, -0.00124469061848, 0.00185800797772, -0.00210546888411, 0.00234508677386, -0.000534662278369], [0.000244257593295, -0.000110155742732, 0.00160962017253, -0.00104945048224, -0.000394434173359, -0.000749650062062, 0.000303483422613, 0.000380889483495, 0.000351950031472, -0.000683803868014, 0.000770749291405, -0.00101731729228, 0.000715574307833], [-0.000260601809714, 0.000199284142582, -0.00104945048224, 0.00285815005191, -0.00122663483489, 0.000496472639497, -4.90762104164e-05, 0.000219609079068, -0.00147039548028, 0.0010780650191, 2.93402845273e-05, -0.000103244601632, -0.000394832255552], [0.000340477679856, -0.00118528911844, -0.000394434173359, -0.00122663483489, 0.00566807202995, -0.00158354907762, 0.000753864529543, -0.00137822830584, -9.88432293525e-05, -0.0010736102704, 0.000749764149077, 3.16006407957e-05, -0.00167670205701], [-0.000567105598748, 0.00139132793993, -0.000749650062062, 0.000496472639497, -0.00158354907762, 0.00803177151829, -0.00466787395999, 0.00174563366454, -2.42079240707e-05, 0.000451768777566, -0.00210997741669, 0.00388112361543, -0.00039461319102], [0.000690797925927, -0.00171447580215, 0.000303483422613, -4.90762104164e-05, 0.000753864529543, -0.00466787395999, 0.00795682612807, -0.00334691908211, 0.00203365529887, -0.00149738357868, 0.00176988565363, -0.00491058221087, 0.00309887807816], [-0.000687489926349, 0.00133451411966, 0.000380889483495, 0.000219609079068, -0.00137822830584, 0.00174563366454, -0.00334691908211, 0.0106004625559, -0.00514294579625, 0.00316022778861, -0.00281666405499, 0.00373511319049, -0.00226316181943], [0.000779526890256, -0.00124469061848, 0.000351950031472, -0.00147039548028, -9.88432293525e-05, -2.42079240707e-05, 0.00203365529887, -0.00514294579625, 0.014462695457, -0.0078669404611, 0.00289201876149, -0.000398550764658, -0.000201967806788], [-0.000843359797727, 0.00185800797772, -0.000683803868014, 0.0010780650191, -0.0010736102704, 0.000451768777566, -0.00149738357868, 0.00316022778861, -0.0078669404611, 0.0192558076233, -0.00809927564114, 0.00274676992558, 0.000424182857387], [0.00102153094485, -0.00210546888411, 0.000770749291405, 2.93402845273e-05, 0.000749764149077, -0.00210997741669, 0.00176988565363, -0.00281666405499, 0.00289201876149, -0.00809927564114, 0.0195405855775, -0.00919865816832, 0.00200158287771], [-0.000876815058291, 0.00234508677386, -0.00101731729228, -0.000103244601632, 3.16006407957e-05, 0.00388112361543, -0.00491058221087, 0.00373511319049, -0.000398550764658, 0.00274676992558, -0.00919865816832, 0.0229127611965, -0.00956545863301], [0.000478395784739, -0.000534662278369, 0.000715574307833, -0.000394832255552, -0.00167670205701, -0.00039461319102, 0.00309887807816, -0.00226316181943, -0.000201967806788, 0.000424182857387, 0.00200158287771, -0.00956545863301, 0.018513046205]]
    },
    "melbands": {
        "mean": [0.00184391695075, 0.00402823509648, 0.00248437235132, 0.00138365873136, 0.000687556865159, 0.000256877974607, 0.000160881274496, 0.000363160157576, 0.000342768675182, 0.000184032003745, 0.00019623337721, 0.000142613920616, 0.000122891418869, 6.14485034021e-05, 7.65331787989e-05, 5.86582900723e-05, 6.05046770943e-05, 4.69102851639e-05, 4.16050825152e-05, 5.23559792782e-05, 5.24522474734e-05, 4.63236247015e-05, 3.56650780304e-05, 1.97775698325e-05, 1.64408284036e-05, 1.39865096571e-05, 1.06441430034e-05, 6.30983595329e-06, 5.46695628145e-06, 3.6971064219e-06, 3.1643071452e-06, 2.80713697975e-06, 2.22456696974e-06, 2.1133610062e-06, 2.10771099773e-06, 2.65803851107e-06, 2.80971516986e-06, 2.90392631541e-06, 2.73929413197e-06, 1.97464760276e-06]
    },
    "melbands128": {
        "mean": [7.7403470641e-05, 0.000571555807255, 0.00233957916498, 0.00469991797581, 0.00470378110185, 0.00323397689499, 0.00243614101782, 0.00231913360767, 0.00258755474351, 0.0012083153706, 0.000725557329133, 0.000929617788643, 0.000702818331774, 0.000381451653084, 0.000231275640544, 0.000208008961636, 0.000174049273483, 0.000139146257425, 0.000149150801008, 0.000348154950188, 0.000488019257318, 0.000362048100214, 0.000356396485586, 0.000266738876235, 0.000238275446463, 0.00010635790386, 0.000150614912855, 0.000293608900392, 0.000122464698507, 0.000166299956618, 0.000138023475301, 0.000115867456771, 0.000148610692122, 0.000116280352813, 4.63127289549e-05, 5.83750879741e-05, 6.1330407334e-05, 4.64651857328e-05, 0.000125575126731, 8.4112289187e-05, 3.12200609187e-05, 3.94169328501e-05, 6.16286779405e-05, 7.83706636867e-05, 4.3327894673e-05, 4.15256727138e-05, 4.94639352837e-05, 4.05549035349e-05, 3.4514177969e-05, 5.22339432791e-05, 6.23672531219e-05, 4.47882448498e-05, 3.72480208171e-05, 5.99055128987e-05, 7.85425872891e-05, 3.03748911392e-05, 3.32063827955e-05, 5.15876090503e-05, 3.10906289087e-05, 1.89678994502e-05, 2.09135941986e-05, 1.66829904629e-05, 2.02667779376e-05, 1.50686946654e-05, 1.25273145386e-05, 1.45105823322e-05, 1.4872466636e-05, 1.27772154883e-05, 9.64509217738e-06, 7.61336514188e-06, 5.74223258809e-06, 6.2416856963e-06, 5.89172850596e-06, 5.91981552134e-06, 4.01706211051e-06, 3.69911322196e-06, 3.56827422365e-06, 3.35294066645e-06, 2.97091196444e-06, 3.08763287649e-06, 3.19766581924e-06, 2.51609048973e-06, 2.35848028751e-06, 2.23731035476e-06, 2.04547200156e-06, 2.11599467548e-06, 2.17749834519e-06, 2.03673539545e-06, 1.93117398339e-06, 2.24565496865e-06, 2.71617591352e-06, 2.66841129815e-06, 2.73534192274e-06, 2.86876138489e-06, 2.82468363366e-06, 2.82979726762e-06, 2.9292648378e-06, 3.00013630294e-06, 2.90420257443e-06, 2.57369151768e-06, 2.14349961425e-06, 1.90615526208e-06, 1.70500300101e-06, 1.58860609645e-06, 1.32867398861e-06, 1.02032106497e-06, 8.61446437739e-07, 7.67822655234e-07, 7.05890784047e-07, 5.82821826356e-07, 4.88187765768e-07, 4.57411317711e-07, 4.11075689044e-07, 3.83867444498e-07, 3.49885795004e-07, 3.18653718523e-07, 2.94391611533e-07, 2.51618160974e-07, 2.20308137955e-07, 1.60035398267e-07, 9.64041433349e-08, 6.22954559049e-08, 4.35901554852e-08, 2.92668627111e-08, 1.85829485133e-08, 1.11975664296e-08, 5.81258285948e-09, 2.32579644432e-09]
    },
    "mfcc": {
        "mean": [-635.46270752, 114.789413452, 8.10485076904, 25.2319087982, 22.1838912964, 2.59183239937, 6.96365070343, 7.8626909256, 3.44762611389, 3.65184783936, -2.88583111763, -2.3508810997, -4.59202098846],
        "cov": [[17607.6308594, -185.669525146, -1544.15563965, -511.552032471, -405.495513916, -598.399658203, -420.264923096, -199.192214966, -73.1145095825, -68.4758300781, -304.829193115, -131.361114502, -146.050842285], [-185.669525146, 1447.13098145, -81.2142562866, 88.7998962402, 78.1855621338, 46.2531967163, 127.453804016, 79.7719802856, 15.4408521652, 88.1665878296, 63.6588020325, 3.8311715126, 20.4545631409], [-1544.15563965, -81.2142562866, 945.111938477, 339.507476807, 211.229721069, 239.458389282, 93.7008285522, 47.9885749817, 56.2991027832, 7.1820063591, 20.0675487518, 38.3775787354, 38.3908500671], [-511.552032471, 88.7998962402, 339.507476807, 561.375732422, 260.360015869, 84.702583313, 2.87149167061, 58.9596710205, 86.9648513794, 32.4929008484, -21.2587394714, 48.6767845154, 48.3145141602], [-405.495513916, 78.1855621338, 211.229721069, 260.360015869, 366.276947021, 48.8084411621, -13.8460874557, 4.18153619766, 71.4403762817, 56.1216468811, -22.7264842987, 22.0634059906, 25.2147121429], [-598.399658203, 46.2531967163, 239.458389282, 84.702583313, 48.8084411621, 268.75378418, 117.981277466, 43.6665115356, 25.8316345215, 21.7999477386, 43.8166618347, 12.6965084076, 9.96942901611], [-420.264923096, 127.453804016, 93.7008285522, 2.87149167061, -13.8460874557, 117.981277466, 213.009338379, 85.5678482056, 19.5802593231, 13.6965665817, 44.3438529968, 16.7850551605, 10.8061256409], [-199.192214966, 79.7719802856, 47.9885749817, 58.9596710205, 4.18153619766, 43.6665115356, 85.5678482056, 134.267852783, 46.0666503906, 21.842748642, 16.2066631317, 16.6643352509, 13.1473226547], [-73.1145095825, 15.4408521652, 56.2991027832, 86.9648513794, 71.4403762817, 25.8316345215, 19.5802593231, 46.0666503906, 119.981559753, 48.2199516296, 5.50015449524, 13.7612714767, 11.9518518448], [-68.4758300781, 88.1665878296, 7.1820063591, 32.4929008484, 56.1216468811, 21.7999477386, 13.6965665817, 21.842748642, 48.2199516296, 107.399665833, 37.2289962769, 12.1305341721, 9.87468242645], [-304.829193115, 63.6588020325, 20.0675487518, -21.2587394714, -22.7264842987, 43.8166618347, 44.3438529968, 16.2066631317, 5.50015449524, 37.2289962769, 96.9164505005, 32.9821472168, 8.85685253143], [-131.361114502, 3.8311715126, 38.3775787354, 48.6767845154, 22.0634059906, 12.6965084076, 16.7850551605, 16.6643352509, 13.7612714767, 12.1305341721, 32.9821472168, 88.673034668, 28.9783744812], [-146.050842285, 20.4545631409, 38.3908500671, 48.3145141602, 25.2147121429, 9.96942901611, 10.8061256409, 13.1473226547, 11.9518518448, 9.87468242645, 8.85685253143, 28.9783744812, 67.4971694946]],
        "icov": [[7.19016243238e-05, -1.07969799501e-06, 9.42152692005e-05, -1.01427440313e-05, 6.18860431132e-05, 1.55230500241e-05, 4.1121711547e-05, 4.15465874539e-05, -4.07166844525e-05, -6.71058514854e-05, 0.00022704496223, -5.74024270463e-05, 8.13729202491e-05], [-1.07969799501e-06, 0.000826550123747, 0.000214406318264, -0.000220370406169, -0.000215648746234, 8.39829881443e-05, -0.000505849951878, -0.000216916814679, 0.000418756098952, -0.000499849847984, -0.000404013087973, 0.000365325511666, -0.000130486354465], [9.42152692005e-05, 0.000214406318264, 0.00191267731134, -0.000767558522057, -0.000426190585131, -0.00115696911234, -0.000224757517572, 0.000142835939187, -9.16721546673e-06, 0.000490319682285, -9.00877203094e-05, 2.11700044019e-05, -0.000128698462504], [-1.01427440313e-05, -0.000220370406169, -0.000767558522057, 0.00353086786345, -0.00167441472877, -0.00036405865103, 0.00101910997182, -0.00133887038101, -0.00078578008106, 0.000499091576785, 0.000872901000548, -0.00107544707134, -0.000855780090205], [6.18860431132e-05, -0.000215648746234, -0.000426190585131, -0.00167441472877, 0.0050536240451, -0.000158146896865, 0.000116801711556, 0.00153167813551, -0.00119072757661, -0.00233480497263, 0.00219016056508, -0.000651712121908, 3.49146012013e-06], [1.55230500241e-05, 8.39829881443e-05, -0.00115696911234, -0.00036405865103, -0.000158146896865, 0.00639499025419, -0.002963808598, 0.000517599168234, -0.000132825240144, -0.000288453215035, -0.00172404083423, 0.000904624408577, 0.000318562350003], [4.1121711547e-05, -0.000505849951878, -0.000224757517572, 0.00101910997182, 0.000116801711556, -0.002963808598, 0.00898716598749, -0.00472333375365, 8.58233688632e-05, 0.00104861694854, -0.00150288152508, -0.000286790454993, -0.000332313938998], [4.15465874539e-05, -0.000216916814679, 0.000142835939187, -0.00133887038101, 0.00153167813551, 0.000517599168234, -0.00472333375365, 0.0123558621854, -0.00364871253259, -0.000798988854513, 0.000956439529546, -0.000713937159162, -0.000322415027767], [-4.07166844525e-05, 0.000418756098952, -9.16721546673e-06, -0.00078578008106, -0.00119072757661, -0.000132825240144, 8.58233688632e-05, -0.00364871253259, 0.0129069238901, -0.00486223818734, 0.0010434538126, -0.000372192211216, -3.71721071133e-05], [-6.71058514854e-05, -0.000499849847984, 0.000490319682285, 0.000499091576785, -0.00233480497263, -0.000288453215035, 0.00104861694854, -0.000798988854513, -0.00486223818734, 0.0151904737577, -0.00660246936604, 0.00141313287895, -0.000828999793157], [0.00022704496223, -0.000404013087973, -9.00877203094e-05, 0.000872901000548, 0.00219016056508, -0.00172404083423, -0.00150288152508, 0.000956439529546, 0.0010434538126, -0.00660246936604, 0.0179328303784, -0.00644600205123, 0.000726404192392], [-5.74024270463e-05, 0.000365325511666, 2.11700044019e-05, -0.00107544707134, -0.000651712121908, 0.000904624408577, -0.000286790454993, -0.000713937159162, -0.000372192211216, 0.00141313287895, -0.00644600205123, 0.0159862302244, -0.00534065673128], [8.13729202491e-05, -0.000130486354465, -0.000128698462504, -0.000855780090205, 3.49146012013e-06, 0.000318562350003, -0.000332313938998, -0.000322415027767, -3.71721071133e-05, -0.000828999793157, 0.000726404192392, -0.00534065673128, 0.0181099046022]]
    },
    "spectral_contrast_coeffs": {
        "mean": [-0.679386913776, -0.718369543552, -0.731225788593, -0.760265052319, -0.775280177593, -0.80652397871]
    },
    "spectral_contrast_valleys": {
        "mean": [-6.47713041306, -7.21888780594, -7.85119485855, -7.84304666519, -7.65482950211, -9.87076759338]
    }
},
"rhythm": {
    "beats_count": 362,
    "beats_loudness": {
        "mean": 0.0499973148108
    },
    "bpm": 142.264984131,
    "bpm_histogram_first_peak_bpm": 144,
    "bpm_histogram_first_peak_weight": 0.401215791702,
    "bpm_histogram_second_peak_bpm": 136,
    "bpm_histogram_second_peak_spread": 0.111111104488,
    "bpm_histogram_second_peak_weight": 0.0443213284016,
    "danceability": 1.02495777607,
    "onset_rate": 3.95603609085,
    "beats_loudness_band_ratio": {
        "mean": [0.599361181259, 0.141665205359, 0.118408203125, 0.0846310555935, 0.0738961994648, 0.0417912192643]
    },
    "beats_position": [0.429569154978, 0.882358253002, 1.3235373497, 1.764716506, 2.19428563118, 2.63546490669, 3.07664394379, 3.51782298088, 3.94739222527, 4.3653512001, 4.78331041336, 5.22448968887, 5.64244890213, 6.07201814651, 6.5015873909, 6.93115615845, 7.36072540283, 7.79029464722, 8.2198638916, 8.63782310486, 9.06739234924, 9.49696159363, 9.91492080688, 10.3328800201, 10.7508392334, 11.1687984467, 11.5751476288, 11.9814968109, 12.3994560242, 12.8290243149, 13.2469835281, 13.6649427414, 14.0945119858, 14.512471199, 14.9304304123, 15.3483896255, 15.7779588699, 16.2075271606, 16.6254863739, 17.0434455872, 17.4614048004, 17.8793640137, 18.3089332581, 18.7152824402, 19.1332416534, 19.5512008667, 19.96916008, 20.3755092621, 20.8050785065, 21.2346477509, 21.6642169952, 22.0821762085, 22.5117454529, 22.9297046661, 23.3476638794, 23.7656230927, 24.195192337, 24.6247615814, 25.0543308258, 25.4722900391, 25.8902492523, 26.3082084656, 26.7261676788, 27.1441268921, 27.5736961365, 28.0032653809, 28.4212245941, 28.8391838074, 29.2803630829, 29.7099323273, 30.1394996643, 30.5574588776, 30.9870281219, 31.4165973663, 31.8345565796, 32.2525177002, 32.6704750061, 33.1000442505, 33.5296134949, 33.9475746155, 34.3655319214, 34.783493042, 35.2014503479, 35.6194114685, 36.0373687744, 36.455329895, 36.8732872009, 37.2912483215, 37.7092056274, 38.1387748718, 38.5567321777, 38.9746932983, 39.4042625427, 39.8454399109, 40.2634010315, 40.6813583374, 41.1225395203, 41.5521087646, 41.981678009, 42.3996353149, 42.8175964355, 43.2239456177, 43.6302947998, 44.0482521057, 44.4662132263, 44.8957824707, 45.3253517151, 45.7665290833, 46.1960983276, 46.625667572, 47.0552368164, 47.4848060608, 47.9027671814, 48.3207244873, 48.7386856079, 49.1566429138, 49.5862121582, 50.0041732788, 50.4221305847, 50.8516998291, 51.2812690735, 51.7108383179, 52.1287956238, 52.5467567444, 52.9647140503, 53.3826751709, 53.8006324768, 54.2185935974, 54.6365509033, 55.0661201477, 55.4956893921, 55.9136505127, 56.3316078186, 56.7495689392, 57.1675262451, 57.5854873657, 58.0150566101, 58.4446258545, 58.8741950989, 59.2921524048, 59.7217216492, 60.1396827698, 60.5576400757, 60.9756011963, 61.4051704407, 61.8231277466, 62.252696991, 62.6706581116, 63.1118354797, 63.5297966003, 63.9477539062, 64.3657150269, 64.7952804565, 65.2132415771, 65.6428070068, 66.0607681274, 66.478729248, 66.8850784302, 67.2914276123, 67.7093887329, 68.1273422241, 68.5453033447, 68.9748764038, 69.392829895, 69.8340148926, 70.2635803223, 70.6931533813, 71.122718811, 71.5522918701, 71.9818572998, 72.3998184204, 72.817779541, 73.2357330322, 73.6536941528, 74.0716552734, 74.489616394, 74.9191818237, 75.3487548828, 75.766708374, 76.1846694946, 76.6026306152, 77.0321960449, 77.461769104, 77.8797302246, 78.2976837158, 78.7156448364, 79.133605957, 79.5515594482, 79.9695205688, 80.3990936279, 80.8286590576, 81.2466201782, 81.6645812988, 82.0941467285, 82.5237197876, 82.9416732788, 83.3712463379, 83.8008117676, 84.2187728882, 84.6367340088, 85.077911377, 85.5190887451, 85.9254379272, 86.3317871094, 86.7613601685, 87.1909255981, 87.6088867188, 88.0268478394, 88.44480896, 88.8627624512, 89.2807235718, 89.7102966309, 90.1282501221, 90.5578231812, 90.9873886108, 91.4053497314, 91.8233108521, 92.2412643433, 92.6476211548, 93.065574646, 93.4835357666, 93.9014968872, 94.3194503784, 94.7490234375, 95.1785888672, 95.6081619263, 96.037727356, 96.4556884766, 96.8736495972, 97.2916107178, 97.709564209, 98.1275253296, 98.5687026978, 98.9982757568, 99.4278411865, 99.8574142456, 100.286979675, 100.716552734, 101.146118164, 101.575691223, 102.005256653, 102.423217773, 102.841178894, 103.259140015, 103.688705444, 104.118278503, 104.536231995, 104.954193115, 105.383758545, 105.813331604, 106.242897034, 106.660858154, 107.078819275, 107.496780396, 107.914733887, 108.344306946, 108.762268066, 109.180221558, 109.598182678, 110.016143799, 110.434104919, 110.852058411, 111.270019531, 111.687980652, 112.105941772, 112.523895264, 112.953468323, 113.383033752, 113.800994873, 114.218955994, 114.636917114, 115.054870605, 115.472831726, 115.890792847, 116.308753967, 116.726707458, 117.144668579, 117.5626297, 117.98059082, 118.398544312, 118.828117371, 119.2576828, 119.675643921, 120.093605042, 120.511566162, 120.941131592, 121.370697021, 121.788658142, 122.206619263, 122.636184692, 123.065757751, 123.483718872, 123.901672363, 124.331245422, 124.760810852, 125.178771973, 125.608345032, 126.037910461, 126.455871582, 126.873832703, 127.291786194, 127.721359253, 128.150924683, 128.580490112, 129.010070801, 129.43963623, 129.86920166, 130.28717041, 130.705123901, 131.123077393, 131.541046143, 131.958999634, 132.388565063, 132.818145752, 133.236099243, 133.665664673, 134.095230103, 134.513198853, 134.931152344, 135.349105835, 135.767074585, 136.185028076, 136.602996826, 137.032562256, 137.462127686, 137.880081177, 138.298049927, 138.716003418, 139.133972168, 139.551925659, 139.96987915, 140.399459839, 140.829025269, 141.24697876, 141.66494751, 142.082901001, 142.500854492, 142.918823242, 143.336776733, 143.754730225, 144.172698975, 144.590652466, 145.008621216, 145.426574707, 145.856140137, 146.285705566, 146.726898193, 147.226119995, 147.725341797, 148.236190796, 148.700592041, 149.153381348, 149.617782593, 150.093780518, 150.558181763, 151.022583008, 151.498596191, 151.974594116, 152.438995361, 152.903396606, 153.37940979, 153.843811035],
    "bpm_histogram": [0, 0, 0, 0, 0, 0, 0, 0, 0, 0, 0, 0, 0, 0, 0, 0, 0, 0, 0, 0, 0, 0, 0, 0, 0, 0, 0, 0, 0, 0, 0, 0, 0, 0, 0, 0, 0, 0, 0, 0, 0, 0, 0, 0, 0, 0, 0, 0, 0, 0, 0, 0, 0, 0, 0, 0, 0, 0, 0, 0, 0, 0, 0, 0, 0, 0, 0, 0, 0, 0, 0, 0, 0, 0, 0, 0, 0, 0, 0, 0, 0, 0, 0, 0, 0, 0, 0, 0, 0, 0, 0, 0, 0, 0, 0, 0, 0, 0, 0, 0, 0, 0, 0, 0, 0, 0, 0, 0, 0, 0, 0, 0, 0, 0, 0, 0, 0, 0.0027700830251, 0, 0, 0.0055401660502, 0, 0, 0, 0, 0, 0.0110803321004, 0, 0, 0.0193905811757, 0, 0, 0, 0.0055401660502, 0, 0, 0.0443213284016, 0, 0, 0, 0.335180044174, 0, 0, 0, 0.545706391335, 0, 0, 0, 0.0304709132761, 0, 0, 0, 0, 0, 0, 0, 0, 0, 0, 0, 0, 0, 0, 0, 0, 0, 0, 0, 0, 0, 0, 0, 0, 0, 0, 0, 0, 0, 0, 0, 0, 0, 0, 0, 0, 0, 0, 0, 0, 0, 0, 0, 0, 0, 0, 0, 0, 0, 0, 0, 0, 0, 0, 0, 0, 0, 0, 0, 0, 0, 0, 0, 0, 0, 0, 0, 0, 0, 0, 0, 0, 0, 0, 0, 0, 0, 0, 0, 0, 0, 0, 0, 0, 0, 0, 0, 0, 0, 0, 0, 0, 0, 0, 0, 0, 0, 0, 0, 0, 0]
},
"tonal": {
    "chords_changes_rate": 0.0700330659747,
    "chords_number_rate": 0.00330628198572,
    "chords_strength": {
        "mean": 0.536761641502
    },
    "hpcp_crest": {
        "mean": 14.4505939484
    },
    "hpcp_entropy": {
        "mean": 1.86518418789
    },
    "key_edma": {
        "strength": 0.781168580055,
        "key": "C",
        "scale": "major"
    },
    "key_krumhansl": {
        "strength": 0.783665537834,
        "key": "C",
        "scale": "major"
    },
    "key_temperley": {
        "strength": 0.782865762711,
        "key": "C",
        "scale": "major"
    },
    "tuning_diatonic_strength": 0.712491154671,
    "tuning_equal_tempered_deviation": 0.0378668271005,
    "tuning_frequency": 440,
    "tuning_nontempered_energy_ratio": 0.71311712265,
    "hpcp": {
        "mean": [0.0688466057181, 0.0552445314825, 0.0406151711941, 0.0353498756886, 0.0321533083916, 0.0503393858671, 0.0776713714004, 0.0933426469564, 0.193814247847, 0.290631830692, 0.202362120152, 0.0979639664292, 0.0964756980538, 0.112393505871, 0.133674040437, 0.166580200195, 0.141357406974, 0.0826167985797, 0.0600696913898, 0.0564914271235, 0.0811884924769, 0.101655676961, 0.0972589701414, 0.169896006584, 0.213459968567, 0.127019584179, 0.0729699507356, 0.0789413005114, 0.0957601219416, 0.247527807951, 0.406195193529, 0.263015329838, 0.076473750174, 0.0453320890665, 0.0412421189249, 0.0572462119162]
    },
    "chords_histogram": [38.8337860107, 2.25428318977, 15.2990684509, 0.541027963161, 0.0601142160594, 0, 0.631199300289, 0, 0, 0, 0.0601142160594, 0, 0, 1.1421700716, 0.0601142160594, 5.80102205276, 0, 18.785692215, 0, 2.01382637024, 1.9236549139, 3.72708153725, 7.72467708588, 1.1421700716],
    "thpcp": [1, 0.647509694099, 0.188268482685, 0.111601740122, 0.101532757282, 0.140932768583, 0.169491440058, 0.136004880071, 0.0999892950058, 0.0870268195868, 0.0791572853923, 0.123929053545, 0.191216871142, 0.229797512293, 0.477145582438, 0.715497970581, 0.498189359903, 0.241174608469, 0.237510681152, 0.276698261499, 0.329088181257, 0.410098880529, 0.348003655672, 0.203391864896, 0.147883802652, 0.139074578881, 0.199875563383, 0.250263124704, 0.239438995719, 0.41826197505, 0.525510847569, 0.312705785036, 0.179642572999, 0.194343268871, 0.235749021173, 0.609381437302],
    "chords_key": "C",
    "chords_scale": "major"
}
}