{
"metadata": {
    "version": {
        "essentia": "2.1-beta6-dev",
        "essentia_git_sha": "v2.1_beta5-1177-g1d1cc983",
        "extractor": "music 2.0"
    },
    "audio_properties": {
        "analysis": {
            "equal_loudness": 0,
            "length": 229.933334351,
            "sample_rate": 44100,
            "start_time": 0,
            "downmix": "mix"
        },
        "bit_rate": 1411200,
        "length": 229.933334351,
        "lossless": 1,
        "number_channels": 2,
        "replay_gain": -15.148557663,
        "sample_rate": 44100,
        "codec": "pcm_s16le",
        "md5_encoded": "47b236d54083f812bd312d1a11dbd05e"
    },
    "tags": {
        "file_name": "07 - The Front Bottoms - Father.wav",
        "album": ["The Front Bottoms"],
        "albumartist": ["The Front Bottoms"],
        "artist": ["The Front Bottoms"],
        "copyright": ["2011 Bar None Records 2011 Bar None Records"],
        "date": ["2011"],
        "discnumber": ["1"],
        "disctotal": ["1"],
        "genre": ["Rock"],
        "isrc": ["US37V1120707"],
        "title": ["Father"],
        "tracknumber": ["7"],
        "tracktotal": ["12"]
    }
},
"lowlevel": {
    "average_loudness": 0.953341722488,
    "barkbands_crest": {
        "mean": 10.4043064117
    },
    "barkbands_flatness_db": {
        "mean": 0.141827747226
    },
    "barkbands_kurtosis": {
        "mean": 7.15013599396
    },
    "barkbands_skewness": {
        "mean": 1.63954305649
    },
    "barkbands_spread": {
        "mean": 23.8591632843
    },
    "dissonance": {
        "mean": 0.463740468025
    },
    "dynamic_complexity": 2.99208974838,
    "erbbands_crest": {
        "mean": 9.49383163452
    },
    "erbbands_flatness_db": {
        "mean": 0.155396744609
    },
    "erbbands_kurtosis": {
        "mean": 0.775683701038
    },
    "erbbands_skewness": {
        "mean": 0.092857606709
    },
    "erbbands_spread": {
        "mean": 38.1320915222
    },
    "hfc": {
        "mean": 25.2079524994
    },
    "loudness_ebu128": {
        "integrated": -7.38938522339,
        "loudness_range": 2.588347435,
        "momentary": {
            "mean": -8.37982463837
        },
        "short_term": {
            "mean": -7.91261434555
        }
    },
    "melbands_crest": {
        "mean": 14.5611906052
    },
    "melbands_flatness_db": {
        "mean": 0.213584929705
    },
    "melbands_kurtosis": {
        "mean": 19.0252304077
    },
    "melbands_skewness": {
        "mean": 2.86261820793
    },
    "melbands_spread": {
        "mean": 24.3266029358
    },
    "pitch_salience": {
        "mean": 0.503677248955
    },
    "silence_rate_20dB": {
        "mean": 1
    },
    "silence_rate_30dB": {
        "mean": 0.989701151848
    },
    "silence_rate_60dB": {
        "mean": 0.0498788356781
    },
    "spectral_centroid": {
        "mean": 1464.10559082
    },
    "spectral_complexity": {
        "mean": 20.5495758057
    },
    "spectral_decrease": {
        "mean": -9.37577926408e-09
    },
    "spectral_energy": {
        "mean": 0.0376726463437
    },
    "spectral_energyband_high": {
        "mean": 0.000947905762587
    },
    "spectral_energyband_low": {
        "mean": 0.0197084303945
    },
    "spectral_energyband_middle_high": {
        "mean": 0.00795047637075
    },
    "spectral_energyband_middle_low": {
        "mean": 0.0100630298257
    },
    "spectral_entropy": {
        "mean": 7.56934452057
    },
    "spectral_flux": {
        "mean": 0.0966215878725
    },
    "spectral_kurtosis": {
        "mean": 4.72498226166
    },
    "spectral_rms": {
        "mean": 0.00566359935328
    },
    "spectral_rolloff": {
        "mean": 1382.50500488
    },
    "spectral_skewness": {
        "mean": 1.49806642532
    },
    "spectral_spread": {
        "mean": 4383750
    },
    "spectral_strongpeak": {
        "mean": 0.900982737541
    },
    "zerocrossingrate": {
        "mean": 0.0560199208558
    },
    "barkbands": {
        "mean": [0.000878195394762, 0.0123225152493, 0.00581705290824, 0.00176180549897, 0.00181381579023, 0.00200004456565, 0.00136122072581, 0.00102033605799, 0.00151409721002, 0.00186264398508, 0.00105729384813, 0.00081874046009, 0.00100196502171, 0.000617027108092, 0.000777715467848, 0.000438305927673, 0.000456375913927, 0.000429444684414, 0.000568073650356, 0.000300301471725, 0.000169648687006, 0.000171880310518, 0.000181530107511, 0.000186167555512, 0.000110478242277, 3.43319952663e-05, 1.77191486728e-06]
    },
    "erbbands": {
        "mean": [0.317874014378, 2.86927914619, 7.12346029282, 6.10424375534, 6.47079563141, 6.02184438705, 5.50716543198, 23.662946701, 19.5375518799, 25.8163528442, 17.4686088562, 38.058013916, 47.1916160583, 52.6236801147, 50.9725990295, 33.0567207336, 47.6521873474, 34.8013267517, 42.0773735046, 27.7685947418, 24.7166538239, 25.1862506866, 25.6829242706, 20.8940124512, 32.076839447, 12.9456777573, 7.62252759933, 6.53412294388, 6.22601509094, 5.50491094589, 5.10253953934, 4.26152133942, 2.78654289246, 1.52627527714, 0.64042121172, 0.214663922787, 0.0490137152374, 0.00788669195026, 0.000232842372498, 5.24622446392e-05]
    },
    "gfcc": {
        "mean": [7.43526029587, 97.2206497192, -117.687210083, 40.1283874512, -46.362613678, 21.4156742096, -28.0529460907, 16.8529872894, -20.2062683105, 4.21783638, -11.3072662354, 2.19010186195, -9.92823696136],
        "cov": [[8946.73632812, -198.780136108, 464.163146973, 428.307983398, -474.830718994, 193.261322021, -253.808868408, 133.795791626, -335.700012207, 8.57833957672, -233.583175659, -0.870899379253, -256.062744141], [-198.780136108, 1181.65600586, -129.226470947, -53.8848953247, 240.482833862, -134.446212769, 126.836044312, -74.1437301636, 114.167869568, -91.3466644287, 106.983184814, -84.7730255127, 34.8582229614], [464.163146973, -129.226470947, 1186.40234375, 377.228607178, -17.6242828369, 212.068893433, -15.0720901489, 45.6451377869, -55.0603179932, 40.4933738708, -160.09954834, 40.4359283447, -50.7023963928], [428.307983398, -53.8848953247, 377.228607178, 466.838165283, 66.9104766846, 41.193939209, -23.7574958801, 32.6829223633, 45.1283760071, 0.332496792078, -43.9801940918, -24.2306900024, 4.38394880295], [-474.830718994, 240.482833862, -17.6242828369, 66.9104766846, 322.625976562, -13.1425065994, 28.7781448364, 2.57254362106, 64.5380401611, 10.7076978683, 11.1329154968, -41.5813598633, 8.12896728516], [193.261322021, -134.446212769, 212.068893433, 41.193939209, -13.1425065994, 248.776550293, 89.87109375, 9.20135498047, -30.2310886383, 8.5497751236, -40.6705932617, -10.6225557327, -30.4168815613], [-253.808868408, 126.836044312, -15.0720901489, -23.7574958801, 28.7781448364, 89.87109375, 223.758804321, 44.3084449768, 6.30440568924, -41.2302207947, 7.94802951813, -17.8343887329, -5.92118692398], [133.795791626, -74.1437301636, 45.6451377869, 32.6829223633, 2.57254362106, 9.20135498047, 44.3084449768, 148.468185425, 26.4958229065, -12.8815593719, -18.6511363983, -20.160484314, -23.9430408478], [-335.700012207, 114.167869568, -55.0603179932, 45.1283760071, 64.5380401611, -30.2310886383, 6.30440568924, 26.4958229065, 140.6015625, 21.6939754486, 23.0164756775, -41.5498123169, 7.03788852692], [8.57833957672, -91.3466644287, 40.4933738708, 0.332496792078, 10.7076978683, 8.5497751236, -41.2302207947, -12.8815593719, 21.6939754486, 103.086013794, 12.2962970734, 2.81857323647, -18.7983798981], [-233.583175659, 106.983184814, -160.09954834, -43.9801940918, 11.1329154968, -40.6705932617, 7.94802951813, -18.6511363983, 23.0164756775, 12.2962970734, 122.971748352, 9.93246173859, 8.01574611664], [-0.870899379253, -84.7730255127, 40.4359283447, -24.2306900024, -41.5813598633, -10.6225557327, -17.8343887329, -20.160484314, -41.5498123169, 2.81857323647, 9.93246173859, 91.9151229858, 25.9851455688], [-256.062744141, 34.8582229614, -50.7023963928, 4.38394880295, 8.12896728516, -30.4168815613, -5.92118692398, -23.9430408478, 7.03788852692, -18.7983798981, 8.01574611664, 25.9851455688, 87.2285919189]],
        "icov": [[0.000240248802584, -0.000434878718806, 0.000345302658388, -0.000548268551938, 0.000504749070387, -0.000510887999553, 0.000595286721364, -0.000636972661596, 0.000809781253338, -0.000508326920681, 0.000629708752967, -0.000417284405557, 0.000639250152744], [-0.000434878718806, 0.00283081526868, -0.00149164686445, 0.00178587483242, -0.00200031977147, 0.00257071643136, -0.00244920002297, 0.0030113181565, -0.00262164021842, 0.00310638197698, -0.00290083047003, 0.00270620197989, -0.00128013070207], [0.000345302658388, -0.00149164686445, 0.00263644615188, -0.00241399067454, 0.00119361409452, -0.00242671859451, 0.00158554199152, -0.00192555377726, 0.00193331541959, -0.00228447723202, 0.00320303579792, -0.00294005824253, 0.00181836087722], [-0.000548268551938, 0.00178587483242, -0.00241399067454, 0.00500066624954, -0.00205211434513, 0.00178036326542, -0.00120740185957, 0.00182016927283, -0.00332882790826, 0.00284476671368, -0.00255061686039, 0.00284945266321, -0.00248071155511], [0.000504749070387, -0.00200031977147, 0.00119361409452, -0.00205211434513, 0.00531358411536, -0.00154366274364, 0.00121582404245, -0.00187648122665, 0.00131530314684, -0.00280531262979, 0.00219392729923, -0.000666917476337, 0.000898389844224], [-0.000510887999553, 0.00257071643136, -0.00242671859451, 0.00178036326542, -0.00154366274364, 0.00891605764627, -0.00552538502961, 0.00374871282838, -0.00143274362199, 0.00124433869496, -0.00182576722, 0.00368516799062, -0.00066651700763], [0.000595286721364, -0.00244920002297, 0.00158554199152, -0.00120740185957, 0.00121582404245, -0.00552538502961, 0.00932899583131, -0.00470079574734, 0.00216843979433, 0.000348633737303, 0.00128012872301, -0.00215314957313, 0.00143542070873], [-0.000636972661596, 0.0030113181565, -0.00192555377726, 0.00182016927283, -0.00187648122665, 0.00374871282838, -0.00470079574734, 0.0117852464318, -0.00519613549113, 0.00433869054541, -0.00192850490566, 0.00285736378282, 0.000794166582637], [0.000809781253338, -0.00262164021842, 0.00193331541959, -0.00332882790826, 0.00131530314684, -0.00143274362199, 0.00216843979433, -0.00519613549113, 0.0144072929397, -0.00629374617711, 0.00140686321538, 0.00226996676065, -0.000509662611876], [-0.000508326920681, 0.00310638197698, -0.00228447723202, 0.00284476671368, -0.00280531262979, 0.00124433869496, 0.000348633737303, 0.00433869054541, -0.00629374617711, 0.016486376524, -0.00501121208072, 0.00116897549015, 0.0018784791464], [0.000629708752967, -0.00290083047003, 0.00320303579792, -0.00255061686039, 0.00219392729923, -0.00182576722, 0.00128012872301, -0.00192850490566, 0.00140686321538, -0.00501121208072, 0.0144438026473, -0.00573568046093, 0.00290207401849], [-0.000417284405557, 0.00270620197989, -0.00294005824253, 0.00284945266321, -0.000666917476337, 0.00368516799062, -0.00215314957313, 0.00285736378282, 0.00226996676065, 0.00116897549015, -0.00573568046093, 0.0194427408278, -0.00736930826679], [0.000639250152744, -0.00128013070207, 0.00181836087722, -0.00248071155511, 0.000898389844224, -0.00066651700763, 0.00143542070873, 0.000794166582637, -0.000509662611876, 0.0018784791464, 0.00290207401849, -0.00736930826679, 0.0174077004194]]
    },
    "melbands": {
        "mean": [0.0031844037585, 0.00369720766321, 0.00110117404256, 0.000445019744802, 0.000211234379094, 0.000473406660603, 0.000294974481221, 0.000280434207525, 0.000146223144839, 0.000239153305301, 0.000233793194639, 0.000216830871068, 0.000158771028509, 0.000109321597847, 9.81148114079e-05, 8.62313681864e-05, 6.26949913567e-05, 6.5021617047e-05, 4.93508305226e-05, 3.13318560075e-05, 2.84299439954e-05, 2.53075941146e-05, 2.77058388747e-05, 1.86477536772e-05, 1.56038167916e-05, 2.48566902883e-05, 1.84813652595e-05, 6.2041935962e-06, 4.71799285151e-06, 4.18422268922e-06, 3.71344526684e-06, 3.65437654182e-06, 3.05323214889e-06, 3.10363293465e-06, 2.94337110063e-06, 2.83997292172e-06, 2.49613981396e-06, 1.9812980554e-06, 1.62895730682e-06, 1.19511014418e-06]
    },
    "melbands128": {
        "mean": [0.00065000547329, 0.00230187387206, 0.00420590350404, 0.00496817845851, 0.00421433942392, 0.00252364901826, 0.00119665311649, 0.000858948274981, 0.000642045924906, 0.00043460066081, 0.000333742063958, 0.00019296114624, 0.000119860764244, 0.000240968045546, 0.000748921069317, 0.000426366284955, 0.000242576381424, 0.000344568950823, 0.000244664988713, 0.00031582597876, 0.000309348019073, 0.000124733836856, 8.85506888153e-05, 0.000192321647773, 0.000310840667225, 0.000214038591366, 0.000189882906852, 0.000273281388218, 0.000206227065064, 0.000302370375721, 0.000190531660337, 0.000108281383291, 0.000155628702487, 0.000212064012885, 0.000134632937261, 7.53378626541e-05, 6.8106870458e-05, 7.25039571989e-05, 0.000152413660544, 0.000113456248073, 7.1909315011e-05, 3.83693586627e-05, 7.3415110819e-05, 7.37984009902e-05, 3.57782009814e-05, 7.47946760384e-05, 8.51016520755e-05, 4.86771241412e-05, 3.72435897589e-05, 3.00548963423e-05, 3.07390582748e-05, 3.29344220518e-05, 2.59568805632e-05, 2.76802784356e-05, 3.05036392092e-05, 2.13668427023e-05, 2.399861296e-05, 3.12946249323e-05, 2.78061015706e-05, 2.45800147241e-05, 1.81650939339e-05, 1.3482193026e-05, 1.60777126439e-05, 1.3858390048e-05, 1.89561469597e-05, 2.68309850071e-05, 2.8127560654e-05, 2.35245206568e-05, 1.74539345608e-05, 9.53532253334e-06, 5.35196386409e-06, 4.72806686957e-06, 5.29583439857e-06, 4.35742776972e-06, 4.7155572247e-06, 4.45777322966e-06, 3.79559492103e-06, 3.51318112735e-06, 3.57567114406e-06, 4.17730052504e-06, 3.77569449483e-06, 3.42921771335e-06, 3.34824198944e-06, 2.94708252113e-06, 2.8475290037e-06, 3.11335020342e-06, 3.12440283778e-06, 3.24403345076e-06, 2.83844656224e-06, 2.84038674181e-06, 2.86699514618e-06, 2.83612030216e-06, 2.83252461486e-06, 2.56151838585e-06, 2.31307922149e-06, 1.95634288502e-06, 1.90748755813e-06, 1.99728924599e-06, 1.74149556642e-06, 1.37596146033e-06, 1.26690281377e-06, 1.21374989703e-06, 1.06834386315e-06, 8.1711942812e-07, 7.10595202236e-07, 5.92876858718e-07, 4.93003085467e-07, 4.42685660573e-07, 3.63208840781e-07, 2.96094555097e-07, 2.15306300788e-07, 1.71382339431e-07, 1.30781614871e-07, 1.17818167666e-07, 9.95268720771e-08, 8.08192908153e-08, 6.11418755625e-08, 1.5039212542e-08, 2.45970732671e-09, 4.02802652344e-10, 1.44933356983e-10, 5.72997205239e-11, 5.08056201276e-11, 4.74128028505e-11, 4.48375399309e-11, 4.22666728006e-11, 4.06112261875e-11, 3.9251355638e-11]
    },
    "mfcc": {
        "mean": [-634.649536133, 123.056037903, -4.8059015274, 27.0365257263, 9.05052375793, 9.26484298706, 7.67272949219, 11.9264564514, 2.27457332611, 6.88346576691, 2.12606143951, 0.230725392699, 2.22115659714],
        "cov": [[8799.55859375, -207.657073975, 455.575134277, 99.884262085, -139.745651245, -98.8152999878, 10.0046720505, 4.49265098572, -143.846054077, -24.8797969818, -103.128875732, -83.6002044678, -70.2480926514], [-207.657073975, 1115.35461426, -253.372772217, 37.4455490112, 31.4506149292, -11.5987529755, 23.3953952789, 22.2113685608, -22.0380077362, 4.49630594254, 27.6865100861, 17.3373451233, 2.17812728882], [455.575134277, -253.372772217, 1094.19958496, 177.753356934, 71.8409729004, 167.535858154, 61.1249923706, 51.72082901, 98.8417739868, -19.5238342285, -36.4083137512, 12.2667274475, -24.8159561157], [99.884262085, 37.4455490112, 177.753356934, 390.495147705, 163.187744141, 21.0729103088, -32.6139373779, 16.9440937042, 46.9912261963, 35.7774848938, -19.7755126953, -8.56612968445, 13.9514608383], [-139.745651245, 31.4506149292, 71.8409729004, 163.187744141, 272.267150879, 44.721660614, -34.9779090881, -22.1443538666, 24.9824676514, 51.2593727112, 1.25552344322, -2.04030823708, 9.45635604858], [-98.8152999878, -11.5987529755, 167.535858154, 21.0729103088, 44.721660614, 224.2940979, 67.3651123047, -4.44908761978, 43.7411804199, -9.53664016724, 11.8039121628, 26.5528526306, -20.774230957], [10.0046720505, 23.3953952789, 61.1249923706, -32.6139373779, -34.9779090881, 67.3651123047, 171.69732666, 73.9350738525, 24.0915641785, -1.89110958576, 16.880065918, 9.32779502869, -8.97560119629], [4.49265098572, 22.2113685608, 51.72082901, 16.9440937042, -22.1443538666, -4.44908761978, 73.9350738525, 154.387283325, 50.6608734131, 22.1895065308, 10.8183021545, -6.9626493454, 0.245766595006], [-143.846054077, -22.0380077362, 98.8417739868, 46.9912261963, 24.9824676514, 43.7411804199, 24.0915641785, 50.6608734131, 127.322402954, 37.8641319275, 2.62780880928, -9.34397125244, -19.2743225098], [-24.8797969818, 4.49630594254, -19.5238342285, 35.7774848938, 51.2593727112, -9.53664016724, -1.89110958576, 22.1895065308, 37.8641319275, 132.285247803, 52.1705055237, -3.48679208755, -4.7852101326], [-103.128875732, 27.6865100861, -36.4083137512, -19.7755126953, 1.25552344322, 11.8039121628, 16.880065918, 10.8183021545, 2.62780880928, 52.1705055237, 96.5543746948, 31.2178287506, -3.11136674881], [-83.6002044678, 17.3373451233, 12.2667274475, -8.56612968445, -2.04030823708, 26.5528526306, 9.32779502869, -6.9626493454, -9.34397125244, -3.48679208755, 31.2178287506, 84.7707595825, 27.1390800476], [-70.2480926514, 2.17812728882, -24.8159561157, 13.9514608383, 9.45635604858, -20.774230957, -8.97560119629, 0.245766595006, -19.2743225098, -4.7852101326, -3.11136674881, 27.1390800476, 79.3353271484]],
        "icov": [[0.000127698323922, 9.93557478068e-06, -6.96842325851e-05, -6.63136015646e-05, 0.000103620586742, 4.90231905133e-05, -3.41675186064e-05, -1.81897921721e-05, 0.000262059707893, -0.000130794622237, 0.000150630105054, 3.72524809791e-05, 0.000148281556903], [9.93557478068e-06, 0.000994106056169, 0.000288128037937, -0.000232749531278, -0.000143633558764, -2.68031053565e-05, -0.000183160766028, -0.000231227517361, 0.000176577203092, 0.000181738301762, -0.00016920955386, -0.000237354775891, 0.000231076119235], [-6.96842325851e-05, 0.000288128037937, 0.00130560772959, -0.000501001894008, -6.18150224909e-05, -0.000728558923583, -0.000101710335002, -0.00031631172169, -0.000549293879885, 0.000347770255757, 0.000346843095031, -0.000417939474573, 0.000277045590337], [-6.63136015646e-05, -0.000232749531278, -0.000501001894008, 0.00396112259477, -0.00208310922608, 0.000156267473358, 0.000744081102312, -0.000634922587778, -0.00075235409895, -0.000293455668725, 0.0006863414892, 0.000111668159661, -0.000742022879422], [0.000103620586742, -0.000143633558764, -6.18150224909e-05, -0.00208310922608, 0.00584072852507, -0.00143078726251, 0.000824876595289, 0.000861241423991, 0.000343194958987, -0.00227392674424, 0.000611176539678, 0.000448718288681, -0.00072080839891], [4.90231905133e-05, -2.68031053565e-05, -0.000728558923583, 0.000156267473358, -0.00143078726251, 0.0072416709736, -0.00320854689926, 0.00225611892529, -0.00225147604942, 0.00146227038931, -0.00075512053445, -0.00204218830913, 0.00169576948974], [-3.41675186064e-05, -0.000183160766028, -0.000101710335002, 0.000744081102312, 0.000824876595289, -0.00320854689926, 0.00948809273541, -0.00475997198373, 0.000727370148525, 0.000273713143542, -0.000786918448284, 2.81094344246e-05, 0.000114545808174], [-1.81897921721e-05, -0.000231227517361, -0.00031631172169, -0.000634922587778, 0.000861241423991, 0.00225611892529, -0.00475997198373, 0.010586258024, -0.00381685094908, -0.000472828396596, -0.000872209668159, 0.00105779746082, -0.00143211451359], [0.000262059707893, 0.000176577203092, -0.000549293879885, -0.00075235409895, 0.000343194958987, -0.00225147604942, 0.000727370148525, -0.00381685094908, 0.0124466121197, -0.0038098434452, 0.00218601734377, 0.000163530115969, 0.0024752013851], [-0.000130794622237, 0.000181738301762, 0.000347770255757, -0.000293455668725, -0.00227392674424, 0.00146227038931, 0.000273713143542, -0.000472828396596, -0.0038098434452, 0.0130134308711, -0.0079881278798, 0.00240556220524, -0.000550887954887], [0.000150630105054, -0.00016920955386, 0.000346843095031, 0.0006863414892, 0.000611176539678, -0.00075512053445, -0.000786918448284, -0.000872209668159, 0.00218601734377, -0.0079881278798, 0.017812628299, -0.00712449662387, 0.00295391213149], [3.72524809791e-05, -0.000237354775891, -0.000417939474573, 0.000111668159661, 0.000448718288681, -0.00204218830913, 2.81094344246e-05, 0.00105779746082, 0.000163530115969, 0.00240556220524, -0.00712449662387, 0.0176113322377, -0.00681828148663], [0.000148281556903, 0.000231076119235, 0.000277045590337, -0.000742022879422, -0.00072080839891, 0.00169576948974, 0.000114545808174, -0.00143211451359, 0.0024752013851, -0.000550887954887, 0.00295391213149, -0.00681828148663, 0.0165105462074]]
    },
    "spectral_contrast_coeffs": {
        "mean": [-0.740444362164, -0.714622795582, -0.733049452305, -0.772717475891, -0.767000079155, -0.768577098846]
    },
    "spectral_contrast_valleys": {
        "mean": [-6.53087759018, -6.95586872101, -7.43749380112, -7.56195735931, -7.55821180344, -10.2059745789]
    }
},
"rhythm": {
    "beats_count": 500,
    "beats_loudness": {
        "mean": 0.0760328173637
    },
    "bpm": 132.972946167,
    "bpm_histogram_first_peak_bpm": 133,
    "bpm_histogram_first_peak_weight": 0.349785387516,
    "bpm_histogram_second_peak_bpm": 126,
    "bpm_histogram_second_peak_spread": 0.272727251053,
    "bpm_histogram_second_peak_weight": 0.0160320643336,
    "danceability": 1.14991605282,
    "onset_rate": 4.14877843857,
    "beats_loudness_band_ratio": {
        "mean": [0.725266337395, 0.064643651247, 0.0745803564787, 0.0782683715224, 0.0499131269753, 0.0291848182678]
    },
    "beats_position": [0.592108845711, 1.19582760334, 1.79954648018, 2.41487526894, 3.01859402657, 3.62231278419, 4.23764181137, 4.71365070343, 5.18965959549, 5.67727899551, 6.15328788757, 6.62929677963, 7.10530614853, 7.56970500946, 8.0224943161, 8.47528362274, 8.93968200684, 9.4040813446, 9.85687065125, 10.3096599579, 10.7508392334, 11.2036275864, 11.656416893, 12.1092061996, 12.5619955063, 13.0147848129, 13.4675731659, 13.9203624725, 14.3731517792, 14.8259410858, 15.2787294388, 15.7315187454, 16.1843090057, 16.6254863739, 17.0666656494, 17.5078449249, 17.9606342316, 18.4134235382, 18.877822876, 19.3306121826, 19.7834014893, 20.2245807648, 20.6773700714, 21.1185474396, 21.5597267151, 22.0125160217, 22.4653053284, 22.918094635, 23.3708839417, 23.8236732483, 24.2764625549, 24.7292518616, 25.1820411682, 25.6348285675, 26.0876178741, 26.5404071808, 26.9931964874, 27.4459857941, 27.9103851318, 28.3631744385, 28.8159637451, 29.2571430206, 29.7099323273, 30.1627197266, 30.6038990021, 31.0450782776, 31.4978675842, 31.9506568909, 32.4034461975, 32.8562355042, 33.3090248108, 33.7618141174, 34.2146034241, 34.6557807922, 35.1085700989, 35.5613594055, 36.0025405884, 36.455329895, 36.908115387, 37.3609046936, 37.8136940002, 38.2664833069, 38.7192726135, 39.1720619202, 39.6364631653, 40.0892524719, 40.5420417786, 40.9948310852, 41.4476165771, 41.9004058838, 42.3531951904, 42.8059844971, 43.281993866, 43.7115631104, 44.1527442932, 44.5939216614, 45.046710968, 45.4878921509, 45.929069519, 46.3702468872, 46.8230361938, 47.2758255005, 47.7286148071, 48.1814041138, 48.6458053589, 49.0985946655, 49.5513839722, 49.9925613403, 50.4569587708, 50.9097480774, 51.362537384, 51.8037185669, 52.2565078735, 52.7092971802, 53.1620864868, 53.6148757935, 54.0792732239, 54.5320625305, 54.9848518372, 55.4376411438, 55.8904304504, 56.3316078186, 56.7843971252, 57.2371864319, 57.6783676147, 58.1195449829, 58.5607261658, 59.0251235962, 59.4663009644, 59.919090271, 60.3718795776, 60.8130607605, 61.2658500671, 61.7186393738, 62.1714286804, 62.6242179871, 63.0886154175, 63.5530128479, 64.0058059692, 64.4585952759, 64.899772644, 65.3409500122, 65.7821273804, 66.2233123779, 66.6761016846, 67.1288909912, 67.5700683594, 67.9996337891, 68.4524230957, 68.9052124023, 69.3812255859, 69.8456192017, 70.3100204468, 70.7744216919, 71.2155990601, 71.6683883667, 72.1211776733, 72.5855789185, 73.0267562866, 73.4679336548, 73.9091110229, 74.3502960205, 74.7914733887, 75.2442626953, 75.697052002, 76.1498413086, 76.6026306152, 77.0670318604, 77.5082092285, 77.9726028442, 78.4137878418, 78.8665771484, 79.3077545166, 79.7605438232, 80.2017211914, 80.6661224365, 81.1072998047, 81.5600891113, 82.012878418, 82.4656677246, 82.9184570312, 83.3712463379, 83.8240356445, 84.2884368896, 84.7412261963, 85.1940155029, 85.6351928711, 86.0879821777, 86.5291595459, 86.9819488525, 87.4463500977, 87.8875274658, 88.3403167725, 88.7814941406, 89.2342834473, 89.6870727539, 90.1398620605, 90.5926513672, 91.0454406738, 91.4982299805, 91.9510192871, 92.4038085938, 92.8565979004, 93.2977752686, 93.7389526367, 94.1917419434, 94.64453125, 95.0973205566, 95.5501098633, 96.0028991699, 96.4556884766, 96.8968658447, 97.3496551514, 97.802444458, 98.2552337646, 98.7080230713, 99.1608123779, 99.6019973755, 100.054779053, 100.507568359, 100.960357666, 101.413146973, 101.865936279, 102.307121277, 102.759910583, 103.21269989, 103.653877258, 104.106666565, 104.559455872, 105.012245178, 105.465034485, 105.917823792, 106.370613098, 106.823402405, 107.276191711, 107.71736908, 108.158546448, 108.622947693, 109.064125061, 109.516914368, 109.969703674, 110.422492981, 110.875282288, 111.316459656, 111.769248962, 112.222038269, 112.663215637, 113.116004944, 113.56879425, 114.021583557, 114.474372864, 114.92716217, 115.379951477, 115.832740784, 116.28553009, 116.738319397, 117.191108704, 117.64389801, 118.096687317, 118.549476624, 119.00226593, 119.455055237, 119.907844543, 120.36063385, 120.813423157, 121.254600525, 121.695777893, 122.1485672, 122.601356506, 123.054145813, 123.50693512, 123.959724426, 124.412513733, 124.86530304, 125.318092346, 125.770881653, 126.223670959, 126.664848328, 127.117637634, 127.570426941, 128.034820557, 128.487609863, 128.94039917, 129.404800415, 129.857589722, 130.310379028, 130.751556396, 131.204345703, 131.65713501, 132.109924316, 132.562713623, 133.003890991, 133.445083618, 133.909469604, 134.37387085, 134.826660156, 135.279449463, 135.73223877, 136.185028076, 136.637817383, 137.090606689, 137.543395996, 137.996185303, 138.437362671, 138.878540039, 139.331329346, 139.784118652, 140.236907959, 140.678085327, 141.119277954, 141.548843384, 141.990020752, 142.43119812, 142.883987427, 143.325164795, 143.754730225, 144.207519531, 144.660308838, 145.124710083, 145.589111328, 146.053512573, 146.517913818, 146.970703125, 147.423492432, 147.887893677, 148.340682983, 148.79347229, 149.246261597, 149.699050903, 150.15184021, 150.604629517, 151.045806885, 151.498596191, 151.951385498, 152.404174805, 152.856964111, 153.309753418, 153.762542725, 154.203720093, 154.668121338, 155.120910645, 155.573699951, 156.014877319, 156.467666626, 156.920455933, 157.361633301, 157.814422607, 158.267211914, 158.720001221, 159.172790527, 159.625579834, 160.078369141, 160.519546509, 160.972335815, 161.425125122, 161.877914429, 162.330703735, 162.783493042, 163.236282349, 163.689071655, 164.141860962, 164.58303833, 165.024215698, 165.488616943, 165.94140625, 166.394195557, 166.846984863, 167.29977417, 167.740951538, 168.193740845, 168.646530151, 169.08770752, 169.528884888, 169.981674194, 170.434463501, 170.887252808, 171.340042114, 171.792831421, 172.245620728, 172.686798096, 173.127975464, 173.580764771, 174.033554077, 174.486343384, 174.93913269, 175.391921997, 175.844711304, 176.285888672, 176.72706604, 177.191467285, 177.632644653, 178.08543396, 178.538223267, 178.979400635, 179.420593262, 179.86177063, 180.314559937, 180.767349243, 181.208526611, 181.661315918, 182.114105225, 182.57850647, 183.031295776, 183.484085083, 183.93687439, 184.389663696, 184.830841064, 185.283630371, 185.736419678, 186.189208984, 186.641998291, 187.094787598, 187.547576904, 188.000366211, 188.453155518, 188.917541504, 189.370330811, 189.823120117, 190.264297485, 190.705490112, 191.14666748, 191.599456787, 192.063858032, 192.539855957, 193.004257202, 193.468658447, 193.933059692, 194.397460938, 194.861862183, 195.303039551, 195.767440796, 196.208618164, 196.649795532, 197.0909729, 197.532150269, 197.973327637, 198.414505005, 198.87890625, 199.331695557, 199.784484863, 200.225662231, 200.678451538, 201.119628906, 201.572418213, 202.013595581, 202.466384888, 202.895965576, 203.360351562, 203.813140869, 204.254333496, 204.718719482, 205.171508789, 205.635910034, 206.077087402, 206.529876709, 206.982666016, 207.435455322, 207.87663269, 208.329421997, 208.770614624, 209.211791992, 209.676193237, 210.140579224, 210.59336853, 211.046157837, 211.498947144, 211.95173645, 212.404525757, 212.857315063, 213.31010437, 213.762893677, 214.215682983, 214.66847229, 215.132873535, 215.574050903, 216.02684021, 216.479629517, 216.920806885, 217.373596191, 217.837997437, 218.290786743, 218.731964111, 219.173141479, 219.625930786, 220.078720093, 220.543121338, 220.995910645, 221.483535767, 221.97114563, 222.47038269, 223.07409668, 223.666213989, 224.397644043, 225.10585022, 225.814056396, 226.522262573, 227.23046875, 227.938674927, 228.646896362, 229.355102539],
    "bpm_histogram": [0, 0, 0, 0, 0, 0, 0, 0, 0, 0, 0, 0, 0, 0, 0, 0, 0, 0, 0, 0, 0, 0, 0, 0, 0, 0, 0, 0, 0, 0, 0, 0, 0, 0, 0, 0, 0, 0, 0, 0, 0, 0, 0, 0, 0, 0, 0, 0, 0, 0, 0, 0, 0, 0, 0, 0, 0, 0, 0, 0, 0, 0, 0, 0, 0, 0, 0, 0, 0, 0, 0, 0, 0, 0, 0, 0, 0, 0, 0, 0, 0, 0, 0.00200400804169, 0, 0, 0.0140280565247, 0, 0, 0, 0, 0, 0, 0, 0, 0, 0, 0, 0, 0.00400801608339, 0.0100200399756, 0, 0.00200400804169, 0, 0, 0, 0, 0, 0, 0, 0, 0, 0, 0, 0, 0, 0, 0, 0, 0, 0, 0.00200400804169, 0, 0, 0.00601202389225, 0, 0, 0.0160320643336, 0, 0, 0.104208417237, 0, 0, 0, 0.607214450836, 0, 0, 0.22244489193, 0, 0, 0, 0.0100200399756, 0, 0, 0, 0, 0, 0, 0, 0, 0, 0, 0, 0, 0, 0, 0, 0, 0, 0, 0, 0, 0, 0, 0, 0, 0, 0, 0, 0, 0, 0, 0, 0, 0, 0, 0, 0, 0, 0, 0, 0, 0, 0, 0, 0, 0, 0, 0, 0, 0, 0, 0, 0, 0, 0, 0, 0, 0, 0, 0, 0, 0, 0, 0, 0, 0, 0, 0, 0, 0, 0, 0, 0, 0, 0, 0, 0, 0, 0, 0, 0, 0, 0, 0, 0, 0, 0, 0, 0, 0, 0, 0, 0, 0, 0, 0, 0, 0, 0, 0, 0, 0, 0, 0, 0, 0, 0, 0, 0, 0]
},
"tonal": {
    "chords_changes_rate": 0.0698566511273,
    "chords_number_rate": 0.00242277397774,
    "chords_strength": {
        "mean": 0.519436061382
    },
    "hpcp_crest": {
        "mean": 12.5481901169
    },
    "hpcp_entropy": {
        "mean": 2.11544442177
    },
    "key_edma": {
        "strength": 0.768730640411,
        "key": "Bb",
        "scale": "major"
    },
    "key_krumhansl": {
        "strength": 0.774416923523,
        "key": "F",
        "scale": "major"
    },
    "key_temperley": {
        "strength": 0.789616882801,
        "key": "F",
        "scale": "major"
    },
    "tuning_diatonic_strength": 0.705504894257,
    "tuning_equal_tempered_deviation": 0.35401237011,
    "tuning_frequency": 434.193115234,
    "tuning_nontempered_energy_ratio": 0.955175340176,
    "hpcp": {
        "mean": [0.152417674661, 0.182554572821, 0.146361917257, 0.158670380712, 0.193865165114, 0.150846347213, 0.109545990825, 0.106730535626, 0.118848212063, 0.186687424779, 0.209807932377, 0.131219983101, 0.072437107563, 0.0539141520858, 0.048080727458, 0.0809000506997, 0.117821313441, 0.0895994454622, 0.0462695322931, 0.0414913892746, 0.0600709356368, 0.0871201828122, 0.109780177474, 0.118943013251, 0.223044618964, 0.368922829628, 0.253492861986, 0.0819173380733, 0.0642914772034, 0.0786185711622, 0.12013271451, 0.146882280707, 0.117877863348, 0.0824261456728, 0.0766609162092, 0.093363404274]
    },
    "chords_histogram": [37.2299613953, 5.69351911545, 9.75166606903, 3.00827789307, 4.07833623886, 0, 1.09024834633, 0, 3.79567933083, 0, 0, 0, 0, 0, 0, 4.58308076859, 0.908540248871, 9.75166606903, 0, 1.19119727612, 0, 0.706642448902, 10.8621034622, 7.34908151627],
    "thpcp": [1, 0.687116205692, 0.22204464674, 0.174268096685, 0.213103026152, 0.325631022453, 0.398138225079, 0.319519013166, 0.223423808813, 0.207796618342, 0.253070294857, 0.413142442703, 0.494831323624, 0.396727740765, 0.43009096384, 0.525489747524, 0.408883213997, 0.296934694052, 0.289303153753, 0.322149246931, 0.506033837795, 0.568704128265, 0.355684101582, 0.196347594261, 0.146139383316, 0.13032732904, 0.219287186861, 0.319365739822, 0.242867723107, 0.125417917967, 0.112466312945, 0.162827908993, 0.236147448421, 0.297569483519, 0.322406202555, 0.604583382607],
    "chords_key": "F",
    "chords_scale": "major"
}
}