{
"metadata": {
    "version": {
        "essentia": "2.1-beta6-dev",
        "essentia_git_sha": "v2.1_beta5-1177-g1d1cc983",
        "extractor": "music 2.0"
    },
    "audio_properties": {
        "analysis": {
            "equal_loudness": 0,
            "length": 231.229904175,
            "sample_rate": 44100,
            "start_time": 0,
            "downmix": "mix"
        },
        "bit_rate": 1411200,
        "length": 231.229904175,
        "lossless": 1,
        "number_channels": 2,
        "replay_gain": -14.1457939148,
        "sample_rate": 44100,
        "codec": "pcm_s16le",
        "md5_encoded": "211f71f078dc1b6431c370328ae4237b"
    },
    "tags": {
        "file_name": "09 - The Front Bottoms - Tattooed Tears.wav",
        "album": ["Talon Of The Hawk"],
        "albumartist": ["The Front Bottoms"],
        "artist": ["The Front Bottoms"],
        "copyright": ["2013 Bar None Records 2013 Bar None Records"],
        "date": ["2013"],
        "discnumber": ["1"],
        "disctotal": ["1"],
        "genre": ["Rock"],
        "isrc": ["US37V1322209"],
        "title": ["Tattooed Tears"],
        "tracknumber": ["9"],
        "tracktotal": ["12"]
    }
},
"lowlevel": {
    "average_loudness": 0.889571726322,
    "barkbands_crest": {
        "mean": 9.53758049011
    },
    "barkbands_flatness_db": {
        "mean": 0.127085074782
    },
    "barkbands_kurtosis": {
        "mean": 5.56627988815
    },
    "barkbands_skewness": {
        "mean": 1.47519183159
    },
    "barkbands_spread": {
        "mean": 23.9237003326
    },
    "dissonance": {
        "mean": 0.463488608599
    },
    "dynamic_complexity": 3.66449165344,
    "erbbands_crest": {
        "mean": 8.57802772522
    },
    "erbbands_flatness_db": {
        "mean": 0.144714325666
    },
    "erbbands_kurtosis": {
        "mean": 0.526899218559
    },
    "erbbands_skewness": {
        "mean": 0.239438861609
    },
    "erbbands_spread": {
        "mean": 40.0242652893
    },
    "hfc": {
        "mean": 24.8320446014
    },
    "loudness_ebu128": {
        "integrated": -8.62001800537,
        "loudness_range": 8.64828205109,
        "momentary": {
            "mean": -10.810295105
        },
        "short_term": {
            "mean": -10.1979427338
        }
    },
    "melbands_crest": {
        "mean": 13.0493478775
    },
    "melbands_flatness_db": {
        "mean": 0.198375537992
    },
    "melbands_kurtosis": {
        "mean": 36.5712928772
    },
    "melbands_skewness": {
        "mean": 2.74621462822
    },
    "melbands_spread": {
        "mean": 23.7749195099
    },
    "pitch_salience": {
        "mean": 0.557792127132
    },
    "silence_rate_20dB": {
        "mean": 1
    },
    "silence_rate_30dB": {
        "mean": 0.982329308987
    },
    "silence_rate_60dB": {
        "mean": 0.0811244994402
    },
    "spectral_centroid": {
        "mean": 1297.30688477
    },
    "spectral_complexity": {
        "mean": 21.7060241699
    },
    "spectral_decrease": {
        "mean": -8.52407033847e-09
    },
    "spectral_energy": {
        "mean": 0.0344241410494
    },
    "spectral_energyband_high": {
        "mean": 0.00110777688678
    },
    "spectral_energyband_low": {
        "mean": 0.0150821162388
    },
    "spectral_energyband_middle_high": {
        "mean": 0.0062274443917
    },
    "spectral_energyband_middle_low": {
        "mean": 0.0144272260368
    },
    "spectral_entropy": {
        "mean": 7.50756168365
    },
    "spectral_flux": {
        "mean": 0.0925453752279
    },
    "spectral_kurtosis": {
        "mean": 5.30936765671
    },
    "spectral_rms": {
        "mean": 0.00528031308204
    },
    "spectral_rolloff": {
        "mean": 1660.19897461
    },
    "spectral_skewness": {
        "mean": 1.69079947472
    },
    "spectral_spread": {
        "mean": 4870982.5
    },
    "spectral_strongpeak": {
        "mean": 0.724301278591
    },
    "zerocrossingrate": {
        "mean": 0.0667581930757
    },
    "barkbands": {
        "mean": [0.000239944798523, 0.00710506457835, 0.00570242153481, 0.00360133429058, 0.00440759863704, 0.0020156709943, 0.000995870563202, 0.00124759180471, 0.00139324180782, 0.00122153677512, 0.000867894734256, 0.000441250216682, 0.000533363258, 0.000762122333981, 0.000725103891455, 0.00049101136392, 0.000739666516893, 0.000340353522915, 0.000327761867084, 0.000326842768118, 0.00023057879298, 0.000103565835161, 0.00015898726997, 0.000220448957407, 0.000138930699904, 7.49175960664e-05, 1.04117425508e-05]
    },
    "erbbands": {
        "mean": [0.17400328815, 1.70908045769, 5.73804426193, 10.7997236252, 11.3373222351, 15.3914203644, 16.9113750458, 17.9004268646, 15.9621267319, 22.1838588715, 23.9611625671, 36.6564178467, 42.6355171204, 25.3400650024, 33.2500114441, 21.9208316803, 26.6726398468, 37.6966819763, 41.4966659546, 27.549949646, 35.7590484619, 33.2715568542, 22.1425647736, 15.7168254852, 17.4969482422, 14.4955196381, 12.45844841, 6.89847612381, 3.73844003677, 4.04317378998, 4.66022062302, 4.88797712326, 3.37622451782, 1.9255194664, 0.804924845695, 0.422468870878, 0.113544560969, 0.0174871739, 0.00174625159707, 0.000131626205985]
    },
    "gfcc": {
        "mean": [7.48199653625, 87.3664627075, -108.74079895, 26.1207675934, -50.4111251831, 4.5963973999, -43.0874671936, 7.89959764481, -27.3787784576, -0.969502449036, -20.8701896667, -5.54072856903, -8.41742992401],
        "cov": [[18042.3222656, -552.195007324, -562.808288574, 204.738571167, -476.262969971, 1059.34020996, -151.071884155, 649.708984375, -257.996398926, 373.499359131, -187.825897217, 193.165237427, -479.928344727], [-552.195007324, 1635.62573242, -432.076324463, -11.3585109711, 250.70715332, -198.532104492, 129.256210327, -122.361114502, 78.5293045044, -107.939414978, 86.0445404053, -77.2073974609, 97.9034576416], [-562.808288574, -432.076324463, 879.327514648, 154.648162842, 181.080001831, 134.198745728, 50.1859550476, 69.9970779419, 31.2651367188, 110.286689758, -1.40778899193, 95.0249481201, -17.2725353241], [204.738571167, -11.3585109711, 154.648162842, 423.58404541, 88.7585144043, 59.1728286743, 26.9332828522, 17.6034355164, 59.5595626831, 10.1474246979, 51.46326828, 27.2812805176, 15.79347229], [-476.262969971, 250.70715332, 181.080001831, 88.7585144043, 409.80859375, 65.6851806641, 116.231269836, 20.0737342834, 84.8046722412, 41.7017173767, 59.7430229187, 37.7084121704, 13.3485527039], [1059.34020996, -198.532104492, 134.198745728, 59.1728286743, 65.6851806641, 343.178619385, 113.315681458, 79.4733352661, 25.8716106415, 73.1019134521, 49.9839553833, 42.4101638794, -35.1553535461], [-151.071884155, 129.256210327, 50.1859550476, 26.9332828522, 116.231269836, 113.315681458, 210.121231079, 29.9887065887, 31.7003650665, 12.5060167313, 51.8461074829, 20.8993186951, 2.4157500267], [649.708984375, -122.361114502, 69.9970779419, 17.6034355164, 20.0737342834, 79.4733352661, 29.9887065887, 147.912765503, 30.9810886383, 40.2206878662, -2.00569820404, 30.8499259949, -15.2207536697], [-257.996398926, 78.5293045044, 31.2651367188, 59.5595626831, 84.8046722412, 25.8716106415, 31.7003650665, 30.9810886383, 122.016845703, 37.0972251892, 39.3247718811, -0.14466150105, 16.9222335815], [373.499359131, -107.939414978, 110.286689758, 10.1474246979, 41.7017173767, 73.1019134521, 12.5060167313, 40.2206878662, 37.0972251892, 108.934051514, 25.7365989685, 24.3919467926, -17.9053993225], [-187.825897217, 86.0445404053, -1.40778899193, 51.46326828, 59.7430229187, 49.9839553833, 51.8461074829, -2.00569820404, 39.3247718811, 25.7365989685, 102.173843384, 32.3524589539, 15.5655183792], [193.165237427, -77.2073974609, 95.0249481201, 27.2812805176, 37.7084121704, 42.4101638794, 20.8993186951, 30.8499259949, -0.14466150105, 24.3919467926, 32.3524589539, 87.3288421631, 14.1138105392], [-479.928344727, 97.9034576416, -17.2725353241, 15.79347229, 13.3485527039, -35.1553535461, 2.4157500267, -15.2207536697, 16.9222335815, -17.9053993225, 15.5655183792, 14.1138105392, 79.4569244385]],
        "icov": [[0.000187522513443, -0.000240563240368, 0.000299100007396, -0.000289541087113, 0.000212827129872, -0.000657356053125, 0.00040562110371, -0.000544559792615, 0.000477483146824, -0.000679399236105, 0.000782926217653, -0.000774740066845, 0.000837841362227], [-0.000240563240368, 0.00149608484935, 0.000134296293254, 0.000401091354433, -0.00112151016947, 0.00148219941184, -0.00120856729336, 0.00100523408037, -0.000777224893682, 0.00128558010329, -0.00166681548581, 0.00183277507313, -0.0018172559794], [0.000299100007396, 0.000134296293254, 0.00243391469121, -0.00101904454641, -0.000586347014178, -0.000962961290497, 0.000219714682316, -0.000542108842637, 0.000840226886794, -0.0023571907077, 0.00255615310743, -0.00248877704144, 0.0011658834992], [-0.000289541087113, 0.000401091354433, -0.00101904454641, 0.003370820079, -0.000503094808664, 0.000624835083727, -0.000144730613101, 0.000764496508054, -0.00189047202002, 0.00235118623823, -0.00254758144729, 0.00124133995268, -0.0014117534738], [0.000212827129872, -0.00112151016947, -0.000586347014178, -0.000503094808664, 0.00448917131871, -0.000919411773793, -0.000676435534842, -0.000268113653874, -0.00132189213764, -0.00113510887604, 0.000987606472336, -0.00222422345541, 0.00167551008053], [-0.000657356053125, 0.00148219941184, -0.000962961290497, 0.000624835083727, -0.000919411773793, 0.00741847744212, -0.0039031652268, 0.000649951340165, -0.00108271976933, 0.000690362649038, -0.00425667036325, 0.00277677038684, -0.00172362325247], [0.00040562110371, -0.00120856729336, 0.000219714682316, -0.000144730613101, -0.000676435534842, -0.0039031652268, 0.00865462981164, -0.00227984879166, 0.00112277513836, 0.000328701629769, -0.000657275959384, -0.00139352364931, 0.00191375508439], [-0.000544559792615, 0.00100523408037, -0.000542108842637, 0.000764496508054, -0.000268113653874, 0.000649951340165, -0.00227984879166, 0.0114244837314, -0.00477571459487, 0.00057733542053, 0.0013860957697, -0.00176388886757, -0.00101822672877], [0.000477483146824, -0.000777224893682, 0.000840226886794, -0.00189047202002, -0.00132189213764, -0.00108271976933, 0.00112277513836, -0.00477571459487, 0.0150923896581, -0.00582600431517, -0.00194834568538, 0.00306374300271, -0.00149549765047], [-0.000679399236105, 0.00128558010329, -0.0023571907077, 0.00235118623823, -0.00113510887604, 0.000690362649038, 0.000328701629769, 0.00057733542053, -0.00582600431517, 0.0177526045591, -0.00613719131798, 0.00163416436408, 8.25914030429e-05], [0.000782926217653, -0.00166681548581, 0.00255615310743, -0.00254758144729, 0.000987606472336, -0.00425667036325, -0.000657275959384, 0.0013860957697, -0.00194834568538, -0.00613719131798, 0.0209687612951, -0.0104008978233, 0.00285270810127], [-0.000774740066845, 0.00183277507313, -0.00248877704144, 0.00124133995268, -0.00222422345541, 0.00277677038684, -0.00139352364931, -0.00176388886757, 0.00306374300271, 0.00163416436408, -0.0104008978233, 0.0224748905748, -0.00865772366524], [0.000837841362227, -0.0018172559794, 0.0011658834992, -0.0014117534738, 0.00167551008053, -0.00172362325247, 0.00191375508439, -0.00101822672877, -0.00149549765047, 8.25914030429e-05, 0.00285270810127, -0.00865772366524, 0.0204380899668]]
    },
    "melbands": {
        "mean": [0.00177159614395, 0.00281849340536, 0.00187578855548, 0.000905878492631, 0.000673694361467, 0.000394501403207, 0.00023049635638, 0.000256005936535, 0.000207928766031, 0.000216948217712, 0.000205964301131, 9.54135321081e-05, 0.000120284508739, 5.91139614698e-05, 5.6694389059e-05, 4.85793061671e-05, 7.61187329772e-05, 6.61846352159e-05, 4.6510813263e-05, 3.20828294207e-05, 4.66603014502e-05, 3.63485560229e-05, 3.04035420413e-05, 1.37498545882e-05, 1.21799030239e-05, 1.29001418827e-05, 1.14958475024e-05, 9.21910577745e-06, 8.81542564457e-06, 5.54411235498e-06, 3.30472676069e-06, 2.03374111152e-06, 1.96533846974e-06, 2.3877159947e-06, 2.63674428425e-06, 2.92375921163e-06, 2.9502639336e-06, 2.40732560997e-06, 1.99114401767e-06, 1.51349308908e-06]
    },
    "melbands128": {
        "mean": [0.000223676790483, 0.00122194772121, 0.002347051166, 0.0029672619421, 0.00281066633761, 0.00291873794049, 0.00230488041416, 0.0016559921205, 0.00107635231689, 0.000749690632802, 0.000854390033055, 0.000988834304735, 0.000520495523233, 0.0004399959289, 0.000452463224065, 0.000339725520462, 0.000289446528768, 0.000213053877815, 0.000148274964886, 0.000264778063865, 0.000326943147229, 0.000171263731318, 0.000166258221725, 0.00025418921723, 0.000317823607475, 0.000132443092298, 0.000164672150277, 0.000326324690832, 0.000108807224024, 9.45756983128e-05, 7.6521988376e-05, 0.000116780327517, 0.000153647604748, 0.000111896682938, 3.77275173378e-05, 5.80102932872e-05, 6.66582127451e-05, 3.01618620142e-05, 8.19182751002e-05, 6.42175364192e-05, 3.4485510696e-05, 3.41326849593e-05, 7.56408262532e-05, 0.000111594446935, 4.97531837027e-05, 6.16645775153e-05, 8.16241081338e-05, 4.53011707577e-05, 3.15853721986e-05, 3.66346539522e-05, 2.72455381491e-05, 3.31744267896e-05, 3.9568873035e-05, 5.26284238731e-05, 6.72560199746e-05, 1.85656863323e-05, 2.56025650742e-05, 4.56162779301e-05, 2.66696770268e-05, 1.56952755788e-05, 1.1125639503e-05, 1.29214777189e-05, 1.58142884175e-05, 1.04377268144e-05, 9.19070771488e-06, 1.44562854985e-05, 1.37650386023e-05, 1.26522891151e-05, 1.09315469672e-05, 1.00770275822e-05, 7.77943114372e-06, 9.96963717625e-06, 1.05031858766e-05, 8.82117819856e-06, 6.66290816298e-06, 5.32402191311e-06, 5.58384499527e-06, 4.33253717347e-06, 3.00360466099e-06, 2.1982546059e-06, 2.0178433715e-06, 1.9743017674e-06, 1.95886855181e-06, 1.88801300283e-06, 2.05105516216e-06, 2.20889046432e-06, 2.41847033067e-06, 2.92734080176e-06, 2.56002749666e-06, 2.58883801507e-06, 2.59489729615e-06, 2.97112160297e-06, 3.53799919139e-06, 3.04503123516e-06, 2.66200618171e-06, 2.24863561016e-06, 2.47728621616e-06, 2.40004123953e-06, 2.01987381843e-06, 1.73323269337e-06, 1.77681761215e-06, 1.46128968481e-06, 1.26381610244e-06, 1.02342050923e-06, 7.50971253183e-07, 7.96122321844e-07, 7.38046480819e-07, 9.06902869247e-07, 7.69928760747e-07, 7.04410183516e-07, 4.52454031574e-07, 4.1182480004e-07, 3.52945733084e-07, 2.62457092504e-07, 2.07810003872e-07, 1.41899320738e-07, 1.03508241978e-07, 8.95634997278e-08, 6.35449808328e-08, 5.26204217977e-08, 4.21286863173e-08, 2.85667063338e-08, 2.30190533301e-08, 1.94045970403e-08, 1.791808657e-08, 1.59802286959e-08, 1.37666438249e-08, 7.42356442984e-09]
    },
    "mfcc": {
        "mean": [-637.322143555, 123.522003174, -0.612695634365, 23.4886760712, 10.5849847794, -2.42928409576, -1.74527382851, -2.69678163528, 1.11396598816, 2.49680662155, -9.74817943573, -2.77450060844, -5.02884435654],
        "cov": [[12535.4179688, -665.201049805, -76.75390625, -272.695129395, 1.36136436462, 311.033599854, 307.136688232, 343.565032959, 53.6768875122, 285.753662109, 218.221405029, 252.186889648, 80.410774231], [-665.201049805, 1347.35021973, -393.753814697, 51.1302986145, 32.4511833191, -13.6736450195, 14.8031101227, -8.7928276062, 19.7145805359, 6.77134275436, -41.4968795776, -13.3736476898, 26.0131053925], [-76.75390625, -393.753814697, 608.840881348, 83.0234451294, 93.5576705933, 87.2845535278, 53.9584465027, 28.8428153992, 35.4984436035, 2.00661897659, 35.4076309204, 32.5266685486, 25.7203464508], [-272.695129395, 51.1302986145, 83.0234451294, 324.395080566, 110.520431519, 17.7495574951, -7.36302995682, 31.9739589691, 8.87725639343, 4.12317276001, -5.61174631119, 9.40855312347, 9.93631267548], [1.36136436462, 32.4511833191, 93.5576705933, 110.520431519, 249.048995972, 76.6623916626, 28.3552856445, 40.0292243958, 33.9845504761, 38.824596405, 28.4792308807, 29.3627910614, 33.546257019], [311.033599854, -13.6736450195, 87.2845535278, 17.7495574951, 76.6623916626, 221.364364624, 112.075920105, 67.5884475708, 13.0629520416, 46.9049987793, 46.7029037476, 45.5790863037, 30.2600040436], [307.136688232, 14.8031101227, 53.9584465027, -7.36302995682, 28.3552856445, 112.075920105, 175.332443237, 88.964630127, 22.1889801025, 19.9888362885, 42.9776382446, 40.3786697388, 30.6810054779], [343.565032959, -8.7928276062, 28.8428153992, 31.9739589691, 40.0292243958, 67.5884475708, 88.964630127, 142.758972168, 31.0905532837, 25.4416599274, 28.6320419312, 39.0135879517, 26.0222949982], [53.6768875122, 19.7145805359, 35.4984436035, 8.87725639343, 33.9845504761, 13.0629520416, 22.1889801025, 31.0905532837, 97.1968612671, 30.4358463287, 12.8725614548, 9.55831050873, 14.0902433395], [285.753662109, 6.77134275436, 2.00661897659, 4.12317276001, 38.824596405, 46.9049987793, 19.9888362885, 25.4416599274, 30.4358463287, 107.000038147, 45.80493927, 24.2378616333, 6.97283411026], [218.221405029, -41.4968795776, 35.4076309204, -5.61174631119, 28.4792308807, 46.7029037476, 42.9776382446, 28.6320419312, 12.8725614548, 45.80493927, 93.7543869019, 43.7684555054, 10.9745283127], [252.186889648, -13.3736476898, 32.5266685486, 9.40855312347, 29.3627910614, 45.5790863037, 40.3786697388, 39.0135879517, 9.55831050873, 24.2378616333, 43.7684555054, 80.2361907959, 33.0648078918], [80.410774231, 26.0131053925, 25.7203464508, 9.93631267548, 33.546257019, 30.2600040436, 30.6810054779, 26.0222949982, 14.0902433395, 6.97283411026, 10.9745283127, 33.0648078918, 78.093208313]],
        "icov": [[9.8834214441e-05, 6.25501634204e-05, 6.18010235485e-05, 7.43850469007e-05, 1.77262081706e-05, -2.82979672193e-05, -5.05543976033e-05, -0.000151791042299, 3.7679936213e-05, -0.000205684264074, 4.18742456532e-05, -0.000194171632756, 9.26486882236e-06], [6.25501634204e-05, 0.00106116337702, 0.000818901869934, -0.000254734972259, -0.000223287774133, -5.47742602066e-05, -0.000513081729878, 0.000333183270413, -0.000374547176762, -0.000154929250129, 0.00045131254592, -0.000109716209408, -0.000383042352041], [6.18010235485e-05, 0.000818901869934, 0.00254600681365, -0.000556901737582, -0.000512935570441, -0.000639848876745, -0.000559778010938, 0.000591747346334, -0.00097058567917, 0.000652391812764, -0.000234808991081, -0.000293002958642, -0.000339154677931], [7.43850469007e-05, -0.000254734972259, -0.000556901737582, 0.00402364972979, -0.00163121765945, 0.000178235844942, 0.000862994755153, -0.00136098102666, 0.000530823715962, -2.54028163909e-05, 0.000662661157548, -0.000381295074476, 0.000400642165914], [1.77262081706e-05, -0.000223287774133, -0.000512935570441, -0.00163121765945, 0.00592402322218, -0.00154662015848, 0.000903185456991, -0.000319953920553, -0.00103515619412, -0.000855774385855, -0.000693028676324, 6.66187261231e-05, -0.00142871413846], [-2.82979672193e-05, -5.47742602066e-05, -0.000639848876745, 0.000178235844942, -0.00154662015848, 0.008185448125, -0.00430416222662, -0.000267073512077, 0.00159425998572, -0.00236203288659, 0.000138745788718, -0.000944041705225, -0.000188462247024], [-5.05543976033e-05, -0.000513081729878, -0.000559778010938, 0.000862994755153, 0.000903185456991, -0.00430416222662, 0.0119535783306, -0.00517744105309, -0.00069977826206, 0.00211520958692, -0.00280250189826, 0.000274294288829, -0.0011786055984], [-0.000151791042299, 0.000333183270413, 0.000591747346334, -0.00136098102666, -0.000319953920553, -0.000267073512077, -0.00517744105309, 0.0121799129993, -0.00233771721832, -0.0003500241437, 0.000773721258156, -0.00248337723315, -0.00036421554978], [3.7679936213e-05, -0.000374547176762, -0.00097058567917, 0.000530823715962, -0.00103515619412, 0.00159425998572, -0.00069977826206, -0.00233771721832, 0.0128939524293, -0.00370796606876, 0.000431642081821, 0.000976326409727, -0.00125048542395], [-0.000205684264074, -0.000154929250129, 0.000652391812764, -2.54028163909e-05, -0.000855774385855, -0.00236203288659, 0.00211520958692, -0.0003500241437, -0.00370796606876, 0.0144579419866, -0.00596973206848, 0.000127805193188, 0.000783158582635], [4.18742456532e-05, 0.00045131254592, -0.000234808991081, 0.000662661157548, -0.000693028676324, 0.000138745788718, -0.00280250189826, 0.000773721258156, 0.000431642081821, -0.00596973206848, 0.0184365753084, -0.00801965873688, 0.00214650155976], [-0.000194171632756, -0.000109716209408, -0.000293002958642, -0.000381295074476, 6.66187261231e-05, -0.000944041705225, 0.000274294288829, -0.00248337723315, 0.000976326409727, 0.000127805193188, -0.00801965873688, 0.0218528285623, -0.00687465211377], [9.26486882236e-06, -0.000383042352041, -0.000339154677931, 0.000400642165914, -0.00142871413846, -0.000188462247024, -0.0011786055984, -0.00036421554978, -0.00125048542395, 0.000783158582635, 0.00214650155976, -0.00687465211377, 0.0170199405402]]
    },
    "spectral_contrast_coeffs": {
        "mean": [-0.674220025539, -0.734393656254, -0.735965251923, -0.759889066219, -0.771771728992, -0.791724205017]
    },
    "spectral_contrast_valleys": {
        "mean": [-6.65776872635, -6.82796478271, -7.66561889648, -7.76027536392, -7.67384767532, -10.1728181839]
    }
},
"rhythm": {
    "beats_count": 545,
    "beats_loudness": {
        "mean": 0.0503599122167
    },
    "bpm": 138.902267456,
    "bpm_histogram_first_peak_bpm": 140,
    "bpm_histogram_first_peak_weight": 0.581497788429,
    "bpm_histogram_second_peak_bpm": 178,
    "bpm_histogram_second_peak_spread": 0,
    "bpm_histogram_second_peak_weight": 0.0404411777854,
    "danceability": 1.08700430393,
    "onset_rate": 4.61842775345,
    "beats_loudness_band_ratio": {
        "mean": [0.506476402283, 0.187658339739, 0.144867092371, 0.0775119513273, 0.0775900110602, 0.0528458729386]
    },
    "beats_position": [0.301859408617, 0.626938760281, 0.96362811327, 1.31192743778, 1.66022670269, 2.02013611794, 2.36843538284, 2.71673464775, 3.06503391266, 3.42494320869, 3.80807256699, 4.15637159348, 4.5046710968, 4.85297060013, 5.21287965775, 5.59600877762, 5.94430828094, 6.29260778427, 6.64090681076, 7.00081634521, 7.38394546509, 7.73224496841, 8.08054447174, 8.42884349823, 8.78875255585, 9.18349170685, 9.54340076447, 9.89170074463, 10.2399997711, 10.6115188599, 11.0062580109, 11.3661680222, 11.7144670486, 12.051156044, 12.387845993, 12.7245349884, 13.0612239838, 13.4095239639, 13.7694330215, 14.117732048, 14.4776411057, 14.8375511169, 15.1858501434, 15.5225391388, 15.8592290878, 16.1843090057, 16.50938797, 16.8576869965, 17.1943759918, 17.5310649872, 17.8677539825, 18.2044448853, 18.5411338806, 18.877822876, 19.2145118713, 19.5512008667, 19.8878898621, 20.2129707336, 20.549659729, 20.8863487244, 21.2230377197, 21.5597267151, 21.8964176178, 22.2331066132, 22.6858959198, 23.1270751953, 23.5682544708, 24.009431839, 24.4506111145, 24.89179039, 25.3213596344, 25.7509288788, 26.1921081543, 26.6216773987, 27.0512466431, 27.4808158875, 27.921995163, 28.3631744385, 28.804353714, 29.2339229584, 29.6751022339, 30.1278915405, 30.5574588776, 30.9870281219, 31.4282073975, 31.8577766418, 32.2873458862, 32.7169151306, 33.1580963135, 33.5992736816, 34.028842926, 34.4584121704, 34.8995895386, 35.329158783, 35.7587280273, 36.1999092102, 36.6410865784, 37.0822677612, 37.5234451294, 37.9646263123, 38.4058036804, 38.8469848633, 39.2765541077, 39.7061233521, 40.1473007202, 40.5884780884, 41.0296592712, 41.4592285156, 41.9004058838, 42.3531951904, 42.7943763733, 43.2355537415, 43.6767349243, 44.129524231, 44.5823135376, 45.0234909058, 45.4646720886, 45.9058494568, 46.347026825, 46.7882080078, 47.229385376, 47.6705665588, 48.111743927, 48.5529251099, 48.994102478, 49.4352836609, 49.8764610291, 50.3176422119, 50.7704315186, 51.2000007629, 51.6411781311, 52.0823554993, 52.5235366821, 52.9647140503, 53.4058952332, 53.8470726013, 54.2766418457, 54.7062110901, 55.1473922729, 55.5885696411, 56.0181388855, 56.4593200684, 56.8888893127, 57.3300666809, 57.7596359253, 58.1892051697, 58.6303825378, 59.0715637207, 59.5127410889, 59.9539222717, 60.3950996399, 60.8362808228, 61.2658500671, 61.7070274353, 62.1365966797, 62.5893859863, 63.0189552307, 63.4601364136, 63.9013137817, 64.3308868408, 64.7604522705, 65.2016296387, 65.6428070068, 66.0839920044, 66.5251693726, 66.9547348022, 67.3843078613, 67.8254852295, 68.2550582886, 68.6846237183, 69.1258010864, 69.566986084, 70.0081634521, 70.4377288818, 70.8673019409, 71.2852630615, 71.7032165527, 72.1444015503, 72.5855789185, 73.0267562866, 73.4447174072, 73.8858947754, 74.3270721436, 74.7682495117, 75.1978225708, 75.6273880005, 76.0569610596, 76.4865264893, 76.9044876099, 77.345664978, 77.7752380371, 78.2048034668, 78.6227645874, 79.040725708, 79.4586868286, 79.8766403198, 80.3062133789, 80.7357788086, 81.1537399292, 81.5717010498, 82.0012664795, 82.4308395386, 82.8487930298, 83.2667541504, 83.684715271, 84.1142807007, 84.5438537598, 84.9618148804, 85.3797683716, 85.7977294922, 86.2156906128, 86.6336517334, 87.0632171631, 87.4927902222, 87.9107437134, 88.328704834, 88.7466659546, 89.1762313843, 89.6058044434, 90.023765564, 90.4417190552, 90.8596801758, 91.2776412964, 91.695602417, 92.1251678467, 92.5547409058, 92.972694397, 93.3906555176, 93.8202285767, 94.2497940063, 94.667755127, 95.0857162476, 95.5036697388, 95.9332427979, 96.3628082275, 96.7807693481, 97.2103347778, 97.6399078369, 98.0578689575, 98.4758224487, 98.8937835693, 99.3233566284, 99.7529220581, 100.170883179, 100.588844299, 101.006797791, 101.424758911, 101.842720032, 102.272285461, 102.701858521, 103.119819641, 103.537773132, 103.955734253, 104.373695374, 104.791656494, 105.209609985, 105.627571106, 106.045532227, 106.463493347, 106.881446838, 107.299407959, 107.71736908, 108.1353302, 108.553283691, 108.971244812, 109.389205933, 109.807167053, 110.225120544, 110.643081665, 111.072654724, 111.502220154, 111.920181274, 112.338134766, 112.756095886, 113.174057007, 113.592018127, 114.009971619, 114.427932739, 114.84589386, 115.26385498, 115.681808472, 116.111381531, 116.54094696, 116.958908081, 117.376869202, 117.794830322, 118.212783813, 118.630744934, 119.048706055, 119.478271484, 119.907844543, 120.325805664, 120.766983032, 121.2081604, 121.637733459, 122.067298889, 122.508476257, 122.938049316, 123.367614746, 123.797187805, 124.226753235, 124.656326294, 125.085891724, 125.515464783, 125.945030212, 126.374603271, 126.804168701, 127.23374176, 127.66330719, 128.092880249, 128.522445679, 128.952011108, 129.35836792, 129.799545288, 130.252334595, 130.705123901, 131.14630127, 131.587478638, 132.005432129, 132.446624756, 132.887802124, 133.328979492, 133.758544922, 134.19972229, 134.62928772, 135.070480347, 135.511657715, 135.941223145, 136.370788574, 136.811965942, 137.253143311, 137.694335938, 138.123901367, 138.565078735, 138.994644165, 139.435821533, 139.876998901, 140.31817627, 140.759368896, 141.212158203, 141.641723633, 142.082901001, 142.512466431, 142.94203186, 143.383224487, 143.812789917, 144.242355347, 144.683532715, 145.113098145, 145.542678833, 145.983856201, 146.413421631, 146.842987061, 147.284164429, 147.713745117, 148.154922485, 148.584487915, 149.025665283, 149.455230713, 149.884811401, 150.302764893, 150.743942261, 151.17350769, 151.614685059, 152.044265747, 152.473831177, 152.903396606, 153.321365356, 153.750930786, 154.192108154, 154.633285522, 155.062850952, 155.492416382, 155.92199707, 156.3515625, 156.78112793, 157.210693359, 157.640274048, 158.058227539, 158.487792969, 158.917373657, 159.358551025, 159.788116455, 160.217681885, 160.647247314, 161.076828003, 161.506393433, 161.935958862, 162.37713623, 162.818313599, 163.247894287, 163.677459717, 164.118637085, 164.559814453, 164.977767944, 165.418960571, 165.848526001, 166.278091431, 166.719268799, 167.160446167, 167.590026855, 168.019592285, 168.449157715, 168.878723145, 169.319900513, 169.761077881, 170.190658569, 170.620223999, 171.049789429, 171.490966797, 171.920547485, 172.361724854, 172.802902222, 173.24407959, 173.67364502, 174.103210449, 174.544403076, 174.973968506, 175.403533936, 175.844711304, 176.285888672, 176.72706604, 177.168243408, 177.609436035, 178.039001465, 178.468566895, 178.909744263, 179.350921631, 179.780502319, 180.210067749, 180.651245117, 181.092422485, 181.533599854, 181.963165283, 182.392745972, 182.83392334, 183.275100708, 183.716278076, 184.145843506, 184.575408936, 185.004989624, 185.434555054, 185.875732422, 186.31690979, 186.758087158, 187.199264526, 187.640457153, 188.081634521, 188.511199951, 188.940765381, 189.381942749, 189.823120117, 190.264297485, 190.705490112, 191.135055542, 191.57623291, 192.00579834, 192.43536377, 192.864944458, 193.294509888, 193.724075317, 194.165252686, 194.594833374, 195.024398804, 195.465576172, 195.895141602, 196.324707031, 196.765899658, 197.207077026, 197.636642456, 198.066207886, 198.507385254, 198.936950684, 199.366531372, 199.796096802, 200.225662231, 200.6668396, 201.096420288, 201.525985718, 201.967163086, 202.408340454, 202.849517822, 203.29069519, 203.731872559, 204.161453247, 204.602630615, 205.032196045, 205.473373413, 205.914550781, 206.355728149, 206.796905518, 207.238098145, 207.679275513, 208.120452881, 208.550018311, 208.97958374, 209.420761108, 209.861953735, 210.303131104, 210.744308472, 211.18548584, 211.626663208, 212.067840576, 212.509017944, 212.938583374, 213.379776001, 213.809341431, 214.227294922, 214.66847229, 215.109649658, 215.550842285, 215.980407715, 216.409973145, 216.851150513, 217.280715942, 217.710296631, 218.151473999, 218.581039429, 219.010604858, 219.440170288, 219.869750977, 220.310928345, 220.752105713, 221.181671143, 221.611236572, 222.040817261, 222.47038269, 222.911560059, 223.352737427, 223.805526733, 224.25831604, 224.722717285, 225.18711853, 225.651519775, 226.104309082, 226.557098389, 227.009887695, 227.462677002, 227.927078247, 228.379852295, 228.84425354, 229.308654785, 229.77305603, 230.225845337, 230.690246582],
    "bpm_histogram": [0, 0, 0, 0, 0, 0, 0, 0, 0, 0, 0, 0, 0, 0, 0, 0, 0, 0, 0, 0, 0, 0, 0, 0, 0, 0, 0, 0, 0, 0, 0, 0, 0, 0, 0, 0, 0, 0, 0, 0, 0, 0, 0, 0, 0, 0, 0, 0, 0, 0, 0, 0, 0, 0, 0, 0, 0, 0, 0, 0, 0, 0, 0, 0, 0, 0, 0, 0, 0, 0, 0, 0, 0, 0, 0, 0, 0, 0, 0, 0, 0, 0, 0, 0, 0, 0, 0, 0, 0, 0, 0, 0, 0, 0, 0, 0, 0, 0, 0, 0, 0, 0, 0, 0, 0, 0, 0, 0, 0, 0, 0, 0, 0, 0, 0, 0, 0, 0, 0, 0, 0, 0, 0, 0, 0, 0, 0, 0, 0, 0.0147058824077, 0, 0, 0, 0.0330882370472, 0, 0, 0.334558814764, 0, 0, 0, 0.349264711142, 0, 0, 0, 0.150735288858, 0, 0, 0, 0.00183823530097, 0, 0, 0, 0.00367647060193, 0, 0, 0, 0, 0.00551470601931, 0, 0, 0, 0.00183823530097, 0, 0, 0, 0, 0, 0.0183823537081, 0, 0, 0, 0, 0.0386029407382, 0, 0, 0, 0, 0, 0.0404411777854, 0, 0, 0, 0, 0, 0, 0.00735294120386, 0, 0, 0, 0, 0, 0, 0, 0, 0, 0, 0, 0, 0, 0, 0, 0, 0, 0, 0, 0, 0, 0, 0, 0, 0, 0, 0, 0, 0, 0, 0, 0, 0, 0, 0, 0, 0, 0, 0, 0, 0, 0, 0, 0, 0, 0, 0, 0, 0, 0, 0, 0, 0, 0, 0, 0, 0, 0, 0, 0, 0, 0, 0, 0]
},
"tonal": {
    "chords_changes_rate": 0.0477815717459,
    "chords_number_rate": 0.00160610314924,
    "chords_strength": {
        "mean": 0.534604728222
    },
    "hpcp_crest": {
        "mean": 14.0343322754
    },
    "hpcp_entropy": {
        "mean": 1.91820144653
    },
    "key_edma": {
        "strength": 0.867866277695,
        "key": "F",
        "scale": "major"
    },
    "key_krumhansl": {
        "strength": 0.858271062374,
        "key": "F",
        "scale": "major"
    },
    "key_temperley": {
        "strength": 0.845312774181,
        "key": "F",
        "scale": "major"
    },
    "tuning_diatonic_strength": 0.643974483013,
    "tuning_equal_tempered_deviation": 0.0214224103838,
    "tuning_frequency": 440.254241943,
    "tuning_nontempered_energy_ratio": 0.659465134144,
    "hpcp": {
        "mean": [0.202767670155, 0.130994036794, 0.0792862847447, 0.0824563726783, 0.0707662254572, 0.0911906436086, 0.132770836353, 0.120917163789, 0.286243766546, 0.456557780504, 0.266098082066, 0.0823894813657, 0.0680456385016, 0.0646228790283, 0.104329876602, 0.167402639985, 0.13498108089, 0.0685564428568, 0.0571834333241, 0.0624203681946, 0.154190912843, 0.245629951358, 0.194294512272, 0.192674785852, 0.234442174435, 0.148491308093, 0.0695110112429, 0.0594388321042, 0.0604006052017, 0.147402063012, 0.253009110689, 0.169264867902, 0.0660379081964, 0.0631577149034, 0.0741801932454, 0.154973462224]
    },
    "chords_histogram": [24.8945999146, 17.3057613373, 36.6191520691, 4.21602106094, 5.54105615616, 0.240915477276, 0.26099178195, 0, 0.903433024883, 0.120457738638, 0.702670156956, 0, 0, 0, 0, 0, 0, 2.73037552834, 0.40152579546, 0.983738183975, 0, 1.40534031391, 0, 3.67396116257],
    "thpcp": [1, 0.582835495472, 0.180457949638, 0.149040579796, 0.141543701291, 0.228514075279, 0.366662561893, 0.295649498701, 0.150159403682, 0.125249058008, 0.136719539762, 0.337724864483, 0.538004100323, 0.425563901663, 0.422016203403, 0.513499438763, 0.32524099946, 0.15225020051, 0.130189061165, 0.132295638323, 0.322855234146, 0.554166674614, 0.370741397142, 0.144643053412, 0.138334542513, 0.162477120757, 0.33943888545, 0.444122701883, 0.286916673183, 0.173661008477, 0.180604457855, 0.154999494553, 0.199735164642, 0.290808409452, 0.264845252037, 0.626960635185],
    "chords_key": "C",
    "chords_scale": "major"
}
}