{
"metadata": {
    "version": {
        "essentia": "2.1-beta6-dev",
        "essentia_git_sha": "v2.1_beta5-1177-g1d1cc983",
        "extractor": "music 2.0"
    },
    "audio_properties": {
        "analysis": {
            "equal_loudness": 0,
            "length": 261.502166748,
            "sample_rate": 44100,
            "start_time": 0,
            "downmix": "mix"
        },
        "bit_rate": 1411200,
        "length": 261.502166748,
        "lossless": 1,
        "number_channels": 2,
        "replay_gain": -12.7105846405,
        "sample_rate": 44100,
        "codec": "pcm_s16le",
        "md5_encoded": "7c77aaaebe32bd2a78f21e99eee87265"
    },
    "tags": {
        "file_name": "01 - The Front Bottoms - End of summer (now I know).wav",
        "album": ["End of summer (now I know)"],
        "albumartist": ["The Front Bottoms"],
        "artist": ["The Front Bottoms"],
        "copyright": ["© 2018 Fueled By Ramen LLC for the United States and WEA International Inc. for the world outside of the United States. A Warner Music Group Company ℗ 2018 Fueled By Ramen LLC"],
        "date": ["2018"],
        "discnumber": ["1"],
        "disctotal": ["1"],
        "genre": ["Alternative & Indie"],
        "isrc": ["USAT21811511"],
        "title": ["End of summer (now I know)"],
        "tracknumber": ["1"],
        "tracktotal": ["1"]
    }
},
"lowlevel": {
    "average_loudness": 0.832233130932,
    "barkbands_crest": {
        "mean": 9.28677463531
    },
    "barkbands_flatness_db": {
        "mean": 0.145647466183
    },
    "barkbands_kurtosis": {
        "mean": 2.44553160667
    },
    "barkbands_skewness": {
        "mean": 1.22606492043
    },
    "barkbands_spread": {
        "mean": 20.3759346008
    },
    "dissonance": {
        "mean": 0.458405047655
    },
    "dynamic_complexity": 4.25705718994,
    "erbbands_crest": {
        "mean": 9.09984397888
    },
    "erbbands_flatness_db": {
        "mean": 0.185930088162
    },
    "erbbands_kurtosis": {
        "mean": 0.451924055815
    },
    "erbbands_skewness": {
        "mean": 0.091153845191
    },
    "erbbands_spread": {
        "mean": 30.3370800018
    },
    "hfc": {
        "mean": 19.7399272919
    },
    "loudness_ebu128": {
        "integrated": -10.1476135254,
        "loudness_range": 9.98478507996,
        "momentary": {
            "mean": -12.8917970657
        },
        "short_term": {
            "mean": -11.9960041046
        }
    },
    "melbands_crest": {
        "mean": 13.0688686371
    },
    "melbands_flatness_db": {
        "mean": 0.217528909445
    },
    "melbands_kurtosis": {
        "mean": 7.56566667557
    },
    "melbands_skewness": {
        "mean": 2.07615756989
    },
    "melbands_spread": {
        "mean": 23.9232387543
    },
    "pitch_salience": {
        "mean": 0.559383511543
    },
    "silence_rate_20dB": {
        "mean": 1
    },
    "silence_rate_30dB": {
        "mean": 0.993429839611
    },
    "silence_rate_60dB": {
        "mean": 0.132202789187
    },
    "spectral_centroid": {
        "mean": 1239.3416748
    },
    "spectral_complexity": {
        "mean": 21.0226402283
    },
    "spectral_decrease": {
        "mean": -7.21975590423e-09
    },
    "spectral_energy": {
        "mean": 0.0290393903852
    },
    "spectral_energyband_high": {
        "mean": 0.000441299140221
    },
    "spectral_energyband_low": {
        "mean": 0.0115716354921
    },
    "spectral_energyband_middle_high": {
        "mean": 0.00707943318412
    },
    "spectral_energyband_middle_low": {
        "mean": 0.012426989153
    },
    "spectral_entropy": {
        "mean": 7.3637881279
    },
    "spectral_flux": {
        "mean": 0.0803613513708
    },
    "spectral_kurtosis": {
        "mean": 9.94730091095
    },
    "spectral_rms": {
        "mean": 0.00473422231153
    },
    "spectral_rolloff": {
        "mean": 1501.17944336
    },
    "spectral_skewness": {
        "mean": 2.04340410233
    },
    "spectral_spread": {
        "mean": 3510328.75
    },
    "spectral_strongpeak": {
        "mean": 0.843406200409
    },
    "zerocrossingrate": {
        "mean": 0.0544264726341
    },
    "barkbands": {
        "mean": [0.000624928215984, 0.00601780461147, 0.00278289988637, 0.00370067195036, 0.00292603345588, 0.00152463722043, 0.00151989771985, 0.000778159534093, 0.00125904276501, 0.00139251176734, 0.000956135103479, 0.00106916064397, 0.000659490877297, 0.000553802412469, 0.000818632659502, 0.000526872347109, 0.000650112051517, 0.000355436030077, 0.000383200880606, 0.000141195501783, 7.73051724536e-05, 0.000102563652035, 7.19388190191e-05, 7.91143756942e-05, 3.75999879907e-05, 2.1420099074e-05, 8.23331993161e-06]
    },
    "erbbands": {
        "mean": [0.207566738129, 1.21354532242, 2.92836618423, 9.25642585754, 11.2727861404, 9.0102519989, 6.95134353638, 12.8761081696, 22.397108078, 21.3859062195, 19.3346443176, 27.5902671814, 48.3033332825, 35.3243713379, 40.9925994873, 44.8694801331, 33.3293876648, 29.0466747284, 34.2044181824, 43.4455833435, 32.572052002, 33.6918182373, 22.3615036011, 18.257440567, 16.709487915, 6.57247591019, 3.20132350922, 3.3205780983, 3.88728475571, 2.60461163521, 1.99572753906, 1.82715904713, 1.15109050274, 0.441515058279, 0.281552523375, 0.0984651818871, 0.038550991565, 0.0101956883445, 0.00144444382749, 0.000104093516711]
    },
    "gfcc": {
        "mean": [-33.4275436401, 111.147773743, -130.368301392, 13.1745548248, -45.0531234741, 4.91991949081, -39.5976142883, 4.70007562637, -24.0933170319, -8.96299743652, -13.8573036194, -3.90500211716, -12.1279716492],
        "cov": [[19391.3964844, -1425.46850586, 55.4014663696, 2364.40307617, 396.063537598, 1372.56530762, 411.388122559, 866.703369141, 65.6199417114, 210.169219971, -396.762908936, 169.202606201, -114.723495483], [-1425.46850586, 2041.5916748, -471.231964111, -519.815246582, 226.727630615, -440.126831055, -32.3350486755, -232.908081055, 38.5101928711, -155.76423645, 146.750671387, -145.112350464, 88.8661575317], [55.4014663696, -471.231964111, 941.899597168, 225.411499023, 107.813163757, 301.861877441, 41.1095046997, 144.101623535, 18.6242694855, 116.040855408, -15.0996904373, 126.936691284, -34.3756065369], [2364.40307617, -519.815246582, 225.411499023, 910.563659668, 176.488876343, 313.157470703, 163.53112793, 196.109100342, 89.6639938354, 80.0848617554, -83.4048156738, 32.6716651917, 16.6480121613], [396.063537598, 226.727630615, 107.813163757, 176.488876343, 361.140289307, 34.181060791, 121.813278198, 75.2878494263, 59.3590621948, 59.2563934326, -19.6973209381, 21.7231330872, 14.7344388962], [1372.56530762, -440.126831055, 301.861877441, 313.157470703, 34.181060791, 446.910583496, 134.427810669, 176.056121826, 18.3628253937, 58.4743423462, -12.022187233, 70.1960983276, -6.52571201324], [411.388122559, -32.3350486755, 41.1095046997, 163.53112793, 121.813278198, 134.427810669, 286.133514404, 85.0539398193, 25.8838710785, 25.0907478333, -38.3498306274, 30.1722183228, 2.90990900993], [866.703369141, -232.908081055, 144.101623535, 196.109100342, 75.2878494263, 176.056121826, 85.0539398193, 238.866607666, 68.6873092651, 65.0145568848, 1.69474470615, 52.1406898499, -0.362030535936], [65.6199417114, 38.5101928711, 18.6242694855, 89.6639938354, 59.3590621948, 18.3628253937, 25.8838710785, 68.6873092651, 126.181793213, 60.3706893921, 22.4828262329, 5.98661613464, 12.623840332], [210.169219971, -155.76423645, 116.040855408, 80.0848617554, 59.2563934326, 58.4743423462, 25.0907478333, 65.0145568848, 60.3706893921, 137.637664795, 17.601682663, 48.1984710693, -10.8866119385], [-396.762908936, 146.750671387, -15.0996904373, -83.4048156738, -19.6973209381, -12.022187233, -38.3498306274, 1.69474470615, 22.4828262329, 17.601682663, 119.31728363, 20.2713375092, 21.5098152161], [169.202606201, -145.112350464, 126.936691284, 32.6716651917, 21.7231330872, 70.1960983276, 30.1722183228, 52.1406898499, 5.98661613464, 48.1984710693, 20.2713375092, 118.246948242, 23.3723659515], [-114.723495483, 88.8661575317, -34.3756065369, 16.6480121613, 14.7344388962, -6.52571201324, 2.90990900993, -0.362030535936, 12.623840332, -10.8866119385, 21.5098152161, 23.3723659515, 80.2345275879]],
        "icov": [[0.000118161493447, -0.000123799254652, 0.000198224021005, -0.000280061300145, 4.43809403805e-05, -0.000316279882099, 0.000229007986491, -0.000270500138868, 0.00025834797998, -0.000157620568643, 0.000393855763832, -0.000296451617032, 0.000324442749843], [-0.000123799254652, 0.00145813578274, -8.80133375176e-05, 0.00086548429681, -0.00146620336454, 0.000735510431696, -0.000583875109442, 0.000956758216489, -0.00114959769417, 0.00158139469568, -0.0020280466415, 0.00136294949334, -0.00111262546852], [0.000198224021005, -8.80133375176e-05, 0.00203512934968, -0.000420275027864, -0.000575572659727, -0.00152504618745, 0.00101022981107, -0.000331299408572, 0.000455155444797, -0.000580945401452, 0.000857312465087, -0.00177478836849, 0.00142029952258], [-0.000280061300145, 0.00086548429681, -0.000420275027864, 0.00279563292861, -0.00119296601042, -0.000187198063941, -0.000686427927576, 0.000543211586773, -0.00177625915967, 0.000677198288031, -0.000234971943428, 0.00164363882504, -0.00193241680972], [4.43809403805e-05, -0.00146620336454, -0.000575572659727, -0.00119296601042, 0.00549487862736, 0.000574298435822, -0.00115272414405, -0.00132329575717, 0.000546702067368, -0.00257616792805, 0.00205911044031, -0.000715252943337, -1.7447540813e-05], [-0.000316279882099, 0.000735510431696, -0.00152504618745, -0.000187198063941, 0.000574298435822, 0.00592288561165, -0.00229930970818, -0.00130667269696, 0.000530875637196, 0.000665942498017, -0.00247825612314, 0.000914013478905, -0.00102269544732], [0.000229007986491, -0.000583875109442, 0.00101022981107, -0.000686427927576, -0.00115272414405, -0.00229930970818, 0.00578337814659, -0.00104630494025, 0.000264978792984, -0.000224279938266, 0.00269381608814, -0.00198656180874, 0.00114398298319], [-0.000270500138868, 0.000956758216489, -0.000331299408572, 0.000543211586773, -0.00132329575717, -0.00130667269696, -0.00104630494025, 0.00875087920576, -0.00437437556684, 0.00103463907726, -0.00176075776108, -0.000708539388143, 2.01231632673e-05], [0.00025834797998, -0.00114959769417, 0.000455155444797, -0.00177625915967, 0.000546702067368, 0.000530875637196, 0.000264978792984, -0.00437437556684, 0.0146829821169, -0.00671256147325, -0.000460885697976, 0.00205044471659, -0.00157503574155], [-0.000157620568643, 0.00158139469568, -0.000580945401452, 0.000677198288031, -0.00257616792805, 0.000665942498017, -0.000224279938266, 0.00103463907726, -0.00671256147325, 0.0145624587312, -0.00338613986969, -0.00334405177273, 0.00308769219555], [0.000393855763832, -0.0020280466415, 0.000857312465087, -0.000234971943428, 0.00205911044031, -0.00247825612314, 0.00269381608814, -0.00176075776108, -0.000460885697976, -0.00338613986969, 0.0144369341433, -0.0036690752022, -0.000648386892863], [-0.000296451617032, 0.00136294949334, -0.00177478836849, 0.00164363882504, -0.000715252943337, 0.000914013478905, -0.00198656180874, -0.000708539388143, 0.00205044471659, -0.00334405177273, -0.0036690752022, 0.0157103408128, -0.00712949596345], [0.000324442749843, -0.00111262546852, 0.00142029952258, -0.00193241680972, -1.7447540813e-05, -0.00102269544732, 0.00114398298319, 2.01231632673e-05, -0.00157503574155, 0.00308769219555, -0.000648386892863, -0.00712949596345, 0.0179652031511]]
    },
    "melbands": {
        "mean": [0.00177702028304, 0.001617932925, 0.00161966634914, 0.000718149472959, 0.000267013383564, 0.00031139908242, 0.00034174634493, 0.000210096506635, 0.000161372750881, 0.000179315713467, 0.000238992157392, 0.000137381372042, 0.000141536322189, 0.000123149889987, 9.89535619738e-05, 5.58204083063e-05, 5.41409826837e-05, 5.25588875462e-05, 5.52914170839e-05, 4.65170196549e-05, 3.91587636841e-05, 3.75626368623e-05, 2.54301103269e-05, 1.55170982907e-05, 1.45684734889e-05, 1.48460603668e-05, 8.11961126601e-06, 3.34275864589e-06, 1.95853704099e-06, 1.7578167899e-06, 1.98964175979e-06, 2.33291916629e-06, 1.74273668563e-06, 1.35245306865e-06, 1.1211840274e-06, 1.13188036721e-06, 1.12011957754e-06, 8.8357722916e-07, 5.38715767107e-07, 3.06092829305e-07]
    },
    "melbands128": {
        "mean": [0.000564255751669, 0.00173515209462, 0.00227437214926, 0.00190510123502, 0.00139130640309, 0.00144998275209, 0.00202949019149, 0.00164430076256, 0.00112163834274, 0.000690470915288, 0.00046312471386, 0.000328194262693, 0.000223454873776, 0.000181938419701, 0.000172455300344, 0.00051422911929, 0.000472337793326, 0.00024914756068, 0.000248262513196, 0.000302015454508, 0.000121284545457, 0.000136944130645, 0.000176534784259, 0.000163969380083, 0.000189817830687, 0.000132609173306, 0.000286006223178, 0.000311105744913, 0.00012795208022, 0.00015661244106, 0.000110602435598, 0.000154406501679, 0.00017536150699, 9.80276017799e-05, 0.000122439698316, 0.000134066707687, 0.000125951628434, 8.65170077304e-05, 0.000100772260339, 7.07371000317e-05, 3.56729542546e-05, 4.93756415381e-05, 5.33847196493e-05, 6.47350607323e-05, 3.79428129236e-05, 5.5780645198e-05, 6.54864925309e-05, 3.15324505209e-05, 6.19854399702e-05, 8.71359952725e-05, 2.9469414585e-05, 2.56258317677e-05, 3.80401725124e-05, 4.20248616138e-05, 5.14149905939e-05, 3.31163682858e-05, 3.23144522554e-05, 2.7420825063e-05, 2.33086793742e-05, 2.07312568818e-05, 1.5554138372e-05, 1.03430620584e-05, 1.39036383189e-05, 1.51226386151e-05, 1.74062042788e-05, 1.5544179405e-05, 1.39221074278e-05, 9.14800421015e-06, 7.27300084691e-06, 5.71012878936e-06, 3.26092367686e-06, 2.18829904952e-06, 2.06188587981e-06, 1.96947485165e-06, 1.74533136033e-06, 1.74872332082e-06, 1.78870345735e-06, 1.75953175585e-06, 1.96348719328e-06, 2.28047611017e-06, 2.3279992547e-06, 2.43296108238e-06, 2.17161596083e-06, 1.63890319982e-06, 1.42896283251e-06, 1.39066810334e-06, 1.34268941565e-06, 1.23935274132e-06, 1.04007131085e-06, 1.07502512492e-06, 1.20464972042e-06, 1.0600110727e-06, 1.18998843845e-06, 1.1526160506e-06, 1.08800747967e-06, 9.56615508585e-07, 8.70117901286e-07, 7.33518334073e-07, 5.73688907934e-07, 4.25091741363e-07, 3.29149855816e-07, 2.90163484351e-07, 2.71816418262e-07, 2.98594528658e-07, 4.7125328706e-07, 2.73660191397e-07, 1.831262324e-07, 1.69673029404e-07, 1.67019805986e-07, 1.49422405116e-07, 1.37865171723e-07, 1.28794383158e-07, 1.21480013604e-07, 1.17798236943e-07, 9.78554339781e-08, 8.91768152655e-08, 7.70992585331e-08, 6.39142783143e-08, 4.92383627204e-08, 3.6357477029e-08, 3.70602890598e-08, 5.13863511742e-08, 2.78818284016e-08, 1.08754178996e-08, 6.68727029307e-09, 6.03123773146e-09, 6.80054812463e-09, 8.36502156432e-09]
    },
    "mfcc": {
        "mean": [-673.282592773, 147.855453491, -21.9860057831, 12.230723381, 9.64590454102, -2.54619789124, -1.79183876514, 5.35471534729, -5.27576732635, -3.25595068932, -3.44696831703, -6.63681697845, -1.29519283772],
        "cov": [[15961.359375, -2309.56835938, 253.033340454, 1300.03149414, 475.680206299, 852.800048828, 636.951477051, 901.684631348, 664.027893066, 715.786865234, 187.906738281, 130.900650024, -34.5753631592], [-2309.56835938, 2207.66357422, -547.703979492, -246.35395813, -42.1029624939, -289.708190918, -135.321151733, -236.292800903, -164.565734863, -207.017272949, -29.2585639954, -59.6761398315, 23.73478508], [253.033340454, -547.703979492, 777.705383301, -3.27556204796, 138.772445679, 155.20614624, 81.6134490967, 122.297683716, 22.0399913788, 69.1787414551, 15.0092945099, 64.8082885742, 22.0361385345], [1300.03149414, -246.35395813, -3.27556204796, 553.571716309, 144.772537231, 162.052597046, 76.1848449707, 88.6239013672, 165.911376953, 101.570083618, 26.0395469666, 38.3811569214, 9.60445213318], [475.680206299, -42.1029624939, 138.772445679, 144.772537231, 277.759155273, 57.4884681702, 27.3831882477, 52.2601928711, 40.9780578613, 91.8232192993, 12.5847139359, 44.6691627502, 22.3364639282], [852.800048828, -289.708190918, 155.20614624, 162.052597046, 57.4884681702, 266.657531738, 128.9871521, 102.539802551, 104.329246521, 60.4602165222, 38.5546455383, 30.3333301544, 4.07073688507], [636.951477051, -135.321151733, 81.6134490967, 76.1848449707, 27.3831882477, 128.9871521, 202.775588989, 132.960113525, 83.0192489624, 43.4593467712, 32.776889801, 23.639131546, 7.87231874466], [901.684631348, -236.292800903, 122.297683716, 88.6239013672, 52.2601928711, 102.539802551, 132.960113525, 218.038253784, 101.110572815, 81.7645263672, 32.922542572, 31.0738296509, 20.0141086578], [664.027893066, -164.565734863, 22.0399913788, 165.911376953, 40.9780578613, 104.329246521, 83.0192489624, 101.110572815, 178.776702881, 77.680267334, 38.0522727966, 28.7538089752, 11.6477565765], [715.786865234, -207.017272949, 69.1787414551, 101.570083618, 91.8232192993, 60.4602165222, 43.4593467712, 81.7645263672, 77.680267334, 161.81338501, 48.1013145447, 43.149105072, 11.1816110611], [187.906738281, -29.2585639954, 15.0092945099, 26.0395469666, 12.5847139359, 38.5546455383, 32.776889801, 32.922542572, 38.0522727966, 48.1013145447, 103.942451477, 40.7224502563, 20.1028194427], [130.900650024, -59.6761398315, 64.8082885742, 38.3811569214, 44.6691627502, 30.3333301544, 23.639131546, 31.0738296509, 28.7538089752, 43.149105072, 40.7224502563, 96.3324890137, 36.0590934753], [-34.5753631592, 23.73478508, 22.0361385345, 9.60445213318, 22.3364639282, 4.07073688507, 7.87231874466, 20.0141086578, 11.6477565765, 11.1816110611, 20.1028194427, 36.0590934753, 87.6823959351]],
        "icov": [[0.00011192139209, 6.33746312815e-05, 9.757681255e-05, -0.000127947656438, -3.78168588213e-05, -0.000132053959533, -2.40051122091e-05, -0.000287071568891, 8.58054845594e-05, -0.000222033748287, 1.44877913044e-05, 6.54128671158e-05, 8.66100817802e-05], [6.33746312815e-05, 0.00075872807065, 0.000504812109284, 0.00014939684479, -0.000599468883593, 0.000316327612381, -0.000300551968394, 0.000191806117073, 2.91615615424e-05, 0.000659973884467, -0.000330038456013, 0.000107083615148, -0.000258801825112], [9.757681255e-05, 0.000504812109284, 0.00218656193465, 0.000566900649574, -0.00114988524001, -0.00109415466432, 0.000121516852232, -0.000906109926291, 0.000631364586297, 0.000234997103689, 0.00027049324126, -0.000774303742219, -2.75752991001e-05], [-0.000127947656438, 0.00014939684479, 0.000566900649574, 0.00335866515525, -0.00142928224523, -0.00108966324478, 0.000353235693183, 0.000574151112232, -0.00226379651576, 0.000281446060399, 0.000480936752865, -0.000354484596755, -4.89939156978e-05], [-3.78168588213e-05, -0.000599468883593, -0.00114988524001, -0.00142928224523, 0.00592908589169, -8.54504178278e-05, 0.000216852713493, -6.01742904109e-05, 0.000954026880208, -0.00311170145869, 0.00125725055113, -0.000951082736719, -0.000546290597413], [-0.000132053959533, 0.000316327612381, -0.00109415466432, -0.00108966324478, -8.54504178278e-05, 0.00771987019107, -0.00341355288401, 0.00102960760705, -0.00169542187359, 0.000805275863968, -0.00123960990459, 0.000213087900192, 0.000310566974804], [-2.40051122091e-05, -0.000300551968394, 0.000121516852232, 0.000353235693183, 0.000216852713493, -0.00341355288401, 0.0103674558923, -0.00513459416106, -0.000782892981078, 0.0010801529279, -0.000699657946825, -0.000497924629599, 0.000678521813825], [-0.000287071568891, 0.000191806117073, -0.000906109926291, 0.000574151112232, -6.01742904109e-05, 0.00102960760705, -0.00513459416106, 0.010914279148, -0.00285686273128, -0.0016681808047, 0.000326520559611, 0.00044121404062, -0.0017270934768], [8.58054845594e-05, 2.91615615424e-05, 0.000631364586297, -0.00226379651576, 0.000954026880208, -0.00169542187359, -0.000782892981078, -0.00285686273128, 0.0114406459033, -0.00260944315232, -0.000858610146679, -0.000213565901504, -0.000229025827139], [-0.000222033748287, 0.000659973884467, 0.000234997103689, 0.000281446060399, -0.00311170145869, 0.000805275863968, 0.0010801529279, -0.0016681808047, -0.00260944315232, 0.012460549362, -0.00356233958155, -0.00176131003536, 0.000981688965112], [1.44877913044e-05, -0.000330038456013, 0.00027049324126, 0.000480936752865, 0.00125725055113, -0.00123960990459, -0.000699657946825, 0.000326520559611, -0.000858610146679, -0.00356233958155, 0.0135911870748, -0.0041976980865, -0.00112144940067], [6.54128671158e-05, 0.000107083615148, -0.000774303742219, -0.000354484596755, -0.000951082736719, 0.000213087900192, -0.000497924629599, 0.00044121404062, -0.000213565901504, -0.00176131003536, -0.0041976980865, 0.015831110999, -0.00488849589601], [8.66100817802e-05, -0.000258801825112, -2.75752991001e-05, -4.89939156978e-05, -0.000546290597413, 0.000310566974804, 0.000678521813825, -0.0017270934768, -0.000229025827139, 0.000981688965112, -0.00112144940067, -0.00488849589601, 0.014152075164]]
    },
    "spectral_contrast_coeffs": {
        "mean": [-0.681844651699, -0.728543996811, -0.750707089901, -0.781741082668, -0.760279595852, -0.782398760319]
    },
    "spectral_contrast_valleys": {
        "mean": [-7.09207344055, -6.98841905594, -7.32725191116, -7.61222982407, -8.0933599472, -10.9614467621]
    }
},
"rhythm": {
    "beats_count": 521,
    "beats_loudness": {
        "mean": 0.0438993349671
    },
    "bpm": 120.023246765,
    "bpm_histogram_first_peak_bpm": 120,
    "bpm_histogram_first_peak_weight": 0.229703009129,
    "bpm_histogram_second_peak_bpm": 115,
    "bpm_histogram_second_peak_spread": 0.25,
    "bpm_histogram_second_peak_weight": 0.011538461782,
    "danceability": 1.10782027245,
    "onset_rate": 3.29235744476,
    "beats_loudness_band_ratio": {
        "mean": [0.485622018576, 0.182671770453, 0.175805553794, 0.121537737548, 0.0826293751597, 0.0318253263831]
    },
    "beats_position": [0.487619042397, 0.986848056316, 1.48607707024, 1.98530614376, 2.48453521729, 2.97215414047, 3.45977306366, 3.95900225639, 4.45823097229, 4.95746040344, 5.45668935776, 5.94430828094, 6.44353723526, 6.94276618958, 7.44199514389, 7.95283412933, 8.45206356049, 8.95129203796, 9.45052146912, 9.94974994659, 10.4489793777, 10.95981884, 11.4590473175, 11.9582767487, 12.4575052261, 12.9567346573, 13.4559631348, 13.9551925659, 14.4544210434, 14.9536504745, 15.4412698746, 15.9404983521, 16.4397277832, 16.9389572144, 17.4381847382, 17.9374141693, 18.4366436005, 18.9358730316, 19.4467124939, 19.9575500488, 20.45677948, 20.9560089111, 21.4552383423, 21.9544658661, 22.4536952972, 22.9529247284, 23.4521541595, 23.9513835907, 24.4506111145, 24.9382305145, 25.4374599457, 25.9366893768, 26.435918808, 26.9351463318, 27.4343757629, 27.9336051941, 28.4444446564, 28.9436721802, 29.4429016113, 29.9537410736, 30.4645805359, 30.9638080597, 31.4630374908, 31.962266922, 32.4614944458, 32.960723877, 33.4599533081, 33.9591827393, 34.4584121704, 34.9460296631, 35.4452590942, 35.9444885254, 36.455329895, 36.9545555115, 37.4537849426, 37.9530143738, 38.4522438049, 38.9514732361, 39.4507026672, 39.9499320984, 40.4491615295, 40.9483909607, 41.4476165771, 41.9468460083, 42.4460754395, 42.9453048706, 43.4445343018, 43.9553718567, 44.4546012878, 44.953830719, 45.4646720886, 45.9638977051, 46.4631271362, 46.9623565674, 47.4615859985, 47.9608154297, 48.4600448608, 48.959274292, 49.4585037231, 49.9577331543, 50.4569587708, 50.9561882019, 51.4554176331, 51.9546470642, 52.4538764954, 52.9531059265, 53.4523353577, 53.9515647888, 54.45079422, 54.9500198364, 55.4492492676, 55.9484786987, 56.4477081299, 56.946937561, 57.4461669922, 57.9337844849, 58.433013916, 58.9438552856, 59.4430847168, 59.9423103333, 60.4415397644, 60.9407691956, 61.4399986267, 61.9508361816, 62.4616775513, 62.9725151062, 63.4717445374, 63.9709739685, 64.4585952759, 64.957824707, 65.4570541382, 65.9562835693, 66.4555053711, 66.9547348022, 67.4539642334, 67.9415893555, 68.4524230957, 68.9516525269, 69.450881958, 69.9384994507, 70.4493408203, 70.9485702515, 71.4477996826, 71.9470291138, 72.4462585449, 72.9454879761, 73.4447174072, 73.9555511475, 74.4547805786, 74.9540100098, 75.4532394409, 75.9524688721, 76.4516983032, 76.9509277344, 77.4501571655, 77.9493865967, 78.4602279663, 78.9710617065, 79.4586868286, 79.9579086304, 80.4571380615, 80.9563674927, 81.4555969238, 81.954826355, 82.4540557861, 82.9648971558, 83.4525146484, 83.9517440796, 84.4509735107, 84.9502029419, 85.449432373, 85.9486618042, 86.4478912354, 86.9587249756, 87.4695663452, 87.9687957764, 88.4680252075, 88.9672546387, 89.4664840698, 89.9541015625, 90.4533309937, 90.9525604248, 91.451789856, 91.9510192871, 92.4502487183, 92.9494781494, 93.4487075806, 93.9479370117, 94.4471664429, 94.946395874, 95.4572296143, 95.9564590454, 96.4556884766, 96.9665298462, 97.4541473389, 97.9649887085, 98.4642181396, 98.9634475708, 99.4510650635, 99.9619064331, 100.461128235, 100.960357666, 101.459587097, 101.958816528, 102.469657898, 102.957275391, 103.456504822, 103.955734253, 104.466575623, 104.954193115, 105.453422546, 105.952651978, 106.451881409, 106.95111084, 107.438728333, 107.937957764, 108.437187195, 108.948028564, 109.458862305, 109.969703674, 110.468933105, 110.968162537, 111.467391968, 111.966621399, 112.46585083, 112.965080261, 113.464309692, 113.963539124, 114.451156616, 114.950386047, 115.449615479, 115.960449219, 116.471290588, 116.97052002, 117.469749451, 117.968978882, 118.468208313, 118.967437744, 119.466667175, 119.965896606, 120.465126038, 120.964347839, 121.463577271, 121.951202393, 122.462036133, 122.961265564, 123.460494995, 123.959724426, 124.458953857, 124.958183289, 125.45741272, 125.956642151, 126.455871582, 126.955101013, 127.454330444, 127.953559875, 128.452789307, 128.963623047, 129.462860107, 129.962081909, 130.46131897, 130.960540771, 131.459777832, 131.958999634, 132.458221436, 132.957458496, 133.456680298, 133.955917358, 134.45513916, 134.954376221, 135.453598022, 135.952835083, 136.463668823, 136.951293945, 137.450515747, 137.949752808, 138.448974609, 138.94821167, 139.435821533, 139.946670532, 140.445892334, 140.945129395, 141.444351196, 141.943572998, 142.454421997, 142.953643799, 143.452880859, 143.9637146, 144.46295166, 144.962173462, 145.461410522, 145.960632324, 146.471466064, 146.970703125, 147.469924927, 147.980773926, 148.468383789, 148.96762085, 149.466842651, 149.966079712, 150.465301514, 150.964538574, 151.463760376, 151.962997437, 152.462219238, 152.96144104, 153.460678101, 153.959899902, 154.459136963, 154.958358765, 155.457595825, 155.956817627, 156.456054688, 156.955276489, 157.45451355, 157.96534729, 158.464584351, 158.963806152, 159.463043213, 159.962265015, 160.473098755, 160.972335815, 161.471557617, 161.959182739, 162.470016479, 162.96925354, 163.468475342, 163.967712402, 164.466934204, 164.966171265, 165.465393066, 165.964630127, 166.463851929, 166.96307373, 167.462310791, 167.961532593, 168.460769653, 168.959991455, 169.459228516, 169.970062256, 170.469299316, 170.968521118, 171.467758179, 171.96697998, 172.466217041, 172.965438843, 173.453063965, 173.952285767, 174.451522827, 174.962356567, 175.473190308, 175.972427368, 176.47164917, 176.97088623, 177.470108032, 177.957733154, 178.456954956, 178.956192017, 179.455413818, 179.966262817, 180.477096558, 180.987930298, 181.487167358, 181.974777222, 182.462402344, 182.961624146, 183.460861206, 183.971694946, 184.459320068, 184.95854187, 185.457778931, 185.968612671, 186.456237793, 186.967071533, 187.466293335, 187.965530396, 188.464752197, 188.963989258, 189.46321106, 189.96244812, 190.461669922, 190.960906982, 191.460128784, 191.970977783, 192.470199585, 192.969436646, 193.468658447, 193.956283569, 194.455505371, 194.954742432, 195.453964233, 195.953201294, 196.464035034, 196.963256836, 197.462493896, 197.95010376, 198.460952759, 198.960174561, 199.459411621, 199.970245361, 200.457870483, 200.957092285, 201.456329346, 201.955551147, 202.454788208, 202.965621948, 203.46484375, 203.964080811, 204.474914551, 204.974151611, 205.473373413, 205.972610474, 206.471832275, 206.971069336, 207.470291138, 207.95791626, 208.457138062, 208.956375122, 209.455596924, 209.954818726, 210.465667725, 210.964889526, 211.464126587, 211.963348389, 212.462585449, 212.961807251, 213.461044312, 213.948654175, 214.459503174, 214.958724976, 215.457962036, 215.957183838, 216.45640564, 216.967254639, 217.46647644, 217.965713501, 218.464935303, 218.964172363, 219.451782227, 219.962631226, 220.461853027, 220.961090088, 221.46031189, 221.95954895, 222.47038269, 222.981216431, 223.480453491, 223.979675293, 224.467300415, 224.966522217, 225.465759277, 225.988204956, 226.510650635, 227.033096313, 227.555557251, 228.089614868, 228.623672485, 229.169342041, 229.69178772, 230.214233398, 230.713470459, 231.212692261, 231.711929321, 232.222763062, 232.733596802, 233.314102173, 233.882995605, 234.451873779, 234.962722778, 235.46194458, 235.961181641, 236.460403442, 236.959625244, 237.458862305, 237.958084106, 238.457321167, 238.956542969, 239.455780029, 239.955001831, 240.454238892, 240.953460693, 241.452697754, 241.951919556, 242.462768555, 242.973602295, 243.472824097, 243.972061157, 244.471282959, 244.97052002, 245.469741821, 245.968978882, 246.468200684, 246.967437744, 247.466659546, 247.965896606, 248.465118408, 248.964355469, 249.463577271, 249.962814331, 250.462036133, 250.961257935, 251.460494995, 251.959716797, 252.458953857, 252.958175659, 253.45741272, 253.956634521, 254.455871582, 254.966705322, 255.465942383, 255.930328369, 256.394744873, 256.859130859, 257.346740723, 257.834381104, 258.321990967, 258.80960083, 259.297241211, 259.808074951, 260.318908691, 260.829742432],
    "bpm_histogram": [0, 0, 0, 0, 0, 0, 0, 0, 0, 0, 0, 0, 0, 0, 0, 0, 0, 0, 0, 0, 0, 0, 0, 0, 0, 0, 0, 0, 0, 0, 0, 0, 0, 0, 0, 0, 0, 0, 0, 0, 0, 0, 0, 0, 0, 0, 0, 0, 0, 0, 0, 0, 0, 0, 0, 0, 0, 0, 0, 0, 0, 0, 0, 0, 0, 0, 0, 0, 0, 0, 0, 0, 0, 0, 0, 0, 0, 0, 0, 0, 0, 0, 0, 0, 0, 0, 0, 0, 0, 0, 0, 0, 0, 0, 0, 0, 0, 0, 0, 0, 0, 0, 0, 0.00192307692487, 0, 0.00384615384974, 0, 0, 0, 0, 0.00192307692487, 0, 0.00384615384974, 0, 0, 0.011538461782, 0, 0.142307698727, 0, 0, 0.748076915741, 0, 0, 0.0807692334056, 0, 0, 0, 0, 0, 0.00576923089102, 0, 0, 0, 0, 0, 0, 0, 0, 0, 0, 0, 0, 0, 0, 0, 0, 0, 0, 0, 0, 0, 0, 0, 0, 0, 0, 0, 0, 0, 0, 0, 0, 0, 0, 0, 0, 0, 0, 0, 0, 0, 0, 0, 0, 0, 0, 0, 0, 0, 0, 0, 0, 0, 0, 0, 0, 0, 0, 0, 0, 0, 0, 0, 0, 0, 0, 0, 0, 0, 0, 0, 0, 0, 0, 0, 0, 0, 0, 0, 0, 0, 0, 0, 0, 0, 0, 0, 0, 0, 0, 0, 0, 0, 0, 0, 0, 0, 0, 0, 0, 0, 0, 0, 0, 0, 0, 0, 0, 0, 0, 0, 0, 0, 0, 0, 0, 0, 0, 0, 0]
},
"tonal": {
    "chords_changes_rate": 0.0537997148931,
    "chords_number_rate": 0.001953125,
    "chords_strength": {
        "mean": 0.536888718605
    },
    "hpcp_crest": {
        "mean": 13.1789493561
    },
    "hpcp_entropy": {
        "mean": 2.06954836845
    },
    "key_edma": {
        "strength": 0.746699154377,
        "key": "G",
        "scale": "major"
    },
    "key_krumhansl": {
        "strength": 0.755088627338,
        "key": "G",
        "scale": "major"
    },
    "key_temperley": {
        "strength": 0.760139226913,
        "key": "G",
        "scale": "major"
    },
    "tuning_diatonic_strength": 0.642146587372,
    "tuning_equal_tempered_deviation": 0.259065151215,
    "tuning_frequency": 434.193115234,
    "tuning_nontempered_energy_ratio": 0.947743535042,
    "hpcp": {
        "mean": [0.187966972589, 0.210878223181, 0.106218770146, 0.053861297667, 0.0578630007803, 0.10521838814, 0.223622381687, 0.237112030387, 0.140473172069, 0.143923833966, 0.13385437429, 0.0730149745941, 0.0740850120783, 0.0825361311436, 0.0791438147426, 0.163781896234, 0.232637822628, 0.188678845763, 0.165047958493, 0.140256583691, 0.107013866305, 0.164947345853, 0.187946990132, 0.114893443882, 0.066749446094, 0.050361212343, 0.0482590161264, 0.0865822210908, 0.106736652553, 0.113179966807, 0.308160185814, 0.367914557457, 0.161147773266, 0.0687453895807, 0.0653268098831, 0.0863682106137]
    },
    "chords_histogram": [40.3053970337, 6.03693199158, 3.37357950211, 0.83451706171, 3.49786925316, 0, 0.941051125526, 1.171875, 3.46235799789, 0, 0, 0, 0, 0.0177556816489, 0, 3.39133524895, 3.81747150421, 0.53267043829, 0, 0, 0, 5.04261350632, 4.93607950211, 22.6384944916],
    "thpcp": [1, 0.438003242016, 0.186851501465, 0.177559733391, 0.23475073278, 0.510898411274, 0.57317173481, 0.288704991341, 0.14639621973, 0.157272934914, 0.285985946655, 0.607810616493, 0.64447581768, 0.381809234619, 0.391188204288, 0.363819181919, 0.198456332088, 0.201364725828, 0.224335044622, 0.215114653111, 0.445162862539, 0.632314801216, 0.512833297253, 0.448604047298, 0.381220519543, 0.290866076946, 0.448330581188, 0.510844111443, 0.312282949686, 0.181426495314, 0.136882901192, 0.131169080734, 0.235332414508, 0.290112614632, 0.307625681162, 0.837586283684],
    "chords_key": "G",
    "chords_scale": "major"
}
}