{
"metadata": {
    "version": {
        "essentia": "2.1-beta6-dev",
        "essentia_git_sha": "v2.1_beta5-1177-g1d1cc983",
        "extractor": "music 2.0"
    },
    "audio_properties": {
        "analysis": {
            "equal_loudness": 0,
            "length": 223.858596802,
            "sample_rate": 44100,
            "start_time": 0,
            "downmix": "mix"
        },
        "bit_rate": 1411200,
        "length": 223.858596802,
        "lossless": 1,
        "number_channels": 2,
        "replay_gain": -13.9094104767,
        "sample_rate": 44100,
        "codec": "pcm_s16le",
        "md5_encoded": "e73754c42da78bdd851b03ea09ef44cd"
    },
    "tags": {
        "file_name": "12 - The Front Bottoms - Everything I Own.wav",
        "album": ["Talon Of The Hawk"],
        "albumartist": ["The Front Bottoms"],
        "artist": ["The Front Bottoms"],
        "copyright": ["2013 Bar None Records 2013 Bar None Records"],
        "date": ["2013"],
        "discnumber": ["1"],
        "disctotal": ["1"],
        "genre": ["Rock"],
        "isrc": ["US37V1322212"],
        "title": ["Everything I Own"],
        "tracknumber": ["12"],
        "tracktotal": ["12"]
    }
},
"lowlevel": {
    "average_loudness": 0.973368048668,
    "barkbands_crest": {
        "mean": 10.2373838425
    },
    "barkbands_flatness_db": {
        "mean": 0.134391844273
    },
    "barkbands_kurtosis": {
        "mean": 9.95884418488
    },
    "barkbands_skewness": {
        "mean": 2.18074154854
    },
    "barkbands_spread": {
        "mean": 18.676820755
    },
    "dissonance": {
        "mean": 0.464177370071
    },
    "dynamic_complexity": 2.14143633842,
    "erbbands_crest": {
        "mean": 7.39565753937
    },
    "erbbands_flatness_db": {
        "mean": 0.121074952185
    },
    "erbbands_kurtosis": {
        "mean": 0.0961259528995
    },
    "erbbands_skewness": {
        "mean": 0.376559585333
    },
    "erbbands_spread": {
        "mean": 50.5313796997
    },
    "hfc": {
        "mean": 24.0867938995
    },
    "loudness_ebu128": {
        "integrated": -7.94760704041,
        "loudness_range": 2.51886081696,
        "momentary": {
            "mean": -8.90992259979
        },
        "short_term": {
            "mean": -8.19622516632
        }
    },
    "melbands_crest": {
        "mean": 15.0702781677
    },
    "melbands_flatness_db": {
        "mean": 0.221761479974
    },
    "melbands_kurtosis": {
        "mean": 79.3586730957
    },
    "melbands_skewness": {
        "mean": 3.83806085587
    },
    "melbands_spread": {
        "mean": 15.9358863831
    },
    "pitch_salience": {
        "mean": 0.56094533205
    },
    "silence_rate_20dB": {
        "mean": 1
    },
    "silence_rate_30dB": {
        "mean": 0.966396987438
    },
    "silence_rate_60dB": {
        "mean": 0.0228168424219
    },
    "spectral_centroid": {
        "mean": 1029.4855957
    },
    "spectral_complexity": {
        "mean": 20.9830951691
    },
    "spectral_decrease": {
        "mean": -1.23678427499e-08
    },
    "spectral_energy": {
        "mean": 0.0488637275994
    },
    "spectral_energyband_high": {
        "mean": 0.00103603245225
    },
    "spectral_energyband_low": {
        "mean": 0.0254547540098
    },
    "spectral_energyband_middle_high": {
        "mean": 0.00487765017897
    },
    "spectral_energyband_middle_low": {
        "mean": 0.0205705799162
    },
    "spectral_entropy": {
        "mean": 7.57009601593
    },
    "spectral_flux": {
        "mean": 0.109178066254
    },
    "spectral_kurtosis": {
        "mean": 4.6238193512
    },
    "spectral_rms": {
        "mean": 0.00659135682508
    },
    "spectral_rolloff": {
        "mean": 1016.70159912
    },
    "spectral_skewness": {
        "mean": 1.67827355862
    },
    "spectral_spread": {
        "mean": 5552112
    },
    "spectral_strongpeak": {
        "mean": 0.684401929379
    },
    "zerocrossingrate": {
        "mean": 0.0569939464331
    },
    "barkbands": {
        "mean": [0.000292215147056, 0.0110541861504, 0.0111455786973, 0.00555851077661, 0.00803628563881, 0.00227855425328, 0.00191903568339, 0.00153300748207, 0.00103368377313, 0.00110954476986, 0.000554755795747, 0.000636951532215, 0.000461936171632, 0.000391957873944, 0.000401291210437, 0.000436259520939, 0.000324214895954, 0.000269091222435, 0.000265761249466, 0.000242670648731, 0.000201568895136, 0.000108587002615, 0.000151328800712, 0.000197160537937, 0.00015200197231, 8.77438869793e-05, 1.92160641745e-05]
    },
    "erbbands": {
        "mean": [0.220185577869, 2.88419914246, 12.0468263626, 16.7790908813, 25.2852745056, 23.790643692, 22.2651042938, 17.9399185181, 24.3186721802, 31.3269805908, 31.3869361877, 21.2651443481, 34.1740226746, 29.0035457611, 24.1972827911, 22.7335739136, 20.8921985626, 19.1025867462, 18.9114456177, 24.6351032257, 23.5626220703, 19.578332901, 15.1159191132, 12.4291858673, 14.7688417435, 10.5617570877, 9.59473323822, 6.55291318893, 3.86402535439, 4.14797830582, 4.34735298157, 4.21554756165, 3.09456014633, 1.86469984055, 1.01765453815, 0.530816435814, 0.118383012712, 0.0232322774827, 0.00358134158887, 0.000198287874809]
    },
    "gfcc": {
        "mean": [32.8553123474, 88.3267288208, -87.120803833, 30.9768238068, -49.4325790405, 10.8389949799, -38.5978927612, 8.97220420837, -25.7952594757, -0.135826408863, -19.3453083038, -4.41363286972, -11.6044054031],
        "cov": [[14834.1904297, 588.702575684, -634.590332031, 586.942382812, -420.083282471, 115.455841064, -314.841308594, 194.201919556, -518.547302246, 68.0645446777, -400.280822754, 117.766464233, -218.60559082], [588.702575684, 1256.05688477, -447.328186035, -79.8338317871, 38.3603286743, -139.236236572, 35.2880973816, 1.60536813736, 31.0550441742, -91.8539276123, 49.9967422485, -63.4548034668, 20.4052867889], [-634.590332031, -447.328186035, 627.442993164, 44.031993866, 44.459815979, 77.4296646118, 20.6154880524, -6.25905323029, -0.460544228554, 88.0535583496, -26.6695728302, 64.2766799927, 9.26234912872], [586.942382812, -79.8338317871, 44.031993866, 365.053070068, 19.5289268494, 28.2953243256, -28.9591789246, 15.6844406128, 39.049030304, 19.1998519897, -9.12141704559, -4.17747211456, 10.1962337494], [-420.083282471, 38.3603286743, 44.459815979, 19.5289268494, 214.362594604, 17.1333351135, 25.6778316498, 26.6228084564, 52.7191925049, 19.403963089, 4.94550323486, 12.3588685989, 3.06607317924], [115.455841064, -139.236236572, 77.4296646118, 28.2953243256, 17.1333351135, 187.803115845, 66.6014938354, 1.54616701603, -13.9437074661, 41.5286026001, 13.234205246, 13.4637975693, 5.35304641724], [-314.841308594, 35.2880973816, 20.6154880524, -28.9591789246, 25.6778316498, 66.6014938354, 151.034973145, 19.3380508423, 0.378312587738, 0.46421957016, 31.2955284119, 12.1593427658, 5.67231607437], [194.201919556, 1.60536813736, -6.25905323029, 15.6844406128, 26.6228084564, 1.54616701603, 19.3380508423, 111.794418335, 27.159992218, -2.53176689148, 0.786336302757, 17.3168811798, 3.84293103218], [-518.547302246, 31.0550441742, -0.460544228554, 39.049030304, 52.7191925049, -13.9437074661, 0.378312587738, 27.159992218, 124.405830383, 23.6360263824, 11.5815296173, -18.1759033203, 14.8085699081], [68.0645446777, -91.8539276123, 88.0535583496, 19.1998519897, 19.403963089, 41.5286026001, 0.46421957016, -2.53176689148, 23.6360263824, 94.2907104492, 4.09857940674, 12.9534158707, -6.75432109833], [-400.280822754, 49.9967422485, -26.6695728302, -9.12141704559, 4.94550323486, 13.234205246, 31.2955284119, 0.786336302757, 11.5815296173, 4.09857940674, 86.3944015503, 13.5335054398, 4.86755990982], [117.766464233, -63.4548034668, 64.2766799927, -4.17747211456, 12.3588685989, 13.4637975693, 12.1593427658, 17.3168811798, -18.1759033203, 12.9534158707, 13.5335054398, 72.6409072876, 13.8309745789], [-218.60559082, 20.4052867889, 9.26234912872, 10.1962337494, 3.06607317924, 5.35304641724, 5.67231607437, 3.84293103218, 14.8085699081, -6.75432109833, 4.86755990982, 13.8309745789, 59.72082901]],
        "icov": [[0.000207832563319, -0.000245323899435, 0.000258482934441, -0.000415548565798, 0.000352604984073, -0.000366112071788, 0.000364020525012, -0.000548732466996, 0.000800750567578, -0.000564407149795, 0.00104738597292, -0.000757038069423, 0.000718458613846], [-0.000245323899435, 0.0015548862284, 0.00044912827434, 0.000573921308387, -0.000874828489032, 0.00131737464108, -0.00107229221612, 0.000754171342123, -0.000794447143562, 0.00072415638715, -0.0016948004486, 0.00158197071869, -0.00156610796694], [0.000258482934441, 0.00044912827434, 0.00290061929263, -0.000629893038422, -2.34042163356e-05, -0.000283746689092, -0.000217041451833, -0.000115783121146, 0.00100303033832, -0.00220007146709, 0.00220784195699, -0.00234781601466, 0.000371332687791], [-0.000415548565798, 0.000573921308387, -0.000629893038422, 0.00386548950337, -0.000775348511524, -4.22335288022e-05, 0.000223054667003, 0.000720514392015, -0.0024989459198, 0.00119918189012, -0.00197617476806, 0.0017559339758, -0.00179374334402], [0.000352604984073, -0.000874828489032, -2.34042163356e-05, -0.000775348511524, 0.00634480966255, -0.00127160234842, 0.000102929974673, -0.00132298481185, -0.0013803440379, -0.00089123431826, 0.00242123240605, -0.00298555684276, 0.00232477439567], [-0.000366112071788, 0.00131737464108, -0.000283746689092, -4.22335288022e-05, -0.00127160234842, 0.00909313932061, -0.00453809648752, 0.000934896641411, 0.00105473853182, -0.00264743412845, -0.0025231577456, 0.00286397896707, -0.00313652632758], [0.000364020525012, -0.00107229221612, -0.000217041451833, 0.000223054667003, 0.000102929974673, -0.00453809648752, 0.010224933736, -0.00245356047526, 0.00117091590073, 0.000781718816143, -0.000754425302148, -0.00161976262461, 0.00151732156519], [-0.000548732466996, 0.000754171342123, -0.000115783121146, 0.000720514392015, -0.00132298481185, 0.000934896641411, -0.00245356047526, 0.0122794192284, -0.00542315421626, 0.00298052327707, -0.00124629598577, -0.00230953842402, -0.000626059423666], [0.000800750567578, -0.000794447143562, 0.00100303033832, -0.0024989459198, -0.0013803440379, 0.00105473853182, 0.00117091590073, -0.00542315421626, 0.0161592550576, -0.00685063330457, 0.00148485228419, 0.00348609988578, -0.00202235183679], [-0.000564407149795, 0.00072415638715, -0.00220007146709, 0.00119918189012, -0.00089123431826, -0.00264743412845, 0.000781718816143, 0.00298052327707, -0.00685063330457, 0.0171195231378, -0.00326305720955, -0.00117814925034, 0.00201378250495], [0.00104738597292, -0.0016948004486, 0.00220784195699, -0.00197617476806, 0.00242123240605, -0.0025231577456, -0.000754425302148, -0.00124629598577, 0.00148485228419, -0.00326305720955, 0.0194209758192, -0.00824074354023, 0.00425002817065], [-0.000757038069423, 0.00158197071869, -0.00234781601466, 0.0017559339758, -0.00298555684276, 0.00286397896707, -0.00161976262461, -0.00230953842402, 0.00348609988578, -0.00117814925034, -0.00824074354023, 0.0236561484635, -0.00885288883001], [0.000718458613846, -0.00156610796694, 0.000371332687791, -0.00179374334402, 0.00232477439567, -0.00313652632758, 0.00151732156519, -0.000626059423666, -0.00202235183679, 0.00201378250495, 0.00425002817065, -0.00885288883001, 0.0226492807269]]
    },
    "melbands": {
        "mean": [0.00250454735942, 0.00543831801042, 0.00316986464895, 0.00183513539378, 0.000818066240754, 0.000410431239288, 0.000381112477044, 0.000358892430086, 0.000228270189837, 0.000138615723699, 0.00017821144138, 0.000126901213662, 7.52951600589e-05, 7.9231474956e-05, 4.12177505495e-05, 5.23111848452e-05, 3.26768422383e-05, 3.06683868985e-05, 3.44691034115e-05, 3.11725343636e-05, 2.63063302555e-05, 2.06662298297e-05, 1.63082168001e-05, 1.12291754704e-05, 9.59474255069e-06, 1.1269413335e-05, 9.40217796597e-06, 6.42854411126e-06, 6.3599331952e-06, 5.11682628712e-06, 3.20065578308e-06, 2.09996437661e-06, 2.09423933484e-06, 2.45352839556e-06, 2.51868232226e-06, 2.55158943219e-06, 2.53092048297e-06, 2.19994740291e-06, 1.90012212897e-06, 1.46536081047e-06]
    },
    "melbands128": {
        "mean": [0.000268582516583, 0.00143171637319, 0.00304013560526, 0.00527927419171, 0.0064041162841, 0.00515640806407, 0.00340123544447, 0.00265946984291, 0.00265881000087, 0.00203135167249, 0.00112363521475, 0.000991937122308, 0.000814052822534, 0.000501797825564, 0.000357117562089, 0.000392712361645, 0.000378777156584, 0.000369143468561, 0.0004078206548, 0.000318099162541, 0.000366290332749, 0.000404055026593, 0.000164063443663, 0.000134334288305, 9.94705915218e-05, 0.000164203447639, 0.000170511935721, 0.000135454509291, 0.00026426295517, 0.000126877959701, 9.67922678683e-05, 8.00452035037e-05, 6.3654355472e-05, 7.36891161068e-05, 0.000105572449684, 7.56060617277e-05, 4.44419165433e-05, 4.83013063786e-05, 2.63444762822e-05, 4.90122765768e-05, 6.30532158539e-05, 5.02467955812e-05, 2.39944547502e-05, 2.32367001445e-05, 5.19028617418e-05, 2.41684538196e-05, 1.66149420693e-05, 4.24773643317e-05, 3.9039125113e-05, 2.67541709036e-05, 3.51848721039e-05, 2.77895742329e-05, 3.04738332488e-05, 2.42144942604e-05, 1.92932948266e-05, 2.37147014559e-05, 1.81823506864e-05, 1.52784323291e-05, 1.8081991584e-05, 1.34380952659e-05, 9.1632891781e-06, 1.14524655146e-05, 9.79915512289e-06, 8.65589299792e-06, 9.88320789475e-06, 1.21727562146e-05, 1.1379953321e-05, 1.08606209324e-05, 9.21143964661e-06, 6.74879811413e-06, 5.82267421123e-06, 6.88304453433e-06, 6.78386868458e-06, 6.52935750622e-06, 5.47200716028e-06, 4.7722223826e-06, 5.74638397666e-06, 4.02705791203e-06, 2.77161370832e-06, 2.3384332053e-06, 2.11647670767e-06, 1.94654944607e-06, 2.13528801396e-06, 2.08277720048e-06, 2.12181157622e-06, 2.17878800868e-06, 2.55429995377e-06, 3.00875876746e-06, 2.38767938754e-06, 2.40265035245e-06, 2.26090378419e-06, 2.5573642688e-06, 3.09784627461e-06, 2.41236534748e-06, 2.44641114477e-06, 2.08732831197e-06, 2.2487483875e-06, 2.15075738197e-06, 1.98914881366e-06, 1.68405767909e-06, 1.66271354374e-06, 1.44554144299e-06, 1.23000256735e-06, 1.09057179998e-06, 9.51723961862e-07, 1.29127545279e-06, 1.1269710285e-06, 1.43474096603e-06, 8.99177337033e-07, 6.44721410481e-07, 4.68615894533e-07, 4.4130794663e-07, 3.39140228789e-07, 2.70168385441e-07, 2.32099097275e-07, 1.7342671299e-07, 1.42360178756e-07, 1.61872748095e-07, 1.63996901392e-07, 1.33404199687e-07, 9.17639653153e-08, 5.36557287489e-08, 3.61394825177e-08, 2.72035478588e-08, 2.13806217175e-08, 2.00322265442e-08, 1.65004916397e-08, 8.37413871579e-09]
    },
    "mfcc": {
        "mean": [-617.315246582, 125.386276245, 17.9924278259, 26.4083614349, 11.4384975433, 3.26854157448, 2.47467279434, 2.19979667664, 0.763003766537, 3.73101210594, -6.67114925385, -1.27232909203, -0.482337772846],
        "cov": [[8029.58935547, 73.1961593628, 118.724395752, 180.533172607, 36.9795341492, 97.2379226685, 73.6722335815, 75.7267303467, 19.5698127747, -3.9529402256, -85.0437927246, -33.6295623779, -13.1814393997], [73.1961593628, 1062.86804199, -274.023254395, -52.9610786438, -42.8922348022, -104.584472656, -1.31241810322, 24.836025238, -19.7932281494, -6.72441101074, 7.86895084381, -19.2317581177, 11.8617229462], [118.724395752, -274.023254395, 443.922607422, 46.3107337952, -1.02796673775, 81.4851074219, 21.7149658203, -32.7029914856, 28.2059307098, -16.5046005249, -17.2384586334, 20.1224040985, 22.1654853821], [180.533172607, -52.9610786438, 46.3107337952, 249.350540161, 79.8025894165, 2.93527245522, -40.745677948, 15.6806707382, 24.5214653015, 22.7311458588, 2.15678906441, 6.15093231201, 13.0381774902], [36.9795341492, -42.8922348022, -1.02796673775, 79.8025894165, 173.055664062, 14.6175107956, -33.3300285339, 3.78437924385, 26.9836006165, 26.2461490631, 12.5038042068, 3.63783383369, 2.45654392242], [97.2379226685, -104.584472656, 81.4851074219, 2.93527245522, 14.6175107956, 174.643325806, 52.3605766296, -15.571138382, 15.2335824966, 16.3143157959, 19.7632637024, 8.33750629425, 0.966550529003], [73.6722335815, -1.31241810322, 21.7149658203, -40.745677948, -33.3300285339, 52.3605766296, 138.336135864, 44.3339805603, -7.81987428665, -14.6368408203, 10.7668304443, 5.20721292496, 8.84157466888], [75.7267303467, 24.836025238, -32.7029914856, 15.6806707382, 3.78437924385, -15.571138382, 44.3339805603, 103.40096283, 20.5706710815, 1.20075702667, 6.81453418732, 2.39109539986, 7.73870944977], [19.5698127747, -19.7932281494, 28.2059307098, 24.5214653015, 26.9836006165, 15.2335824966, -7.81987428665, 20.5706710815, 87.3271636963, 32.7088165283, 0.737124145031, -4.90445327759, 4.16738939285], [-3.9529402256, -6.72441101074, -16.5046005249, 22.7311458588, 26.2461490631, 16.3143157959, -14.6368408203, 1.20075702667, 32.7088165283, 88.3806915283, 28.4338302612, -1.66564667225, -12.3960847855], [-85.0437927246, 7.86895084381, -17.2384586334, 2.15678906441, 12.5038042068, 19.7632637024, 10.7668304443, 6.81453418732, 0.737124145031, 28.4338302612, 72.3415145874, 21.4622097015, -4.57898855209], [-33.6295623779, -19.2317581177, 20.1224040985, 6.15093231201, 3.63783383369, 8.33750629425, 5.20721292496, 2.39109539986, -4.90445327759, -1.66564667225, 21.4622097015, 63.8714294434, 20.9989509583], [-13.1814393997, 11.8617229462, 22.1654853821, 13.0381774902, 2.45654392242, 0.966550529003, 8.84157466888, 7.73870944977, 4.16738939285, -12.3960847855, -4.57898855209, 20.9989509583, 66.9673843384]],
        "icov": [[0.000132640343509, -3.18909224006e-05, -3.30255497829e-05, -0.00010261497664, -7.65813092585e-06, -9.54494898906e-05, -5.15644132975e-05, -0.000107254752947, 5.17270236742e-05, -4.12609442719e-05, 0.000220442278078, 1.79700941771e-06, 8.71802185429e-05], [-3.18909224006e-05, 0.00118831906002, 0.00068342173472, 5.4291140259e-05, 0.000230674646446, 0.000500287045725, -0.000206300872378, 0.000191614861251, -0.000172988336999, 0.000108239917608, -0.00034796789987, 0.00034387895721, -0.000564945628867], [-3.30255497829e-05, 0.00068342173472, 0.0032615037635, -0.000685776059981, 0.000473570573376, -0.000756274093874, -0.000731098523829, 0.00148895289749, -0.00150898273569, 0.000955178111326, 0.000618190562818, -0.000801814137958, -0.000591144140344], [-0.00010261497664, 5.4291140259e-05, -0.000685776059981, 0.0053578959778, -0.00193734688219, -0.000188482998055, 0.00188115250785, -0.00171638594475, 0.000320995633956, -0.000846095266752, 8.12237121863e-05, 1.12314173748e-05, -0.000996776740067], [-7.65813092585e-06, 0.000230674646446, 0.000473570573376, -0.00193734688219, 0.00746635301039, -0.000919340003747, 0.00159611669369, -0.00035546257277, -0.00128764775582, -0.000440736999735, -0.000937033153605, -1.14973818199e-05, -0.000314112694468], [-9.54494898906e-05, 0.000500287045725, -0.000756274093874, -0.000188482998055, -0.000919340003747, 0.00861748307943, -0.00453925039619, 0.00346169457771, -0.00163115933537, -0.000994645059109, -0.00175060483161, -7.40952964406e-05, 0.000109163040179], [-5.15644132975e-05, -0.000206300872378, -0.000731098523829, 0.00188115250785, 0.00159611669369, -0.00453925039619, 0.012676179409, -0.00692465296015, 0.00234517268836, 0.00134616426658, -0.00139400886837, 0.000764122989494, -0.00119598954916], [-0.000107254752947, 0.000191614861251, 0.00148895289749, -0.00171638594475, -0.00035546257277, 0.00346169457771, -0.00692465296015, 0.0150435306132, -0.00495567172766, 0.000995072419755, -0.00123449449893, -0.000505542033352, -0.000508105789777], [5.17270236742e-05, -0.000172988336999, -0.00150898273569, 0.000320995633956, -0.00128764775582, -0.00163115933537, 0.00234517268836, -0.00495567172766, 0.0163295548409, -0.0061873444356, 0.00217135623097, 0.00162572611589, -0.00171120953746], [-4.12609442719e-05, 0.000108239917608, 0.000955178111326, -0.000846095266752, -0.000440736999735, -0.000994645059109, 0.00134616426658, 0.000995072419755, -0.0061873444356, 0.0169917345047, -0.00659616710618, 0.0012447333429, 0.00224806787446], [0.000220442278078, -0.00034796789987, 0.000618190562818, 8.12237121863e-05, -0.000937033153605, -0.00175060483161, -0.00139400886837, -0.00123449449893, 0.00217135623097, -0.00659616710618, 0.020155897364, -0.00738535402343, 0.00260883802548], [1.79700941771e-06, 0.00034387895721, -0.000801814137958, 1.12314173748e-05, -1.14973818199e-05, -7.40952964406e-05, 0.000764122989494, -0.000505542033352, 0.00162572611589, 0.0012447333429, -0.00738535402343, 0.0208368524909, -0.00674787908792], [8.71802185429e-05, -0.000564945628867, -0.000591144140344, -0.000996776740067, -0.000314112694468, 0.000109163040179, -0.00119598954916, -0.000508105789777, -0.00171120953746, 0.00224806787446, 0.00260883802548, -0.00674787908792, 0.018483100459]]
    },
    "spectral_contrast_coeffs": {
        "mean": [-0.68059015274, -0.744580328465, -0.750054299831, -0.774658501148, -0.794271111488, -0.795084893703]
    },
    "spectral_contrast_valleys": {
        "mean": [-6.08320665359, -6.5362663269, -7.34257936478, -7.63010120392, -7.47916030884, -9.76331996918]
    }
},
"rhythm": {
    "beats_count": 559,
    "beats_loudness": {
        "mean": 0.0592073090374
    },
    "bpm": 150.905990601,
    "bpm_histogram_first_peak_bpm": 152,
    "bpm_histogram_first_peak_weight": 0.480861246586,
    "bpm_histogram_second_peak_bpm": 157,
    "bpm_histogram_second_peak_spread": 0.0874999761581,
    "bpm_histogram_second_peak_weight": 0.130824372172,
    "danceability": 1.08048987389,
    "onset_rate": 4.35957193375,
    "beats_loudness_band_ratio": {
        "mean": [0.638515651226, 0.18254698813, 0.10747731477, 0.0564138069749, 0.0363254584372, 0.038346812129]
    },
    "beats_position": [0.336689323187, 0.719818592072, 1.11455774307, 1.50929701328, 1.90403628349, 2.29877543449, 2.69351458549, 3.08825397491, 3.47138309479, 3.86612248421, 4.2492518425, 4.6439909935, 5.02712011337, 5.41024923325, 5.80498838425, 6.19972801208, 6.59446716309, 6.98920631409, 7.38394546509, 7.77868461609, 8.17342376709, 8.56816291809, 8.96290206909, 9.35764122009, 9.74077033997, 10.1355104446, 10.5302495956, 10.9133787155, 11.2965078354, 11.6796369553, 12.0743761063, 12.4691152573, 12.8638544083, 13.2585935593, 13.6533327103, 14.0480718613, 14.4312019348, 14.8143310547, 15.2090702057, 15.6038093567, 15.9985485077, 16.3932876587, 16.7764167786, 17.1595458984, 17.5542850494, 17.9490242004, 18.3437633514, 18.7385025024, 19.1332416534, 19.5279808044, 19.9343299866, 20.3406791687, 20.7354183197, 21.1301574707, 21.5248966217, 21.9196376801, 22.3143768311, 22.7091159821, 23.1038551331, 23.4985942841, 23.8933334351, 24.2880725861, 24.6712017059, 25.0659408569, 25.4490699768, 25.8554191589, 26.2617683411, 26.6565074921, 27.0512466431, 27.4459857941, 27.8291149139, 28.2238540649, 28.6302032471, 29.0133323669, 29.4080715179, 29.8144207001, 30.2091598511, 30.6038990021, 31.0102481842, 31.4165973663, 31.8113365173, 32.2060775757, 32.6008148193, 32.9955558777, 33.3902931213, 33.7966423035, 34.2029914856, 34.6093406677, 35.0156898499, 35.4104309082, 35.8167800903, 36.2231292725, 36.6178665161, 37.0126075745, 37.4189567566, 37.8253059387, 38.2316551208, 38.6263923645, 39.0327415466, 39.427482605, 39.8338317871, 40.251789093, 40.6581382751, 41.0760993958, 41.4940567017, 41.9004058838, 42.3067550659, 42.713104248, 43.1194534302, 43.5141944885, 43.9205436707, 44.3268928528, 44.7448501587, 45.1511993408, 45.5459403992, 45.9406776428, 46.347026825, 46.7533760071, 47.1597251892, 47.5776863098, 47.9840354919, 48.3903846741, 48.80834198, 49.2146911621, 49.6094322205, 50.0157814026, 50.4337387085, 50.8284797668, 51.2232208252, 51.6411781311, 52.0475273132, 52.4538764954, 52.871837616, 53.2665748596, 53.6729240417, 54.0792732239, 54.4740142822, 54.8687515259, 55.275100708, 55.6814498901, 56.0761909485, 56.4825401306, 56.8888893127, 57.2836265564, 57.6899757385, 58.0963249207, 58.5142860413, 58.9206352234, 59.3269844055, 59.7217216492, 60.1280708313, 60.5344200134, 60.952381134, 61.3587303162, 61.7650794983, 62.1714286804, 62.5777778625, 62.9957351685, 63.4136962891, 63.8200454712, 64.2263946533, 64.6327438354, 65.0390930176, 65.4454421997, 65.8517913818, 66.2697525024, 66.6761016846, 67.0824508667, 67.4771881104, 67.8835372925, 68.2898864746, 68.6962356567, 69.0909729004, 69.485710144, 69.8804550171, 70.2868041992, 70.7047576904, 71.0995025635, 71.4826278687, 71.8773651123, 72.2837142944, 72.6784591675, 73.0731964111, 73.4795455933, 73.8626708984, 74.2574157715, 74.6521530151, 75.0468902588, 75.4416275024, 75.8479766846, 76.2543258667, 76.6606826782, 77.0670318604, 77.461769104, 77.8797302246, 78.2976837158, 78.6924285889, 79.0871658325, 79.4935150146, 79.8998641968, 80.2946014404, 80.712562561, 81.1305236816, 81.5484771729, 81.954826355, 82.3611755371, 82.7791366577, 83.1854858398, 83.591835022, 83.9981842041, 84.4161453247, 84.8224945068, 85.2172317505, 85.6235809326, 86.0299301147, 86.4362792969, 86.842628479, 87.2373657227, 87.6553268433, 88.0616760254, 88.4680252075, 88.8627624512, 89.2691116333, 89.6754608154, 90.0702056885, 90.4649429321, 90.8829040527, 91.2776412964, 91.67237854, 92.0787277222, 92.4850769043, 92.8798141479, 93.274559021, 93.6692962646, 94.0640335083, 94.458770752, 94.8419036865, 95.2366409302, 95.6429901123, 96.0493392944, 96.4556884766, 96.8504257202, 97.2567749023, 97.6631240845, 98.0578689575, 98.4642181396, 98.8705673218, 99.2769165039, 99.6716537476, 100.07800293, 100.472740173, 100.867477417, 101.273826599, 101.680175781, 102.086524963, 102.492874146, 102.887619019, 103.293968201, 103.700317383, 104.106666565, 104.501403809, 104.907752991, 105.314102173, 105.720451355, 106.115188599, 106.521537781, 106.927886963, 107.345848083, 107.740585327, 108.1353302, 108.541679382, 108.948028564, 109.354377747, 109.760726929, 110.155464172, 110.561813354, 110.968162537, 111.374511719, 111.780860901, 112.187210083, 112.593559265, 112.988296509, 113.383033752, 113.777778625, 114.172515869, 114.567253113, 114.961990356, 115.368339539, 115.763084412, 116.146209717, 116.54094696, 116.935691833, 117.330429077, 117.736778259, 118.143127441, 118.537864685, 118.932601929, 119.338951111, 119.745300293, 120.140045166, 120.546394348, 120.95274353, 121.347480774, 121.753829956, 122.1485672, 122.543312073, 122.949661255, 123.356010437, 123.750747681, 124.157096863, 124.551834106, 124.94657135, 125.352920532, 125.759269714, 126.165618896, 126.571968079, 126.966712952, 127.384666443, 127.791015625, 128.197372437, 128.592102051, 128.998458862, 129.404800415, 129.811157227, 130.217498779, 130.635467529, 131.041809082, 131.448165894, 131.866119385, 132.260864258, 132.667205811, 133.073562622, 133.468292236, 133.886260986, 134.292602539, 134.698959351, 135.093688965, 135.500045776, 135.906387329, 136.301132202, 136.719085693, 137.125442505, 137.520172119, 137.926528931, 138.321273804, 138.739227295, 139.133972168, 139.551925659, 139.958267212, 140.364624023, 140.759368896, 141.165710449, 141.572067261, 141.966796875, 142.373153687, 142.779495239, 143.174240112, 143.592193604, 143.998550415, 144.404891968, 144.811248779, 145.217590332, 145.623947144, 146.030288696, 146.425033569, 146.842987061, 147.260955811, 147.667297363, 148.073654175, 148.479995728, 148.874740601, 149.281082153, 149.675827026, 150.070556641, 150.465301514, 150.860046387, 151.254776001, 151.672744751, 152.090698242, 152.508651733, 152.903396606, 153.298141479, 153.692871094, 154.087615967, 154.493972778, 154.900314331, 155.295059204, 155.689788818, 156.09614563, 156.502487183, 156.897232056, 157.291976929, 157.686706543, 158.093063354, 158.499404907, 158.905761719, 159.312103271, 159.706848145, 160.113189697, 160.519546509, 160.914276123, 161.309020996, 161.703765869, 162.098495483, 162.516464233, 162.934417725, 163.340774536, 163.747116089, 164.141860962, 164.536590576, 164.942947388, 165.34928894, 165.76725769, 166.161987305, 166.556732178, 166.974685669, 167.369430542, 167.775772095, 168.182128906, 168.576873779, 168.971603394, 169.377960205, 169.784301758, 170.190658569, 170.597000122, 170.991744995, 171.398086548, 171.804443359, 172.210784912, 172.617141724, 173.035095215, 173.453063965, 173.871017456, 174.300582886, 174.718551636, 175.124893188, 175.53125, 175.937591553, 176.355545044, 176.773513794, 177.168243408, 177.57460022, 177.980941772, 178.387298584, 178.782043457, 179.18838501, 179.594741821, 180.001083374, 180.395828247, 180.8021698, 181.208526611, 181.603256226, 181.998001099, 182.392745972, 182.775863647, 183.158996582, 183.542129517, 183.93687439, 184.319992065, 184.703125, 185.086257935, 185.457778931, 185.852508545, 186.247253418, 186.641998291, 187.036727905, 187.41986084, 187.802993774, 188.197723389, 188.569244385, 188.952377319, 189.335510254, 189.730239868, 190.124984741, 190.519729614, 190.914459229, 191.285980225, 191.680725098, 192.063858032, 192.446975708, 192.830108643, 193.213241577, 193.596374512, 193.979492188, 194.362625122, 194.745758057, 195.140487671, 195.535232544, 195.929977417, 196.313110352, 196.696228027, 197.0909729, 197.474105835, 197.857223511, 198.251968384, 198.635101318, 199.018234253, 199.412963867, 199.796096802, 200.179229736, 200.562347412, 200.945480347, 201.328613281, 201.711746216, 202.083267212, 202.477996826, 202.861129761, 203.244262695, 203.615783691, 203.998901367, 204.382034302, 204.765167236, 205.148300171, 205.543029785, 205.92616272, 206.309295654, 206.692428589, 207.087158203, 207.470291138, 207.853424072, 208.236557007, 208.608062744, 208.991195679, 209.385940552, 209.769073486, 210.152191162, 210.535324097, 210.906845093, 211.278366089, 211.673095703, 212.056228638, 212.439361572, 212.834106445, 213.205612183, 213.600357056, 213.995101929, 214.378234863, 214.761352539, 215.156097412, 215.550842285, 215.922348022, 216.317092896, 216.711837769, 217.094955444, 217.478088379, 217.872833252, 218.267562866, 218.662307739, 219.057052612, 219.451782227, 219.8465271, 220.264480591, 220.694061279, 221.135238647, 221.576416016, 222.017593384, 222.458770752, 222.89994812, 223.341125488],
    "bpm_histogram": [0, 0, 0, 0, 0, 0, 0, 0, 0, 0, 0, 0, 0, 0, 0, 0, 0, 0, 0, 0, 0, 0, 0, 0, 0, 0, 0, 0, 0, 0, 0, 0, 0, 0, 0, 0, 0, 0, 0, 0, 0, 0, 0, 0, 0, 0, 0, 0, 0, 0, 0, 0, 0, 0, 0, 0, 0, 0, 0, 0, 0, 0, 0, 0, 0, 0, 0, 0, 0, 0, 0, 0, 0, 0, 0, 0, 0, 0, 0, 0, 0, 0, 0, 0, 0, 0, 0, 0, 0, 0, 0, 0, 0, 0, 0, 0, 0, 0, 0, 0, 0, 0, 0, 0, 0, 0, 0, 0, 0, 0, 0, 0, 0, 0, 0, 0, 0, 0, 0, 0, 0, 0, 0, 0, 0, 0, 0, 0, 0, 0, 0, 0, 0, 0, 0, 0, 0.010752688162, 0, 0, 0, 0.00358422938734, 0, 0, 0, 0.0878136232495, 0, 0, 0, 0.360215067863, 0, 0, 0, 0.388888895512, 0, 0, 0, 0, 0.130824372172, 0, 0, 0, 0.0125448033214, 0.00537634408101, 0, 0, 0, 0, 0, 0, 0, 0, 0, 0, 0, 0, 0, 0, 0, 0, 0, 0, 0, 0, 0, 0, 0, 0, 0, 0, 0, 0, 0, 0, 0, 0, 0, 0, 0, 0, 0, 0, 0, 0, 0, 0, 0, 0, 0, 0, 0, 0, 0, 0, 0, 0, 0, 0, 0, 0, 0, 0, 0, 0, 0, 0, 0, 0, 0, 0, 0, 0, 0, 0, 0, 0, 0, 0, 0, 0, 0, 0, 0, 0, 0, 0, 0, 0, 0, 0, 0]
},
"tonal": {
    "chords_changes_rate": 0.0586893409491,
    "chords_number_rate": 0.00207382836379,
    "chords_strength": {
        "mean": 0.53791064024
    },
    "hpcp_crest": {
        "mean": 13.3902425766
    },
    "hpcp_entropy": {
        "mean": 1.99362885952
    },
    "key_edma": {
        "strength": 0.648429274559,
        "key": "F#",
        "scale": "major"
    },
    "key_krumhansl": {
        "strength": 0.656410753727,
        "key": "F#",
        "scale": "major"
    },
    "key_temperley": {
        "strength": 0.672412514687,
        "key": "F#",
        "scale": "major"
    },
    "tuning_diatonic_strength": 0.627397060394,
    "tuning_equal_tempered_deviation": 0.0283240042627,
    "tuning_frequency": 440.508636475,
    "tuning_nontempered_energy_ratio": 0.689830541611,
    "hpcp": {
        "mean": [0.0640285089612, 0.0526520125568, 0.0792848393321, 0.107507668436, 0.0967574566603, 0.154359653592, 0.208840832114, 0.131981670856, 0.0761484950781, 0.069546431303, 0.0608171410859, 0.156611084938, 0.266596406698, 0.178453996778, 0.0600460581481, 0.0491425804794, 0.0550590194762, 0.0978385731578, 0.134444460273, 0.101482234895, 0.0663817971945, 0.0651403069496, 0.0738206207752, 0.0983771383762, 0.105379343033, 0.0892686024308, 0.150786355138, 0.227570936084, 0.173783525825, 0.0995637848973, 0.0776452720165, 0.0823660194874, 0.198466643691, 0.310608685017, 0.225125104189, 0.100940234959]
    },
    "chords_histogram": [19.867275238, 2.07382822037, 25.3836574554, 0.145167976618, 14.7449188232, 0, 0.580671906471, 0, 0.456242233515, 0, 0, 0.311074256897, 0, 0, 0, 3.87805891037, 0, 4.00248861313, 0, 7.83907079697, 0.788054764271, 4.74906682968, 13.542098999, 1.63832437992],
    "thpcp": [1, 0.724786877632, 0.324975579977, 0.206138819456, 0.169512361288, 0.255256354809, 0.346119314432, 0.31150919199, 0.496958583593, 0.67235994339, 0.424913018942, 0.245158940554, 0.223903685808, 0.195799872279, 0.504207015038, 0.858303129673, 0.57452994585, 0.193317383528, 0.158213794231, 0.177261680365, 0.314989805222, 0.432841926813, 0.326720535755, 0.213715195656, 0.209718242288, 0.23766438663, 0.31672373414, 0.339267224073, 0.287398934364, 0.485454410315, 0.732661187649, 0.559493482113, 0.32054412365, 0.249977782369, 0.265176177025, 0.638960361481],
    "chords_key": "C#",
    "chords_scale": "major"
}
}