{
"metadata": {
    "version": {
        "essentia": "2.1-beta6-dev",
        "essentia_git_sha": "v2.1_beta5-1177-g1d1cc983",
        "extractor": "music 2.0"
    },
    "audio_properties": {
        "analysis": {
            "equal_loudness": 0,
            "length": 183.986663818,
            "sample_rate": 44100,
            "start_time": 0,
            "downmix": "mix"
        },
        "bit_rate": 1411200,
        "length": 183.986663818,
        "lossless": 1,
        "number_channels": 2,
        "replay_gain": -15.0113563538,
        "sample_rate": 44100,
        "codec": "pcm_s16le",
        "md5_encoded": "b82b6cc9c07ab4e1531ef8800766f341"
    },
    "tags": {
        "file_name": "05 - The Front Bottoms - Don't Fill up on Chips.wav",
        "album": ["Going Grey"],
        "albumartist": ["The Front Bottoms"],
        "artist": ["The Front Bottoms"],
        "copyright": ["© 2017 Fueled By Ramen LLC for the United States and WEA International Inc. for the world outside of the United States. A Warner Music Group Company ℗ 2017 Fueled By Ramen LLC"],
        "date": ["2017"],
        "discnumber": ["1"],
        "disctotal": ["1"],
        "genre": ["Alternative & Indie"],
        "isrc": ["USAT21703380"],
        "title": ["Don't Fill up on Chips"],
        "tracknumber": ["5"],
        "tracktotal": ["11"]
    }
},
"lowlevel": {
    "average_loudness": 0.912813067436,
    "barkbands_crest": {
        "mean": 10.3237133026
    },
    "barkbands_flatness_db": {
        "mean": 0.134002164006
    },
    "barkbands_kurtosis": {
        "mean": 4.19928264618
    },
    "barkbands_skewness": {
        "mean": 1.71634638309
    },
    "barkbands_spread": {
        "mean": 23.8052120209
    },
    "dissonance": {
        "mean": 0.461122184992
    },
    "dynamic_complexity": 3.44401788712,
    "erbbands_crest": {
        "mean": 9.46988773346
    },
    "erbbands_flatness_db": {
        "mean": 0.149905323982
    },
    "erbbands_kurtosis": {
        "mean": -0.0615709684789
    },
    "erbbands_skewness": {
        "mean": 0.388581365347
    },
    "erbbands_spread": {
        "mean": 48.8715896606
    },
    "hfc": {
        "mean": 23.18176651
    },
    "loudness_ebu128": {
        "integrated": -7.65011167526,
        "loudness_range": 5.10676431656,
        "momentary": {
            "mean": -10.9035434723
        },
        "short_term": {
            "mean": -8.48752307892
        }
    },
    "melbands_crest": {
        "mean": 14.7342996597
    },
    "melbands_flatness_db": {
        "mean": 0.185775876045
    },
    "melbands_kurtosis": {
        "mean": 16.841753006
    },
    "melbands_skewness": {
        "mean": 3.07704353333
    },
    "melbands_spread": {
        "mean": 23.2378635406
    },
    "pitch_salience": {
        "mean": 0.512834131718
    },
    "silence_rate_20dB": {
        "mean": 1
    },
    "silence_rate_30dB": {
        "mean": 0.999495267868
    },
    "silence_rate_60dB": {
        "mean": 0.0531230270863
    },
    "spectral_centroid": {
        "mean": 1419.37402344
    },
    "spectral_complexity": {
        "mean": 18.6162776947
    },
    "spectral_decrease": {
        "mean": -8.40820035819e-09
    },
    "spectral_energy": {
        "mean": 0.0338371805847
    },
    "spectral_energyband_high": {
        "mean": 0.00114341045264
    },
    "spectral_energyband_low": {
        "mean": 0.0119783645496
    },
    "spectral_energyband_middle_high": {
        "mean": 0.00471912603825
    },
    "spectral_energyband_middle_low": {
        "mean": 0.017240203917
    },
    "spectral_entropy": {
        "mean": 7.6833691597
    },
    "spectral_flux": {
        "mean": 0.0859354361892
    },
    "spectral_kurtosis": {
        "mean": 2.47071576118
    },
    "spectral_rms": {
        "mean": 0.00533162476495
    },
    "spectral_rolloff": {
        "mean": 1552.54162598
    },
    "spectral_skewness": {
        "mean": 1.23561632633
    },
    "spectral_spread": {
        "mean": 5434217
    },
    "spectral_strongpeak": {
        "mean": 1.06799340248
    },
    "zerocrossingrate": {
        "mean": 0.0665900409222
    },
    "barkbands": {
        "mean": [0.000377761869458, 0.00709857838228, 0.00355110713281, 0.0027213243302, 0.00517006637529, 0.00239072623663, 0.0013428236125, 0.00360170821659, 0.00142263586167, 0.000968536711298, 0.000541620422155, 0.000421921053203, 0.000518445624039, 0.000397653784603, 0.000553271733224, 0.000399521697545, 0.000383541133488, 0.000276700244285, 0.000365764572052, 0.0003160861379, 0.000225509676966, 0.00026476525818, 0.000215107473196, 0.000235690255067, 6.32711380604e-05, 1.23390236695e-05, 7.17342686585e-07]
    },
    "erbbands": {
        "mean": [0.176793888211, 1.64237010479, 4.58690261841, 5.98305988312, 14.2976036072, 16.120557785, 19.0582885742, 18.6815948486, 22.6950931549, 54.5377960205, 57.1968154907, 39.5217895508, 32.2773246765, 18.7066421509, 24.2393245697, 21.3284873962, 25.3180160522, 21.7271766663, 24.126914978, 29.436674118, 20.6234416962, 18.3307781219, 16.5813293457, 14.825466156, 21.0769824982, 15.0462188721, 9.95930480957, 8.80842018127, 9.73142242432, 7.82645511627, 5.92028903961, 5.98227405548, 2.97529602051, 0.939690589905, 0.369054198265, 0.0977635979652, 0.0145833520219, 0.00171157077421, 0.000151763277245, 4.59684379166e-05]
    },
    "gfcc": {
        "mean": [-2.94804930687, 81.8670043945, -120.562431335, 42.1720848083, -73.7285079956, 13.4244270325, -45.7622947693, 4.45456504822, -22.8632488251, -2.0374288559, -12.4785175323, -5.69205522537, -10.4898052216],
        "cov": [[23383.9082031, 1950.62463379, -852.024475098, 1386.85827637, -694.277709961, 821.877624512, 107.570671082, 510.469451904, 61.9599227905, 155.909988403, -66.3302459717, -259.050689697, -246.789199829], [1950.62463379, 1085.44067383, 23.6032581329, 269.295837402, 302.578704834, 181.596343994, 288.721710205, 127.325302124, 177.1171875, 66.4341888428, 113.625663757, -21.4348678589, 32.1158103943], [-852.024475098, 23.6032581329, 861.56628418, 322.98638916, 347.520080566, 240.7840271, 212.630554199, 138.198806763, 81.3747711182, 121.037269592, 46.8917922974, 83.91355896, 9.69137477875], [1386.85827637, 269.295837402, 322.98638916, 533.116027832, 212.612533569, 211.368347168, 180.322509766, 118.97857666, 110.52255249, 63.2468719482, 59.2180213928, 22.8070354462, 19.94581604], [-694.277709961, 302.578704834, 347.520080566, 212.612533569, 508.037811279, 205.365814209, 215.004348755, 122.800552368, 126.641563416, 95.8549880981, 18.7006130219, 51.1056098938, 51.1764755249], [821.877624512, 181.596343994, 240.7840271, 211.368347168, 205.365814209, 326.198577881, 235.530899048, 119.957427979, 79.7529983521, 92.3502502441, 25.5703010559, 10.3756256104, -1.54993522167], [107.570671082, 288.721710205, 212.630554199, 180.322509766, 215.004348755, 235.530899048, 379.010681152, 134.28225708, 88.0867614746, 92.5234603882, 47.6710090637, 5.9723906517, -13.7084417343], [510.469451904, 127.325302124, 138.198806763, 118.97857666, 122.800552368, 119.957427979, 134.28225708, 191.895111084, 117.604377747, 66.8106231689, 29.3981285095, 4.97328853607, -8.9637928009], [61.9599227905, 177.1171875, 81.3747711182, 110.52255249, 126.641563416, 79.7529983521, 88.0867614746, 117.604377747, 199.012039185, 72.3452301025, 47.4430656433, 5.01799917221, 12.9534492493], [155.909988403, 66.4341888428, 121.037269592, 63.2468719482, 95.8549880981, 92.3502502441, 92.5234603882, 66.8106231689, 72.3452301025, 128.597396851, 34.68019104, 16.8716239929, -7.76510000229], [-66.3302459717, 113.625663757, 46.8917922974, 59.2180213928, 18.7006130219, 25.5703010559, 47.6710090637, 29.3981285095, 47.4430656433, 34.68019104, 124.783103943, 33.2336997986, 4.68072223663], [-259.050689697, -21.4348678589, 83.91355896, 22.8070354462, 51.1056098938, 10.3756256104, 5.9723906517, 4.97328853607, 5.01799917221, 16.8716239929, 33.2336997986, 100.968673706, 35.080242157], [-246.789199829, 32.1158103943, 9.69137477875, 19.94581604, 51.1764755249, -1.54993522167, -13.7084417343, -8.9637928009, 12.9534492493, -7.76510000229, 4.68072223663, 35.080242157, 100.417572021]],
        "icov": [[0.000244685274083, -0.000686049112119, 0.00038265119656, -0.000793192361016, 0.00094845687272, -0.000948050234001, 0.000907037174329, -0.000980573357083, 0.000789467885625, -0.000690842862241, 0.000910863629542, -0.000416874070652, 0.000427586695878], [-0.000686049112119, 0.00363028980792, -0.00042927917093, 0.00172249472234, -0.00359643995762, 0.00280520692468, -0.00342850480229, 0.00293419393711, -0.00273457216099, 0.00233355304226, -0.00385712971911, 0.00210534734651, -0.00150025472976], [0.00038265119656, -0.00042927917093, 0.00293278740719, -0.0021848238539, 0.000224606876145, -0.00174855894875, 0.00120101636276, -0.00194720819127, 0.00179354252759, -0.0017007899005, 0.00100246095099, -0.00151290954091, 0.00119623250794], [-0.000793192361016, 0.00172249472234, -0.0021848238539, 0.00582747673616, -0.00294666085392, 0.00177206879016, -0.0027615125291, 0.00293048401363, -0.0031822512392, 0.0030680524651, -0.0034850242082, 0.00156601495109, -0.00177011650521], [0.00094845687272, -0.00359643995762, 0.000224606876145, -0.00294666085392, 0.00816301256418, -0.00433735782281, 0.0028660427779, -0.00377041380852, 0.00189841014799, -0.00329082412645, 0.00551999500021, -0.00293084303848, 0.000139575349749], [-0.000948050234001, 0.00280520692468, -0.00174855894875, 0.00177206879016, -0.00433735782281, 0.0108696753159, -0.00638028001413, 0.00276532769203, -0.00241995812394, 0.000787350931205, -0.00282344594598, 0.00210989243351, -0.0018886779435], [0.000907037174329, -0.00342850480229, 0.00120101636276, -0.0027615125291, 0.0028660427779, -0.00638028001413, 0.00953853130341, -0.00528261857107, 0.00389914982952, -0.00335367512889, 0.00263352692127, -0.00127409957349, 0.00258978852071], [-0.000980573357083, 0.00293419393711, -0.00194720819127, 0.00293048401363, -0.00377041380852, 0.00276532769203, -0.00528261857107, 0.0144408922642, -0.00818729028106, 0.00244060484692, -0.00317602511495, 0.00144531251863, -0.000322334701195], [0.000789467885625, -0.00273457216099, 0.00179354252759, -0.0031822512392, 0.00189841014799, -0.00241995812394, 0.00389914982952, -0.00818729028106, 0.0128567637876, -0.00541515415534, 0.000988724525087, 0.000105240898847, -8.96779747563e-05], [-0.000690842862241, 0.00233355304226, -0.0017007899005, 0.0030680524651, -0.00329082412645, 0.000787350931205, -0.00335367512889, 0.00244060484692, -0.00541515415534, 0.014772804454, -0.00438041752204, 0.000157714734087, 0.000549866817892], [0.000910863629542, -0.00385712971911, 0.00100246095099, -0.0034850242082, 0.00551999500021, -0.00282344594598, 0.00263352692127, -0.00317602511495, 0.000988724525087, -0.00438041752204, 0.0151689173654, -0.00612368294969, 0.002252811566], [-0.000416874070652, 0.00210534734651, -0.00151290954091, 0.00156601495109, -0.00293084303848, 0.00210989243351, -0.00127409957349, 0.00144531251863, 0.000105240898847, 0.000157714734087, -0.00612368294969, 0.0153350904584, -0.00545474467799], [0.000427586695878, -0.00150025472976, 0.00119623250794, -0.00177011650521, 0.000139575349749, -0.0018886779435, 0.00258978852071, -0.000322334701195, -8.96779747563e-05, 0.000549866817892, 0.002252811566, -0.00545474467799, 0.0138043733314]]
    },
    "melbands": {
        "mean": [0.0017410046421, 0.00231666630134, 0.00136254308745, 0.00104592752177, 0.000734916538931, 0.000447420752607, 0.000319637765642, 0.000669643399306, 0.000442203134298, 0.000214210929698, 0.000152947555762, 7.14945635991e-05, 7.7344244346e-05, 5.64202346141e-05, 5.60063090234e-05, 4.60206720163e-05, 4.08521336794e-05, 3.63505423593e-05, 3.72265567421e-05, 3.82841353712e-05, 2.22727830987e-05, 1.88767353393e-05, 1.84891432582e-05, 1.3395841961e-05, 1.12568295663e-05, 1.46272604979e-05, 1.47791361087e-05, 8.67336802912e-06, 6.55414396533e-06, 4.99969564771e-06, 4.98504050483e-06, 5.54512007511e-06, 5.05662683281e-06, 4.13963880419e-06, 3.30702118845e-06, 3.64477523362e-06, 3.6240821828e-06, 2.34621325035e-06, 1.16455703392e-06, 6.58602971271e-07]
    },
    "melbands128": {
        "mean": [0.000355386262527, 0.00139347638469, 0.00195274711587, 0.003082272131, 0.0027860768605, 0.00148135994095, 0.000996382092126, 0.00158459122758, 0.00161242485046, 0.000773195875809, 0.000863500346895, 0.00107241608202, 0.000634002382867, 0.000449818180641, 0.000321191037074, 0.000564021989703, 0.000523200898897, 0.000193319589016, 0.000159409304615, 0.000687373743858, 0.000976373674348, 0.000454603898106, 0.000418117007939, 0.000316819758154, 0.00034427412902, 8.64889952936e-05, 0.000125414750073, 0.000246748590143, 6.93425827194e-05, 9.34651907301e-05, 5.83087712585e-05, 5.18350934726e-05, 8.76708363649e-05, 0.000104525955976, 3.34334872605e-05, 5.62066670682e-05, 6.75703849993e-05, 2.90704501822e-05, 8.26629402582e-05, 5.85851921642e-05, 3.53696268576e-05, 2.74420144706e-05, 4.31705338997e-05, 5.08663615619e-05, 2.56106322922e-05, 3.33929565386e-05, 5.04037852807e-05, 3.083737829e-05, 3.10823124892e-05, 5.33550082764e-05, 3.90289642382e-05, 2.77376766462e-05, 1.62563610502e-05, 2.26832071348e-05, 2.7929978387e-05, 1.199905455e-05, 1.61852149176e-05, 2.82027722278e-05, 1.37578972499e-05, 1.27600515043e-05, 1.55097823153e-05, 1.11172312245e-05, 1.19145661301e-05, 1.13314372356e-05, 1.05448607428e-05, 1.42543867696e-05, 1.64170087373e-05, 1.86906381714e-05, 1.27102448459e-05, 1.34355123009e-05, 8.14405211713e-06, 6.68454094921e-06, 6.93512129146e-06, 6.99650399838e-06, 5.55239921596e-06, 4.53765187558e-06, 4.70215536552e-06, 5.96882046011e-06, 4.52953418062e-06, 4.69847100248e-06, 5.58753936275e-06, 5.66662447454e-06, 5.97022608417e-06, 4.90823367727e-06, 4.60934825242e-06, 4.05695118388e-06, 4.08827781939e-06, 3.95183178625e-06, 3.14529870593e-06, 2.94210576612e-06, 3.22659138874e-06, 3.8729199332e-06, 4.34977573605e-06, 3.70725501853e-06, 3.24449092659e-06, 2.70705436378e-06, 2.22233552449e-06, 1.73188470853e-06, 1.20029437767e-06, 8.42538213419e-07, 7.49497758079e-07, 6.26803284831e-07, 5.56517250061e-07, 4.91870252972e-07, 4.31263629252e-07, 3.39806376815e-07, 2.67477759053e-07, 2.10232386166e-07, 1.56903411153e-07, 1.1054367377e-07, 7.06572151898e-08, 5.04965029791e-08, 3.602484e-08, 2.56026062573e-08, 1.66910130162e-08, 1.29794939241e-08, 1.03126707174e-08, 7.87863019269e-09, 5.25544008312e-09, 3.75439768163e-09, 2.20418971963e-09, 1.23171006727e-09, 7.18970383229e-10, 3.97988225709e-10, 2.36810376864e-10, 1.46461232031e-10, 1.00753995425e-10, 9.21662537956e-11]
    },
    "mfcc": {
        "mean": [-632.915222168, 99.635635376, 8.30735683441, 22.1641178131, 0.264629125595, 2.33040070534, -7.89270162582, -0.0997434929013, -8.36302471161, 0.947773694992, -3.90806388855, -2.2946741581, -2.67925095558],
        "cov": [[12916.4179688, 1171.17797852, 508.821502686, 634.334594727, 3.3610188961, 351.146209717, 300.833404541, 384.096374512, 221.247344971, 505.740447998, 291.235748291, 237.657455444, 98.9348526001], [1171.17797852, 915.81829834, -31.4534606934, 178.758209229, 129.049255371, 158.36126709, 169.70022583, 123.179321289, 140.175415039, 102.123062134, 131.687149048, 89.353225708, 114.635864258], [508.821502686, -31.4534606934, 543.682250977, 220.464141846, 143.310119629, 170.168884277, 163.923583984, 120.925102234, 73.2344055176, 89.0329208374, 98.0861816406, 109.126937866, 31.5222549438], [634.334594727, 178.758209229, 220.464141846, 383.535888672, 183.65411377, 162.524276733, 135.534790039, 128.900848389, 122.927856445, 81.7712478638, 80.7698745728, 110.757743835, 72.3901062012], [3.3610188961, 129.049255371, 143.310119629, 183.65411377, 340.532348633, 129.171005249, 68.2147216797, 92.8849029541, 131.968261719, 77.783531189, 29.256860733, 60.9066505432, 60.9540023804], [351.146209717, 158.36126709, 170.168884277, 162.524276733, 129.171005249, 310.100341797, 211.129470825, 115.300338745, 157.903076172, 81.5025787354, 104.707359314, 92.9178161621, 56.172706604], [300.833404541, 169.70022583, 163.923583984, 135.534790039, 68.2147216797, 211.129470825, 299.038146973, 133.276504517, 127.757461548, 83.1754989624, 112.12285614, 93.0998153687, 51.2565002441], [384.096374512, 123.179321289, 120.925102234, 128.900848389, 92.8849029541, 115.300338745, 133.276504517, 191.846374512, 112.658248901, 92.4971160889, 86.9757461548, 81.1464309692, 58.6537208557], [221.247344971, 140.175415039, 73.2344055176, 122.927856445, 131.968261719, 157.903076172, 127.757461548, 112.658248901, 241.40802002, 108.81325531, 78.3751220703, 70.506690979, 56.0613899231], [505.740447998, 102.123062134, 89.0329208374, 81.7712478638, 77.783531189, 81.5025787354, 83.1754989624, 92.4971160889, 108.81325531, 190.134689331, 106.978126526, 67.9481582642, 35.6793937683], [291.235748291, 131.687149048, 98.0861816406, 80.7698745728, 29.256860733, 104.707359314, 112.12285614, 86.9757461548, 78.3751220703, 106.978126526, 180.070770264, 101.266983032, 51.6459655762], [237.657455444, 89.353225708, 109.126937866, 110.757743835, 60.9066505432, 92.9178161621, 93.0998153687, 81.1464309692, 70.506690979, 67.9481582642, 101.266983032, 151.909347534, 66.3116149902], [98.9348526001, 114.635864258, 31.5222549438, 72.3901062012, 60.9540023804, 56.172706604, 51.2565002441, 58.6537208557, 56.0613899231, 35.6793937683, 51.6459655762, 66.3116149902, 109.350189209]],
        "icov": [[0.000111751265649, -0.000155531306518, -9.37295917538e-05, -0.000145638114191, 0.000227714059292, -8.97803183761e-05, 0.000133220775751, -0.000104335202195, 7.50053586671e-05, -0.000320809573168, 0.000174802451511, -2.12897593883e-05, 9.46531363297e-05], [-0.000155531306518, 0.00178968720138, 0.000844799913466, -0.000329963106196, -0.000615893863142, 2.76683367701e-05, -0.000764802389313, 9.34484123718e-05, -2.64446171059e-05, 0.0003391118953, -0.001004011021, 0.000447010912467, -0.00101707642898], [-9.37295917538e-05, 0.000844799913466, 0.00332451611757, -0.00107283541001, -0.000935252406634, -0.000558208615985, -0.000985609134659, -0.000414769456256, 0.00105265865568, -0.000143815603224, -0.0006958101294, -0.000675470510032, 0.000689073873218], [-0.000145638114191, -0.000329963106196, -0.00107283541001, 0.00524054281414, -0.0015596676385, -0.00041471485747, -8.33174781292e-05, -0.0007955035544, -0.000366346881492, 0.000668012653477, 0.000337997800671, -0.00142725510523, -0.00045840346138], [0.000227714059292, -0.000615893863142, -0.000935252406634, -0.0015596676385, 0.00561168696731, -0.00127557548694, 0.00158099026885, -0.000631127564702, -0.00131395889912, -0.00163777335547, 0.00229264632799, -4.38244314864e-05, -0.000981823541224], [-8.97803183761e-05, 2.76683367701e-05, -0.000558208615985, -0.00041471485747, -0.00127557548694, 0.00835563149303, -0.00405401643366, 0.000824096321594, -0.00267576542683, 0.00139736616984, -0.00152662640903, -0.000127348204842, 7.88107572589e-05], [0.000133220775751, -0.000764802389313, -0.000985609134659, -8.33174781292e-05, 0.00158099026885, -0.00405401643366, 0.008414901793, -0.00263105728664, -0.000554970814846, -5.2477033023e-05, -0.000567008391954, -0.000475093489513, 0.000546195369679], [-0.000104335202195, 9.34484123718e-05, -0.000414769456256, -0.0007955035544, -0.000631127564702, 0.000824096321594, -0.00263105728664, 0.0106332991272, -0.0017179189017, -0.00138467620127, -0.000747812679037, -0.00061329692835, -0.00184152647853], [7.50053586671e-05, -2.64446171059e-05, 0.00105265865568, -0.000366346881492, -0.00131395889912, -0.00267576542683, -0.000554970814846, -0.0017179189017, 0.00884625036269, -0.00301238428801, 0.000572189630475, -4.38319984823e-05, -0.000608549278695], [-0.000320809573168, 0.0003391118953, -0.000143815603224, 0.000668012653477, -0.00163777335547, 0.00139736616984, -5.2477033023e-05, -0.00138467620127, -0.00301238428801, 0.0109946802258, -0.00535969948396, 0.00015749168233, 0.000889254850335], [0.000174802451511, -0.001004011021, -0.0006958101294, 0.000337997800671, 0.00229264632799, -0.00152662640903, -0.000567008391954, -0.000747812679037, 0.000572189630475, -0.00535969948396, 0.0135630117729, -0.00526680285111, -0.000712120672688], [-2.12897593883e-05, 0.000447010912467, -0.000675470510032, -0.00142725510523, -4.38244314864e-05, -0.000127348204842, -0.000475093489513, -0.00061329692835, -4.38319984823e-05, 0.00015749168233, -0.00526680285111, 0.0141437221318, -0.00478666741401], [9.46531363297e-05, -0.00101707642898, 0.000689073873218, -0.00045840346138, -0.000981823541224, 7.88107572589e-05, 0.000546195369679, -0.00184152647853, -0.000608549278695, 0.000889254850335, -0.000712120672688, -0.00478666741401, 0.0147297857329]]
    },
    "spectral_contrast_coeffs": {
        "mean": [-0.664539158344, -0.698649168015, -0.753525316715, -0.773162066936, -0.780613601208, -0.76122123003]
    },
    "spectral_contrast_valleys": {
        "mean": [-7.10317468643, -7.03286075592, -7.77021408081, -7.88308191299, -7.62212944031, -9.93432235718]
    }
},
"rhythm": {
    "beats_count": 352,
    "beats_loudness": {
        "mean": 0.0408166795969
    },
    "bpm": 109.909301758,
    "bpm_histogram_first_peak_bpm": 110,
    "bpm_histogram_first_peak_weight": 0.260330557823,
    "bpm_histogram_second_peak_bpm": 140,
    "bpm_histogram_second_peak_spread": 0.638297915459,
    "bpm_histogram_second_peak_weight": 0.048433046788,
    "danceability": 0.981177687645,
    "onset_rate": 3.59226369858,
    "beats_loudness_band_ratio": {
        "mean": [0.450699925423, 0.224206358194, 0.204711303115, 0.0739031508565, 0.0634747594595, 0.0560273379087]
    },
    "beats_position": [0.522448956966, 1.06811785698, 1.6137868166, 2.17106580734, 2.72834467888, 3.27401351929, 3.8196823597, 4.3653512001, 4.8994102478, 5.44507932663, 6.00235795975, 6.5596370697, 7.10530614853, 7.65097475052, 8.19664382935, 8.74231243134, 9.287981987, 9.82204055786, 10.3677091599, 10.9017686844, 11.4242172241, 11.9350566864, 12.445895195, 12.9683446884, 13.4675731659, 13.966802597, 14.4776411057, 14.9420404434, 15.3948297501, 15.8592290878, 16.3120174408, 16.7648067474, 17.2175960541, 17.6819953918, 18.1115646362, 18.5179138184, 18.9242630005, 19.3306121826, 19.7369613647, 20.1433105469, 20.549659729, 21.0256690979, 21.5132884979, 21.9892959595, 22.4653053284, 22.9413146973, 23.4289340973, 23.9165534973, 24.40417099, 24.89179039, 25.2749195099, 25.6696586609, 26.0643978119, 26.4591369629, 26.8887062073, 27.3182754517, 27.747844696, 28.1658039093, 28.5953731537, 29.0133323669, 29.4429016113, 29.8724708557, 30.3136501312, 30.7548294067, 31.1960086823, 31.6371879578, 32.0783653259, 32.5195465088, 32.960723877, 33.3902931213, 33.8082542419, 34.2262115479, 34.6557807922, 35.1085700989, 35.572971344, 35.9909286499, 36.4088897705, 36.8500671387, 37.2912483215, 37.7440338135, 38.1736030579, 38.5915641785, 39.0327415466, 39.4855308533, 39.9267120361, 40.3562812805, 40.7742385864, 41.2154197693, 41.6682090759, 42.1209983826, 42.5389556885, 42.9569168091, 43.3980941772, 43.8392753601, 44.2920608521, 44.8493423462, 45.4066200256, 45.9522895813, 46.497959137, 47.0320167542, 47.5776863098, 48.1233558655, 48.6690254211, 49.2263031006, 49.7603607178, 50.3176422119, 50.8633079529, 51.4089775085, 51.9546470642, 52.5003166199, 53.0343742371, 53.5916557312, 54.1373214722, 54.6829910278, 55.2170524597, 55.7627182007, 56.3083877563, 56.854057312, 57.3997268677, 57.9453964233, 58.491065979, 59.03673172, 59.5824012756, 60.1396827698, 60.673740387, 61.2194099426, 61.7650794983, 62.310749054, 62.8564147949, 63.4020843506, 63.9477539062, 64.5050354004, 65.0507049561, 65.5963668823, 66.1304321289, 66.6761016846, 67.2217712402, 67.7674331665, 68.3131027222, 68.8587722778, 69.4044418335, 69.9384994507, 70.4957809448, 71.0414505005, 71.5871200562, 72.1327896118, 72.6784591675, 73.2241287231, 73.7697982788, 74.3154602051, 74.8611297607, 75.4067993164, 75.9524688721, 76.4981384277, 77.0438079834, 77.5894775391, 78.1351470947, 78.6808166504, 79.2148742676, 79.7605438232, 80.3178253174, 80.8634872437, 81.4091567993, 81.9432220459, 82.4888839722, 83.0345535278, 83.5802230835, 84.1258926392, 84.6715621948, 85.2172317505, 85.7512893677, 86.3085708618, 86.8542404175, 87.3999099731, 87.9455795288, 88.4912490845, 89.0369110107, 89.5825805664, 90.116645813, 90.6739196777, 91.2195892334, 91.7652587891, 92.3225402832, 92.8682098389, 93.4022674561, 93.9479370117, 94.4936065674, 95.0508804321, 95.5965499878, 96.130607605, 96.6762771606, 97.2103347778, 97.7560043335, 98.3132858276, 98.8705673218, 99.4162368774, 99.9502944946, 100.49596405, 101.041633606, 101.587303162, 102.132965088, 102.678634644, 103.224304199, 103.769973755, 104.315643311, 104.861312866, 105.41859436, 105.964263916, 106.509933472, 107.043991089, 107.578048706, 108.123718262, 108.669387817, 109.215057373, 109.760726929, 110.318000793, 110.852058411, 111.397727966, 111.943397522, 112.489067078, 113.034736633, 113.580406189, 114.126075745, 114.683357239, 115.229019165, 115.774688721, 116.308753967, 116.854415894, 117.400085449, 117.945755005, 118.491424561, 119.037094116, 119.582763672, 120.116821289, 120.662490845, 121.2081604, 121.753829956, 122.299499512, 122.845169067, 123.390838623, 123.936508179, 124.482177734, 125.039451599, 125.573509216, 126.119178772, 126.664848328, 127.222129822, 127.756187439, 128.301864624, 128.847518921, 129.404800415, 129.962081909, 130.519363403, 131.088256836, 131.65713501, 132.226028442, 132.806533813, 133.387023926, 134.072021484, 134.768615723, 135.465209961, 136.161804199, 136.788757324, 137.41569519, 138.042633057, 138.599899292, 139.168792725, 139.737686157, 140.31817627, 140.863845825, 141.409515381, 141.943572998, 142.500854492, 143.046524048, 143.592193604, 144.126251221, 144.683532715, 145.217590332, 145.763259888, 146.308929443, 146.866210938, 147.400268555, 147.94593811, 148.491607666, 149.037277222, 149.582946777, 150.128616333, 150.674285889, 151.219955444, 151.765625, 152.311294556, 152.856964111, 153.414230347, 153.959899902, 154.505569458, 155.039627075, 155.585296631, 156.130966187, 156.676635742, 157.222305298, 157.767974854, 158.313644409, 158.847702026, 159.393371582, 159.939041138, 160.484710693, 161.030380249, 161.576049805, 162.12171936, 162.667388916, 163.213058472, 163.758728027, 164.304397583, 164.850067139, 165.395736694, 165.94140625, 166.487075806, 167.032745361, 167.578414917, 168.124084473, 168.669754028, 169.215423584, 169.761077881, 170.306747437, 170.852416992, 171.398086548, 171.943756104, 172.489425659, 173.035095215, 173.580764771, 174.126434326, 174.672103882, 175.217773438, 175.624130249, 176.030471802, 176.436828613, 176.854782104, 177.272735596, 177.679092407, 178.097045898, 178.515014648, 178.921356201, 179.339309692, 179.745666504, 180.163619995, 180.593200684, 181.022766113, 181.452331543, 181.881896973, 182.311477661, 182.741043091, 183.205444336],
    "bpm_histogram": [0, 0, 0, 0, 0, 0, 0, 0, 0, 0, 0, 0, 0, 0, 0, 0, 0, 0, 0, 0, 0, 0, 0, 0, 0, 0, 0, 0, 0, 0, 0, 0, 0, 0, 0, 0, 0, 0, 0, 0, 0, 0, 0, 0, 0, 0, 0, 0, 0, 0, 0, 0, 0, 0, 0, 0, 0, 0, 0, 0, 0, 0, 0, 0, 0, 0, 0, 0, 0, 0, 0, 0, 0, 0, 0, 0, 0, 0, 0, 0, 0, 0, 0, 0, 0, 0, 0.00854700896889, 0, 0.00284900283441, 0, 0, 0, 0, 0, 0, 0, 0.00854700896889, 0, 0, 0, 0, 0, 0, 0.00854700896889, 0, 0.0142450146377, 0, 0, 0.0911680907011, 0, 0.509971499443, 0, 0.0883190855384, 0, 0, 0.00569800566882, 0, 0.00854700896889, 0, 0, 0.00569800566882, 0, 0, 0.0142450146377, 0, 0, 0.0113960113376, 0, 0, 0.0142450146377, 0, 0, 0, 0.0284900292754, 0, 0, 0.0398860387504, 0, 0, 0, 0.048433046788, 0, 0, 0, 0.0455840453506, 0, 0, 0, 0.0341880358756, 0, 0, 0, 0.00854700896889, 0, 0, 0, 0, 0.00284900283441, 0, 0, 0, 0, 0, 0, 0, 0, 0, 0, 0, 0, 0, 0, 0, 0, 0, 0, 0, 0, 0, 0, 0, 0, 0, 0, 0, 0, 0, 0, 0, 0, 0, 0, 0, 0, 0, 0, 0, 0, 0, 0, 0, 0, 0, 0, 0, 0, 0, 0, 0, 0, 0, 0, 0, 0, 0, 0, 0, 0, 0, 0, 0, 0, 0, 0, 0, 0, 0, 0, 0, 0, 0, 0, 0, 0, 0, 0, 0, 0, 0, 0, 0, 0, 0, 0, 0, 0, 0, 0, 0, 0]
},
"tonal": {
    "chords_changes_rate": 0.0474388077855,
    "chords_number_rate": 0.00201867264695,
    "chords_strength": {
        "mean": 0.546900451183
    },
    "hpcp_crest": {
        "mean": 15.0826749802
    },
    "hpcp_entropy": {
        "mean": 1.78700220585
    },
    "key_edma": {
        "strength": 0.84891730547,
        "key": "C",
        "scale": "major"
    },
    "key_krumhansl": {
        "strength": 0.851380228996,
        "key": "C",
        "scale": "major"
    },
    "key_temperley": {
        "strength": 0.847250938416,
        "key": "C",
        "scale": "major"
    },
    "tuning_diatonic_strength": 0.717621922493,
    "tuning_equal_tempered_deviation": 0.22801604867,
    "tuning_frequency": 434.193115234,
    "tuning_nontempered_energy_ratio": 0.956126570702,
    "hpcp": {
        "mean": [0.0581650584936, 0.0686977505684, 0.0543672256172, 0.0470040775836, 0.0331286713481, 0.0276246387511, 0.0754748880863, 0.110857270658, 0.110841467977, 0.280407786369, 0.316395163536, 0.115599691868, 0.0361328534782, 0.0323958024383, 0.0449662841856, 0.107016891241, 0.136757582426, 0.0763815417886, 0.0337117724121, 0.0343083664775, 0.0511853285134, 0.131381362677, 0.184694394469, 0.165757670999, 0.222941443324, 0.198572739959, 0.0935287624598, 0.0750942081213, 0.0670557022095, 0.0972822532058, 0.364029079676, 0.425506770611, 0.155989870429, 0.0473685450852, 0.0346657522023, 0.0327742099762]
    },
    "chords_histogram": [58.5415077209, 6.13171815872, 14.0550088882, 0, 0, 0, 0, 0, 0.706535458565, 0, 0, 0, 0, 1.28690385818, 0, 5.29901599884, 0, 0.984102964401, 0.883169293404, 2.11960625648, 1.43830430508, 0.908402740955, 7.26722192764, 0.378501147032],
    "thpcp": [1, 0.366597861052, 0.111322656274, 0.081469334662, 0.0770239457488, 0.136695966125, 0.161449253559, 0.127770528197, 0.110466107726, 0.0778569802642, 0.0649217367172, 0.177376464009, 0.260529994965, 0.260492831469, 0.658997237682, 0.743572592735, 0.27167531848, 0.0849172249436, 0.0761346369982, 0.105677008629, 0.251504570246, 0.321399301291, 0.179507225752, 0.0792273432016, 0.0806294232607, 0.120292626321, 0.308764457703, 0.434057474136, 0.389553546906, 0.52394336462, 0.466673523188, 0.219805583358, 0.176481813192, 0.157590210438, 0.228626802564, 0.855518877506],
    "chords_key": "C",
    "chords_scale": "major"
}
}