{
"metadata": {
    "version": {
        "essentia": "2.1-beta6-dev",
        "essentia_git_sha": "v2.1_beta5-1177-g1d1cc983",
        "extractor": "music 2.0"
    },
    "audio_properties": {
        "analysis": {
            "equal_loudness": 0,
            "length": 248.039993286,
            "sample_rate": 44100,
            "start_time": 0,
            "downmix": "mix"
        },
        "bit_rate": 1411200,
        "length": 248.039993286,
        "lossless": 1,
        "number_channels": 2,
        "replay_gain": -16.3371276855,
        "sample_rate": 44100,
        "codec": "pcm_s16le",
        "md5_encoded": "d9744e6a6531ddba7668ae003f87e38d"
    },
    "tags": {
        "file_name": "11 - The Front Bottoms - Plastic Flowers.wav",
        "album": ["Back on Top"],
        "albumartist": ["The Front Bottoms"],
        "artist": ["The Front Bottoms"],
        "copyright": ["© 2015 Fueled By Ramen LLC for the United States and WEA International Inc. for the world outside of the United States. A Warner Music Group Company ℗ 2015 Fueled By Ramen LLC"],
        "date": ["2015"],
        "discnumber": ["1"],
        "disctotal": ["1"],
        "genre": ["Alternative & Indie"],
        "isrc": ["USAT21502137"],
        "title": ["Plastic Flowers"],
        "tracknumber": ["11"],
        "tracktotal": ["11"]
    }
},
"lowlevel": {
    "average_loudness": 0.945940375328,
    "barkbands_crest": {
        "mean": 10.8247842789
    },
    "barkbands_flatness_db": {
        "mean": 0.123822644353
    },
    "barkbands_kurtosis": {
        "mean": 7.25214624405
    },
    "barkbands_skewness": {
        "mean": 1.67178344727
    },
    "barkbands_spread": {
        "mean": 35.3420982361
    },
    "dissonance": {
        "mean": 0.482939988375
    },
    "dynamic_complexity": 2.81583356857,
    "erbbands_crest": {
        "mean": 7.10817050934
    },
    "erbbands_flatness_db": {
        "mean": 0.139022380114
    },
    "erbbands_kurtosis": {
        "mean": 0.289976298809
    },
    "erbbands_skewness": {
        "mean": -0.557508349419
    },
    "erbbands_spread": {
        "mean": 49.4293556213
    },
    "hfc": {
        "mean": 25.6775550842
    },
    "loudness_ebu128": {
        "integrated": -6.32188606262,
        "loudness_range": 4.88057041168,
        "momentary": {
            "mean": -7.48758840561
        },
        "short_term": {
            "mean": -6.84528255463
        }
    },
    "melbands_crest": {
        "mean": 16.6478462219
    },
    "melbands_flatness_db": {
        "mean": 0.181013524532
    },
    "melbands_kurtosis": {
        "mean": 25.106180191
    },
    "melbands_skewness": {
        "mean": 3.63593959808
    },
    "melbands_spread": {
        "mean": 33.7280502319
    },
    "pitch_salience": {
        "mean": 0.504300117493
    },
    "silence_rate_20dB": {
        "mean": 1
    },
    "silence_rate_30dB": {
        "mean": 0.9745413661
    },
    "silence_rate_60dB": {
        "mean": 0.0495132915676
    },
    "spectral_centroid": {
        "mean": 2123.78662109
    },
    "spectral_complexity": {
        "mean": 26.0469856262
    },
    "spectral_decrease": {
        "mean": -8.02941890754e-09
    },
    "spectral_energy": {
        "mean": 0.0326338857412
    },
    "spectral_energyband_high": {
        "mean": 0.00162854616065
    },
    "spectral_energyband_low": {
        "mean": 0.019192757085
    },
    "spectral_energyband_middle_high": {
        "mean": 0.00524768326432
    },
    "spectral_energyband_middle_low": {
        "mean": 0.00767990155146
    },
    "spectral_entropy": {
        "mean": 7.79944372177
    },
    "spectral_flux": {
        "mean": 0.0896013081074
    },
    "spectral_kurtosis": {
        "mean": 2.80517435074
    },
    "spectral_rms": {
        "mean": 0.00515436986461
    },
    "spectral_rolloff": {
        "mean": 2274.32055664
    },
    "spectral_skewness": {
        "mean": 0.994215130806
    },
    "spectral_spread": {
        "mean": 4335996.5
    },
    "spectral_strongpeak": {
        "mean": 0.602607190609
    },
    "zerocrossingrate": {
        "mean": 0.0768111124635
    },
    "barkbands": {
        "mean": [0.000334148848196, 0.012183489278, 0.00568782165647, 0.00229657208547, 0.00261052045971, 0.000874177378137, 0.000554229598492, 0.000485797587316, 0.000632653420325, 0.000661779660732, 0.000241728906985, 0.000222122427658, 0.000240626657614, 0.000307237380184, 0.000454083812656, 0.000506394368131, 0.000783173076343, 0.000591695075855, 0.000947047257796, 0.000690181332175, 0.000485728087369, 0.000265322392806, 0.000275155325653, 0.000233617000049, 5.1821123634e-05, 1.36827084134e-05, 2.77041544905e-06]
    },
    "erbbands": {
        "mean": [0.347620844841, 2.72924494743, 6.6024851799, 6.98431587219, 10.1176223755, 7.4526553154, 5.73652267456, 8.11016178131, 9.03570175171, 8.22612762451, 10.1970558167, 16.7802696228, 17.135011673, 17.2576522827, 11.4299383163, 9.86246967316, 11.6379489899, 15.7004652023, 24.940618515, 20.8247528076, 33.6009712219, 38.419342041, 35.6829910278, 33.7995414734, 54.0826950073, 31.6951637268, 23.5181732178, 15.751663208, 10.2452869415, 7.88446521759, 7.69253015518, 6.35543012619, 2.95982027054, 0.785659909248, 0.303623139858, 0.0931269675493, 0.0190784856677, 0.00327889085747, 0.000491160608362, 6.94227346685e-05]
    },
    "gfcc": {
        "mean": [9.873960495, 77.0741195679, -120.800941467, 66.0584259033, -52.0546913147, 10.555516243, -32.1376953125, 10.7504749298, -18.0288028717, -4.67151403427, -12.3103733063, -6.73286628723, -10.9290065765],
        "cov": [[9360.11425781, -638.685424805, -456.912231445, 474.933868408, -434.913848877, 612.503356934, -218.795074463, 351.869445801, -245.836990356, 163.435150146, -244.177597046, 55.8054046631, -116.787193298], [-638.685424805, 945.859008789, -225.201797485, -29.8915424347, 141.403137207, -208.73336792, 142.635925293, -82.2850875854, 101.456604004, -82.5547027588, 76.2391052246, -58.7348365784, 8.19340419769], [-456.912231445, -225.201797485, 747.988830566, 131.881515503, 167.158691406, 108.639755249, 37.2654495239, 51.3043899536, 5.17663669586, 56.132434845, -20.8441429138, 40.2764396667, -3.33195161819], [474.933868408, -29.8915424347, 131.881515503, 331.884338379, 107.842048645, 91.2415847778, 66.2456207275, 22.6416416168, 57.1610031128, 50.8583221436, 13.006778717, 20.6440219879, 28.6135044098], [-434.913848877, 141.403137207, 167.158691406, 107.842048645, 350.020690918, 35.513469696, 165.483322144, 14.1567001343, 79.1240768433, 60.5945205688, 22.5451564789, 30.4011592865, 18.0843391418], [612.503356934, -208.73336792, 108.639755249, 91.2415847778, 35.513469696, 259.756622314, 72.0861968994, 87.9327163696, 7.4261598587, 50.3551254272, -1.29294168949, 25.6128482819, 15.6978874207], [-218.795074463, 142.635925293, 37.2654495239, 66.2456207275, 165.483322144, 72.0861968994, 248.326690674, 41.2637939453, 77.5983200073, 33.1004295349, 15.5966024399, 24.6445426941, 21.8698863983], [351.869445801, -82.2850875854, 51.3043899536, 22.6416416168, 14.1567001343, 87.9327163696, 41.2637939453, 146.508209229, 25.2330226898, 31.4203605652, 16.5769538879, 10.8685407639, -2.01614332199], [-245.836990356, 101.456604004, 5.17663669586, 57.1610031128, 79.1240768433, 7.4261598587, 77.5983200073, 25.2330226898, 118.631080627, 33.9848937988, 35.2124824524, 8.0157365799, 21.351474762], [163.435150146, -82.5547027588, 56.132434845, 50.8583221436, 60.5945205688, 50.3551254272, 33.1004295349, 31.4203605652, 33.9848937988, 98.2625198364, 14.5589838028, 27.3801860809, 2.06062364578], [-244.177597046, 76.2391052246, -20.8441429138, 13.006778717, 22.5451564789, -1.29294168949, 15.5966024399, 16.5769538879, 35.2124824524, 14.5589838028, 102.952339172, 9.33300304413, 11.6350908279], [55.8054046631, -58.7348365784, 40.2764396667, 20.6440219879, 30.4011592865, 25.6128482819, 24.6445426941, 10.8685407639, 8.0157365799, 27.3801860809, 9.33300304413, 74.0920791626, 25.1100788116], [-116.787193298, 8.19340419769, -3.33195161819, 28.6135044098, 18.0843391418, 15.6978874207, 21.8698863983, -2.01614332199, 21.351474762, 2.06062364578, 11.6350908279, 25.1100788116, 64.0341720581]],
        "icov": [[0.00029172594077, -0.000299426377751, 0.000352443574229, -0.000615640776232, 0.00029262699536, -0.000679273332935, 0.000477695313748, -0.000682861194946, 0.000661303231027, -0.000598766840994, 0.000868236238603, -0.000597033300437, 0.000638159574009], [-0.000299426377751, 0.00266574998386, 9.67378655332e-05, 0.000585213012528, -0.00110969133675, 0.0022466678638, -0.00189593643881, 0.00123427377548, -0.00169240089599, 0.00253985496238, -0.00227351579815, 0.00197681458667, -0.000574142788537], [0.000352443574229, 9.67378655332e-05, 0.00226230337285, -0.0011665119091, -0.0008036045474, -0.000967810628936, 0.000908126821741, -0.00112288701348, 0.000922718259972, -0.000367586821085, 0.00126822211314, -0.00113296217751, 0.00130608107429], [-0.000615640776232, 0.000585213012528, -0.0011665119091, 0.00533631071448, -0.00119283865206, 0.000195613654796, -0.000772620958742, 0.00201816321351, -0.0027182251215, 0.000467000267236, -0.00175482023042, 0.00163276342209, -0.00245665176772], [0.00029262699536, -0.00110969133675, -0.0008036045474, -0.00119283865206, 0.00598478224128, -0.000384636339732, -0.00220174621791, 1.40373031172e-05, 0.000179795257282, -0.00298175425269, 0.000912544142921, -0.00117795879487, 0.000655506679323], [-0.000679273332935, 0.0022466678638, -0.000967810628936, 0.000195613654796, -0.000384636339732, 0.00890089198947, -0.00384318269789, -0.00107560819015, 2.35887382587e-05, 0.000540253007784, -0.00251060351729, 0.00240167672746, -0.00296966754831], [0.000477695313748, -0.00189593643881, 0.000908126821741, -0.000772620958742, -0.00220174621791, -0.00384318269789, 0.00913376640528, -0.00215906812809, -0.00154175516218, -0.00067809940083, 0.00298969564028, -0.00293800979853, 0.00102757604327], [-0.000682861194946, 0.00123427377548, -0.00112288701348, 0.00201816321351, 1.40373031172e-05, -0.00107560819015, -0.00215906812809, 0.0112414807081, -0.003643310396, 0.000828579941299, -0.00354504585266, 0.00142168928869, 0.000262271147221], [0.000661303231027, -0.00169240089599, 0.000922718259972, -0.0027182251215, 0.000179795257282, 2.35887382587e-05, -0.00154175516218, -0.003643310396, 0.0163543578237, -0.00579569768161, -0.000426778540714, 0.000617870362476, -0.0023908263538], [-0.000598766840994, 0.00253985496238, -0.000367586821085, 0.000467000267236, -0.00298175425269, 0.000540253007784, -0.00067809940083, 0.000828579941299, -0.00579569768161, 0.0180181972682, -0.00339050753973, -0.00273000239395, 0.00236177770421], [0.000868236238603, -0.00227351579815, 0.00126822211314, -0.00175482023042, 0.000912544142921, -0.00251060351729, 0.00298969564028, -0.00354504585266, -0.000426778540714, -0.00339050753973, 0.0146606517956, -0.00349254906178, 0.000906700035557], [-0.000597033300437, 0.00197681458667, -0.00113296217751, 0.00163276342209, -0.00117795879487, 0.00240167672746, -0.00293800979853, 0.00142168928869, 0.000617870362476, -0.00273000239395, -0.00349254906178, 0.0204781573266, -0.00885205622762], [0.000638159574009, -0.000574142788537, 0.00130608107429, -0.00245665176772, 0.000655506679323, -0.00296966754831, 0.00102757604327, 0.000262271147221, -0.0023908263538, 0.00236177770421, 0.000906700035557, -0.00885205622762, 0.0222475640476]]
    },
    "melbands": {
        "mean": [0.00324998237193, 0.00343835935928, 0.0013652095804, 0.000631226634141, 0.000224622126552, 0.000177754409378, 0.000132651723106, 9.25827989704e-05, 8.18077969598e-05, 0.000106393163151, 8.43200396048e-05, 7.24230485503e-05, 3.39830003213e-05, 2.88449373329e-05, 2.24243522098e-05, 2.52725694736e-05, 2.95643603749e-05, 3.90594177588e-05, 2.66071983788e-05, 3.48986141034e-05, 4.15506474383e-05, 4.13233647123e-05, 3.89251254092e-05, 2.5910740078e-05, 2.53956604865e-05, 4.264519157e-05, 3.10628747684e-05, 1.85451517609e-05, 1.60590279847e-05, 1.05278932097e-05, 8.5840392785e-06, 6.01193505645e-06, 4.41050951849e-06, 4.46956983069e-06, 4.4157350203e-06, 4.65394396088e-06, 3.51456037606e-06, 2.29035481425e-06, 1.16636647363e-06, 4.82897576148e-07]
    },
    "melbands128": {
        "mean": [0.000323857093463, 0.00256914505735, 0.00455377437174, 0.00445646513253, 0.0037234579213, 0.00257219513878, 0.00130999053363, 0.00123540265486, 0.00108763552271, 0.000581818749197, 0.000372116861399, 0.000274835794698, 0.000178015077836, 0.000160738520208, 0.000204694530112, 0.000170740488102, 0.000152319888002, 0.000139991432661, 9.21344471863e-05, 8.08502227301e-05, 0.000105891624116, 8.00239358796e-05, 8.59437132021e-05, 6.45105246804e-05, 0.000119754156913, 0.000128718849737, 6.26072724117e-05, 0.000100093238871, 6.19195634499e-05, 0.000115973700304, 5.9575355408e-05, 2.26280444622e-05, 2.95648387691e-05, 5.17861590197e-05, 2.3432301532e-05, 2.57789888565e-05, 2.99345410895e-05, 1.52253405759e-05, 2.45500541496e-05, 2.87760722131e-05, 2.70993878075e-05, 1.55724119395e-05, 3.0487539334e-05, 4.02494406444e-05, 2.09791814996e-05, 4.64051045128e-05, 5.36453699169e-05, 1.75001277967e-05, 2.13789389818e-05, 2.39562614297e-05, 4.27185659646e-05, 3.90369386878e-05, 3.06404072035e-05, 4.68930338684e-05, 5.81449930905e-05, 3.47027489624e-05, 2.94164128718e-05, 4.87446923216e-05, 3.77763499273e-05, 3.42282837664e-05, 2.07553348446e-05, 2.34466169786e-05, 2.7258271075e-05, 2.29371380556e-05, 2.73416080745e-05, 4.89019184897e-05, 5.02055700053e-05, 3.33130883519e-05, 2.91253345495e-05, 2.29990419029e-05, 1.62163069035e-05, 1.933047497e-05, 1.56755922944e-05, 1.74336819327e-05, 1.34833417178e-05, 1.02399108073e-05, 9.37029108172e-06, 9.62695776252e-06, 9.37192362471e-06, 6.4385699261e-06, 6.00943349127e-06, 6.24085078016e-06, 4.74247235616e-06, 4.04517868446e-06, 4.45920477432e-06, 3.69807821698e-06, 4.54714381704e-06, 5.92527658227e-06, 3.86253941542e-06, 3.61913589586e-06, 5.16988484378e-06, 4.63377773485e-06, 4.57579471913e-06, 3.68954238184e-06, 2.78520201391e-06, 2.48026094596e-06, 2.31879221246e-06, 1.81908399099e-06, 1.2481440308e-06, 8.10034634924e-07, 5.29688747974e-07, 4.08382817341e-07, 4.41963805997e-07, 4.09088244169e-07, 3.42373795092e-07, 2.87922773623e-07, 2.52301475712e-07, 1.94566879941e-07, 1.40137686344e-07, 1.18696128482e-07, 9.92145743339e-08, 7.01875535469e-08, 4.86156714885e-08, 3.77612074942e-08, 3.03816563019e-08, 2.68686051186e-08, 2.29760797055e-08, 1.79557062552e-08, 1.62418327676e-08, 1.41421612199e-08, 1.2819076467e-08, 1.23883951986e-08, 9.20817111449e-09, 6.23956086798e-09, 5.23271337372e-09, 4.66251082187e-09, 5.22820586824e-09, 5.60826762808e-09]
    },
    "mfcc": {
        "mean": [-623.436645508, 91.215423584, -1.41518712044, 48.9146003723, 9.33109664917, 6.57930612564, 1.00158929825, 10.5139541626, -0.605740845203, 7.59439134598, -3.75312924385, 3.32381081581, -1.84530830383],
        "cov": [[7695.05664062, -808.693603516, 19.5734043121, 5.51465797424, -20.5346031189, 151.139556885, 84.5966873169, 111.036529541, 22.3626918793, 217.184738159, -96.791633606, -82.8650054932, -147.582519531], [-808.693603516, 890.099975586, -210.241577148, 116.3828125, -33.455280304, -54.4679756165, -5.82274866104, 2.23948979378, -2.73450183868, -46.3740921021, 37.3875923157, 0.608537912369, 41.9536857605], [19.5734043121, -210.241577148, 486.904846191, 27.832988739, 102.41468811, 43.4211883545, 40.4269561768, 28.3689422607, 13.3596792221, 23.4048919678, 5.55976629257, 10.6556301117, -20.3195056915], [5.51465797424, 116.3828125, 27.832988739, 332.334472656, 77.6919631958, 112.992256165, 22.9740276337, 26.553730011, 52.8398742676, 27.377374649, 26.2424030304, 33.074131012, 39.7225379944], [-20.5346031189, -33.455280304, 102.41468811, 77.6919631958, 179.440383911, 51.1593704224, 35.263710022, 16.9821453094, 13.5828990936, 38.4077949524, 21.6182994843, 15.5736474991, 12.6069087982], [151.139556885, -54.4679756165, 43.4211883545, 112.992256165, 51.1593704224, 224.971725464, 77.0573501587, 46.0225257874, 77.7142028809, 37.9169578552, 32.2824745178, 27.4941940308, 1.94752430916], [84.5966873169, -5.82274866104, 40.4269561768, 22.9740276337, 35.263710022, 77.0573501587, 139.685592651, 72.203453064, 43.6926841736, 43.7575912476, 39.591709137, 16.1054153442, 5.75712966919], [111.036529541, 2.23948979378, 28.3689422607, 26.553730011, 16.9821453094, 46.0225257874, 72.203453064, 114.842658997, 56.9303970337, 39.4774398804, 22.9430351257, 20.4085674286, 13.6626338959], [22.3626918793, -2.73450183868, 13.3596792221, 52.8398742676, 13.5828990936, 77.7142028809, 43.6926841736, 56.9303970337, 125.467048645, 38.9661750793, 26.9528751373, 14.7473468781, 11.1549062729], [217.184738159, -46.3740921021, 23.4048919678, 27.377374649, 38.4077949524, 37.9169578552, 43.7575912476, 39.4774398804, 38.9661750793, 109.743995667, 38.7361717224, 12.8201961517, 0.662103772163], [-96.791633606, 37.3875923157, 5.55976629257, 26.2424030304, 21.6182994843, 32.2824745178, 39.591709137, 22.9430351257, 26.9528751373, 38.7361717224, 87.5170059204, 28.048915863, 14.1724157333], [-82.8650054932, 0.608537912369, 10.6556301117, 33.074131012, 15.5736474991, 27.4941940308, 16.1054153442, 20.4085674286, 14.7473468781, 12.8201961517, 28.048915863, 85.3481903076, 30.6407032013], [-147.582519531, 41.9536857605, -20.3195056915, 39.7225379944, 12.6069087982, 1.94752430916, 5.75712966919, 13.6626338959, 11.1549062729, 0.662103772163, 14.1724157333, 30.6407032013, 73.6115188599]],
        "icov": [[0.000167561069247, 0.000143694196595, 7.75415246608e-05, -9.69394895947e-05, 9.18165460462e-05, -6.07886431681e-05, -2.39398559643e-05, -0.00018428171461, 0.000148561201058, -0.000351072842022, 0.000245215225732, 0.000100852135802, 0.000241173154791], [0.000143694196595, 0.00165284285322, 0.000687062856741, -0.000911753741093, 0.000130332744448, 0.000724001729395, -0.000341379432939, -0.000420438096626, 7.28804225218e-05, 0.000703810132109, -0.000835655664559, 0.000441284966655, 5.08264711243e-05], [7.75415246608e-05, 0.000687062856741, 0.00273184035905, -0.000313890486723, -0.00137234141584, 0.000252533442108, -0.000405013532145, -0.000588190392591, 4.39075265604e-05, 0.00040643295506, -5.74768409933e-06, -0.000241790694417, 0.00114799221046], [-9.69394895947e-05, -0.000911753741093, -0.000313890486723, 0.00475043198094, -0.00138763606083, -0.00232710666023, 0.00126423628535, 0.000103525300801, -0.000583109504078, -0.000395911658416, 0.000271695433185, -0.000380292214686, -0.00194576696958], [9.18165460462e-05, 0.000130332744448, -0.00137234141584, -0.00138763606083, 0.00776186073199, -0.000644613755867, -0.000938689801842, 0.000586787937209, 0.00111521140207, -0.00218676892109, -0.000121157565445, 0.00018562200421, -0.00107123958878], [-6.07886431681e-05, 0.000724001729395, 0.000252533442108, -0.00232710666023, -0.000644613755867, 0.00817567110062, -0.00351223023608, 0.00105772481766, -0.00346881616861, 0.000913102645427, -0.000445058074547, -0.00139000779018, 0.00194515066687], [-2.39398559643e-05, -0.000341379432939, -0.000405013532145, 0.00126423628535, -0.000938689801842, -0.00351223023608, 0.0135805578902, -0.00682966364548, 0.00108232256025, -0.00111342256423, -0.00319616287015, 0.000994134810753, -0.00014072090562], [-0.00018428171461, -0.000420438096626, -0.000588190392591, 0.000103525300801, 0.000586787937209, 0.00105772481766, -0.00682966364548, 0.0161638446152, -0.00499867973849, -0.00192204955965, 0.00157948595006, -0.00193519738968, -0.00166628439911], [0.000148561201058, 7.28804225218e-05, 4.39075265604e-05, -0.000583109504078, 0.00111521140207, -0.00346881616861, 0.00108232256025, -0.00499867973849, 0.0130035625771, -0.00231661926955, -0.00103762990329, 0.00101478700526, -0.000845319358632], [-0.000351072842022, 0.000703810132109, 0.00040643295506, -0.000395911658416, -0.00218676892109, 0.000913102645427, -0.00111342256423, -0.00192204955965, -0.00231661926955, 0.0143611393869, -0.00524505600333, 5.95317760599e-05, 0.00122195691802], [0.000245215225732, -0.000835655664559, -5.74768409933e-06, 0.000271695433185, -0.000121157565445, -0.000445058074547, -0.00319616287015, 0.00157948595006, -0.00103762990329, -0.00524505600333, 0.0172039214522, -0.00391632225364, -0.000668655673508], [0.000100852135802, 0.000441284966655, -0.000241790694417, -0.000380292214686, 0.00018562200421, -0.00139000779018, 0.000994134810753, -0.00193519738968, 0.00101478700526, 5.95317760599e-05, -0.00391632225364, 0.0157904103398, -0.00559746287763], [0.000241173154791, 5.08264711243e-05, 0.00114799221046, -0.00194576696958, -0.00107123958878, 0.00194515066687, -0.00014072090562, -0.00166628439911, -0.000845319358632, 0.00122195691802, -0.000668655673508, -0.00559746287763, 0.0184343140572]]
    },
    "spectral_contrast_coeffs": {
        "mean": [-0.70896846056, -0.780880331993, -0.78238761425, -0.792747020721, -0.779924154282, -0.732904076576]
    },
    "spectral_contrast_valleys": {
        "mean": [-6.60912275314, -6.89260387421, -7.70402145386, -7.58067989349, -6.93549728394, -9.9728975296]
    }
},
"rhythm": {
    "beats_count": 591,
    "beats_loudness": {
        "mean": 0.0539754256606
    },
    "bpm": 142.997894287,
    "bpm_histogram_first_peak_bpm": 144,
    "bpm_histogram_first_peak_weight": 0.261904776096,
    "bpm_histogram_second_peak_bpm": 129,
    "bpm_histogram_second_peak_spread": 0.34375,
    "bpm_histogram_second_peak_weight": 0.0355932191014,
    "danceability": 1.24175345898,
    "onset_rate": 3.18069767952,
    "beats_loudness_band_ratio": {
        "mean": [0.644312798977, 0.118756443262, 0.0690116509795, 0.038606338203, 0.0761763527989, 0.0954829454422]
    },
    "beats_position": [0.452789098024, 0.917188167572, 1.38158726692, 1.84598636627, 2.31038546562, 2.77478456497, 3.23918366432, 3.70358276367, 4.15637159348, 4.59755086899, 5.05034017563, 5.4915189743, 5.93269824982, 6.38548755646, 6.84988641739, 7.31428575516, 7.77868461609, 8.23147392273, 8.6958732605, 9.17188167572, 9.65950107574, 10.1587295532, 10.6695690155, 11.1804075241, 11.6680269241, 12.1904764175, 12.7013149261, 13.2121543884, 13.6417226791, 14.1061220169, 14.5705213547, 15.0233106613, 15.4877090454, 15.9521083832, 16.4165077209, 16.8809070587, 17.3453063965, 17.8097057343, 18.2624931335, 18.7152824402, 19.1680717468, 19.6092510223, 20.0388202667, 20.4683895111, 20.9095687866, 21.339138031, 21.7570972443, 22.1750564575, 22.5930156708, 23.010974884, 23.4289340973, 23.8585033417, 24.2880725861, 24.7060317993, 25.1239910126, 25.5419502258, 25.9715194702, 26.4010887146, 26.8190479279, 27.2370071411, 27.6549663544, 28.0613155365, 28.4792747498, 28.8856239319, 29.3035831451, 29.7215423584, 30.1394996643, 30.5574588776, 30.9870281219, 31.4049873352, 31.8345565796, 32.2525177002, 32.6704750061, 33.0884361267, 33.5063934326, 33.9243545532, 34.3423118591, 34.7602729797, 35.1782302856, 35.5961914062, 36.0141487122, 36.4321098328, 36.8500671387, 37.2796363831, 37.7092056274, 38.1271629333, 38.545124054, 38.9630813599, 39.3810424805, 39.7989997864, 40.216960907, 40.6349182129, 41.0644874573, 41.4824485779, 41.9004058838, 42.3299751282, 42.7479362488, 43.1658935547, 43.5838546753, 44.0018119812, 44.4197731018, 44.8377304077, 45.2556915283, 45.6736488342, 46.0916099548, 46.5095672607, 46.9275283813, 47.3570976257, 47.7866668701, 48.204624176, 48.6225852966, 49.0405426025, 49.4585037231, 49.8764610291, 50.2944221497, 50.7123794556, 51.1303405762, 51.5482978821, 51.9662590027, 52.3842163086, 52.8021774292, 53.2201347351, 53.6380958557, 54.0676651001, 54.4972343445, 54.9151916504, 55.333152771, 55.7511100769, 56.1690673828, 56.5870285034, 57.0049858093, 57.4229469299, 57.8409042358, 58.2704734802, 58.7000427246, 59.1180038452, 59.5243530273, 59.9423103333, 60.3602714539, 60.7898406982, 61.2077980042, 61.6257591248, 62.0437164307, 62.4616775513, 62.8796348572, 63.2975959778, 63.7155532837, 64.1335144043, 64.5398635864, 64.9462127686, 65.3641738892, 65.7821273804, 66.200088501, 66.6296615601, 67.0592269897, 67.4888000488, 67.9183654785, 68.3363265991, 68.7658920288, 69.1954650879, 69.6134262085, 70.0313796997, 70.4377288818, 70.8556900024, 71.2620391846, 71.6800003052, 72.0979614258, 72.515914917, 72.9338760376, 73.3518371582, 73.7697982788, 74.18775177, 74.6173248291, 75.0468902588, 75.4648513794, 75.8828125, 76.3007659912, 76.7187271118, 77.1366882324, 77.554649353, 77.9842147827, 78.4137878418, 78.831741333, 79.2497024536, 79.6676635742, 80.0856246948, 80.503578186, 80.9215393066, 81.3395004272, 81.7574615479, 82.1754150391, 82.5933761597, 83.0229492188, 83.44090271, 83.870475769, 84.2884368896, 84.7063903809, 85.1243515015, 85.5423126221, 85.9602737427, 86.3782272339, 86.7961883545, 87.2141494751, 87.6321105957, 88.0500640869, 88.4680252075, 88.8859863281, 89.3155517578, 89.7451248169, 90.1630859375, 90.5810394287, 90.9990005493, 91.4169616699, 91.8349151611, 92.2412643433, 92.6592254639, 93.0887985229, 93.4951477051, 93.9131011963, 94.3310623169, 94.760635376, 95.1785888672, 95.5965499878, 96.0145111084, 96.432472229, 96.8504257202, 97.2799987793, 97.709564209, 98.1275253296, 98.5454864502, 98.9634475708, 99.381401062, 99.7993621826, 100.217323303, 100.635284424, 101.053237915, 101.471199036, 101.889160156, 102.307121277, 102.725074768, 103.143035889, 103.560997009, 103.97895813, 104.396911621, 104.814872742, 105.244445801, 105.650794983, 106.068748474, 106.486709595, 106.904670715, 107.322631836, 107.740585327, 108.158546448, 108.576507568, 108.994468689, 109.424034119, 109.853607178, 110.271560669, 110.68952179, 111.10748291, 111.525436401, 111.943397522, 112.361358643, 112.779319763, 113.197273254, 113.615234375, 114.033195496, 114.451156616, 114.880722046, 115.310295105, 115.728248596, 116.146209717, 116.564170837, 116.982131958, 117.411697388, 117.841270447, 118.259223938, 118.677185059, 119.095146179, 119.5131073, 119.931060791, 120.349021912, 120.766983032, 121.184944153, 121.602897644, 122.020858765, 122.438819885, 122.856781006, 123.274734497, 123.692695618, 124.110656738, 124.540222168, 124.969795227, 125.387756348, 125.828933716, 126.246894836, 126.664848328, 127.082809448, 127.512374878, 127.930335999, 128.359909058, 128.789474487, 129.207427979, 129.637008667, 130.066574097, 130.496139526, 130.914108276, 131.332061768, 131.750015259, 132.167984009, 132.574325562, 132.980682373, 133.387023926, 133.804992676, 134.211334229, 134.62928772, 135.04725647, 135.465209961, 135.883178711, 136.301132202, 136.719085693, 137.137054443, 137.566619873, 137.984573364, 138.414154053, 138.832107544, 139.250061035, 139.668029785, 140.074371338, 140.503936768, 140.921905518, 141.339859009, 141.757827759, 142.17578125, 142.593734741, 143.011703491, 143.429656982, 143.847610474, 144.265579224, 144.683532715, 145.101501465, 145.519454956, 145.937408447, 146.355377197, 146.773330688, 147.202896118, 147.632461548, 148.062042236, 148.479995728, 148.897949219, 149.315917969, 149.722259521, 150.140228271, 150.558181763, 150.976135254, 151.405715942, 151.835281372, 152.253234863, 152.671203613, 153.089157104, 153.507110596, 153.925079346, 154.343032837, 154.761001587, 155.178955078, 155.596908569, 156.014877319, 156.432830811, 156.850784302, 157.268753052, 157.698318481, 158.116271973, 158.534240723, 158.940582275, 159.358551025, 159.776504517, 160.194458008, 160.612426758, 161.041992188, 161.471557617, 161.901138306, 162.330703735, 162.748657227, 163.189834595, 163.607803345, 164.025756836, 164.432098389, 164.8384552, 165.256408691, 165.674377441, 166.092330933, 166.510284424, 166.928253174, 167.346206665, 167.764175415, 168.182128906, 168.600082397, 169.029663086, 169.459228516, 169.877182007, 170.295150757, 170.713104248, 171.131057739, 171.549026489, 171.955368042, 172.384933472, 172.802902222, 173.220855713, 173.638824463, 174.056777954, 174.474731445, 174.904312134, 175.322265625, 175.751831055, 176.169799805, 176.599365234, 177.017318726, 177.435287476, 177.864852905, 178.282806396, 178.700775146, 179.118728638, 179.536682129, 179.954650879, 180.360992432, 180.767349243, 181.185302734, 181.603256226, 182.032836914, 182.450790405, 182.880355835, 183.298324585, 183.716278076, 184.134231567, 184.552200317, 184.970153809, 185.3881073, 185.80607605, 186.224029541, 186.641998291, 187.059951782, 187.489517212, 187.907485962, 188.325439453, 188.755004883, 189.172973633, 189.590927124, 190.008880615, 190.426849365, 190.844802856, 191.262756348, 191.680725098, 192.098678589, 192.528244019, 192.957824707, 193.36416626, 193.770523071, 194.188476562, 194.606430054, 195.024398804, 195.442352295, 195.871917725, 196.301498413, 196.719451904, 197.137405396, 197.555374146, 197.973327637, 198.391296387, 198.809249878, 199.227203369, 199.645172119, 200.06312561, 200.481079102, 200.899047852, 201.317001343, 201.746566772, 202.176147461, 202.594100952, 203.012054443, 203.430023193, 203.847976685, 204.265930176, 204.683898926, 205.101852417, 205.531417847, 205.960998535, 206.390563965, 206.808517456, 207.226486206, 207.632827759, 208.050796509, 208.46875, 208.886703491, 209.304672241, 209.711013794, 210.128982544, 210.558547974, 210.976501465, 211.394470215, 211.812423706, 212.230377197, 212.648345947, 213.066299438, 213.48425293, 213.90222168, 214.320175171, 214.738143921, 215.156097412, 215.574050903, 215.992019653, 216.409973145, 216.827926636, 217.257507324, 217.687072754, 218.105026245, 218.522994995, 218.940948486, 219.358901978, 219.776870728, 220.194824219, 220.61277771, 221.042358398, 221.471923828, 221.878265381, 222.284622192, 222.702575684, 223.120544434, 223.550109863, 223.968063354, 224.374420166, 224.792373657, 225.210342407, 225.639907837, 226.069473267, 226.487426758, 226.905395508, 227.323348999, 227.752914429, 228.182495117, 228.612060547, 229.041625977, 229.471191406, 229.900772095, 230.318725586, 230.736679077, 231.154647827, 231.584213257, 232.013778687, 232.454956055, 232.896133423, 233.360534668, 233.836547852, 234.312561035, 234.77696228, 235.264572144, 235.752197266, 236.251419067, 236.576507568, 236.913192749, 237.24987793, 237.574966431, 237.911651611, 238.248336792, 238.585037231, 238.921722412, 239.258407593, 239.583480835, 239.908569336, 240.233642578, 240.558731079, 240.883804321, 241.220489502, 241.557189941, 241.905487061, 242.25378418, 242.613693237, 242.973602295, 243.287063599, 243.600540161, 243.914016724, 244.227478027, 244.55255127, 244.866027832, 245.167892456, 245.48135376, 245.806442261, 246.119903564, 246.456588745, 246.781677246, 247.106750488, 247.431838989],
    "bpm_histogram": [0, 0, 0, 0, 0, 0, 0, 0, 0, 0, 0, 0, 0, 0, 0, 0, 0, 0, 0, 0, 0, 0, 0, 0, 0, 0, 0, 0, 0, 0, 0, 0, 0, 0, 0, 0, 0, 0, 0, 0, 0, 0, 0, 0, 0, 0, 0, 0, 0, 0, 0, 0, 0, 0, 0, 0, 0, 0, 0, 0, 0, 0, 0, 0, 0, 0, 0, 0, 0, 0, 0, 0, 0, 0, 0, 0, 0, 0, 0, 0, 0, 0, 0, 0, 0, 0, 0, 0, 0, 0, 0, 0, 0, 0, 0, 0, 0, 0, 0, 0, 0, 0, 0, 0, 0, 0, 0, 0, 0, 0, 0, 0, 0, 0, 0, 0.00169491523411, 0, 0.00677966093644, 0, 0, 0.00338983046822, 0, 0, 0.00677966093644, 0, 0, 0.00508474558592, 0, 0, 0.0355932191014, 0, 0, 0, 0.0135593218729, 0, 0, 0.0152542376891, 0, 0, 0, 0.1745762676, 0, 0, 0, 0.630508482456, 0, 0, 0, 0.0491525419056, 0, 0, 0, 0, 0, 0, 0, 0, 0, 0, 0, 0, 0, 0, 0, 0, 0, 0, 0.00338983046822, 0, 0, 0, 0, 0.00338983046822, 0, 0, 0, 0, 0, 0.0169491525739, 0, 0, 0, 0, 0, 0, 0.0203389823437, 0, 0, 0, 0, 0, 0.011864406988, 0, 0, 0, 0, 0, 0, 0, 0.00169491523411, 0, 0, 0, 0, 0, 0, 0, 0, 0, 0, 0, 0, 0, 0, 0, 0, 0, 0, 0, 0, 0, 0, 0, 0, 0, 0, 0, 0, 0, 0, 0, 0, 0, 0, 0, 0, 0, 0, 0, 0, 0, 0, 0, 0, 0, 0, 0, 0, 0, 0]
},
"tonal": {
    "chords_changes_rate": 0.0585813224316,
    "chords_number_rate": 0.00149728613906,
    "chords_strength": {
        "mean": 0.499859571457
    },
    "hpcp_crest": {
        "mean": 12.6329984665
    },
    "hpcp_entropy": {
        "mean": 2.11616444588
    },
    "key_edma": {
        "strength": 0.758161664009,
        "key": "F",
        "scale": "major"
    },
    "key_krumhansl": {
        "strength": 0.770200610161,
        "key": "F",
        "scale": "major"
    },
    "key_temperley": {
        "strength": 0.78570240736,
        "key": "F",
        "scale": "major"
    },
    "tuning_diatonic_strength": 0.67574685812,
    "tuning_equal_tempered_deviation": 0.257734626532,
    "tuning_frequency": 434.193115234,
    "tuning_nontempered_energy_ratio": 0.958254992962,
    "hpcp": {
        "mean": [0.134886726737, 0.127964109182, 0.0786182060838, 0.139602527022, 0.195958465338, 0.135540738702, 0.0986354649067, 0.104603230953, 0.116480641067, 0.221658095717, 0.231264203787, 0.0993440076709, 0.0513309314847, 0.0478696785867, 0.0505635216832, 0.106802284718, 0.13357552886, 0.0824071466923, 0.0505374073982, 0.0407902859151, 0.0404050238431, 0.0756106972694, 0.0991005524993, 0.12321986258, 0.243389770389, 0.244062826037, 0.11738384515, 0.0806040689349, 0.073560424149, 0.0827377811074, 0.17860814929, 0.196875557303, 0.102457486093, 0.0715376511216, 0.0740627795458, 0.0895884037018]
    },
    "chords_histogram": [28.6730308533, 3.31274557114, 19.3149909973, 0.336889386177, 5.10948896408, 0, 0.0748643055558, 0, 0, 0.0935803875327, 0, 0, 0, 0.0374321527779, 0, 0.561482310295, 0, 11.7349805832, 0.524050176144, 0.898371696472, 0.131012544036, 5.03462457657, 19.9700546265, 4.19240140915],
    "thpcp": [1, 0.480957508087, 0.330259501934, 0.30139952898, 0.339001983404, 0.731812179089, 0.806659340858, 0.419799625874, 0.293111622334, 0.303457856178, 0.367071062326, 0.552672147751, 0.524308085442, 0.322122812271, 0.571994245052, 0.802901744843, 0.555351853371, 0.404139637947, 0.428591400385, 0.477256804705, 0.908200979233, 0.94756013155, 0.407042771578, 0.210318520665, 0.196136698127, 0.207174196839, 0.437601596117, 0.547299742699, 0.337647259235, 0.207067206502, 0.167130276561, 0.165551736951, 0.30980014801, 0.406045258045, 0.50486946106, 0.9972422719],
    "chords_key": "F",
    "chords_scale": "major"
}
}