{
"metadata": {
    "version": {
        "essentia": "2.1-beta6-dev",
        "essentia_git_sha": "v2.1_beta5-1177-g1d1cc983",
        "extractor": "music 2.0"
    },
    "audio_properties": {
        "analysis": {
            "equal_loudness": 0,
            "length": 205.320007324,
            "sample_rate": 44100,
            "start_time": 0,
            "downmix": "mix"
        },
        "bit_rate": 1411200,
        "length": 205.320007324,
        "lossless": 1,
        "number_channels": 2,
        "replay_gain": -13.3681049347,
        "sample_rate": 44100,
        "codec": "pcm_s16le",
        "md5_encoded": "87abb9ccf857cdaa8084512a23a3d352"
    },
    "tags": {
        "file_name": "05 - The Front Bottoms - Rhode Island.wav",
        "album": ["The Front Bottoms"],
        "albumartist": ["The Front Bottoms"],
        "artist": ["The Front Bottoms"],
        "copyright": ["2011 Bar None Records 2011 Bar None Records"],
        "date": ["2011"],
        "discnumber": ["1"],
        "disctotal": ["1"],
        "genre": ["Rock"],
        "isrc": ["US37V1120705"],
        "title": ["Rhode Island"],
        "tracknumber": ["5"],
        "tracktotal": ["12"]
    }
},
"lowlevel": {
    "average_loudness": 0.852622568607,
    "barkbands_crest": {
        "mean": 8.11144638062
    },
    "barkbands_flatness_db": {
        "mean": 0.0953527241945
    },
    "barkbands_kurtosis": {
        "mean": 1.14301168919
    },
    "barkbands_skewness": {
        "mean": 0.836402595043
    },
    "barkbands_spread": {
        "mean": 37.5032539368
    },
    "dissonance": {
        "mean": 0.473622441292
    },
    "dynamic_complexity": 3.6983423233,
    "erbbands_crest": {
        "mean": 7.84259366989
    },
    "erbbands_flatness_db": {
        "mean": 0.131512776017
    },
    "erbbands_kurtosis": {
        "mean": 0.901030898094
    },
    "erbbands_skewness": {
        "mean": -0.234934031963
    },
    "erbbands_spread": {
        "mean": 39.3455352783
    },
    "hfc": {
        "mean": 28.6086711884
    },
    "loudness_ebu128": {
        "integrated": -10.3904819489,
        "loudness_range": 6.95106124878,
        "momentary": {
            "mean": -11.9145212173
        },
        "short_term": {
            "mean": -11.3248586655
        }
    },
    "melbands_crest": {
        "mean": 12.5137405396
    },
    "melbands_flatness_db": {
        "mean": 0.147953405976
    },
    "melbands_kurtosis": {
        "mean": 9.71001338959
    },
    "melbands_skewness": {
        "mean": 2.28606176376
    },
    "melbands_spread": {
        "mean": 42.7070617676
    },
    "pitch_salience": {
        "mean": 0.562733054161
    },
    "silence_rate_20dB": {
        "mean": 1
    },
    "silence_rate_30dB": {
        "mean": 0.996720969677
    },
    "silence_rate_60dB": {
        "mean": 0.108774311841
    },
    "spectral_centroid": {
        "mean": 1930.50366211
    },
    "spectral_complexity": {
        "mean": 19.7038669586
    },
    "spectral_decrease": {
        "mean": -5.23909493566e-09
    },
    "spectral_energy": {
        "mean": 0.0223684608936
    },
    "spectral_energyband_high": {
        "mean": 0.00165198254399
    },
    "spectral_energyband_low": {
        "mean": 0.00837745517492
    },
    "spectral_energyband_middle_high": {
        "mean": 0.00748051004484
    },
    "spectral_energyband_middle_low": {
        "mean": 0.0057830484584
    },
    "spectral_entropy": {
        "mean": 7.89223432541
    },
    "spectral_flux": {
        "mean": 0.0812441110611
    },
    "spectral_kurtosis": {
        "mean": 3.3092751503
    },
    "spectral_rms": {
        "mean": 0.00419273134321
    },
    "spectral_rolloff": {
        "mean": 2798.80249023
    },
    "spectral_skewness": {
        "mean": 1.37920713425
    },
    "spectral_spread": {
        "mean": 5726244.5
    },
    "spectral_strongpeak": {
        "mean": 0.906696081161
    },
    "zerocrossingrate": {
        "mean": 0.0976351574063
    },
    "barkbands": {
        "mean": [6.13346128375e-05, 0.00485303020105, 0.00270773097873, 0.00149301008787, 0.00203209882602, 0.000351233640686, 0.000308269518428, 0.000659584649839, 0.000610379793216, 0.000820670917165, 0.000768642988987, 0.000804893032182, 0.00102250638884, 0.000935406133067, 0.000807682634331, 0.000489301630296, 0.000682447978761, 0.000568535528146, 0.000587988877669, 0.000238754728343, 0.000223570255912, 0.000392877263948, 0.000324701075442, 0.000288800423732, 0.000211550985114, 9.79701508186e-05, 2.29411307373e-05]
    },
    "erbbands": {
        "mean": [0.0942486524582, 1.23960781097, 3.12296056747, 4.41893529892, 7.68567323685, 5.23095607758, 2.69709634781, 3.19984841347, 4.18928003311, 8.87403202057, 14.3612756729, 16.203289032, 22.5278072357, 23.4617977142, 32.0168647766, 41.3840560913, 50.5722770691, 48.2314567566, 43.0813751221, 38.0957603455, 26.5371570587, 35.1845779419, 36.9840202332, 23.7263450623, 28.7748794556, 11.1568384171, 7.39003992081, 11.4418888092, 13.7311792374, 11.6905012131, 9.22036266327, 6.64624023438, 4.44855165482, 2.71713018417, 1.32265722752, 0.590454041958, 0.139309316874, 0.0266492385417, 0.0034513368737, 0.00028448694502]
    },
    "gfcc": {
        "mean": [14.8204965591, 50.5430641174, -113.038208008, 36.6422805786, -42.2519454956, 30.1663303375, -39.1071014404, 7.9643535614, -24.4162082672, -3.58127737045, -18.7884521484, -2.86726880074, -19.2094783783],
        "cov": [[7523.13134766, -963.84552002, -132.764251709, 295.53717041, -415.817596436, 358.129455566, 84.2235641479, 193.096725464, -97.797088623, 25.3778247833, -84.2357177734, 15.7233228683, -155.672195435], [-963.84552002, 1148.07312012, -338.300994873, -70.5375061035, 174.169219971, -100.401451111, 45.612411499, 0.427325308323, 58.9655647278, -71.9492111206, 73.435295105, -52.1320571899, 32.8972625732], [-132.764251709, -338.300994873, 789.435241699, 195.985198975, 98.0579071045, 85.7340164185, -7.45819616318, -47.3385543823, 5.85940361023, 106.458320618, -46.9345664978, 53.7234840393, 11.2007112503], [295.53717041, -70.5375061035, 195.985198975, 587.783203125, 32.896812439, 64.6863021851, 38.184009552, 10.5247411728, 33.7065811157, 39.3878211975, 5.74400997162, 6.7098903656, 35.8093528748], [-415.817596436, 174.169219971, 98.0579071045, 32.896812439, 323.933013916, -1.97719788551, -22.5201320648, -21.913476944, 27.9781665802, 13.3760757446, -0.230988323689, 3.43854141235, 21.7748031616], [358.129455566, -100.401451111, 85.7340164185, 64.6863021851, -1.97719788551, 259.912811279, 85.8918151855, 18.7989234924, 0.817557513714, 46.0016975403, -8.06698131561, 11.0043554306, -1.69735324383], [84.2235641479, 45.612411499, -7.45819616318, 38.184009552, -22.5201320648, 85.8918151855, 207.782409668, 66.0154190063, 10.2730436325, 1.95538556576, 17.4971313477, 8.68275260925, 3.3212146759], [193.096725464, 0.427325308323, -47.3385543823, 10.5247411728, -21.913476944, 18.7989234924, 66.0154190063, 140.835037231, 42.617893219, 11.7746543884, 20.0911388397, 2.90053939819, -5.05780887604], [-97.797088623, 58.9655647278, 5.85940361023, 33.7065811157, 27.9781665802, 0.817557513714, 10.2730436325, 42.617893219, 91.0204162598, 42.4727592468, 19.2492580414, -6.3779964447, 0.56546908617], [25.3778247833, -71.9492111206, 106.458320618, 39.3878211975, 13.3760757446, 46.0016975403, 1.95538556576, 11.7746543884, 42.4727592468, 105.99105072, 20.7727985382, 13.7663211823, -8.00192070007], [-84.2357177734, 73.435295105, -46.9345664978, 5.74400997162, -0.230988323689, -8.06698131561, 17.4971313477, 20.0911388397, 19.2492580414, 20.7727985382, 72.5194473267, 10.4079751968, 0.724941253662], [15.7233228683, -52.1320571899, 53.7234840393, 6.7098903656, 3.43854141235, 11.0043554306, 8.68275260925, 2.90053939819, -6.3779964447, 13.7663211823, 10.4079751968, 66.4923706055, 19.6961917877], [-155.672195435, 32.8972625732, 11.2007112503, 35.8093528748, 21.7748031616, -1.69735324383, 3.3212146759, -5.05780887604, 0.56546908617, -8.00192070007, 0.724941253662, 19.6961917877, 56.7318572998]],
        "icov": [[0.000193510131794, 0.000102786711068, 0.000125492413645, -0.000154081208166, 0.000104398415715, -0.000224353527301, 9.75822331384e-05, -0.000285383750452, 0.000220876740059, 3.82293137591e-06, 0.000206943848752, -0.000187610610737, 0.000526758783963], [0.000102786711068, 0.00149733247235, 0.000517591775861, 3.15888064506e-05, -0.000771268794779, 0.000168638682226, -0.000556582934223, 0.000489036901854, -0.00094875972718, 0.000906329136342, -0.00117223279085, 0.000835298909806, -0.000468815327622], [0.000125492413645, 0.000517591775861, 0.00220269733109, -0.000605267065112, -0.00067353725899, -6.81506644469e-05, -0.000272870791377, 0.000516634027008, 0.000302765052766, -0.00184595887549, 0.00163351953961, -0.00126549170818, 0.000464981712867], [-0.000154081208166, 3.15888064506e-05, -0.000605267065112, 0.00217214343138, -7.11193497409e-05, -0.000122443714645, -0.000311898387736, 0.000250636250712, -0.000825700641144, 9.74369468167e-05, -0.000711338710971, 0.000969638291281, -0.00193402019795], [0.000104398415715, -0.000771268794779, -0.00067353725899, -7.11193497409e-05, 0.00401483755559, -0.000382896483643, 0.00067878398113, 0.000162278607604, -0.000835591403302, 1.96465698536e-05, 0.000500671332702, -0.000317274359986, -0.000551270146389], [-0.000224353527301, 0.000168638682226, -6.81506644469e-05, -0.000122443714645, -0.000382896483643, 0.00558642344549, -0.00253464002162, 0.000430250016507, 0.000938045443036, -0.00279158074409, 0.0011548610637, 0.000342403684044, -0.0006585586234], [9.75822331384e-05, -0.000556582934223, -0.000272870791377, -0.000311898387736, 0.00067878398113, -0.00253464002162, 0.00716824783012, -0.00326772360131, 0.000711381318979, 0.00126044533681, -0.00102840492036, -0.000715362781193, 0.000226114920224], [-0.000285383750452, 0.000489036901854, 0.000516634027008, 0.000250636250712, 0.000162278607604, 0.000430250016507, -0.00326772360131, 0.0110706854612, -0.00594273069873, 0.00119858118705, -0.00139303435571, -0.000827056588605, 0.000335225369781], [0.000220876740059, -0.00094875972718, 0.000302765052766, -0.000825700641144, -0.000835591403302, 0.000938045443036, 0.000711381318979, -0.00594273069873, 0.0192910376936, -0.00854471325874, -4.30017644248e-05, 0.00303592556156, -0.0010559821967], [3.82293137591e-06, 0.000906329136342, -0.00184595887549, 9.74369468167e-05, 1.96465698536e-05, -0.00279158074409, 0.00126044533681, 0.00119858118705, -0.00854471325874, 0.0179737135768, -0.00566475326195, -0.00215826975182, 0.00317191216163], [0.000206943848752, -0.00117223279085, 0.00163351953961, -0.000711338710971, 0.000500671332702, 0.0011548610637, -0.00102840492036, -0.00139303435571, -4.30017644248e-05, -0.00566475326195, 0.0193726923317, -0.00460700038821, 0.00170582102146], [-0.000187610610737, 0.000835298909806, -0.00126549170818, 0.000969638291281, -0.000317274359986, 0.000342403684044, -0.000715362781193, -0.000827056588605, 0.00303592556156, -0.00215826975182, -0.00460700038821, 0.0208066813648, -0.00876067858189], [0.000526758783963, -0.000468815327622, 0.000464981712867, -0.00193402019795, -0.000551270146389, -0.0006585586234, 0.000226114920224, 0.000335225369781, -0.0010559821967, 0.00317191216163, 0.00170582102146, -0.00876067858189, 0.0241592079401]]
    },
    "melbands": {
        "mean": [0.00112924072891, 0.00166471384, 0.000870340445545, 0.000486871984322, 0.000116049865028, 7.24993733456e-05, 6.30816284684e-05, 0.00010717852274, 0.000118364543596, 9.55391442403e-05, 0.000111491783173, 9.27499932004e-05, 0.000108572923637, 9.43401246332e-05, 0.000112230729428, 9.30893875193e-05, 9.26087232074e-05, 6.96218485245e-05, 5.35346116521e-05, 4.52099520771e-05, 2.92527074635e-05, 3.35047079716e-05, 4.41508054791e-05, 2.55973864114e-05, 1.71391930053e-05, 2.61133372987e-05, 1.31774513648e-05, 5.97179951001e-06, 4.47877118859e-06, 4.66716210212e-06, 7.42612201066e-06, 7.6325786722e-06, 7.67839355831e-06, 6.01058445682e-06, 5.42973566553e-06, 4.4017701839e-06, 4.05267155656e-06, 3.17263425131e-06, 2.68072994913e-06, 2.18164541366e-06]
    },
    "melbands128": {
        "mean": [5.77616519877e-05, 0.000512708968017, 0.00162345671561, 0.00222670705989, 0.00175088678952, 0.00129515479784, 0.000878065882716, 0.000739311275538, 0.00087584805442, 0.00051293883007, 0.000224389470532, 0.000173726701178, 7.44595454307e-05, 6.08840091445e-05, 6.54270188534e-05, 8.75346522662e-05, 8.08596014394e-05, 4.76821805933e-05, 5.23932867509e-05, 0.000108168060251, 0.000129437103169, 0.000118228788779, 0.000123532881844, 0.000100352706795, 0.000129944310174, 6.87058854965e-05, 7.63438292779e-05, 0.000150456849951, 9.8750962934e-05, 0.000103438185761, 7.32098778826e-05, 0.000100070225017, 0.000136121176183, 0.000107106367068, 4.22943885496e-05, 0.000118389354611, 0.000136879039928, 6.14696109551e-05, 0.000153001354192, 0.0001282212761, 6.15905009909e-05, 6.90142114763e-05, 9.51062975219e-05, 0.000111140681838, 7.06329301465e-05, 5.8890083892e-05, 7.59894755902e-05, 4.70577979286e-05, 4.59459733975e-05, 6.11989817116e-05, 4.58339927718e-05, 3.17851772706e-05, 1.93150626728e-05, 3.49549009115e-05, 3.56132077286e-05, 2.47529114858e-05, 3.46844863088e-05, 6.16234538029e-05, 4.00061398977e-05, 3.02030457533e-05, 2.99859075312e-05, 1.5948608052e-05, 1.48688177433e-05, 1.59393130161e-05, 2.30728746828e-05, 3.30381844833e-05, 2.34331091633e-05, 1.56809692271e-05, 1.18703810585e-05, 8.46914645081e-06, 4.76411923955e-06, 5.74007026444e-06, 4.84002566736e-06, 4.05445643992e-06, 4.56810312244e-06, 3.13469195135e-06, 5.84083772992e-06, 6.28568113825e-06, 7.90823287389e-06, 8.3238364823e-06, 6.83298185322e-06, 7.85031807027e-06, 8.28792053653e-06, 7.80170921644e-06, 7.28347140466e-06, 5.83959217693e-06, 6.10964389125e-06, 5.14491830472e-06, 5.44822296433e-06, 5.46079627384e-06, 5.16686759511e-06, 3.77709852728e-06, 3.79558559871e-06, 4.27200666309e-06, 4.13167208535e-06, 3.37500591741e-06, 2.91124433716e-06, 2.97044084618e-06, 2.74523586086e-06, 2.61047580352e-06, 2.16157286559e-06, 2.26333918363e-06, 1.9408200842e-06, 1.83679310339e-06, 1.50135178956e-06, 1.19138223909e-06, 1.05141396034e-06, 9.69908114712e-07, 1.10155747279e-06, 1.18738364563e-06, 6.03306432367e-07, 4.74201101497e-07, 3.75229973315e-07, 2.99916308677e-07, 2.64401961658e-07, 2.24791662617e-07, 1.9144658836e-07, 1.54462412638e-07, 1.22188808405e-07, 1.01537466435e-07, 9.0308667211e-08, 7.6565882523e-08, 7.38608108009e-08, 6.97358402135e-08, 6.24599039156e-08, 5.94447726598e-08, 4.63502374259e-08, 2.92297528404e-08]
    },
    "mfcc": {
        "mean": [-630.004943848, 84.8807296753, -3.00400924683, 15.0563325882, 20.7061424255, 16.7109451294, 3.7771794796, 12.2472763062, -2.67596507072, 2.92918562889, 4.34345674515, -5.2668261528, -4.02167749405],
        "cov": [[7094.03515625, -1063.82275391, 92.9097213745, -99.322845459, -308.444122314, 30.8926944733, 123.674491882, 197.118789673, 31.3161334991, 43.8218994141, 105.965309143, 93.0686798096, -27.5173721313], [-1063.82275391, 1085.8581543, -375.478607178, -103.228607178, 67.9493331909, -102.74899292, -14.5894441605, 5.04607152939, -31.5289592743, 11.5466976166, -16.1024684906, -26.8958110809, 10.968506813], [92.9097213745, -375.478607178, 604.073852539, 142.449203491, 20.1666164398, 156.24395752, 36.0339927673, -27.3408813477, 54.387840271, 1.86855995655, 26.7603244781, 28.61353302, -4.70391607285], [-99.322845459, -103.228607178, 142.449203491, 432.759216309, 110.455207825, 60.964931488, 1.66006779671, 1.02785646915, 31.7757873535, 21.6517353058, -16.9981994629, 16.1187171936, 6.76082992554], [-308.444122314, 67.9493331909, 20.1666164398, 110.455207825, 293.911773682, 64.7893447876, -30.0232219696, -47.7231636047, 12.4674978256, 3.31648778915, -13.374124527, -1.62092351913, 6.0582242012], [30.8926944733, -102.74899292, 156.24395752, 60.964931488, 64.7893447876, 237.705932617, 69.1263885498, -9.79775714874, 42.5015602112, 2.39241504669, 16.0843009949, 22.7676544189, -21.7710895538], [123.674491882, -14.5894441605, 36.0339927673, 1.66006779671, -30.0232219696, 69.1263885498, 136.387924194, 62.8535652161, 30.7300662994, 12.668255806, 20.2493228912, 11.9080038071, -1.99838542938], [197.118789673, 5.04607152939, -27.3408813477, 1.02785646915, -47.7231636047, -9.79775714874, 62.8535652161, 119.354911804, 37.6453933716, 12.8355932236, 13.3863449097, 6.6540555954, 6.49592256546], [31.3161334991, -31.5289592743, 54.387840271, 31.7757873535, 12.4674978256, 42.5015602112, 30.7300662994, 37.6453933716, 94.0122070312, 32.70287323, 14.4865760803, 10.0193080902, 2.87499260902], [43.8218994141, 11.5466976166, 1.86855995655, 21.6517353058, 3.31648778915, 2.39241504669, 12.668255806, 12.8355932236, 32.70287323, 87.3868484497, 39.2840270996, 12.1778974533, 6.87403059006], [105.965309143, -16.1024684906, 26.7603244781, -16.9981994629, -13.374124527, 16.0843009949, 20.2493228912, 13.3863449097, 14.4865760803, 39.2840270996, 88.2065963745, 38.3806037903, 12.476307869], [93.0686798096, -26.8958110809, 28.61353302, 16.1187171936, -1.62092351913, 22.7676544189, 11.9080038071, 6.6540555954, 10.0193080902, 12.1778974533, 38.3806037903, 75.4850463867, 30.1037368774], [-27.5173721313, 10.968506813, -4.70391607285, 6.76082992554, 6.0582242012, -21.7710895538, -1.99838542938, 6.49592256546, 2.87499260902, 6.87403059006, 12.476307869, 30.1037368774, 73.856590271]],
        "icov": [[0.000187156241736, 0.000208856217796, 7.99148183432e-05, 5.06923752255e-05, 6.85401610099e-05, -1.25617380036e-05, -4.29222154708e-06, -0.000288801296847, 0.000117133633466, -9.86627128441e-05, -5.40514301974e-05, -0.000197830901016, 0.000149511368363], [0.000208856217796, 0.00146331742872, 0.000789224810433, 0.000207337390748, -0.000369189481717, 0.000211640188354, -0.000340210535796, -0.000188689678907, 0.000154954264872, -0.00031748355832, -4.09729109379e-05, -4.58758040622e-05, 4.09804561059e-05], [7.99148183432e-05, 0.000789224810433, 0.00273604039103, -0.000617807265371, 0.000324433116475, -0.0010520122014, -0.000266596616711, 0.00104192306753, -0.00113989401143, 0.000682724406943, -0.000903556938283, 0.000138312010677, -0.000215106963878], [5.06923752255e-05, 0.000207337390748, -0.000617807265371, 0.00303515046835, -0.00110636011232, -0.000127685110783, 0.000263259047642, -0.000898707017768, 0.000176785528311, -0.00133946735878, 0.00169370800722, -0.00104581774212, 6.81364763295e-05], [6.85401610099e-05, -0.000369189481717, 0.000324433116475, -0.00110636011232, 0.00473450962454, -0.00169350462966, 0.00118971394841, 0.00138388003688, -0.000831819837913, 5.03137416672e-05, 4.05083264923e-05, 0.000695406866726, -0.00103737309109], [-1.25617380036e-05, 0.000211640188354, -0.0010520122014, -0.000127685110783, -0.00169350462966, 0.00789777375758, -0.00463617965579, 0.00282884179614, -0.00248097931035, 0.00128334143665, -0.00027942986344, -0.0023440469522, 0.00298106763512], [-4.29222154708e-06, -0.000340210535796, -0.000266596616711, 0.000263259047642, 0.00118971394841, -0.00463617965579, 0.0131428046152, -0.00692202802747, 0.000712831737474, -0.000757165427785, -0.000805312709417, 0.000539231172297, -0.000532971404027], [-0.000288801296847, -0.000188689678907, 0.00104192306753, -0.000898707017768, 0.00138388003688, 0.00282884179614, -0.00692202802747, 0.015410172753, -0.00609337165952, 0.00173974735662, -0.00105221022386, 0.000308619637508, -0.000626036489848], [0.000117133633466, 0.000154954264872, -0.00113989401143, 0.000176785528311, -0.000831819837913, -0.00248097931035, 0.000712831737474, -0.00609337165952, 0.0166028998792, -0.00602918304503, 0.00154373107944, -0.000415019021602, -0.00035279369331], [-9.86627128441e-05, -0.00031748355832, 0.000682724406943, -0.00133946735878, 5.03137416672e-05, 0.00128334143665, -0.000757165427785, 0.00173974735662, -0.00602918304503, 0.0174082405865, -0.00829081516713, 0.00199028034694, -0.000419078394771], [-5.40514301974e-05, -4.09729109379e-05, -0.000903556938283, 0.00169370800722, 4.05083264923e-05, -0.00027942986344, -0.000805312709417, -0.00105221022386, 0.00154373107944, -0.00829081516713, 0.0195431448519, -0.00876130256802, 0.000739711336792], [-0.000197830901016, -4.58758040622e-05, 0.000138312010677, -0.00104581774212, 0.000695406866726, -0.0023440469522, 0.000539231172297, 0.000308619637508, -0.000415019021602, 0.00199028034694, -0.00876130256802, 0.0217446070164, -0.00827502645552], [0.000149511368363, 4.09804561059e-05, -0.000215106963878, 6.81364763295e-05, -0.00103737309109, 0.00298106763512, -0.000532971404027, -0.000626036489848, -0.00035279369331, -0.000419078394771, 0.000739711336792, -0.00827502645552, 0.0178745705634]]
    },
    "spectral_contrast_coeffs": {
        "mean": [-0.714212715626, -0.761748194695, -0.733882963657, -0.75808018446, -0.761607944965, -0.782385349274]
    },
    "spectral_contrast_valleys": {
        "mean": [-6.94095373154, -7.41429901123, -7.82787227631, -7.54009246826, -7.56590175629, -9.49919700623]
    }
},
"rhythm": {
    "beats_count": 495,
    "beats_loudness": {
        "mean": 0.0289764665067
    },
    "bpm": 144.47203064,
    "bpm_histogram_first_peak_bpm": 144,
    "bpm_histogram_first_peak_weight": 0.343220353127,
    "bpm_histogram_second_peak_bpm": 152,
    "bpm_histogram_second_peak_spread": 0,
    "bpm_histogram_second_peak_weight": 0.0222672056407,
    "danceability": 1.11469399929,
    "onset_rate": 4.28569889069,
    "beats_loudness_band_ratio": {
        "mean": [0.441020190716, 0.128152653575, 0.0847891196609, 0.166031852365, 0.135676965117, 0.112875089049]
    },
    "beats_position": [0.359909296036, 0.766258478165, 1.18421769142, 1.60217678547, 2.02013611794, 2.43809509277, 2.85605430603, 3.27401351929, 3.69197273254, 4.1099319458, 4.52789115906, 4.94585037231, 5.36380958557, 5.78176879883, 6.19972801208, 6.6176867485, 7.02403593063, 7.4303855896, 7.84834432602, 8.25469398499, 8.67265319824, 9.10222244263, 9.53179073334, 9.94974994659, 10.379319191, 10.7856683731, 11.1920175552, 11.6099767685, 12.0279359818, 12.445895195, 12.8638544083, 13.2818136215, 13.6997728348, 14.117732048, 14.5356912613, 14.9536504745, 15.3716096878, 15.7895689011, 16.2075271606, 16.6254863739, 17.031835556, 17.4381847382, 17.8561439514, 18.2741031647, 18.6920623779, 19.1100215912, 19.5279808044, 19.9459400177, 20.363899231, 20.7818584442, 21.1998176575, 21.6177768707, 22.035736084, 22.4536952972, 22.8832645416, 23.3012237549, 23.707572937, 24.1255321503, 24.5551013947, 24.9614505768, 25.37940979, 25.7973690033, 26.2153282166, 26.6216773987, 27.0396366119, 27.4459857941, 27.8639450073, 28.2819042206, 28.6998634338, 29.1178226471, 29.5357818604, 29.9537410736, 30.3717002869, 30.7896595001, 31.2192287445, 31.6255779266, 32.0435371399, 32.4614944458, 32.8678436279, 33.2741928101, 33.6921539307, 34.1101112366, 34.5280723572, 34.9460296631, 35.3639907837, 35.7819480896, 36.1999092102, 36.6178665161, 37.0358276367, 37.4537849426, 37.8717460632, 38.2897033691, 38.7076644897, 39.1256217957, 39.5435829163, 39.9615402222, 40.3795013428, 40.7858505249, 41.192199707, 41.6101570129, 42.0281181335, 42.4460754395, 42.8640365601, 43.281993866, 43.6999549866, 44.1179122925, 44.5358734131, 44.953830719, 45.3717918396, 45.7897491455, 46.2077102661, 46.625667572, 47.0320167542, 47.4383659363, 47.8563270569, 48.2742843628, 48.6922454834, 49.1102027893, 49.5281639099, 49.9461212158, 50.3640823364, 50.7820396423, 51.2000007629, 51.6179580688, 52.0359191895, 52.4538764954, 52.871837616, 53.2897949219, 53.7077522278, 54.1257133484, 54.5436706543, 54.9616317749, 55.3795890808, 55.7859382629, 56.2038993835, 56.6102485657, 57.0282058716, 57.4461669922, 57.8641242981, 58.2820854187, 58.7000427246, 59.1180038452, 59.5359611511, 59.9539222717, 60.3602714539, 60.766620636, 61.1845779419, 61.6025390625, 62.0204963684, 62.438457489, 62.8564147949, 63.2743759155, 63.6923332214, 64.1102905273, 64.5282516479, 64.9462127686, 65.3641738892, 65.7705230713, 66.1768722534, 66.5832214355, 66.9895706177, 67.3843078613, 67.8022689819, 68.1970062256, 68.6033554077, 69.0097045898, 69.416053772, 69.8224029541, 70.2403640747, 70.6467132568, 71.053062439, 71.4710159302, 71.8773651123, 72.2837142944, 72.701675415, 73.0964126587, 73.5027618408, 73.9091110229, 74.3154602051, 74.7218093872, 75.1397705078, 75.5577316284, 75.9640808105, 76.3588180542, 76.7651672363, 77.1715164185, 77.5894775391, 77.9958267212, 78.4021759033, 78.8085250854, 79.2264862061, 79.6212234497, 80.0391845703, 80.4455337524, 80.8518829346, 81.2582321167, 81.6645812988, 82.08253479, 82.5004959106, 82.9068450928, 83.3131942749, 83.7311553955, 84.1491165161, 84.5554656982, 84.9734191895, 85.3913803101, 85.8093414307, 86.2156906128, 86.6336517334, 87.0516052246, 87.4695663452, 87.8875274658, 88.3054885864, 88.7234420776, 89.1414031982, 89.5593643188, 89.9773254395, 90.3952789307, 90.8132400513, 91.2312011719, 91.6491622925, 92.0671157837, 92.4850769043, 92.9030380249, 93.309387207, 93.7157363892, 94.1336975098, 94.551651001, 94.9696121216, 95.3875732422, 95.8055343628, 96.223487854, 96.6414489746, 97.0594100952, 97.4773712158, 97.8837203979, 98.2900695801, 98.7080230713, 99.1259841919, 99.5439453125, 99.9619064331, 100.379859924, 100.797821045, 101.215782166, 101.633743286, 102.051696777, 102.469657898, 102.887619019, 103.293968201, 103.711929321, 104.118278503, 104.536231995, 104.954193115, 105.372154236, 105.790107727, 106.208068848, 106.626029968, 107.043991089, 107.450340271, 107.856689453, 108.263038635, 108.680992126, 109.098953247, 109.505302429, 109.934875488, 110.364440918, 110.794013977, 111.223579407, 111.641540527, 112.059501648, 112.477455139, 112.89541626, 113.301765442, 113.708114624, 114.126075745, 114.544036865, 114.961990356, 115.379951477, 115.797912598, 116.215873718, 116.633827209, 117.05178833, 117.469749451, 117.887710571, 118.305664062, 118.712013245, 119.118362427, 119.536323547, 119.954284668, 120.372245789, 120.79019928, 121.2081604, 121.626121521, 122.044082642, 122.462036133, 122.879997253, 123.297958374, 123.715919495, 124.133872986, 124.551834106, 124.969795227, 125.387756348, 125.805709839, 126.223670959, 126.64163208, 127.059593201, 127.477546692, 127.883895874, 128.290252686, 128.708206177, 129.126159668, 129.544128418, 129.962081909, 130.3800354, 130.79800415, 131.215957642, 131.633926392, 132.051879883, 132.469833374, 132.887802124, 133.305755615, 133.723709106, 134.141677856, 134.559631348, 134.965988159, 135.372329712, 135.790298462, 136.208251953, 136.626205444, 137.044174194, 137.462127686, 137.868484497, 138.27482605, 138.669570923, 139.087524414, 139.493881226, 139.900222778, 140.30657959, 140.712921143, 141.119277954, 141.525619507, 141.931976318, 142.338317871, 142.744674683, 143.151016235, 143.557373047, 143.9637146, 144.381668091, 144.788024902, 145.194366455, 145.600723267, 146.007064819, 146.413421631, 146.819763184, 147.226119995, 147.632461548, 148.050430298, 148.468383789, 148.863128662, 149.269470215, 149.675827026, 150.093780518, 150.500137329, 150.906478882, 151.312835693, 151.719177246, 152.125534058, 152.53187561, 152.938232422, 153.344573975, 153.750930786, 154.157272339, 154.575241089, 154.99319458, 155.399536133, 155.805892944, 156.212234497, 156.630203247, 157.0365448, 157.442901611, 157.849243164, 158.267211914, 158.673553467, 159.103118896, 159.521087646, 159.939041138, 160.357009888, 160.774963379, 161.19291687, 161.61088562, 162.028839111, 162.435195923, 162.841537476, 163.259490967, 163.689071655, 164.118637085, 164.536590576, 164.954559326, 165.372512817, 165.790466309, 166.208435059, 166.638000488, 167.055953979, 167.485534668, 167.903488159, 168.32144165, 168.7394104, 169.16897583, 169.586929321, 170.004898071, 170.434463501, 170.852416992, 171.281997681, 171.71156311, 172.129516602, 172.547485352, 172.977050781, 173.406616211, 173.836181641, 174.265762329, 174.68371582, 175.101669312, 175.519638062, 175.937591553, 176.355545044, 176.785125732, 177.203079224, 177.632644653, 178.050613403, 178.468566895, 178.886520386, 179.304489136, 179.745666504, 180.186843872, 180.616409302, 181.04598999, 181.463943481, 181.881896973, 182.299865723, 182.717819214, 183.135772705, 183.576965332, 184.006530762, 184.424484253, 184.842453003, 185.272018433, 185.689971924, 186.107940674, 186.525894165, 186.932235718, 187.338592529, 187.744934082, 188.151290894, 188.569244385, 188.975601196, 189.381942749, 189.799911499, 190.206253052, 190.612609863, 191.007339478, 191.425308228, 191.843261719, 192.24961853, 192.655960083, 193.050704956, 193.457046509, 193.875015259, 194.281356812, 194.699310303, 195.094055176, 195.500411987, 195.90675354, 196.324707031, 196.731063843, 197.137405396, 197.532150269, 197.95010376, 198.36807251, 198.774414062, 199.180770874, 199.598724365, 200.005081177, 200.423034668, 200.840988159, 201.258956909, 201.6769104, 202.09487915, 202.44317627, 202.791473389, 203.139770508, 203.488067627, 203.836364746, 204.184661865, 204.532974243, 204.881271362],
    "bpm_histogram": [0, 0, 0, 0, 0, 0, 0, 0, 0, 0, 0, 0, 0, 0, 0, 0, 0, 0, 0, 0, 0, 0, 0, 0, 0, 0, 0, 0, 0, 0, 0, 0, 0, 0, 0, 0, 0, 0, 0, 0, 0, 0, 0, 0, 0, 0, 0, 0, 0, 0, 0, 0, 0, 0, 0, 0, 0, 0, 0, 0, 0, 0, 0, 0, 0, 0, 0, 0, 0, 0, 0, 0, 0, 0, 0, 0, 0, 0, 0, 0, 0, 0, 0, 0, 0, 0, 0, 0, 0, 0, 0, 0, 0, 0, 0, 0, 0, 0, 0, 0, 0, 0, 0, 0, 0, 0, 0, 0, 0, 0, 0, 0, 0, 0, 0, 0, 0, 0, 0, 0, 0, 0, 0, 0, 0, 0, 0, 0, 0, 0, 0, 0, 0, 0, 0, 0, 0.00607287464663, 0, 0, 0, 0.0587044544518, 0, 0, 0, 0.62753033638, 0, 0, 0, 0.269230782986, 0, 0, 0, 0.0222672056407, 0, 0, 0, 0, 0, 0, 0, 0, 0, 0, 0, 0, 0, 0, 0, 0, 0, 0, 0, 0.016194332391, 0, 0, 0, 0, 0, 0, 0, 0, 0, 0, 0, 0, 0, 0, 0, 0, 0, 0, 0, 0, 0, 0, 0, 0, 0, 0, 0, 0, 0, 0, 0, 0, 0, 0, 0, 0, 0, 0, 0, 0, 0, 0, 0, 0, 0, 0, 0, 0, 0, 0, 0, 0, 0, 0, 0, 0, 0, 0, 0, 0, 0, 0, 0, 0, 0, 0, 0, 0, 0, 0, 0, 0, 0, 0, 0, 0, 0]
},
"tonal": {
    "chords_changes_rate": 0.0526791773736,
    "chords_number_rate": 0.00248699984513,
    "chords_strength": {
        "mean": 0.542060136795
    },
    "hpcp_crest": {
        "mean": 12.1782550812
    },
    "hpcp_entropy": {
        "mean": 2.17296028137
    },
    "key_edma": {
        "strength": 0.834187567234,
        "key": "C",
        "scale": "major"
    },
    "key_krumhansl": {
        "strength": 0.848109841347,
        "key": "C",
        "scale": "major"
    },
    "key_temperley": {
        "strength": 0.860965430737,
        "key": "C",
        "scale": "major"
    },
    "tuning_diatonic_strength": 0.692630410194,
    "tuning_equal_tempered_deviation": 0.0740515813231,
    "tuning_frequency": 439.238189697,
    "tuning_nontempered_energy_ratio": 0.695830106735,
    "hpcp": {
        "mean": [0.173020377755, 0.103030182421, 0.0741681978106, 0.0608317740262, 0.0409150086343, 0.0803667828441, 0.148527175188, 0.137019738555, 0.261165618896, 0.394390434027, 0.226798385382, 0.0719740241766, 0.0531276017427, 0.0559172332287, 0.104081228375, 0.177714183927, 0.147660925984, 0.0777958035469, 0.0660062357783, 0.0688850730658, 0.147900477052, 0.236702427268, 0.198803648353, 0.190886333585, 0.198941349983, 0.118320271373, 0.0741947218776, 0.0769262835383, 0.0779279395938, 0.182757899165, 0.330987721682, 0.243534356356, 0.124618552625, 0.108883269131, 0.0845817178488, 0.147489562631]
    },
    "chords_histogram": [56.5001144409, 9.08885383606, 7.61926317215, 0, 1.19828176498, 0, 0.633054494858, 0, 1.5600271225, 0.0452181771398, 0, 0, 0, 0.0452181771398, 0, 3.91137242317, 0.0226090885699, 1.24349987507, 0, 0.0226090885699, 1.04001808167, 4.68008136749, 7.7096991539, 4.68008136749],
    "thpcp": [1, 0.575060546398, 0.182494342327, 0.13470813632, 0.141781419516, 0.263904035091, 0.450604707003, 0.374402910471, 0.197255805135, 0.167362675071, 0.174662128091, 0.375010311604, 0.600172817707, 0.504078269005, 0.484003454447, 0.504427433014, 0.300007969141, 0.188125059009, 0.195051088929, 0.197590842843, 0.463393330574, 0.839238703251, 0.617495596409, 0.315977632999, 0.276079893112, 0.214461892843, 0.373968422413, 0.438703268766, 0.261239051819, 0.188057795167, 0.154242515564, 0.103742398322, 0.203774675727, 0.376599341631, 0.347421556711, 0.662200689316],
    "chords_key": "C",
    "chords_scale": "major"
}
}