{
"metadata": {
    "version": {
        "essentia": "2.1-beta6-dev",
        "essentia_git_sha": "v2.1_beta5-1177-g1d1cc983",
        "extractor": "music 2.0"
    },
    "audio_properties": {
        "analysis": {
            "equal_loudness": 0,
            "length": 230.050842285,
            "sample_rate": 44100,
            "start_time": 0,
            "downmix": "mix"
        },
        "bit_rate": 1411200,
        "length": 230.050842285,
        "lossless": 1,
        "number_channels": 2,
        "replay_gain": -14.5083713531,
        "sample_rate": 44100,
        "codec": "pcm_s16le",
        "md5_encoded": "c1d9dbe8ddeeea5905c47be46fb88281"
    },
    "tags": {
        "file_name": "10 - The Front Bottoms - Lone Star.wav",
        "album": ["Talon Of The Hawk"],
        "albumartist": ["The Front Bottoms"],
        "artist": ["The Front Bottoms"],
        "copyright": ["2013 Bar None Records 2013 Bar None Records"],
        "date": ["2013"],
        "discnumber": ["1"],
        "disctotal": ["1"],
        "genre": ["Rock"],
        "isrc": ["US37V1322210"],
        "title": ["Lone Star"],
        "tracknumber": ["10"],
        "tracktotal": ["12"]
    }
},
"lowlevel": {
    "average_loudness": 0.968218445778,
    "barkbands_crest": {
        "mean": 10.1043281555
    },
    "barkbands_flatness_db": {
        "mean": 0.155479088426
    },
    "barkbands_kurtosis": {
        "mean": 23.8971691132
    },
    "barkbands_skewness": {
        "mean": 2.34563946724
    },
    "barkbands_spread": {
        "mean": 16.5248584747
    },
    "dissonance": {
        "mean": 0.462579578161
    },
    "dynamic_complexity": 2.32055068016,
    "erbbands_crest": {
        "mean": 8.26675224304
    },
    "erbbands_flatness_db": {
        "mean": 0.141044422984
    },
    "erbbands_kurtosis": {
        "mean": 0.634669601917
    },
    "erbbands_skewness": {
        "mean": 0.519117414951
    },
    "erbbands_spread": {
        "mean": 44.2625541687
    },
    "hfc": {
        "mean": 21.1660518646
    },
    "loudness_ebu128": {
        "integrated": -7.81585073471,
        "loudness_range": 2.81124401093,
        "momentary": {
            "mean": -8.76227283478
        },
        "short_term": {
            "mean": -8.14319324493
        }
    },
    "melbands_crest": {
        "mean": 14.4867715836
    },
    "melbands_flatness_db": {
        "mean": 0.244449704885
    },
    "melbands_kurtosis": {
        "mean": 569.309814453
    },
    "melbands_skewness": {
        "mean": 4.05229473114
    },
    "melbands_spread": {
        "mean": 14.9669589996
    },
    "pitch_salience": {
        "mean": 0.56389695406
    },
    "silence_rate_20dB": {
        "mean": 1
    },
    "silence_rate_30dB": {
        "mean": 0.995256841183
    },
    "silence_rate_60dB": {
        "mean": 0.0289635676891
    },
    "spectral_centroid": {
        "mean": 924.401245117
    },
    "spectral_complexity": {
        "mean": 19.5564632416
    },
    "spectral_decrease": {
        "mean": -1.15599307904e-08
    },
    "spectral_energy": {
        "mean": 0.0455495119095
    },
    "spectral_energyband_high": {
        "mean": 0.000822130881716
    },
    "spectral_energyband_low": {
        "mean": 0.0220387428999
    },
    "spectral_energyband_middle_high": {
        "mean": 0.0041985604912
    },
    "spectral_energyband_middle_low": {
        "mean": 0.0211716964841
    },
    "spectral_entropy": {
        "mean": 7.38681125641
    },
    "spectral_flux": {
        "mean": 0.105149514973
    },
    "spectral_kurtosis": {
        "mean": 5.95103549957
    },
    "spectral_rms": {
        "mean": 0.0063864486292
    },
    "spectral_rolloff": {
        "mean": 986.807250977
    },
    "spectral_skewness": {
        "mean": 1.82592177391
    },
    "spectral_spread": {
        "mean": 4939939.5
    },
    "spectral_strongpeak": {
        "mean": 0.627425074577
    },
    "zerocrossingrate": {
        "mean": 0.0490053743124
    },
    "barkbands": {
        "mean": [0.000299997394904, 0.010339487344, 0.00881723780185, 0.00577495945618, 0.0075463806279, 0.0020840303041, 0.00286292843521, 0.00125693774316, 0.00140884181019, 0.000884732115082, 0.000736929941922, 0.000423877529101, 0.000364490872016, 0.000315347628202, 0.000385249528335, 0.000354476389475, 0.000360348640243, 0.000198830646696, 0.000219799330807, 0.000189771526493, 0.000157606191351, 8.93394899322e-05, 0.000153542569024, 0.000171232357388, 9.94032161543e-05, 4.68804391858e-05, 6.67243011776e-06]
    },
    "erbbands": {
        "mean": [0.19824065268, 2.70439791679, 9.90394973755, 14.7725381851, 22.9504871368, 27.9069976807, 15.7848558426, 19.5773658752, 29.1493244171, 50.0113105774, 24.7538356781, 26.7673110962, 37.5824356079, 23.8687763214, 27.7247257233, 16.6056442261, 18.1414985657, 13.9617681503, 19.3617305756, 18.2889347076, 22.3818912506, 20.528263092, 12.5181074142, 9.17106437683, 12.0487794876, 8.2520647049, 7.72193050385, 5.26795816422, 3.13981461525, 3.68443369865, 4.53350925446, 3.82907986641, 2.67191982269, 1.38760077953, 0.583268404007, 0.317230343819, 0.0528785772622, 0.00845750048757, 0.00126030587126, 0.000106083047285]
    },
    "gfcc": {
        "mean": [10.8310508728, 107.572784424, -90.6419830322, 31.5671043396, -50.3664512634, 11.2777194977, -36.8810119629, 9.56788444519, -22.1217288971, -2.45763039589, -16.4089260101, -6.3326215744, -9.21640014648],
        "cov": [[17001.3925781, 311.537078857, -1587.11523438, 579.928405762, -942.81036377, -15.3038434982, -656.097961426, 147.001846313, -619.836975098, 44.0610809326, -545.81628418, 67.4396514893, -290.95916748], [311.537078857, 1716.22119141, -453.772857666, -126.983711243, 293.874359131, -157.842056274, 161.646362305, -34.4500389099, 72.2444076538, -126.625816345, 103.60080719, -97.6649475098, 69.9612884521], [-1587.11523438, -453.772857666, 746.353271484, 4.09896039963, 37.0904693604, 112.691703796, 43.1860694885, -11.6150999069, 53.1419181824, 101.980407715, -13.2077121735, 58.50390625, 13.2329444885], [579.928405762, -126.983711243, 4.09896039963, 297.975463867, -21.3040657043, -9.88816452026, -41.200668335, 24.7085666656, 4.7924489975, 12.1936635971, -2.97128129005, 14.4599199295, 4.59802675247], [-942.81036377, 293.874359131, 37.0904693604, -21.3040657043, 331.212493896, -32.4887008667, 69.3062667847, 13.3553533554, 55.4418907166, 5.01612329483, 38.8048324585, -3.8781516552, 29.7762355804], [-15.3038434982, -157.842056274, 112.691703796, -9.88816452026, -32.4887008667, 183.422729492, 47.0569000244, -7.32879829407, -3.09461092949, 34.6458511353, 0.785878658295, 13.9195680618, 2.73151230812], [-656.097961426, 161.646362305, 43.1860694885, -41.200668335, 69.3062667847, 47.0569000244, 197.483764648, -1.91566455364, 14.4685621262, -2.23236989975, 36.5396537781, -1.28602051735, 14.2080154419], [147.001846313, -34.4500389099, -11.6150999069, 24.7085666656, 13.3553533554, -7.32879829407, -1.91566455364, 108.98249054, 22.0217819214, -0.412458062172, 5.55717611313, 4.56255578995, -0.519598186016], [-619.836975098, 72.2444076538, 53.1419181824, 4.7924489975, 55.4418907166, -3.09461092949, 14.4685621262, 22.0217819214, 130.689117432, 27.36444664, 30.0870819092, -2.66714954376, 16.2493476868], [44.0610809326, -126.625816345, 101.980407715, 12.1936635971, 5.01612329483, 34.6458511353, -2.23236989975, -0.412458062172, 27.36444664, 103.886398315, 2.03216362, 20.9560966492, -8.63235664368], [-545.81628418, 103.60080719, -13.2077121735, -2.97128129005, 38.8048324585, 0.785878658295, 36.5396537781, 5.55717611313, 30.0870819092, 2.03216362, 98.5111999512, 4.38954496384, 14.2949590683], [67.4396514893, -97.6649475098, 58.50390625, 14.4599199295, -3.8781516552, 13.9195680618, -1.28602051735, 4.56255578995, -2.66714954376, 20.9560966492, 4.38954496384, 71.5523376465, 5.93329191208], [-290.95916748, 69.9612884521, 13.2329444885, 4.59802675247, 29.7762355804, 2.73151230812, 14.2080154419, -0.519598186016, 16.2493476868, -8.63235664368, 14.2949590683, 5.93329191208, 59.2514686584]],
        "icov": [[0.000312023010338, -0.000509030884132, 0.000508541997988, -0.000574278703425, 0.00064731418388, -0.000579502026085, 0.000696438306477, -0.000763541727792, 0.00110537547152, -0.00107959948946, 0.00144704291597, -0.000883203465492, 0.000870861287694], [-0.000509030884132, 0.00202368549071, -0.000195855594939, 0.00120867125224, -0.00176539225504, 0.00153323728591, -0.0018971809186, 0.00183688581455, -0.00233834050596, 0.0023141358979, -0.00276368088089, 0.00220197276212, -0.00222694221884], [0.000508541997988, -0.000195855594939, 0.00294643454254, -0.000790324760601, 0.000486385630211, -0.00140453316271, 0.000513924693223, -0.000651849724818, 0.000934128649533, -0.00262422603555, 0.00281847524457, -0.00207422673702, 0.000712373526767], [-0.000574278703425, 0.00120867125224, -0.000790324760601, 0.00470257177949, -0.0011632720707, 0.00134465552401, -0.000773165957071, 0.000744967954233, -0.00214769993909, 0.00170188595075, -0.00282304361463, 0.00128893752117, -0.00233211554587], [0.00064731418388, -0.00176539225504, 0.000486385630211, -0.0011632720707, 0.00555915338919, -0.000391318608308, 0.000635003612842, -0.00220640748739, 0.00165586487856, -0.00290773203596, 0.0026770317927, -0.00198438530788, 0.000972664100118], [-0.000579502026085, 0.00153323728591, -0.00140453316271, 0.00134465552401, -0.000391318608308, 0.00838775187731, -0.00357425608672, 0.00174593739212, -0.00164448632859, 0.000357837212505, -0.00284584937617, 0.00192509475164, -0.00276743085124], [0.000696438306477, -0.0018971809186, 0.000513924693223, -0.000773165957071, 0.000635003612842, -0.00357425608672, 0.00857695750892, -0.00205958564766, 0.00294887949713, -0.00188962672837, 0.0015353190247, -0.00210233218968, 0.00213225372136], [-0.000763541727792, 0.00183688581455, -0.000651849724818, 0.000744967954233, -0.00220640748739, 0.00174593739212, -0.00205958564766, 0.0120196016505, -0.00488582858816, 0.00357142742723, -0.00370160932653, 0.00147809740156, -0.0015977100702], [0.00110537547152, -0.00233834050596, 0.000934128649533, -0.00214769993909, 0.00165586487856, -0.00164448632859, 0.00294887949713, -0.00488582858816, 0.0142391780391, -0.00687243370339, 0.00287425401621, -0.00152081937995, 0.00119338673539], [-0.00107959948946, 0.0023141358979, -0.00262422603555, 0.00170188595075, -0.00290773203596, 0.000357837212505, -0.00188962672837, 0.00357142742723, -0.00687243370339, 0.0170726068318, -0.00534569518641, 0.00056439160835, -4.5463180868e-05], [0.00144704291597, -0.00276368088089, 0.00281847524457, -0.00282304361463, 0.0026770317927, -0.00284584937617, 0.0015353190247, -0.00370160932653, 0.00287425401621, -0.00534569518641, 0.0190608631819, -0.00563172716647, 0.00274219107814], [-0.000883203465492, 0.00220197276212, -0.00207422673702, 0.00128893752117, -0.00198438530788, 0.00192509475164, -0.00210233218968, 0.00147809740156, -0.00152081937995, 0.00056439160835, -0.00563172716647, 0.019190877676, -0.00521195121109], [0.000870861287694, -0.00222694221884, 0.000712373526767, -0.00233211554587, 0.000972664100118, -0.00276743085124, 0.00213225372136, -0.0015977100702, 0.00119338673539, -4.5463180868e-05, 0.00274219107814, -0.00521195121109, 0.0224448982626]]
    },
    "melbands": {
        "mean": [0.00234820111655, 0.0046327188611, 0.00287384656258, 0.00187544629443, 0.000696292263456, 0.000438510265667, 0.000469278515084, 0.000496061868034, 0.000179137772648, 0.000182066738489, 0.000190937076695, 9.83129575616e-05, 0.000110030909127, 4.34674875578e-05, 4.90840575367e-05, 3.28569512931e-05, 2.46375784627e-05, 3.15092438541e-05, 2.9044569601e-05, 1.94099920918e-05, 2.78590869129e-05, 2.16325479414e-05, 1.66755435203e-05, 7.93944855104e-06, 7.00703139955e-06, 9.25068979996e-06, 7.3458550105e-06, 5.09774736202e-06, 5.24453025719e-06, 3.92028459828e-06, 2.68400049208e-06, 1.72368527274e-06, 1.6906978999e-06, 2.19972980631e-06, 2.61471927843e-06, 2.54214137385e-06, 2.26072688747e-06, 1.915298526e-06, 1.56448948019e-06, 1.03991703782e-06]
    },
    "melbands128": {
        "mean": [0.000276289822068, 0.00120120192878, 0.00298531330191, 0.00495380861685, 0.00541330035776, 0.00401582289487, 0.00282925809734, 0.00305035174824, 0.0021100176964, 0.00203826092184, 0.00160152267199, 0.000887284695636, 0.000400043674745, 0.000506877724547, 0.000454941007774, 0.000363595579984, 0.000475709908642, 0.000412204826716, 0.000504673982505, 0.000775054970291, 0.00030884478474, 0.000262211833615, 0.00011817527411, 0.000163473596331, 0.000157886781381, 0.00016854290152, 0.0003049900115, 0.000141853131936, 0.000182635951205, 9.69252869254e-05, 4.93844709126e-05, 0.000122898636619, 0.000168243233929, 4.54081819043e-05, 5.6627617596e-05, 3.38689351338e-05, 3.69995468645e-05, 5.61426022614e-05, 5.77250684728e-05, 3.33525604219e-05, 2.24352843361e-05, 3.92137226299e-05, 1.8884857127e-05, 1.56334699568e-05, 4.24676654802e-05, 3.16483929055e-05, 2.34177950915e-05, 3.61040656571e-05, 2.55219492828e-05, 2.50031462201e-05, 1.37294346132e-05, 1.83189058589e-05, 3.23280073644e-05, 3.41311315424e-05, 1.67194903042e-05, 2.43103240791e-05, 1.78657537617e-05, 2.23209935939e-05, 1.52965021698e-05, 8.56506176206e-06, 7.34173454475e-06, 7.69684993429e-06, 5.90962281422e-06, 7.19294803275e-06, 7.98768905952e-06, 9.51930087467e-06, 1.00172192106e-05, 8.79941762832e-06, 6.64213803248e-06, 5.43174019185e-06, 4.2631472752e-06, 5.27175143361e-06, 6.55207850286e-06, 4.96011534779e-06, 4.37974631495e-06, 3.73855573343e-06, 4.12885538026e-06, 3.22987057189e-06, 2.48936908065e-06, 2.11829592445e-06, 1.72027375811e-06, 1.56334328949e-06, 1.63715867529e-06, 1.62497155998e-06, 1.7919956008e-06, 2.08470328289e-06, 2.30424916481e-06, 2.52121640187e-06, 2.58177556134e-06, 2.80456492874e-06, 2.60109163719e-06, 2.40279291575e-06, 2.51844289778e-06, 2.31995181821e-06, 2.12032477975e-06, 1.88108469956e-06, 1.91812864614e-06, 1.88950036772e-06, 1.63793743013e-06, 1.37015490509e-06, 1.2070312323e-06, 1.00976365047e-06, 8.04616263395e-07, 7.38271808132e-07, 5.70029214941e-07, 5.2658185723e-07, 5.94599100623e-07, 8.54817471918e-07, 6.74078648899e-07, 3.43743323583e-07, 2.06919054335e-07, 1.80283095119e-07, 1.43720001233e-07, 1.11932997982e-07, 8.88601832116e-08, 5.61191697557e-08, 4.81139785791e-08, 6.0386462053e-08, 5.03474808511e-08, 4.87987570352e-08, 2.94708701887e-08, 2.00794261218e-08, 1.24638335208e-08, 1.26895889352e-08, 7.80554643143e-09, 6.14223694129e-09, 5.46098277709e-09, 2.6867064129e-09]
    },
    "mfcc": {
        "mean": [-636.153564453, 139.588851929, 17.3692436218, 26.3660373688, 11.4175930023, 2.75191831589, 2.00404143333, 3.74250292778, 1.28529298306, 5.94718074799, -7.73344373703, -0.560315191746, 0.217764914036],
        "cov": [[9883.79394531, -193.814407349, -237.870025635, -42.8236122131, -265.334014893, -106.708496094, -211.250183105, -106.356185913, -97.8155059814, -97.2869033813, -155.046585083, -44.8575515747, -178.699554443], [-193.814407349, 1601.66699219, -402.933746338, 14.9683952332, 47.6114997864, -16.1867179871, 79.0773620605, 54.4826660156, 0.451955288649, 56.2801589966, -36.9685668945, -31.4832115173, 60.302772522], [-237.870025635, -402.933746338, 576.665466309, -25.6400928497, -15.3813028336, 95.684677124, -13.2429161072, -25.2243251801, 38.5194892883, -3.68227100372, 11.3159799576, 14.3260135651, 12.6785516739], [-42.8236122131, 14.9683952332, -25.6400928497, 260.626831055, 67.5976409912, -15.7103176117, -8.20335674286, 16.6122016907, 4.74640226364, 11.5785827637, -3.55300807953, 15.2311267853, 13.5773677826], [-265.334014893, 47.6114997864, -15.3813028336, 67.5976409912, 202.557861328, -14.2380237579, -17.9605236053, -2.29979133606, 15.3341732025, 22.1833629608, 4.52208662033, 10.9800434113, 15.1374015808], [-106.708496094, -16.1867179871, 95.684677124, -15.7103176117, -14.2380237579, 181.63633728, 37.2323799133, -11.3432064056, 21.4179725647, 3.62098622322, 16.9113960266, 11.0379543304, 15.589764595], [-211.250183105, 79.0773620605, -13.2429161072, -8.20335674286, -17.9605236053, 37.2323799133, 152.265762329, 32.7552909851, 4.84084272385, -2.16621994972, 8.97218704224, -2.47836494446, 13.3705272675], [-106.356185913, 54.4826660156, -25.2243251801, 16.6122016907, -2.29979133606, -11.3432064056, 32.7552909851, 98.4957046509, 13.0028524399, 4.06057548523, 2.66820812225, 8.6644153595, 5.0289440155], [-97.8155059814, 0.451955288649, 38.5194892883, 4.74640226364, 15.3341732025, 21.4179725647, 4.84084272385, 13.0028524399, 84.2005767822, 22.8882865906, 4.32407617569, -0.495369553566, 9.90941238403], [-97.2869033813, 56.2801589966, -3.68227100372, 11.5785827637, 22.1833629608, 3.62098622322, -2.16621994972, 4.06057548523, 22.8882865906, 78.8586654663, 16.4297847748, 0.855846345425, 9.08154201508], [-155.046585083, -36.9685668945, 11.3159799576, -3.55300807953, 4.52208662033, 16.9113960266, 8.97218704224, 2.66820812225, 4.32407617569, 16.4297847748, 77.4976959229, 30.3832550049, 2.88945150375], [-44.8575515747, -31.4832115173, 14.3260135651, 15.2311267853, 10.9800434113, 11.0379543304, -2.47836494446, 8.6644153595, -0.495369553566, 0.855846345425, 30.3832550049, 72.2567367554, 16.3219585419], [-178.699554443, 60.302772522, 12.6785516739, 13.5773677826, 15.1374015808, 15.589764595, 13.3705272675, 5.0289440155, 9.90941238403, 9.08154201508, 2.88945150375, 16.3219585419, 65.5001602173]],
        "icov": [[0.00011856398487, 7.84584608482e-06, 5.75384183321e-05, -2.24306404562e-05, 0.000155304616783, -9.57924930844e-06, 0.000126779748825, 9.0184083092e-05, 1.72059426404e-05, 1.94435797312e-05, 0.000237701300648, -0.000116268864076, 0.000256531697232], [7.84584608482e-06, 0.000870675605256, 0.000621075741947, 9.61438272498e-05, -0.000128778265207, -0.000200334281544, -0.00025573692983, -0.000255810678937, 7.15519272489e-05, -0.000573484285269, 0.000461573217763, 0.000306615227601, -0.00079912279034], [5.75384183321e-05, 0.000621075741947, 0.00246522785164, 0.000172580286744, 0.0001177960512, -0.00110365950968, 0.000268035044428, 0.000246525683906, -0.000802783644758, -4.15562062699e-05, 0.000373383023543, -0.000108614032797, -0.000628145644441], [-2.24306404562e-05, 9.61438272498e-05, 0.000172580286744, 0.00436063297093, -0.00137691840064, 0.000132568733534, 0.000123992082081, -0.00074493320426, 0.000110582150228, -0.000398301635869, 0.000643805484287, -0.00078074936755, -0.000563829555176], [0.000155304616783, -0.000128778265207, 0.0001177960512, -0.00137691840064, 0.0059766555205, 0.000452532141935, 0.000697225856129, 0.000691296241712, -0.000844444904942, -0.000953913957346, 0.00015161583724, -0.000684456666932, -0.000455573375802], [-9.57924930844e-06, -0.000200334281544, -0.00110365950968, 0.000132568733534, 0.000452532141935, 0.00693601695821, -0.00180447346065, 0.00150928506628, -0.00140636565629, 0.000196516455617, -0.000991988345049, -0.000697771145497, -0.000755352841225], [0.000126779748825, -0.00025573692983, 0.000268035044428, 0.000123992082081, 0.000697225856129, -0.00180447346065, 0.00820095930248, -0.00269525591284, 0.000263271358563, 0.000853364588693, -0.00109701242764, 0.00137431186158, -0.00114724610467], [9.0184083092e-05, -0.000255810678937, 0.000246525683906, -0.00074493320426, 0.000691296241712, 0.00150928506628, -0.00269525591284, 0.0121191348881, -0.00228765187785, -2.30087043747e-05, 0.000475878769066, -0.00217017065734, 0.000558043655474], [1.72059426404e-05, 7.15519272489e-05, -0.000802783644758, 0.000110582150228, -0.000844444904942, -0.00140636565629, 0.000263271358563, -0.00228765187785, 0.0142492251471, -0.00370904873125, 0.000186747231055, 0.00113073457032, -0.00116617011372], [1.94435797312e-05, -0.000573484285269, -4.15562062699e-05, -0.000398301635869, -0.000953913957346, 0.000196516455617, 0.000853364588693, -2.30087043747e-05, -0.00370904873125, 0.0154926553369, -0.00405735615641, 0.00176382740028, -0.00117456773296], [0.000237701300648, 0.000461573217763, 0.000373383023543, 0.000643805484287, 0.00015161583724, -0.000991988345049, -0.00109701242764, 0.000475878769066, 0.000186747231055, -0.00405735615641, 0.0176755357534, -0.00767887569964, 0.00207435037009], [-0.000116268864076, 0.000306615227601, -0.000108614032797, -0.00078074936755, -0.000684456666932, -0.000697771145497, 0.00137431186158, -0.00217017065734, 0.00113073457032, 0.00176382740028, -0.00767887569964, 0.0189515128732, -0.00500568561256], [0.000256531697232, -0.00079912279034, -0.000628145644441, -0.000563829555176, -0.000455573375802, -0.000755352841225, -0.00114724610467, 0.000558043655474, -0.00116617011372, -0.00117456773296, 0.00207435037009, -0.00500568561256, 0.0189127381891]]
    },
    "spectral_contrast_coeffs": {
        "mean": [-0.692681968212, -0.736216127872, -0.742657244205, -0.784427464008, -0.790715992451, -0.795562207699]
    },
    "spectral_contrast_valleys": {
        "mean": [-6.0660777092, -6.56042861938, -7.44780540466, -7.74955940247, -7.78226852417, -10.1670837402]
    }
},
"rhythm": {
    "beats_count": 571,
    "beats_loudness": {
        "mean": 0.0591485239565
    },
    "bpm": 149.177856445,
    "bpm_histogram_first_peak_bpm": 148,
    "bpm_histogram_first_peak_weight": 0.54361051321,
    "bpm_histogram_second_peak_bpm": 157,
    "bpm_histogram_second_peak_spread": 0.117647051811,
    "bpm_histogram_second_peak_weight": 0.078947365284,
    "danceability": 1.07880747318,
    "onset_rate": 4.3205499649,
    "beats_loudness_band_ratio": {
        "mean": [0.617867469788, 0.18970541656, 0.123581677675, 0.0530080422759, 0.033817127347, 0.0322768613696]
    },
    "beats_position": [0.394739210606, 0.812698423862, 1.24226760864, 1.67183673382, 2.10140585899, 2.51936507225, 2.94893407822, 3.39011335373, 3.8196823597, 4.2492518425, 4.69043064117, 5.13160991669, 5.5727891922, 6.00235795975, 6.44353723526, 6.87310647964, 7.30267572403, 7.74385452271, 8.17342376709, 8.62621307373, 9.05578231812, 9.4853515625, 9.92653083801, 10.3677091599, 10.8088884354, 11.2384576797, 11.6680269241, 12.0975961685, 12.5155553818, 12.933514595, 13.3398637772, 13.7578229904, 14.1641721725, 14.5589113235, 14.9652605057, 15.3716096878, 15.7663488388, 16.1610889435, 16.5558280945, 16.9505672455, 17.3453063965, 17.7400455475, 18.1347846985, 18.5295238495, 18.9358730316, 19.3422222137, 19.7369613647, 20.154920578, 20.549659729, 20.94439888, 21.3507480621, 21.7570972443, 22.1518363953, 22.5581855774, 22.9529247284, 23.3476638794, 23.7540130615, 24.1487522125, 24.5434913635, 24.9382305145, 25.3445796967, 25.7509288788, 26.1456680298, 26.5520172119, 26.958366394, 27.353105545, 27.747844696, 28.1541938782, 28.5605430603, 28.9552822113, 29.3500213623, 29.7447605133, 30.1394996643, 30.5342407227, 30.9289798737, 31.3353290558, 31.7300682068, 32.1364173889, 32.5311546326, 32.9375038147, 33.332244873, 33.7385940552, 34.1449432373, 34.5512924194, 34.9460296631, 35.3523788452, 35.7471199036, 36.1534690857, 36.5482063293, 36.9545555115, 37.3609046936, 37.7672538757, 38.1619949341, 38.5683441162, 38.9630813599, 39.3810424805, 39.7873916626, 40.1937408447, 40.6000900269, 41.006439209, 41.4011802673, 41.8191375732, 42.2138786316, 42.6202278137, 43.0149650574, 43.4213142395, 43.8392753601, 44.257232666, 44.6519737244, 45.046710968, 45.4646720886, 45.8826293945, 46.2773704529, 46.6721076965, 47.0784568787, 47.4848060608, 47.8911552429, 48.297504425, 48.6922454834, 49.1102027893, 49.5049438477, 49.8996810913, 50.3060302734, 50.7123794556, 51.1071205139, 51.5250778198, 51.9198188782, 52.3261680603, 52.7325172424, 53.1272544861, 53.5452156067, 53.9515647888, 54.3463020325, 54.7526512146, 55.1590003967, 55.5653495789, 55.9600906372, 56.3780479431, 56.7843971252, 57.1907463074, 57.5970954895, 58.0034446716, 58.4097938538, 58.8161430359, 59.2341041565, 59.6404533386, 60.0468025208, 60.4415397644, 60.8478889465, 61.2542381287, 61.648979187, 62.0553283691, 62.4616775513, 62.8680267334, 63.2743759155, 63.6691131592, 64.0638504028, 64.470199585, 64.8765487671, 65.2945098877, 65.7124710083, 66.1188201904, 66.5251693726, 66.9315185547, 67.3378677368, 67.7558288574, 68.1737823486, 68.5801315308, 68.9864807129, 69.392829895, 69.7991790771, 70.2171401978, 70.6234893799, 71.029838562, 71.4245758057, 71.8193206787, 72.2256698608, 72.632019043, 73.0267562866, 73.4447174072, 73.8626708984, 74.2574157715, 74.6521530151, 75.0701141357, 75.4764633179, 75.8828125, 76.2891616821, 76.6955108643, 77.1018600464, 77.5082092285, 77.9029464722, 78.2976837158, 78.7040328979, 79.1103820801, 79.5051269531, 79.9114761353, 80.3178253174, 80.7241744995, 81.1305236816, 81.5368728638, 81.9432220459, 82.349571228, 82.7559204102, 83.1506576538, 83.5453948975, 83.9517440796, 84.3580932617, 84.7644424438, 85.170791626, 85.5771408081, 85.9834899902, 86.3782272339, 86.784576416, 87.1909255981, 87.5856704712, 87.9804077148, 88.3751449585, 88.7814941406, 89.1762313843, 89.5825805664, 89.9773254395, 90.3836746216, 90.7784118652, 91.1847610474, 91.579498291, 91.9858474731, 92.3805847168, 92.7869338989, 93.181678772, 93.5880279541, 93.9827651978, 94.3891143799, 94.795463562, 95.2018127441, 95.6081619263, 96.0145111084, 96.4092483521, 96.8039855957, 97.1987304688, 97.6050796509, 97.9998168945, 98.4061660767, 98.8009033203, 99.2072525024, 99.6019973755, 100.008346558, 100.41469574, 100.821044922, 101.215782166, 101.622131348, 102.016868591, 102.423217773, 102.817955017, 103.21269989, 103.619049072, 104.025398254, 104.420135498, 104.814872742, 105.209609985, 105.604354858, 106.010704041, 106.417053223, 106.823402405, 107.229751587, 107.624488831, 108.030838013, 108.437187195, 108.831924438, 109.226661682, 109.644622803, 110.039360046, 110.445709229, 110.852058411, 111.246803284, 111.641540527, 112.036277771, 112.442626953, 112.848976135, 113.255325317, 113.6616745, 114.056411743, 114.451156616, 114.857505798, 115.26385498, 115.670204163, 116.076553345, 116.482902527, 116.889251709, 117.295600891, 117.701950073, 118.108299255, 118.514648438, 118.909385681, 119.304122925, 119.710472107, 120.116821289, 120.523170471, 120.929519653, 121.335868835, 121.742218018, 122.136962891, 122.543312073, 122.949661255, 123.344398499, 123.739135742, 124.133872986, 124.528617859, 124.934967041, 125.341316223, 125.747665405, 126.154014587, 126.571968079, 126.989929199, 127.40789032, 127.82585144, 128.243804932, 128.661773682, 129.079727173, 129.486068726, 129.904037476, 130.310379028, 130.728347778, 131.134689331, 131.541046143, 131.935775757, 132.342132568, 132.748474121, 133.143218994, 133.537963867, 133.932693481, 134.339050293, 134.745391846, 135.140136719, 135.55809021, 135.964447021, 136.370788574, 136.777145386, 137.183486938, 137.601455688, 138.007797241, 138.414154053, 138.832107544, 139.238449097, 139.644805908, 140.062759399, 140.480728149, 140.887069702, 141.305038452, 141.711380005, 142.129333496, 142.535690308, 142.94203186, 143.36000061, 143.777954102, 144.184310913, 144.590652466, 144.997009277, 145.40335083, 145.809707642, 146.216049194, 146.610794067, 147.01713562, 147.423492432, 147.829833984, 148.236190796, 148.642532349, 149.04888916, 149.466842651, 149.873199463, 150.291152954, 150.697509766, 151.09223938, 151.498596191, 151.904937744, 152.299682617, 152.694412231, 153.089157104, 153.483901978, 153.89024353, 154.296600342, 154.702941895, 155.109298706, 155.515640259, 155.92199707, 156.328338623, 156.734695435, 157.129425049, 157.53578186, 157.942123413, 158.360092163, 158.766433716, 159.195999146, 159.613967896, 160.031921387, 160.438278198, 160.844619751, 161.239364624, 161.634094238, 162.028839111, 162.423583984, 162.818313599, 163.22467041, 163.631011963, 164.025756836, 164.432098389, 164.8384552, 165.233200073, 165.627929688, 166.034286499, 166.440628052, 166.846984863, 167.253326416, 167.648071289, 168.042816162, 168.449157715, 168.855514526, 169.250244141, 169.644989014, 170.051330566, 170.457687378, 170.852416992, 171.247161865, 171.653518677, 172.059860229, 172.454605103, 172.860946655, 173.24407959, 173.615600586, 173.987121582, 174.358642578, 174.753372192, 175.148117065, 175.54284668, 175.925979614, 176.309112549, 176.692245483, 177.075378418, 177.470108032, 177.876464844, 178.271194458, 178.654327393, 179.049072266, 179.432189941, 179.815322876, 180.210067749, 180.604797363, 180.999542236, 181.394287109, 181.765808105, 182.16053772, 182.555282593, 182.950012207, 183.34475708, 183.739501953, 184.122619629, 184.505752563, 184.900497437, 185.29524231, 185.689971924, 186.084716797, 186.479446411, 186.874191284, 187.268936157, 187.663665771, 188.058410645, 188.441543579, 188.824661255, 189.219406128, 189.614151001, 190.008880615, 190.403625488, 190.798370361, 191.193099976, 191.599456787, 191.994186401, 192.400543213, 192.795272827, 193.1900177, 193.573150635, 193.956283569, 194.351013184, 194.745758057, 195.140487671, 195.535232544, 195.929977417, 196.313110352, 196.696228027, 197.079360962, 197.462493896, 197.857223511, 198.251968384, 198.646713257, 199.029830933, 199.412963867, 199.819320679, 200.214050293, 200.597183228, 200.991928101, 201.386657715, 201.781402588, 202.176147461, 202.570877075, 202.965621948, 203.360351562, 203.755096436, 204.149841309, 204.544570923, 204.939315796, 205.334060669, 205.728790283, 206.123535156, 206.518280029, 206.924621582, 207.330978394, 207.725708008, 208.120452881, 208.515182495, 208.909927368, 209.304672241, 209.699401855, 210.094146729, 210.488891602, 210.872009277, 211.255142212, 211.649887085, 212.033004761, 212.416137695, 212.810882568, 213.205612183, 213.588745117, 213.971878052, 214.343399048, 214.738143921, 215.121261597, 215.504394531, 215.875915527, 216.2706604, 216.665390015, 217.048522949, 217.431655884, 217.81477356, 218.197906494, 218.592651367, 218.975784302, 219.358901978, 219.753646851, 220.136779785, 220.51991272, 220.914642334, 221.309387207, 221.692520142, 222.075637817, 222.47038269, 222.853515625, 223.236633301, 223.631378174, 224.014511108, 224.397644043, 224.792373657, 225.18711853, 225.581848145, 225.964981079, 226.348114014, 226.742858887, 227.137588501, 227.532333374, 227.927078247, 228.321807861, 228.716552734, 229.122894287, 229.51763916],
    "bpm_histogram": [0, 0, 0, 0, 0, 0, 0, 0, 0, 0, 0, 0, 0, 0, 0, 0, 0, 0, 0, 0, 0, 0, 0, 0, 0, 0, 0, 0, 0, 0, 0, 0, 0, 0, 0, 0, 0, 0, 0, 0, 0, 0, 0, 0, 0, 0, 0, 0, 0, 0, 0, 0, 0, 0, 0, 0, 0, 0, 0, 0, 0, 0, 0, 0, 0, 0, 0, 0, 0, 0, 0, 0, 0, 0, 0, 0, 0, 0, 0, 0, 0, 0, 0, 0, 0, 0, 0, 0, 0, 0, 0, 0, 0, 0, 0, 0, 0, 0, 0, 0, 0, 0, 0, 0, 0, 0, 0, 0, 0, 0, 0, 0, 0, 0, 0, 0, 0, 0, 0, 0, 0, 0, 0, 0, 0, 0, 0, 0, 0, 0, 0, 0, 0, 0.00175438600127, 0, 0, 0.0157894734293, 0, 0, 0, 0.0280701760203, 0, 0, 0, 0.085964910686, 0, 0, 0, 0.394736856222, 0, 0, 0, 0.384210526943, 0, 0, 0, 0, 0.078947365284, 0, 0, 0, 0.0105263162404, 0, 0, 0, 0, 0, 0, 0, 0, 0, 0, 0, 0, 0, 0, 0, 0, 0, 0, 0, 0, 0, 0, 0, 0, 0, 0, 0, 0, 0, 0, 0, 0, 0, 0, 0, 0, 0, 0, 0, 0, 0, 0, 0, 0, 0, 0, 0, 0, 0, 0, 0, 0, 0, 0, 0, 0, 0, 0, 0, 0, 0, 0, 0, 0, 0, 0, 0, 0, 0, 0, 0, 0, 0, 0, 0, 0, 0, 0, 0, 0, 0, 0, 0, 0, 0, 0, 0, 0]
},
"tonal": {
    "chords_changes_rate": 0.0456104949117,
    "chords_number_rate": 0.00201816344634,
    "chords_strength": {
        "mean": 0.5207285285
    },
    "hpcp_crest": {
        "mean": 12.9955186844
    },
    "hpcp_entropy": {
        "mean": 2.05753350258
    },
    "key_edma": {
        "strength": 0.814032673836,
        "key": "E",
        "scale": "major"
    },
    "key_krumhansl": {
        "strength": 0.823481798172,
        "key": "E",
        "scale": "major"
    },
    "key_temperley": {
        "strength": 0.83216625452,
        "key": "E",
        "scale": "major"
    },
    "tuning_diatonic_strength": 0.648838996887,
    "tuning_equal_tempered_deviation": 0.0694373548031,
    "tuning_frequency": 439.238189697,
    "tuning_nontempered_energy_ratio": 0.672265470028,
    "hpcp": {
        "mean": [0.271074473858, 0.143900245428, 0.0645553171635, 0.0626628696918, 0.0741498470306, 0.199028417468, 0.35656106472, 0.237141400576, 0.0633412152529, 0.0493819452822, 0.0442120432854, 0.0704332813621, 0.109722167253, 0.0876505151391, 0.0608757995069, 0.0685625523329, 0.083497568965, 0.108144432306, 0.117709100246, 0.116164438426, 0.199070736766, 0.297170519829, 0.221997514367, 0.120038866997, 0.0936764478683, 0.0782292708755, 0.117005936801, 0.170614004135, 0.134382620454, 0.0755321606994, 0.0556168928742, 0.049654211849, 0.114653386176, 0.165107101202, 0.147495284677, 0.230181574821]
    },
    "chords_histogram": [37.9414749146, 2.68415737152, 11.7255296707, 0, 2.17961645126, 0, 1.33198785782, 0.908173561096, 0.0807265415788, 0.403632700443, 0, 0, 0, 0, 0, 0.827446997166, 0.92835521698, 1.21089804173, 0, 2.50252270699, 0.262361258268, 6.63975763321, 26.1553993225, 4.21796178818],
    "thpcp": [1, 0.66507935524, 0.177644789219, 0.138495057821, 0.12399571389, 0.19753497839, 0.307723343372, 0.245821893215, 0.170730367303, 0.192288383842, 0.234174668789, 0.30329850316, 0.330123245716, 0.325791150331, 0.558307528496, 0.833435118198, 0.622607290745, 0.336657255888, 0.262722045183, 0.219399362803, 0.328151196241, 0.478498697281, 0.376885294914, 0.211835131049, 0.155981391668, 0.139258652925, 0.32155328989, 0.463054209948, 0.413660645485, 0.645560026169, 0.760246992111, 0.403578132391, 0.181049823761, 0.175742328167, 0.207958340645, 0.558188855648],
    "chords_key": "E",
    "chords_scale": "major"
}
}