{
"metadata": {
    "version": {
        "essentia": "2.1-beta6-dev",
        "essentia_git_sha": "v2.1_beta5-1177-g1d1cc983",
        "extractor": "music 2.0"
    },
    "audio_properties": {
        "analysis": {
            "equal_loudness": 0,
            "length": 165.800003052,
            "sample_rate": 44100,
            "start_time": 0,
            "downmix": "mix"
        },
        "bit_rate": 1411200,
        "length": 165.800003052,
        "lossless": 1,
        "number_channels": 2,
        "replay_gain": -12.1659107208,
        "sample_rate": 44100,
        "codec": "pcm_s16le",
        "md5_encoded": "aa24974aea7fe48b8a447d99d45088ea"
    },
    "tags": {
        "file_name": "06 - The Front Bottoms - Awkward Conversations.wav",
        "album": ["Rose"],
        "albumartist": ["The Front Bottoms"],
        "artist": ["The Front Bottoms"],
        "copyright": ["2014 Bar None Records 2014 Bar None Records"],
        "date": ["2014"],
        "discnumber": ["1"],
        "disctotal": ["1"],
        "genre": ["Rock"],
        "isrc": ["US37V1422706"],
        "title": ["Awkward Conversations"],
        "tracknumber": ["6"],
        "tracktotal": ["6"]
    }
},
"lowlevel": {
    "average_loudness": 0.946784973145,
    "barkbands_crest": {
        "mean": 10.1060819626
    },
    "barkbands_flatness_db": {
        "mean": 0.191619724035
    },
    "barkbands_kurtosis": {
        "mean": 18.1577033997
    },
    "barkbands_skewness": {
        "mean": 1.91004359722
    },
    "barkbands_spread": {
        "mean": 18.1798973083
    },
    "dissonance": {
        "mean": 0.438424646854
    },
    "dynamic_complexity": 4.46368360519,
    "erbbands_crest": {
        "mean": 10.6214332581
    },
    "erbbands_flatness_db": {
        "mean": 0.16962595284
    },
    "erbbands_kurtosis": {
        "mean": 1.72089624405
    },
    "erbbands_skewness": {
        "mean": 0.520558595657
    },
    "erbbands_spread": {
        "mean": 45.4220199585
    },
    "hfc": {
        "mean": 20.3641490936
    },
    "loudness_ebu128": {
        "integrated": -11.0341930389,
        "loudness_range": 3.45250511169,
        "momentary": {
            "mean": -12.9242572784
        },
        "short_term": {
            "mean": -11.7937068939
        }
    },
    "melbands_crest": {
        "mean": 15.9004020691
    },
    "melbands_flatness_db": {
        "mean": 0.256404161453
    },
    "melbands_kurtosis": {
        "mean": 31.9561710358
    },
    "melbands_skewness": {
        "mean": 3.5971968174
    },
    "melbands_spread": {
        "mean": 17.9166812897
    },
    "pitch_salience": {
        "mean": 0.496425330639
    },
    "silence_rate_20dB": {
        "mean": 1
    },
    "silence_rate_30dB": {
        "mean": 0.999439954758
    },
    "silence_rate_60dB": {
        "mean": 0.0725287050009
    },
    "spectral_centroid": {
        "mean": 1054.36914062
    },
    "spectral_complexity": {
        "mean": 11.9183702469
    },
    "spectral_decrease": {
        "mean": -7.92579779585e-09
    },
    "spectral_energy": {
        "mean": 0.0317608751357
    },
    "spectral_energyband_high": {
        "mean": 0.000543423462659
    },
    "spectral_energyband_low": {
        "mean": 0.0120586277917
    },
    "spectral_energyband_middle_high": {
        "mean": 0.0073999306187
    },
    "spectral_energyband_middle_low": {
        "mean": 0.0139411948621
    },
    "spectral_entropy": {
        "mean": 7.11223506927
    },
    "spectral_flux": {
        "mean": 0.079805098474
    },
    "spectral_kurtosis": {
        "mean": 5.78028726578
    },
    "spectral_rms": {
        "mean": 0.00513289542869
    },
    "spectral_rolloff": {
        "mean": 1370.90881348
    },
    "spectral_skewness": {
        "mean": 1.73903906345
    },
    "spectral_spread": {
        "mean": 4990122
    },
    "spectral_strongpeak": {
        "mean": 1.30758404732
    },
    "zerocrossingrate": {
        "mean": 0.0561694353819
    },
    "barkbands": {
        "mean": [8.35439266211e-07, 0.00443300837651, 0.0059110741131, 0.00301888980903, 0.00500606466085, 0.0010318630375, 0.00137052556966, 0.00149011460599, 0.00119791121688, 0.00176312611438, 0.00162412808277, 0.000921918021049, 0.000929981935769, 0.000936298456509, 0.000414611102315, 0.000135344249429, 0.000369519722881, 0.000314625707688, 0.000223395254579, 0.000186779856449, 8.54131503729e-05, 7.13427434675e-05, 9.27214641706e-05, 0.000117698509712, 5.16211221111e-05, 4.82856921735e-05, 1.2655905266e-05]
    },
    "erbbands": {
        "mean": [0.0224921572953, 1.38712918758, 7.33306074142, 8.23162555695, 16.3856430054, 14.1508722305, 10.1595611572, 6.48151397705, 15.6798658371, 30.1746139526, 28.5829410553, 26.4357433319, 55.7239532471, 53.4726524353, 57.8452148438, 39.3460197449, 47.4617271423, 49.038269043, 27.9210014343, 13.6773948669, 9.83743000031, 20.5561027527, 18.4790325165, 11.2232208252, 13.154004097, 8.76949214935, 4.0705575943, 3.14759612083, 2.52755594254, 2.5860273838, 2.60559630394, 2.49350190163, 1.8271945715, 0.659100711346, 0.339127182961, 0.25894549489, 0.0789722278714, 0.0125338463113, 0.00173152273055, 0.00020164817397]
    },
    "gfcc": {
        "mean": [-41.2721824646, 97.9487304688, -94.9791412354, 38.5676116943, -49.8243217468, 8.16463756561, -37.8506317139, 5.10351133347, -29.9427700043, -9.93940258026, -16.3562755585, -10.6354122162, -19.1169681549],
        "cov": [[22124.2851562, 1518.98608398, -2553.35839844, 419.956207275, -822.560424805, 253.231552124, -207.485031128, 253.005462646, -722.452392578, -178.503067017, -340.273071289, -74.2981719971, -404.625976562], [1518.98608398, 2048.77783203, -755.446411133, -28.3723239899, 49.1226921082, -179.145690918, 79.5944824219, 76.1167755127, 56.2027816772, -112.600891113, 140.032836914, -78.842414856, 37.1836929321], [-2553.35839844, -755.446411133, 1465.5168457, 303.327362061, 90.784828186, -55.2851524353, -114.781105042, -89.3852920532, 131.09614563, 132.724517822, -70.5575561523, 122.113265991, 13.1988267899], [419.956207275, -28.3723239899, 303.327362061, 655.855651855, 109.995948792, -83.7204666138, -151.552337646, 20.4967479706, 76.9685974121, 35.9359550476, -40.4829902649, 38.0129928589, 32.4918937683], [-822.560424805, 49.1226921082, 90.784828186, 109.995948792, 391.161468506, -26.8010540009, -87.8489151001, -28.0446166992, 115.498382568, 45.950920105, -8.68601417542, -7.46256017685, 11.679441452], [253.231552124, -179.145690918, -55.2851524353, -83.7204666138, -26.8010540009, 356.772674561, 164.928588867, -43.3840293884, -81.1238021851, 32.8910980225, 15.8217411041, -21.1034469604, -7.67438364029], [-207.485031128, 79.5944824219, -114.781105042, -151.552337646, -87.8489151001, 164.928588867, 434.026550293, 10.4258460999, -118.360420227, -40.167339325, 40.8277778625, 28.7539157867, 1.36182487011], [253.005462646, 76.1167755127, -89.3852920532, 20.4967479706, -28.0446166992, -43.3840293884, 10.4258460999, 169.130661011, 41.5718421936, -33.9084014893, 7.73785543442, -7.24918079376, 11.8650770187], [-722.452392578, 56.2027816772, 131.09614563, 76.9685974121, 115.498382568, -81.1238021851, -118.360420227, 41.5718421936, 209.674743652, 50.5013084412, 4.5715842247, -22.9824752808, 7.00920677185], [-178.503067017, -112.600891113, 132.724517822, 35.9359550476, 45.950920105, 32.8910980225, -40.167339325, -33.9084014893, 50.5013084412, 127.659591675, 3.28403162956, -10.2590703964, -21.8791923523], [-340.273071289, 140.032836914, -70.5575561523, -40.4829902649, -8.68601417542, 15.8217411041, 40.8277778625, 7.73785543442, 4.5715842247, 3.28403162956, 113.699272156, -2.50919032097, 2.13359451294], [-74.2981719971, -78.842414856, 122.113265991, 38.0129928589, -7.46256017685, -21.1034469604, 28.7539157867, -7.24918079376, -22.9824752808, -10.2590703964, -2.50919032097, 106.368835449, 7.4026055336], [-404.625976562, 37.1836929321, 13.1988267899, 32.4918937683, 11.679441452, -7.67438364029, 1.36182487011, 11.8650770187, 7.00920677185, -21.8791923523, 2.13359451294, 7.4026055336, 83.7568435669]],
        "icov": [[0.000125884835143, -0.000123498684843, 0.000200282593141, -0.000195285290829, 0.000206259501283, -0.000217476088437, 0.000252841738984, -0.000248810916673, 0.000390445202356, -0.000172063475475, 0.000528089527506, -0.000240641733399, 0.000619809317868], [-0.000123498684843, 0.000903448730242, 0.000200854425202, 5.4411648307e-06, -0.000288780283881, 0.000734721368644, -0.000608153059147, 0.000504476309288, -0.000805985066108, 0.000531814119313, -0.00125117821153, 0.000578337407205, -0.000798323017079], [0.000200282593141, 0.000200854425202, 0.00154770386871, -0.000696521543432, 0.000457045680378, -7.90771300672e-05, 0.000170131228515, 0.000306120608002, -0.000316265563015, -0.000862677698024, 0.00102177134249, -0.00142319989391, 0.000688458851073], [-0.000195285290829, 5.4411648307e-06, -0.000696521543432, 0.00230259168893, -0.000689238018822, 0.000294896104606, 0.000219834211748, -0.000240842506173, -0.000345157488482, -0.000154588007717, -0.000316770165227, -0.000209672973142, -0.00156053889077], [0.000206259501283, -0.000288780283881, 0.000457045680378, -0.000689238018822, 0.00368911749683, -0.000590089708567, 0.000498792214785, 0.0006745037972, -0.00135047512595, -0.000524692819454, 0.00119287229609, -0.000655063253362, 0.000651293783449], [-0.000217476088437, 0.000734721368644, -7.90771300672e-05, 0.000294896104606, -0.000590089708567, 0.00480985082686, -0.00214184634387, 0.0010986845009, 0.000364091712981, -0.00128536089323, -0.00142410502303, 0.00197595381178, -0.00158114999067], [0.000252841738984, -0.000608153059147, 0.000170131228515, 0.000219834211748, 0.000498792214785, -0.00214184634387, 0.00428749574348, -0.00147223449312, 0.00218364875764, 0.000102862606582, 0.000432655564509, -0.00179196079262, 0.00124389503617], [-0.000248810916673, 0.000504476309288, 0.000306120608002, -0.000240842506173, 0.0006745037972, 0.0010986845009, -0.00147223449312, 0.00840675085783, -0.0039875456132, 0.00247996556573, -0.0012742811814, 0.000628690002486, -0.0015827070456], [0.000390445202356, -0.000805985066108, -0.000316265563015, -0.000345157488482, -0.00135047512595, 0.000364091712981, 0.00218364875764, -0.0039875456132, 0.0104909325019, -0.00358721474186, 0.000858892861288, 0.00113174773287, 0.00124192598742], [-0.000172063475475, 0.000531814119313, -0.000862677698024, -0.000154588007717, -0.000524692819454, -0.00128536089323, 0.000102862606582, 0.00247996556573, -0.00358721474186, 0.0121617214754, -0.00204419787042, 0.00136981636751, 0.00213911081664], [0.000528089527506, -0.00125117821153, 0.00102177134249, -0.000316770165227, 0.00119287229609, -0.00142410502303, 0.000432655564509, -0.0012742811814, 0.000858892861288, -0.00204419787042, 0.0126003287733, -0.00188740505837, 0.00218513072468], [-0.000240641733399, 0.000578337407205, -0.00142319989391, -0.000209672973142, -0.000655063253362, 0.00197595381178, -0.00179196079262, 0.000628690002486, 0.00113174773287, 0.00136981636751, -0.00188740505837, 0.0126952184364, -0.00171203212813], [0.000619809317868, -0.000798323017079, 0.000688458851073, -0.00156053889077, 0.000651293783449, -0.00158114999067, 0.00124389503617, -0.0015827070456, 0.00124192598742, 0.00213911081664, 0.00218513072468, -0.00171203212813, 0.0163036938757]]
    },
    "melbands": {
        "mean": [0.000660656136461, 0.0031109417323, 0.00164281693287, 0.00123576959595, 0.000362748396583, 0.000169978375197, 0.000247106770985, 0.000339458987582, 0.000235018145759, 0.000162965705385, 0.000275099126156, 0.000205639444175, 0.000197634624783, 9.96300150291e-05, 0.000139592855703, 7.34109198675e-05, 9.84610160231e-05, 4.52361055068e-05, 3.30324473907e-05, 9.37462482398e-06, 1.19172300401e-05, 2.09438603633e-05, 2.16767512029e-05, 1.30232247102e-05, 8.3682798504e-06, 9.2122299975e-06, 9.23615152715e-06, 4.84989368488e-06, 2.42665623773e-06, 2.20507217819e-06, 1.70436658209e-06, 1.54919780471e-06, 1.15347791052e-06, 1.57120564381e-06, 1.53624193899e-06, 1.41658620123e-06, 1.54133510932e-06, 1.36542564633e-06, 9.45706347011e-07, 4.12630100755e-07]
    },
    "melbands128": {
        "mean": [6.41866620299e-07, 5.87418935538e-06, 0.000312411080813, 0.00301345344633, 0.00435920292512, 0.00231848983094, 0.00163337332197, 0.00139126274735, 0.00171836744994, 0.00167614407837, 0.000556405982934, 0.000366185704479, 0.000351519352989, 0.000322439824231, 8.65816909936e-05, 0.000111457316962, 0.000253364734817, 0.000239962362684, 0.000300281244563, 0.000344416883308, 0.000410351291066, 0.000184954813449, 0.00024954235414, 0.000230252204346, 0.000144924561027, 0.000129380190629, 0.000193270636373, 0.000398480478907, 0.000245185889071, 0.000119617885503, 0.000281725311652, 0.000189096172107, 0.000162365788128, 0.000264557573246, 9.03597319848e-05, 4.53170396213e-05, 9.74151989794e-05, 0.000175078923348, 0.000149253479321, 9.51425681706e-05, 4.84490083181e-05, 4.7184756113e-05, 0.000118694159028, 0.000123429999803, 5.11160615133e-05, 2.56468301814e-05, 3.99478522013e-05, 5.37156774953e-05, 1.77135789272e-05, 7.26928783479e-06, 1.04665386971e-05, 9.02868214325e-06, 8.03649618319e-06, 1.30772732518e-05, 2.07747907552e-05, 2.03853833227e-05, 2.25835610763e-05, 2.4893823138e-05, 2.0704115741e-05, 1.69051727426e-05, 1.1370420907e-05, 1.21842140288e-05, 9.3610087788e-06, 6.62814181851e-06, 7.47512012822e-06, 8.92834759725e-06, 1.07587666207e-05, 1.04268656287e-05, 8.69774248713e-06, 7.82080678619e-06, 5.70933161725e-06, 2.73569185083e-06, 2.45509090746e-06, 2.33644550462e-06, 2.43771501118e-06, 2.31643116422e-06, 2.1742359877e-06, 1.70017528944e-06, 1.42167073136e-06, 2.02541514227e-06, 1.72672150711e-06, 1.33794583235e-06, 1.09078109745e-06, 1.10886537641e-06, 1.1935708244e-06, 1.55194254603e-06, 1.71640897406e-06, 1.54976146405e-06, 1.66631184584e-06, 1.39484473038e-06, 1.29443196784e-06, 1.35378149935e-06, 1.7490369828e-06, 1.557988071e-06, 1.45449064348e-06, 1.37445738346e-06, 1.39923213283e-06, 1.27310727294e-06, 1.03075547031e-06, 7.6182709563e-07, 5.13220641096e-07, 3.45654001421e-07, 2.88164926587e-07, 2.93259148521e-07, 3.65754090126e-07, 4.2995392846e-07, 4.62236698695e-07, 4.38150436821e-07, 4.58649338952e-07, 4.94346693358e-07, 4.43671410721e-07, 3.40734317206e-07, 2.23173643121e-07, 1.27365709091e-07, 9.86985000395e-08, 1.00509254253e-07, 9.21861200709e-08, 8.01615414048e-08, 6.30931822343e-08, 4.6375884466e-08, 3.82785252384e-08, 4.53776998199e-08, 5.42601590325e-08, 5.91536846173e-08, 4.03978290819e-08, 2.97305451369e-08, 2.38890063287e-08, 1.35077291574e-08]
    },
    "mfcc": {
        "mean": [-686.95916748, 128.428390503, 13.9667425156, 33.9633979797, 12.2221508026, 3.78236198425, 5.5617275238, 7.90580844879, -8.99114608765, 2.6506755352, -2.26380252838, -3.10175013542, -9.09338665009],
        "cov": [[14507.1953125, 416.639404297, -1018.15606689, -330.143768311, -413.157623291, 10.7896442413, 293.603729248, 253.02671814, -213.093933105, -97.560256958, 15.0114336014, -27.6409435272, -286.31338501], [416.639404297, 1663.71533203, -421.548950195, -1.21170938015, -51.2534790039, -125.403541565, 12.8555736542, 79.2391052246, -63.2253608704, 32.9537010193, 66.7489624023, -3.42266249657, 17.6257133484], [-1018.15606689, -421.548950195, 1024.99035645, 255.575912476, 79.5288009644, 89.7908096313, -79.6016082764, -57.6532745361, 50.6853942871, -1.64887201786, -55.3599357605, 29.5124130249, 47.0088119507], [-330.143768311, -1.21170938015, 255.575912476, 637.042663574, 253.751861572, -37.0398178101, -176.838104248, 8.26992416382, 47.1232070923, 27.8091068268, -50.4519500732, 0.228632479906, 96.8769683838], [-413.157623291, -51.2534790039, 79.5288009644, 253.751861572, 552.406494141, -7.54461669922, -243.133468628, -96.3782196045, 22.6202468872, 95.8136825562, 1.80396842957, -12.3870544434, 20.8612937927], [10.7896442413, -125.403541565, 89.7908096313, -37.0398178101, -7.54461669922, 340.825439453, 133.094467163, -24.3160858154, 11.37915802, -5.65698242188, 46.4133071899, 9.19819736481, -21.2228431702], [293.603729248, 12.8555736542, -79.6016082764, -176.838104248, -243.133468628, 133.094467163, 348.808532715, 93.3659439087, -1.48933565617, -52.5282249451, 23.7707500458, 17.6917648315, -24.7446079254], [253.02671814, 79.2391052246, -57.6532745361, 8.26992416382, -96.3782196045, -24.3160858154, 93.3659439087, 178.059661865, 30.9994945526, -30.9744300842, -2.61452054977, 13.854265213, 13.5456609726], [-213.093933105, -63.2253608704, 50.6853942871, 47.1232070923, 22.6202468872, 11.37915802, -1.48933565617, 30.9994945526, 124.456100464, 31.8762397766, -9.24239444733, -1.99455404282, 1.38073945045], [-97.560256958, 32.9537010193, -1.64887201786, 27.8091068268, 95.8136825562, -5.65698242188, -52.5282249451, -30.9744300842, 31.8762397766, 145.097015381, 38.6785850525, -5.75932073593, 1.31139183044], [15.0114336014, 66.7489624023, -55.3599357605, -50.4519500732, 1.80396842957, 46.4133071899, 23.7707500458, -2.61452054977, -9.24239444733, 38.6785850525, 112.281692505, 24.3821468353, -4.65658140182], [-27.6409435272, -3.42266249657, 29.5124130249, 0.228632479906, -12.3870544434, 9.19819736481, 17.6917648315, 13.854265213, -1.99455404282, -5.75932073593, 24.3821468353, 89.9185791016, 21.9010334015], [-286.31338501, 17.6257133484, 47.0088119507, 96.8769683838, 20.8612937927, -21.2228431702, -24.7446079254, 13.5456609726, 1.38073945045, 1.31139183044, -4.65658140182, 21.9010334015, 104.691741943]],
        "icov": [[8.34187230794e-05, 5.14241583005e-06, 7.39947208785e-05, -4.46724698122e-05, 4.65073571831e-05, -3.90070526919e-05, 1.70184503077e-05, -0.000137858471135, 0.000176111032488, -5.09995334141e-05, 6.36384065729e-05, -4.7850113333e-05, 0.000251223857049], [5.14241583005e-06, 0.000733950117137, 0.000267802417511, -0.000167310005054, 8.8772692834e-05, 0.0001947710698, -8.14048871689e-06, -0.000277992745396, 0.000402802543249, -0.000225094219786, -0.000377989083063, 8.97220597835e-05, -5.71670425416e-05], [7.39947208785e-05, 0.000267802417511, 0.00139998190571, -0.000548156560399, 0.000287169386866, -0.000462026247988, 0.000255590537563, 0.000266049173661, -0.000115050956083, -0.000101002355223, 0.000574009667616, -0.000610614893958, 6.70492154313e-05], [-4.46724698122e-05, -0.000167310005054, -0.000548156560399, 0.00276102800854, -0.000984474900179, -0.000211816877709, 0.000759073882364, -0.000875295489095, -0.000511359947268, 0.00014176289551, 0.000760237220675, 0.000298331142403, -0.00198053079657], [4.65073571831e-05, 8.8772692834e-05, 0.000287169386866, -0.000984474900179, 0.00336632505059, -0.0007634703652, 0.00187371612992, 0.000509815523401, 5.94804441789e-05, -0.00129590404686, 3.07567970594e-05, -0.000191881903447, 0.000502590381075], [-3.90070526919e-05, 0.0001947710698, -0.000462026247988, -0.000211816877709, -0.0007634703652, 0.00456558074802, -0.0026254018303, 0.00159846083261, -0.000762265117373, 0.000779906869866, -0.00211252667941, 0.000367833941709, 0.000343673076713], [1.70184503077e-05, -8.14048871689e-06, 0.000255590537563, 0.000759073882364, 0.00187371612992, -0.0026254018303, 0.00636761309579, -0.00265247887, 0.000238473236095, 0.000139026204124, 0.000209315301618, -0.000510244746692, 0.00028454331914], [-0.000137858471135, -0.000277992745396, 0.000266049173661, -0.000875295489095, 0.000509815523401, 0.00159846083261, -0.00265247887, 0.00889927055687, -0.00312167732045, 0.0016739879502, -0.000731417152565, -0.000579622050282, -0.00108672166243], [0.000176111032488, 0.000402802543249, -0.000115050956083, -0.000511359947268, 5.94804441789e-05, -0.000762265117373, 0.000238473236095, -0.00312167732045, 0.0105873737484, -0.00333078112453, 0.00173826806713, -0.000122516867123, 0.00123759231064], [-5.09995334141e-05, -0.000225094219786, -0.000101002355223, 0.00014176289551, -0.00129590404686, 0.000779906869866, 0.000139026204124, 0.0016739879502, -0.00333078112453, 0.0100770052522, -0.00418379763141, 0.00129114242736, -0.000493300787639], [6.36384065729e-05, -0.000377989083063, 0.000574009667616, 0.000760237220675, 3.07567970594e-05, -0.00211252667941, 0.000209315301618, -0.000731417152565, 0.00173826806713, -0.00418379763141, 0.0129681164399, -0.00372992292978, 0.000372752663679], [-4.7850113333e-05, 8.97220597835e-05, -0.000610614893958, 0.000298331142403, -0.000191881903447, 0.000367833941709, -0.000510244746692, -0.000579622050282, -0.000122516867123, 0.00129114242736, -0.00372992292978, 0.0132660893723, -0.00303631881252], [0.000251223857049, -5.71670425416e-05, 6.70492154313e-05, -0.00198053079657, 0.000502590381075, 0.000343673076713, 0.00028454331914, -0.00108672166243, 0.00123759231064, -0.000493300787639, 0.000372752663679, -0.00303631881252, 0.0128701170906]]
    },
    "spectral_contrast_coeffs": {
        "mean": [-0.668132603168, -0.693572163582, -0.705886781216, -0.745091617107, -0.748549222946, -0.783326208591]
    },
    "spectral_contrast_valleys": {
        "mean": [-6.74739360809, -7.81227731705, -8.57821655273, -8.78157043457, -8.41406059265, -10.7525548935]
    }
},
"rhythm": {
    "beats_count": 416,
    "beats_loudness": {
        "mean": 0.0407094024122
    },
    "bpm": 152.308563232,
    "bpm_histogram_first_peak_bpm": 152,
    "bpm_histogram_first_peak_weight": 0.259842514992,
    "bpm_histogram_second_peak_bpm": 157,
    "bpm_histogram_second_peak_spread": 0.205607533455,
    "bpm_histogram_second_peak_weight": 0.204819276929,
    "danceability": 1.19988536835,
    "onset_rate": 4.70407485962,
    "beats_loudness_band_ratio": {
        "mean": [0.514351725578, 0.166554912925, 0.145587861538, 0.145126089454, 0.0620627962053, 0.0435308553278]
    },
    "beats_position": [0.406349211931, 0.835918366909, 1.27709746361, 1.72988653183, 2.18267560005, 2.61224484444, 3.03020405769, 3.44816327095, 3.87773227692, 4.3073015213, 4.73687076569, 5.15482997894, 5.56117916107, 5.94430828094, 6.33904743195, 6.73378658295, 7.12852573395, 7.51165533066, 7.89478445053, 8.26630401611, 8.66104316711, 9.04417228699, 9.42730140686, 9.82204055786, 10.2167797089, 10.6115188599, 10.9946479797, 11.3777770996, 11.7609071732, 12.144036293, 12.538775444, 12.9219045639, 13.3050336838, 13.6881628036, 14.0712919235, 14.4544210434, 14.8375511169, 15.2439002991, 15.6386394501, 16.0333786011, 16.4165077209, 16.8112468719, 17.2059860229, 17.5775051117, 17.9374141693, 18.3321533203, 18.7268924713, 19.1100215912, 19.4931507111, 19.8762817383, 20.2594108582, 20.642539978, 21.037279129, 21.43201828, 21.8035373688, 22.1866664886, 22.5814056396, 22.9645347595, 23.3592739105, 23.7772331238, 24.2068023682, 24.6363716125, 25.0659408569, 25.4722900391, 25.8554191589, 26.2385482788, 26.6332874298, 27.0280265808, 27.4227657318, 27.8175048828, 28.2006340027, 28.5837631226, 28.9901123047, 29.3964614868, 29.7679805756, 30.1511096954, 30.5342407227, 30.9173698425, 31.3004989624, 31.6720180511, 32.0667572021, 32.4614944458, 32.8330154419, 33.2277526855, 33.6108856201, 34.0056228638, 34.3887519836, 34.783493042, 35.1782302856, 35.572971344, 35.9444885254, 36.3160095215, 36.7107467651, 37.1054878235, 37.5002250671, 37.883354187, 38.2664833069, 38.6612243652, 39.0559616089, 39.4507026672, 39.8338317871, 40.2285690308, 40.6116981506, 41.006439209, 41.3779602051, 41.7726974487, 42.1558265686, 42.5389556885, 42.9453048706, 43.3516540527, 43.7463951111, 44.1411323547, 44.5358734131, 44.919002533, 45.3021316528, 45.6852607727, 46.0683898926, 46.4515190125, 46.8578681946, 47.2526054382, 47.6473464966, 48.0420837402, 48.4368247986, 48.8199539185, 49.2030830383, 49.5978240967, 49.9925613403, 50.3873023987, 50.7820396423, 51.1767807007, 51.5715179443, 51.9662590027, 52.3493881226, 52.7441253662, 53.1272544861, 53.5219955444, 53.9167327881, 54.3230819702, 54.7062110901, 55.1009521484, 55.4956893921, 55.8904304504, 56.2851676941, 56.6799087524, 57.0746459961, 57.4809951782, 57.8641242981, 58.2588653564, 58.6536026001, 59.0599517822, 59.4430847168, 59.8378219604, 60.2325630188, 60.6273002625, 61.0220413208, 61.4167785645, 61.7882995605, 62.1830368042, 62.5777778625, 62.9725151062, 63.3788642883, 63.7852134705, 64.1799545288, 64.5746917725, 64.9694290161, 65.3757781982, 65.7589111328, 66.1652603149, 66.5483856201, 66.9431304932, 67.3378677368, 67.7326049805, 68.1041259766, 68.4872512817, 68.8703842163, 69.26512146, 69.659866333, 70.0546035767, 70.4261245728, 70.8208618164, 71.2155990601, 71.6219482422, 72.0050811768, 72.3998184204, 72.7713394165, 73.1660766602, 73.5492019653, 73.9323348999, 74.3270721436, 74.7218093872, 75.1165542603, 75.5112915039, 75.8828125, 76.2775497437, 76.6722869873, 77.0554199219, 77.4385452271, 77.8448944092, 78.2280273438, 78.6343765259, 79.0175018311, 79.4006347656, 79.7953720093, 80.1785049438, 80.561630249, 80.9679794312, 81.3627166748, 81.7574615479, 82.1521987915, 82.5353240967, 82.9300689697, 83.3364181519, 83.7311553955, 84.1258926392, 84.5090255737, 84.9153747559, 85.298500061, 85.6816329956, 86.0763702393, 86.4711074829, 86.865852356, 87.2605895996, 87.6553268433, 88.0500640869, 88.421585083, 88.8163223267, 89.2110671997, 89.6058044434, 89.9773254395, 90.3836746216, 90.7900238037, 91.1963729858, 91.579498291, 91.9742355347, 92.3689804077, 92.7637176514, 93.158454895, 93.5415878296, 93.9479370117, 94.3426742554, 94.737411499, 95.1321487427, 95.5268936157, 95.9216308594, 96.3047637939, 96.6878890991, 97.0826263428, 97.4773712158, 97.8721084595, 98.2784576416, 98.6848068237, 99.0679321289, 99.4510650635, 99.8458023071, 100.252151489, 100.658500671, 101.053237915, 101.447982788, 101.842720032, 102.237457275, 102.643806458, 103.061767578, 103.456504822, 103.862854004, 104.257591248, 104.66394043, 105.047073364, 105.441810608, 105.836547852, 106.242897034, 106.649246216, 107.043991089, 107.438728333, 107.833465576, 108.22820282, 108.622947693, 109.017684937, 109.41242218, 109.830383301, 110.225120544, 110.619865417, 111.014602661, 111.409339905, 111.804077148, 112.198822021, 112.593559265, 112.988296509, 113.383033752, 113.777778625, 114.160903931, 114.544036865, 114.950386047, 115.345123291, 115.739860535, 116.146209717, 116.552558899, 116.947296143, 117.353645325, 117.748390198, 118.143127441, 118.526252747, 118.92099762, 119.327346802, 119.722084045, 120.116821289, 120.511566162, 120.906303406, 121.301040649, 121.695777893, 122.102127075, 122.508476257, 122.90322113, 123.297958374, 123.681083679, 124.064216614, 124.470565796, 124.86530304, 125.260040283, 125.666389465, 126.061134338, 126.47908783, 126.89704895, 127.326622009, 127.802627563, 128.25541687, 128.731430054, 129.195831299, 129.648620605, 130.101409912, 130.554199219, 130.983764648, 131.424942017, 131.866119385, 132.295684814, 132.713653564, 133.119995117, 133.526351929, 133.932693481, 134.350662231, 134.745391846, 135.140136719, 135.534866333, 135.941223145, 136.335968018, 136.74230957, 137.137054443, 137.543395996, 137.949752808, 138.344482422, 138.739227295, 139.145568848, 139.563537598, 139.96987915, 140.364624023, 140.759368896, 141.154098511, 141.548843384, 141.943572998, 142.34992981, 142.756271362, 143.151016235, 143.557373047, 143.9637146, 144.358459473, 144.753189087, 145.14793396, 145.554275513, 145.960632324, 146.366973877, 146.76171875, 147.168075562, 147.562805176, 147.957550049, 148.352294922, 148.747024536, 149.141769409, 149.548110962, 149.931243896, 150.337600708, 150.743942261, 151.138687134, 151.533416748, 151.928161621, 152.346115112, 152.764083862, 153.158813477, 153.55355835, 153.959899902, 154.343032837, 154.761001587, 155.16734314, 155.573699951, 156.003265381, 156.432830811, 156.874008179, 157.326797485, 157.802810669, 158.255599976, 158.708389282, 159.14956665, 159.57913208, 160.00869751, 160.449890137, 160.798187256, 161.158096313, 161.518005371, 161.889526367, 162.249435425, 162.620956421, 162.992462158, 163.363983154, 163.747116089, 164.118637085, 164.490158081, 164.861679077, 165.244796753],
    "bpm_histogram": [0, 0, 0, 0, 0, 0, 0, 0, 0, 0, 0, 0, 0, 0, 0, 0, 0, 0, 0, 0, 0, 0, 0, 0, 0, 0, 0, 0, 0, 0, 0, 0, 0, 0, 0, 0, 0, 0, 0, 0, 0, 0, 0, 0, 0, 0, 0, 0, 0, 0, 0, 0, 0, 0, 0, 0, 0, 0, 0, 0, 0, 0, 0, 0, 0, 0, 0, 0, 0, 0, 0, 0, 0, 0, 0, 0, 0, 0, 0, 0, 0, 0, 0, 0, 0, 0, 0, 0, 0, 0, 0, 0, 0, 0, 0, 0, 0, 0, 0, 0, 0, 0, 0, 0, 0, 0, 0, 0, 0, 0, 0, 0, 0, 0, 0, 0, 0, 0, 0, 0, 0, 0, 0, 0, 0, 0, 0.00722891557962, 0, 0, 0.00240963860415, 0, 0, 0, 0.0216867476702, 0, 0, 0.0144578311592, 0, 0, 0, 0.0361445769668, 0, 0, 0, 0.0337349399924, 0, 0, 0, 0.159036144614, 0, 0, 0, 0.453012049198, 0, 0, 0, 0, 0.204819276929, 0, 0, 0, 0.053012046963, 0.00240963860415, 0, 0, 0, 0, 0.0096385544166, 0, 0, 0, 0, 0.00240963860415, 0, 0, 0, 0, 0, 0, 0, 0, 0, 0, 0, 0, 0, 0, 0, 0, 0, 0, 0, 0, 0, 0, 0, 0, 0, 0, 0, 0, 0, 0, 0, 0, 0, 0, 0, 0, 0, 0, 0, 0, 0, 0, 0, 0, 0, 0, 0, 0, 0, 0, 0, 0, 0, 0, 0, 0, 0, 0, 0, 0, 0, 0, 0, 0, 0, 0, 0, 0, 0, 0, 0, 0, 0, 0, 0, 0, 0]
},
"tonal": {
    "chords_changes_rate": 0.0543113090098,
    "chords_number_rate": 0.00139977608342,
    "chords_strength": {
        "mean": 0.564922392368
    },
    "hpcp_crest": {
        "mean": 13.3245706558
    },
    "hpcp_entropy": {
        "mean": 1.95922124386
    },
    "key_edma": {
        "strength": 0.643947124481,
        "key": "G",
        "scale": "major"
    },
    "key_krumhansl": {
        "strength": 0.636337459087,
        "key": "G",
        "scale": "major"
    },
    "key_temperley": {
        "strength": 0.625055730343,
        "key": "G",
        "scale": "major"
    },
    "tuning_diatonic_strength": 0.625995278358,
    "tuning_equal_tempered_deviation": 0.318990379572,
    "tuning_frequency": 456.04309082,
    "tuning_nontempered_energy_ratio": 0.907641172409,
    "hpcp": {
        "mean": [0.0759380012751, 0.116680122912, 0.090040139854, 0.0367737486959, 0.0296585094184, 0.0431357882917, 0.091828070581, 0.135133624077, 0.106357306242, 0.0670196413994, 0.0762622579932, 0.0579982884228, 0.0268931537867, 0.0330606587231, 0.0477161183953, 0.13972055912, 0.227269515395, 0.160014286637, 0.0872787609696, 0.0801080390811, 0.0641302466393, 0.047978296876, 0.0429463647306, 0.0408397354186, 0.0356643088162, 0.0459794215858, 0.171283096075, 0.393348485231, 0.381149917841, 0.220753327012, 0.235737919807, 0.318935424089, 0.2124607265, 0.0590126551688, 0.0382357500494, 0.0443585887551]
    },
    "chords_histogram": [31.9988803864, 34.1265411377, 21.640537262, 0, 0, 0.0279955212027, 0, 0, 3.69540882111, 0, 0, 0, 0, 0, 0.251959681511, 5.34714460373, 0.699887990952, 0.139977604151, 0, 0, 0, 0.419932812452, 0.867861151695, 0.783874571323],
    "thpcp": [1, 0.968987882137, 0.561215639114, 0.59931063652, 0.810821533203, 0.540133595467, 0.150026395917, 0.0972057878971, 0.112771727145, 0.193055272102, 0.296632945538, 0.228906795382, 0.0934889763594, 0.0754000842571, 0.109663031995, 0.23345220089, 0.343546837568, 0.270389527082, 0.170382350683, 0.193879634142, 0.147447600961, 0.0683697909117, 0.0840492844582, 0.121307492256, 0.355208069086, 0.577781617641, 0.406800299883, 0.221886605024, 0.20365665853, 0.163036718965, 0.121974021196, 0.109181463718, 0.103825837374, 0.090668477118, 0.116892330348, 0.435448735952],
    "chords_key": "B",
    "chords_scale": "minor"
}
}