{
"metadata": {
    "version": {
        "essentia": "2.1-beta6-dev",
        "essentia_git_sha": "v2.1_beta5-1177-g1d1cc983",
        "extractor": "music 2.0"
    },
    "audio_properties": {
        "analysis": {
            "equal_loudness": 0,
            "length": 251.240005493,
            "sample_rate": 44100,
            "start_time": 0,
            "downmix": "mix"
        },
        "bit_rate": 1411200,
        "length": 251.240005493,
        "lossless": 1,
        "number_channels": 2,
        "replay_gain": -15.193025589,
        "sample_rate": 44100,
        "codec": "pcm_s16le",
        "md5_encoded": "a8a3676e102a26b287c5cee5c67bf85d"
    },
    "tags": {
        "file_name": "09 - The Front Bottoms - 2YL.wav",
        "album": ["Back on Top"],
        "albumartist": ["The Front Bottoms"],
        "artist": ["The Front Bottoms"],
        "copyright": ["© 2015 Fueled By Ramen LLC for the United States and WEA International Inc. for the world outside of the United States. A Warner Music Group Company ℗ 2015 Fueled By Ramen LLC"],
        "date": ["2015"],
        "discnumber": ["1"],
        "disctotal": ["1"],
        "genre": ["Alternative & Indie"],
        "isrc": ["USAT21502136"],
        "title": ["2YL"],
        "tracknumber": ["9"],
        "tracktotal": ["11"]
    }
},
"lowlevel": {
    "average_loudness": 0.920980036259,
    "barkbands_crest": {
        "mean": 10.1830406189
    },
    "barkbands_flatness_db": {
        "mean": 0.118139520288
    },
    "barkbands_kurtosis": {
        "mean": 2.44731044769
    },
    "barkbands_skewness": {
        "mean": 1.21016299725
    },
    "barkbands_spread": {
        "mean": 34.820941925
    },
    "dissonance": {
        "mean": 0.475663810968
    },
    "dynamic_complexity": 2.02078318596,
    "erbbands_crest": {
        "mean": 7.81723928452
    },
    "erbbands_flatness_db": {
        "mean": 0.142358750105
    },
    "erbbands_kurtosis": {
        "mean": 0.557641983032
    },
    "erbbands_skewness": {
        "mean": -0.36591142416
    },
    "erbbands_spread": {
        "mean": 43.7914505005
    },
    "hfc": {
        "mean": 31.7756481171
    },
    "loudness_ebu128": {
        "integrated": -7.08778524399,
        "loudness_range": 3.09130477905,
        "momentary": {
            "mean": -7.73717927933
        },
        "short_term": {
            "mean": -7.36489486694
        }
    },
    "melbands_crest": {
        "mean": 15.5191898346
    },
    "melbands_flatness_db": {
        "mean": 0.172926098108
    },
    "melbands_kurtosis": {
        "mean": 14.1328125
    },
    "melbands_skewness": {
        "mean": 2.86658430099
    },
    "melbands_spread": {
        "mean": 36.6042289734
    },
    "pitch_salience": {
        "mean": 0.495910346508
    },
    "silence_rate_20dB": {
        "mean": 1
    },
    "silence_rate_30dB": {
        "mean": 0.982165932655
    },
    "silence_rate_60dB": {
        "mean": 0.02374792099
    },
    "spectral_centroid": {
        "mean": 2004.22827148
    },
    "spectral_complexity": {
        "mean": 25.9748668671
    },
    "spectral_decrease": {
        "mean": -8.35429769808e-09
    },
    "spectral_energy": {
        "mean": 0.0344131812453
    },
    "spectral_energyband_high": {
        "mean": 0.00200426368974
    },
    "spectral_energyband_low": {
        "mean": 0.0174291376024
    },
    "spectral_energyband_middle_high": {
        "mean": 0.00685880240053
    },
    "spectral_energyband_middle_low": {
        "mean": 0.00881887692958
    },
    "spectral_entropy": {
        "mean": 7.80468654633
    },
    "spectral_flux": {
        "mean": 0.093519821763
    },
    "spectral_kurtosis": {
        "mean": 3.55369663239
    },
    "spectral_rms": {
        "mean": 0.00542966835201
    },
    "spectral_rolloff": {
        "mean": 2362.75292969
    },
    "spectral_skewness": {
        "mean": 1.11371719837
    },
    "spectral_spread": {
        "mean": 4710121
    },
    "spectral_strongpeak": {
        "mean": 0.732840240002
    },
    "zerocrossingrate": {
        "mean": 0.0810592472553
    },
    "barkbands": {
        "mean": [0.000151632601046, 0.0112209236249, 0.00544161116704, 0.00158726691734, 0.00329107278958, 0.00109080236871, 0.00114886660594, 0.000688823056407, 0.000865034409799, 0.000778604648076, 0.000557066057809, 0.000462773488835, 0.000424283032771, 0.000567146751564, 0.000580607505981, 0.00100585224573, 0.000953820359427, 0.000497533008456, 0.00070127210347, 0.000638841884211, 0.00048074562801, 0.000434184912592, 0.000297319085803, 0.000332008523401, 0.000155261033797, 4.88727127959e-05, 1.01963978523e-05]
    },
    "erbbands": {
        "mean": [0.248111888766, 2.77548122406, 6.88995742798, 5.08902692795, 10.251666069, 10.1639328003, 7.28753471375, 10.1798782349, 12.7430410385, 20.8458213806, 15.0291004181, 18.2336902618, 23.7899742126, 21.6825828552, 22.0699653625, 17.8110351562, 20.7138671875, 23.3060779572, 25.6001758575, 40.8111038208, 67.47240448, 49.0431632996, 30.3420810699, 27.2835292816, 41.3131370544, 29.8071269989, 22.3569927216, 17.9019508362, 16.185382843, 10.6457242966, 8.26153564453, 7.22153568268, 5.17574071884, 2.19270586967, 0.875877678394, 0.283215165138, 0.0790431424975, 0.0156647991389, 0.00171200453769, 0.000120979253552]
    },
    "gfcc": {
        "mean": [27.2417030334, 74.5442199707, -120.327629089, 54.6298980713, -51.0058059692, 14.9428825378, -29.9254646301, 8.02984142303, -16.6981906891, -0.132035672665, -16.3360004425, -1.2770550251, -7.88000631332],
        "cov": [[8205.25585938, -1162.58349609, -608.465454102, 455.218414307, -462.252624512, 486.24105835, -435.375976562, 435.830108643, -89.3561325073, 224.785766602, -194.725814819, 39.3292045593, -193.295928955], [-1162.58349609, 1715.14758301, -241.919021606, -67.7397003174, 226.210128784, -231.400848389, 300.767303467, -156.265380859, 155.85824585, -95.0090637207, 127.928276062, -40.6634521484, 98.1901779175], [-608.465454102, -241.919021606, 930.121704102, -71.8301696777, 100.099052429, 98.782081604, -7.42032337189, 41.4425697327, -48.6997795105, 40.181312561, -10.4440250397, 20.0664176941, -82.2750320435], [455.218414307, -67.7397003174, -71.8301696777, 467.894470215, 75.99634552, 18.7807750702, -26.1406269073, 8.53995037079, 43.4331665039, -2.3438076973, -17.3788890839, 0.490729063749, 28.516166687], [-462.252624512, 226.210128784, 100.099052429, 75.99634552, 317.969573975, -8.13656616211, 95.9722900391, -9.53984642029, 48.0761528015, -0.801900923252, 11.2981786728, 11.0815172195, 30.4948444366], [486.24105835, -231.400848389, 98.782081604, 18.7807750702, -8.13656616211, 268.982086182, 41.7536430359, 92.648979187, -8.19466304779, 39.5165901184, 5.67007827759, 4.91684818268, -35.0920677185], [-435.375976562, 300.767303467, -7.42032337189, -26.1406269073, 95.9722900391, 41.7536430359, 261.417572021, -7.83089542389, 26.8667297363, -4.89304685593, 22.306344986, 7.28836345673, 8.99088287354], [435.830108643, -156.265380859, 41.4425697327, 8.53995037079, -9.53984642029, 92.648979187, -7.83089542389, 172.276184082, 38.8540840149, 30.6142997742, 7.03599691391, 3.83286333084, -18.624048233], [-89.3561325073, 155.85824585, -48.6997795105, 43.4331665039, 48.0761528015, -8.19466304779, 26.8667297363, 38.8540840149, 120.414344788, 28.0726737976, 23.874130249, -11.5001449585, 7.528901577], [224.785766602, -95.0090637207, 40.181312561, -2.3438076973, -0.801900923252, 39.5165901184, -4.89304685593, 30.6142997742, 28.0726737976, 100.542709351, 10.2680244446, 10.2010536194, -27.4528427124], [-194.725814819, 127.928276062, -10.4440250397, -17.3788890839, 11.2981786728, 5.67007827759, 22.306344986, 7.03599691391, 23.874130249, 10.2680244446, 89.8269805908, 15.6939210892, 16.6950092316], [39.3292045593, -40.6634521484, 20.0664176941, 0.490729063749, 11.0815172195, 4.91684818268, 7.28836345673, 3.83286333084, -11.5001449585, 10.2010536194, 15.6939210892, 66.7412185669, 24.0675086975], [-193.295928955, 98.1901779175, -82.2750320435, 28.516166687, 30.4948444366, -35.0920677185, 8.99088287354, -18.624048233, 7.528901577, -27.4528427124, 16.6950092316, 24.0675086975, 85.3865737915]],
        "icov": [[0.000294788798783, -0.000209193152841, 0.000312813412165, -0.000308934831992, 0.000194802501937, -0.000465861900011, 0.000551665143576, -0.000691352703143, 0.00060831400333, -0.000574719393626, 0.000729702762328, -0.00061985530192, 0.000636196578853], [-0.000209193152841, 0.00158495653886, -0.000115850765724, 0.000494601437822, -0.000537190237083, 0.00115614139941, -0.00167915935162, 0.00139240350109, -0.00195434177294, 0.00145665695891, -0.00207889010198, 0.00143979291897, -0.000784181756899], [0.000312813412165, -0.000115850765724, 0.00174821203109, -7.80489717727e-05, -0.000644270738121, -0.00074231781764, 0.000804051407613, -0.000834631908219, 0.00117663654964, -0.000600433791988, 0.000604116357863, -0.00128359289374, 0.00215712725185], [-0.000308934831992, 0.000494601437822, -7.80489717727e-05, 0.00288297864608, -0.000980350188911, 2.28089120355e-05, -0.000142091652378, 0.00114000856411, -0.00193504500203, 0.00102484005038, -0.000226470729103, 0.000635152391624, -0.00131766335107], [0.000194802501937, -0.000537190237083, -0.000644270738121, -0.000980350188911, 0.00469583179802, -0.000213335588342, -0.000849850533996, -0.000304531742586, -0.000754344160669, -0.000679784163367, 0.00120945996605, -0.000793828105088, -0.00114110554568], [-0.000465861900011, 0.00115614139941, -0.00074231781764, 2.28089120355e-05, -0.000213335588342, 0.00676136789843, -0.0030136143323, -0.00139917375054, 0.000246504321694, -2.55906779785e-05, -0.0026228572242, 0.00191930530127, -0.000298003753414], [0.000551665143576, -0.00167915935162, 0.000804051407613, -0.000142091652378, -0.000849850533996, -0.0030136143323, 0.00711673358455, -0.00112711219117, 0.0012914929539, -0.00103427935392, 0.00216331635602, -0.00278267683461, 0.00198672828265], [-0.000691352703143, 0.00139240350109, -0.000834631908219, 0.00114000856411, -0.000304531742586, -0.00139917375054, -0.00112711219117, 0.0106370002031, -0.00612921314314, 0.00211924966425, -0.00234848144464, 0.000654491363093, -0.000882199034095], [0.00060831400333, -0.00195434177294, 0.00117663654964, -0.00193504500203, -0.000754344160669, 0.000246504321694, 0.0012914929539, -0.00612921314314, 0.0161754004657, -0.00661687739193, 0.000164326396771, 0.00214927713387, 0.000110730718006], [-0.000574719393626, 0.00145665695891, -0.000600433791988, 0.00102484005038, -0.000679784163367, -2.55906779785e-05, -0.00103427935392, 0.00211924966425, -0.00661687739193, 0.0157162174582, -0.00331710465252, -0.0026804485824, 0.00394696556032], [0.000729702762328, -0.00207889010198, 0.000604116357863, -0.000226470729103, 0.00120945996605, -0.0026228572242, 0.00216331635602, -0.00234848144464, 0.000164326396771, -0.00331710465252, 0.0166878867894, -0.00522229447961, -0.000421531498432], [-0.00061985530192, 0.00143979291897, -0.00128359289374, 0.000635152391624, -0.000793828105088, 0.00191930530127, -0.00278267683461, 0.000654491363093, 0.00214927713387, -0.0026804485824, -0.00522229447961, 0.0222232155502, -0.0092939613387], [0.000636196578853, -0.000784181756899, 0.00215712725185, -0.00131766335107, -0.00114110554568, -0.000298003753414, 0.00198672828265, -0.000882199034095, 0.000110730718006, 0.00394696556032, -0.000421531498432, -0.0092939613387, 0.0204167347401]]
    },
    "melbands": {
        "mean": [0.00272225937806, 0.0035496854689, 0.00108745368198, 0.000760068709496, 0.000300147919916, 0.000229029625189, 0.00019786109624, 0.000216638378333, 0.000123194986372, 0.000112747293315, 0.000122624784126, 9.27449509618e-05, 8.15473613329e-05, 4.91972605232e-05, 5.09826095367e-05, 4.24430254498e-05, 4.36450718553e-05, 4.41686097474e-05, 4.25906764576e-05, 4.97793225804e-05, 9.1355323093e-05, 5.38426065759e-05, 3.58484612661e-05, 2.41435445787e-05, 2.09412391996e-05, 2.73444984487e-05, 3.03067008645e-05, 1.70323382918e-05, 1.42834815051e-05, 1.12561683636e-05, 1.02339708974e-05, 9.84424968919e-06, 7.06508853909e-06, 5.48820389668e-06, 4.77264575238e-06, 4.36767822976e-06, 4.51171808891e-06, 4.04876072935e-06, 2.51336496149e-06, 1.59887781592e-06]
    },
    "melbands128": {
        "mean": [0.000147241429659, 0.00152339984197, 0.00391193991527, 0.00482820207253, 0.00417885137722, 0.00225476967171, 0.000874617602676, 0.000894410593901, 0.00115417304914, 0.000775998400059, 0.000532418722287, 0.000377964868676, 0.000178293237695, 0.000285027461359, 0.000245403120061, 0.000176989444299, 0.000227030395763, 0.000168125261553, 0.000185022843652, 0.00030774140032, 0.000172315194504, 0.000148246646859, 7.91860366007e-05, 0.000152928041643, 0.000136016780743, 7.21113465261e-05, 0.000126848390209, 9.42469705478e-05, 0.000181240800885, 9.37134391279e-05, 5.80820233154e-05, 8.5409010353e-05, 0.000114377580758, 4.08964297094e-05, 6.59528886899e-05, 4.33630229963e-05, 3.52062670572e-05, 5.94506054767e-05, 5.85687084822e-05, 3.90026107198e-05, 2.93561606668e-05, 6.24639724265e-05, 3.48429421138e-05, 2.77919771179e-05, 8.20852292236e-05, 3.44073305314e-05, 2.47574553214e-05, 2.85689384327e-05, 4.76941640954e-05, 8.95165721886e-05, 2.99614875985e-05, 3.2744010241e-05, 8.03650036687e-05, 0.00015869946219, 4.73498585052e-05, 4.69909864478e-05, 3.52134775312e-05, 5.61170527362e-05, 2.78947263723e-05, 1.73893604369e-05, 2.85869464278e-05, 2.45781811827e-05, 1.564408376e-05, 2.04791540455e-05, 2.94836918329e-05, 1.9417348085e-05, 2.97400965792e-05, 4.47730890301e-05, 2.19781159103e-05, 2.7271140425e-05, 1.57884223881e-05, 1.2817527022e-05, 1.484585664e-05, 1.41560167322e-05, 1.49291008711e-05, 1.12206716949e-05, 9.54296319833e-06, 1.05228818938e-05, 9.50113553699e-06, 1.1229060874e-05, 1.07280538941e-05, 8.74402485351e-06, 8.72433975019e-06, 6.86625935487e-06, 5.87166732657e-06, 5.59470663575e-06, 5.55411497771e-06, 4.88624573336e-06, 4.84588463223e-06, 4.44615579909e-06, 4.60377350464e-06, 4.21086042479e-06, 4.26391670771e-06, 4.40073472419e-06, 4.78619995192e-06, 4.71500925414e-06, 3.93779964725e-06, 3.08933795168e-06, 2.54597148341e-06, 2.24033396989e-06, 1.85752764992e-06, 1.54243298311e-06, 1.20261051961e-06, 1.14045542432e-06, 9.7880388239e-07, 8.91783429324e-07, 6.70920030643e-07, 5.28193652372e-07, 4.64981866344e-07, 3.85394685054e-07, 3.37022015628e-07, 2.86574731945e-07, 2.33442150943e-07, 1.97867080942e-07, 1.56396524176e-07, 1.30093951611e-07, 1.09225467781e-07, 9.43417290955e-08, 7.35740783853e-08, 5.40521476466e-08, 3.61462646481e-08, 2.7098069566e-08, 1.99366798626e-08, 1.66081708386e-08, 1.26497869957e-08, 1.06253903454e-08, 1.01162065391e-08, 1.14171605503e-08]
    },
    "mfcc": {
        "mean": [-608.519897461, 94.97315979, -2.74989700317, 38.7035942078, 6.15510845184, 12.4624652863, 0.0621897578239, 8.51302909851, 5.11793088913, 3.5591108799, -2.2933037281, 0.311564058065, 1.13487493992],
        "cov": [[6614.19921875, -1236.75292969, -287.197265625, 38.8275413513, 38.2107124329, 8.76105308533, -140.211395264, 24.3381843567, 61.7115898132, 153.797012329, 11.9640817642, 68.0801010132, 20.3617305756], [-1236.75292969, 1472.32824707, -122.337165833, 68.4668884277, -63.9625205994, 10.1347961426, 62.7953681946, 32.3060340881, 21.5768089294, -28.8036174774, 62.7364730835, -12.2107362747, 29.5157051086], [-287.197265625, -122.337165833, 650.276916504, -100.022293091, 90.1569595337, 4.78772783279, 66.3146438599, 14.092042923, -28.5840473175, -2.15469384193, 41.6581344604, 42.1859931946, -13.4283666611], [38.8275413513, 68.4668884277, -100.022293091, 425.140228271, 78.5827941895, 72.936706543, -47.8131370544, 9.95100498199, 35.8731842041, -7.59730434418, -26.4037780762, -8.90810394287, 18.2182178497], [38.2107124329, -63.9625205994, 90.1569595337, 78.5827941895, 260.922088623, 4.17615032196, -1.01401042938, 10.1890497208, 15.8816871643, 28.3250255585, -6.02631664276, 11.5556936264, 14.4365301132], [8.76105308533, 10.1347961426, 4.78772783279, 72.936706543, 4.17615032196, 196.296142578, 59.7475395203, 27.6259384155, 30.1573352814, 2.10416674614, 28.9131374359, 9.43760585785, 9.78278923035], [-140.211395264, 62.7953681946, 66.3146438599, -47.8131370544, -1.01401042938, 59.7475395203, 165.487594604, 65.4254837036, 22.0871505737, -1.91706573963, 33.6676063538, 6.87589979172, 5.23315143585], [24.3381843567, 32.3060340881, 14.092042923, 9.95100498199, 10.1890497208, 27.6259384155, 65.4254837036, 120.138793945, 46.1030654907, 16.7021579742, 21.648355484, 11.8425006866, 15.3855686188], [61.7115898132, 21.5768089294, -28.5840473175, 35.8731842041, 15.8816871643, 30.1573352814, 22.0871505737, 46.1030654907, 96.1305465698, 33.1328430176, 18.4881687164, 2.38176488876, 15.3738117218], [153.797012329, -28.8036174774, -2.15469384193, -7.59730434418, 28.3250255585, 2.10416674614, -1.91706573963, 16.7021579742, 33.1328430176, 93.32371521, 42.0813407898, 17.8044986725, 4.72157764435], [11.9640817642, 62.7364730835, 41.6581344604, -26.4037780762, -6.02631664276, 28.9131374359, 33.6676063538, 21.648355484, 18.4881687164, 42.0813407898, 105.206069946, 38.769367218, 12.2856884003], [68.0801010132, -12.2107362747, 42.1859931946, -8.90810394287, 11.5556936264, 9.43760585785, 6.87589979172, 11.8425006866, 2.38176488876, 17.8044986725, 38.769367218, 70.1740036011, 26.9090766907], [20.3617305756, 29.5157051086, -13.4283666611, 18.2182178497, 14.4365301132, 9.78278923035, 5.23315143585, 15.3855686188, 15.3738117218, 4.72157764435, 12.2856884003, 26.9090766907, 65.6402282715]],
        "icov": [[0.00019758126291, 0.000171354447957, 0.000118731761177, -8.02616432338e-06, 7.41752774047e-06, -1.92045063159e-05, 0.000115166607429, -9.94777219603e-05, -1.94991771423e-05, -0.000195399014046, -4.73348882224e-05, -0.000147793951328, -8.38832784211e-06], [0.000171354447957, 0.000925808155444, 0.000246763811447, -0.000216744287172, 0.000131421184051, 0.000236817228142, -0.000225577881793, -8.70053190738e-05, -5.63971771044e-05, 0.000335028336849, -0.000905256310944, 0.000363111525076, -0.000374947412638], [0.000118731761177, 0.000246763811447, 0.0020385235548, 0.000391028297599, -0.000882046588231, 2.85602818622e-05, -0.000555184553377, -0.000126958650071, 0.000489123922307, 0.00055987079395, -0.000721512711607, -0.00112254091073, 0.000864863628522], [-8.02616432338e-06, -0.000216744287172, 0.000391028297599, 0.00329486909322, -0.00113358395174, -0.00158579729032, 0.00166716368403, -0.000581789354328, -0.000815424893517, 0.00075816293247, 0.00059499690542, 9.38743614824e-05, -0.000258825399214], [7.41752774047e-06, 0.000131421184051, -0.000882046588231, -0.00113358395174, 0.0048231324181, 0.000346535322024, -0.000398786884034, 0.000141974174767, -0.000138928488013, -0.00203380617313, 0.00130886770785, -0.0002390731388, -0.00100925727747], [-1.92045063159e-05, 0.000236817228142, 2.85602818622e-05, -0.00158579729032, 0.000346535322024, 0.00686368858442, -0.00279535260051, 0.00069072766928, -0.0012729531154, 0.000781432550866, -0.00167488364968, -0.00018808983441, -6.02286309004e-05], [0.000115166607429, -0.000225577881793, -0.000555184553377, 0.00166716368403, -0.000398786884034, -0.00279535260051, 0.0102676777169, -0.00492512714118, -0.000169540275238, 0.00183304876555, -0.00193719984964, 0.00123632093892, 9.31641479838e-05], [-9.94777219603e-05, -8.70053190738e-05, -0.000126958650071, -0.000581789354328, 0.000141974174767, 0.00069072766928, -0.00492512714118, 0.0130461156368, -0.0047801611945, -0.000566840113606, 0.000317259546136, -0.00124373822473, -0.000983104109764], [-1.94991771423e-05, -5.63971771044e-05, 0.000489123922307, -0.000815424893517, -0.000138928488013, -0.0012729531154, -0.000169540275238, -0.0047801611945, 0.0157456900924, -0.0048647839576, -0.000448596721981, 0.00257227616385, -0.00259644608013], [-0.000195399014046, 0.000335028336849, 0.00055987079395, 0.00075816293247, -0.00203380617313, 0.000781432550866, 0.00183304876555, -0.000566840113606, -0.0048647839576, 0.0168073233217, -0.00675887521356, -0.000855019083247, 0.00167761882767], [-4.73348882224e-05, -0.000905256310944, -0.000721512711607, 0.00059499690542, 0.00130886770785, -0.00167488364968, -0.00193719984964, 0.000317259546136, -0.000448596721981, -0.00675887521356, 0.0169933438301, -0.00733217224479, 0.000567286333535], [-0.000147793951328, 0.000363111525076, -0.00112254091073, 9.38743614824e-05, -0.0002390731388, -0.00018808983441, 0.00123632093892, -0.00124373822473, 0.00257227616385, -0.000855019083247, -0.00733217224479, 0.0227774754167, -0.00860575586557], [-8.38832784211e-06, -0.000374947412638, 0.000864863628522, -0.000258825399214, -0.00100925727747, -6.02286309004e-05, 9.31641479838e-05, -0.000983104109764, -0.00259644608013, 0.00167761882767, 0.000567286333535, -0.00860575586557, 0.0200176611543]]
    },
    "spectral_contrast_coeffs": {
        "mean": [-0.703130066395, -0.750491082668, -0.752569794655, -0.756221055984, -0.781457662582, -0.723349392414]
    },
    "spectral_contrast_valleys": {
        "mean": [-6.59626865387, -6.91721487045, -7.54240846634, -7.50069522858, -6.99616384506, -9.82217121124]
    }
},
"rhythm": {
    "beats_count": 601,
    "beats_loudness": {
        "mean": 0.05114961043
    },
    "bpm": 144.710800171,
    "bpm_histogram_first_peak_bpm": 144,
    "bpm_histogram_first_peak_weight": 0.428315401077,
    "bpm_histogram_second_peak_bpm": 152,
    "bpm_histogram_second_peak_spread": 0,
    "bpm_histogram_second_peak_weight": 0.0283333342522,
    "danceability": 1.31278395653,
    "onset_rate": 3.5659828186,
    "beats_loudness_band_ratio": {
        "mean": [0.607604980469, 0.157588422298, 0.0825985744596, 0.0579098202288, 0.0869197770953, 0.0909562930465]
    },
    "beats_position": [0.441179126501, 0.882358253002, 1.3235373497, 1.764716506, 2.20589566231, 2.65868473053, 3.11147379875, 3.5758728981, 4.00544214249, 4.43501138687, 4.85297060013, 5.27092981339, 5.6888885498, 6.10684776306, 6.52480697632, 6.94276618958, 7.36072540283, 7.77868461609, 8.19664382935, 8.6146030426, 9.03256225586, 9.45052146912, 9.8800907135, 10.3096599579, 10.7276191711, 11.1455783844, 11.5635375977, 11.9814968109, 12.3994560242, 12.8174142838, 13.235373497, 13.6533327103, 14.0712919235, 14.4892511368, 14.90721035, 15.3251695633, 15.7431287766, 16.1610889435, 16.5906581879, 17.0086174011, 17.4381847382, 17.8561439514, 18.2741031647, 18.6920623779, 19.1100215912, 19.5395908356, 19.96916008, 20.3987293243, 20.8399085999, 21.2926979065, 21.733877182, 22.1866664886, 22.6626758575, 23.1270751953, 23.6030826569, 24.0790920258, 24.5551013947, 25.0078907013, 25.4258499146, 25.8438091278, 26.2617683411, 26.6797275543, 27.0976867676, 27.5156459808, 27.9336051941, 28.3399543762, 28.7463035583, 29.1642627716, 29.593832016, 30.0234012604, 30.4413604736, 30.8593196869, 31.2772789001, 31.6952381134, 32.1131973267, 32.5311546326, 32.9491157532, 33.3670730591, 33.7850341797, 34.2029914856, 34.6093406677, 35.0156898499, 35.4336509705, 35.8516082764, 36.269569397, 36.6875267029, 37.1054878235, 37.5350570679, 37.9646263123, 38.3825836182, 38.8005447388, 39.2185020447, 39.6480712891, 40.0660324097, 40.4839897156, 40.9019508362, 41.3315200806, 41.7494773865, 42.1674385071, 42.585395813, 43.0033569336, 43.4213142395, 43.8508834839, 44.2688446045, 44.6984100342, 45.1163711548, 45.5343284607, 45.9522895813, 46.3818588257, 46.8114280701, 47.229385376, 47.6473464966, 48.0653038025, 48.4832649231, 48.901222229, 49.3307914734, 49.748752594, 50.1783218384, 50.5962791443, 51.0142402649, 51.4321975708, 51.8501586914, 52.2681159973, 52.6860771179, 53.1040344238, 53.5219955444, 53.9399528503, 54.3579139709, 54.7758712769, 55.1938323975, 55.6117897034, 56.029750824, 56.4477081299, 56.8656692505, 57.2836265564, 57.7131958008, 58.1311569214, 58.5491142273, 58.9670753479, 59.3966445923, 59.8146018982, 60.2325630188, 60.6505203247, 61.0684814453, 61.4748306274, 61.8927879333, 62.310749054, 62.7287063599, 63.135055542, 63.5530128479, 63.9709739685, 64.3889312744, 64.806892395, 65.2248535156, 65.6428070068, 66.0607681274, 66.4671173096, 66.8734664917, 67.2914276123, 67.7093887329, 68.1273422241, 68.5336914062, 68.9400405884, 69.358001709, 69.7759628296, 70.1939239502, 70.6002731323, 71.0066223145, 71.4245758057, 71.8309249878, 72.2488861084, 72.666847229, 73.0731964111, 73.4795455933, 73.8858947754, 74.303855896, 74.7334213257, 75.1629943848, 75.580947876, 75.9989089966, 76.4168701172, 76.8348312378, 77.252784729, 77.6591339111, 78.0654830933, 78.4834442139, 78.9014053345, 79.3193664551, 79.7373199463, 80.1552810669, 80.561630249, 80.9679794312, 81.3859405518, 81.8039016724, 82.2218551636, 82.6398162842, 83.0577774048, 83.4641265869, 83.870475769, 84.2768249512, 84.6831741333, 85.1011352539, 85.507484436, 85.9138336182, 86.3317871094, 86.7381362915, 87.1444854736, 87.5508346558, 87.9571838379, 88.3751449585, 88.7931060791, 89.2110671997, 89.6174163818, 90.023765564, 90.4417190552, 90.8596801758, 91.2776412964, 91.6839904785, 92.0903396606, 92.5083007812, 92.9262542725, 93.3442153931, 93.7621765137, 94.1801376343, 94.5980911255, 95.0160522461, 95.4340133667, 95.8519744873, 96.2699279785, 96.6878890991, 97.1058502197, 97.5238113403, 97.9417648315, 98.3597259521, 98.7776870728, 99.1956481934, 99.6136016846, 100.031562805, 100.449523926, 100.855873108, 101.26222229, 101.680175781, 102.098136902, 102.527709961, 102.957275391, 103.375236511, 103.793197632, 104.211151123, 104.617500305, 105.023849487, 105.441810608, 105.859771729, 106.277732849, 106.69568634, 107.113647461, 107.519996643, 107.937957764, 108.344306946, 108.762268066, 109.180221558, 109.609794617, 110.039360046, 110.457321167, 110.875282288, 111.293243408, 111.711196899, 112.12915802, 112.547119141, 112.965080261, 113.371429443, 113.789382935, 114.195732117, 114.613693237, 115.031654358, 115.461219788, 115.890792847, 116.308753967, 116.726707458, 117.144668579, 117.574241638, 118.003807068, 118.421768188, 118.839729309, 119.2576828, 119.687255859, 120.116821289, 120.53478241, 120.95274353, 121.370697021, 121.788658142, 122.206619263, 122.624580383, 123.042533875, 123.460494995, 123.878456116, 124.296417236, 124.714370728, 125.132331848, 125.550292969, 125.968254089, 126.374603271, 126.780952454, 127.187301636, 127.593650818, 128.011611938, 128.42956543, 128.847518921, 129.253875732, 129.660217285, 130.078186035, 130.496139526, 130.914108276, 131.320449829, 131.726806641, 132.144760132, 132.551101685, 132.957458496, 133.363800049, 133.77015686, 134.188110352, 134.606079102, 135.012420654, 135.418777466, 135.836730957, 136.243087769, 136.649429321, 137.067382812, 137.473739624, 137.880081177, 138.298049927, 138.716003418, 139.133972168, 139.540313721, 139.946670532, 140.364624023, 140.794189453, 141.223754883, 141.641723633, 142.059677124, 142.477645874, 142.883987427, 143.301940918, 143.708297729, 144.114639282, 144.520996094, 144.938949585, 145.356918335, 145.763259888, 146.169616699, 146.575958252, 146.993927002, 147.400268555, 147.818222046, 148.236190796, 148.654144287, 149.072113037, 149.47845459, 149.884811401, 150.291152954, 150.697509766, 151.103851318, 151.51020813, 151.928161621, 152.346115112, 152.752471924, 153.158813477, 153.565170288, 153.983123779, 154.401092529, 154.819046021, 155.225387573, 155.643356323, 156.061309814, 156.467666626, 156.874008179, 157.268753052, 157.663482666, 158.081451416, 158.499404907, 158.917373657, 159.32371521, 159.730072021, 160.136413574, 160.542770386, 160.960723877, 161.36706543, 161.773422241, 162.179763794, 162.586120605, 162.992462158, 163.410430908, 163.816772461, 164.234741211, 164.652694702, 165.070648193, 165.488616943, 165.906570435, 166.312927246, 166.719268799, 167.137237549, 167.55519104, 167.973144531, 168.391113281, 168.809066772, 169.215423584, 169.633377075, 170.039718628, 170.457687378, 170.875640869, 171.293609619, 171.71156311, 172.129516602, 172.535873413, 172.942214966, 173.360183716, 173.778137207, 174.184494019, 174.60244751, 175.020401001, 175.438369751, 175.844711304, 176.262680054, 176.680633545, 177.098587036, 177.516555786, 177.934509277, 178.352462769, 178.770431519, 179.18838501, 179.606338501, 180.024307251, 180.430648804, 180.837005615, 181.254959106, 181.672927856, 182.090881348, 182.4972229, 182.903579712, 183.321533203, 183.739501953, 184.157455444, 184.575408936, 184.993377686, 185.411331177, 185.829299927, 186.235641479, 186.641998291, 187.059951782, 187.466293335, 187.872650146, 188.290603638, 188.708572388, 189.11491394, 189.521270752, 189.939224243, 190.357177734, 190.763534546, 191.169876099, 191.587844849, 192.00579834, 192.400543213, 192.806884766, 193.213241577, 193.61958313, 194.025939941, 194.420669556, 194.838638306, 195.244979858, 195.65133667, 196.069290161, 196.464035034, 196.870376587, 197.276733398, 197.671463013, 198.089431763, 198.507385254, 198.913742065, 199.320083618, 199.72644043, 200.132781982, 200.539138794, 200.945480347, 201.363449097, 201.781402588, 202.176147461, 202.582489014, 202.988845825, 203.395187378, 203.801544189, 204.219497681, 204.625839233, 205.032196045, 205.438537598, 205.844894409, 206.239639282, 206.645980835, 207.052337646, 207.470291138, 207.888244629, 208.29460144, 208.700942993, 209.107299805, 209.513641357, 209.919998169, 210.314727783, 210.721084595, 211.127426147, 211.533782959, 211.95173645, 212.3697052, 212.787658691, 213.194015503, 213.600357056, 214.006713867, 214.41305542, 214.819412231, 215.214141846, 215.632110596, 216.038452148, 216.45640564, 216.87437439, 217.280715942, 217.687072754, 218.093414307, 218.499771118, 218.906112671, 219.312469482, 219.718811035, 220.125167847, 220.531509399, 220.949478149, 221.355819702, 221.762176514, 222.180130005, 222.586486816, 223.004440308, 223.410797119, 223.805526733, 224.211883545, 224.618225098, 225.047790527, 225.465759277, 225.87210083, 226.29006958, 226.708023071, 227.114364624, 227.509109497, 227.915466309, 228.321807861, 228.728164673, 229.146118164, 229.552474976, 229.970428467, 230.36517334, 230.771514893, 231.177871704, 231.584213257, 231.990570068, 232.40852356, 232.814865112, 233.221221924, 233.615966797, 234.02230835, 234.428665161, 234.823394775, 235.229751587, 235.63609314, 236.042449951, 236.448791504, 236.843536377, 237.24987793, 237.656234741, 238.062576294, 238.468933105, 238.875274658, 239.28163147, 239.687973022, 240.094329834, 240.500671387, 240.907028198, 241.313369751, 241.719726562, 242.114456177, 242.520812988, 242.927154541, 243.345123291, 243.774688721, 244.20425415, 244.633834839, 245.05178833, 245.48135376, 245.89932251, 246.317276001, 246.874557495, 247.443435669, 248.012329102, 248.592834473, 249.150115967, 249.707382202, 250.264663696, 250.82194519],
    "bpm_histogram": [0, 0, 0, 0, 0, 0, 0, 0, 0, 0, 0, 0, 0, 0, 0, 0, 0, 0, 0, 0, 0, 0, 0, 0, 0, 0, 0, 0, 0, 0, 0, 0, 0, 0, 0, 0, 0, 0, 0, 0, 0, 0, 0, 0, 0, 0, 0, 0, 0, 0, 0, 0, 0, 0, 0, 0, 0, 0, 0, 0, 0, 0, 0, 0, 0, 0, 0, 0, 0, 0, 0, 0, 0, 0, 0, 0, 0, 0, 0, 0, 0, 0, 0, 0, 0, 0, 0, 0, 0, 0, 0, 0, 0, 0, 0, 0, 0, 0, 0, 0, 0, 0, 0, 0.00166666670702, 0, 0.00333333341405, 0, 0, 0.00833333376795, 0, 0, 0, 0, 0, 0, 0, 0, 0, 0, 0, 0, 0, 0, 0, 0, 0, 0.0066666668281, 0, 0, 0.00333333341405, 0, 0, 0, 0.00833333376795, 0, 0, 0.00999999977648, 0, 0, 0, 0.070000000298, 0, 0, 0, 0.531666696072, 0, 0, 0, 0.328333348036, 0, 0, 0, 0.0283333342522, 0, 0, 0, 0, 0, 0, 0, 0, 0, 0, 0, 0, 0, 0, 0, 0, 0, 0, 0, 0, 0, 0, 0, 0, 0, 0, 0, 0, 0, 0, 0, 0, 0, 0, 0, 0, 0, 0, 0, 0, 0, 0, 0, 0, 0, 0, 0, 0, 0, 0, 0, 0, 0, 0, 0, 0, 0, 0, 0, 0, 0, 0, 0, 0, 0, 0, 0, 0, 0, 0, 0, 0, 0, 0, 0, 0, 0, 0, 0, 0, 0, 0, 0, 0, 0, 0, 0, 0, 0, 0, 0, 0, 0, 0, 0, 0, 0]
},
"tonal": {
    "chords_changes_rate": 0.0509977824986,
    "chords_number_rate": 0.00240206951275,
    "chords_strength": {
        "mean": 0.503207564354
    },
    "hpcp_crest": {
        "mean": 13.3319330215
    },
    "hpcp_entropy": {
        "mean": 2.01024794579
    },
    "key_edma": {
        "strength": 0.83008313179,
        "key": "A",
        "scale": "major"
    },
    "key_krumhansl": {
        "strength": 0.828397989273,
        "key": "A",
        "scale": "major"
    },
    "key_temperley": {
        "strength": 0.828435063362,
        "key": "A",
        "scale": "major"
    },
    "tuning_diatonic_strength": 0.585680603981,
    "tuning_equal_tempered_deviation": 0.057023704052,
    "tuning_frequency": 440.763122559,
    "tuning_nontempered_energy_ratio": 0.685956418514,
    "hpcp": {
        "mean": [0.22510074079, 0.0793671309948, 0.0456033423543, 0.0492941513658, 0.057549007237, 0.168696463108, 0.259992480278, 0.155268266797, 0.0624893419445, 0.0630721673369, 0.0711686909199, 0.113402992487, 0.142689317465, 0.119278587401, 0.111561156809, 0.0854456499219, 0.0488736517727, 0.0762103721499, 0.101494461298, 0.0849246829748, 0.185676783323, 0.316821098328, 0.212007775903, 0.0815471112728, 0.061945207417, 0.0613884702325, 0.115284778178, 0.175491675735, 0.138297647238, 0.0840719938278, 0.0715085789561, 0.062659651041, 0.14322771132, 0.203077971935, 0.141226485372, 0.215679049492]
    },
    "chords_histogram": [19.6784915924, 19.8817443848, 35.7354011536, 2.58684396744, 4.47154474258, 0.535846292973, 1.34885442257, 0.794530689716, 2.45750188828, 0.147819653153, 1.16407978535, 0, 0, 0, 0.480413883924, 0, 0, 0.794530689716, 0, 2.18034005165, 1.12712490559, 1.03473758698, 1.40428674221, 4.17590522766],
    "thpcp": [1, 0.669171869755, 0.257391661406, 0.195521086454, 0.193763837218, 0.363879740238, 0.553914129734, 0.436516523361, 0.265361100435, 0.225706487894, 0.197776123881, 0.452077567577, 0.640986263752, 0.44576099515, 0.680759727955, 0.710497975349, 0.25051087141, 0.143940359354, 0.155589863658, 0.181645125151, 0.532465994358, 0.820628702641, 0.490081846714, 0.197238579392, 0.199078172445, 0.224633678794, 0.357940167189, 0.450378209352, 0.376485615969, 0.352126657963, 0.269696831703, 0.15426261723, 0.240547016263, 0.320352584124, 0.268052488565, 0.586061954498],
    "chords_key": "E",
    "chords_scale": "major"
}
}