{
"metadata": {
    "version": {
        "essentia": "2.1-beta6-dev",
        "essentia_git_sha": "v2.1_beta5-1177-g1d1cc983",
        "extractor": "music 2.0"
    },
    "audio_properties": {
        "analysis": {
            "equal_loudness": 0,
            "length": 225.330276489,
            "sample_rate": 44100,
            "start_time": 0,
            "downmix": "mix"
        },
        "bit_rate": 1411200,
        "length": 225.330276489,
        "lossless": 1,
        "number_channels": 2,
        "replay_gain": -13.8339996338,
        "sample_rate": 44100,
        "codec": "pcm_s16le",
        "md5_encoded": "fc8cead7ab5ad3793aa036ce32fd149e"
    },
    "tags": {
        "file_name": "11 - The Front Bottoms - Backflip.wav",
        "album": ["Talon Of The Hawk"],
        "albumartist": ["The Front Bottoms"],
        "artist": ["The Front Bottoms"],
        "copyright": ["2013 Bar None Records 2013 Bar None Records"],
        "date": ["2013"],
        "discnumber": ["1"],
        "disctotal": ["1"],
        "genre": ["Rock"],
        "isrc": ["US37V1322211"],
        "title": ["Backflip"],
        "tracknumber": ["11"],
        "tracktotal": ["12"]
    }
},
"lowlevel": {
    "average_loudness": 0.951970934868,
    "barkbands_crest": {
        "mean": 9.22611522675
    },
    "barkbands_flatness_db": {
        "mean": 0.129729822278
    },
    "barkbands_kurtosis": {
        "mean": 7.55877065659
    },
    "barkbands_skewness": {
        "mean": 1.69566988945
    },
    "barkbands_spread": {
        "mean": 22.3547153473
    },
    "dissonance": {
        "mean": 0.46217700839
    },
    "dynamic_complexity": 2.11627411842,
    "erbbands_crest": {
        "mean": 8.03011608124
    },
    "erbbands_flatness_db": {
        "mean": 0.13356217742
    },
    "erbbands_kurtosis": {
        "mean": 0.338792264462
    },
    "erbbands_skewness": {
        "mean": 0.217115774751
    },
    "erbbands_spread": {
        "mean": 46.0153923035
    },
    "hfc": {
        "mean": 25.4611911774
    },
    "loudness_ebu128": {
        "integrated": -8.63927459717,
        "loudness_range": 3.52822256088,
        "momentary": {
            "mean": -9.58678150177
        },
        "short_term": {
            "mean": -9.12749481201
        }
    },
    "melbands_crest": {
        "mean": 13.2289638519
    },
    "melbands_flatness_db": {
        "mean": 0.208529561758
    },
    "melbands_kurtosis": {
        "mean": 28.0905246735
    },
    "melbands_skewness": {
        "mean": 3.12357544899
    },
    "melbands_spread": {
        "mean": 20.0864772797
    },
    "pitch_salience": {
        "mean": 0.577154755592
    },
    "silence_rate_20dB": {
        "mean": 1
    },
    "silence_rate_30dB": {
        "mean": 0.988563776016
    },
    "silence_rate_60dB": {
        "mean": 0.02503605932
    },
    "spectral_centroid": {
        "mean": 1185.52966309
    },
    "spectral_complexity": {
        "mean": 22.4053153992
    },
    "spectral_decrease": {
        "mean": -9.97808680125e-09
    },
    "spectral_energy": {
        "mean": 0.0399690382183
    },
    "spectral_energyband_high": {
        "mean": 0.00112967495807
    },
    "spectral_energyband_low": {
        "mean": 0.0171648822725
    },
    "spectral_energyband_middle_high": {
        "mean": 0.00575710926205
    },
    "spectral_energyband_middle_low": {
        "mean": 0.0183592718095
    },
    "spectral_entropy": {
        "mean": 7.53814411163
    },
    "spectral_flux": {
        "mean": 0.100373148918
    },
    "spectral_kurtosis": {
        "mean": 6.28495740891
    },
    "spectral_rms": {
        "mean": 0.005956731271
    },
    "spectral_rolloff": {
        "mean": 1339.48925781
    },
    "spectral_skewness": {
        "mean": 1.74862742424
    },
    "spectral_spread": {
        "mean": 5130638
    },
    "spectral_strongpeak": {
        "mean": 0.704492211342
    },
    "zerocrossingrate": {
        "mean": 0.0603043437004
    },
    "barkbands": {
        "mean": [0.000240661713178, 0.00776030309498, 0.0067940056324, 0.00519313197583, 0.00683929631487, 0.00194960739464, 0.00136280886363, 0.00125415646471, 0.00159475905821, 0.000713767949492, 0.000910146161914, 0.000644322833978, 0.000461110466858, 0.000595880788751, 0.000617136422079, 0.00052230147412, 0.000515073304996, 0.000363615981769, 0.000343362858985, 0.000316122954246, 0.000191587459994, 0.000108166474092, 0.000208502126043, 0.000255148188444, 0.000123747857288, 7.57789021009e-05, 1.36475809995e-05]
    },
    "erbbands": {
        "mean": [0.16557469964, 1.94953322411, 7.07293653488, 13.5045976639, 20.9538631439, 23.0533428192, 20.1526527405, 16.0275974274, 14.1351385117, 28.1468544006, 31.6271800995, 29.3511943817, 29.6306095123, 35.2611618042, 27.8445224762, 23.9524993896, 21.9595394135, 29.3476524353, 28.9159603119, 29.0948925018, 32.6985664368, 31.0253162384, 21.3288516998, 16.4644145966, 18.9587211609, 13.4584789276, 9.95373916626, 6.4812707901, 3.80683898926, 4.52460241318, 6.17006874084, 6.00305700302, 3.71174478531, 1.68297445774, 0.777695477009, 0.487989515066, 0.0918767973781, 0.0173487793654, 0.00223211641423, 0.000154968191055]
    },
    "gfcc": {
        "mean": [27.9236335754, 88.9005661011, -96.8154067993, 30.9736785889, -50.158618927, 10.2098493576, -41.8162536621, 8.33539104462, -25.5326519012, -4.81349849701, -18.2307777405, -5.856569767, -11.6493148804],
        "cov": [[14032.5107422, -658.266479492, -1287.9197998, 299.072723389, -610.034545898, 484.153259277, -191.945541382, 421.871368408, -382.772888184, 62.1326446533, -423.57232666, 31.7354011536, -348.859802246], [-658.266479492, 1470.73474121, -55.6733207703, -50.2009468079, 205.573120117, -186.446716309, 72.0399856567, -76.8525466919, 93.4485931396, -85.9635238647, 81.5475463867, -58.7710151672, 60.9345970154], [-1287.9197998, -55.6733207703, 846.276794434, 98.9837341309, 94.9240570068, 13.3473987579, 54.0278015137, -40.7811584473, 68.7624206543, 112.818717957, 0.369360923767, 66.7973480225, 28.6583652496], [299.072723389, -50.2009468079, 98.9837341309, 401.656219482, 31.8361186981, 25.1113471985, -0.130019068718, 54.0311164856, 32.5024032593, 33.2472496033, 11.1865262985, 16.1829090118, 22.2149677277], [-610.034545898, 205.573120117, 94.9240570068, 31.8361186981, 278.278656006, -46.0051651001, 25.0291118622, 5.54289102554, 64.2258987427, 15.2668437958, 21.3446140289, 7.72772169113, 18.9048500061], [484.153259277, -186.446716309, 13.3473987579, 25.1113471985, -46.0051651001, 218.978637695, 53.5695838928, 22.1606845856, -18.1562004089, 28.932434082, 2.80146026611, 4.13352823257, -8.57316493988], [-191.945541382, 72.0399856567, 54.0278015137, -0.130019068718, 25.0291118622, 53.5695838928, 190.247634888, 14.5695648193, 0.961418092251, 16.7177219391, 16.1897544861, 19.2040538788, 5.22316265106], [421.871368408, -76.8525466919, -40.7811584473, 54.0311164856, 5.54289102554, 22.1606845856, 14.5695648193, 130.827651978, 35.3540496826, 6.94106674194, 0.508519351482, 11.7703742981, -8.13774585724], [-382.772888184, 93.4485931396, 68.7624206543, 32.5024032593, 64.2258987427, -18.1562004089, 0.961418092251, 35.3540496826, 120.434791565, 29.0572738647, 20.0966873169, -3.03484272957, 15.9145431519], [62.1326446533, -85.9635238647, 112.818717957, 33.2472496033, 15.2668437958, 28.932434082, 16.7177219391, 6.94106674194, 29.0572738647, 110.680641174, 6.09543085098, 21.0628051758, -0.905530035496], [-423.57232666, 81.5475463867, 0.369360923767, 11.1865262985, 21.3446140289, 2.80146026611, 16.1897544861, 0.508519351482, 20.0966873169, 6.09543085098, 90.3387908936, 14.7791748047, 18.2360877991], [31.7354011536, -58.7710151672, 66.7973480225, 16.1829090118, 7.72772169113, 4.13352823257, 19.2040538788, 11.7703742981, -3.03484272957, 21.0628051758, 14.7791748047, 74.8277206421, 19.0392894745], [-348.859802246, 60.9345970154, 28.6583652496, 22.2149677277, 18.9048500061, -8.57316493988, 5.22316265106, -8.13774585724, 15.9145431519, -0.905530035496, 18.2360877991, 19.0392894745, 72.3272323608]],
        "icov": [[0.000214408355532, -0.000230220874073, 0.000321199186146, -0.000213068924495, 0.000244992552325, -0.000496231950819, 0.000378335651476, -0.000618659774773, 0.000550835567992, -0.000540720589925, 0.00101194251329, -0.000727473001461, 0.000754895154387], [-0.000230220874073, 0.00135187711567, -0.000246545445407, 0.000250483397394, -0.000751011597458, 0.0012855019886, -0.00112947414164, 0.00135023321491, -0.00129940465558, 0.00131850177422, -0.00180338055361, 0.00168056692928, -0.00133173551876], [0.000321199186146, -0.000246545445407, 0.0021430591587, -0.000653748051263, 5.34637874807e-05, -0.000748149468563, 0.000179911134182, 0.000280437117908, -0.000177293462912, -0.00182886002585, 0.00209658546373, -0.00235021300614, 0.00113068148494], [-0.000213068924495, 0.000250483397394, -0.000653748051263, 0.00307736452669, -0.000453854911029, 0.000247161078732, -2.82850396616e-05, -0.000753556843847, -0.000384905608371, 6.75321425661e-05, -0.00122990133241, 0.00101281784009, -0.00173068954609], [0.000244992552325, -0.000751011597458, 5.34637874807e-05, -0.000453854911029, 0.00492922402918, 3.88231674151e-05, 6.4305113483e-06, -0.000743848795537, -0.00107826339081, -0.000806827272754, 0.00104941462632, -0.00128316518385, 0.000865004607476], [-0.000496231950819, 0.0012855019886, -0.000748149468563, 0.000247161078732, 3.88231674151e-05, 0.00724224094301, -0.00287995650433, 0.000854998303112, -0.000526821706444, 0.000155688030645, -0.00323855411261, 0.00311568425968, -0.00198926986195], [0.000378335651476, -0.00112947414164, 0.000179911134182, -2.82850396616e-05, 6.4305113483e-06, -0.00287995650433, 0.00723603833467, -0.00227471254766, 0.00203604460694, -0.00155306223314, 0.00139099732041, -0.00267395656556, 0.00147799681872], [-0.000618659774773, 0.00135023321491, 0.000280437117908, -0.000753556843847, -0.000743848795537, 0.000854998303112, -0.00227471254766, 0.0126566588879, -0.00646866625175, 0.00273019680753, -0.00218018470332, -0.000765557168052, 9.15843920666e-05], [0.000550835567992, -0.00129940465558, -0.000177293462912, -0.000384905608371, -0.00107826339081, -0.000526821706444, 0.00203604460694, -0.00646866625175, 0.0148433540016, -0.00488582020625, 0.000634503609035, 0.00163584330585, -0.000633205287158], [-0.000540720589925, 0.00131850177422, -0.00182886002585, 6.75321425661e-05, -0.000806827272754, 0.000155688030645, -0.00155306223314, 0.00273019680753, -0.00488582020625, 0.0138876410201, -0.00299585261382, -0.000532406091224, -0.000221885595238], [0.00101194251329, -0.00180338055361, 0.00209658546373, -0.00122990133241, 0.00104941462632, -0.00323855411261, 0.00139099732041, -0.00218018470332, 0.000634503609035, -0.00299585261382, 0.0179389137775, -0.00657078949735, 0.001972948201], [-0.000727473001461, 0.00168056692928, -0.00235021300614, 0.00101281784009, -0.00128316518385, 0.00311568425968, -0.00267395656556, -0.000765557168052, 0.00163584330585, -0.000532406091224, -0.00657078949735, 0.0211281627417, -0.00776452803984], [0.000754895154387, -0.00133173551876, 0.00113068148494, -0.00173068954609, 0.000865004607476, -0.00198926986195, 0.00147799681872, 9.15843920666e-05, -0.000633205287158, -0.000221885595238, 0.001972948201, -0.00776452803984, 0.019797410816]]
    },
    "melbands": {
        "mean": [0.00181526772212, 0.00339523819275, 0.00263246148825, 0.00149752013385, 0.000818847620394, 0.000354047806468, 0.000234969469602, 0.000305292691337, 0.00025964222732, 0.000193366489839, 0.000146465084981, 0.000138343457365, 0.000111267610919, 6.80957891745e-05, 6.04460910836e-05, 4.64009062853e-05, 5.44819231436e-05, 4.46285084763e-05, 4.92019571539e-05, 3.03144242935e-05, 3.86326646549e-05, 3.29643517034e-05, 2.31842441281e-05, 1.62190281117e-05, 1.25776196001e-05, 1.44291707329e-05, 1.22939445646e-05, 8.25553797767e-06, 6.99497059031e-06, 4.58038630313e-06, 3.35457912115e-06, 2.12282884604e-06, 1.96792689167e-06, 2.76380319519e-06, 3.40924975717e-06, 4.01643728765e-06, 3.50742266164e-06, 2.72546299129e-06, 1.97256008505e-06, 1.23860945678e-06]
    },
    "melbands128": {
        "mean": [0.000226736927289, 0.00111545226537, 0.00225443462841, 0.00356560642831, 0.00358945131302, 0.00338339526206, 0.00264192861505, 0.00271954969503, 0.002232324332, 0.0011126176687, 0.00137513072696, 0.00114452978596, 0.000668944441713, 0.000425525824539, 0.000347430788679, 0.00034868856892, 0.000210860482184, 0.000170423852978, 0.000297001359286, 0.00037924881326, 0.000248579308391, 0.000297756545478, 0.000244604394538, 0.000271577126114, 0.000144987890963, 0.000174773405888, 0.000266538670985, 9.49141467572e-05, 0.000114740993013, 9.97811221168e-05, 0.000168063008459, 0.000175869456143, 0.000116721137601, 4.25788639404e-05, 9.47225853452e-05, 6.16666147835e-05, 4.93455481774e-05, 8.05044837762e-05, 5.14872226631e-05, 3.74563787773e-05, 3.99663913413e-05, 6.69439541525e-05, 5.77637001697e-05, 4.63670949102e-05, 4.80443086417e-05, 4.55674125988e-05, 3.42140483554e-05, 6.69632790959e-05, 4.31271582784e-05, 3.48445937561e-05, 2.03891977435e-05, 3.29815302393e-05, 5.47432136955e-05, 3.1054194551e-05, 2.71109329333e-05, 3.96422219637e-05, 3.15911165671e-05, 2.34786857618e-05, 2.20271449507e-05, 1.89098336705e-05, 1.52644824993e-05, 1.52594784595e-05, 1.20553395391e-05, 1.14453932838e-05, 1.38766536111e-05, 1.55879788508e-05, 1.33212033688e-05, 1.5065322259e-05, 1.21401981232e-05, 8.31809757074e-06, 7.68260906625e-06, 8.62706474436e-06, 8.67269500304e-06, 6.83047755956e-06, 4.93746028951e-06, 4.22517041443e-06, 4.95207177664e-06, 4.05547280025e-06, 3.11462190439e-06, 2.65924381893e-06, 2.1875910079e-06, 1.86470947483e-06, 1.94445146917e-06, 1.81852487913e-06, 2.13293856177e-06, 2.48964488492e-06, 2.90227126243e-06, 3.53824088961e-06, 3.19293417306e-06, 3.53503878614e-06, 4.0088152673e-06, 4.10013080909e-06, 4.15985232394e-06, 3.54177814188e-06, 3.19801370097e-06, 2.76952027889e-06, 2.67309042101e-06, 2.5590113637e-06, 2.09911263482e-06, 1.62527840075e-06, 1.37681490742e-06, 1.19278354305e-06, 1.04960349745e-06, 8.86077145879e-07, 7.45000306779e-07, 8.36172034724e-07, 7.80994582783e-07, 1.16487467494e-06, 1.11932649816e-06, 6.0393762169e-07, 3.68723419797e-07, 3.39488138934e-07, 2.47519551522e-07, 1.85821022569e-07, 1.48099687181e-07, 1.21313377122e-07, 1.53519920332e-07, 9.54572243472e-08, 9.6148546902e-08, 8.05385411695e-08, 5.10490529848e-08, 3.33245822048e-08, 2.44926070536e-08, 2.87991728243e-08, 1.72883467542e-08, 1.99056771066e-08, 2.04726031683e-08, 7.10109926416e-09]
    },
    "mfcc": {
        "mean": [-619.371032715, 123.546569824, 11.6715154648, 24.1378536224, 13.4937849045, 0.821680963039, 0.250070899725, 3.9727230072, -2.64443039894, 5.11907100677, -8.9757566452, -2.30246925354, -3.67988038063],
        "cov": [[9412.50292969, -954.312194824, -563.799621582, -152.705673218, -217.227661133, 53.4437065125, 144.886383057, 204.285720825, 73.8378601074, 154.129089355, -22.9420585632, -3.52130818367, -81.8003768921], [-954.312194824, 1324.3581543, -64.6770935059, 40.9452323914, 81.4207839966, -24.9388141632, -23.0577030182, -5.87490415573, 0.65803861618, -21.9553394318, 13.250210762, -2.18402481079, 25.576625824], [-563.799621582, -64.6770935059, 622.19732666, 103.639297485, 17.7400474548, 107.291259766, -2.85119056702, -40.519821167, 37.4942207336, -13.0310935974, 9.30867481232, 45.7109069824, 37.2550086975], [-152.705673218, 40.9452323914, 103.639297485, 321.309417725, 89.3339309692, 10.9734706879, -15.1667499542, 21.6191978455, 31.7902889252, 23.110660553, 4.88247823715, 24.1019001007, 29.6462039948], [-217.227661133, 81.4207839966, 17.7400474548, 89.3339309692, 225.238357544, -15.4749746323, -47.1325683594, -4.20905923843, 10.3408374786, 27.4218730927, 3.43322777748, 14.3509407043, 7.94145345688], [53.4437065125, -24.9388141632, 107.291259766, 10.9734706879, -15.4749746323, 169.95072937, 53.6069145203, -12.3192052841, 27.4915542603, 4.2557926178, 19.1534614563, 6.9922118187, 6.01020765305], [144.886383057, -23.0577030182, -2.85119056702, -15.1667499542, -47.1325683594, 53.6069145203, 134.299346924, 36.6288108826, 8.67110824585, -9.90267276764, 16.6073150635, 6.52553844452, 5.42725992203], [204.285720825, -5.87490415573, -40.519821167, 21.6191978455, -4.20905923843, -12.3192052841, 36.6288108826, 110.931892395, 19.1697921753, 14.1190462112, 4.62931394577, 8.70629882812, 8.80855941772], [73.8378601074, 0.65803861618, 37.4942207336, 31.7902889252, 10.3408374786, 27.4915542603, 8.67110824585, 19.1697921753, 90.7515335083, 26.6457214355, 9.97270393372, 5.33423042297, 7.90245342255], [154.129089355, -21.9553394318, -13.0310935974, 23.110660553, 27.4218730927, 4.2557926178, -9.90267276764, 14.1190462112, 26.6457214355, 93.3906173706, 22.6906642914, 4.69796133041, -0.1594851017], [-22.9420585632, 13.250210762, 9.30867481232, 4.88247823715, 3.43322777748, 19.1534614563, 16.6073150635, 4.62931394577, 9.97270393372, 22.6906642914, 76.8598251343, 26.4337463379, 6.50958442688], [-3.52130818367, -2.18402481079, 45.7109069824, 24.1019001007, 14.3509407043, 6.9922118187, 6.52553844452, 8.70629882812, 5.33423042297, 4.69796133041, 26.4337463379, 75.3935623169, 25.4241390228], [-81.8003768921, 25.576625824, 37.2550086975, 29.6462039948, 7.94145345688, 6.01020765305, 5.42725992203, 8.80855941772, 7.90245342255, -0.1594851017, 6.50958442688, 25.4241390228, 67.6096878052]],
        "icov": [[0.000135499285534, 8.73040917213e-05, 0.000135813490488, 1.50038886204e-05, 9.52592890826e-05, -0.000108266154712, -3.25597575284e-05, -0.000162608193932, -7.33492270228e-05, -0.000199044225155, 0.000154359848239, -0.000141109034303, 0.000118035124615], [8.73040917213e-05, 0.00085702695651, 0.000210192694794, -4.81119022879e-05, -0.000235357903875, -2.71011213044e-05, 5.42536181456e-05, -4.6357527026e-05, -0.000144908204675, 0.000268665375188, -0.000217310371227, 0.000133405425004, -0.000293242337648], [0.000135813490488, 0.000210192694794, 0.00227086083032, -0.000553718651645, 0.000166038997122, -0.00136215391103, 0.000418032199377, 0.000592118827626, -0.000681066594552, 0.000408131047152, 0.000373037037207, -0.00115178839769, -0.00045505099115], [1.50038886204e-05, -4.81119022879e-05, -0.000553718651645, 0.00394744426012, -0.00133364379872, -4.64882650704e-05, 0.000229060024139, -0.000881156011019, -0.000644241168629, -0.000413084140746, 0.000291163654765, -0.000287865434075, -0.000977707095444], [9.52592890826e-05, -0.000235357903875, 0.000166038997122, -0.00133364379872, 0.00568823656067, -2.18906498048e-05, 0.00161250669044, 4.64353652205e-05, -7.67621386331e-05, -0.00135648017749, 0.000263066001935, -0.000988228828646, 0.000247959513217], [-0.000108266154712, -2.71011213044e-05, -0.00136215391103, -4.64882650704e-05, -2.18906498048e-05, 0.00853201840073, -0.00373846571892, 0.00224980246276, -0.00183776544873, -0.000341833365383, -0.00121061212849, 0.000697587733157, -3.04349305225e-05], [-3.25597575284e-05, 5.42536181456e-05, 0.000418032199377, 0.000229060024139, 0.00161250669044, -0.00373846571892, 0.0110628847033, -0.00399650074542, 0.000185734927072, 0.00195655482821, -0.00190246582497, -0.00011390990403, -0.000406234757975], [-0.000162608193932, -4.6357527026e-05, 0.000592118827626, -0.000881156011019, 4.64353652205e-05, 0.00224980246276, -0.00399650074542, 0.0119393244386, -0.00218119937927, -0.0012633134611, 0.00060233991826, -0.000978368683718, -0.000997377792373], [-7.33492270228e-05, -0.000144908204675, -0.000681066594552, -0.000644241168629, -7.67621386331e-05, -0.00183776544873, 0.000185734927072, -0.00218119937927, 0.013605020009, -0.0032388989348, -0.00028013184783, 0.000618410529569, -0.000737908179872], [-0.000199044225155, 0.000268665375188, 0.000408131047152, -0.000413084140746, -0.00135648017749, -0.000341833365383, 0.00195655482821, -0.0012633134611, -0.0032388989348, 0.0140164140612, -0.00439873430878, 0.000950112415012, 0.000288907700451], [0.000154359848239, -0.000217310371227, 0.000373037037207, 0.000291163654765, 0.000263066001935, -0.00121061212849, -0.00190246582497, 0.00060233991826, -0.00028013184783, -0.00439873430878, 0.0170662850142, -0.00610793335363, 0.000762737123296], [-0.000141109034303, 0.000133405425004, -0.00115178839769, -0.000287865434075, -0.000988228828646, 0.000697587733157, -0.00011390990403, -0.000978368683718, 0.000618410529569, 0.000950112415012, -0.00610793335363, 0.0182264316827, -0.00560549739748], [0.000118035124615, -0.000293242337648, -0.00045505099115, -0.000977707095444, 0.000247959513217, -3.04349305225e-05, -0.000406234757975, -0.000997377792373, -0.000737908179872, 0.000288907700451, 0.000762737123296, -0.00560549739748, 0.01798151806]]
    },
    "spectral_contrast_coeffs": {
        "mean": [-0.6797747612, -0.742286682129, -0.74755614996, -0.777005910873, -0.777921557426, -0.792072236538]
    },
    "spectral_contrast_valleys": {
        "mean": [-6.1988863945, -6.62277984619, -7.37663793564, -7.52987194061, -7.53477478027, -9.86606407166]
    }
},
"rhythm": {
    "beats_count": 570,
    "beats_loudness": {
        "mean": 0.0549191273749
    },
    "bpm": 152.16166687,
    "bpm_histogram_first_peak_bpm": 152,
    "bpm_histogram_first_peak_weight": 0.199084699154,
    "bpm_histogram_second_peak_bpm": 157,
    "bpm_histogram_second_peak_spread": 0.0982142686844,
    "bpm_histogram_second_peak_weight": 0.177504390478,
    "danceability": 1.11212611198,
    "onset_rate": 4.2777967453,
    "beats_loudness_band_ratio": {
        "mean": [0.585352063179, 0.18006041646, 0.11414616555, 0.0714685693383, 0.0570715107024, 0.0384631752968]
    },
    "beats_position": [0.336689323187, 0.696598649025, 1.06811785698, 1.46285712719, 1.8575963974, 2.24072551727, 2.62385487556, 2.99537420273, 3.3785033226, 3.76163268089, 4.13315200806, 4.5046710968, 4.88780021667, 5.27092981339, 5.65405893326, 6.03718805313, 6.40870714188, 6.79183673859, 7.17496585846, 7.5464849472, 7.94122457504, 8.32435321808, 8.70748329163, 9.0906124115, 9.47374153137, 9.86848068237, 10.2516098022, 10.6347389221, 11.0294780731, 11.4242172241, 11.8189563751, 12.2136955261, 12.6084346771, 13.0031747818, 13.3979139328, 13.7926530838, 14.1873922348, 14.5821313858, 14.9652605057, 15.3599996567, 15.7547388077, 16.1494789124, 16.5442180634, 16.9273471832, 17.3104763031, 17.7052154541, 18.088344574, 18.483083725, 18.877822876, 19.2493419647, 19.6324710846, 20.0156002045, 20.3871192932, 20.758638382, 21.1417675018, 21.5248966217, 21.9080276489, 22.3027667999, 22.6858959198, 23.0690250397, 23.4521541595, 23.8468933105, 24.2416324615, 24.6247615814, 25.0195007324, 25.4026298523, 25.7857589722, 26.168888092, 26.563627243, 26.958366394, 27.353105545, 27.747844696, 28.142583847, 28.537322998, 28.932062149, 29.3268013, 29.7215423584, 30.1162815094, 30.5110206604, 30.9057598114, 31.3004989624, 31.6952381134, 32.0899772644, 32.4731063843, 32.8562355042, 33.2509727478, 33.6457138062, 34.0404510498, 34.4235839844, 34.8067131042, 35.2014503479, 35.5961914062, 35.9909286499, 36.3856697083, 36.7804069519, 37.1751480103, 37.5698852539, 37.976234436, 38.3709754944, 38.765712738, 39.1720619202, 39.5668029785, 39.9615402222, 40.3562812805, 40.7626304626, 41.1689796448, 41.5637168884, 41.9584579468, 42.3648071289, 42.771156311, 43.1775054932, 43.5722427368, 43.9785919189, 44.3733329773, 44.7680702209, 45.1628112793, 45.5575485229, 45.9522895813, 46.3586387634, 46.7649879456, 47.1597251892, 47.5544662476, 47.9492073059, 48.3439445496, 48.7502937317, 49.1566429138, 49.5513839722, 49.9461212158, 50.3408622742, 50.7355995178, 51.1187286377, 51.5018577576, 51.8965988159, 52.302947998, 52.6976852417, 53.0924263, 53.4871635437, 53.8935127258, 54.2882537842, 54.6713829041, 55.0545120239, 55.4492492676, 55.8323783875, 56.2271194458, 56.6102485657, 57.0049858093, 57.3997268677, 57.794467926, 58.1892051697, 58.583946228, 58.9786834717, 59.37342453, 59.7681617737, 60.162902832, 60.5576400757, 60.9407691956, 61.3238983154, 61.7186393738, 62.1133766174, 62.4965057373, 62.8912467957, 63.2859840393, 63.6807250977, 64.0754623413, 64.4585952759, 64.8533325195, 65.2480697632, 65.6312026978, 66.0143280029, 66.3974609375, 66.7805862427, 67.1637191772, 67.5468444824, 67.9183654785, 68.3014984131, 68.6846237183, 69.0561447144, 69.4392700195, 69.8224029541, 70.2171401978, 70.6118774414, 71.0066223145, 71.3897476196, 71.7728805542, 72.1560058594, 72.5507507324, 72.9454879761, 73.3286132812, 73.7117462158, 74.1064834595, 74.489616394, 74.8843536377, 75.2790908813, 75.673828125, 76.068572998, 76.4865264893, 76.9044876099, 77.2992248535, 77.6823577881, 78.0654830933, 78.4486160278, 78.831741333, 79.2264862061, 79.6212234497, 80.0159606934, 80.410697937, 80.8054428101, 81.2001800537, 81.5949172974, 82.0012664795, 82.4076156616, 82.8023605347, 83.1970977783, 83.5802230835, 83.9633560181, 84.3464813232, 84.7296142578, 85.1243515015, 85.5190887451, 85.9138336182, 86.3085708618, 86.7033081055, 87.0980453491, 87.5043945312, 87.9107437134, 88.2938766479, 88.6770019531, 89.0833511353, 89.4897003174, 89.8844451904, 90.2791824341, 90.6739196777, 91.0686569214, 91.4634017944, 91.8581390381, 92.2528762817, 92.6476211548, 93.0423583984, 93.4370956421, 93.8318328857, 94.2265777588, 94.6213150024, 95.0044403076, 95.3875732422, 95.7823104858, 96.1654434204, 96.5601806641, 96.9433059692, 97.3380508423, 97.7327880859, 98.1275253296, 98.5222625732, 98.9170074463, 99.3117446899, 99.6948699951, 100.07800293, 100.472740173, 100.867477417, 101.26222229, 101.656959534, 102.051696777, 102.44644165, 102.841178894, 103.235916138, 103.630653381, 104.025398254, 104.420135498, 104.814872742, 105.198005676, 105.604354858, 106.010704041, 106.417053223, 106.823402405, 107.218139648, 107.612876892, 108.007614136, 108.39074707, 108.785484314, 109.180221558, 109.574966431, 109.969703674, 110.364440918, 110.759178162, 111.153923035, 111.548660278, 111.943397522, 112.338134766, 112.744483948, 113.127616882, 113.533966064, 113.928703308, 114.33505249, 114.729797363, 115.112922668, 115.507659912, 115.914009094, 116.308753967, 116.703491211, 117.098228455, 117.492965698, 117.887710571, 118.282447815, 118.688796997, 119.095146179, 119.489883423, 119.884620667, 120.27936554, 120.685714722, 121.080451965, 121.486801147, 121.881538391, 122.276275635, 122.671020508, 123.065757751, 123.460494995, 123.855232239, 124.261581421, 124.667930603, 125.062675476, 125.45741272, 125.852149963, 126.258499146, 126.653244019, 127.059593201, 127.454330444, 127.849067688, 128.243804932, 128.638549805, 129.033279419, 129.428024292, 129.822769165, 130.217498779, 130.612243652, 131.006988525, 131.40171814, 131.796463013, 132.191192627, 132.5859375, 132.980682373, 133.375411987, 133.77015686, 134.164901733, 134.559631348, 134.942764282, 135.325897217, 135.720626831, 136.115371704, 136.510116577, 136.904846191, 137.287979126, 137.671112061, 138.065841675, 138.448974609, 138.832107544, 139.226852417, 139.621582031, 140.039550781, 140.434280396, 140.840637207, 141.235366821, 141.630111694, 142.013244629, 142.407974243, 142.814331055, 143.209060669, 143.61541748, 144.010162354, 144.404891968, 144.799636841, 145.194366455, 145.589111328, 145.99546814, 146.401809692, 146.796554565, 147.19128418, 147.586029053, 147.980773926, 148.37550354, 148.781860352, 149.176589966, 149.571334839, 149.966079712, 150.372421265, 150.767166138, 151.161895752, 151.556640625, 151.951385498, 152.346115112, 152.740859985, 153.135604858, 153.530334473, 153.936691284, 154.343032837, 154.726165771, 155.109298706, 155.50402832, 155.887161255, 156.293518066, 156.688247681, 157.094604492, 157.489334106, 157.895690918, 158.290420532, 158.685165405, 159.079910278, 159.474639893, 159.869384766, 160.264129639, 160.658859253, 161.053604126, 161.459945679, 161.86630249, 162.261047363, 162.655776978, 163.062133789, 163.468475342, 163.874832153, 164.281173706, 164.675918579, 165.070648193, 165.465393066, 165.860137939, 166.266479492, 166.672836304, 167.067565918, 167.462310791, 167.857055664, 168.251785278, 168.669754028, 169.064483643, 169.470840454, 169.877182007, 170.27192688, 170.678268433, 171.084625244, 171.490966797, 171.897323608, 172.292053223, 172.686798096, 173.081542969, 173.476272583, 173.882629395, 174.277359009, 174.68371582, 175.078460693, 175.473190308, 175.867935181, 176.262680054, 176.657409668, 177.052154541, 177.458496094, 177.864852905, 178.271194458, 178.67755127, 179.072280884, 179.467025757, 179.86177063, 180.256500244, 180.662857056, 181.069198608, 181.463943481, 181.870285034, 182.276641846, 182.671386719, 183.066116333, 183.460861206, 183.85559082, 184.250335693, 184.656692505, 185.063034058, 185.469390869, 185.875732422, 186.270477295, 186.665206909, 187.059951782, 187.454696655, 187.84942627, 188.255783081, 188.650512695, 189.045257568, 189.451599121, 189.846343994, 190.241088867, 190.635818481, 191.030563354, 191.425308228, 191.820037842, 192.214782715, 192.609527588, 193.004257202, 193.399002075, 193.793731689, 194.188476562, 194.583221436, 194.989562988, 195.3959198, 195.790649414, 196.185394287, 196.58013916, 196.974868774, 197.369613647, 197.764343262, 198.159088135, 198.553833008, 198.948562622, 199.343307495, 199.738052368, 200.132781982, 200.527526855, 200.92225647, 201.317001343, 201.700134277, 202.083267212, 202.477996826, 202.872741699, 203.267486572, 203.662216187, 204.05696106, 204.451690674, 204.846435547, 205.24118042, 205.635910034, 206.053878784, 206.448608398, 206.843353271, 207.249694824, 207.656051636, 208.050796509, 208.433914185, 208.828659058, 209.223403931, 209.606521606, 210.012878418, 210.419219971, 210.813964844, 211.208709717, 211.603439331, 211.998184204, 212.392913818, 212.776046753, 213.159179688, 213.553924561, 213.937042236, 214.331787109, 214.738143921, 215.132873535, 215.527618408, 215.922348022, 216.317092896, 216.711837769, 217.118179321, 217.524536133, 217.942489624, 218.360443115, 218.708755493, 219.057052612, 219.41696167, 219.776870728, 220.159988403, 220.554733276, 220.937866211, 221.332611084, 221.773788452, 222.191741943, 222.621307373, 223.050872803, 223.480453491, 223.933242798, 224.374420166, 224.827209473],
    "bpm_histogram": [0, 0, 0, 0, 0, 0, 0, 0, 0, 0, 0, 0, 0, 0, 0, 0, 0, 0, 0, 0, 0, 0, 0, 0, 0, 0, 0, 0, 0, 0, 0, 0, 0, 0, 0, 0, 0, 0, 0, 0, 0, 0, 0, 0, 0, 0, 0, 0, 0, 0, 0, 0, 0, 0, 0, 0, 0, 0, 0, 0, 0, 0, 0, 0, 0, 0, 0, 0, 0, 0, 0, 0, 0, 0, 0, 0, 0, 0, 0, 0, 0, 0, 0, 0, 0, 0, 0, 0, 0, 0, 0, 0, 0, 0, 0, 0, 0, 0, 0, 0, 0, 0, 0, 0, 0, 0, 0, 0, 0, 0, 0, 0, 0, 0, 0, 0, 0, 0, 0, 0, 0, 0, 0, 0, 0, 0, 0, 0, 0, 0, 0, 0, 0, 0.00351493852213, 0, 0, 0.00351493852213, 0, 0, 0, 0.00527240755036, 0, 0, 0, 0.0140597540885, 0, 0, 0, 0.152899831533, 0, 0, 0, 0.615114212036, 0, 0, 0, 0, 0.177504390478, 0, 0, 0, 0.0193321611732, 0, 0, 0, 0, 0, 0.00527240755036, 0, 0, 0, 0, 0.00351493852213, 0, 0, 0, 0, 0, 0, 0, 0, 0, 0, 0, 0, 0, 0, 0, 0, 0, 0, 0, 0, 0, 0, 0, 0, 0, 0, 0, 0, 0, 0, 0, 0, 0, 0, 0, 0, 0, 0, 0, 0, 0, 0, 0, 0, 0, 0, 0, 0, 0, 0, 0, 0, 0, 0, 0, 0, 0, 0, 0, 0, 0, 0, 0, 0, 0, 0, 0, 0, 0, 0, 0, 0, 0, 0, 0, 0, 0]
},
"tonal": {
    "chords_changes_rate": 0.0562422759831,
    "chords_number_rate": 0.00164812523872,
    "chords_strength": {
        "mean": 0.522437810898
    },
    "hpcp_crest": {
        "mean": 13.3980751038
    },
    "hpcp_entropy": {
        "mean": 1.99967002869
    },
    "key_edma": {
        "strength": 0.870206952095,
        "key": "B",
        "scale": "major"
    },
    "key_krumhansl": {
        "strength": 0.878831923008,
        "key": "B",
        "scale": "major"
    },
    "key_temperley": {
        "strength": 0.886962771416,
        "key": "B",
        "scale": "major"
    },
    "tuning_diatonic_strength": 0.682769715786,
    "tuning_equal_tempered_deviation": 0.0394771695137,
    "tuning_frequency": 440,
    "tuning_nontempered_energy_ratio": 0.669564843178,
    "hpcp": {
        "mean": [0.0565936043859, 0.0480798855424, 0.0850510299206, 0.114368453622, 0.105057641864, 0.268630594015, 0.415482580662, 0.233966112137, 0.0639210343361, 0.0491142868996, 0.0491666123271, 0.123437099159, 0.223026558757, 0.166895523667, 0.0712119564414, 0.0596283301711, 0.0690294802189, 0.104324288666, 0.13081818819, 0.126320123672, 0.17123401165, 0.201803460717, 0.144832253456, 0.108103953302, 0.0985868945718, 0.100413262844, 0.251888424158, 0.375729233027, 0.234916061163, 0.0976017341018, 0.0718236714602, 0.0570880025625, 0.0764529034495, 0.102295272052, 0.0896146818995, 0.0709072798491]
    },
    "chords_histogram": [44.2521629333, 0.453234434128, 23.7742061615, 0.844664216042, 0.638648509979, 0, 0, 0, 0.0824062600732, 0, 0, 0, 0, 0.288421928883, 0, 2.49278950691, 0.0412031300366, 9.02348613739, 0, 6.32468080521, 0.906468868256, 3.8524928093, 4.223320961, 2.80181288719],
    "thpcp": [1, 0.563118934631, 0.153847694397, 0.118210218847, 0.118336156011, 0.297093331814, 0.536789178848, 0.401690781116, 0.171395763755, 0.143515840173, 0.166142895818, 0.251091837883, 0.314858406782, 0.304032295942, 0.412132829428, 0.485708594322, 0.348588019609, 0.260188907385, 0.237282857299, 0.241678640246, 0.606255054474, 0.904320061207, 0.5654053092, 0.234911739826, 0.172868072987, 0.137401670218, 0.184009894729, 0.246208325028, 0.215688183904, 0.170662462711, 0.13621173799, 0.115720577538, 0.204704195261, 0.27526652813, 0.252856910229, 0.646550774574],
    "chords_key": "B",
    "chords_scale": "major"
}
}