{
"metadata": {
    "version": {
        "essentia": "2.1-beta6-dev",
        "essentia_git_sha": "v2.1_beta5-1177-g1d1cc983",
        "extractor": "music 2.0"
    },
    "audio_properties": {
        "analysis": {
            "equal_loudness": 0,
            "length": 167.306671143,
            "sample_rate": 44100,
            "start_time": 0,
            "downmix": "mix"
        },
        "bit_rate": 1411200,
        "length": 167.306671143,
        "lossless": 1,
        "number_channels": 2,
        "replay_gain": -14.6641693115,
        "sample_rate": 44100,
        "codec": "pcm_s16le",
        "md5_encoded": "04671ceea85e62214d91675c3c6f5080"
    },
    "tags": {
        "file_name": "05 - The Front Bottoms - Be Nice To Me.wav",
        "album": ["Rose"],
        "albumartist": ["The Front Bottoms"],
        "artist": ["The Front Bottoms"],
        "copyright": ["2014 Bar None Records 2014 Bar None Records"],
        "date": ["2014"],
        "discnumber": ["1"],
        "disctotal": ["1"],
        "genre": ["Rock"],
        "isrc": ["US37V1422705"],
        "title": ["Be Nice To Me"],
        "tracknumber": ["5"],
        "tracktotal": ["6"]
    }
},
"lowlevel": {
    "average_loudness": 0.968831181526,
    "barkbands_crest": {
        "mean": 10.5458250046
    },
    "barkbands_flatness_db": {
        "mean": 0.150523707271
    },
    "barkbands_kurtosis": {
        "mean": 14.4296531677
    },
    "barkbands_skewness": {
        "mean": 1.81699347496
    },
    "barkbands_spread": {
        "mean": 21.1793346405
    },
    "dissonance": {
        "mean": 0.451911538839
    },
    "dynamic_complexity": 2.94634890556,
    "erbbands_crest": {
        "mean": 9.43020915985
    },
    "erbbands_flatness_db": {
        "mean": 0.139983415604
    },
    "erbbands_kurtosis": {
        "mean": 1.8015319109
    },
    "erbbands_skewness": {
        "mean": 0.408457517624
    },
    "erbbands_spread": {
        "mean": 47.0241966248
    },
    "hfc": {
        "mean": 25.809671402
    },
    "loudness_ebu128": {
        "integrated": -7.28589725494,
        "loudness_range": 2.304915905,
        "momentary": {
            "mean": -8.85984802246
        },
        "short_term": {
            "mean": -8.02782726288
        }
    },
    "melbands_crest": {
        "mean": 15.1205558777
    },
    "melbands_flatness_db": {
        "mean": 0.227835267782
    },
    "melbands_kurtosis": {
        "mean": 23.0165252686
    },
    "melbands_skewness": {
        "mean": 3.37016558647
    },
    "melbands_spread": {
        "mean": 18.6691627502
    },
    "pitch_salience": {
        "mean": 0.520613193512
    },
    "silence_rate_20dB": {
        "mean": 1
    },
    "silence_rate_30dB": {
        "mean": 0.999583721161
    },
    "silence_rate_60dB": {
        "mean": 0.0417649522424
    },
    "spectral_centroid": {
        "mean": 1087.88183594
    },
    "spectral_complexity": {
        "mean": 19.4501171112
    },
    "spectral_decrease": {
        "mean": -1.04432444914e-08
    },
    "spectral_energy": {
        "mean": 0.0417561382055
    },
    "spectral_energyband_high": {
        "mean": 0.00107004039455
    },
    "spectral_energyband_low": {
        "mean": 0.0171128269285
    },
    "spectral_energyband_middle_high": {
        "mean": 0.00542300706729
    },
    "spectral_energyband_middle_low": {
        "mean": 0.0230633094907
    },
    "spectral_entropy": {
        "mean": 7.45072507858
    },
    "spectral_flux": {
        "mean": 0.106575071812
    },
    "spectral_kurtosis": {
        "mean": 5.51536846161
    },
    "spectral_rms": {
        "mean": 0.006113008596
    },
    "spectral_rolloff": {
        "mean": 1408.46704102
    },
    "spectral_skewness": {
        "mean": 1.74665105343
    },
    "spectral_spread": {
        "mean": 5595135.5
    },
    "spectral_strongpeak": {
        "mean": 0.887901961803
    },
    "zerocrossingrate": {
        "mean": 0.0643874034286
    },
    "barkbands": {
        "mean": [4.37621238234e-05, 0.00554435374215, 0.00677384762093, 0.00850087590516, 0.00621051294729, 0.0020930392202, 0.00216990942135, 0.00227314885706, 0.00149963784497, 0.00089551997371, 0.000654920935631, 0.000581432075705, 0.00052748498274, 0.000481324765133, 0.000566372589674, 0.000494836829603, 0.000640759244561, 0.000340611411957, 0.000296840124065, 0.000187123005162, 0.000167756312294, 0.000163720920682, 0.000171743027749, 0.000234024453675, 0.000159407456522, 6.52917005937e-05, 1.77810979949e-05]
    },
    "erbbands": {
        "mean": [0.0862845703959, 1.54451549053, 6.64774227142, 20.9794826508, 23.1742668152, 21.7871551514, 19.0307922363, 16.1088371277, 21.7757396698, 46.1697769165, 44.6056137085, 37.9624481201, 30.0448169708, 31.3834018707, 24.1930427551, 24.4358787537, 23.1490421295, 25.271894455, 29.1384010315, 28.0081214905, 30.8210334778, 30.9455432892, 21.2687149048, 15.0241250992, 14.0911569595, 8.48375320435, 7.10315275192, 6.66739273071, 5.9914355278, 4.88461589813, 4.76874351501, 4.80035305023, 3.96489071846, 2.15131616592, 0.950360536575, 0.356892287731, 0.102328300476, 0.0263266563416, 0.00308493617922, 0.000151907734107]
    },
    "gfcc": {
        "mean": [11.5893821716, 81.8396759033, -87.8012313843, 31.3985557556, -47.2572669983, 12.481010437, -41.1135101318, 7.29414415359, -24.8105545044, -6.01668024063, -21.5073223114, -7.46562099457, -16.8332195282],
        "cov": [[25457.0859375, 774.307312012, -2955.17382812, 137.039718628, -1059.43237305, 466.903137207, -619.461425781, 419.458129883, -531.273864746, 188.317153931, -543.707214355, 177.732833862, -368.082946777], [774.307312012, 1461.49841309, -259.853668213, -145.488876343, 76.2936477661, -148.936904907, 16.5917453766, 21.0318069458, 32.5009346008, -59.2301216125, 26.7576885223, -77.7628707886, -14.6109075546], [-2955.17382812, -259.853668213, 1093.4564209, 129.742034912, 41.4314498901, -23.9372634888, 40.01197052, -85.7486877441, 6.56401586533, 38.143951416, 48.4497718811, 9.73417472839, 37.9443016052], [137.039718628, -145.488876343, 129.742034912, 591.996765137, 77.6853485107, 14.4235563278, 4.06362915039, -32.0056266785, 28.1096057892, -7.47089385986, -31.3687934875, 50.4869804382, 43.0804405212], [-1059.43237305, 76.2936477661, 41.4314498901, 77.6853485107, 282.991699219, -1.35601532459, 24.3478603363, -5.79459953308, 53.898349762, -11.1258230209, 20.1041507721, 6.37860441208, 29.4644393921], [466.903137207, -148.936904907, -23.9372634888, 14.4235563278, -1.35601532459, 233.102386475, 82.6456451416, -2.50430870056, -12.5369338989, 28.4609203339, -0.642894864082, 18.0678977966, -8.66586208344], [-619.461425781, 16.5917453766, 40.01197052, 4.06362915039, 24.3478603363, 82.6456451416, 225.292266846, 29.1147518158, 2.19405412674, -11.3569841385, 19.6116161346, 12.4109344482, -5.08498239517], [419.458129883, 21.0318069458, -85.7486877441, -32.0056266785, -5.79459953308, -2.50430870056, 29.1147518158, 135.450836182, 42.2301254272, 1.28730368614, 1.0613745451, 3.55992817879, -6.62986040115], [-531.273864746, 32.5009346008, 6.56401586533, 28.1096057892, 53.898349762, -12.5369338989, 2.19405412674, 42.2301254272, 138.477416992, 34.9112434387, 17.3151721954, -0.277429848909, 15.6135663986], [188.317153931, -59.2301216125, 38.143951416, -7.47089385986, -11.1258230209, 28.4609203339, -11.3569841385, 1.28730368614, 34.9112434387, 103.215820312, 35.2095184326, 12.1479387283, -6.53853845596], [-543.707214355, 26.7576885223, 48.4497718811, -31.3687934875, 20.1041507721, -0.642894864082, 19.6116161346, 1.0613745451, 17.3151721954, 35.2095184326, 105.505844116, 28.3696880341, 13.7839632034], [177.732833862, -77.7628707886, 9.73417472839, 50.4869804382, 6.37860441208, 18.0678977966, 12.4109344482, 3.55992817879, -0.277429848909, 12.1479387283, 28.3696880341, 103.683761597, 36.2594032288], [-368.082946777, -14.6109075546, 37.9443016052, 43.0804405212, 29.4644393921, -8.66586208344, -5.08498239517, -6.62986040115, 15.6135663986, -6.53853845596, 13.7839632034, 36.2594032288, 72.3868026733]],
        "icov": [[0.00024373686756, -0.000298644794384, 0.000452352163848, -0.000319893995766, 0.000534337246791, -0.000612762582023, 0.000813599559478, -0.000942539423704, 0.00110500189476, -0.00107434706297, 0.00111904391088, -0.000956869218498, 0.000743174692616], [-0.000298644794384, 0.0012326494325, -0.000316088611726, 0.000515781634022, -0.000858937157318, 0.00132596271578, -0.00128974323161, 0.00130314263515, -0.00152963458095, 0.00165724032559, -0.00181062566116, 0.00177109474316, -0.00093669682974], [0.000452352163848, -0.000316088611726, 0.00196658214554, -0.000775821739808, 0.000928207766265, -0.000683822785504, 0.0010246662423, -0.00103773700539, 0.00205703289248, -0.00241635041311, 0.00162234576419, -0.00130244973116, 0.000866027083248], [-0.000319893995766, 0.000515781634022, -0.000775821739808, 0.0024774253834, -0.00116133911069, 0.000787912227679, -0.00113334727939, 0.00174627662636, -0.00198903353885, 0.00152384804096, -0.000320832594298, 0.000212633778574, -0.00142165925354], [0.000534337246791, -0.000858937157318, 0.000928207766265, -0.00116133911069, 0.00548559706658, -0.00162277498748, 0.00148883985821, -0.0014298990136, 0.000591538089793, -0.00115640670992, 0.00156571005937, -0.00178780278657, 0.000660134595819], [-0.000612762582023, 0.00132596271578, -0.000683822785504, 0.000787912227679, -0.00162277498748, 0.00752251269296, -0.00459071062505, 0.0030018130783, -0.00199175369926, 0.000378366035875, -0.00189182383474, 0.0019955590833, -0.0016207076842], [0.000813599559478, -0.00128974323161, 0.0010246662423, -0.00113334727939, 0.00148883985821, -0.00459071062505, 0.00870970636606, -0.00468357140198, 0.00360001763329, -0.00157901167404, 0.00231121387333, -0.00376527756453, 0.00356826256029], [-0.000942539423704, 0.00130314263515, -0.00103773700539, 0.00174627662636, -0.0014298990136, 0.0030018130783, -0.00468357140198, 0.0131602045149, -0.00790396612138, 0.00495353620499, -0.00400098273531, 0.0025575493928, -0.00157426041551], [0.00110500189476, -0.00152963458095, 0.00205703289248, -0.00198903353885, 0.000591538089793, -0.00199175369926, 0.00360001763329, -0.00790396612138, 0.0157459843904, -0.00938699766994, 0.00498941214755, -0.00252557708882, 0.00053610408213], [-0.00107434706297, 0.00165724032559, -0.00241635041311, 0.00152384804096, -0.00115640670992, 0.000378366035875, -0.00157901167404, 0.00495353620499, -0.00938699766994, 0.0192760452628, -0.00962069071829, 0.00285162683576, 0.00025946716778], [0.00111904391088, -0.00181062566116, 0.00162234576419, -0.000320832594298, 0.00156571005937, -0.00189182383474, 0.00231121387333, -0.00400098273531, 0.00498941214755, -0.00962069071829, 0.0183815211058, -0.00778460269794, 0.00205141655169], [-0.000956869218498, 0.00177109474316, -0.00130244973116, 0.000212633778574, -0.00178780278657, 0.0019955590833, -0.00376527756453, 0.0025575493928, -0.00252557708882, 0.00285162683576, -0.00778460269794, 0.0179454963654, -0.00972002744675], [0.000743174692616, -0.00093669682974, 0.000866027083248, -0.00142165925354, 0.000660134595819, -0.0016207076842, 0.00356826256029, -0.00157426041551, 0.00053610408213, 0.00025946716778, 0.00205141655169, -0.00972002744675, 0.0218265298754]]
    },
    "melbands": {
        "mean": [0.00118928414304, 0.00318550644442, 0.00366440275684, 0.00153113098349, 0.000725493009668, 0.000360078644007, 0.000381338322768, 0.00051668175729, 0.00032944069244, 0.000238970140344, 0.000145292069647, 0.000124945741845, 7.8725090134e-05, 7.27429214749e-05, 4.67326499347e-05, 5.68976684008e-05, 4.57134447061e-05, 4.57966489193e-05, 4.32108863606e-05, 3.71841269953e-05, 3.68824403267e-05, 3.46189153788e-05, 2.56904440903e-05, 1.41349055411e-05, 1.17413364933e-05, 1.174568024e-05, 7.64240030549e-06, 5.14870225743e-06, 4.53539405498e-06, 4.12328245147e-06, 3.76126308765e-06, 3.57829981112e-06, 2.80267613562e-06, 2.69057409241e-06, 2.51043229582e-06, 3.20256981468e-06, 2.81649113276e-06, 2.83242638943e-06, 2.41739462581e-06, 1.6217669554e-06]
    },
    "melbands128": {
        "mean": [3.92353904317e-05, 0.00036618692684, 0.00163703772705, 0.00281589990482, 0.00300116022117, 0.00356937386096, 0.00451170979068, 0.00395854562521, 0.00213221646845, 0.00131509720813, 0.00128226552624, 0.000798274297267, 0.00067323964322, 0.000484063639306, 0.000375077215722, 0.000292470620479, 0.00021148948872, 0.000372467329726, 0.000659793033265, 0.000489105470479, 0.000501142872963, 0.000417580245994, 0.000359658239176, 0.000155560643179, 0.000220331479795, 0.000327488087351, 0.000148293373059, 0.000146648497321, 9.8086457001e-05, 0.00013009783288, 0.000149705636431, 9.16551289265e-05, 5.43518690392e-05, 9.57617303357e-05, 6.08667287452e-05, 8.07724136394e-05, 6.7275177571e-05, 3.66344429494e-05, 4.14212299802e-05, 4.7957400966e-05, 7.22669137758e-05, 4.94231717312e-05, 3.79639568564e-05, 4.8044075811e-05, 5.11391008331e-05, 4.009089389e-05, 4.79801710753e-05, 5.26378353243e-05, 3.44633044733e-05, 3.03617944155e-05, 4.31506086898e-05, 3.95052702515e-05, 2.49689564953e-05, 4.14157329942e-05, 5.22518021171e-05, 2.78493535006e-05, 2.59734460997e-05, 3.11923577101e-05, 2.43533540925e-05, 1.86179677257e-05, 1.19591040857e-05, 1.27952444018e-05, 1.14624972412e-05, 1.21432294691e-05, 1.06120724013e-05, 1.34761166919e-05, 1.1149931197e-05, 8.66130994837e-06, 7.17354396329e-06, 5.48930847799e-06, 4.7841781452e-06, 5.48480966245e-06, 4.81112783746e-06, 4.56555153505e-06, 3.7296517803e-06, 4.24579275204e-06, 4.28930570706e-06, 3.81214476874e-06, 3.5548764572e-06, 3.75578133571e-06, 4.12312374465e-06, 3.24761958836e-06, 2.98534860121e-06, 2.79431264971e-06, 2.5822250791e-06, 2.68107805823e-06, 2.85930332211e-06, 2.50132575275e-06, 2.23466508942e-06, 2.57340821008e-06, 3.49335255123e-06, 3.2413390727e-06, 2.98810186905e-06, 2.82412315755e-06, 2.74334979622e-06, 2.67806831289e-06, 2.95095537695e-06, 2.88629712486e-06, 2.55928762272e-06, 2.15004843085e-06, 1.76987487066e-06, 1.54874635427e-06, 1.40412066685e-06, 1.30317005187e-06, 1.10489202143e-06, 8.57086320138e-07, 7.11969562417e-07, 6.73431145515e-07, 6.71335953939e-07, 5.14280202424e-07, 3.96541651071e-07, 3.49337625494e-07, 3.02591445234e-07, 2.65638618657e-07, 2.41263023781e-07, 2.26102500278e-07, 2.05796723662e-07, 1.67438713561e-07, 1.4358477074e-07, 1.07060600385e-07, 6.72204336638e-08, 4.16322833985e-08, 2.64001709382e-08, 1.73613692311e-08, 1.13630154175e-08, 6.78369582729e-09, 3.38256644916e-09, 1.4286579697e-09]
    },
    "mfcc": {
        "mean": [-635.12121582, 117.467628479, 17.2124786377, 24.1179943085, 17.2644996643, 4.62142705917, 0.54077911377, 4.92547273636, -0.0363245382905, 1.15840506554, -2.74167990685, -2.65183925629, -6.05806779861],
        "cov": [[14920.8515625, 11.3885440826, -1260.28137207, -307.184234619, -207.968887329, -25.9557876587, -184.210403442, 127.35647583, 41.5700759888, 14.2295665741, -84.6476974487, 87.8802566528, -20.855676651], [11.3885440826, 1343.4342041, -150.25743103, -170.417694092, 8.12432479858, -143.378387451, 3.4023733139, -13.3304386139, -34.9636039734, 47.1524238586, 60.5329742432, -30.4455318451, 18.3878993988], [-1260.28137207, -150.25743103, 829.235412598, 156.046630859, 13.4350442886, 81.8062362671, 44.0030212402, -63.835609436, -7.58406352997, -45.8849105835, 2.94281220436, 16.9472026825, -9.39917469025], [-307.184234619, -170.417694092, 156.046630859, 433.930725098, 100.246917725, 62.3885002136, -25.4360847473, 35.8368988037, 30.6906433105, -9.88196468353, -44.906665802, 10.1498165131, 13.2792396545], [-207.968887329, 8.12432479858, 13.4350442886, 100.246917725, 235.83807373, 18.0731201172, -46.7913093567, -20.3259353638, 7.25417566299, 20.6065368652, -22.0229320526, -7.73388767242, 17.8360061646], [-25.9557876587, -143.378387451, 81.8062362671, 62.3885002136, 18.0731201172, 239.186004639, 62.7331390381, 20.0127410889, 14.5569200516, 3.59460449219, -6.44283151627, 16.8331375122, -17.9096927643], [-184.210403442, 3.4023733139, 44.0030212402, -25.4360847473, -46.7913093567, 62.7331390381, 166.888778687, 47.21484375, -3.70140123367, -11.699057579, 18.5314044952, -0.488782197237, -5.68513917923], [127.35647583, -13.3304386139, -63.835609436, 35.8368988037, -20.3259353638, 20.0127410889, 47.21484375, 144.397659302, 43.9147148132, 8.0749912262, -7.06787157059, 11.0417356491, 6.95598888397], [41.5700759888, -34.9636039734, -7.58406352997, 30.6906433105, 7.25417566299, 14.5569200516, -3.70140123367, 43.9147148132, 97.0957565308, 29.0449409485, 1.43783640862, 6.12242650986, -0.657468616962], [14.2295665741, 47.1524238586, -45.8849105835, -9.88196468353, 20.6065368652, 3.59460449219, -11.699057579, 8.0749912262, 29.0449409485, 107.194671631, 36.4243850708, 4.52277946472, 4.09604692459], [-84.6476974487, 60.5329742432, 2.94281220436, -44.906665802, -22.0229320526, -6.44283151627, 18.5314044952, -7.06787157059, 1.43783640862, 36.4243850708, 95.8415527344, 25.0358715057, 6.48943424225], [87.8802566528, -30.4455318451, 16.9472026825, 10.1498165131, -7.73388767242, 16.8331375122, -0.488782197237, 11.0417356491, 6.12242650986, 4.52277946472, 25.0358715057, 84.985534668, 34.6714553833], [-20.855676651, 18.3878993988, -9.39917469025, 13.2792396545, 17.8360061646, -17.9096927643, -5.68513917923, 6.95598888397, -0.657468616962, 4.09604692459, 6.48943424225, 34.6714553833, 81.1982116699]],
        "icov": [[8.16408501123e-05, -3.99806339146e-08, 0.000119901967992, 2.58080199274e-05, 7.44618300814e-05, -5.01697140862e-05, 0.000100554527307, -2.46362687903e-05, -1.33409548653e-05, 1.59904011525e-05, 0.000101241595985, -0.000147761325934, 6.64536855766e-05], [-3.99806339146e-08, 0.000876009289641, 5.37436353625e-05, 0.000233256461797, -0.000205549338716, 0.000445051846327, -0.000161691074027, -0.000107094507257, 0.000298321130686, -0.000269651936833, -0.000427941471571, 0.000382932950743, -0.000202437891858], [0.000119901967992, 5.37436353625e-05, 0.00169530510902, -0.000601220061071, 0.000183245545486, -0.000290449126624, -0.000497925735544, 0.0011167259654, -0.000357257056748, 0.000636452576146, -0.000182077463251, -0.000512063212227, 0.000276550621493], [2.58080199274e-05, 0.000233256461797, -0.000601220061071, 0.00324727850966, -0.00114641431719, -0.000491333659738, 0.000795884232502, -0.00127664534375, -0.000285480607999, 0.000154140769155, 0.000879779923707, -0.000149682353367, -0.00035479827784], [7.44618300814e-05, -0.000205549338716, 0.000183245545486, -0.00114641431719, 0.00552158663049, -0.000810250814538, 0.00119714974426, 0.000938830431551, -0.000114226830192, -0.00122431397904, 0.00104432576336, 0.00088034349028, -0.00151235610247], [-5.01697140862e-05, 0.000445051846327, -0.000290449126624, -0.000491333659738, -0.000810250814538, 0.00573996175081, -0.0026369926054, 0.000276066275546, -0.000313666387228, -0.000921784783714, 0.000909815251362, -0.0019317662809, 0.00196491624229], [0.000100554527307, -0.000161691074027, -0.000497925735544, 0.000795884232502, 0.00119714974426, -0.0026369926054, 0.00910368282348, -0.00369675201364, 0.00143159972504, 0.00140231940895, -0.00233136396855, 0.00177994032856, -0.000648721063044], [-2.46362687903e-05, -0.000107094507257, 0.0011167259654, -0.00127664534375, 0.000938830431551, 0.000276066275546, -0.00369675201364, 0.0106392838061, -0.00445631379262, -0.000283926958218, 0.001727328985, -0.00141915865242, -0.000513452163432], [-1.33409548653e-05, 0.000298321130686, -0.000357257056748, -0.000285480607999, -0.000114226830192, -0.000313666387228, 0.00143159972504, -0.00445631379262, 0.0136935468763, -0.00358215742745, 0.000208485667827, -0.000310418457957, 0.00077971391147], [1.59904011525e-05, -0.000269651936833, 0.000636452576146, 0.000154140769155, -0.00122431397904, -0.000921784783714, 0.00140231940895, -0.000283926958218, -0.00358215742745, 0.0130059812218, -0.00558514799923, 0.00126322812866, -0.000476356886793], [0.000101241595985, -0.000427941471571, -0.000182077463251, 0.000879779923707, 0.00104432576336, 0.000909815251362, -0.00233136396855, 0.001727328985, 0.000208485667827, -0.00558514799923, 0.015538206324, -0.00532590318471, 0.000933782372158], [-0.000147761325934, 0.000382932950743, -0.000512063212227, -0.000149682353367, 0.00088034349028, -0.0019317662809, 0.00177994032856, -0.00141915865242, -0.000310418457957, 0.00126322812866, -0.00532590318471, 0.0174725912511, -0.00763407209888], [6.64536855766e-05, -0.000202437891858, 0.000276550621493, -0.00035479827784, -0.00151235610247, 0.00196491624229, -0.000648721063044, -0.000513452163432, 0.00077971391147, -0.000476356886793, 0.000933782372158, -0.00763407209888, 0.0164481028914]]
    },
    "spectral_contrast_coeffs": {
        "mean": [-0.658096075058, -0.713650405407, -0.739407718182, -0.77202039957, -0.782687962055, -0.795236587524]
    },
    "spectral_contrast_valleys": {
        "mean": [-6.43097734451, -7.05931568146, -7.79855585098, -7.88922452927, -7.75721693039, -9.83846187592]
    }
},
"rhythm": {
    "beats_count": 325,
    "beats_loudness": {
        "mean": 0.0481621660292
    },
    "bpm": 119.79511261,
    "bpm_histogram_first_peak_bpm": 120,
    "bpm_histogram_first_peak_weight": 0.509174346924,
    "bpm_histogram_second_peak_bpm": 112,
    "bpm_histogram_second_peak_spread": 0.62765955925,
    "bpm_histogram_second_peak_weight": 0.108024694026,
    "danceability": 1.06498456001,
    "onset_rate": 4.21938419342,
    "beats_loudness_band_ratio": {
        "mean": [0.580478191376, 0.178641244769, 0.127199053764, 0.0506834276021, 0.0531270131469, 0.0587641447783]
    },
    "beats_position": [0.46439909935, 0.952018141747, 1.42802715302, 1.91564619541, 2.41487526894, 2.90249419212, 3.40172338486, 3.90095233917, 4.41179132462, 4.91102027893, 5.41024923325, 5.90947818756, 6.40870714188, 6.8963265419, 7.38394546509, 7.89478445053, 8.39401340485, 8.893242836, 9.39247131348, 9.89170074463, 10.4025392532, 10.9017686844, 11.4009971619, 11.900226593, 12.3994560242, 12.9102945328, 13.4211339951, 13.9203624725, 14.4195919037, 14.9304304123, 15.4296598434, 15.9288883209, 16.4281177521, 16.9273471832, 17.426574707, 17.9374141693, 18.4366436005, 18.9474830627, 19.458322525, 19.9807701111, 20.5032196045, 21.0140590668, 21.5248966217, 22.0241260529, 22.5349655151, 23.0341949463, 23.5450344086, 24.0558719635, 24.5667114258, 25.0775508881, 25.5883903503, 26.0876178741, 26.6100673676, 27.1209068298, 27.6317462921, 28.142583847, 28.6534233093, 29.1642627716, 29.6751022339, 30.1859397888, 30.6967792511, 31.1960086823, 31.6952381134, 32.2060775757, 32.7169151306, 33.2277526855, 33.7618141174, 34.2610435486, 34.7602729797, 35.2594985962, 35.7587280273, 36.269569397, 36.7687988281, 37.2680282593, 37.7788658142, 38.2664833069, 38.7541046143, 39.2533340454, 39.7525634766, 40.2401809692, 40.7394104004, 41.2386398315, 41.7262573242, 42.2254867554, 42.713104248, 43.2123336792, 43.6999549866, 44.1991844177, 44.6868019104, 45.1860313416, 45.6736488342, 46.1612701416, 46.6488876343, 47.1481170654, 47.6473464966, 48.1349639893, 48.6225852966, 49.1334228516, 49.655872345, 50.1783218384, 50.7007713318, 51.2232208252, 51.7572784424, 52.302947998, 52.8486175537, 53.3826751709, 53.9167327881, 54.4740142822, 55.0080718994, 55.5537414551, 56.0994110107, 56.6450767517, 57.1907463074, 57.736415863, 58.2820854187, 58.8161430359, 59.3502044678, 59.8726501465, 60.3950996399, 60.9059410095, 61.4167785645, 61.9276161194, 62.438457489, 62.9376869202, 63.4369163513, 63.924533844, 64.4353713989, 64.9229888916, 65.4106140137, 65.9098434448, 66.409072876, 66.9082946777, 67.4075241089, 67.9183654785, 68.4175949097, 68.9168243408, 69.4276657104, 69.9384994507, 70.4493408203, 70.9485702515, 71.4594116211, 71.9586410522, 72.4694747925, 72.9570999146, 73.4679336548, 73.9671630859, 74.4663925171, 74.9656219482, 75.4764633179, 75.9989089966, 76.5097503662, 77.0089797974, 77.5082092285, 78.0190429688, 78.5182723999, 79.0175018311, 79.5283432007, 80.0275726318, 80.5384140015, 81.0376434326, 81.5368728638, 82.0360946655, 82.5353240967, 83.0345535278, 83.533782959, 84.0330123901, 84.5438537598, 85.0314712524, 85.5307006836, 86.0415420532, 86.5407714844, 87.0516052246, 87.5624465942, 88.0616760254, 88.5492935181, 89.0485229492, 89.5361404419, 90.035369873, 90.5345993042, 91.0222167969, 91.521446228, 92.0206756592, 92.5199050903, 93.0191345215, 93.5067520142, 94.0059814453, 94.5052108765, 94.9812240601, 95.4688415527, 95.9680709839, 96.4789123535, 96.9781417847, 97.4773712158, 97.9649887085, 98.4526062012, 98.9402236938, 99.439453125, 99.9386825562, 100.437911987, 100.937141418, 101.424758911, 101.923988342, 102.423217773, 102.910835266, 103.410064697, 103.909294128, 104.40852356, 104.907752991, 105.395370483, 105.882987976, 106.370613098, 106.858230591, 107.36907196, 107.891517639, 108.402359009, 108.936416626, 109.470474243, 110.039360046, 110.596641541, 111.153923035, 111.711196899, 112.280090332, 112.837364197, 113.383033752, 113.940315247, 114.474372864, 115.008430481, 115.542495728, 116.076553345, 116.598999023, 117.133056641, 117.667114258, 118.177955627, 118.700408936, 119.234466553, 119.756912231, 120.290969849, 120.825035095, 121.370697021, 121.904762268, 122.450431824, 122.99609375, 123.530158997, 124.040992737, 124.551834106, 125.062675476, 125.573509216, 126.084350586, 126.583580017, 127.082809448, 127.570426941, 128.069656372, 128.568893433, 129.079727173, 129.567337036, 130.078186035, 130.565795898, 131.076644897, 131.587478638, 132.086715698, 132.5859375, 133.085174561, 133.584396362, 134.095230103, 134.594467163, 135.105300903, 135.604537964, 136.115371704, 136.637817383, 137.148666382, 137.659500122, 138.158721924, 138.657958984, 139.168792725, 139.668029785, 140.178863525, 140.712921143, 141.281814575, 141.839096069, 142.396362305, 142.94203186, 143.499313354, 144.033370972, 144.579040527, 145.124710083, 145.681991577, 146.227661133, 146.773330688, 147.319000244, 147.876281738, 148.421951294, 148.956008911, 149.490066528, 150.047348022, 150.58140564, 151.115463257, 151.649520874, 152.183578491, 152.729248047, 153.274917603, 153.820587158, 154.366256714, 154.900314331, 155.434371948, 155.968429565, 156.52571106, 157.059768677, 157.593826294, 158.127883911, 158.673553467, 159.195999146, 159.718460083, 160.2525177, 160.798187256, 161.343856812, 161.889526367, 162.353912354, 162.818313599, 163.282714844, 163.851608276, 164.420501709, 164.977767944, 165.535049438, 166.103942871, 166.672836304],
    "bpm_histogram": [0, 0, 0, 0, 0, 0, 0, 0, 0, 0, 0, 0, 0, 0, 0, 0, 0, 0, 0, 0, 0, 0, 0, 0, 0, 0, 0, 0, 0, 0, 0, 0, 0, 0, 0, 0, 0, 0, 0, 0, 0, 0, 0, 0, 0, 0, 0, 0, 0, 0, 0, 0, 0, 0, 0, 0, 0, 0, 0, 0, 0, 0, 0, 0, 0, 0, 0, 0, 0, 0, 0, 0, 0, 0, 0, 0, 0, 0, 0, 0, 0, 0, 0, 0, 0, 0, 0, 0, 0, 0, 0, 0, 0, 0, 0, 0, 0, 0, 0, 0, 0, 0, 0, 0, 0, 0.0216049384326, 0, 0, 0.0462962947786, 0, 0.0833333358169, 0, 0.108024694026, 0, 0, 0.0524691343307, 0, 0.222222223878, 0, 0, 0.330246925354, 0, 0, 0.12037037313, 0, 0, 0.00617283955216, 0, 0, 0.00925925932825, 0, 0, 0, 0, 0, 0, 0, 0, 0, 0, 0, 0, 0, 0, 0, 0, 0, 0, 0, 0, 0, 0, 0, 0, 0, 0, 0, 0, 0, 0, 0, 0, 0, 0, 0, 0, 0, 0, 0, 0, 0, 0, 0, 0, 0, 0, 0, 0, 0, 0, 0, 0, 0, 0, 0, 0, 0, 0, 0, 0, 0, 0, 0, 0, 0, 0, 0, 0, 0, 0, 0, 0, 0, 0, 0, 0, 0, 0, 0, 0, 0, 0, 0, 0, 0, 0, 0, 0, 0, 0, 0, 0, 0, 0, 0, 0, 0, 0, 0, 0, 0, 0, 0, 0, 0, 0, 0, 0, 0, 0, 0, 0, 0, 0, 0, 0, 0, 0, 0, 0]
},
"tonal": {
    "chords_changes_rate": 0.0663152039051,
    "chords_number_rate": 0.0030521643348,
    "chords_strength": {
        "mean": 0.50639384985
    },
    "hpcp_crest": {
        "mean": 13.2844800949
    },
    "hpcp_entropy": {
        "mean": 1.96745967865
    },
    "key_edma": {
        "strength": 0.790993452072,
        "key": "Eb",
        "scale": "major"
    },
    "key_krumhansl": {
        "strength": 0.785378932953,
        "key": "Eb",
        "scale": "major"
    },
    "key_temperley": {
        "strength": 0.779732406139,
        "key": "Eb",
        "scale": "major"
    },
    "tuning_diatonic_strength": 0.633270263672,
    "tuning_equal_tempered_deviation": 0.0548509843647,
    "tuning_frequency": 440.254241943,
    "tuning_nontempered_energy_ratio": 0.729632735252,
    "hpcp": {
        "mean": [0.0782295539975, 0.0727488696575, 0.124090433121, 0.298524677753, 0.258356541395, 0.0756150484085, 0.0476554259658, 0.0573566444218, 0.102016381919, 0.159828826785, 0.134944781661, 0.0780334845185, 0.0815754532814, 0.106957904994, 0.137097999454, 0.177652865648, 0.170070663095, 0.201433837414, 0.257066845894, 0.184886232018, 0.100796170533, 0.080369181931, 0.0848326086998, 0.166069865227, 0.223706707358, 0.153092429042, 0.0838159322739, 0.0568741001189, 0.0480610877275, 0.0782340466976, 0.111144155264, 0.0898667052388, 0.0547091439366, 0.0418189316988, 0.0395600050688, 0.0583662055433]
    },
    "chords_histogram": [12.8468370438, 3.77358484268, 46.8923416138, 5.4661488533, 6.21531629562, 1.02663707733, 3.02441740036, 0, 2.46947836876, 0.0832408443093, 0.249722525477, 0, 0.527191996574, 0.0277469474822, 0, 0, 0, 5.77136516571, 0, 0.749167621136, 0.166481688619, 1.58157598972, 0.832408428192, 8.29633712769],
    "thpcp": [1, 0.865444481373, 0.253295809031, 0.159636467695, 0.192133679986, 0.341735184193, 0.535395681858, 0.452038943768, 0.261397093534, 0.273262023926, 0.358288317919, 0.459251821041, 0.595102787018, 0.569703876972, 0.674764454365, 0.861124277115, 0.619333148003, 0.33764770627, 0.269221246243, 0.284172862768, 0.556301951408, 0.749374270439, 0.512830078602, 0.280767172575, 0.190517246723, 0.160995364189, 0.26206895709, 0.37231144309, 0.301036089659, 0.183265060186, 0.140085339546, 0.13251838088, 0.19551551342, 0.262053906918, 0.243694663048, 0.415678977966],
    "chords_key": "Bb",
    "chords_scale": "major"
}
}