{
"metadata": {
    "version": {
        "essentia": "2.1-beta6-dev",
        "essentia_git_sha": "v2.1_beta5-1177-g1d1cc983",
        "extractor": "music 2.0"
    },
    "audio_properties": {
        "analysis": {
            "equal_loudness": 0,
            "length": 185.853149414,
            "sample_rate": 44100,
            "start_time": 0,
            "downmix": "mix"
        },
        "bit_rate": 1411200,
        "length": 185.853149414,
        "lossless": 1,
        "number_channels": 2,
        "replay_gain": -14.9985275269,
        "sample_rate": 44100,
        "codec": "pcm_s16le",
        "md5_encoded": "c5865e6dfa70005a2685ce40f830531b"
    },
    "tags": {
        "file_name": "05 - The Front Bottoms - Peach.wav",
        "album": ["Talon Of The Hawk"],
        "albumartist": ["The Front Bottoms"],
        "artist": ["The Front Bottoms"],
        "copyright": ["2013 Bar None Records 2013 Bar None Records"],
        "date": ["2013"],
        "discnumber": ["1"],
        "disctotal": ["1"],
        "genre": ["Rock"],
        "isrc": ["US37V1322205"],
        "title": ["Peach"],
        "tracknumber": ["5"],
        "tracktotal": ["12"]
    }
},
"lowlevel": {
    "average_loudness": 0.91351133585,
    "barkbands_crest": {
        "mean": 10.4859905243
    },
    "barkbands_flatness_db": {
        "mean": 0.170258656144
    },
    "barkbands_kurtosis": {
        "mean": 9.93764591217
    },
    "barkbands_skewness": {
        "mean": 1.80573785305
    },
    "barkbands_spread": {
        "mean": 19.2345256805
    },
    "dissonance": {
        "mean": 0.452514946461
    },
    "dynamic_complexity": 4.1114115715,
    "erbbands_crest": {
        "mean": 9.3803062439
    },
    "erbbands_flatness_db": {
        "mean": 0.165866196156
    },
    "erbbands_kurtosis": {
        "mean": 1.25814688206
    },
    "erbbands_skewness": {
        "mean": 0.290175169706
    },
    "erbbands_spread": {
        "mean": 45.328037262
    },
    "hfc": {
        "mean": 20.9876441956
    },
    "loudness_ebu128": {
        "integrated": -7.74799394608,
        "loudness_range": 6.037358284,
        "momentary": {
            "mean": -10.2643499374
        },
        "short_term": {
            "mean": -9.42509269714
        }
    },
    "melbands_crest": {
        "mean": 14.2702140808
    },
    "melbands_flatness_db": {
        "mean": 0.242533579469
    },
    "melbands_kurtosis": {
        "mean": 26.6787872314
    },
    "melbands_skewness": {
        "mean": 3.28927993774
    },
    "melbands_spread": {
        "mean": 18.8823261261
    },
    "pitch_salience": {
        "mean": 0.55440300703
    },
    "silence_rate_20dB": {
        "mean": 1
    },
    "silence_rate_30dB": {
        "mean": 0.996252834797
    },
    "silence_rate_60dB": {
        "mean": 0.0855608284473
    },
    "spectral_centroid": {
        "mean": 1154.43603516
    },
    "spectral_complexity": {
        "mean": 19.4531593323
    },
    "spectral_decrease": {
        "mean": -8.94850682442e-09
    },
    "spectral_energy": {
        "mean": 0.0356773845851
    },
    "spectral_energyband_high": {
        "mean": 0.000984311685897
    },
    "spectral_energyband_low": {
        "mean": 0.0139049813151
    },
    "spectral_energyband_middle_high": {
        "mean": 0.00432051112875
    },
    "spectral_energyband_middle_low": {
        "mean": 0.0182343702763
    },
    "spectral_entropy": {
        "mean": 7.25629758835
    },
    "spectral_flux": {
        "mean": 0.0840098708868
    },
    "spectral_kurtosis": {
        "mean": 8.62265396118
    },
    "spectral_rms": {
        "mean": 0.00543060339987
    },
    "spectral_rolloff": {
        "mean": 1349.51574707
    },
    "spectral_skewness": {
        "mean": 1.79920661449
    },
    "spectral_spread": {
        "mean": 4427539.5
    },
    "spectral_strongpeak": {
        "mean": 0.722067177296
    },
    "zerocrossingrate": {
        "mean": 0.0565829277039
    },
    "barkbands": {
        "mean": [0.000165917255799, 0.00548495119438, 0.00659453077242, 0.00360735598952, 0.00893799867481, 0.00164636783302, 0.00180173630361, 0.00105152407195, 0.000935684307478, 0.000692946312483, 0.000537777610589, 0.000605595880188, 0.000378165248549, 0.000313946569804, 0.00034274457721, 0.000362632912584, 0.000407408486353, 0.000304134126054, 0.000347148597939, 0.00032577815, 0.000228878692724, 0.000132979388582, 0.000154203211423, 0.000197697445401, 8.21297144284e-05, 3.14183853334e-05, 5.4991601246e-06]
    },
    "erbbands": {
        "mean": [0.110798962414, 1.44585025311, 6.8168797493, 10.5317497253, 26.0632667542, 27.2903270721, 17.1048774719, 12.2249107361, 22.5699691772, 27.2579212189, 24.3711280823, 20.646982193, 22.8140106201, 23.189458847, 21.1487827301, 26.5898933411, 18.7838096619, 18.5062332153, 16.7302913666, 17.7108345032, 21.4401130676, 22.8771858215, 17.7084560394, 13.7233819962, 20.698797226, 14.3341264725, 11.7343769073, 6.97558307648, 4.95583629608, 4.36463069916, 4.38039875031, 4.55331468582, 2.88136172295, 1.20358645916, 0.460728466511, 0.207993462682, 0.0390865765512, 0.00621923990548, 0.0010358520085, 9.39896781347e-05]
    },
    "gfcc": {
        "mean": [-26.4158554077, 104.654884338, -100.001068115, 43.3053436279, -54.4242858887, 1.92055225372, -40.886051178, 1.34786856174, -27.1946468353, -8.31694507599, -15.4828863144, -9.03110027313, -10.9020776749],
        "cov": [[28632.359375, -937.38659668, -3212.67407227, 1007.16394043, -1157.55822754, 1289.4954834, -76.4648208618, 881.050415039, -698.278747559, 302.436462402, -576.152770996, 173.229568481, -364.453308105], [-937.38659668, 1772.80102539, 7.67865991592, -242.393615723, 138.100891113, -268.839935303, 1.51881110668, -162.340988159, 5.08936595917, -172.15184021, 68.1029663086, -120.129264832, 15.3136577606], [-3212.67407227, 7.67865991592, 1492.15258789, -95.6571655273, -13.1472873688, -91.5686950684, -117.296127319, -64.9012451172, 154.788772583, 154.873275757, -34.71692276, 121.965385437, 63.4611587524], [1007.16394043, -242.393615723, -95.6571655273, 572.857666016, -9.93056201935, 33.2422409058, -12.909734726, 85.739112854, 58.7550086975, 68.353805542, 42.8889465332, 41.5965766907, 25.6675758362], [-1157.55822754, 138.100891113, -13.1472873688, -9.93056201935, 327.207183838, -55.0840377808, 10.2787160873, -31.3712215424, 56.3187828064, -25.3406105042, 46.8368530273, -24.1124153137, 13.3043718338], [1289.4954834, -268.839935303, -91.5686950684, 33.2422409058, -55.0840377808, 322.330749512, 98.9030838013, 54.6612930298, -41.596572876, 71.9327392578, 11.4316930771, 36.8120002747, -7.87322711945], [-76.4648208618, 1.51881110668, -117.296127319, -12.909734726, 10.2787160873, 98.9030838013, 232.32258606, 32.2742843628, -36.1311264038, -19.2452049255, 40.9735031128, 16.7209243774, 6.96534013748], [881.050415039, -162.340988159, -64.9012451172, 85.739112854, -31.3712215424, 54.6612930298, 32.2742843628, 185.863998413, 35.0774345398, 22.4924564362, -17.843629837, 28.6101722717, -0.535016953945], [-698.278747559, 5.08936595917, 154.788772583, 58.7550086975, 56.3187828064, -41.596572876, -36.1311264038, 35.0774345398, 158.569244385, 63.1201248169, 13.6246433258, 12.0129108429, 17.9162425995], [302.436462402, -172.15184021, 154.873275757, 68.353805542, -25.3406105042, 71.9327392578, -19.2452049255, 22.4924564362, 63.1201248169, 179.662826538, 23.4661045074, 56.4801826477, -5.80133295059], [-576.152770996, 68.1029663086, -34.71692276, 42.8889465332, 46.8368530273, 11.4316930771, 40.9735031128, -17.843629837, 13.6246433258, 23.4661045074, 150.469299316, 17.5050792694, 2.05762887001], [173.229568481, -120.129264832, 121.965385437, 41.5965766907, -24.1124153137, 36.8120002747, 16.7209243774, 28.6101722717, 12.0129108429, 56.4801826477, 17.5050792694, 113.469619751, 20.5724391937], [-364.453308105, 15.3136577606, 63.4611587524, 25.6675758362, 13.3043718338, -7.87322711945, 6.96534013748, -0.535016953945, 17.9162425995, -5.80133295059, 2.05762887001, 20.5724391937, 62.8656044006]],
        "icov": [[0.000180526651093, -0.000220072906814, 0.000380635668989, -0.000265985407168, 0.000249988923315, -0.000528227014001, 0.000472658372018, -0.000572421005927, 0.000647572916932, -0.000508608529344, 0.000798637687694, -0.000563928973861, 0.000575154146645], [-0.000220072906814, 0.00106175919063, -0.000488671415951, 0.000554347236175, -0.000337447301717, 0.0011067900341, -0.000769577163737, 0.0010360640008, -0.000998341129161, 0.00103123567533, -0.00143625785131, 0.00118507212028, -0.000924513093196], [0.000380635668989, -0.000488671415951, 0.00180764333345, -0.000263249821728, 0.00065582949901, -0.0008932275814, 0.00119494844694, -0.000683031219523, 0.000573194585741, -0.00167901790701, 0.00208237231709, -0.00216398038901, 0.000541250628885], [-0.000265985407168, 0.000554347236175, -0.000263249821728, 0.00262206839398, -0.000259205611655, 0.000925057043787, -0.000332200404955, 0.000133330599056, -0.0014225221239, 0.000222687333007, -0.0019177228678, 0.000673966831528, -0.00200504576787], [0.000249988923315, -0.000337447301717, 0.00065582949901, -0.000259205611655, 0.00411533657461, -0.000555248814635, 0.000309085269691, -7.94862644398e-05, -0.0010230782209, 0.000104725892015, 0.000114839371236, -0.000356246106094, 0.000413917354308], [-0.000528227014001, 0.0011067900341, -0.0008932275814, 0.000925057043787, -0.000555248814635, 0.00660034501925, -0.0032627042383, 0.000893956690561, -9.15702185011e-05, -0.00115103251301, -0.00233437330462, 0.00192383094691, -0.00212796777487], [0.000472658372018, -0.000769577163737, 0.00119494844694, -0.000332200404955, 0.000309085269691, -0.0032627042383, 0.00722697330639, -0.00262300064787, 0.00245419237763, -0.000151583823026, 0.000467057834612, -0.00234325299971, 0.000598024053033], [-0.000572421005927, 0.0010360640008, -0.000683031219523, 0.000133330599056, -7.94862644398e-05, 0.000893956690561, -0.00262300064787, 0.00947912503034, -0.0052659031935, 0.00266710482538, -0.000972847919911, -0.000165043020388, -0.000603040331043], [0.000647572916932, -0.000998341129161, 0.000573194585741, -0.0014225221239, -0.0010230782209, -9.15702185011e-05, 0.00245419237763, -0.0052659031935, 0.0136128524318, -0.00632199132815, 0.00225041317753, 0.00012148636597, -0.000688495172653], [-0.000508608529344, 0.00103123567533, -0.00167901790701, 0.000222687333007, 0.000104725892015, -0.00115103251301, -0.000151583823026, 0.00266710482538, -0.00632199132815, 0.0122450962663, -0.00359701178968, -0.00188648386393, 0.00194419093896], [0.000798637687694, -0.00143625785131, 0.00208237231709, -0.0019177228678, 0.000114839371236, -0.00233437330462, 0.000467057834612, -0.000972847919911, 0.00225041317753, -0.00359701178968, 0.0120839048177, -0.00422691786662, 0.00329847843386], [-0.000563928973861, 0.00118507212028, -0.00216398038901, 0.000673966831528, -0.000356246106094, 0.00192383094691, -0.00234325299971, -0.000165043020388, 0.00012148636597, -0.00188648386393, -0.00422691786662, 0.0153935439885, -0.0061819232069], [0.000575154146645, -0.000924513093196, 0.000541250628885, -0.00200504576787, 0.000413917354308, -0.00212796777487, 0.000598024053033, -0.000603040331043, -0.000688495172653, 0.00194419093896, 0.00329847843386, -0.0061819232069, 0.0216039624065]]
    },
    "melbands": {
        "mean": [0.00124684302136, 0.00299056619406, 0.00228869589046, 0.00206006760709, 0.000699791067746, 0.000288223789539, 0.00035570334876, 0.000272993172985, 0.000189687503735, 0.0001294517715, 0.000111915083835, 9.18707737583e-05, 7.73814026616e-05, 6.11125142314e-05, 6.30285721854e-05, 3.53969990101e-05, 3.23424610542e-05, 2.53552625509e-05, 2.24637406063e-05, 2.37964395637e-05, 2.561718793e-05, 2.39305973082e-05, 2.14842038986e-05, 1.21985340229e-05, 1.02075018731e-05, 1.56343594426e-05, 1.32368149934e-05, 8.61504668137e-06, 7.97779648565e-06, 5.54372127226e-06, 3.413592367e-06, 2.72378497357e-06, 2.58318755186e-06, 2.43759063778e-06, 2.43910994868e-06, 2.80664517049e-06, 2.75229149338e-06, 2.16955186261e-06, 1.45566650644e-06, 8.64796902533e-07]
    },
    "melbands128": {
        "mean": [0.000151126267156, 0.00073163228808, 0.00149345677346, 0.0026151840575, 0.00347256823443, 0.00313685275614, 0.00199913606048, 0.00187842699233, 0.00294134090655, 0.00237188464962, 0.00135887449142, 0.000934875570238, 0.000574695528485, 0.00033541303128, 0.000208385346923, 0.000321967207128, 0.000344434112776, 0.000377302465495, 0.000321946979966, 0.000378410768462, 0.000163546181284, 0.000199390735361, 0.000226404488785, 0.00013394751295, 0.000128904401208, 0.000111701367132, 0.000168774349731, 0.000111738838314, 5.45964721823e-05, 0.000117386807688, 8.0595316831e-05, 9.13550902624e-05, 0.000101545650978, 4.31728622061e-05, 4.74803855468e-05, 6.71116795274e-05, 8.72530217748e-05, 6.46524422336e-05, 5.2520979807e-05, 3.14054523187e-05, 2.27922027989e-05, 5.49691867491e-05, 3.82488542527e-05, 1.87891346286e-05, 1.58842012752e-05, 3.19371247315e-05, 3.10554860334e-05, 1.60435047292e-05, 2.06575168704e-05, 3.03166107187e-05, 2.08220772038e-05, 2.12449776882e-05, 2.84356083284e-05, 2.46344516199e-05, 2.63068486674e-05, 2.53081652772e-05, 1.91001308849e-05, 2.59348162217e-05, 2.21206610149e-05, 1.34080992211e-05, 1.10928376671e-05, 1.26264349092e-05, 8.50252672535e-06, 1.01654195532e-05, 1.12057678052e-05, 1.75879322342e-05, 1.66766658367e-05, 1.5158277165e-05, 1.29473201014e-05, 9.60984561971e-06, 8.25137067295e-06, 8.14271697891e-06, 8.91148647497e-06, 8.22477340989e-06, 6.56439488012e-06, 5.87999556956e-06, 5.15652982358e-06, 4.21765980718e-06, 3.11566645905e-06, 2.53520624938e-06, 2.85168880509e-06, 2.14093643081e-06, 3.78109371013e-06, 2.26576889872e-06, 2.21429309022e-06, 2.23148640544e-06, 2.60482465819e-06, 2.7096859867e-06, 2.35060019804e-06, 2.29973329624e-06, 2.5476481369e-06, 3.00417627841e-06, 3.12880456477e-06, 2.75997240351e-06, 2.58827526523e-06, 2.34075105254e-06, 2.12107079278e-06, 1.86089619092e-06, 1.54311874212e-06, 1.22574238048e-06, 9.83615336736e-07, 8.0700607441e-07, 7.11937730102e-07, 5.9629229554e-07, 4.840420047e-07, 4.08594019063e-07, 3.87567212101e-07, 4.71178168482e-07, 4.37202629655e-07, 2.60282689624e-07, 1.77331443751e-07, 1.41201724091e-07, 1.03360363823e-07, 7.62241043617e-08, 6.29135854524e-08, 4.78811799098e-08, 3.65293111315e-08, 3.55283269471e-08, 4.18102850119e-08, 3.68078723056e-08, 2.82329288837e-08, 1.97908178734e-08, 1.48076626516e-08, 1.10608473491e-08, 9.58579882138e-09, 8.35077251793e-09, 6.17379525281e-09, 2.81903944632e-09]
    },
    "mfcc": {
        "mean": [-666.198303223, 128.669784546, 13.0514478683, 37.9119949341, 9.49717903137, 1.27914464474, -1.09281075001, 0.879274606705, -6.71423482895, 0.822432219982, -10.7570877075, -2.23211479187, -3.07350492477],
        "cov": [[21062.515625, -2049.53881836, -1605.12780762, -77.4916305542, -612.436828613, 276.363098145, 433.284301758, 497.869506836, 248.140762329, 401.847167969, 153.249694824, 138.695907593, -76.0576705933], [-2049.53881836, 1755.43383789, 28.2721271515, -89.8416748047, 65.1031265259, -105.762420654, -40.7703857422, -51.9145507812, -80.0139160156, -64.7750930786, -78.4476623535, -69.4365081787, -21.7081260681], [-1605.12780762, 28.2721271515, 1114.88244629, 69.4419784546, 55.3789710999, 40.060798645, -143.636276245, -116.83656311, 71.7904510498, -70.7081451416, 4.49012613297, 58.9011230469, 43.0623245239], [-77.4916305542, -89.8416748047, 69.4419784546, 419.023773193, 113.281402588, -26.5359325409, -63.4417495728, 15.2544345856, 16.6012020111, 9.23644161224, 5.73519659042, 34.7004013062, 37.8966445923], [-612.436828613, 65.1031265259, 55.3789710999, 113.281402588, 287.018920898, -7.59599637985, -79.9492797852, -41.1495437622, 0.799762427807, 22.083864212, -0.554422974586, 13.4932794571, 16.677520752], [276.363098145, -105.762420654, 40.060798645, -26.5359325409, -7.59599637985, 217.563034058, 70.2526550293, -17.4787521362, 3.78875517845, -2.59124040604, 37.5722846985, 25.3980617523, 14.7192668915], [433.284301758, -40.7703857422, -143.636276245, -63.4417495728, -79.9492797852, 70.2526550293, 227.423522949, 84.9965591431, -25.8785686493, -3.00268650055, 14.5663347244, 9.02444171906, 1.18539488316], [497.869506836, -51.9145507812, -116.83656311, 15.2544345856, -41.1495437622, -17.4787521362, 84.9965591431, 157.324890137, 33.4754638672, 13.5612707138, 0.328460693359, 3.2954928875, 4.59103965759], [248.140762329, -80.0139160156, 71.7904510498, 16.6012020111, 0.799762427807, 3.78875517845, -25.8785686493, 33.4754638672, 132.425918579, 36.6707000732, 2.578602314, -0.542991518974, -5.81885528564], [401.847167969, -64.7750930786, -70.7081451416, 9.23644161224, 22.083864212, -2.59124040604, -3.00268650055, 13.5612707138, 36.6707000732, 111.41494751, 35.4446678162, 2.86011457443, -3.50045609474], [153.249694824, -78.4476623535, 4.49012613297, 5.73519659042, -0.554422974586, 37.5722846985, 14.5663347244, 0.328460693359, 2.578602314, 35.4446678162, 101.590484619, 49.1009292603, 20.0365581512], [138.695907593, -69.4365081787, 58.9011230469, 34.7004013062, 13.4932794571, 25.3980617523, 9.02444171906, 3.2954928875, -0.542991518974, 2.86011457443, 49.1009292603, 100.015136719, 44.2628669739], [-76.0576705933, -21.7081260681, 43.0623245239, 37.8966445923, 16.677520752, 14.7192668915, 1.18539488316, 4.59103965759, -5.81885528564, -3.50045609474, 20.0365581512, 44.2628669739, 88.7302398682]],
        "icov": [[7.22741751815e-05, 5.74010737182e-05, 9.16270946618e-05, -1.13681462608e-05, 0.000139643729199, -0.00010210252367, 3.87160289392e-05, -0.000106337138277, -5.82299871894e-05, -0.000191720275325, 0.000108213382191, -0.000191969171283, 9.20027159736e-05], [5.74010737182e-05, 0.000693025649525, 2.78750885627e-05, 0.000169820996234, -0.000120990909636, 0.000214978106669, -2.03887448151e-05, -7.1398280852e-06, 0.000245302624535, 6.36216718704e-05, 0.000251929304795, 0.000166184967384, -7.77751154146e-07], [9.16270946618e-05, 2.78750885627e-05, 0.00135149713606, -0.00011161043949, 0.000184034681297, -0.000320047081914, 0.000457783753518, 0.000705611775629, -0.00119451363571, 0.000820233952254, 7.71855338826e-05, -0.000860744854435, -0.000181025330676], [-1.13681462608e-05, 0.000169820996234, -0.00011161043949, 0.0029972975608, -0.00107903324533, 0.000201939590625, 0.000765536329709, -0.000958496297244, 0.000145981743117, 6.10981733189e-05, 0.000181740077096, -0.000545278249774, -0.000742540229112], [0.000139643729199, -0.000120990909636, 0.000184034681297, -0.00107903324533, 0.00477230455726, -0.000683540245518, 0.00127753033303, 0.000347228546161, 0.000298217113595, -0.001707122894, 0.000916128687095, -0.000946142477915, -0.000139679090353], [-0.00010210252367, 0.000214978106669, -0.000320047081914, 0.000201939590625, -0.000683540245518, 0.00651108054444, -0.00313330302015, 0.00256547378376, -0.00130145892035, 0.0012141300831, -0.00205847527832, 0.000349243055098, -0.000755199871492], [3.87160289392e-05, -2.03887448151e-05, 0.000457783753518, 0.000765536329709, 0.00127753033303, -0.00313330302015, 0.00840388517827, -0.0049486993812, 0.00264759524725, -0.000323760294123, 0.00020816376491, -0.000847957504448, 0.000439354247646], [-0.000106337138277, -7.1398280852e-06, 0.000705611775629, -0.000958496297244, 0.000347228546161, 0.00256547378376, -0.0049486993812, 0.0112266819924, -0.0042070383206, 0.000733469554689, 3.54976909875e-05, -6.93929250701e-05, -0.00125194527209], [-5.82299871894e-05, 0.000245302624535, -0.00119451363571, 0.000145981743117, 0.000298217113595, -0.00130145892035, 0.00264759524725, -0.0042070383206, 0.0111766634509, -0.0039669573307, 0.00123792735394, 0.000184778735274, 0.00107436149847], [-0.000191720275325, 6.36216718704e-05, 0.000820233952254, 6.10981733189e-05, -0.001707122894, 0.0012141300831, -0.000323760294123, 0.000733469554689, -0.0039669573307, 0.0135854035616, -0.00580453826115, 0.00216350913979, 2.01779912459e-05], [0.000108213382191, 0.000251929304795, 7.71855338826e-05, 0.000181740077096, 0.000916128687095, -0.00205847527832, 0.00020816376491, 3.54976909875e-05, 0.00123792735394, -0.00580453826115, 0.016215255484, -0.0075674392283, 0.000169529899722], [-0.000191969171283, 0.000166184967384, -0.000860744854435, -0.000545278249774, -0.000946142477915, 0.000349243055098, -0.000847957504448, -6.93929250701e-05, 0.000184778735274, 0.00216350913979, -0.0075674392283, 0.0176533516496, -0.00633848039433], [9.20027159736e-05, -7.77751154146e-07, -0.000181025330676, -0.000742540229112, -0.000139679090353, -0.000755199871492, 0.000439354247646, -0.00125194527209, 0.00107436149847, 2.01779912459e-05, 0.000169529899722, -0.00633848039433, 0.0151591263711]]
    },
    "spectral_contrast_coeffs": {
        "mean": [-0.655328094959, -0.729377865791, -0.741718828678, -0.781593382359, -0.782913506031, -0.779584646225]
    },
    "spectral_contrast_valleys": {
        "mean": [-6.58628320694, -7.12564849854, -8.10036754608, -8.17680740356, -7.88440847397, -10.5682601929]
    }
},
"rhythm": {
    "beats_count": 433,
    "beats_loudness": {
        "mean": 0.0442980900407
    },
    "bpm": 139.844390869,
    "bpm_histogram_first_peak_bpm": 140,
    "bpm_histogram_first_peak_weight": 0.349367082119,
    "bpm_histogram_second_peak_bpm": 133,
    "bpm_histogram_second_peak_spread": 0.16666662693,
    "bpm_histogram_second_peak_weight": 0.0347222238779,
    "danceability": 1.00419092178,
    "onset_rate": 3.99729418755,
    "beats_loudness_band_ratio": {
        "mean": [0.530592441559, 0.297239214182, 0.113842315972, 0.0666821449995, 0.0524974539876, 0.0550880357623]
    },
    "beats_position": [0.429569154978, 0.859138309956, 1.28870749474, 1.74149656296, 2.20589566231, 2.67029476166, 3.11147379875, 3.56426286697, 4.01705217361, 4.46984100342, 4.92263031006, 5.36380958557, 5.81659841537, 6.26938772202, 6.72217655182, 7.17496585846, 7.6277551651, 8.08054447174, 8.54494285583, 8.99773216248, 9.45052146912, 9.90331077576, 10.3560991287, 10.7972784042, 11.2384576797, 11.6796369553, 12.1208162308, 12.5619955063, 13.0031747818, 13.4443531036, 13.873922348, 14.3034915924, 14.7330608368, 15.1626300812, 15.6038093567, 16.0333786011, 16.4629478455, 16.904127121, 17.3336963654, 17.7632656097, 18.1928348541, 18.6224040985, 19.0519733429, 19.4815406799, 19.9111099243, 20.3290691376, 20.758638382, 21.1765975952, 21.5945568085, 22.0125160217, 22.4536952972, 22.8948745728, 23.3244438171, 23.7540130615, 24.195192337, 24.6363716125, 25.0775508881, 25.5187301636, 25.948299408, 26.3778686523, 26.8074378967, 27.2370071411, 27.6781845093, 28.1077537537, 28.537322998, 28.9668922424, 29.3964614868, 29.8260307312, 30.2555999756, 30.6735591888, 31.1147384644, 31.5443077087, 31.9738769531, 32.391834259, 32.8214035034, 33.239364624, 33.6689338684, 34.0985031128, 34.5280723572, 34.9460296631, 35.3639907837, 35.7819480896, 36.211517334, 36.6410865784, 37.0706558228, 37.5002250671, 37.9181861877, 38.3361434937, 38.7541046143, 39.1720619202, 39.6016311646, 40.0312004089, 40.4491615295, 40.8671188354, 41.2966880798, 41.7262573242, 42.1558265686, 42.585395813, 43.0149650574, 43.4445343018, 43.8741035461, 44.2920608521, 44.7216300964, 45.1511993408, 45.5691604614, 45.9987297058, 46.4166870117, 46.8346481323, 47.2642173767, 47.7053947449, 48.1465759277, 48.5761451721, 49.0057144165, 49.4352836609, 49.8648529053, 50.2944221497, 50.7355995178, 51.1767807007, 51.6179580688, 52.0475273132, 52.4770965576, 52.9182739258, 53.3478431702, 53.7774124146, 54.2069816589, 54.6365509033, 55.0661201477, 55.4956893921, 55.9252586365, 56.3548278809, 56.7960090637, 57.2371864319, 57.6783676147, 58.1079368591, 58.5375061035, 58.9670753479, 59.3966445923, 59.8262138367, 60.2673912048, 60.6969604492, 61.1265296936, 61.556098938, 61.9856681824, 62.4152374268, 62.8564147949, 63.2859840393, 63.7155532837, 64.1451263428, 64.5746917725, 65.0158691406, 65.4454421997, 65.8750076294, 66.316192627, 66.7573699951, 67.1869354248, 67.6165084839, 68.0576858521, 68.4756469727, 68.9052124023, 69.3347854614, 69.7759628296, 70.2171401978, 70.6467132568, 71.0762786865, 71.5058517456, 71.9354171753, 72.3533782959, 72.7829437256, 73.2125167847, 73.6536941528, 74.0832672119, 74.5128326416, 74.9424057007, 75.3719711304, 75.789932251, 76.2194976807, 76.6490707397, 77.0670318604, 77.49659729, 77.9261627197, 78.3441238403, 78.7620849609, 79.1916503906, 79.6212234497, 80.0391845703, 80.4571380615, 80.8750991821, 81.3046722412, 81.7342376709, 82.1521987915, 82.5817642212, 83.0113372803, 83.4292984009, 83.8588638306, 84.2884368896, 84.7180023193, 85.1475753784, 85.5655288696, 85.9834899902, 86.4130630493, 86.842628479, 87.2838058472, 87.7133789062, 88.1429443359, 88.5841217041, 89.0253067017, 89.4664840698, 89.8960494995, 90.3256225586, 90.7667999268, 91.2079772949, 91.637550354, 92.0671157837, 92.4966888428, 92.9262542725, 93.36743927, 93.7970046997, 94.2265777588, 94.667755127, 95.1089324951, 95.5501098633, 95.9912872314, 96.4208602905, 96.8504257202, 97.2916107178, 97.7211761475, 98.1507492065, 98.5803146362, 98.9982757568, 99.4278411865, 99.8458023071, 100.286979675, 100.716552734, 101.146118164, 101.575691223, 102.005256653, 102.423217773, 102.841178894, 103.270744324, 103.700317383, 104.129882812, 104.559455872, 104.989021301, 105.41859436, 105.836547852, 106.254508972, 106.684082031, 107.113647461, 107.54322052, 107.97278595, 108.402359009, 108.831924438, 109.249885559, 109.66784668, 110.097412109, 110.526985168, 110.94493866, 111.374511719, 111.804077148, 112.245262146, 112.674827576, 113.104400635, 113.533966064, 113.963539124, 114.381492615, 114.811065674, 115.240631104, 115.670204163, 116.099769592, 116.517730713, 116.947296143, 117.376869202, 117.806434631, 118.23600769, 118.66557312, 119.095146179, 119.524711609, 119.954284668, 120.383850098, 120.813423157, 121.231384277, 121.649337769, 122.078910828, 122.508476257, 122.938049316, 123.356010437, 123.785575867, 124.215148926, 124.644714355, 125.074279785, 125.515464783, 125.945030212, 126.374603271, 126.804168701, 127.23374176, 127.66330719, 128.081268311, 128.499221802, 128.92880249, 129.35836792, 129.78793335, 130.217498779, 130.647079468, 131.065032959, 131.494598389, 131.912567139, 132.342132568, 132.771697998, 133.201263428, 133.630844116, 134.060409546, 134.501586914, 134.931152344, 135.349105835, 135.778686523, 136.208251953, 136.649429321, 137.078994751, 137.508575439, 137.938140869, 138.367706299, 138.78565979, 139.215240479, 139.644805908, 140.062759399, 140.492340088, 140.921905518, 141.351470947, 141.781036377, 142.199005127, 142.616958618, 143.046524048, 143.476104736, 143.905670166, 144.335235596, 144.764801025, 145.194366455, 145.612335205, 146.041900635, 146.471466064, 146.901046753, 147.330612183, 147.771789551, 148.212966919, 148.642532349, 149.072113037, 149.501678467, 149.931243896, 150.360809326, 150.790390015, 151.219955444, 151.649520874, 152.067474365, 152.485443115, 152.915008545, 153.344573975, 153.785751343, 154.226928711, 154.656509399, 155.086074829, 155.515640259, 155.933609009, 156.363174438, 156.792739868, 157.222305298, 157.651885986, 158.081451416, 158.511016846, 158.940582275, 159.370162964, 159.799728394, 160.217681885, 160.647247314, 161.076828003, 161.494781494, 161.924346924, 162.353912354, 162.771881104, 163.201446533, 163.631011963, 164.048980713, 164.478546143, 164.908111572, 165.326080322, 165.744033813, 166.173599243, 166.603164673, 167.021133423, 167.439086914, 167.857055664, 168.286621094, 168.716186523, 169.134140015, 169.552108765, 169.981674194, 170.411239624, 170.840820312, 171.270385742, 171.699951172, 172.129516602, 172.547485352, 172.965438843, 173.383392334, 173.801361084, 174.219314575, 174.648880005, 175.078460693, 175.508026123, 175.937591553, 176.367156982, 176.808334351, 177.249526978, 177.690704346, 178.131881714, 178.491790771, 178.851699829, 179.211608887, 179.571517944, 179.954650879, 180.349380493, 180.744125366, 181.150466919, 181.545211792, 181.951568604, 182.357910156, 182.764266968, 183.124176025, 183.495681763, 183.85559082, 184.227111816, 184.587020874, 184.946929932, 185.306838989],
    "bpm_histogram": [0, 0, 0, 0, 0, 0, 0, 0, 0, 0, 0, 0, 0, 0, 0, 0, 0, 0, 0, 0, 0, 0, 0, 0, 0, 0, 0, 0, 0, 0, 0, 0, 0, 0, 0, 0, 0, 0, 0, 0, 0, 0, 0, 0, 0, 0, 0, 0, 0, 0, 0, 0, 0, 0, 0, 0, 0, 0, 0, 0, 0, 0, 0, 0, 0, 0, 0, 0, 0, 0, 0, 0, 0, 0, 0, 0, 0, 0, 0, 0, 0, 0, 0, 0, 0, 0, 0, 0, 0, 0, 0, 0, 0, 0, 0, 0, 0, 0, 0, 0, 0, 0, 0, 0, 0, 0, 0, 0, 0, 0, 0, 0, 0, 0, 0, 0, 0, 0, 0, 0, 0, 0, 0, 0, 0, 0, 0, 0, 0, 0.00694444449618, 0, 0, 0, 0.0347222238779, 0, 0, 0.143518522382, 0, 0, 0, 0.594907402992, 0, 0, 0, 0.175925925374, 0, 0, 0, 0.00925925932825, 0, 0, 0, 0.00694444449618, 0, 0, 0, 0, 0.00231481483206, 0, 0, 0, 0.00231481483206, 0.00231481483206, 0, 0, 0, 0, 0.0208333339542, 0, 0, 0, 0, 0, 0, 0, 0, 0, 0, 0, 0, 0, 0, 0, 0, 0, 0, 0, 0, 0, 0, 0, 0, 0, 0, 0, 0, 0, 0, 0, 0, 0, 0, 0, 0, 0, 0, 0, 0, 0, 0, 0, 0, 0, 0, 0, 0, 0, 0, 0, 0, 0, 0, 0, 0, 0, 0, 0, 0, 0, 0, 0, 0, 0, 0, 0, 0, 0, 0, 0, 0, 0, 0, 0, 0, 0, 0, 0, 0, 0, 0]
},
"tonal": {
    "chords_changes_rate": 0.0644355639815,
    "chords_number_rate": 0.00299700303003,
    "chords_strength": {
        "mean": 0.494482904673
    },
    "hpcp_crest": {
        "mean": 13.9934101105
    },
    "hpcp_entropy": {
        "mean": 1.89461278915
    },
    "key_edma": {
        "strength": 0.771332204342,
        "key": "C",
        "scale": "major"
    },
    "key_krumhansl": {
        "strength": 0.772872269154,
        "key": "C",
        "scale": "major"
    },
    "key_temperley": {
        "strength": 0.77481675148,
        "key": "C",
        "scale": "major"
    },
    "tuning_diatonic_strength": 0.631132125854,
    "tuning_equal_tempered_deviation": 0.018795741722,
    "tuning_frequency": 438.731048584,
    "tuning_nontempered_energy_ratio": 0.669216930866,
    "hpcp": {
        "mean": [0.313795000315, 0.178797885776, 0.0476613119245, 0.0386911705136, 0.0440415963531, 0.103554338217, 0.167583808303, 0.125996246934, 0.162419840693, 0.203178346157, 0.0976359769702, 0.0438650138676, 0.0483029000461, 0.0444412305951, 0.090627387166, 0.153659909964, 0.115232340991, 0.0577641502023, 0.0517724938691, 0.0538209527731, 0.115238763392, 0.178878739476, 0.128049641848, 0.0670614540577, 0.0531537756324, 0.043886307627, 0.0598256774247, 0.0831197574735, 0.0877403914928, 0.232273429632, 0.386868238449, 0.233304411173, 0.0654237866402, 0.0568863674998, 0.0707954242826, 0.206987604499]
    },
    "chords_histogram": [21.7532463074, 7.49250745773, 17.7822170258, 5.66933059692, 12.5874128342, 0, 8.96603393555, 0, 1.12387609482, 0.349650353193, 1.62337660789, 0, 0, 0, 0, 0, 0, 4.52047967911, 0, 1.89810192585, 0, 5.74425554276, 0.0999000966549, 10.3896102905],
    "thpcp": [1, 0.603059113026, 0.169111296535, 0.147043257952, 0.182996213436, 0.535033881664, 0.811115980148, 0.46216738224, 0.12319778651, 0.100011236966, 0.113841332495, 0.267673403025, 0.433180570602, 0.325682580471, 0.419832438231, 0.525187432766, 0.252375274897, 0.113384895027, 0.124856203794, 0.114874333143, 0.234259054065, 0.397189259529, 0.297859400511, 0.149312213063, 0.133824616671, 0.139119595289, 0.297876000404, 0.462376385927, 0.330990314484, 0.173344433308, 0.137395039201, 0.113439932466, 0.154640957713, 0.214852884412, 0.226796582341, 0.600394129753],
    "chords_key": "C",
    "chords_scale": "major"
}
}