{
"metadata": {
    "version": {
        "essentia": "2.1-beta6-dev",
        "essentia_git_sha": "v2.1_beta5-1177-g1d1cc983",
        "extractor": "music 2.0"
    },
    "audio_properties": {
        "analysis": {
            "equal_loudness": 0,
            "length": 194.320007324,
            "sample_rate": 44100,
            "start_time": 0,
            "downmix": "mix"
        },
        "bit_rate": 1411200,
        "length": 194.320007324,
        "lossless": 1,
        "number_channels": 2,
        "replay_gain": -15.4038829803,
        "sample_rate": 44100,
        "codec": "pcm_s16le",
        "md5_encoded": "923e6856a4e1d41e2ea0d49c9359aba5"
    },
    "tags": {
        "file_name": "08 - The Front Bottoms - Ginger.wav",
        "album": ["Back on Top"],
        "albumartist": ["The Front Bottoms"],
        "artist": ["The Front Bottoms"],
        "copyright": ["© 2015 Fueled By Ramen LLC for the United States and WEA International Inc. for the world outside of the United States. A Warner Music Group Company ℗ 2015 Fueled By Ramen LLC"],
        "date": ["2015"],
        "discnumber": ["1"],
        "disctotal": ["1"],
        "genre": ["Alternative & Indie"],
        "isrc": ["USAT21502135"],
        "title": ["Ginger"],
        "tracknumber": ["8"],
        "tracktotal": ["11"]
    }
},
"lowlevel": {
    "average_loudness": 0.951698184013,
    "barkbands_crest": {
        "mean": 12.310918808
    },
    "barkbands_flatness_db": {
        "mean": 0.119258590043
    },
    "barkbands_kurtosis": {
        "mean": 3.30088424683
    },
    "barkbands_skewness": {
        "mean": 1.58996558189
    },
    "barkbands_spread": {
        "mean": 36.5570907593
    },
    "dissonance": {
        "mean": 0.478536278009
    },
    "dynamic_complexity": 2.74276971817,
    "erbbands_crest": {
        "mean": 7.04074907303
    },
    "erbbands_flatness_db": {
        "mean": 0.126518726349
    },
    "erbbands_kurtosis": {
        "mean": 0.0706408247352
    },
    "erbbands_skewness": {
        "mean": -0.384099811316
    },
    "erbbands_spread": {
        "mean": 47.2022781372
    },
    "hfc": {
        "mean": 38.2548599243
    },
    "loudness_ebu128": {
        "integrated": -5.84859991074,
        "loudness_range": 3.16393613815,
        "momentary": {
            "mean": -7.3216047287
        },
        "short_term": {
            "mean": -6.5359416008
        }
    },
    "melbands_crest": {
        "mean": 17.9696502686
    },
    "melbands_flatness_db": {
        "mean": 0.181094169617
    },
    "melbands_kurtosis": {
        "mean": 18.5377960205
    },
    "melbands_skewness": {
        "mean": 3.52722096443
    },
    "melbands_spread": {
        "mean": 30.3228702545
    },
    "pitch_salience": {
        "mean": 0.453300386667
    },
    "silence_rate_20dB": {
        "mean": 1
    },
    "silence_rate_30dB": {
        "mean": 0.977299869061
    },
    "silence_rate_60dB": {
        "mean": 0.0485065728426
    },
    "spectral_centroid": {
        "mean": 2058.43286133
    },
    "spectral_complexity": {
        "mean": 28.5667858124
    },
    "spectral_decrease": {
        "mean": -1.07676516592e-08
    },
    "spectral_energy": {
        "mean": 0.044109493494
    },
    "spectral_energyband_high": {
        "mean": 0.00289169047028
    },
    "spectral_energyband_low": {
        "mean": 0.0266793686897
    },
    "spectral_energyband_middle_high": {
        "mean": 0.00703540723771
    },
    "spectral_energyband_middle_low": {
        "mean": 0.00819545611739
    },
    "spectral_entropy": {
        "mean": 7.91091060638
    },
    "spectral_flux": {
        "mean": 0.0972641482949
    },
    "spectral_kurtosis": {
        "mean": 2.73140192032
    },
    "spectral_rms": {
        "mean": 0.00618567690253
    },
    "spectral_rolloff": {
        "mean": 2134.18066406
    },
    "spectral_skewness": {
        "mean": 1.12205600739
    },
    "spectral_spread": {
        "mean": 5009980
    },
    "spectral_strongpeak": {
        "mean": 0.588100254536
    },
    "zerocrossingrate": {
        "mean": 0.0766621977091
    },
    "barkbands": {
        "mean": [0.000277346989606, 0.0199711564928, 0.00580692617223, 0.00163325970061, 0.00268612336367, 0.00140647462104, 0.000550165132154, 0.000758114445489, 0.00105215224903, 0.000762567098718, 0.000759357004426, 0.00048259270261, 0.000575750251301, 0.000422850775067, 0.000425034377258, 0.00117982842494, 0.000830326171126, 0.000526430550963, 0.000763524498325, 0.000637945719063, 0.000629920104984, 0.000653192983009, 0.000506698444951, 0.000574218342081, 0.000171576524735, 5.73332581553e-05, 8.04817318567e-06]
    },
    "erbbands": {
        "mean": [0.428895324469, 4.89047145844, 8.78597927094, 4.80373001099, 9.20496845245, 6.62061882019, 11.0103435516, 11.9599914551, 9.28128242493, 9.30427837372, 18.9407939911, 23.8104019165, 21.6743831635, 27.5770740509, 27.4242191315, 17.7769527435, 26.0085029602, 21.2942752838, 24.1734809875, 30.5571994781, 70.4936752319, 52.2361450195, 30.3148937225, 30.7985267639, 43.579120636, 27.7004261017, 25.9515304565, 25.5598659515, 23.272228241, 18.3685894012, 13.8264484406, 13.662478447, 8.02624797821, 2.36769104004, 1.08443713188, 0.365927755833, 0.0848511010408, 0.0132805574685, 0.00132250518072, 0.000122790195746]
    },
    "gfcc": {
        "mean": [36.0330619812, 64.6388244629, -114.243110657, 53.1856155396, -50.666557312, 23.0571498871, -29.1909656525, 13.5296926498, -14.9867925644, 0.949000835419, -14.0184850693, 2.76863694191, -5.9624414444],
        "cov": [[12430.5517578, -736.575927734, 135.065963745, 1375.21618652, -266.411987305, 1084.38317871, 24.2933883667, 656.244873047, -122.733276367, 193.297592163, -408.770050049, 162.347640991, -114.627342224], [-736.575927734, 1179.6003418, -189.305282593, -128.034179688, 206.28302002, -190.539855957, 46.2932472229, -110.778495789, 74.6940307617, -55.961063385, 134.091751099, -20.360212326, 42.6746520996], [135.065963745, -189.305282593, 727.803588867, 263.810882568, 162.694335938, 151.164840698, 75.7669754028, 66.3372421265, 4.95415687561, 63.1493148804, -39.5566329956, 26.7948074341, -16.9354705811], [1375.21618652, -128.034179688, 263.810882568, 546.434997559, 109.895240784, 219.693023682, 76.2128677368, 109.994194031, 32.7825622559, 33.4424209595, -58.6024551392, 3.64762163162, -4.65859222412], [-266.411987305, 206.28302002, 162.694335938, 109.895240784, 311.794311523, 47.1928977966, 100.776733398, 20.2102375031, 48.6288833618, 30.3212680817, 4.44966220856, 17.9386234283, 26.9547367096], [1084.38317871, -190.539855957, 151.164840698, 219.693023682, 47.1928977966, 328.95892334, 117.230583191, 108.876678467, 16.7185001373, 36.9369544983, -23.4966487885, 29.9600830078, 10.0639619827], [24.2933883667, 46.2932472229, 75.7669754028, 76.2128677368, 100.776733398, 117.230583191, 178.924377441, 55.2333602905, 29.1405353546, 20.2212924957, 4.27325344086, 16.0444946289, 12.2950582504], [656.244873047, -110.778495789, 66.3372421265, 109.994194031, 20.2102375031, 108.876678467, 55.2333602905, 151.411895752, 40.8569374084, 29.2691612244, -21.8272705078, 8.94385528564, -11.9974365234], [-122.733276367, 74.6940307617, 4.95415687561, 32.7825622559, 48.6288833618, 16.7185001373, 29.1405353546, 40.8569374084, 99.9313201904, 35.1439170837, 27.8656234741, 3.24327015877, 9.4103603363], [193.297592163, -55.961063385, 63.1493148804, 33.4424209595, 30.3212680817, 36.9369544983, 20.2212924957, 29.2691612244, 35.1439170837, 93.7255783081, 12.6786298752, 27.1788635254, 8.00189971924], [-408.770050049, 134.091751099, -39.5566329956, -58.6024551392, 4.44966220856, -23.4966487885, 4.27325344086, -21.8272705078, 27.8656234741, 12.6786298752, 113.732803345, 28.0165977478, 19.148733139], [162.347640991, -20.360212326, 26.7948074341, 3.64762163162, 17.9386234283, 29.9600830078, 16.0444946289, 8.94385528564, 3.24327015877, 27.1788635254, 28.0165977478, 85.6835403442, 41.522605896], [-114.627342224, 42.6746520996, -16.9354705811, -4.65859222412, 26.9547367096, 10.0639619827, 12.2950582504, -11.9974365234, 9.4103603363, 8.00189971924, 19.148733139, 41.522605896, 77.8389511108]],
        "icov": [[0.000356573669706, -0.000461158168036, 0.000344146304997, -0.000660981750116, 0.000521678011864, -0.000970280379988, 0.000826180796139, -0.0010267177131, 0.00103120238055, -0.00091624900233, 0.00116627989337, -0.00119423982687, 0.000788963050582], [-0.000461158168036, 0.00218150997534, -9.36630531214e-05, 0.00075350550469, -0.00181900546886, 0.00199375604279, -0.0016106357798, 0.001958867535, -0.00213419715874, 0.00228313868865, -0.00299293943681, 0.00213629356585, -0.00130194262601], [0.000344146304997, -9.36630531214e-05, 0.00239479145966, -0.00128879526164, -0.000621322717052, -0.00105650885962, 0.000742525269743, -0.00083095440641, 0.00156263948884, -0.00160012918059, 0.00104789505713, -0.00163964054082, 0.00170088955201], [-0.000660981750116, 0.00075350550469, -0.00128879526164, 0.00432511745021, -0.00150900764856, 0.000117841562314, -0.000885980552994, 0.00115344754886, -0.00251687224954, 0.00188666302711, -0.00111274793744, 0.00259965262376, -0.00158568250481], [0.000521678011864, -0.00181900546886, -0.000621322717052, -0.00150900764856, 0.00653558271006, -0.00105229695328, -0.00103847018909, -0.00100221426692, 0.000215996289626, -0.00223664124496, 0.0031331453938, -0.00220088241622, 2.95038917102e-05], [-0.000970280379988, 0.00199375604279, -0.00105650885962, 0.000117841562314, -0.00105229695328, 0.00904746446759, -0.00544967921451, 0.000794120889623, -0.00194484123494, 0.00228264997713, -0.00380626949482, 0.002718801843, -0.0030803962145], [0.000826180796139, -0.0016106357798, 0.000742525269743, -0.000885980552994, -0.00103847018909, -0.00544967921451, 0.011309960857, -0.00406098784879, 0.00221515097655, -0.00204288843088, 0.00246539269574, -0.00276523921639, 0.00167082436383], [-0.0010267177131, 0.001958867535, -0.00083095440641, 0.00115344754886, -0.00100221426692, 0.000794120889623, -0.00406098784879, 0.0145475165918, -0.00811566691846, 0.00254053156823, -0.00130221084692, 0.0013622000115, 0.000744077435229], [0.00103120238055, -0.00213419715874, 0.00156263948884, -0.00251687224954, 0.000215996289626, -0.00194484123494, 0.00221515097655, -0.00811566691846, 0.0195056051016, -0.00811895448714, -0.000507545890287, 0.000270882010227, -8.92798416317e-05], [-0.00091624900233, 0.00228313868865, -0.00160012918059, 0.00188666302711, -0.00223664124496, 0.00228264997713, -0.00204288843088, 0.00254053156823, -0.00811895448714, 0.017780020833, -0.00401595188305, -0.00108692923095, -0.000921073078644], [0.00116627989337, -0.00299293943681, 0.00104789505713, -0.00111274793744, 0.0031331453938, -0.00380626949482, 0.00246539269574, -0.00130221084692, -0.000507545890287, -0.00401595188305, 0.0172380134463, -0.00876965746284, 0.0032484382391], [-0.00119423982687, 0.00213629356585, -0.00163964054082, 0.00259965262376, -0.00220088241622, 0.002718801843, -0.00276523921639, 0.0013622000115, 0.000270882010227, -0.00108692923095, -0.00876965746284, 0.0240760818124, -0.0126805016771], [0.000788963050582, -0.00130194262601, 0.00170088955201, -0.00158568250481, 2.95038917102e-05, -0.0030803962145, 0.00167082436383, 0.000744077435229, -8.92798416317e-05, -0.000921073078644, 0.0032484382391, -0.0126805016771, 0.0213073194027]]
    },
    "melbands": {
        "mean": [0.00481900433078, 0.0051924851723, 0.00102961715311, 0.000567543378565, 0.000371443427866, 0.00026556593366, 0.000128461615532, 0.000119606527733, 0.000161067917361, 0.000149008643348, 0.000110204964585, 0.000115058865049, 9.32598049985e-05, 5.77778373554e-05, 4.89249687234e-05, 6.25810134807e-05, 3.61841484846e-05, 4.01649267587e-05, 3.13852469844e-05, 6.15664175712e-05, 8.22950169095e-05, 5.72637291043e-05, 3.25003347825e-05, 2.16392145376e-05, 2.42984733632e-05, 3.26223962475e-05, 2.77269555227e-05, 1.62984906638e-05, 1.64168050105e-05, 1.36865919558e-05, 1.55317920871e-05, 1.35865357151e-05, 1.13477271952e-05, 9.73190253717e-06, 7.77906734584e-06, 8.27114763524e-06, 8.43283851282e-06, 6.52518747302e-06, 3.02580019707e-06, 1.60749220868e-06]
    },
    "melbands128": {
        "mean": [0.000268441770459, 0.00255443272181, 0.00699437223375, 0.00868308730423, 0.00590922497213, 0.00219088373706, 0.000775003572926, 0.000922867446207, 0.00107178394683, 0.000499935646076, 0.000272737961495, 0.000403903744882, 0.000396672898205, 0.000335952645401, 0.000313172698952, 0.000182844465598, 0.000177662543138, 0.000120876524306, 6.75439223414e-05, 7.52574778744e-05, 0.000174029089976, 0.000179565700819, 0.000139848067192, 0.000180785529665, 0.00014587311307, 0.000168030645, 7.44400749682e-05, 7.67275560065e-05, 0.00018730390002, 9.2624759418e-05, 0.000112338282634, 0.000110793633212, 7.28765735403e-05, 0.000107014580863, 7.67750461819e-05, 3.4997912735e-05, 2.95043482765e-05, 7.22478580428e-05, 3.57447424904e-05, 5.89466071688e-05, 8.61415828695e-05, 3.60694648407e-05, 3.08257294819e-05, 3.19380269502e-05, 5.42317320651e-05, 4.1149007302e-05, 2.72297911579e-05, 3.25241526298e-05, 3.37330093316e-05, 2.70816472039e-05, 6.78210271872e-05, 8.26483228593e-05, 0.000121383796795, 5.93028307776e-05, 4.78529946122e-05, 7.65522418078e-05, 4.6111366828e-05, 2.57293086179e-05, 3.5603705328e-05, 2.86793747364e-05, 1.55390498549e-05, 2.02217106562e-05, 2.58522068179e-05, 2.12904706132e-05, 2.994319766e-05, 3.30953153025e-05, 3.60964440915e-05, 3.17621233989e-05, 2.91906781058e-05, 1.47230221046e-05, 1.65129968082e-05, 1.72459895111e-05, 1.38929408422e-05, 1.82834392035e-05, 1.65445871971e-05, 1.35321633934e-05, 1.13934102046e-05, 1.56731821335e-05, 1.59888404596e-05, 1.62642299983e-05, 1.33161447593e-05, 1.25958449644e-05, 1.32887571453e-05, 9.91011802398e-06, 1.19469177662e-05, 9.57166321314e-06, 9.24304640648e-06, 9.48231900111e-06, 7.27173664927e-06, 6.72621717968e-06, 8.14037684904e-06, 8.48821764521e-06, 8.87116402737e-06, 8.55239068187e-06, 7.89488512964e-06, 8.51391996548e-06, 5.78248227612e-06, 4.84020711156e-06, 2.90170987682e-06, 2.34385720432e-06, 1.68567930814e-06, 1.5604488226e-06, 1.33389733037e-06, 1.51217761868e-06, 1.2350075167e-06, 1.09005748072e-06, 8.98957011941e-07, 7.42164843359e-07, 6.06536445957e-07, 4.67375116386e-07, 4.10777261095e-07, 3.1733452488e-07, 2.44988797249e-07, 1.80281645612e-07, 1.20327200648e-07, 1.07180916586e-07, 8.70718110946e-08, 8.30983708511e-08, 5.10720816749e-08, 3.63963508221e-08, 2.59191583751e-08, 2.25760654615e-08, 1.83108888052e-08, 1.36008422302e-08, 1.14869473933e-08, 9.43404199205e-09, 8.6612201855e-09, 9.16321862832e-09]
    },
    "mfcc": {
        "mean": [-602.108093262, 87.2027893066, 3.00744867325, 32.354850769, 9.0653924942, 13.6563978195, 2.49323177338, 13.6763429642, 6.59783267975, 5.91849803925, -3.07661342621, 3.68761706352, 1.95612990856],
        "cov": [[10691.9492188, -1270.50048828, 727.536743164, 503.701629639, 261.803344727, 458.944854736, 292.836883545, 494.554229736, 475.054260254, 281.851104736, -17.3930740356, 109.372314453, 30.7378005981], [-1270.50048828, 1211.29919434, -293.927490234, 30.4638462067, 19.8552837372, -78.0077362061, -34.9554214478, -70.7286148071, -102.364997864, -76.8268814087, 41.9801216125, -6.61658668518, 19.0248641968], [727.536743164, -293.927490234, 542.351379395, 131.207595825, 109.106666565, 128.078414917, 88.8988342285, 74.3067092896, 71.6877365112, 44.6524200439, 21.4115180969, 39.4790878296, 18.4690475464], [503.701629639, 30.4638462067, 131.207595825, 337.676757812, 131.933120728, 98.6398391724, 43.6907958984, 45.1068534851, 72.8553466797, 36.2162322998, 11.255194664, 25.7820148468, 32.4898719788], [261.803344727, 19.8552837372, 109.106666565, 131.933120728, 193.035675049, 80.9147338867, 44.7249412537, 43.643157959, 52.7563743591, 33.3836288452, 18.6527004242, 21.4235973358, 22.2301292419], [458.944854736, -78.0077362061, 128.078414917, 98.6398391724, 80.9147338867, 217.685287476, 107.231071472, 66.0718154907, 94.5438156128, 20.4507369995, 17.7038249969, 37.7320137024, 24.6786003113], [292.836883545, -34.9554214478, 88.8988342285, 43.6907958984, 44.7249412537, 107.231071472, 154.213317871, 82.9636001587, 69.2784729004, 15.3903512955, 25.0978012085, 25.8798313141, 18.9588737488], [494.554229736, -70.7286148071, 74.3067092896, 45.1068534851, 43.643157959, 66.0718154907, 82.9636001587, 138.08644104, 72.3332672119, 36.4836578369, 18.44805336, 25.2979049683, 12.8914871216], [475.054260254, -102.364997864, 71.6877365112, 72.8553466797, 52.7563743591, 94.5438156128, 69.2784729004, 72.3332672119, 155.630340576, 49.2401237488, 17.8122386932, 25.9562625885, 23.8070297241], [281.851104736, -76.8268814087, 44.6524200439, 36.2162322998, 33.3836288452, 20.4507369995, 15.3903512955, 36.4836578369, 49.2401237488, 96.1441421509, 31.1443386078, 19.925245285, 7.84981966019], [-17.3930740356, 41.9801216125, 21.4115180969, 11.255194664, 18.6527004242, 17.7038249969, 25.0978012085, 18.44805336, 17.8122386932, 31.1443386078, 79.5073165894, 31.4152679443, 10.2305583954], [109.372314453, -6.61658668518, 39.4790878296, 25.7820148468, 21.4235973358, 37.7320137024, 25.8798313141, 25.2979049683, 25.9562625885, 19.925245285, 31.4152679443, 69.3162078857, 32.6676712036], [30.7378005981, 19.0248641968, 18.4690475464, 32.4898719788, 22.2301292419, 24.6786003113, 18.9588737488, 12.8914871216, 23.8070297241, 7.84981966019, 10.2305583954, 32.6676712036, 65.1946563721]],
        "icov": [[0.000137716444442, 8.89050279511e-05, -4.10833235946e-05, -0.00012657220941, 3.84097074857e-05, -8.4203966253e-05, 7.40445102565e-05, -0.00032869487768, -0.000105576647911, -0.000144518562593, 0.000162903568707, -5.34773716936e-05, 0.000103269572719], [8.89050279511e-05, 0.00124735885765, 0.00067363679409, -0.000482833333081, -0.000474272470456, 0.00018204083608, -0.000233548256801, -2.70174678008e-05, 0.000516310101375, 0.000859979889356, -0.00106016127393, 0.000141411466757, -0.000386643980164], [-4.10833235946e-05, 0.00067363679409, 0.00279495981522, -0.000583381624892, -0.000894455122761, -0.000515754101798, -0.000697919691447, -6.7453351221e-05, 0.000607232213952, 6.82347163092e-05, -0.000453405664302, -0.000508031575009, 0.00013401058095], [-0.00012657220941, -0.000482833333081, -0.000583381624892, 0.00468092784286, -0.00215336866677, -0.000841415661853, 0.000626176479273, 0.000220613947022, -0.000779955822509, -0.000516227795742, 0.00059461541241, 0.000186826800928, -0.000979813397862], [3.84097074857e-05, -0.000474272470456, -0.000894455122761, -0.00215336866677, 0.00823444593698, -0.00150435732212, 0.000261353765382, -0.000787779630627, -0.000130678134155, -0.00146915577352, -0.000226043222938, 0.000595477758907, -0.000750040111598], [-8.4203966253e-05, 0.00018204083608, -0.000515754101798, -0.000841415661853, -0.00150435732212, 0.00944230332971, -0.0045669414103, 0.00109915493522, -0.00293656112626, 0.00157675135415, 0.000531587516889, -0.00252148113213, 0.000663973391056], [7.40445102565e-05, -0.000233548256801, -0.000697919691447, 0.000626176479273, 0.000261353765382, -0.0045669414103, 0.0134959854186, -0.00581053597853, -0.00131648522802, 0.00195039669052, -0.00247597484849, 0.00110177660827, -0.00113482004963], [-0.00032869487768, -2.70174678008e-05, -6.7453351221e-05, 0.000220613947022, -0.000787779630627, 0.00109915493522, -0.00581053597853, 0.0135780172423, -0.00251382729039, -0.00184421264566, 0.00044386141235, -0.00183031929191, 0.000916907505598], [-0.000105576647911, 0.000516310101375, 0.000607232213952, -0.000779955822509, -0.000130678134155, -0.00293656112626, -0.00131648522802, -0.00251382729039, 0.0121109467, -0.00361679308116, 2.97262649838e-05, 0.000741247436963, -0.00221128645353], [-0.000144518562593, 0.000859979889356, 6.82347163092e-05, -0.000516227795742, -0.00146915577352, 0.00157675135415, 0.00195039669052, -0.00184421264566, -0.00361679308116, 0.0161233041435, -0.00585733586922, -0.00084812939167, 0.000480227201479], [0.000162903568707, -0.00106016127393, -0.000453405664302, 0.00059461541241, -0.000226043222938, 0.000531587516889, -0.00247597484849, 0.00044386141235, 2.97262649838e-05, -0.00585733586922, 0.0188653282821, -0.00766872568056, 0.0021494217217], [-5.34773716936e-05, 0.000141411466757, -0.000508031575009, 0.000186826800928, 0.000595477758907, -0.00252148113213, 0.00110177660827, -0.00183031929191, 0.000741247436963, -0.00084812939167, -0.00766872568056, 0.0245514009148, -0.0104396361858], [0.000103269572719, -0.000386643980164, 0.00013401058095, -0.000979813397862, -0.000750040111598, 0.000663973391056, -0.00113482004963, 0.000916907505598, -0.00221128645353, 0.000480227201479, 0.0021494217217, -0.0104396361858, 0.0216497182846]]
    },
    "spectral_contrast_coeffs": {
        "mean": [-0.712450325489, -0.754507243633, -0.749900698662, -0.767260491848, -0.779959738255, -0.737293124199]
    },
    "spectral_contrast_valleys": {
        "mean": [-6.60660934448, -6.95199394226, -7.46726226807, -7.35883951187, -7.01514005661, -9.5420255661]
    }
},
"rhythm": {
    "beats_count": 490,
    "beats_loudness": {
        "mean": 0.05852605775
    },
    "bpm": 152.740982056,
    "bpm_histogram_first_peak_bpm": 152,
    "bpm_histogram_first_peak_weight": 0.100840330124,
    "bpm_histogram_second_peak_bpm": 157,
    "bpm_histogram_second_peak_spread": 0.0180180072784,
    "bpm_histogram_second_peak_weight": 0.222903892398,
    "danceability": 1.04668605328,
    "onset_rate": 3.293207407,
    "beats_loudness_band_ratio": {
        "mean": [0.635747551918, 0.121191687882, 0.0712248459458, 0.0624945908785, 0.0837107375264, 0.0773485898972]
    },
    "beats_position": [0.383129239082, 0.777868449688, 1.18421769142, 1.59056687355, 1.98530614376, 2.39165520668, 2.79800438881, 3.19274377823, 3.58748292923, 3.98222208023, 4.37696123123, 4.76009082794, 5.15482997894, 5.54956912994, 5.93269824982, 6.32743740082, 6.73378658295, 7.12852573395, 7.52326536179, 7.91800451279, 8.31274318695, 8.70748329163, 9.10222244263, 9.49696159363, 9.90331077576, 10.2980499268, 10.6927890778, 11.0759181976, 11.4706573486, 11.8653964996, 12.2601356506, 12.6548748016, 13.0496139526, 13.4443531036, 13.8390922546, 14.2338323593, 14.6285715103, 15.0233106613, 15.4180498123, 15.8127889633, 16.2075271606, 16.602268219, 16.99700737, 17.391746521, 17.786485672, 18.181224823, 18.575963974, 18.970703125, 19.365442276, 19.760181427, 20.154920578, 20.549659729, 20.94439888, 21.339138031, 21.733877182, 22.128616333, 22.523355484, 22.918094635, 23.312833786, 23.707572937, 24.102312088, 24.497051239, 24.89179039, 25.286529541, 25.681268692, 26.076007843, 26.470746994, 26.865486145, 27.2602272034, 27.6549663544, 28.0497055054, 28.4444446564, 28.8391838074, 29.2339229584, 29.6286621094, 30.0234012604, 30.4181404114, 30.8128795624, 31.2076187134, 31.6023578644, 31.9970970154, 32.391834259, 32.7865753174, 33.1813163757, 33.5644454956, 33.9475746155, 34.3423118591, 34.7370529175, 35.1317901611, 35.5265312195, 35.9212684631, 36.3160095215, 36.7107467651, 37.1054878235, 37.5002250671, 37.8949661255, 38.2897033691, 38.6844444275, 39.0791816711, 39.462310791, 39.8570518494, 40.251789093, 40.6465301514, 41.0528793335, 41.4476165771, 41.8423576355, 42.2370948792, 42.6318359375, 43.0265769958, 43.4213142395, 43.8160552979, 44.2107925415, 44.6055335999, 45.0002708435, 45.3950119019, 45.7897491455, 46.1844902039, 46.5792274475, 46.9739685059, 47.3687057495, 47.7634468079, 48.1581840515, 48.5529251099, 48.9476623535, 49.3424034119, 49.7371406555, 50.1318817139, 50.5266189575, 50.9213600159, 51.3044891357, 51.6992263794, 52.0823554993, 52.4770965576, 52.871837616, 53.2665748596, 53.6497039795, 54.0444450378, 54.4275741577, 54.8223114014, 55.2054405212, 55.6001815796, 55.9949188232, 56.4012680054, 56.7960090637, 57.1907463074, 57.5738754272, 57.9686164856, 58.3517456055, 58.7464828491, 59.129611969, 59.5243530273, 59.9074821472, 60.3022193909, 60.6853485107, 61.0684814453, 61.463218689, 61.8579597473, 62.252696991, 62.6358261108, 63.0189552307, 63.4136962891, 63.7968254089, 64.1799545288, 64.563079834, 64.957824707, 65.3409500122, 65.7356872559, 66.1304321289, 66.5251693726, 66.9199066162, 67.3030395508, 67.686164856, 68.0809020996, 68.4756469727, 68.8703842163, 69.2535171509, 69.6366424561, 70.0313796997, 70.4145126343, 70.7976379395, 71.1923828125, 71.5871200562, 71.9702453613, 72.3533782959, 72.7481155396, 73.1312484741, 73.5259857178, 73.9091110229, 74.303855896, 74.6985931396, 75.0933303833, 75.4996795654, 75.9060287476, 76.3007659912, 76.6955108643, 77.0786361694, 77.4733810425, 77.8681182861, 78.2744674683, 78.6692047119, 79.0639419556, 79.4586868286, 79.8418121338, 80.2249450684, 80.619682312, 81.0144195557, 81.4091567993, 81.8155059814, 82.2218551636, 82.6166000366, 83.0113372803, 83.4060745239, 83.8008117676, 84.1955566406, 84.5902938843, 84.9850311279, 85.3797683716, 85.7745132446, 86.1692504883, 86.5523757935, 86.935508728, 87.3302459717, 87.7249908447, 88.1197280884, 88.5028533936, 88.8975982666, 89.2807235718, 89.6754608154, 90.0818099976, 90.4881591797, 90.8829040527, 91.2776412964, 91.67237854, 92.0671157837, 92.4502487183, 92.8333740234, 93.2281188965, 93.6112442017, 94.0175933838, 94.4123306274, 94.8186798096, 95.2134246826, 95.6081619263, 96.0145111084, 96.4092483521, 96.8039855957, 97.1987304688, 97.5934677124, 97.9882049561, 98.3829498291, 98.7660751343, 99.1492080688, 99.5439453125, 99.9386825562, 100.321815491, 100.704940796, 101.09967804, 101.494422913, 101.889160156, 102.272285461, 102.655418396, 103.05015564, 103.444892883, 103.828025818, 104.211151123, 104.582672119, 104.977409363, 105.372154236, 105.766891479, 106.161628723, 106.556373596, 106.95111084, 107.345848083, 107.740585327, 108.1353302, 108.518455505, 108.90158844, 109.296325684, 109.679450989, 110.062583923, 110.457321167, 110.828842163, 111.211967468, 111.595100403, 111.989837646, 112.38457489, 112.779319763, 113.162445068, 113.545578003, 113.940315247, 114.33505249, 114.718185425, 115.124534607, 115.519271851, 115.914009094, 116.297142029, 116.691879272, 117.086616516, 117.492965698, 117.887710571, 118.282447815, 118.677185059, 119.071922302, 119.466667175, 119.861404419, 120.256141663, 120.650878906, 121.045623779, 121.440361023, 121.835098267, 122.22983551, 122.636184692, 123.042533875, 123.437278748, 123.820404053, 124.203536987, 124.586662292, 124.969795227, 125.364532471, 125.759269714, 126.154014587, 126.56036377, 126.943489075, 127.338226318, 127.732971191, 128.116104126, 128.51083374, 128.917190552, 129.311920166, 129.706665039, 130.101409912, 130.496139526, 130.890884399, 131.285614014, 131.668746948, 132.051879883, 132.446624756, 132.84135437, 133.236099243, 133.642440796, 134.037185669, 134.44354248, 134.849884033, 135.244628906, 135.627746582, 136.034103394, 136.440444946, 136.835189819, 137.229934692, 137.624664307, 138.01940918, 138.414154053, 138.808883667, 139.20362854, 139.598358154, 139.993103027, 140.3878479, 140.770965576, 141.165710449, 141.548843384, 141.943572998, 142.338317871, 142.721450806, 143.10458374, 143.510925293, 143.894058228, 144.312011719, 144.706756592, 145.101501465, 145.496231079, 145.890975952, 146.285705566, 146.680450439, 147.075195312, 147.469924927, 147.8646698, 148.271011353, 148.665756226, 149.060501099, 149.455230713, 149.838363647, 150.233108521, 150.627838135, 151.022583008, 151.417327881, 151.800445557, 152.206802368, 152.601531982, 152.996276855, 153.391021729, 153.785751343, 154.180496216, 154.575241089, 154.969970703, 155.364715576, 155.759460449, 156.154190063, 156.548934937, 156.943664551, 157.338409424, 157.721542358, 158.104675293, 158.499404907, 158.89414978, 159.288879395, 159.672012329, 160.055145264, 160.438278198, 160.821395874, 161.204528809, 161.587661743, 161.970794678, 162.37713623, 162.783493042, 163.178222656, 163.561355591, 163.967712402, 164.362442017, 164.75718689, 165.163528442, 165.558273315, 165.94140625, 166.324539185, 166.70765686, 167.090789795, 167.485534668, 167.880264282, 168.263397217, 168.646530151, 169.041259766, 169.436004639, 169.830749512, 170.225479126, 170.620223999, 171.014968872, 171.409698486, 171.804443359, 172.199172974, 172.582305908, 172.965438843, 173.348571777, 173.743301392, 174.126434326, 174.521179199, 174.915908813, 175.299041748, 175.682174683, 176.076919556, 176.47164917, 176.854782104, 177.249526978, 177.632644653, 178.027389526, 178.422134399, 178.816864014, 179.211608887, 179.594741821, 179.977859497, 180.37260437, 180.755737305, 181.138870239, 181.510375977, 181.928344727, 182.323074341, 182.717819214, 183.100952148, 183.495681763, 183.878814697, 184.27355957, 184.668289185, 185.051422119, 185.434555054, 185.875732422, 186.328521729, 186.781311035, 187.24571228, 187.710113525, 188.162902832, 188.615692139, 189.091690063, 189.567703247, 190.043716431, 190.508117676, 190.972518921, 191.436920166, 191.901306152, 192.365707397, 192.830108643, 193.294509888, 193.758911133],
    "bpm_histogram": [0, 0, 0, 0, 0, 0, 0, 0, 0, 0, 0, 0, 0, 0, 0, 0, 0, 0, 0, 0, 0, 0, 0, 0, 0, 0, 0, 0, 0, 0, 0, 0, 0, 0, 0, 0, 0, 0, 0, 0, 0, 0, 0, 0, 0, 0, 0, 0, 0, 0, 0, 0, 0, 0, 0, 0, 0, 0, 0, 0, 0, 0, 0, 0, 0, 0, 0, 0, 0, 0, 0, 0, 0, 0, 0, 0, 0, 0, 0, 0, 0, 0, 0, 0, 0, 0, 0, 0, 0, 0, 0, 0, 0, 0, 0, 0, 0, 0, 0, 0, 0, 0, 0, 0, 0, 0, 0, 0, 0, 0, 0, 0, 0, 0, 0, 0, 0, 0, 0, 0, 0, 0, 0, 0, 0, 0, 0.00613496918231, 0, 0, 0.0204498972744, 0, 0, 0, 0.00817995890975, 0, 0, 0.00204498972744, 0, 0, 0, 0, 0, 0, 0, 0.00408997945487, 0, 0, 0, 0.073619633913, 0, 0, 0, 0.656441688538, 0, 0, 0, 0, 0.222903892398, 0, 0, 0, 0.00408997945487, 0.00204498972744, 0, 0, 0, 0, 0, 0, 0, 0, 0, 0, 0, 0, 0, 0, 0, 0, 0, 0, 0, 0, 0, 0, 0, 0, 0, 0, 0, 0, 0, 0, 0, 0, 0, 0, 0, 0, 0, 0, 0, 0, 0, 0, 0, 0, 0, 0, 0, 0, 0, 0, 0, 0, 0, 0, 0, 0, 0, 0, 0, 0, 0, 0, 0, 0, 0, 0, 0, 0, 0, 0, 0, 0, 0, 0, 0, 0, 0, 0, 0, 0, 0, 0, 0, 0, 0, 0, 0]
},
"tonal": {
    "chords_changes_rate": 0.063545152545,
    "chords_number_rate": 0.0019111323636,
    "chords_strength": {
        "mean": 0.504153072834
    },
    "hpcp_crest": {
        "mean": 14.42710495
    },
    "hpcp_entropy": {
        "mean": 1.90148353577
    },
    "key_edma": {
        "strength": 0.835922539234,
        "key": "F#",
        "scale": "major"
    },
    "key_krumhansl": {
        "strength": 0.828773379326,
        "key": "F#",
        "scale": "major"
    },
    "key_temperley": {
        "strength": 0.820455312729,
        "key": "F#",
        "scale": "major"
    },
    "tuning_diatonic_strength": 0.686402082443,
    "tuning_equal_tempered_deviation": 0.0416857004166,
    "tuning_frequency": 440.254241943,
    "tuning_nontempered_energy_ratio": 0.688494086266,
    "hpcp": {
        "mean": [0.0508375987411, 0.04029269889, 0.0631861165166, 0.0937962830067, 0.0722627341747, 0.0447329469025, 0.0409832559526, 0.0399961620569, 0.0679617673159, 0.100233733654, 0.118551284075, 0.234966382384, 0.287190467119, 0.152233943343, 0.0612804330885, 0.048433072865, 0.0498398207128, 0.086755104363, 0.11950981617, 0.0805646032095, 0.041668958962, 0.0392617993057, 0.0526687726378, 0.158948138356, 0.209890663624, 0.1289858073, 0.147305607796, 0.229716777802, 0.167751818895, 0.0733706951141, 0.0579487532377, 0.0476540476084, 0.0953362360597, 0.175269722939, 0.13796196878, 0.0669249221683]
    },
    "chords_histogram": [11.5384616852, 9.67510795593, 44.5771636963, 9.36454868317, 8.002866745, 0.119445770979, 0.238891541958, 0, 0, 0.143334925175, 0.668896317482, 0.0477783083916, 0, 0.191113233566, 0.0955566167831, 0.286669850349, 0.310559004545, 6.25895833969, 0, 2.12613463402, 0.883898735046, 0.0238891541958, 0.406115621328, 5.04061174393],
    "thpcp": [1, 0.530080080032, 0.213379070163, 0.168644428253, 0.173542737961, 0.302082121372, 0.41613432765, 0.280526727438, 0.145091727376, 0.136709973216, 0.18339318037, 0.553458988667, 0.730841338634, 0.449129849672, 0.512919545174, 0.79987603426, 0.584113478661, 0.255477488041, 0.201778128743, 0.165931850672, 0.33196169138, 0.610290884972, 0.480384916067, 0.23303322494, 0.177017018199, 0.140299573541, 0.220014676452, 0.326599568129, 0.251619547606, 0.155760556459, 0.142704099417, 0.139267027378, 0.236643537879, 0.349014848471, 0.412796735764, 0.818155229092],
    "chords_key": "C#",
    "chords_scale": "major"
}
}