{
"metadata": {
    "version": {
        "essentia": "2.1-beta6-dev",
        "essentia_git_sha": "v2.1_beta5-1177-g1d1cc983",
        "extractor": "music 2.0"
    },
    "audio_properties": {
        "analysis": {
            "equal_loudness": 0,
            "length": 192.813339233,
            "sample_rate": 44100,
            "start_time": 0,
            "downmix": "mix"
        },
        "bit_rate": 1411200,
        "length": 192.813339233,
        "lossless": 1,
        "number_channels": 2,
        "replay_gain": -13.992723465,
        "sample_rate": 44100,
        "codec": "pcm_s16le",
        "md5_encoded": "cfe5b1b3e2424ccc91efc30064be9bc2"
    },
    "tags": {
        "file_name": "09 - The Front Bottoms - Far Drive.wav",
        "album": ["Going Grey"],
        "albumartist": ["The Front Bottoms"],
        "artist": ["The Front Bottoms"],
        "copyright": ["© 2017 Fueled By Ramen LLC for the United States and WEA International Inc. for the world outside of the United States. A Warner Music Group Company ℗ 2017 Fueled By Ramen LLC"],
        "date": ["2017"],
        "discnumber": ["1"],
        "disctotal": ["1"],
        "genre": ["Alternative & Indie"],
        "isrc": ["USAT21703381"],
        "title": ["Far Drive"],
        "tracknumber": ["9"],
        "tracktotal": ["11"]
    }
},
"lowlevel": {
    "average_loudness": 0.941067397594,
    "barkbands_crest": {
        "mean": 12.4175758362
    },
    "barkbands_flatness_db": {
        "mean": 0.140806302428
    },
    "barkbands_kurtosis": {
        "mean": 4.49132061005
    },
    "barkbands_skewness": {
        "mean": 1.74561464787
    },
    "barkbands_spread": {
        "mean": 26.9403839111
    },
    "dissonance": {
        "mean": 0.469130128622
    },
    "dynamic_complexity": 3.03902983665,
    "erbbands_crest": {
        "mean": 9.19378089905
    },
    "erbbands_flatness_db": {
        "mean": 0.14266525209
    },
    "erbbands_kurtosis": {
        "mean": 0.445805490017
    },
    "erbbands_skewness": {
        "mean": -0.0482754297554
    },
    "erbbands_spread": {
        "mean": 49.2930984497
    },
    "hfc": {
        "mean": 26.4666118622
    },
    "loudness_ebu128": {
        "integrated": -7.61675977707,
        "loudness_range": 3.84348535538,
        "momentary": {
            "mean": -9.9662027359
        },
        "short_term": {
            "mean": -8.49681568146
        }
    },
    "melbands_crest": {
        "mean": 15.9725465775
    },
    "melbands_flatness_db": {
        "mean": 0.201684579253
    },
    "melbands_kurtosis": {
        "mean": 21.0122070312
    },
    "melbands_skewness": {
        "mean": 3.48807096481
    },
    "melbands_spread": {
        "mean": 24.9844055176
    },
    "pitch_salience": {
        "mean": 0.480815440416
    },
    "silence_rate_20dB": {
        "mean": 1
    },
    "silence_rate_30dB": {
        "mean": 0.993257045746
    },
    "silence_rate_60dB": {
        "mean": 0.0620108358562
    },
    "spectral_centroid": {
        "mean": 1656.1730957
    },
    "spectral_complexity": {
        "mean": 21.6534614563
    },
    "spectral_decrease": {
        "mean": -1.05410817852e-08
    },
    "spectral_energy": {
        "mean": 0.0421850457788
    },
    "spectral_energyband_high": {
        "mean": 0.00162607210223
    },
    "spectral_energyband_low": {
        "mean": 0.0237921420485
    },
    "spectral_energyband_middle_high": {
        "mean": 0.00531584955752
    },
    "spectral_energyband_middle_low": {
        "mean": 0.0148067334667
    },
    "spectral_entropy": {
        "mean": 7.76804351807
    },
    "spectral_flux": {
        "mean": 0.0936275422573
    },
    "spectral_kurtosis": {
        "mean": 2.90068078041
    },
    "spectral_rms": {
        "mean": 0.00598621880636
    },
    "spectral_rolloff": {
        "mean": 1491.79296875
    },
    "spectral_skewness": {
        "mean": 1.16250169277
    },
    "spectral_spread": {
        "mean": 5129655
    },
    "spectral_strongpeak": {
        "mean": 0.775564908981
    },
    "zerocrossingrate": {
        "mean": 0.0641285851598
    },
    "barkbands": {
        "mean": [0.000150511026732, 0.0165595375001, 0.00382550456561, 0.00556325400248, 0.00347884139046, 0.00114665331785, 0.00143318937626, 0.00209076050669, 0.000899879029021, 0.000627274857834, 0.000535256287549, 0.000791675643995, 0.000669356260914, 0.00038452303852, 0.000415815709857, 0.000311709736707, 0.000533371639904, 0.000348954694346, 0.00057723838836, 0.000384244485758, 0.000409618369304, 0.000395936949644, 0.000326150824549, 0.000217913853703, 8.8638982561e-05, 1.56477799464e-05, 3.39312759934e-06]
    },
    "erbbands": {
        "mean": [0.372177243233, 4.01877069473, 5.40858840942, 13.1929159164, 13.204082489, 12.1677350998, 12.9228143692, 7.36952495575, 13.8309698105, 33.0892944336, 42.884059906, 25.5520420074, 15.7473478317, 27.8601207733, 18.3251667023, 34.5402793884, 31.9449386597, 24.5751857758, 23.8659343719, 16.8574790955, 21.4704341888, 24.9520931244, 20.9329624176, 21.7248973846, 30.7354488373, 17.5525493622, 16.8350849152, 15.5747594833, 15.0950889587, 10.6327581406, 9.15172290802, 5.69880867004, 2.96371912956, 1.36267530918, 0.442073315382, 0.100757144392, 0.0232072975487, 0.00511990999803, 0.00055439589778, 7.89710975369e-05]
    },
    "gfcc": {
        "mean": [4.1516699791, 83.0466842651, -111.624473572, 57.2447395325, -54.6255607605, 26.1496143341, -29.753660202, 4.44385671616, -17.8226146698, -0.464475393295, -10.2019548416, -4.51290941238, -11.4308919907],
        "cov": [[22604.4492188, 545.237121582, 145.579360962, 1099.73657227, -914.314331055, 942.635925293, -314.189849854, 714.756164551, -169.440414429, 19.9235210419, -156.356567383, -115.026657104, -270.52557373], [545.237121582, 1239.07617188, -49.3401870728, -238.478210449, 79.1614151001, 30.9897441864, 108.085365295, -70.0369644165, 99.6670379639, 0.790947258472, 133.149490356, -19.2134971619, 60.1329612732], [145.579360962, -49.3401870728, 665.95892334, 23.3374652863, 28.4138374329, 132.568969727, -29.1802978516, 20.9518318176, -21.3196563721, 57.8209342957, 8.90037441254, 10.6463069916, -22.9669857025], [1099.73657227, -238.478210449, 23.3374652863, 468.029937744, 25.5074195862, 12.3863172531, -62.7091636658, 25.9023571014, -23.1281070709, -72.5117111206, -38.7049026489, -35.3455123901, -2.38830852509], [-914.314331055, 79.1614151001, 28.4138374329, 25.5074195862, 275.697265625, -3.74091362953, 15.7131528854, -89.1484298706, -9.82767486572, -1.96484327316, 16.2859992981, 10.6783304214, 22.4772186279], [942.635925293, 30.9897441864, 132.568969727, 12.3863172531, -3.74091362953, 286.036193848, 54.9461708069, 4.71716403961, -41.6249275208, 17.4525222778, 26.6858196259, 6.56319141388, -3.24183797836], [-314.189849854, 108.085365295, -29.1802978516, -62.7091636658, 15.7131528854, 54.9461708069, 179.141448975, 38.3611221313, 29.2445030212, 1.2699508667, 30.9571533203, 23.2764205933, 23.885887146], [714.756164551, -70.0369644165, 20.9518318176, 25.9023571014, -89.1484298706, 4.71716403961, 38.3611221313, 287.760437012, 127.445808411, 47.2664642334, 11.6492214203, 17.5721206665, 9.52603054047], [-169.440414429, 99.6670379639, -21.3196563721, -23.1281070709, -9.82767486572, -41.6249275208, 29.2445030212, 127.445808411, 177.235992432, 66.576789856, 45.7363891602, 0.774074733257, 14.975320816], [19.9235210419, 0.790947258472, 57.8209342957, -72.5117111206, -1.96484327316, 17.4525222778, 1.2699508667, 47.2664642334, 66.576789856, 125.665245056, 51.3858909607, 23.4388256073, -12.2927618027], [-156.356567383, 133.149490356, 8.90037441254, -38.7049026489, 16.2859992981, 26.6858196259, 30.9571533203, 11.6492214203, 45.7363891602, 51.3858909607, 119.126396179, 39.1853408813, 18.317779541], [-115.026657104, -19.2134971619, 10.6463069916, -35.3455123901, 10.6783304214, 6.56319141388, 23.2764205933, 17.5721206665, 0.774074733257, 23.4388256073, 39.1853408813, 90.6563339233, 38.8099594116], [-270.52557373, 60.1329612732, -22.9669857025, -2.38830852509, 22.4772186279, -3.24183797836, 23.885887146, 9.52603054047, 14.975320816, -12.2927618027, 18.317779541, 38.8099594116, 86.498046875]],
        "icov": [[0.000136792863486, -0.000325704721035, 0.00013152063184, -0.000465100369183, 0.000368820270523, -0.000442482763901, 0.000334083830239, -0.000455379777122, 0.000465038552647, -0.000427619728725, 0.000451447471278, -0.000385782244848, 0.000458009133581], [-0.000325704721035, 0.00208727223799, -0.000369431712897, 0.00182874966413, -0.0010675227968, 0.000827267882414, -0.00100434478372, 0.00158510298934, -0.00211023748852, 0.00214378605597, -0.00262276828289, 0.00219875038601, -0.00186722457875], [0.00013152063184, -0.000369431712897, 0.00194764893968, -0.0005538026453, 1.66395075212e-05, -0.00125744822435, 0.000849552045111, -0.00077948597027, 0.000877583981492, -0.00134658033494, 0.000730822619516, -0.000632743176538, 0.000755632529035], [-0.000465100369183, 0.00182874966413, -0.0005538026453, 0.00472831074148, -0.00199080724269, 0.000937237986363, 4.03599478886e-05, 0.000869976531249, -0.00214914721437, 0.0040769437328, -0.00260491203517, 0.00262859207578, -0.00197322084568], [0.000368820270523, -0.0010675227968, 1.66395075212e-05, -0.00199080724269, 0.005553138908, -0.000889913004357, 4.92943618156e-05, 0.000856017752085, 0.000457908114186, -0.00182813906576, 0.00146448297892, -0.00161236186977, 0.000335031625582], [-0.000442482763901, 0.000827267882414, -0.00125744822435, 0.000937237986363, -0.000889913004357, 0.00634619779885, -0.00302271870896, 0.000788267236203, 0.00136924698018, -0.000254625163507, -0.00260967155918, 0.00236125267111, -0.00183003756683], [0.000334083830239, -0.00100434478372, 0.000849552045111, 4.03599478886e-05, 4.92943618156e-05, -0.00302271870896, 0.00845488253981, -0.00227607903071, -5.75466510782e-05, 0.00117194477934, 0.00031316341483, -0.00219296384603, 0.000853701902088], [-0.000455379777122, 0.00158510298934, -0.00077948597027, 0.000869976531249, 0.000856017752085, 0.000788267236203, -0.00227607903071, 0.00864161364734, -0.00737632578239, 0.00148507929407, 0.00010236997332, -0.000831702433061, -0.00138559588231], [0.000465038552647, -0.00211023748852, 0.000877583981492, -0.00214914721437, 0.000457908114186, 0.00136924698018, -5.75466510782e-05, -0.00737632578239, 0.0161625295877, -0.00801522471011, -0.00111427996308, 0.00351911084726, -0.00142458023038], [-0.000427619728725, 0.00214378605597, -0.00134658033494, 0.0040769437328, -0.00182813906576, -0.000254625163507, 0.00117194477934, 0.00148507929407, -0.00801522471011, 0.0178034137934, -0.00612362474203, -0.00184535223525, 0.00294821639545], [0.000451447471278, -0.00262276828289, 0.000730822619516, -0.00260491203517, 0.00146448297892, -0.00260967155918, 0.00031316341483, 0.00010236997332, -0.00111427996308, -0.00612362474203, 0.016570225358, -0.00759521359578, 0.00200263480656], [-0.000385782244848, 0.00219875038601, -0.000632743176538, 0.00262859207578, -0.00161236186977, 0.00236125267111, -0.00219296384603, -0.000831702433061, 0.00351911084726, -0.00184535223525, -0.00759521359578, 0.0209923591465, -0.0103078074753], [0.000458009133581, -0.00186722457875, 0.000755632529035, -0.00197322084568, 0.000335031625582, -0.00183003756683, 0.000853701902088, -0.00138559588231, -0.00142458023038, 0.00294821639545, 0.00200263480656, -0.0103078074753, 0.0190652683377]]
    },
    "melbands": {
        "mean": [0.00417882762849, 0.00382876582444, 0.00222877250053, 0.000869608833455, 0.000458897062344, 0.000169245846337, 0.00024774071062, 0.000387317413697, 0.000316518271575, 0.000149318599142, 7.25702775526e-05, 0.000110225162643, 5.75749472773e-05, 7.82455608714e-05, 8.22409638204e-05, 7.27877195459e-05, 4.0872295358e-05, 3.69771914848e-05, 2.78296520264e-05, 2.23990464292e-05, 2.70029668172e-05, 2.80219283013e-05, 2.1864700102e-05, 1.62036358233e-05, 1.63654840435e-05, 2.70582640951e-05, 1.61429998116e-05, 1.02767580756e-05, 1.0379512787e-05, 9.73493933998e-06, 8.83978100319e-06, 8.81379673956e-06, 7.08948800821e-06, 5.72256385567e-06, 5.71575628783e-06, 4.2300498535e-06, 3.11983194479e-06, 2.15410432247e-06, 1.59439628078e-06, 9.84943312687e-07]
    },
    "melbands128": {
        "mean": [0.000143886369187, 0.0020257323049, 0.0067646256648, 0.00670519517735, 0.00327576929703, 0.00186550035141, 0.00287735881284, 0.00250322557986, 0.00110501097515, 0.000828841992188, 0.000673672999255, 0.000464622920845, 0.00051397801144, 0.000288494367851, 0.000166235156939, 9.895524272e-05, 8.83200627868e-05, 0.000283581030089, 0.000467816542368, 0.000320793798892, 0.000396166025894, 0.000404370337492, 0.00038375632721, 0.000113867550681, 0.000158665410709, 0.000184740536497, 5.47042473045e-05, 8.22511719889e-05, 3.87297586713e-05, 0.000121913355542, 0.000147738304804, 7.61080882512e-05, 2.94192686852e-05, 7.05251732143e-05, 4.68002253911e-05, 9.41867692745e-05, 0.000103279286122, 0.000102856422018, 4.92219696753e-05, 6.08228911005e-05, 0.000103150792711, 4.22722660005e-05, 4.22666453233e-05, 3.83419355785e-05, 2.93519005936e-05, 3.99306227337e-05, 4.34978865087e-05, 3.21340630762e-05, 1.7330805349e-05, 1.74494780367e-05, 2.83421159111e-05, 2.15237232624e-05, 1.63677123055e-05, 3.53856012225e-05, 4.00543103751e-05, 2.33551199926e-05, 1.97588233277e-05, 2.78379811789e-05, 1.85244334716e-05, 2.0588753614e-05, 1.35635964398e-05, 1.70199073182e-05, 1.3077328731e-05, 1.65518904396e-05, 1.96256860363e-05, 3.70505367755e-05, 2.33649443544e-05, 1.67928483279e-05, 1.61177194968e-05, 1.25221922644e-05, 9.31812155613e-06, 1.00900870166e-05, 9.61771456787e-06, 1.04930868474e-05, 1.09336961032e-05, 1.05016379166e-05, 8.65952188178e-06, 8.95567700354e-06, 8.93185369932e-06, 8.81092910276e-06, 8.62909291754e-06, 8.8214974312e-06, 8.8185788627e-06, 7.33874367143e-06, 5.45958937437e-06, 4.5859887905e-06, 6.01740566708e-06, 7.41487838241e-06, 5.69479107071e-06, 4.70226359539e-06, 4.2246169869e-06, 4.26875885751e-06, 3.96113455281e-06, 3.22006803799e-06, 2.46161835094e-06, 2.40082681557e-06, 2.0406916974e-06, 1.9249368961e-06, 1.64079472142e-06, 1.44331511365e-06, 1.20159859307e-06, 9.13369035516e-07, 7.06480250301e-07, 7.02333807112e-07, 5.35292372206e-07, 2.82716797528e-07, 2.3394221671e-07, 1.88858720662e-07, 1.72904250917e-07, 1.22886888221e-07, 9.09254680437e-08, 7.70186758814e-08, 6.55943210859e-08, 5.8655984958e-08, 5.08833615243e-08, 4.39581491207e-08, 3.8599367258e-08, 2.90064612329e-08, 2.29714967048e-08, 1.57688901936e-08, 1.11814228987e-08, 8.45578806974e-09, 7.45516182121e-09, 6.41828679093e-09, 5.57926949085e-09, 4.48345938153e-09, 4.03506739133e-09, 2.98784930131e-09]
    },
    "mfcc": {
        "mean": [-628.734008789, 97.748588562, 10.5135641098, 33.1798782349, 8.56780910492, 20.2826118469, 4.20207214355, 8.96272563934, -1.95461905003, 5.43339920044, 2.63301753998, 2.34083890915, -0.790727734566],
        "cov": [[13951.1630859, -18.6041412354, 972.557312012, 210.023025513, 187.055480957, 7.05548763275, 147.623306274, 445.226623535, 145.311248779, 317.010192871, 173.154281616, 110.586021423, -24.5910282135], [-18.6041412354, 1393.54284668, -39.5803337097, -175.690734863, -35.6624717712, 110.688323975, 27.4347324371, -7.09234809875, -30.301700592, -22.7809181213, 83.6707000732, 59.5025444031, 72.4524917603], [972.557312012, -39.5803337097, 545.130493164, -20.8137702942, 54.3117828369, 43.8330764771, 42.7862358093, 18.9514255524, 8.19837856293, 16.1491603851, 46.1922264099, 19.0123271942, 31.3717002869], [210.023025513, -175.690734863, -20.8137702942, 327.290100098, 108.366363525, -23.6139755249, -25.3237514496, 15.4967336655, 6.35079574585, 14.2272319794, -44.3196983337, -33.4544410706, -40.5979576111], [187.055480957, -35.6624717712, 54.3117828369, 108.366363525, 225.692611694, 49.0986442566, -0.706425666809, -22.742099762, -8.81942939758, 8.12796783447, -2.76925206184, -12.478852272, -14.2520704269], [7.05548763275, 110.688323975, 43.8330764771, -23.6139755249, 49.0986442566, 284.842468262, 99.6284942627, -17.2490673065, -66.2349243164, -52.4799804688, -16.4144439697, -21.9527263641, -30.793422699], [147.623306274, 27.4347324371, 42.7862358093, -25.3237514496, -0.706425666809, 99.6284942627, 138.047912598, 43.2745742798, -12.4022054672, -20.4932441711, -8.48650550842, -2.52516818047, -5.37651348114], [445.226623535, -7.09234809875, 18.9514255524, 15.4967336655, -22.742099762, -17.2490673065, 43.2745742798, 135.940658569, 53.8661613464, 33.6664390564, 4.44020462036, 16.1050548553, 15.1428937912], [145.311248779, -30.301700592, 8.19837856293, 6.35079574585, -8.81942939758, -66.2349243164, -12.4022054672, 53.8661613464, 121.172386169, 59.5427398682, 20.7165470123, 13.6334915161, 15.6077203751], [317.010192871, -22.7809181213, 16.1491603851, 14.2272319794, 8.12796783447, -52.4799804688, -20.4932441711, 33.6664390564, 59.5427398682, 124.506034851, 53.2894630432, 23.4271621704, 10.3613243103], [173.154281616, 83.6707000732, 46.1922264099, -44.3196983337, -2.76925206184, -16.4144439697, -8.48650550842, 4.44020462036, 20.7165470123, 53.2894630432, 111.319229126, 61.4971046448, 38.2769050598], [110.586021423, 59.5025444031, 19.0123271942, -33.4544410706, -12.478852272, -21.9527263641, -2.52516818047, 16.1050548553, 13.6334915161, 23.4271621704, 61.4971046448, 107.910202026, 67.0376663208], [-24.5910282135, 72.4524917603, 31.3717002869, -40.5979576111, -14.2520704269, -30.793422699, -5.37651348114, 15.1428937912, 15.6077203751, 10.3613243103, 38.2769050598, 67.0376663208, 113.740249634]],
        "icov": [[9.83919526334e-05, -1.63066688401e-05, -0.000167225909536, -3.48500325345e-05, -4.58985268779e-05, 1.17007402878e-05, 2.27670807362e-05, -0.000317511323374, 0.00011553618242, -0.000176638757694, -7.14174620953e-06, -0.000107166706584, 0.000171913357917], [-1.63066688401e-05, 0.000858520448674, 0.000200465045054, 0.000327553250827, -1.66356367117e-05, -0.000409218831919, 0.000169285587617, -0.000119325646665, 6.30727445241e-05, 0.000301767780911, -0.000701065931935, 0.000168820566614, -0.000477482302813], [-0.000167225909536, 0.000200465045054, 0.00237179128453, 0.000250604847679, -0.000504929514136, -0.00021209748229, -0.000549462449271, 0.000313763594022, -0.000249473494478, 0.000427846709499, -0.00109995738603, 0.000737697002478, -0.000986391212791], [-3.48500325345e-05, 0.000327553250827, 0.000250604847679, 0.00448288908228, -0.00222975108773, 0.000385353399906, 0.000889261777047, -0.00119464402087, 0.00044530199375, -0.000545800838154, 0.00156873476226, -0.000172462765477, 0.000903151987586], [-4.58985268779e-05, -1.66356367117e-05, -0.000504929514136, -0.00222975108773, 0.00610985886306, -0.00135780032724, 0.000140155330882, 0.00162348616868, -0.000415240298025, -0.00063128490001, -0.000329202535795, 0.000272610777756, -0.000402870500693], [1.17007402878e-05, -0.000409218831919, -0.00021209748229, 0.000385353399906, -0.00135780032724, 0.0061912573874, -0.00417492026463, 0.000721803458873, 0.00190460577141, 0.000719426025171, -0.000172001207829, 0.000153477449203, 0.00131238554604], [2.27670807362e-05, 0.000169285587617, -0.000549462449271, 0.000889261777047, 0.000140155330882, -0.00417492026463, 0.0123929083347, -0.00510266143829, 0.000614360906184, 0.00119661423378, 0.000281051266938, -0.000262784946244, 0.000385466380976], [-0.000317511323374, -0.000119325646665, 0.000313763594022, -0.00119464402087, 0.00162348616868, 0.000721803458873, -0.00510266143829, 0.0128906769678, -0.00463697593659, -0.00150579342153, 0.00184588762932, -0.00109590322245, -0.00126596482005], [0.00011553618242, 6.30727445241e-05, -0.000249473494478, 0.00044530199375, -0.000415240298025, 0.00190460577141, 0.000614360906184, -0.00463697593659, 0.0135571490973, -0.0047294315882, 0.000120665463328, 0.000649252731819, -0.00053022854263], [-0.000176638757694, 0.000301767780911, 0.000427846709499, -0.000545800838154, -0.00063128490001, 0.000719426025171, 0.00119661423378, -0.00150579342153, -0.0047294315882, 0.0145006086677, -0.00702213915065, 0.000950935238507, 0.000960181874689], [-7.14174620953e-06, -0.000701065931935, -0.00109995738603, 0.00156873476226, -0.000329202535795, -0.000172001207829, 0.000281051266938, 0.00184588762932, 0.000120665463328, -0.00702213915065, 0.0184145532548, -0.00852587260306, 0.000439262628788], [-0.000107166706584, 0.000168820566614, 0.000737697002478, -0.000172462765477, 0.000272610777756, 0.000153477449203, -0.000262784946244, -0.00109590322245, 0.000649252731819, 0.000950935238507, -0.00852587260306, 0.0194579120725, -0.00896140839905], [0.000171913357917, -0.000477482302813, -0.000986391212791, 0.000903151987586, -0.000402870500693, 0.00131238554604, 0.000385466380976, -0.00126596482005, -0.00053022854263, 0.000960181874689, 0.000439262628788, -0.00896140839905, 0.0153385661542]]
    },
    "spectral_contrast_coeffs": {
        "mean": [-0.710931360722, -0.743532598019, -0.76318281889, -0.79565179348, -0.794228971004, -0.743543803692]
    },
    "spectral_contrast_valleys": {
        "mean": [-6.56272315979, -7.19946956635, -7.68930053711, -7.61949014664, -7.39707565308, -9.8912858963]
    }
},
"rhythm": {
    "beats_count": 531,
    "beats_loudness": {
        "mean": 0.0571639351547
    },
    "bpm": 165.668838501,
    "bpm_histogram_first_peak_bpm": 167,
    "bpm_histogram_first_peak_weight": 0,
    "bpm_histogram_second_peak_bpm": 161,
    "bpm_histogram_second_peak_spread": 0.0194175243378,
    "bpm_histogram_second_peak_weight": 0.190566033125,
    "danceability": 1.06194663048,
    "onset_rate": 3.74941444397,
    "beats_loudness_band_ratio": {
        "mean": [0.676111578941, 0.0785248205066, 0.0848714336753, 0.070087775588, 0.0477427244186, 0.055315990001]
    },
    "beats_position": [0.394739210606, 0.789478421211, 1.18421769142, 1.57895684242, 1.97369611263, 2.36843538284, 2.73995471001, 3.11147379875, 3.47138309479, 3.83129239082, 4.20281171799, 4.5627207756, 4.92263031006, 5.28253936768, 5.64244890213, 6.01396799088, 6.37387752533, 6.73378658295, 7.0936961174, 7.45360517502, 7.8251247406, 8.17342376709, 8.53333282471, 8.893242836, 9.26476192474, 9.62467098236, 9.98458003998, 10.3444900513, 10.7043991089, 11.0759181976, 11.4358272552, 11.7957363129, 12.1556463242, 12.5155553818, 12.8754644394, 13.235373497, 13.6068935394, 13.966802597, 14.3267116547, 14.6750106812, 15.0465307236, 15.4064397812, 15.7663488388, 16.1262588501, 16.4861679077, 16.8576869965, 17.2175960541, 17.5775051117, 17.9374141693, 18.2973232269, 18.6572322845, 19.0171432495, 19.3886623383, 19.7485713959, 20.1084804535, 20.4683895111, 20.8282985687, 21.1882076263, 21.548116684, 21.9080276489, 22.2679367065, 22.6278457642, 22.9877548218, 23.3592739105, 23.7191829681, 24.0790920258, 24.4390010834, 24.7989120483, 25.1704311371, 25.5303401947, 25.8902492523, 26.2501583099, 26.6100673676, 26.9699764252, 27.3298854828, 27.7014045715, 28.0613155365, 28.4212245941, 28.7811336517, 29.1410427094, 29.5125617981, 29.8724708557, 30.2323799133, 30.5922889709, 30.9521980286, 31.3121089935, 31.6720180511, 32.0319252014, 32.391834259, 32.7633552551, 33.111656189, 33.4831733704, 33.843082428, 34.2029914856, 34.5629005432, 34.9228096008, 35.2943305969, 35.6542396545, 36.0141487122, 36.3740577698, 36.7339668274, 37.093875885, 37.4537849426, 37.8253059387, 38.1852149963, 38.545124054, 38.9050331116, 39.2649421692, 39.6248512268, 39.9847602844, 40.3562812805, 40.7161903381, 41.0760993958, 41.4360084534, 41.795917511, 42.1558265686, 42.5157356262, 42.8872566223, 43.2471656799, 43.6070747375, 43.9669837952, 44.3268928528, 44.6868019104, 45.046710968, 45.4066200256, 45.7665290833, 46.1380500793, 46.497959137, 46.8578681946, 47.2177772522, 47.5776863098, 47.9375953674, 48.297504425, 48.6690254211, 49.0289344788, 49.3888435364, 49.748752594, 50.1086616516, 50.480178833, 50.8400878906, 51.2000007629, 51.5599098206, 51.9198188782, 52.2913360596, 52.6512451172, 53.0111541748, 53.3710632324, 53.73097229, 54.0792732239, 54.4391822815, 54.7990913391, 55.1590003967, 55.5189094543, 55.878818512, 56.2387275696, 56.6102485657, 56.9817695618, 57.3532867432, 57.7131958008, 58.0731048584, 58.433013916, 58.7929229736, 59.1528320312, 59.5127410889, 59.8726501465, 60.2325630188, 60.5808601379, 60.952381134, 61.3122901917, 61.6721992493, 62.0321083069, 62.3920173645, 62.7635345459, 63.1234474182, 63.4833564758, 63.8432655334, 64.2031707764, 64.5746917725, 64.9346008301, 65.2945098877, 65.6544189453, 66.0143280029, 66.3742370605, 66.7341461182, 67.0940551758, 67.4539642334, 67.8254852295, 68.1737823486, 68.5453033447, 68.9052124023, 69.26512146, 69.6250305176, 69.9849395752, 70.3448486328, 70.7047576904, 71.064666748, 71.4245758057, 71.7728805542, 72.1327896118, 72.4926986694, 72.8642196655, 73.2357330322, 73.6072540283, 73.9671630859, 74.3270721436, 74.6985931396, 75.0585021973, 75.4184112549, 75.7783203125, 76.1382293701, 76.4981384277, 76.8580474854, 77.217956543, 77.5778656006, 77.9377746582, 78.2976837158, 78.6692047119, 79.0291137695, 79.3890228271, 79.7605438232, 80.1088409424, 80.46875, 80.8286590576, 81.2001800537, 81.5600891113, 81.9199981689, 82.2799072266, 82.6398162842, 82.9997253418, 83.3596343994, 83.719543457, 84.0794525146, 84.4509735107, 84.8108825684, 85.170791626, 85.5307006836, 85.8906097412, 86.2505187988, 86.6104278564, 86.9703369141, 87.3302459717, 87.7017669678, 88.0616760254, 88.421585083, 88.7931060791, 89.1414031982, 89.5129241943, 89.872833252, 90.2327423096, 90.5926513672, 90.9525604248, 91.3124694824, 91.67237854, 92.0322875977, 92.3921966553, 92.7637176514, 93.123626709, 93.4835357666, 93.8434448242, 94.2033538818, 94.5632629395, 94.9231719971, 95.2946929932, 95.6662139893, 96.0145111084, 96.374420166, 96.7343292236, 97.0942382812, 97.4657592773, 97.8372802734, 98.1971893311, 98.5570983887, 98.9170074463, 99.2653045654, 99.6368255615, 99.9967346191, 100.356643677, 100.716552734, 101.076461792, 101.43637085, 101.796279907, 102.156188965, 102.516098022, 102.887619019, 103.259140015, 103.619049072, 103.97895813, 104.338867188, 104.698776245, 105.058685303, 105.41859436, 105.778503418, 106.138412476, 106.498321533, 106.858230591, 107.218139648, 107.578048706, 107.926345825, 108.286254883, 108.64616394, 109.017684937, 109.377593994, 109.737503052, 110.109024048, 110.468933105, 110.828842163, 111.188751221, 111.548660278, 111.920181274, 112.280090332, 112.63999939, 112.999908447, 113.359817505, 113.708114624, 114.068023682, 114.427932739, 114.799453735, 115.170974731, 115.530883789, 115.890792847, 116.250701904, 116.610610962, 116.97052002, 117.330429077, 117.690338135, 118.050247192, 118.421768188, 118.781677246, 119.141586304, 119.501495361, 119.861404419, 120.232925415, 120.592834473, 120.95274353, 121.312652588, 121.672561646, 122.032470703, 122.392379761, 122.763900757, 123.123809814, 123.483718872, 123.84362793, 124.203536987, 124.563446045, 124.923355103, 125.294876099, 125.654785156, 126.014694214, 126.374603271, 126.734512329, 127.094421387, 127.454330444, 127.814239502, 128.17414856, 128.534057617, 128.893966675, 129.265487671, 129.625396729, 129.985305786, 130.345214844, 130.705123901, 131.076644897, 131.436553955, 131.796463013, 132.15637207, 132.516281128, 132.876190186, 133.236099243, 133.596008301, 133.955917358, 134.327438354, 134.687347412, 135.04725647, 135.407165527, 135.767074585, 136.126983643, 136.4868927, 136.846801758, 137.206710815, 137.566619873, 137.938140869, 138.298049927, 138.669570923, 139.02947998, 139.389389038, 139.737686157, 140.109207153, 140.469116211, 140.829025269, 141.188934326, 141.548843384, 141.908752441, 142.268661499, 142.628570557, 142.988479614, 143.348388672, 143.708297729, 144.079818726, 144.439727783, 144.799636841, 145.171157837, 145.531066895, 145.890975952, 146.25088501, 146.610794067, 146.982315063, 147.342224121, 147.702133179, 148.062042236, 148.421951294, 148.781860352, 149.141769409, 149.490066528, 149.861587524, 150.221496582, 150.58140564, 150.941314697, 151.301223755, 151.672744751, 152.02104187, 152.380950928, 152.740859985, 153.112380981, 153.472290039, 153.832199097, 154.203720093, 154.56362915, 154.923538208, 155.283447266, 155.643356323, 156.003265381, 156.363174438, 156.723083496, 157.082992554, 157.45451355, 157.814422607, 158.174331665, 158.534240723, 158.89414978, 159.254058838, 159.613967896, 159.973876953, 160.333786011, 160.705307007, 161.076828003, 161.436737061, 161.796646118, 162.156555176, 162.516464233, 162.887985229, 163.247894287, 163.607803345, 163.967712402, 164.32762146, 164.687530518, 165.047439575, 165.407348633, 165.76725769, 166.127166748, 166.487075806, 166.858596802, 167.218505859, 167.578414917, 167.938323975, 168.298233032, 168.65814209, 169.018051147, 169.389572144, 169.749481201, 170.109390259, 170.469299316, 170.829208374, 171.189117432, 171.549026489, 171.920547485, 172.280456543, 172.640365601, 172.98866272, 173.360183716, 173.720092773, 174.080001831, 174.439910889, 174.799819946, 175.171340942, 175.53125, 175.891159058, 176.251068115, 176.610977173, 176.97088623, 177.330795288, 177.702316284, 178.062225342, 178.422134399, 178.782043457, 179.141952515, 179.501861572, 179.86177063, 180.233291626, 180.593200684, 180.953109741, 181.313018799, 181.672927856, 182.032836914, 182.392745972, 182.752655029, 183.112564087, 183.484085083, 183.843994141, 184.203903198, 184.563812256, 184.923721313, 185.283630371, 185.643539429, 186.015060425, 186.374969482, 186.74647522, 187.117996216, 187.489517212, 187.861038208, 188.232559204, 188.615692139, 188.987213135, 189.358734131, 189.730239868, 190.101760864, 190.47328186, 190.844802856, 191.216323853, 191.587844849, 191.959365845, 192.342483521],
    "bpm_histogram": [0, 0, 0, 0, 0, 0, 0, 0, 0, 0, 0, 0, 0, 0, 0, 0, 0, 0, 0, 0, 0, 0, 0, 0, 0, 0, 0, 0, 0, 0, 0, 0, 0, 0, 0, 0, 0, 0, 0, 0, 0, 0, 0, 0, 0, 0, 0, 0, 0, 0, 0, 0, 0, 0, 0, 0, 0, 0, 0, 0, 0, 0, 0, 0, 0, 0, 0, 0, 0, 0, 0, 0, 0, 0, 0, 0, 0, 0, 0, 0, 0, 0, 0, 0, 0, 0, 0, 0, 0, 0, 0, 0, 0, 0, 0, 0, 0, 0, 0, 0, 0, 0, 0, 0, 0, 0, 0, 0, 0, 0, 0, 0, 0, 0, 0, 0, 0, 0, 0, 0, 0, 0, 0, 0, 0, 0, 0, 0, 0, 0, 0, 0, 0, 0, 0, 0, 0, 0, 0, 0, 0, 0, 0, 0, 0, 0, 0, 0, 0, 0, 0, 0, 0.00943396240473, 0, 0, 0, 0, 0.00377358496189, 0, 0, 0, 0.184905663133, 0.00566037744284, 0, 0, 0, 0, 0.76415091753, 0, 0, 0, 0, 0.0320754721761, 0, 0, 0, 0, 0, 0, 0, 0, 0, 0, 0, 0, 0, 0, 0, 0, 0, 0, 0, 0, 0, 0, 0, 0, 0, 0, 0, 0, 0, 0, 0, 0, 0, 0, 0, 0, 0, 0, 0, 0, 0, 0, 0, 0, 0, 0, 0, 0, 0, 0, 0, 0, 0, 0, 0, 0, 0, 0, 0, 0, 0, 0, 0, 0, 0, 0, 0, 0, 0, 0, 0, 0, 0, 0, 0, 0, 0]
},
"tonal": {
    "chords_changes_rate": 0.0597158670425,
    "chords_number_rate": 0.00313026737422,
    "chords_strength": {
        "mean": 0.507771670818
    },
    "hpcp_crest": {
        "mean": 13.4214525223
    },
    "hpcp_entropy": {
        "mean": 1.95875811577
    },
    "key_edma": {
        "strength": 0.707989931107,
        "key": "Eb",
        "scale": "major"
    },
    "key_krumhansl": {
        "strength": 0.705179989338,
        "key": "Eb",
        "scale": "major"
    },
    "key_temperley": {
        "strength": 0.705145120621,
        "key": "Eb",
        "scale": "major"
    },
    "tuning_diatonic_strength": 0.567201137543,
    "tuning_equal_tempered_deviation": 0.0753076896071,
    "tuning_frequency": 440,
    "tuning_nontempered_energy_ratio": 0.717585682869,
    "hpcp": {
        "mean": [0.129734754562, 0.110704578459, 0.209087833762, 0.29929998517, 0.179523408413, 0.0648710429668, 0.0532482005656, 0.057390909642, 0.0826608538628, 0.10757253319, 0.089754126966, 0.0669017061591, 0.0611490495503, 0.0622690729797, 0.167964711785, 0.27549636364, 0.232285261154, 0.257127612829, 0.248650342226, 0.133299738169, 0.0981483086944, 0.0812739655375, 0.0583043545485, 0.0880024731159, 0.124578177929, 0.086720302701, 0.041568018496, 0.0311830863357, 0.0379134677351, 0.0553864911199, 0.0595978461206, 0.0440661236644, 0.0391884930432, 0.0414676629007, 0.050339743495, 0.100665062666]
    },
    "chords_histogram": [7.29593086243, 5.51408624649, 34.8904418945, 28.1242465973, 0.818685293198, 3.27474117279, 1.0113171339, 0.240789785981, 2.28750300407, 0.361184686422, 0.457500606775, 0.361184686422, 2.19118714333, 0.0722369402647, 0.457500606775, 0.0722369402647, 0, 0.313026726246, 0.0240789782256, 2.28750300407, 2.2393450737, 2.04671311378, 1.32434380054, 4.33421611786],
    "thpcp": [1, 0.599810957909, 0.216742560267, 0.177909135818, 0.191750451922, 0.276180624962, 0.359413772821, 0.29988014698, 0.223527267575, 0.2043068856, 0.208049029112, 0.561191856861, 0.920469045639, 0.776095151901, 0.859096646309, 0.830772995949, 0.445371687412, 0.32792621851, 0.271546840668, 0.19480240345, 0.294027656317, 0.416231811047, 0.289743751287, 0.13888412714, 0.104186728597, 0.126673802733, 0.185053437948, 0.199124112725, 0.147230625153, 0.130933836102, 0.138548836112, 0.168191596866, 0.336335003376, 0.433460623026, 0.369878321886, 0.698589503765],
    "chords_key": "Bb",
    "chords_scale": "major"
}
}