{
"metadata": {
    "version": {
        "essentia": "2.1-beta6-dev",
        "essentia_git_sha": "v2.1_beta5-1177-g1d1cc983",
        "extractor": "music 2.0"
    },
    "audio_properties": {
        "analysis": {
            "equal_loudness": 0,
            "length": 243.013336182,
            "sample_rate": 44100,
            "start_time": 0,
            "downmix": "mix"
        },
        "bit_rate": 1411200,
        "length": 243.013336182,
        "lossless": 1,
        "number_channels": 2,
        "replay_gain": -13.7268657684,
        "sample_rate": 44100,
        "codec": "pcm_s16le",
        "md5_encoded": "340aa9856f31ee5cd874688a0381b551"
    },
    "tags": {
        "file_name": "11 - The Front Bottoms - Ocean.wav",
        "album": ["Going Grey"],
        "albumartist": ["The Front Bottoms"],
        "artist": ["The Front Bottoms"],
        "copyright": ["© 2017 Fueled By Ramen LLC for the United States and WEA International Inc. for the world outside of the United States. A Warner Music Group Company ℗ 2017 Fueled By Ramen LLC"],
        "date": ["2017"],
        "discnumber": ["1"],
        "disctotal": ["1"],
        "genre": ["Alternative & Indie"],
        "isrc": ["USAT21703364"],
        "title": ["Ocean"],
        "tracknumber": ["11"],
        "tracktotal": ["11"]
    }
},
"lowlevel": {
    "average_loudness": 0.842198193073,
    "barkbands_crest": {
        "mean": 11.3992395401
    },
    "barkbands_flatness_db": {
        "mean": 0.143320307136
    },
    "barkbands_kurtosis": {
        "mean": 3.13375449181
    },
    "barkbands_skewness": {
        "mean": 1.56757414341
    },
    "barkbands_spread": {
        "mean": 24.842830658
    },
    "dissonance": {
        "mean": 0.468015491962
    },
    "dynamic_complexity": 3.98098158836,
    "erbbands_crest": {
        "mean": 8.706615448
    },
    "erbbands_flatness_db": {
        "mean": 0.155036330223
    },
    "erbbands_kurtosis": {
        "mean": 0.559232354164
    },
    "erbbands_skewness": {
        "mean": -0.0363739691675
    },
    "erbbands_spread": {
        "mean": 39.8399124146
    },
    "hfc": {
        "mean": 22.9289550781
    },
    "loudness_ebu128": {
        "integrated": -8.28089904785,
        "loudness_range": 9.89728546143,
        "momentary": {
            "mean": -10.6887464523
        },
        "short_term": {
            "mean": -9.91204833984
        }
    },
    "melbands_crest": {
        "mean": 16.5037021637
    },
    "melbands_flatness_db": {
        "mean": 0.211054876447
    },
    "melbands_kurtosis": {
        "mean": 12.672703743
    },
    "melbands_skewness": {
        "mean": 2.8965587616
    },
    "melbands_spread": {
        "mean": 23.231590271
    },
    "pitch_salience": {
        "mean": 0.486473917961
    },
    "silence_rate_20dB": {
        "mean": 1
    },
    "silence_rate_30dB": {
        "mean": 0.986624658108
    },
    "silence_rate_60dB": {
        "mean": 0.0543613247573
    },
    "spectral_centroid": {
        "mean": 1482.87097168
    },
    "spectral_complexity": {
        "mean": 22.8346233368
    },
    "spectral_decrease": {
        "mean": -8.48740810966e-09
    },
    "spectral_energy": {
        "mean": 0.0341130569577
    },
    "spectral_energyband_high": {
        "mean": 0.00106579100247
    },
    "spectral_energyband_low": {
        "mean": 0.018180731684
    },
    "spectral_energyband_middle_high": {
        "mean": 0.00635082181543
    },
    "spectral_energyband_middle_low": {
        "mean": 0.0098459077999
    },
    "spectral_entropy": {
        "mean": 7.58594846725
    },
    "spectral_flux": {
        "mean": 0.0764252841473
    },
    "spectral_kurtosis": {
        "mean": 5.96621465683
    },
    "spectral_rms": {
        "mean": 0.00521543156356
    },
    "spectral_rolloff": {
        "mean": 1404.87304688
    },
    "spectral_skewness": {
        "mean": 1.54850542545
    },
    "spectral_spread": {
        "mean": 4313883
    },
    "spectral_strongpeak": {
        "mean": 0.608862876892
    },
    "zerocrossingrate": {
        "mean": 0.0564915798604
    },
    "barkbands": {
        "mean": [0.00036170927342, 0.0113548859954, 0.00533651607111, 0.00271468679421, 0.00288421846926, 0.00106057280209, 0.000773631210905, 0.00140788848512, 0.000646699219942, 0.00116644473746, 0.000590324634686, 0.000918079866096, 0.000791876984295, 0.000384599814424, 0.000478445028421, 0.00038566996227, 0.000678273790982, 0.000374236726202, 0.000570349569898, 0.000271829398116, 0.000278484832961, 0.000239583241637, 0.00018223686493, 0.000150625477545, 7.27365186322e-05, 2.10013331525e-05, 1.581487777e-05]
    },
    "erbbands": {
        "mean": [0.241845235229, 2.78162312508, 6.79180860519, 7.27396202087, 10.8301239014, 8.6071395874, 7.62226390839, 9.98919963837, 11.7225942612, 20.3116893768, 24.671289444, 18.4839897156, 24.4084472656, 34.1326026917, 32.2148132324, 42.4456939697, 37.9172363281, 23.4909038544, 25.0608882904, 20.5535411835, 24.2273406982, 33.4513130188, 25.4340724945, 21.5236854553, 28.842420578, 13.1840085983, 11.0809383392, 10.1462059021, 8.8445520401, 7.06409263611, 4.75091552734, 3.66229915619, 2.08956432343, 1.01807403564, 0.428771436214, 0.120019540191, 0.0337088406086, 0.0116617949679, 0.00219475431368, 0.000242913345573]
    },
    "gfcc": {
        "mean": [-7.99029111862, 94.7535018921, -119.932861328, 35.1698265076, -48.6145782471, 13.0468835831, -28.5949077606, 5.23147773743, -21.7403182983, -5.38820886612, -13.1966524124, -5.60295438766, -11.9959621429],
        "cov": [[19212.2792969, -2497.32592773, -30.0673160553, 1362.69140625, -498.078125, 644.138671875, -331.008575439, 576.648071289, -124.17578125, 139.276245117, -85.41065979, 444.157165527, -352.859222412], [-2497.32592773, 2193.09912109, -253.078079224, -343.374816895, 286.75982666, -304.496154785, 293.92666626, -177.446075439, 148.045425415, -77.2815628052, 78.541229248, -120.992919922, 287.774902344], [-30.0673160553, -253.078079224, 826.320007324, 35.1509513855, 204.026306152, 371.062347412, 227.356323242, 205.064422607, 149.254211426, 181.339675903, 66.5072555542, 102.30947876, 29.5144634247], [1362.69140625, -343.374816895, 35.1509513855, 379.389953613, 8.25887775421, 62.912853241, -84.6074295044, 5.55843830109, -22.9976921082, 13.3198986053, -5.9862742424, 46.0149116516, -26.6409244537], [-498.078125, 286.75982666, 204.026306152, 8.25887775421, 358.301177979, 138.507507324, 234.888809204, 63.016292572, 127.780548096, 105.005279541, 44.5455627441, 39.3420944214, 53.918926239], [644.138671875, -304.496154785, 371.062347412, 62.912853241, 138.507507324, 435.822753906, 224.173278809, 194.208938599, 89.2487716675, 147.100296021, 59.9322509766, 79.1499481201, -22.7248325348], [-331.008575439, 293.92666626, 227.356323242, -84.6074295044, 234.888809204, 224.173278809, 447.078887939, 136.570983887, 125.987220764, 108.221595764, 53.7723388672, 53.7089500427, 38.7185897827], [576.648071289, -177.446075439, 205.064422607, 5.55843830109, 63.016292572, 194.208938599, 136.570983887, 235.346954346, 99.7912750244, 92.6174468994, 49.778137207, 45.0249252319, -17.0478534698], [-124.17578125, 148.045425415, 149.254211426, -22.9976921082, 127.780548096, 89.2487716675, 125.987220764, 99.7912750244, 163.366577148, 86.6449966431, 41.9464073181, 11.6655769348, 31.0041923523], [139.276245117, -77.2815628052, 181.339675903, 13.3198986053, 105.005279541, 147.100296021, 108.221595764, 92.6174468994, 86.6449966431, 156.254974365, 47.9821395874, 49.13230896, 0.0749140977859], [-85.41065979, 78.541229248, 66.5072555542, -5.9862742424, 44.5455627441, 59.9322509766, 53.7723388672, 49.778137207, 41.9464073181, 47.9821395874, 106.002975464, 29.4163265228, 16.3362140656], [444.157165527, -120.992919922, 102.30947876, 46.0149116516, 39.3420944214, 79.1499481201, 53.7089500427, 45.0249252319, 11.6655769348, 49.13230896, 29.4163265228, 101.89881897, 19.9501266479], [-352.859222412, 287.774902344, 29.5144634247, -26.6409244537, 53.918926239, -22.7248325348, 38.7185897827, -17.0478534698, 31.0041923523, 0.0749140977859, 16.3362140656, 19.9501266479, 112.017684937]],
        "icov": [[0.000102889811387, -7.0709058491e-05, 9.51265901676e-05, -0.00032175166416, 0.000197110435693, -0.000132773377118, 8.22713263915e-05, -0.000297613907605, -3.20160288538e-05, -5.73258512304e-06, 0.00025713184732, -0.000487520679599, 0.000266822084086], [-7.0709058491e-05, 0.00176777830347, 0.000331490271492, 0.000721484073438, -0.000843751768116, 0.000980981742032, -0.001364803873, 0.00115005590487, -0.000779812224209, 0.00056873052381, -0.00169796450064, 0.00249634683132, -0.00340953771956], [9.51265901676e-05, 0.000331490271492, 0.00245765503496, -2.92844924843e-05, -0.00033980657463, -0.00140847917646, 9.47014414123e-05, -0.000398990901886, -0.000843792629894, -0.000445341080194, 0.000257870153291, -0.000670235662255, -0.00110648397822], [-0.00032175166416, 0.000721484073438, -2.92844924843e-05, 0.00456139678136, -0.00167601404246, -0.00030553599936, 0.00084563245764, 0.00135372544173, -0.000154141336679, 0.000576252117753, -0.000818378583062, 0.000240553039475, -0.000997216440737], [0.000197110435693, -0.000843751768116, -0.00033980657463, -0.00167601404246, 0.0064111193642, -0.000685940962285, -0.00167381914798, 0.000753956730478, -0.00227788975462, -0.00156286300626, 0.00102850119583, -0.0015779833775, 0.00071019603638], [-0.000132773377118, 0.000980981742032, -0.00140847917646, -0.00030553599936, -0.000685940962285, 0.00690644932911, -0.00258703180589, -0.00160331721418, 0.00137174362317, -0.00180524180178, -0.00157423783094, 0.00157027866226, -0.000687034334987], [8.22713263915e-05, -0.001364803873, 9.47014414123e-05, 0.00084563245764, -0.00167381914798, -0.00258703180589, 0.00604944257066, -0.0018032748485, -0.000159317976795, 9.70963374129e-05, 0.00154695473611, -0.00310351513326, 0.00222812220454], [-0.000297613907605, 0.00115005590487, -0.000398990901886, 0.00135372544173, 0.000753956730478, -0.00160331721418, -0.0018032748485, 0.0107267051935, -0.00520840380341, 0.000541797664482, -0.00266181421466, 0.000760408700444, -0.000203335453989], [-3.20160288538e-05, -0.000779812224209, -0.000843792629894, -0.000154141336679, -0.00227788975462, 0.00137174362317, -0.000159317976795, -0.00520840380341, 0.0148652764037, -0.00517101539299, -0.00046817646944, 0.00364126753993, -0.00196587434039], [-5.73258512304e-06, 0.00056873052381, -0.000445341080194, 0.000576252117753, -0.00156286300626, -0.00180524180178, 9.70963374129e-05, 0.000541797664482, -0.00517101539299, 0.0141469668597, -0.00244287541136, -0.00322777917609, 0.00156308489386], [0.00025713184732, -0.00169796450064, 0.000257870153291, -0.000818378583062, 0.00102850119583, -0.00157423783094, 0.00154695473611, -0.00266181421466, -0.00046817646944, -0.00244287541136, 0.0139792477712, -0.00506478222087, 0.00214983057231], [-0.000487520679599, 0.00249634683132, -0.000670235662255, 0.000240553039475, -0.0015779833775, 0.00157027866226, -0.00310351513326, 0.000760408700444, 0.00364126753993, -0.00322777917609, -0.00506478222087, 0.0205951482058, -0.00938348751515], [0.000266822084086, -0.00340953771956, -0.00110648397822, -0.000997216440737, 0.00071019603638, -0.000687034334987, 0.00222812220454, -0.000203335453989, -0.00196587434039, 0.00156308489386, 0.00214983057231, -0.00938348751515, 0.0191995892674]]
    },
    "melbands": {
        "mean": [0.00267819757573, 0.00362461176701, 0.00143617379945, 0.000681798497681, 0.000298259081319, 0.000213913444895, 0.000174088112544, 0.000246718671406, 0.000183957934496, 0.00010901423957, 0.000120925702504, 0.000141130250995, 8.69551731739e-05, 0.000112101137347, 0.000100166129414, 6.85296981828e-05, 4.1106959543e-05, 3.777828897e-05, 3.22645755659e-05, 2.88017708954e-05, 2.90436746582e-05, 3.67874054064e-05, 3.02502776321e-05, 1.71256033354e-05, 1.66128029377e-05, 2.34186281887e-05, 1.52407956193e-05, 7.1476138146e-06, 6.23627965979e-06, 7.71301256464e-06, 5.19536251886e-06, 5.05395337314e-06, 4.39259156337e-06, 3.84303666578e-06, 2.90164371108e-06, 2.24073710342e-06, 2.21245272769e-06, 1.51066149101e-06, 1.12988641376e-06, 7.64256810726e-07]
    },
    "melbands128": {
        "mean": [0.000340670871083, 0.00160450290423, 0.00341813266277, 0.00516877416521, 0.00412500742823, 0.00234082574025, 0.00133940158412, 0.00147797097452, 0.00112759077456, 0.000581107859034, 0.0004451093846, 0.000391694047721, 0.000246527168201, 0.00018608472601, 0.000265674811089, 0.000197231769562, 0.000161505842698, 0.000208308250876, 0.000134723173687, 0.000221886628424, 0.000333388423314, 0.000212309780181, 0.000205319942324, 8.2917198597e-05, 0.000124664860778, 0.000119512536912, 6.76292766002e-05, 0.000158353184815, 8.98216603673e-05, 0.000219589594053, 0.000132616405608, 4.32301931141e-05, 6.26129403827e-05, 0.000158738388564, 8.25359820738e-05, 0.0001105918127, 0.00014078374079, 6.67332860758e-05, 0.000124802041682, 7.29336970835e-05, 6.74725015415e-05, 3.28513524437e-05, 3.89883716707e-05, 5.40565779374e-05, 2.15091549762e-05, 3.55781776307e-05, 5.60323969694e-05, 3.42019120581e-05, 2.09431709663e-05, 2.29197048611e-05, 3.59448677045e-05, 2.84361194645e-05, 1.90242590179e-05, 3.02747575915e-05, 4.88462101202e-05, 3.55141855835e-05, 2.43143495027e-05, 4.52028907603e-05, 2.29786219279e-05, 2.3247430363e-05, 1.82797630259e-05, 9.91341221379e-06, 1.64960129041e-05, 1.7027152353e-05, 2.01962648134e-05, 2.46735944529e-05, 2.53940579569e-05, 2.03548588615e-05, 1.21992407003e-05, 9.47847274801e-06, 6.95272365192e-06, 6.44349211143e-06, 4.85849568577e-06, 7.08450988895e-06, 6.89229591444e-06, 6.75314959153e-06, 1.02604026324e-05, 4.33354034612e-06, 4.78962783745e-06, 5.35557774128e-06, 4.84208067064e-06, 4.81094548377e-06, 5.74957311983e-06, 3.85292560168e-06, 4.03386547987e-06, 3.77750234293e-06, 3.9386395656e-06, 3.60770036423e-06, 3.03888873532e-06, 2.20844458454e-06, 2.0098366349e-06, 2.36994583247e-06, 2.37800531977e-06, 2.46686181526e-06, 1.91986100617e-06, 1.60772583513e-06, 1.42928115565e-06, 1.36071116685e-06, 1.21779612527e-06, 9.45416445575e-07, 8.99537496934e-07, 7.45631098198e-07, 5.9307274114e-07, 5.54114990337e-07, 5.29615363121e-07, 4.21900210767e-07, 2.85433458203e-07, 2.04523672664e-07, 2.09768259651e-07, 1.5392092223e-07, 1.30556927047e-07, 1.00170318262e-07, 1.00984514972e-07, 9.53703604978e-08, 8.15137397581e-08, 9.44854505747e-08, 9.400794454e-08, 9.58059303002e-08, 8.44766958608e-08, 5.40127729209e-08, 5.85753028304e-08, 6.47626166028e-08, 7.58271312407e-08, 6.00346581336e-08, 4.87856617326e-08, 4.90918203866e-08, 2.52568970183e-08, 1.84711090867e-08]
    },
    "mfcc": {
        "mean": [-645.292663574, 121.242454529, -6.76417303085, 26.6283130646, 4.79205322266, 8.31205844879, 4.12398958206, 8.0834236145, -0.618911862373, 0.591946601868, -1.0201318264, -0.0887783318758, -1.85767304897],
        "cov": [[13151.4033203, -2205.27197266, 390.768798828, 150.884109497, 368.901489258, 313.425964355, 214.854217529, 413.835845947, -88.7284469604, -11.4317569733, 205.080886841, 355.592407227, 271.656433105], [-2205.27197266, 2102.77929688, -354.011657715, 128.89755249, -103.678749084, 54.9762878418, 43.239944458, -80.2380981445, 109.041297913, 6.73811388016, -55.7399787903, -93.3988494873, -25.7432250977], [390.768798828, -354.011657715, 633.031616211, -89.623588562, 114.143440247, 106.980880737, 120.438034058, 127.256332397, 108.472229004, 128.809387207, 85.3938598633, 118.18674469, 24.8010978699], [150.884109497, 128.89755249, -89.623588562, 244.953155518, 38.5529975891, 31.1613464355, -31.9897880554, -24.6018714905, 4.3365855217, -37.9733276367, -33.5329055786, -15.9408769608, 19.2917823792], [368.901489258, -103.678749084, 114.143440247, 38.5529975891, 215.828491211, 51.4095458984, 12.939494133, 24.7099514008, 34.509475708, 56.8569908142, 17.8808574677, 51.9967575073, 31.8109111786], [313.425964355, 54.9762878418, 106.980880737, 31.1613464355, 51.4095458984, 251.201919556, 146.802749634, 80.0675735474, 124.871894836, 42.5101509094, 85.9336624146, 78.306312561, 38.8105812073], [214.854217529, 43.239944458, 120.438034058, -31.9897880554, 12.939494133, 146.802749634, 233.623275757, 132.695281982, 111.453109741, 66.441986084, 102.218742371, 90.2022094727, 47.5420150757], [413.835845947, -80.2380981445, 127.256332397, -24.6018714905, 24.7099514008, 80.0675735474, 132.695281982, 171.285903931, 95.2180480957, 68.602432251, 84.6440887451, 77.4081344604, 34.1645774841], [-88.7284469604, 109.041297913, 108.472229004, 4.3365855217, 34.509475708, 124.871894836, 111.453109741, 95.2180480957, 200.85484314, 90.4786987305, 92.5028152466, 71.36743927, 27.7116203308], [-11.4317569733, 6.73811388016, 128.809387207, -37.9733276367, 56.8569908142, 42.5101509094, 66.441986084, 68.602432251, 90.4786987305, 159.698822021, 90.6107025146, 65.4146194458, 17.9164295197], [205.080886841, -55.7399787903, 85.3938598633, -33.5329055786, 17.8808574677, 85.9336624146, 102.218742371, 84.6440887451, 92.5028152466, 90.6107025146, 157.644317627, 90.3919296265, 29.2221279144], [355.592407227, -93.3988494873, 118.18674469, -15.9408769608, 51.9967575073, 78.306312561, 90.2022094727, 77.4081344604, 71.36743927, 65.4146194458, 90.3919296265, 136.447387695, 54.9712753296], [271.656433105, -25.7432250977, 24.8010978699, 19.2917823792, 31.8109111786, 38.8105812073, 47.5420150757, 34.1645774841, 27.7116203308, 17.9164295197, 29.2221279144, 54.9712753296, 96.3513259888]],
        "icov": [[0.000115622991871, 9.90673433989e-05, 3.77333635697e-05, -8.94261756912e-05, -9.3822774943e-05, -0.000164481563843, 7.86101300037e-05, -0.000317778147291, 0.000242654918111, 7.32006446924e-05, -3.57388416887e-05, -0.00010238775576, -0.000134357003844], [9.90673433989e-05, 0.00075377948815, 0.000420567026595, -0.000325972825522, 0.000191222759895, -0.00020747295639, -0.000496459309943, 0.000315576849971, -0.000443147844635, -0.000507601129357, 0.000539029191714, 0.000171639359905, -6.9667853495e-06], [3.77333635697e-05, 0.000420567026595, 0.00263695023023, 0.000647248991299, -0.000664938590489, -0.000598978134803, -0.000284815381747, -0.000679538876284, -0.000362213584594, -0.00129255861975, 0.00123790174257, -0.00111995136831, 0.000647970708087], [-8.94261756912e-05, -0.000325972825522, 0.000647248991299, 0.00544772716239, -0.00122810038738, -0.00119788118172, 0.00137709698174, -0.000225603493163, -0.00081433088053, 0.00112088327296, 0.00065985933179, 0.000395163078792, -0.00120364734903], [-9.3822774943e-05, 0.000191222759895, -0.000664938590489, -0.00122810038738, 0.00674182083458, -0.00126627995633, 0.00111894658767, 0.000408520514611, 0.000171059160493, -0.00290101021528, 0.00193880801089, -0.00165274052415, -0.000834923936054], [-0.000164481563843, -0.00020747295639, -0.000598978134803, -0.00119788118172, -0.00126627995633, 0.008927940391, -0.00449251383543, 0.00211151642725, -0.0036101215519, 0.00246659526601, -0.00185613275971, -0.000471170176752, 0.0005036132643], [7.86101300037e-05, -0.000496459309943, -0.000284815381747, 0.00137709698174, 0.00111894658767, -0.00449251383543, 0.0120642483234, -0.0061914450489, 0.000484783871798, 0.000219512236072, -0.0014520289842, -0.00102844124194, -0.00202703452669], [-0.000317778147291, 0.000315576849971, -0.000679538876284, -0.000225603493163, 0.000408520514611, 0.00211151642725, -0.0061914450489, 0.0140521610156, -0.00344741065055, -0.000926104490645, -0.000835243728943, -0.000935439136811, 0.000238032822381], [0.000242654918111, -0.000443147844635, -0.000362213584594, -0.00081433088053, 0.000171059160493, -0.0036101215519, 0.000484783871798, -0.00344741065055, 0.0114173870534, -0.00302162417211, -0.00163871014956, -0.000461621966679, -0.000126906015794], [7.32006446924e-05, -0.000507601129357, -0.00129255861975, 0.00112088327296, -0.00290101021528, 0.00246659526601, 0.000219512236072, -0.000926104490645, -0.00302162417211, 0.0133717423305, -0.0057664597407, -0.000338378828019, 0.000275113823591], [-3.57388416887e-05, 0.000539029191714, 0.00123790174257, 0.00065985933179, 0.00193880801089, -0.00185613275971, -0.0014520289842, -0.000835243728943, -0.00163871014956, -0.0057664597407, 0.0157695505768, -0.00605264632031, 0.00112828600686], [-0.00010238775576, 0.000171639359905, -0.00111995136831, 0.000395163078792, -0.00165274052415, -0.000471170176752, -0.00102844124194, -0.000935439136811, -0.000461621966679, -0.000338378828019, -0.00605264632031, 0.0176352150738, -0.00591174094006], [-0.000134357003844, -6.9667853495e-06, 0.000647970708087, -0.00120364734903, -0.000834923936054, 0.0005036132643, -0.00202703452669, 0.000238032822381, -0.000126906015794, 0.000275113823591, 0.00112828600686, -0.00591174094006, 0.0148343946785]]
    },
    "spectral_contrast_coeffs": {
        "mean": [-0.685986340046, -0.745167732239, -0.760343670845, -0.789690971375, -0.783941864967, -0.759957551956]
    },
    "spectral_contrast_valleys": {
        "mean": [-6.85222911835, -6.96452713013, -7.4029712677, -7.62657642365, -7.58985090256, -10.3674297333]
    }
},
"rhythm": {
    "beats_count": 531,
    "beats_loudness": {
        "mean": 0.0416503250599
    },
    "bpm": 143.89704895,
    "bpm_histogram_first_peak_bpm": 144,
    "bpm_histogram_first_peak_weight": 0.144654095173,
    "bpm_histogram_second_peak_bpm": 129,
    "bpm_histogram_second_peak_spread": 0.586666703224,
    "bpm_histogram_second_peak_weight": 0.175471693277,
    "danceability": 0.982660830021,
    "onset_rate": 2.62517237663,
    "beats_loudness_band_ratio": {
        "mean": [0.565602183342, 0.137326568365, 0.11778794229, 0.0958699807525, 0.0685131400824, 0.0579947717488]
    },
    "beats_position": [0.487619042397, 0.96362811327, 1.43963718414, 1.91564619541, 2.38004541397, 2.85605430603, 3.32045340538, 3.78485250473, 4.26086139679, 4.73687076569, 5.20126962662, 5.66566896439, 6.13006782532, 6.59446716309, 7.05886602402, 7.53487491608, 8.01088428497, 8.47528362274, 8.93968200684, 9.41569137573, 9.89170074463, 10.3560991287, 10.8204984665, 11.2848978043, 11.749297142, 12.2253055573, 12.7013149261, 13.1657142639, 13.6301136017, 14.0945119858, 14.5589113235, 15.0233106613, 15.4993190765, 15.9753284454, 16.4513378143, 16.9273471832, 17.391746521, 17.8561439514, 18.3205432892, 18.784942627, 19.2609519958, 19.7369613647, 20.2013607025, 20.6657600403, 21.1301574707, 21.5945568085, 22.0589561462, 22.523355484, 22.9993648529, 23.4637641907, 23.9397735596, 24.40417099, 24.8685703278, 25.3445796967, 25.8205890656, 26.2965984344, 26.7726078033, 27.2370071411, 27.7014045715, 28.1658039093, 28.6302032471, 29.0946025848, 29.5706119537, 30.0466213226, 30.5110206604, 30.9870281219, 31.4514274597, 31.9158267975, 32.391834259, 32.8678436279, 33.332244873, 33.8082542419, 34.2726516724, 34.7370529175, 35.2014503479, 35.6774597168, 36.1534690857, 36.6178665161, 37.0822677612, 37.5466651917, 38.0110664368, 38.4754638672, 38.9398651123, 39.4042625427, 39.8802719116, 40.3562812805, 40.8322906494, 41.2966880798, 41.7726974487, 42.2370948792, 42.7014961243, 43.1658935547, 43.6302947998, 44.0946922302, 44.5707015991, 45.046710968, 45.5111083984, 45.9755096436, 46.4515190125, 46.9275283813, 47.3919258118, 47.8563270569, 48.3207244873, 48.7851219177, 49.2611312866, 49.7371406555, 50.2015419006, 50.6659393311, 51.1419487, 51.6063499451, 52.0823554993, 52.5467567444, 53.0111541748, 53.4755554199, 53.9399528503, 54.4159622192, 54.8919715881, 55.3563690186, 55.8323783875, 56.3083877563, 56.7960090637, 57.2836265564, 57.7712478638, 58.2240333557, 58.6768226624, 59.129611969, 59.5824012756, 60.0235824585, 60.4531517029, 60.8827209473, 61.3006782532, 61.7186393738, 62.1365966797, 62.5545578003, 62.9725151062, 63.3788642883, 63.7852134705, 64.2031707764, 64.621131897, 65.0390930176, 65.4570541382, 65.8750076294, 66.29296875, 66.7109298706, 67.1288909912, 67.5468444824, 67.964805603, 68.3827667236, 68.8007278442, 69.2070770264, 69.6134262085, 70.0313796997, 70.4493408203, 70.8673019409, 71.2852630615, 71.7032165527, 72.1211776733, 72.5391387939, 72.9570999146, 73.3750534058, 73.7930145264, 74.210975647, 74.6289291382, 75.0468902588, 75.4648513794, 75.8828125, 76.3007659912, 76.7071151733, 77.1134643555, 77.5314254761, 77.9493865967, 78.3673477173, 78.7853012085, 79.2032623291, 79.6212234497, 80.0391845703, 80.4571380615, 80.8750991821, 81.2930603027, 81.7110214233, 82.1289749146, 82.5469360352, 82.9648971558, 83.3828582764, 83.8008117676, 84.2187728882, 84.6251220703, 85.0314712524, 85.449432373, 85.8673934937, 86.2853469849, 86.7033081055, 87.1212692261, 87.5392303467, 87.9571838379, 88.3751449585, 88.7931060791, 89.2110671997, 89.6290206909, 90.0469818115, 90.4649429321, 90.8829040527, 91.3008575439, 91.7188186646, 92.1367797852, 92.5547409058, 92.972694397, 93.3790435791, 93.7853927612, 94.2033538818, 94.6213150024, 95.039276123, 95.4572296143, 95.8751907349, 96.2931518555, 96.7111129761, 97.1290664673, 97.5470275879, 97.9649887085, 98.3829498291, 98.8009033203, 99.2188644409, 99.6368255615, 100.054779053, 100.461128235, 100.867477417, 101.285438538, 101.703399658, 102.121360779, 102.53931427, 102.957275391, 103.375236511, 103.793197632, 104.211151123, 104.629112244, 105.047073364, 105.465034485, 105.882987976, 106.300949097, 106.718910217, 107.136871338, 107.54322052, 107.949569702, 108.367523193, 108.785484314, 109.203445435, 109.621406555, 110.039360046, 110.457321167, 110.875282288, 111.293243408, 111.711196899, 112.12915802, 112.547119141, 112.965080261, 113.383033752, 113.800994873, 114.218955994, 114.636917114, 115.054870605, 115.461219788, 115.86756897, 116.28553009, 116.703491211, 117.121452332, 117.539405823, 117.957366943, 118.375328064, 118.793289185, 119.211242676, 119.629203796, 120.047164917, 120.465126038, 120.883079529, 121.301040649, 121.71900177, 122.136962891, 122.554916382, 122.972877502, 123.390838623, 123.820404053, 124.249977112, 124.679542542, 125.12071991, 125.573509216, 126.037910461, 126.502311707, 126.966712952, 127.40789032, 127.849067688, 128.301864624, 128.754638672, 129.195831299, 129.637008667, 130.089797974, 130.530975342, 130.983764648, 131.436553955, 131.889343262, 132.33052063, 132.771697998, 133.224487305, 133.677276611, 134.130065918, 134.582855225, 135.024032593, 135.476821899, 135.929611206, 136.370788574, 136.811965942, 137.253143311, 137.705932617, 138.158721924, 138.599899292, 139.041091919, 139.493881226, 139.935058594, 140.3878479, 140.829025269, 141.293426514, 141.734603882, 142.17578125, 142.628570557, 143.081359863, 143.522537231, 143.9637146, 144.404891968, 144.857681274, 145.310470581, 145.751647949, 146.204437256, 146.657226562, 147.110015869, 147.562805176, 148.003982544, 148.456771851, 148.909561157, 149.350738525, 149.803527832, 150.256317139, 150.697509766, 151.138687134, 151.59147644, 152.032653809, 152.485443115, 152.926620483, 153.367797852, 153.820587158, 154.273376465, 154.714553833, 155.16734314, 155.620132446, 156.061309814, 156.502487183, 156.966888428, 157.408065796, 157.849243164, 158.302032471, 158.754821777, 159.195999146, 159.648788452, 160.101577759, 160.554367065, 161.007156372, 161.448348999, 161.889526367, 162.330703735, 162.783493042, 163.236282349, 163.677459717, 164.130249023, 164.58303833, 165.024215698, 165.465393066, 165.906570435, 166.359359741, 166.812149048, 167.253326416, 167.706115723, 168.158905029, 168.600082397, 169.041259766, 169.505661011, 169.946838379, 170.399627686, 170.852416992, 171.293609619, 171.746398926, 172.187576294, 172.640365601, 173.081542969, 173.522720337, 173.975509644, 174.42829895, 174.881088257, 175.333877563, 175.775054932, 176.2162323, 176.657409668, 177.098587036, 177.562988281, 178.004165649, 178.456954956, 178.909744263, 179.350921631, 179.792098999, 180.233291626, 180.686080933, 181.138870239, 181.580047607, 182.032836914, 182.485626221, 182.926803589, 183.367980957, 183.820770264, 184.285171509, 184.761169434, 185.225570679, 185.701583862, 186.200805664, 186.688430786, 187.24571228, 187.791381836, 188.34866333, 188.917541504, 189.474822998, 190.032104492, 190.589385986, 191.158279419, 191.738769531, 192.319274902, 192.899765015, 193.526702881, 194.165252686, 194.815414429, 195.465576172, 196.115737915, 196.742675781, 197.369613647, 197.996551514, 198.62348938, 199.250427246, 199.877365112, 200.504302979, 201.131240845, 201.758178711, 202.361907959, 202.965621948, 203.569335938, 204.126617432, 204.695510864, 205.287612915, 205.879730225, 206.460220337, 207.052337646, 207.644439697, 208.236557007, 208.840270996, 209.443984985, 210.047698975, 210.651428223, 211.231918335, 211.812423706, 212.404525757, 212.985031128, 213.565536499, 214.134414673, 214.703308105, 215.272201538, 215.736587524, 216.20098877, 216.665390015, 217.12979126, 217.594192505, 218.05859375, 218.511383057, 218.975784302, 219.428573608, 219.892959595, 220.334152222, 220.77532959, 221.216506958, 221.657684326, 222.098861694, 222.540039062, 222.981216431, 223.434005737, 223.886795044, 224.397644043, 224.885253906, 225.384490967, 225.87210083, 226.359725952, 226.835739136, 227.311737061, 227.787750244, 228.252151489, 228.716552734, 229.180953979, 229.645339966, 230.109741211, 230.597366333, 231.073379517, 231.549377441, 231.955734253, 232.362075806, 232.780044556, 233.197998047, 233.569519043, 233.941040039, 234.312561035, 234.672470093, 235.043991089, 235.415512085, 235.787017822, 236.158538818, 236.530059814, 236.901580811, 237.273101807, 237.633010864, 238.00453186, 238.376052856, 238.747573853, 239.119094849, 239.560272217, 240.001449585, 240.454238892, 240.907028198, 241.359817505, 241.812606812, 242.265396118],
    "bpm_histogram": [0, 0, 0, 0, 0, 0, 0, 0, 0, 0, 0, 0, 0, 0, 0, 0, 0, 0, 0, 0, 0, 0, 0, 0, 0, 0, 0, 0, 0, 0, 0, 0, 0, 0, 0, 0, 0, 0, 0, 0, 0, 0, 0, 0, 0, 0, 0, 0, 0, 0, 0, 0, 0, 0, 0, 0, 0, 0, 0, 0, 0, 0, 0, 0, 0, 0, 0, 0, 0, 0, 0, 0, 0, 0, 0, 0, 0, 0, 0, 0, 0, 0, 0, 0, 0, 0, 0, 0, 0, 0, 0, 0, 0.00566037744284, 0, 0.00188679248095, 0, 0.0188679248095, 0, 0, 0.0132075473666, 0, 0.0113207548857, 0, 0.0150943398476, 0, 0.0113207548857, 0, 0, 0.0113207548857, 0, 0.00188679248095, 0, 0, 0, 0, 0, 0, 0.00188679248095, 0, 0, 0.00377358496189, 0, 0, 0.0150943398476, 0, 0, 0.103773586452, 0, 0, 0.175471693277, 0, 0, 0, 0.145283013582, 0, 0, 0.133962258697, 0, 0, 0, 0.00943396240473, 0, 0, 0, 0.256603777409, 0, 0, 0, 0.033962264657, 0, 0, 0, 0, 0, 0, 0, 0, 0, 0, 0, 0, 0.0245283022523, 0.00188679248095, 0, 0, 0, 0, 0.00377358496189, 0, 0, 0, 0, 0, 0, 0, 0, 0, 0, 0, 0, 0, 0, 0, 0, 0, 0, 0, 0, 0, 0, 0, 0, 0, 0, 0, 0, 0, 0, 0, 0, 0, 0, 0, 0, 0, 0, 0, 0, 0, 0, 0, 0, 0, 0, 0, 0, 0, 0, 0, 0, 0, 0, 0, 0, 0, 0, 0, 0, 0, 0, 0, 0, 0, 0, 0, 0, 0, 0, 0, 0, 0, 0, 0, 0, 0, 0, 0, 0, 0, 0]
},
"tonal": {
    "chords_changes_rate": 0.0481467321515,
    "chords_number_rate": 0.00191058462951,
    "chords_strength": {
        "mean": 0.524295032024
    },
    "hpcp_crest": {
        "mean": 14.6002731323
    },
    "hpcp_entropy": {
        "mean": 1.84480059147
    },
    "key_edma": {
        "strength": 0.836594462395,
        "key": "F",
        "scale": "major"
    },
    "key_krumhansl": {
        "strength": 0.846878767014,
        "key": "F",
        "scale": "major"
    },
    "key_temperley": {
        "strength": 0.856955885887,
        "key": "F",
        "scale": "major"
    },
    "tuning_diatonic_strength": 0.706039488316,
    "tuning_equal_tempered_deviation": 0.242053210735,
    "tuning_frequency": 434.193115234,
    "tuning_nontempered_energy_ratio": 0.961570680141,
    "hpcp": {
        "mean": [0.102275528014, 0.130476132035, 0.0889894068241, 0.139846876264, 0.174952179193, 0.0827096030116, 0.0316423289478, 0.0364502519369, 0.0680367350578, 0.249227330089, 0.282676070929, 0.10042616725, 0.0373174026608, 0.0294511448592, 0.0272314604372, 0.0740030631423, 0.0977726951241, 0.063991099596, 0.0413869805634, 0.0338097289205, 0.046794116497, 0.102563530207, 0.113595746458, 0.103943444788, 0.345144718885, 0.387912511826, 0.132163926959, 0.0463935770094, 0.0336217693985, 0.0433841720223, 0.140056923032, 0.168768614531, 0.0805905908346, 0.0440023727715, 0.0415082275867, 0.0483975820243]
    },
    "chords_histogram": [30.0726013184, 5.69354200363, 18.6855182648, 0.0573175400496, 1.35651504993, 0, 0, 0, 0, 0, 0, 0, 0, 0, 0, 1.91058468819, 0, 3.78295755386, 0.133740931749, 2.92319440842, 0.229270160198, 2.54107761383, 22.6786403656, 9.93504047394],
    "thpcp": [1, 0.340705513954, 0.119598045945, 0.0866735875607, 0.111840091646, 0.36105287075, 0.435068756342, 0.207754552364, 0.113433755934, 0.107004098594, 0.124764166772, 0.263656169176, 0.336354523897, 0.229405865073, 0.360511392355, 0.451009362936, 0.213217154145, 0.0815707892179, 0.0939651355147, 0.175391957164, 0.642483353615, 0.728710889816, 0.258888691664, 0.0962005630136, 0.0759221315384, 0.0702000036836, 0.190772563219, 0.252048313618, 0.16496270895, 0.106691531837, 0.0871581286192, 0.120630592108, 0.264398604631, 0.292838573456, 0.267955899239, 0.889748871326],
    "chords_key": "F",
    "chords_scale": "major"
}
}