{
"metadata": {
    "version": {
        "essentia": "2.1-beta6-dev",
        "essentia_git_sha": "v2.1_beta5-1177-g1d1cc983",
        "extractor": "music 2.0"
    },
    "audio_properties": {
        "analysis": {
            "equal_loudness": 0,
            "length": 206.026672363,
            "sample_rate": 44100,
            "start_time": 0,
            "downmix": "mix"
        },
        "bit_rate": 1411200,
        "length": 206.026672363,
        "lossless": 1,
        "number_channels": 2,
        "replay_gain": -14.7096252441,
        "sample_rate": 44100,
        "codec": "pcm_s16le",
        "md5_encoded": "ca88f96852643c23eec9d403c3538eca"
    },
    "tags": {
        "file_name": "01 - The Front Bottoms - Motorcycle.wav",
        "album": ["Back on Top"],
        "albumartist": ["The Front Bottoms"],
        "artist": ["The Front Bottoms"],
        "copyright": ["© 2015 Fueled By Ramen LLC for the United States and WEA International Inc. for the world outside of the United States. A Warner Music Group Company ℗ 2015 Fueled By Ramen LLC"],
        "date": ["2015"],
        "discnumber": ["1"],
        "disctotal": ["1"],
        "genre": ["Alternative & Indie"],
        "isrc": ["USAT21502129"],
        "title": ["Motorcycle"],
        "tracknumber": ["1"],
        "tracktotal": ["11"]
    }
},
"lowlevel": {
    "average_loudness": 0.941093742847,
    "barkbands_crest": {
        "mean": 10.8793706894
    },
    "barkbands_flatness_db": {
        "mean": 0.116028696299
    },
    "barkbands_kurtosis": {
        "mean": 2.95376801491
    },
    "barkbands_skewness": {
        "mean": 1.56292891502
    },
    "barkbands_spread": {
        "mean": 31.8138904572
    },
    "dissonance": {
        "mean": 0.47539973259
    },
    "dynamic_complexity": 2.14265012741,
    "erbbands_crest": {
        "mean": 7.82516765594
    },
    "erbbands_flatness_db": {
        "mean": 0.130395114422
    },
    "erbbands_kurtosis": {
        "mean": 0.118279129267
    },
    "erbbands_skewness": {
        "mean": -0.139401629567
    },
    "erbbands_spread": {
        "mean": 48.3531188965
    },
    "hfc": {
        "mean": 30.4782543182
    },
    "loudness_ebu128": {
        "integrated": -7.28578662872,
        "loudness_range": 5.13454580307,
        "momentary": {
            "mean": -8.66422367096
        },
        "short_term": {
            "mean": -7.83210754395
        }
    },
    "melbands_crest": {
        "mean": 15.1028499603
    },
    "melbands_flatness_db": {
        "mean": 0.177919372916
    },
    "melbands_kurtosis": {
        "mean": 15.8715801239
    },
    "melbands_skewness": {
        "mean": 3.17963910103
    },
    "melbands_spread": {
        "mean": 27.6198368073
    },
    "pitch_salience": {
        "mean": 0.521779716015
    },
    "silence_rate_20dB": {
        "mean": 1
    },
    "silence_rate_30dB": {
        "mean": 0.956389427185
    },
    "silence_rate_60dB": {
        "mean": 0.0551047995687
    },
    "spectral_centroid": {
        "mean": 1861.97302246
    },
    "spectral_complexity": {
        "mean": 24.9365558624
    },
    "spectral_decrease": {
        "mean": -9.03925734264e-09
    },
    "spectral_energy": {
        "mean": 0.036880698055
    },
    "spectral_energyband_high": {
        "mean": 0.00184121134225
    },
    "spectral_energyband_low": {
        "mean": 0.0188954770565
    },
    "spectral_energyband_middle_high": {
        "mean": 0.00526505149901
    },
    "spectral_energyband_middle_low": {
        "mean": 0.0122351851314
    },
    "spectral_entropy": {
        "mean": 7.81821727753
    },
    "spectral_flux": {
        "mean": 0.0926143079996
    },
    "spectral_kurtosis": {
        "mean": 3.20892047882
    },
    "spectral_rms": {
        "mean": 0.0055463379249
    },
    "spectral_rolloff": {
        "mean": 1967.03137207
    },
    "spectral_skewness": {
        "mean": 1.21520733833
    },
    "spectral_spread": {
        "mean": 5131774
    },
    "spectral_strongpeak": {
        "mean": 0.687028050423
    },
    "zerocrossingrate": {
        "mean": 0.0792351067066
    },
    "barkbands": {
        "mean": [0.00021668044792, 0.0137023692951, 0.00377460895106, 0.00269433530048, 0.00471647502854, 0.00110788503662, 0.00132276746444, 0.00117288448382, 0.000846314011142, 0.000828789663501, 0.000440744392108, 0.000431713211583, 0.000339938182151, 0.000259829248535, 0.000384796381695, 0.000497250759508, 0.000808924844023, 0.000582453620154, 0.000616837467533, 0.000489017460495, 0.000398041680455, 0.000293615885312, 0.000254584505456, 0.000298482715152, 0.000173212203663, 0.000121464283438, 8.79433864611e-05]
    },
    "erbbands": {
        "mean": [0.3925113976, 3.06254577637, 4.64114427567, 7.00904273987, 14.5418748856, 15.1950902939, 9.28560447693, 8.9315290451, 17.4730758667, 22.373796463, 26.3023147583, 19.0276145935, 27.4508495331, 22.1189746857, 18.8995723724, 18.4089183807, 16.5007400513, 14.7663526535, 17.6756839752, 20.8079681396, 33.3372688293, 44.1136131287, 33.8872795105, 27.9479598999, 31.9904384613, 23.6899414062, 19.5760936737, 12.7079191208, 11.3451852798, 7.6275177002, 7.12441682816, 6.8387055397, 4.55921077728, 2.13065218925, 1.15464043617, 0.544711649418, 0.216928526759, 0.0682181566954, 0.0133336018771, 0.0011561315041]
    },
    "gfcc": {
        "mean": [30.2728729248, 65.5567703247, -110.70500946, 40.6515426636, -54.1573410034, 3.16184520721, -30.1536197662, 9.38125038147, -21.4344520569, -4.5871553421, -14.8908805847, -2.299036026, -10.2176856995],
        "cov": [[11337.9609375, -222.487136841, 1291.1192627, 692.534545898, 692.036315918, 335.502258301, 49.7971534729, 379.607391357, 135.722564697, 434.397521973, -349.709442139, 201.973052979, -123.303291321], [-222.487136841, 1174.27380371, -482.977783203, 437.750061035, 19.6098003387, -6.50993013382, 107.59690094, -72.7733078003, 95.4043579102, -46.8769073486, 56.1955604553, -64.4341583252, 71.501159668], [1291.1192627, -482.977783203, 1433.97033691, 317.905151367, 628.313964844, 139.414703369, 139.196304321, 152.824127197, 166.439865112, 285.416137695, -120.776679993, 115.574554443, -3.98973488808], [692.534545898, 437.750061035, 317.905151367, 961.762451172, 378.842651367, 134.213531494, 122.356330872, 29.5752983093, 229.619491577, 151.254257202, -32.1940994263, -9.37933826447, 93.6533737183], [692.036315918, 19.6098003387, 628.313964844, 378.842651367, 603.487731934, 53.320274353, 142.467544556, 71.6235961914, 171.807800293, 190.282241821, -58.9661369324, 53.7293739319, 49.4997215271], [335.502258301, -6.50993013382, 139.414703369, 134.213531494, 53.320274353, 228.407394409, 78.3842315674, 61.9409294128, 28.0043029785, 30.9741764069, -1.40858221054, 7.75705337524, 1.40926969051], [49.7971534729, 107.59690094, 139.196304321, 122.356330872, 142.467544556, 78.3842315674, 237.59866333, 41.0125350952, 65.981880188, 68.9128570557, 10.2114849091, 31.7172241211, 28.9204978943], [379.607391357, -72.7733078003, 152.824127197, 29.5752983093, 71.6235961914, 61.9409294128, 41.0125350952, 128.837539673, 57.9176673889, 44.0751037598, -5.8411397934, 37.1429023743, 0.486966192722], [135.722564697, 95.4043579102, 166.439865112, 229.619491577, 171.807800293, 28.0043029785, 65.981880188, 57.9176673889, 158.791717529, 100.799095154, 5.29658126831, 15.9129800797, 34.4792709351], [434.397521973, -46.8769073486, 285.416137695, 151.254257202, 190.282241821, 30.9741764069, 68.9128570557, 44.0751037598, 100.799095154, 164.12802124, 3.44860053062, 37.4374084473, 16.0310115814], [-349.709442139, 56.1955604553, -120.776679993, -32.1940994263, -58.9661369324, -1.40858221054, 10.2114849091, -5.8411397934, 5.29658126831, 3.44860053062, 98.9487915039, 23.0995674133, 19.0408000946], [201.973052979, -64.4341583252, 115.574554443, -9.37933826447, 53.7293739319, 7.75705337524, 31.7172241211, 37.1429023743, 15.9129800797, 37.4374084473, 23.0995674133, 82.2984619141, 24.6774177551], [-123.303291321, 71.501159668, -3.98973488808, 93.6533737183, 49.4997215271, 1.40926969051, 28.9204978943, 0.486966192722, 34.4792709351, 16.0310115814, 19.0408000946, 24.6774177551, 81.2242355347]],
        "icov": [[0.000148791630636, -7.84140793257e-05, 5.06585820403e-05, -0.000108559244836, -1.74407141458e-05, -0.000112195149995, 0.000179343187483, -0.000343589490512, 0.000408402032917, -0.00052491313545, 0.000599668710493, -0.000505588192027, 0.000316607707646], [-7.84140793257e-05, 0.00176574895158, 0.000751918123569, -0.000769610400312, -0.000393035385059, 0.000315406970913, -0.000938259181567, 0.000691336521413, -0.000941491976846, 0.00117992283776, -0.000832110003103, 0.000587046379223, -1.63112213158e-06], [5.06585820403e-05, 0.000751918123569, 0.00233763037249, -0.000345651642419, -0.00157060183119, -0.000615436350927, 4.81803945149e-05, -0.000238269698457, 0.00031214923365, -0.00160458101891, 0.00177220895421, -0.00187919556629, 0.00122014584485], [-0.000108559244836, -0.000769610400312, -0.000345651642419, 0.00268253101967, -0.000473841733765, -0.00134827510919, 0.000481830502395, 0.00136791716795, -0.00263235229068, -1.87092937267e-05, 0.000480848160805, 0.000998618430458, -0.00175991992], [-1.74407141458e-05, -0.000393035385059, -0.00157060183119, -0.000473841733765, 0.0048398016952, 0.000745775119867, -0.000956919917371, 0.000303905457258, -0.00142898678314, -0.00129361415748, 0.00153323018458, -0.000305564870359, -0.00123947800603], [-0.000112195149995, 0.000315406970913, -0.000615436350927, -0.00134827510919, 0.000745775119867, 0.0067507699132, -0.00214047194459, -0.0032844399102, 0.00202034343965, 0.00062143499963, -0.00186437240336, 0.00224890979007, 6.01095780439e-05], [0.000179343187483, -0.000938259181567, 4.81803945149e-05, 0.000481830502395, -0.000956919917371, -0.00214047194459, 0.00650273822248, -0.000536248320714, 3.57186509063e-05, -0.00192615482956, 0.0006423847517, -0.0018225342501, -0.000378699012799], [-0.000343589490512, 0.000691336521413, -0.000238269698457, 0.00136791716795, 0.000303905457258, -0.0032844399102, -0.000536248320714, 0.015063050203, -0.00865523610264, 0.00298997317441, 0.000837883737404, -0.00502741336823, 0.00166827777866], [0.000408402032917, -0.000941491976846, 0.00031214923365, -0.00263235229068, -0.00142898678314, 0.00202034343965, 3.57186509063e-05, -0.00865523610264, 0.0199972931296, -0.00864770915359, -0.000921347702388, 0.00312510621734, -0.00214121723548], [-0.00052491313545, 0.00117992283776, -0.00160458101891, -1.87092937267e-05, -0.00129361415748, 0.00062143499963, -0.00192615482956, 0.00298997317441, -0.00864770915359, 0.0174419376999, -0.00511851301417, -0.000525453942828, 0.00114067364484], [0.000599668710493, -0.000832110003103, 0.00177220895421, 0.000480848160805, 0.00153323018458, -0.00186437240336, 0.0006423847517, 0.000837883737404, -0.000921347702388, -0.00511851301417, 0.0181497503072, -0.00852916482836, -0.000222387883696], [-0.000505588192027, 0.000587046379223, -0.00187919556629, 0.000998618430458, -0.000305564870359, 0.00224890979007, -0.0018225342501, -0.00502741336823, 0.00312510621734, -0.000525453942828, -0.00852916482836, 0.0240611694753, -0.0082354368642], [0.000316607707646, -1.63112213158e-06, 0.00122014584485, -0.00175991992, -0.00123947800603, 6.01095780439e-05, -0.000378699012799, 0.00166827777866, -0.00214121723548, 0.00114067364484, -0.000222387883696, -0.0082354368642, 0.0189999938011]]
    },
    "melbands": {
        "mean": [0.00376569246873, 0.00294920033775, 0.0014597614063, 0.00109602627344, 0.000397506693844, 0.000212615050259, 0.000270079239272, 0.000238064763835, 0.000202326846193, 0.000118226373161, 0.000135420807055, 8.80267616594e-05, 6.5746193286e-05, 4.95649364893e-05, 4.54306718893e-05, 2.9865093893e-05, 2.62458706857e-05, 2.59244206973e-05, 2.55591094174e-05, 3.07800073642e-05, 4.08700034313e-05, 4.73355867143e-05, 3.84797458537e-05, 2.64556347247e-05, 2.09931367863e-05, 2.64095288003e-05, 1.85531589523e-05, 1.44826426549e-05, 1.32144296003e-05, 8.72474174685e-06, 6.96058395988e-06, 6.83620055497e-06, 4.78624497191e-06, 4.11844439441e-06, 3.98440488425e-06, 4.39293899035e-06, 4.09130871049e-06, 3.43436863659e-06, 2.26301494877e-06, 1.64257198776e-06]
    },
    "melbands128": {
        "mean": [0.000210836922633, 0.00264591211453, 0.00596304656938, 0.00468450784683, 0.00264663575217, 0.00178899348248, 0.00132379273418, 0.001427786774, 0.00159222120419, 0.00109980243724, 0.000828956719488, 0.000559935753699, 0.000289732619422, 0.000185963668628, 0.000136123562697, 0.000288199022179, 0.000306218687911, 0.00025793837267, 0.000218551926082, 0.000305432768073, 0.000177358742803, 0.000231782920309, 0.000245776987867, 0.000115552895295, 0.000119207179523, 8.82026652107e-05, 0.000186557270354, 0.000160446492373, 6.07985930401e-05, 0.000123151912703, 7.43551718188e-05, 6.60468722344e-05, 8.44670066726e-05, 4.51092564617e-05, 5.11560247105e-05, 5.13778068125e-05, 4.92373474117e-05, 4.02655350626e-05, 5.28965065314e-05, 3.2307481888e-05, 1.872915891e-05, 3.45481203112e-05, 3.11883013637e-05, 1.99079713639e-05, 1.48720018842e-05, 2.9246943086e-05, 3.87260915886e-05, 1.92097340914e-05, 2.1496320187e-05, 3.37466990459e-05, 2.93605207844e-05, 2.89732706733e-05, 4.421245103e-05, 4.1022838559e-05, 4.73161308037e-05, 5.3930310969e-05, 3.75478921342e-05, 4.74532644148e-05, 4.02474834118e-05, 2.03805684578e-05, 3.04098921333e-05, 2.45785231527e-05, 1.98121397261e-05, 2.07528191822e-05, 2.13029725273e-05, 3.09478200506e-05, 2.6995632652e-05, 1.78019381565e-05, 1.58642760653e-05, 2.08395649679e-05, 1.37927891046e-05, 1.23111649373e-05, 1.2040411093e-05, 1.60641993716e-05, 1.08247722892e-05, 9.46726140683e-06, 7.222946806e-06, 6.78904007145e-06, 7.17431203157e-06, 6.64404387862e-06, 7.13260760676e-06, 6.98971507518e-06, 6.03540502198e-06, 4.28201155955e-06, 4.05867785958e-06, 3.89775232179e-06, 3.92840820496e-06, 5.12080168846e-06, 3.3980943499e-06, 3.69479153051e-06, 4.69471660836e-06, 4.24537847721e-06, 4.45162095275e-06, 4.29833289672e-06, 3.79559696739e-06, 3.6017693219e-06, 3.38148606716e-06, 3.23981953443e-06, 2.13295675167e-06, 1.97657664103e-06, 1.62488015576e-06, 1.66369193266e-06, 1.55966961302e-06, 1.46229410802e-06, 1.41008240462e-06, 1.06603067707e-06, 1.05517085558e-06, 9.24452990603e-07, 9.89624709291e-07, 8.82762378751e-07, 8.00222949238e-07, 8.15643375063e-07, 6.09162384535e-07, 6.50430592941e-07, 5.10277970989e-07, 5.73733984766e-07, 5.25267751073e-07, 5.36327092959e-07, 4.36372346257e-07, 3.71273216615e-07, 4.1603078671e-07, 3.89958273672e-07, 3.5431617107e-07, 3.04020545627e-07, 2.90540015158e-07, 2.52729535077e-07, 2.36028583345e-07, 2.59863412566e-07]
    },
    "mfcc": {
        "mean": [-612.02142334, 96.7800292969, 0.368831515312, 35.2151451111, 0.937633514404, -0.41549757123, 0.42301890254, 7.63976383209, -0.401818424463, 0.910491287708, -2.10528564453, -0.346017718315, -3.45580148697],
        "cov": [[5804.60449219, 129.561920166, 752.605957031, 717.47467041, 646.981140137, 435.214111328, 136.435943604, 136.67805481, 456.22366333, 251.12878418, 91.2778244019, 197.168579102, 206.923355103], [129.561920166, 641.528930664, -169.719482422, 155.109039307, -21.0522174835, 46.5796470642, 17.9802589417, 12.0169153214, 31.1413555145, 1.41887843609, 13.2664899826, 2.65860152245, 28.968454361], [752.605957031, -169.719482422, 628.82019043, 257.417724609, 287.253051758, 194.860366821, 78.6321640015, 46.9519386292, 184.384277344, 100.294708252, 47.0534896851, 80.5804595947, 94.0289840698], [717.47467041, 155.109039307, 257.417724609, 830.530456543, 380.129364014, 347.602142334, 37.197101593, 13.1886873245, 291.266906738, 127.79460144, 65.3881225586, 101.362052917, 156.293258667], [646.981140137, -21.0522174835, 287.253051758, 380.129364014, 452.890808105, 189.629974365, 29.7875041962, 7.26667356491, 203.159988403, 90.7909240723, 44.4495201111, 70.9979629517, 92.8664169312], [435.214111328, 46.5796470642, 194.860366821, 347.602142334, 189.629974365, 306.975250244, 93.6932220459, 34.6954803467, 168.385253906, 97.6919250488, 54.6537361145, 55.5850791931, 74.959022522], [136.435943604, 17.9802589417, 78.6321640015, 37.197101593, 29.7875041962, 93.6932220459, 134.399902344, 51.6598052979, 60.9525794983, 14.6613998413, 32.9194030762, 27.880771637, 25.5033378601], [136.67805481, 12.0169153214, 46.9519386292, 13.1886873245, 7.26667356491, 34.6954803467, 51.6598052979, 123.553070068, 46.6784477234, 27.7500858307, 8.13236045837, 22.2723579407, 13.2533931732], [456.22366333, 31.1413555145, 184.384277344, 291.266906738, 203.159988403, 168.385253906, 60.9525794983, 46.6784477234, 234.223983765, 91.6235351562, 54.9884376526, 55.3226509094, 85.037902832], [251.12878418, 1.41887843609, 100.294708252, 127.79460144, 90.7909240723, 97.6919250488, 14.6613998413, 27.7500858307, 91.6235351562, 113.526733398, 36.4505348206, 30.8294296265, 32.4867134094], [91.2778244019, 13.2664899826, 47.0534896851, 65.3881225586, 44.4495201111, 54.6537361145, 32.9194030762, 8.13236045837, 54.9884376526, 36.4505348206, 90.7081069946, 45.8212852478, 31.5056705475], [197.168579102, 2.65860152245, 80.5804595947, 101.362052917, 70.9979629517, 55.5850791931, 27.880771637, 22.2723579407, 55.3226509094, 30.8294296265, 45.8212852478, 94.3087997437, 57.304649353], [206.923355103, 28.968454361, 94.0289840698, 156.293258667, 92.8664169312, 74.959022522, 25.5033378601, 13.2533931732, 85.037902832, 32.4867134094, 31.5056705475, 57.304649353, 95.3154678345]],
        "icov": [[0.000232024292927, -9.48406013777e-05, -0.000168517639395, 8.15480234451e-06, -0.000137755094329, -1.83132488019e-05, 1.17377976494e-05, -7.37117152312e-05, -0.000133693494718, -0.000136836300953, 0.000164207769558, -0.00022400385933, 8.00252892077e-05], [-9.48406013777e-05, 0.00201731338166, 0.000885943009052, -0.000635857577436, 0.000241928573814, 6.13005686319e-05, -0.000482027477119, -0.000242076392169, 9.85463702818e-05, 5.46904739167e-05, -0.000265060923994, 0.000523906433955, -0.000693764130119], [-0.000168517639395, 0.000885943009052, 0.00306010711938, 0.000170865474502, -0.00105248112231, -0.000553234887775, -0.000742279691622, -0.000170961240656, -0.000297302176477, -0.000593776640017, 0.000381783291232, -0.000305499095703, -0.000994398375042], [8.15480234451e-06, -0.000635857577436, 0.000170865474502, 0.00406793039292, -0.00110938586295, -0.00342718535103, 0.00252635567449, 0.000413102243328, -0.00210116361268, 0.00087970047025, 0.000662083853967, -0.000799043627921, -0.00178435759153], [-0.000137755094329, 0.000241928573814, -0.00105248112231, -0.00110938586295, 0.00502621475607, -0.000111687280878, 0.000614873715676, 0.00105579942465, -0.00222406350076, 2.91596643365e-05, 0.000399747019401, -0.00087706168415, 0.0003318314848], [-1.83132488019e-05, 6.13005686319e-05, -0.000553234887775, -0.00342718535103, -0.000111687280878, 0.0104124620557, -0.00610515475273, 0.00096784386551, 5.85227899137e-05, -0.00429476192221, -0.000271850673016, 0.000858806597535, 0.000590834475588], [1.17377976494e-05, -0.000482027477119, -0.000742279691622, 0.00252635567449, 0.000614873715676, -0.00610515475273, 0.0144723569974, -0.0041061504744, -0.00257526151836, 0.00499084312469, -0.00279292440973, -0.000789829471614, -0.000393921858631], [-7.37117152312e-05, -0.000242076392169, -0.000170961240656, 0.000413102243328, 0.00105579942465, 0.00096784386551, -0.0041061504744, 0.0112906517461, -0.00244536367245, -0.00257738027722, 0.00276434142143, -0.00281086564064, 0.00130012573209], [-0.000133693494718, 9.85463702818e-05, -0.000297302176477, -0.00210116361268, -0.00222406350076, 5.85227899137e-05, -0.00257526151836, -0.00244536367245, 0.0135122258216, -0.00404810113832, -0.00259629054926, 0.00322594866157, -0.00460788188502], [-0.000136836300953, 5.46904739167e-05, -0.000593776640017, 0.00087970047025, 2.91596643365e-05, -0.00429476192221, 0.00499084312469, -0.00257738027722, -0.00404810113832, 0.0164901949465, -0.00352230737917, -0.000620236154646, 0.00132418423891], [0.000164207769558, -0.000265060923994, 0.000381783291232, 0.000662083853967, 0.000399747019401, -0.000271850673016, -0.00279292440973, 0.00276434142143, -0.00259629054926, -0.00352230737917, 0.0175479315221, -0.00766215007752, 0.000772144994698], [-0.00022400385933, 0.000523906433955, -0.000305499095703, -0.000799043627921, -0.00087706168415, 0.000858806597535, -0.000789829471614, -0.00281086564064, 0.00322594866157, -0.000620236154646, -0.00766215007752, 0.0215698517859, -0.0103820851073], [8.00252892077e-05, -0.000693764130119, -0.000994398375042, -0.00178435759153, 0.0003318314848, 0.000590834475588, -0.000393921858631, 0.00130012573209, -0.00460788188502, 0.00132418423891, 0.000772144994698, -0.0103820851073, 0.0232184287161]]
    },
    "spectral_contrast_coeffs": {
        "mean": [-0.689799010754, -0.750425815582, -0.756236195564, -0.786968052387, -0.775862336159, -0.747505903244]
    },
    "spectral_contrast_valleys": {
        "mean": [-6.77328872681, -6.78419160843, -7.4668598175, -7.56466054916, -7.05322027206, -9.77232837677]
    }
},
"rhythm": {
    "beats_count": 451,
    "beats_loudness": {
        "mean": 0.0754657685757
    },
    "bpm": 132.263671875,
    "bpm_histogram_first_peak_bpm": 133,
    "bpm_histogram_first_peak_weight": 0.601769924164,
    "bpm_histogram_second_peak_bpm": 126,
    "bpm_histogram_second_peak_spread": 0.140625,
    "bpm_histogram_second_peak_weight": 0.122222222388,
    "danceability": 1.147757411,
    "onset_rate": 3.57208251953,
    "beats_loudness_band_ratio": {
        "mean": [0.676747441292, 0.106393925846, 0.10333571583, 0.0555925443769, 0.0464351885021, 0.05560208112]
    },
    "beats_position": [0.557278871536, 1.1261677742, 1.70666658878, 2.28716540337, 2.86766433716, 3.43655323982, 4.00544214249, 4.51628112793, 5.02712011337, 5.53795909882, 6.03718805313, 6.54802703857, 7.05886602402, 7.56970500946, 8.04571437836, 8.52172279358, 8.98612213135, 9.45052146912, 9.91492080688, 10.379319191, 10.8437185287, 11.3081178665, 11.7725172043, 12.2369155884, 12.7013149261, 13.177324295, 13.6533327103, 14.117732048, 14.5937414169, 15.0581407547, 15.5341491699, 15.9985485077, 16.4629478455, 16.9273471832, 17.391746521, 17.8561439514, 18.3321533203, 18.7965526581, 19.272562027, 19.7485713959, 20.2245807648, 20.6889801025, 21.153377533, 21.6177768707, 22.0937862396, 22.5581855774, 23.0341949463, 23.4985942841, 23.9862117767, 24.4506111145, 24.9150104523, 25.3910198212, 25.8670291901, 26.343038559, 26.8190479279, 27.2950553894, 27.7594547272, 28.2354640961, 28.711473465, 29.1874828339, 29.6518821716, 30.1162815094, 30.5922889709, 31.0566883087, 31.5326976776, 32.0203170776, 32.4847145081, 32.960723877, 33.4367332458, 33.901134491, 34.3771438599, 34.8415412903, 35.3059387207, 35.7819480896, 36.269569397, 36.7339668274, 37.1983680725, 37.6859855652, 38.1503829956, 38.6147842407, 39.0907936096, 39.5668029785, 40.0312004089, 40.4956016541, 40.9599990845, 41.4243965149, 41.8771858215, 42.3299751282, 42.7827644348, 43.2239456177, 43.6651229858, 44.1179122925, 44.5823135376, 45.0351028442, 45.4995002747, 45.9522895813, 46.3934669495, 46.8346481323, 47.287437439, 47.7402267456, 48.1814041138, 48.6225852966, 49.0753746033, 49.5281639099, 49.9693412781, 50.4105224609, 50.8633079529, 51.3160972595, 51.7572784424, 52.1984558105, 52.6396369934, 53.1040344238, 53.5452156067, 53.9980049133, 54.45079422, 54.8919715881, 55.333152771, 55.7743301392, 56.2387275696, 56.6799087524, 57.1210861206, 57.5738754272, 58.0266647339, 58.4678459167, 58.9090232849, 59.3618125916, 59.8146018982, 60.2557830811, 60.6969604492, 61.1497497559, 61.6025390625, 62.0437164307, 62.4848976135, 62.9260749817, 63.3788642883, 63.831653595, 64.2960510254, 64.7372360229, 65.1784133911, 65.6195907593, 66.0723800659, 66.5251693726, 66.9779586792, 67.4307479858, 67.895149231, 68.3595428467, 68.8239440918, 69.2883453369, 69.7527389526, 70.2171401978, 70.6699295044, 71.122718811, 71.5755081177, 72.0282974243, 72.4926986694, 72.9570999146, 73.4214935303, 73.8858947754, 74.338684082, 74.7914733887, 75.2442626953, 75.697052002, 76.1498413086, 76.6026306152, 77.0670318604, 77.5314254761, 77.9958267212, 78.4602279663, 78.924621582, 79.3890228271, 79.8534240723, 80.3294296265, 80.8054428101, 81.2698364258, 81.7342376709, 82.2102508545, 82.6862564087, 83.1622695923, 83.6382751465, 84.1142807007, 84.5902938843, 85.0546951294, 85.5190887451, 85.9951019287, 86.4711074829, 86.9471206665, 87.4231262207, 87.8875274658, 88.3519287109, 88.8395462036, 89.3155517578, 89.7915649414, 90.2559585571, 90.7435836792, 91.2195892334, 91.695602417, 92.1599960327, 92.6360092163, 93.1120147705, 93.5764160156, 94.0408172607, 94.5052108765, 94.9928359985, 95.4572296143, 95.9216308594, 96.3976364136, 96.8736495972, 97.3380508423, 97.802444458, 98.2668457031, 98.7428588867, 99.2188644409, 99.683265686, 100.147659302, 100.612060547, 101.064849854, 101.51763916, 101.958816528, 102.411605835, 102.864395142, 103.305580139, 103.758361816, 104.211151123, 104.652336121, 105.093513489, 105.534690857, 105.975868225, 106.417053223, 106.869842529, 107.322631836, 107.775421143, 108.22820282, 108.669387817, 109.122177124, 109.574966431, 110.016143799, 110.457321167, 110.898498535, 111.339683533, 111.804077148, 112.245262146, 112.686439514, 113.127616882, 113.56879425, 114.021583557, 114.474372864, 114.915550232, 115.368339539, 115.821128845, 116.262313843, 116.715103149, 117.167892456, 117.620681763, 118.07346344, 118.514648438, 118.955825806, 119.408615112, 119.861404419, 120.314193726, 120.766983032, 121.219772339, 121.672561646, 122.113739014, 122.554916382, 122.99609375, 123.437278748, 123.878456116, 124.319633484, 124.784034729, 125.236824036, 125.689613342, 126.142402649, 126.595191956, 127.047981262, 127.500770569, 127.941947937, 128.394729614, 128.847518921, 129.300308228, 129.753097534, 130.205886841, 130.658676147, 131.111465454, 131.564254761, 132.005432129, 132.458221436, 132.911010742, 133.352203369, 133.804992676, 134.257781982, 134.722167969, 135.174957275, 135.627746582, 136.068939209, 136.521713257, 136.974502563, 137.42729187, 137.880081177, 138.332870483, 138.78565979, 139.226852417, 139.679641724, 140.13243103, 140.585220337, 141.037994385, 141.490783691, 141.943572998, 142.384765625, 142.825942993, 143.2787323, 143.731521606, 144.184310913, 144.63710022, 145.089889526, 145.542678833, 145.99546814, 146.448257446, 146.901046753, 147.35383606, 147.795013428, 148.247802734, 148.700592041, 149.141769409, 149.582946777, 150.047348022, 150.488525391, 150.941314697, 151.394104004, 151.858505249, 152.322906494, 152.775695801, 153.240081787, 153.704483032, 154.168884277, 154.621673584, 155.074462891, 155.527252197, 155.980041504, 156.328338623, 156.676635742, 157.0365448, 157.384857178, 157.744766235, 158.116271973, 158.487792969, 158.859313965, 159.219223022, 159.57913208, 159.950653076, 160.322174072, 160.705307007, 161.076828003, 161.459945679, 161.843078613, 162.214599609, 162.597732544, 162.980865479, 163.468475342, 163.956100464, 164.432098389, 164.896499634, 165.372512817, 165.836914062, 166.301315308, 166.765716553, 167.230117798, 167.694503784, 168.158905029, 168.623306274, 169.08770752, 169.552108765, 170.01651001, 170.492507935, 170.968521118, 171.421310425, 171.874099731, 172.338500977, 172.791290283, 173.24407959, 173.708480835, 174.17288208, 174.637283325, 175.101669312, 175.566070557, 176.030471802, 176.494873047, 176.947662354, 177.40045166, 177.841629028, 178.294418335, 178.747207642, 179.18838501, 179.652786255, 180.093963623, 180.535140991, 180.976318359, 181.440719604, 181.881896973, 182.323074341, 182.764266968, 183.217056274, 183.669830322, 184.111022949, 184.563812256, 185.016601562, 185.469390869, 185.922180176, 186.363357544, 186.804534912, 187.24571228, 187.686889648, 188.139678955, 188.592468262, 189.03364563, 189.486434937, 189.939224243, 190.380401611, 190.821578979, 191.262756348, 191.715545654, 192.168334961, 192.609527588, 193.073913574, 193.515090942, 193.967880249, 194.420669556, 194.885070801, 195.349472046, 195.813873291, 196.278274536, 196.75428772, 197.218673706, 197.648254395, 198.066207886, 198.495773315, 198.925354004, 199.343307495, 199.761260986, 200.179229736, 200.608795166, 201.038360596, 201.467926025, 201.897506714, 202.338684082, 202.77986145, 203.20942688, 203.63899231, 204.05696106, 204.498138428, 204.927703857, 205.368881226],
    "bpm_histogram": [0, 0, 0, 0, 0, 0, 0, 0, 0, 0, 0, 0, 0, 0, 0, 0, 0, 0, 0, 0, 0, 0, 0, 0, 0, 0, 0, 0, 0, 0, 0, 0, 0, 0, 0, 0, 0, 0, 0, 0, 0, 0, 0, 0, 0, 0, 0, 0, 0, 0, 0, 0, 0, 0, 0, 0, 0, 0, 0, 0, 0, 0, 0, 0, 0, 0, 0, 0, 0, 0, 0, 0, 0, 0, 0, 0, 0, 0, 0, 0, 0, 0, 0, 0, 0, 0, 0, 0, 0, 0, 0, 0, 0, 0, 0, 0, 0, 0, 0, 0, 0, 0, 0, 0.0066666668281, 0, 0.0066666668281, 0, 0, 0, 0, 0, 0, 0, 0, 0, 0, 0, 0.0133333336562, 0, 0, 0.00222222227603, 0, 0, 0.019999999553, 0, 0, 0.122222222388, 0, 0, 0.259999990463, 0, 0, 0, 0.300000011921, 0, 0, 0.19333332777, 0, 0, 0, 0.0222222227603, 0, 0, 0, 0.0111111113802, 0, 0, 0, 0, 0, 0, 0, 0, 0, 0, 0, 0, 0.0111111113802, 0, 0, 0, 0.0133333336562, 0.00222222227603, 0, 0, 0, 0, 0.00888888910413, 0, 0, 0, 0, 0.0066666668281, 0, 0, 0, 0, 0, 0, 0, 0, 0, 0, 0, 0, 0, 0, 0, 0, 0, 0, 0, 0, 0, 0, 0, 0, 0, 0, 0, 0, 0, 0, 0, 0, 0, 0, 0, 0, 0, 0, 0, 0, 0, 0, 0, 0, 0, 0, 0, 0, 0, 0, 0, 0, 0, 0, 0, 0, 0, 0, 0, 0, 0, 0, 0, 0, 0, 0, 0, 0, 0, 0, 0, 0, 0, 0, 0, 0, 0]
},
"tonal": {
    "chords_changes_rate": 0.0628661587834,
    "chords_number_rate": 0.00270392070524,
    "chords_strength": {
        "mean": 0.513838350773
    },
    "hpcp_crest": {
        "mean": 13.4878263474
    },
    "hpcp_entropy": {
        "mean": 2.02216982841
    },
    "key_edma": {
        "strength": 0.793210446835,
        "key": "C",
        "scale": "major"
    },
    "key_krumhansl": {
        "strength": 0.78944671154,
        "key": "C",
        "scale": "major"
    },
    "key_temperley": {
        "strength": 0.786609828472,
        "key": "C",
        "scale": "major"
    },
    "tuning_diatonic_strength": 0.650570809841,
    "tuning_equal_tempered_deviation": 0.0293809156865,
    "tuning_frequency": 440.508636475,
    "tuning_nontempered_energy_ratio": 0.701297879219,
    "hpcp": {
        "mean": [0.172202631831, 0.105137012899, 0.0598296076059, 0.0557890869677, 0.0647655203938, 0.145007893443, 0.226973026991, 0.181918367743, 0.216059416533, 0.237364903092, 0.112973116338, 0.0579909682274, 0.0566044040024, 0.0531408973038, 0.120791010559, 0.212891206145, 0.152328848839, 0.0582954511046, 0.045482929796, 0.0501522235572, 0.10576402396, 0.14510884881, 0.103337109089, 0.0662044510245, 0.0523092225194, 0.0457415170968, 0.0883909016848, 0.129499837756, 0.112445808947, 0.207760006189, 0.266910046339, 0.137055039406, 0.0617718063295, 0.0590803064406, 0.0713751465082, 0.142176166177]
    },
    "chords_histogram": [20.031545639, 8.99053668976, 22.8481292725, 11.9423160553, 11.7395219803, 1.64488506317, 1.39702570438, 0.518251478672, 2.14060378075, 1.68995046616, 2.63632273674, 0.27039206028, 0, 0, 0.06759801507, 0, 0, 1.55475437641, 0, 0.33799007535, 0, 0.698512852192, 0.40558809042, 11.0860748291],
    "thpcp": [1, 0.513487756252, 0.231433048844, 0.221349135041, 0.267412751913, 0.532674491405, 0.645171046257, 0.393904298544, 0.224156454206, 0.209018304944, 0.242649242282, 0.543283760548, 0.850372731686, 0.68157184124, 0.809484004974, 0.889306724072, 0.423262894154, 0.217267841101, 0.212072968483, 0.199096649885, 0.452553242445, 0.797614037991, 0.570712327957, 0.218408599496, 0.170405462384, 0.18789935112, 0.396253436804, 0.543662011623, 0.387160807848, 0.248040318489, 0.195980712771, 0.17137427628, 0.331163644791, 0.485181570053, 0.421287298203, 0.778389632702],
    "chords_key": "G",
    "chords_scale": "major"
}
}