{
"metadata": {
    "version": {
        "essentia": "2.1-beta6-dev",
        "essentia_git_sha": "v2.1_beta5-1177-g1d1cc983",
        "extractor": "music 2.0"
    },
    "audio_properties": {
        "analysis": {
            "equal_loudness": 0,
            "length": 194.820922852,
            "sample_rate": 44100,
            "start_time": 0,
            "downmix": "mix"
        },
        "bit_rate": 1411200,
        "length": 194.820922852,
        "lossless": 1,
        "number_channels": 2,
        "replay_gain": -14.6842784882,
        "sample_rate": 44100,
        "codec": "pcm_s16le",
        "md5_encoded": "dd565a8530297f97f9a6235d3981b2e3"
    },
    "tags": {
        "file_name": "07 - The Front Bottoms - The Feud.wav",
        "album": ["Talon Of The Hawk"],
        "albumartist": ["The Front Bottoms"],
        "artist": ["The Front Bottoms"],
        "copyright": ["2013 Bar None Records 2013 Bar None Records"],
        "date": ["2013"],
        "discnumber": ["1"],
        "disctotal": ["1"],
        "genre": ["Rock"],
        "isrc": ["US37V1322207"],
        "title": ["The Feud"],
        "tracknumber": ["7"],
        "tracktotal": ["12"]
    }
},
"lowlevel": {
    "average_loudness": 0.977469146252,
    "barkbands_crest": {
        "mean": 8.69247150421
    },
    "barkbands_flatness_db": {
        "mean": 0.109678544104
    },
    "barkbands_kurtosis": {
        "mean": 13.7962312698
    },
    "barkbands_skewness": {
        "mean": 1.37047219276
    },
    "barkbands_spread": {
        "mean": 23.1060161591
    },
    "dissonance": {
        "mean": 0.472468405962
    },
    "dynamic_complexity": 2.31342291832,
    "erbbands_crest": {
        "mean": 7.24892187119
    },
    "erbbands_flatness_db": {
        "mean": 0.121883057058
    },
    "erbbands_kurtosis": {
        "mean": -0.060843244195
    },
    "erbbands_skewness": {
        "mean": 0.226017028093
    },
    "erbbands_spread": {
        "mean": 45.6041297913
    },
    "hfc": {
        "mean": 30.0168838501
    },
    "loudness_ebu128": {
        "integrated": -7.07892560959,
        "loudness_range": 1.54096269608,
        "momentary": {
            "mean": -8.4094285965
        },
        "short_term": {
            "mean": -7.63224983215
        }
    },
    "melbands_crest": {
        "mean": 12.7909841537
    },
    "melbands_flatness_db": {
        "mean": 0.183740720153
    },
    "melbands_kurtosis": {
        "mean": 17.817150116
    },
    "melbands_skewness": {
        "mean": 2.8871679306
    },
    "melbands_spread": {
        "mean": 23.0816020966
    },
    "pitch_salience": {
        "mean": 0.59188169241
    },
    "silence_rate_20dB": {
        "mean": 1
    },
    "silence_rate_30dB": {
        "mean": 0.998927533627
    },
    "silence_rate_60dB": {
        "mean": 0.0270495712757
    },
    "spectral_centroid": {
        "mean": 1329.33618164
    },
    "spectral_complexity": {
        "mean": 27.5551719666
    },
    "spectral_decrease": {
        "mean": -1.1604083916e-08
    },
    "spectral_energy": {
        "mean": 0.0465191565454
    },
    "spectral_energyband_high": {
        "mean": 0.00131514493842
    },
    "spectral_energyband_low": {
        "mean": 0.0200300980359
    },
    "spectral_energyband_middle_high": {
        "mean": 0.00699217664078
    },
    "spectral_energyband_middle_low": {
        "mean": 0.0206439346075
    },
    "spectral_entropy": {
        "mean": 7.76343393326
    },
    "spectral_flux": {
        "mean": 0.11561139673
    },
    "spectral_kurtosis": {
        "mean": 3.8061337471
    },
    "spectral_rms": {
        "mean": 0.0065041212365
    },
    "spectral_rolloff": {
        "mean": 1570.60290527
    },
    "spectral_skewness": {
        "mean": 1.50760889053
    },
    "spectral_spread": {
        "mean": 5335967.5
    },
    "spectral_strongpeak": {
        "mean": 0.713203966618
    },
    "zerocrossingrate": {
        "mean": 0.0722334459424
    },
    "barkbands": {
        "mean": [0.00024427761673, 0.00959690567106, 0.00783190503716, 0.00495143653825, 0.00671362597495, 0.00222488748841, 0.00248706270941, 0.0017853617901, 0.00223260954954, 0.00101981230546, 0.00118471693713, 0.000955030613113, 0.000531821337063, 0.00057421263773, 0.000594256445765, 0.000663750281092, 0.000603047956247, 0.000419217307353, 0.000405614991905, 0.000373308197595, 0.00027616583975, 0.000140998527058, 0.000231405414524, 0.000221027803491, 0.000145199199324, 9.843751468e-05, 1.25636006487e-05]
    },
    "erbbands": {
        "mean": [0.185991927981, 2.47205901146, 8.67238998413, 13.4382762909, 21.1353225708, 21.4129581451, 18.4587860107, 20.3844985962, 26.0451869965, 47.0560951233, 42.3800811768, 38.3850440979, 47.6460418701, 39.3516387939, 41.1353034973, 35.6263999939, 27.747795105, 28.9355678558, 28.1233310699, 30.687297821, 40.361328125, 36.8691062927, 24.0544929504, 18.6115226746, 22.7466449738, 15.8749475479, 14.1436414719, 9.03682899475, 5.01442813873, 5.60505962372, 6.6653175354, 5.14342260361, 3.44859647751, 1.87946259975, 0.954421639442, 0.653311431408, 0.108456104994, 0.0168678611517, 0.00237172283232, 0.000149468920426]
    },
    "gfcc": {
        "mean": [42.275302887, 84.4332809448, -101.730018616, 32.4699859619, -53.5867271423, 12.1901721954, -36.9545898438, 11.8958644867, -24.3236904144, -0.307306319475, -18.5470085144, -3.64333724976, -11.4350976944],
        "cov": [[24795.1542969, 3111.69750977, -1804.96008301, 571.134887695, -919.637084961, -106.709030151, -658.104309082, 321.844085693, -696.454833984, 121.579978943, -621.326782227, 97.920173645, -308.449829102], [3111.69750977, 1315.69616699, -589.117370605, 115.851570129, -57.9720077515, -63.5386505127, -2.46156668663, 58.9510345459, -27.1657905579, -45.1189117432, 15.7019701004, -31.5373325348, 11.3490953445], [-1804.96008301, -589.117370605, 684.116516113, -43.7897109985, 128.945480347, 51.0628623962, 20.1664886475, -32.1471672058, 29.8144607544, 67.0985565186, -20.3589820862, 35.7255363464, -5.49045705795], [571.134887695, 115.851570129, -43.7897109985, 264.620483398, 23.6029434204, 2.13424015045, -25.2202377319, 12.5624494553, 15.421957016, -4.69917631149, -3.10349988937, -15.5443372726, -2.2009510994], [-919.637084961, -57.9720077515, 128.945480347, 23.6029434204, 216.217941284, 16.1516513824, 35.1361198425, 6.43022680283, 41.1577148438, 13.287987709, 9.61018657684, 7.58031988144, 3.90254545212], [-106.709030151, -63.5386505127, 51.0628623962, 2.13424015045, 16.1516513824, 119.391052246, 52.8950881958, -4.58079051971, 3.62989187241, 19.4153995514, 19.2725944519, 3.28062486649, 4.10693502426], [-658.104309082, -2.46156668663, 20.1664886475, -25.2202377319, 35.1361198425, 52.8950881958, 130.124679565, 12.9638776779, 17.9529209137, 4.98920202255, 34.2261505127, -0.931226491928, 10.5681667328], [321.844085693, 58.9510345459, -32.1471672058, 12.5624494553, 6.43022680283, -4.58079051971, 12.9638776779, 84.0102081299, 33.5862960815, 2.7620704174, -9.14397239685, 3.38954663277, 1.41918444633], [-696.454833984, -27.1657905579, 29.8144607544, 15.421957016, 41.1577148438, 3.62989187241, 17.9529209137, 33.5862960815, 106.953292847, 17.4932250977, 23.7410030365, -11.9609003067, 16.863401413], [121.579978943, -45.1189117432, 67.0985565186, -4.69917631149, 13.287987709, 19.4153995514, 4.98920202255, 2.7620704174, 17.4932250977, 78.3191146851, 6.29603528976, 8.66180801392, -8.47291183472], [-621.326782227, 15.7019701004, -20.3589820862, -3.10349988937, 9.61018657684, 19.2725944519, 34.2261505127, -9.14397239685, 23.7410030365, 6.29603528976, 91.5039901733, 15.9722957611, 21.5483646393], [97.920173645, -31.5373325348, 35.7255363464, -15.5443372726, 7.58031988144, 3.28062486649, -0.931226491928, 3.38954663277, -11.9609003067, 8.66180801392, 15.9722957611, 59.3314170837, 12.5381631851], [-308.449829102, 11.3490953445, -5.49045705795, -2.2009510994, 3.90254545212, 4.10693502426, 10.5681667328, 1.41918444633, 16.863401413, -8.47291183472, 21.5483646393, 12.5381631851, 56.1310501099]],
        "icov": [[0.000320925144479, -0.000601365289185, 0.000327308516717, -0.000426287791925, 0.000742686330341, -0.000891837058589, 0.00110215391032, -0.00120207201689, 0.00143101636786, -0.0013202301925, 0.00168067775667, -0.0012454277603, 0.00074071623385], [-0.000601365289185, 0.00247593014501, 0.000527931959368, 0.000393234950025, -0.00172631430905, 0.00212687626481, -0.00233946368098, 0.00164908601437, -0.00206310069188, 0.00202797167003, -0.00324247567914, 0.0026040521916, -0.0017859491054], [0.000327308516717, 0.000527931959368, 0.00337507110089, -0.000454076129245, -0.000529798795469, -0.00115801987704, 0.00078709225636, -0.000276663689874, 0.000983481178991, -0.00289708096534, 0.00309052923694, -0.00259813223965, 0.000645709980745], [-0.000426287791925, 0.000393234950025, -0.000454076129245, 0.00485110329464, -0.00168859947007, 0.000257311214227, 9.56954245339e-05, 0.00107236858457, -0.00230661546811, 0.00207542208955, -0.00251726596616, 0.00268810219131, -0.000850618060213], [0.000742686330341, -0.00172631430905, -0.000529798795469, -0.00168859947007, 0.00773340277374, -0.00183475541417, 0.000975646718871, -0.00217697769403, 0.00103735481389, -0.00249839574099, 0.00420820945874, -0.00407696561888, 0.0023865189869], [-0.000891837058589, 0.00212687626481, -0.00115801987704, 0.000257311214227, -0.00183475541417, 0.0137718198821, -0.00770190730691, 0.00389932375401, -0.00281008891761, 0.00122854916845, -0.00549592450261, 0.00379442912526, -0.00267063151114], [0.00110215391032, -0.00233946368098, 0.00078709225636, 9.56954245339e-05, 0.000975646718871, -0.00770190730691, 0.0154175739735, -0.00703893927857, 0.00557550415397, -0.00371019798331, 0.00179526954889, -0.00177539023571, 0.0018534619594], [-0.00120207201689, 0.00164908601437, -0.000276663689874, 0.00107236858457, -0.00217697769403, 0.00389932375401, -0.00703893927857, 0.0215061530471, -0.0129243340343, 0.00514445034787, -0.000875368306879, -0.000859294668771, -0.00108907476533], [0.00143101636786, -0.00206310069188, 0.000983481178991, -0.00230661546811, 0.00103735481389, -0.00281008891761, 0.00557550415397, -0.0129243340343, 0.022559100762, -0.00938498228788, 0.00219461531378, 0.0018933826359, -0.00176240107976], [-0.0013202301925, 0.00202797167003, -0.00289708096534, 0.00207542208955, -0.00249839574099, 0.00122854916845, -0.00371019798331, 0.00514445034787, -0.00938498228788, 0.0213757567108, -0.00771156512201, 0.00223433808424, 0.00129285897128], [0.00168067775667, -0.00324247567914, 0.00309052923694, -0.00251726596616, 0.00420820945874, -0.00549592450261, 0.00179526954889, -0.000875368306879, 0.00219461531378, -0.00771156512201, 0.0253559630364, -0.0126767195761, 0.00116273225285], [-0.0012454277603, 0.0026040521916, -0.00259813223965, 0.00268810219131, -0.00407696561888, 0.00379442912526, -0.00177539023571, -0.000859294668771, 0.0018933826359, 0.00223433808424, -0.0126767195761, 0.0282287597656, -0.00882785394788], [0.00074071623385, -0.0017859491054, 0.000645709980745, -0.000850618060213, 0.0023865189869, -0.00267063151114, 0.0018534619594, -0.00108907476533, -0.00176240107976, 0.00129285897128, 0.00116273225285, -0.00882785394788, 0.0242349412292]]
    },
    "melbands": {
        "mean": [0.00216476782225, 0.00415374292061, 0.00261323037557, 0.00148998457007, 0.000738634145819, 0.000452055333881, 0.000422880315455, 0.000495198997669, 0.000335777236614, 0.000264525588136, 0.000240704699536, 0.000156006513862, 0.000162764059496, 9.1449226602e-05, 9.08218426048e-05, 5.34281098226e-05, 5.25217874383e-05, 4.37083981524e-05, 4.70888808195e-05, 3.76577154384e-05, 4.75908345834e-05, 3.91709436371e-05, 2.83071913145e-05, 1.68153928826e-05, 1.4256371287e-05, 1.75716868398e-05, 1.40250058394e-05, 9.79607648333e-06, 9.82641904557e-06, 6.60980731482e-06, 4.65408447781e-06, 2.80959193333e-06, 2.53805933426e-06, 3.3624542084e-06, 3.7946942939e-06, 3.85524026569e-06, 2.84326620204e-06, 2.4571393169e-06, 2.05327592084e-06, 1.42748240251e-06]
    },
    "melbands128": {
        "mean": [0.000223500857828, 0.00117488927208, 0.00266976258717, 0.00461165094748, 0.0046937065199, 0.00368737312965, 0.00263665476814, 0.00253232102841, 0.00227701081894, 0.00125982705504, 0.00119660142809, 0.00101687852293, 0.000599158287514, 0.000417759118136, 0.000431847496657, 0.000492280116305, 0.000437489157775, 0.00032255394035, 0.000478959525935, 0.000669572444167, 0.000373894814402, 0.000413292465964, 0.000308368500555, 0.000325709232129, 0.00016108310956, 0.000261117616901, 0.000450856838142, 0.000149862025864, 0.000196620851057, 0.000125964506879, 0.000138426825288, 0.000212451792322, 0.000219644702156, 5.92670730839e-05, 0.000115852417366, 7.93540675659e-05, 8.585001342e-05, 0.000135013018735, 5.44100585103e-05, 5.00568421558e-05, 4.58579706901e-05, 7.2183276643e-05, 5.08704542881e-05, 4.41822085122e-05, 4.96395405207e-05, 4.24824393122e-05, 3.41238264809e-05, 6.35521064396e-05, 3.93829905079e-05, 3.88928092434e-05, 3.14179596899e-05, 3.93450682168e-05, 6.87015708536e-05, 3.74801275029e-05, 3.30628099618e-05, 4.86736826133e-05, 3.45367443515e-05, 2.88434730464e-05, 2.96927992167e-05, 1.95497541426e-05, 1.40188130899e-05, 1.68869282788e-05, 1.45962721945e-05, 1.2520630662e-05, 1.52137690748e-05, 1.92866609723e-05, 1.76003741217e-05, 1.69491922861e-05, 1.31639681058e-05, 9.9035742096e-06, 8.78511764313e-06, 1.00967272374e-05, 1.18590323837e-05, 9.74774502538e-06, 7.91862203187e-06, 5.97233110966e-06, 7.08157176632e-06, 5.39695929547e-06, 4.53917436971e-06, 3.48607113665e-06, 2.96210600936e-06, 2.45036176239e-06, 2.45189744419e-06, 2.39133964897e-06, 2.7262894946e-06, 3.24735879076e-06, 3.440628916e-06, 3.94341213905e-06, 3.59425416718e-06, 3.95963479605e-06, 4.12378267356e-06, 3.78548634217e-06, 3.44068644154e-06, 2.77124377135e-06, 2.62399680651e-06, 2.33566788665e-06, 2.53176858678e-06, 2.4191049306e-06, 2.17144429371e-06, 1.79704704806e-06, 1.62577930496e-06, 1.38508721648e-06, 1.1653016827e-06, 1.09429379336e-06, 9.13235965072e-07, 9.71523149929e-07, 1.06324125682e-06, 1.8015734895e-06, 1.44160594573e-06, 7.59267152262e-07, 3.91434554103e-07, 3.68067020418e-07, 2.99930007941e-07, 2.33647071468e-07, 1.74974246647e-07, 1.16955327201e-07, 9.42108329127e-08, 1.13107923028e-07, 1.04221022923e-07, 8.77245653896e-08, 5.94746758509e-08, 3.13201979907e-08, 2.16065050296e-08, 1.74008025766e-08, 1.49749901368e-08, 1.33274662417e-08, 1.13503482169e-08, 5.82830139706e-09]
    },
    "mfcc": {
        "mean": [-596.912475586, 118.38457489, 7.73488521576, 24.6556282043, 6.64489459991, 1.42851626873, 1.21427464485, 4.63760995865, 1.26779913902, 5.13581562042, -6.9167265892, 0.461021512747, -0.808347344398],
        "cov": [[10561.4755859, 1302.05480957, 3.32867026329, 119.551727295, -76.5387802124, -11.6696443558, -39.2318191528, 24.6405143738, -7.83214902878, 63.7586479187, -156.046539307, 14.2022438049, -30.3004627228], [1302.05480957, 838.580322266, -172.446685791, 27.8976306915, -12.1713190079, -36.2893829346, 26.0385990143, 38.6364593506, 12.8238239288, 20.6200580597, -11.642083168, 21.5644264221, 23.2598876953], [3.32867026329, -172.446685791, 329.781219482, 21.8564319611, 31.5761985779, 53.7224349976, 0.988435089588, -30.1343154907, 14.4198703766, -10.3999462128, 10.4601173401, -4.74271917343, 7.17945337296], [119.551727295, 27.8976306915, 21.8564319611, 181.721237183, 75.2213287354, 7.68248176575, -11.203915596, 14.3272953033, 11.3622932434, 15.3630142212, 4.93135070801, 2.61822414398, 8.31031990051], [-76.5387802124, -12.1713190079, 31.5761985779, 75.2213287354, 160.516052246, 23.1746120453, -15.4333553314, 2.61022734642, 20.6867218018, 5.76323843002, 13.7668972015, 3.6748278141, 1.54921793938], [-11.6696443558, -36.2893829346, 53.7224349976, 7.68248176575, 23.1746120453, 117.67350769, 45.6105537415, -7.01195955276, 3.52339863777, 3.94712257385, 17.1338577271, 7.98051929474, 7.23304986954], [-39.2318191528, 26.0385990143, 0.988435089588, -11.203915596, -15.4333553314, 45.6105537415, 102.394142151, 21.7175178528, -0.133195310831, -12.3694267273, 8.77822780609, 10.1979646683, 11.3912944794], [24.6405143738, 38.6364593506, -30.1343154907, 14.3272953033, 2.61022734642, -7.01195955276, 21.7175178528, 78.2439193726, 17.106300354, 5.01266145706, -2.21109390259, 10.2708368301, 4.94871234894], [-7.83214902878, 12.8238239288, 14.4198703766, 11.3622932434, 20.6867218018, 3.52339863777, -0.133195310831, 17.106300354, 74.9515457153, 29.7955207825, 11.2819566727, -2.46475601196, 2.70685458183], [63.7586479187, 20.6200580597, -10.3999462128, 15.3630142212, 5.76323843002, 3.94712257385, -12.3694267273, 5.01266145706, 29.7955207825, 70.535774231, 22.7816829681, 3.16982150078, -4.5947227478], [-156.046539307, -11.642083168, 10.4601173401, 4.93135070801, 13.7668972015, 17.1338577271, 8.77822780609, -2.21109390259, 11.2819566727, 22.7816829681, 63.6815338135, 19.4849433899, 3.80473065376], [14.2022438049, 21.5644264221, -4.74271917343, 2.61822414398, 3.6748278141, 7.98051929474, 10.1979646683, 10.2708368301, -2.46475601196, 3.16982150078, 19.4849433899, 56.2685317993, 21.4653835297], [-30.3004627228, 23.2598876953, 7.17945337296, 8.31031990051, 1.54921793938, 7.23304986954, 11.3912944794, 4.94871234894, 2.70685458183, -4.5947227478, 3.80473065376, 21.4653835297, 50.8095703125]],
        "icov": [[0.000132972374558, -0.000232019549003, -0.000137969735079, -7.42703196011e-05, 9.80739641818e-05, -0.000103531507193, 9.87960083876e-05, 1.06458974187e-05, 6.18947087787e-05, -0.000173392589204, 0.000396868301323, -0.000177910274942, 0.000232183578191], [-0.000232019549003, 0.00182873336598, 0.000930669310037, -0.000159474395332, -0.000149445841089, 0.000541034212802, -0.000724729092326, -3.99518066843e-05, -0.000350433139829, -0.000140426869621, -0.000201399467187, -6.43074090476e-05, -0.000938825774938], [-0.000137969735079, 0.000930669310037, 0.00406487984583, -0.000462959927972, -0.000178444999619, -0.00140814122278, 0.000229969853535, 0.00126321136486, -0.00144585035741, 0.00134613364935, -0.000669787172228, 0.000418962037656, -0.000903754960746], [-7.42703196011e-05, -0.000159474395332, -0.000462959927972, 0.00732838269323, -0.00343175465241, 0.000134464207804, 0.000435891910456, -0.0015250116121, 0.00102174887434, -0.00171558104921, 0.000180597300641, 0.000760073075071, -0.00151238800026], [9.80739641818e-05, -0.000149445841089, -0.000178444999619, -0.00343175465241, 0.00880507938564, -0.00221332372166, 0.00236226106063, -0.000178565911483, -0.00234239595011, 0.00200452632271, -0.00130867748521, -0.000584775756579, 0.000898901897017], [-0.000103531507193, 0.000541034212802, -0.00140814122278, 0.000134464207804, -0.00221332372166, 0.0127357160673, -0.00670857867226, 0.00234120176174, 0.000616227451246, -0.0021104644984, -0.00105752795935, -0.00045606540516, -0.000553767720703], [9.87960083876e-05, -0.000724729092326, 0.000229969853535, 0.000435891910456, 0.00236226106063, -0.00670857867226, 0.0151954889297, -0.0047394358553, -0.000423870573286, 0.0040712794289, -0.00229221722111, 0.000201172893867, -0.00129787297919], [1.06458974187e-05, -3.99518066843e-05, 0.00126321136486, -0.0015250116121, -0.000178565911483, 0.00234120176174, -0.0047394358553, 0.0165378842503, -0.0042005283758, -0.000432970788097, 0.00252366694622, -0.00360522931442, 0.000738292001188], [6.18947087787e-05, -0.000350433139829, -0.00144585035741, 0.00102174887434, -0.00234239595011, 0.000616227451246, -0.000423870573286, -0.0042005283758, 0.0185539610684, -0.00787227973342, -0.000838716456201, 0.0032833116129, -0.0023022654932], [-0.000173392589204, -0.000140426869621, 0.00134613364935, -0.00171558104921, 0.00200452632271, -0.0021104644984, 0.0040712794289, -0.000432970788097, -0.00787227973342, 0.0215199068189, -0.00739470496774, -0.000105334715045, 0.00238366797566], [0.000396868301323, -0.000201399467187, -0.000669787172228, 0.000180597300641, -0.00130867748521, -0.00105752795935, -0.00229221722111, 0.00252366694622, -0.000838716456201, -0.00739470496774, 0.0228903945535, -0.00819903239608, 0.00197824835777], [-0.000177910274942, -6.43074090476e-05, 0.000418962037656, 0.000760073075071, -0.000584775756579, -0.00045606540516, 0.000201172893867, -0.00360522931442, 0.0032833116129, -0.000105334715045, -0.00819903239608, 0.0254423096776, -0.0101904086769], [0.000232183578191, -0.000938825774938, -0.000903754960746, -0.00151238800026, 0.000898901897017, -0.000553767720703, -0.00129787297919, 0.000738292001188, -0.0023022654932, 0.00238366797566, 0.00197824835777, -0.0101904086769, 0.0253903213888]]
    },
    "spectral_contrast_coeffs": {
        "mean": [-0.698219299316, -0.755405187607, -0.752536296844, -0.790255963802, -0.794154703617, -0.780126929283]
    },
    "spectral_contrast_valleys": {
        "mean": [-6.15951251984, -6.3243637085, -7.04269456863, -7.27135801315, -7.15825414658, -9.65893936157]
    }
},
"rhythm": {
    "beats_count": 405,
    "beats_loudness": {
        "mean": 0.0497426018119
    },
    "bpm": 122.011489868,
    "bpm_histogram_first_peak_bpm": 123,
    "bpm_histogram_first_peak_weight": 0.531707286835,
    "bpm_histogram_second_peak_bpm": 133,
    "bpm_histogram_second_peak_spread": 0.461538434029,
    "bpm_histogram_second_peak_weight": 0.155940592289,
    "danceability": 1.13294005394,
    "onset_rate": 3.95198822021,
    "beats_loudness_band_ratio": {
        "mean": [0.48619261384, 0.186662241817, 0.152090445161, 0.0898037403822, 0.0666124746203, 0.0730083212256]
    },
    "beats_position": [0.510838985443, 1.03328800201, 1.55573689938, 2.07818579674, 2.57741498947, 3.06503391266, 3.55265307426, 4.04027223587, 4.52789115906, 5.01551008224, 5.50312900543, 5.99074840546, 6.47836732864, 6.96598625183, 7.45360517502, 7.91800451279, 8.40562343597, 8.893242836, 9.38086128235, 9.86848068237, 10.3560991287, 10.8437185287, 11.3313379288, 11.8189563751, 12.3065757751, 12.8058052063, 13.3050336838, 13.8042631149, 14.3034915924, 14.7911109924, 15.2787294388, 15.7663488388, 16.2539672852, 16.7531967163, 17.2524261475, 17.7400455475, 18.2276649475, 18.7152824402, 19.2145118713, 19.7137413025, 20.2013607025, 20.7005901337, 21.1998176575, 21.6874370575, 22.1866664886, 22.6858959198, 23.1851234436, 23.6843528748, 24.195192337, 24.6944217682, 25.1936511993, 25.7044887543, 26.2037181854, 26.7029476166, 27.2137870789, 27.7130146027, 28.2122440338, 28.7230834961, 29.2223129272, 29.7215423584, 30.2091598511, 30.6967792511, 31.2076187134, 31.6952381134, 32.1828575134, 32.6936950684, 33.204536438, 33.7153739929, 34.2146034241, 34.7138328552, 35.2246704102, 35.7238998413, 36.2231292725, 36.7339668274, 37.244808197, 37.7440338135, 38.2432632446, 38.7541046143, 39.2649421692, 39.7641716003, 40.2634010315, 40.7510185242, 41.2502479553, 41.7262573242, 42.2138786316, 42.7014961243, 43.1891136169, 43.6767349243, 44.164352417, 44.6403617859, 45.1163711548, 45.6039886475, 46.1032180786, 46.6024475098, 47.0900688171, 47.5776863098, 48.0653038025, 48.5645332336, 49.0637626648, 49.5629920959, 50.0622215271, 50.5498390198, 51.0490684509, 51.5366897583, 52.0359191895, 52.5467567444, 53.0459861755, 53.5452156067, 54.0328330994, 54.5204544067, 55.0080718994, 55.4956893921, 55.9949188232, 56.4941482544, 56.9933776855, 57.4926071167, 57.9918365479, 58.4794540405, 58.9786834717, 59.4779129028, 59.9655303955, 60.4647598267, 60.952381134, 61.4399986267, 61.9276161194, 62.4268455505, 62.9260749817, 63.4136962891, 63.9013137817, 64.3889312744, 64.8881607056, 65.3757781982, 65.8517913818, 66.3394088745, 66.8270263672, 67.3262557983, 67.8022689819, 68.2898864746, 68.7775039673, 69.26512146, 69.7643508911, 70.2519683838, 70.7511978149, 71.238822937, 71.7380523682, 72.2372741699, 72.724899292, 73.2125167847, 73.7001342773, 74.1993637085, 74.6985931396, 75.1862106323, 75.6854400635, 76.1846694946, 76.6838989258, 77.1831283569, 77.6707458496, 78.1815872192, 78.6692047119, 79.1684341431, 79.6560516357, 80.1552810669, 80.6428985596, 81.1305236816, 81.6413574219, 82.140586853, 82.6398162842, 83.1274337769, 83.6150588989, 84.1026763916, 84.6135101318, 85.1011352539, 85.5887527466, 86.0763702393, 86.5872116089, 87.0748291016, 87.5624465942, 88.0616760254, 88.5609054565, 89.0485229492, 89.5477523804, 90.0469818115, 90.5345993042, 91.0338287354, 91.5330581665, 92.0206756592, 92.5199050903, 93.0191345215, 93.5067520142, 93.9943771362, 94.4936065674, 94.9928359985, 95.5036697388, 96.0028991699, 96.5021286011, 97.0013580322, 97.5005874634, 98.011428833, 98.5222625732, 99.0098876953, 99.5091171265, 100.008346558, 100.507568359, 101.006797791, 101.506027222, 101.993652344, 102.492874146, 102.980499268, 103.46811676, 103.97895813, 104.466575623, 104.942581177, 105.41859436, 105.882987976, 106.35900116, 106.835006714, 107.311019897, 107.787025452, 108.274642944, 108.762268066, 109.273101807, 109.783943176, 110.294784546, 110.794013977, 111.28163147, 111.757637024, 112.245262146, 112.7212677, 113.185668945, 113.650062561, 114.114463806, 114.567253113, 115.031654358, 115.496055603, 115.960449219, 116.413238525, 116.866027832, 117.318817139, 117.783218384, 118.247619629, 118.723625183, 119.188026428, 119.652427673, 120.116821289, 120.569610596, 121.022399902, 121.475189209, 121.927978516, 122.392379761, 122.856781006, 123.309570312, 123.762359619, 124.226753235, 124.69115448, 125.155555725, 125.619949341, 126.084350586, 126.548751831, 127.013153076, 127.465942383, 127.930335999, 128.383132935, 128.835922241, 129.288711548, 129.753097534, 130.217498779, 130.681900024, 131.134689331, 131.587478638, 132.040267944, 132.493057251, 132.945846558, 133.398635864, 133.863037109, 134.327438354, 134.780227661, 135.233016968, 135.685806274, 136.138595581, 136.579772949, 137.044174194, 137.496963501, 137.961364746, 138.414154053, 138.866943359, 139.319732666, 139.784118652, 140.248519897, 140.701309204, 141.154098511, 141.618499756, 142.082901001, 142.535690308, 142.988479614, 143.452880859, 143.905670166, 144.358459473, 144.822860718, 145.287246704, 145.740036011, 146.192825317, 146.645614624, 147.098403931, 147.562805176, 148.015594482, 148.468383789, 148.932785034, 149.385574341, 149.838363647, 150.291152954, 150.743942261, 151.196731567, 151.649520874, 152.102310181, 152.555099487, 153.007888794, 153.460678101, 153.925079346, 154.377868652, 154.830657959, 155.283447266, 155.736236572, 156.200637817, 156.665023804, 157.129425049, 157.570602417, 158.023391724, 158.47618103, 158.917373657, 159.370162964, 159.822952271, 160.287338257, 160.728515625, 161.181304932, 161.634094238, 162.075286865, 162.539672852, 163.015686035, 163.491699219, 163.956100464, 164.432098389, 164.977767944, 165.51184082, 166.057495117, 166.603164673, 167.137237549, 167.671295166, 168.205352783, 168.7394104, 169.273468018, 169.807525635, 170.329971313, 170.852416992, 171.363265991, 171.88571167, 172.408157349, 172.919006348, 173.429840088, 173.92906189, 174.42829895, 174.915908813, 175.415145874, 175.937591553, 176.448425293, 176.959274292, 177.481719971, 177.992553711, 178.515014648, 179.025848389, 179.536682129, 180.047531128, 180.558364868, 181.069198608, 181.463943481, 181.870285034, 182.288253784, 182.694595337, 183.112564087, 183.530517578, 183.948471069, 184.366439819, 184.784393311, 185.21395874, 185.655151367, 186.084716797, 186.514282227, 186.943847656, 187.396636963, 187.84942627, 188.26739502, 188.685348511, 189.138137817, 189.579315186, 190.020492554, 190.403625488, 190.775146484, 191.14666748, 191.518188477, 191.901306152, 192.284439087, 192.667572021, 193.050704956, 193.433822632, 193.816955566, 194.200088501],
    "bpm_histogram": [0, 0, 0, 0, 0, 0, 0, 0, 0, 0, 0, 0, 0, 0, 0, 0, 0, 0, 0, 0, 0, 0, 0, 0, 0, 0, 0, 0, 0, 0, 0, 0, 0, 0, 0, 0, 0, 0, 0, 0, 0, 0, 0, 0, 0, 0, 0, 0, 0, 0, 0, 0, 0, 0, 0, 0, 0, 0, 0, 0, 0, 0, 0, 0, 0, 0, 0, 0, 0, 0, 0, 0, 0, 0, 0, 0, 0, 0, 0, 0, 0, 0, 0, 0, 0, 0, 0, 0, 0, 0, 0, 0, 0, 0, 0, 0, 0, 0, 0, 0, 0, 0, 0, 0, 0, 0, 0, 0, 0, 0, 0.00742574268952, 0, 0.0173267330974, 0, 0, 0.0247524753213, 0, 0.0891089141369, 0, 0, 0.227722778916, 0, 0, 0.237623766065, 0, 0, 0.0420792065561, 0, 0, 0.113861389458, 0, 0, 0, 0.155940592289, 0, 0, 0.0198019798845, 0, 0, 0, 0.00990098994225, 0, 0, 0, 0.0198019798845, 0, 0, 0, 0.00495049497113, 0, 0, 0, 0.00247524748556, 0, 0, 0, 0, 0.0198019798845, 0, 0, 0, 0.00742574268952, 0, 0, 0, 0, 0, 0, 0, 0, 0, 0, 0, 0, 0, 0, 0, 0, 0, 0, 0, 0, 0, 0, 0, 0, 0, 0, 0, 0, 0, 0, 0, 0, 0, 0, 0, 0, 0, 0, 0, 0, 0, 0, 0, 0, 0, 0, 0, 0, 0, 0, 0, 0, 0, 0, 0, 0, 0, 0, 0, 0, 0, 0, 0, 0, 0, 0, 0, 0, 0, 0, 0, 0, 0, 0, 0, 0, 0, 0, 0, 0, 0, 0, 0, 0, 0, 0, 0, 0]
},
"tonal": {
    "chords_changes_rate": 0.064569927752,
    "chords_number_rate": 0.00238265423104,
    "chords_strength": {
        "mean": 0.508694529533
    },
    "hpcp_crest": {
        "mean": 12.9262208939
    },
    "hpcp_entropy": {
        "mean": 2.02198433876
    },
    "key_edma": {
        "strength": 0.855380177498,
        "key": "B",
        "scale": "major"
    },
    "key_krumhansl": {
        "strength": 0.864909887314,
        "key": "B",
        "scale": "major"
    },
    "key_temperley": {
        "strength": 0.875386178493,
        "key": "B",
        "scale": "major"
    },
    "tuning_diatonic_strength": 0.69868594408,
    "tuning_equal_tempered_deviation": 0.0311598200351,
    "tuning_frequency": 440.508636475,
    "tuning_nontempered_energy_ratio": 0.668993532658,
    "hpcp": {
        "mean": [0.0600856877863, 0.0507804378867, 0.0912283733487, 0.10960483551, 0.105940058827, 0.266578316689, 0.39679557085, 0.229504227638, 0.0749534666538, 0.060681629926, 0.0580953247845, 0.143377363682, 0.23205538094, 0.161743015051, 0.0747153759003, 0.0613839738071, 0.0646798163652, 0.112633533776, 0.140823289752, 0.116221264005, 0.130933180451, 0.149167612195, 0.125138625503, 0.121485993266, 0.124418511987, 0.131195947528, 0.284536451101, 0.393236219883, 0.247538238764, 0.11494936049, 0.0838683918118, 0.0761360898614, 0.147455066442, 0.187499806285, 0.123606614769, 0.0806869119406]
    },
    "chords_histogram": [37.5506324768, 0.476530849934, 19.6568984985, 0, 6.17107439041, 0.119132712483, 3.95520615578, 0, 0, 0, 0, 0, 0.50035738945, 1.38193953037, 0.333571612835, 0.524183928967, 0, 5.265666008, 0, 3.93137955666, 0, 2.23969507217, 14.3435783386, 3.55015492439],
    "thpcp": [1, 0.578394114971, 0.188896939158, 0.152929201722, 0.1464112252, 0.361338108778, 0.584823489189, 0.407623022795, 0.188296899199, 0.154699236155, 0.163005381823, 0.283857852221, 0.354901373386, 0.292899608612, 0.329976409674, 0.375930637121, 0.315373033285, 0.306167721748, 0.313558220863, 0.330638647079, 0.717085778713, 0.99102973938, 0.623843252659, 0.289694160223, 0.211364239454, 0.191877365112, 0.371614694595, 0.472535014153, 0.311512082815, 0.203346297145, 0.151427313685, 0.127976328135, 0.229912787676, 0.276224941015, 0.266989022493, 0.671827852726],
    "chords_key": "B",
    "chords_scale": "major"
}
}