{
"metadata": {
    "version": {
        "essentia": "2.1-beta6-dev",
        "essentia_git_sha": "v2.1_beta5-1177-g1d1cc983",
        "extractor": "music 2.0"
    },
    "audio_properties": {
        "analysis": {
            "equal_loudness": 0,
            "length": 108.486778259,
            "sample_rate": 44100,
            "start_time": 0,
            "downmix": "mix"
        },
        "bit_rate": 1411200,
        "length": 108.486778259,
        "lossless": 1,
        "number_channels": 2,
        "replay_gain": -13.8676223755,
        "sample_rate": 44100,
        "codec": "pcm_s16le",
        "md5_encoded": "d7652a3bbcaee1189e2e4ed8e7bcfeac"
    },
    "tags": {
        "file_name": "01 - The Front Bottoms - Au Revoir (Adios).wav",
        "album": ["Talon Of The Hawk"],
        "albumartist": ["The Front Bottoms"],
        "artist": ["The Front Bottoms"],
        "copyright": ["2013 Bar None Records 2013 Bar None Records"],
        "date": ["2013"],
        "discnumber": ["1"],
        "disctotal": ["1"],
        "genre": ["Rock"],
        "isrc": ["US37V1322201"],
        "title": ["Au Revoir (Adios)"],
        "tracknumber": ["1"],
        "tracktotal": ["12"]
    }
},
"lowlevel": {
    "average_loudness": 0.545008778572,
    "barkbands_crest": {
        "mean": 9.15514087677
    },
    "barkbands_flatness_db": {
        "mean": 0.129668802023
    },
    "barkbands_kurtosis": {
        "mean": 8.9516210556
    },
    "barkbands_skewness": {
        "mean": 1.1930488348
    },
    "barkbands_spread": {
        "mean": 25.7444934845
    },
    "dissonance": {
        "mean": 0.441808700562
    },
    "dynamic_complexity": 5.06448030472,
    "erbbands_crest": {
        "mean": 9.64013290405
    },
    "erbbands_flatness_db": {
        "mean": 0.152670860291
    },
    "erbbands_kurtosis": {
        "mean": 1.3694435358
    },
    "erbbands_skewness": {
        "mean": 0.253893494606
    },
    "erbbands_spread": {
        "mean": 41.1947288513
    },
    "hfc": {
        "mean": 17.0864086151
    },
    "loudness_ebu128": {
        "integrated": -10.713262558,
        "loudness_range": 8.72892189026,
        "momentary": {
            "mean": -13.9886875153
        },
        "short_term": {
            "mean": -12.7925567627
        }
    },
    "melbands_crest": {
        "mean": 12.2717561722
    },
    "melbands_flatness_db": {
        "mean": 0.188180655241
    },
    "melbands_kurtosis": {
        "mean": 10.6949005127
    },
    "melbands_skewness": {
        "mean": 2.39689064026
    },
    "melbands_spread": {
        "mean": 31.0419578552
    },
    "pitch_salience": {
        "mean": 0.586826860905
    },
    "silence_rate_20dB": {
        "mean": 1
    },
    "silence_rate_30dB": {
        "mean": 0.98630720377
    },
    "silence_rate_60dB": {
        "mean": 0.12387676537
    },
    "spectral_centroid": {
        "mean": 1481.09619141
    },
    "spectral_complexity": {
        "mean": 15.8380403519
    },
    "spectral_decrease": {
        "mean": -5.35997823903e-09
    },
    "spectral_energy": {
        "mean": 0.0217795856297
    },
    "spectral_energyband_high": {
        "mean": 0.000815257662907
    },
    "spectral_energyband_low": {
        "mean": 0.00842483434826
    },
    "spectral_energyband_middle_high": {
        "mean": 0.00383267272264
    },
    "spectral_energyband_middle_low": {
        "mean": 0.00983130652457
    },
    "spectral_entropy": {
        "mean": 7.47180223465
    },
    "spectral_flux": {
        "mean": 0.0653136074543
    },
    "spectral_kurtosis": {
        "mean": 4.21055221558
    },
    "spectral_rms": {
        "mean": 0.00396269606426
    },
    "spectral_rolloff": {
        "mean": 2321.76342773
    },
    "spectral_skewness": {
        "mean": 1.59109270573
    },
    "spectral_spread": {
        "mean": 5678107
    },
    "spectral_strongpeak": {
        "mean": 0.785589635372
    },
    "zerocrossingrate": {
        "mean": 0.0906136780977
    },
    "barkbands": {
        "mean": [0.000181211478775, 0.00365054653957, 0.00350402272306, 0.0021879915148, 0.00242251367308, 0.00192645227071, 0.00140226783697, 0.000742570264265, 0.00107384577859, 0.000394232018152, 0.000609201320913, 0.000375652685761, 0.000502077571582, 0.000264273170615, 0.000251098070294, 0.000457867427031, 0.000504414318129, 0.000181011244422, 0.000217740889639, 0.000222836242756, 0.000145110141602, 6.19090205873e-05, 0.000148875551531, 0.000174587315996, 9.25644417293e-05, 7.80479895184e-05, 5.89666342421e-06]
    },
    "erbbands": {
        "mean": [0.0867252200842, 0.908955395222, 3.74004459381, 5.9273724556, 6.70129203796, 9.20780849457, 12.6498413086, 16.3278579712, 18.1834430695, 19.4285297394, 18.2983283997, 25.290927887, 13.8790121078, 16.2358055115, 25.9817047119, 13.7670068741, 24.1081523895, 13.4371547699, 14.5034646988, 12.8646306992, 30.9649963379, 27.2419624329, 12.731297493, 9.25977897644, 13.1112527847, 9.76422691345, 7.86657238007, 4.19913911819, 2.21800374985, 2.74990797043, 4.35048961639, 4.17181587219, 2.6602563858, 1.31027984619, 0.556583404541, 0.506990432739, 0.0895706862211, 0.0120886825025, 0.00102104153484, 8.40977154439e-05]
    },
    "gfcc": {
        "mean": [-35.8350906372, 67.7590026855, -102.743667603, 24.9228534698, -62.5067863464, 3.88393998146, -51.6556434631, 10.5166130066, -21.9385719299, 4.07367372513, -14.9896688461, -0.892452776432, -12.335943222],
        "cov": [[24255.2519531, 3698.32226562, -565.209960938, 715.981445312, 307.324371338, 429.823944092, -64.2875518799, 622.571044922, -797.109741211, -114.879211426, -125.187606812, 301.900360107, -173.965927124], [3698.32226562, 2056.1640625, -754.400146484, -256.503997803, 69.46484375, -164.043212891, -57.5263061523, 56.2829627991, -153.703033447, -141.048706055, 57.2581634521, -92.6694335938, 21.0535163879], [-565.209960938, -754.400146484, 1486.10852051, 364.736938477, 228.773010254, 225.478302002, 50.1115684509, 145.798187256, 102.719718933, 71.9709625244, -3.24882888794, 275.089996338, -33.4292068481], [715.981445312, -256.503997803, 364.736938477, 611.865112305, 138.982330322, 95.0097045898, -15.8124351501, 31.8800582886, 48.0600395203, 43.8810920715, 1.40823101997, 67.3237915039, 42.2699279785], [307.324371338, 69.46484375, 228.773010254, 138.982330322, 378.532409668, 68.2511978149, 80.1378326416, 64.7891845703, 8.4897108078, 21.2837810516, 2.98767399788, 60.2477378845, -8.67983436584], [429.823944092, -164.043212891, 225.478302002, 95.0097045898, 68.2511978149, 318.636993408, 182.632781982, 15.7176799774, -27.1836204529, 29.5082416534, 39.8700180054, 73.5851745605, 9.19585990906], [-64.2875518799, -57.5263061523, 50.1115684509, -15.8124351501, 80.1378326416, 182.632781982, 324.897216797, 42.8448944092, -49.6110076904, -4.62723922729, 25.3041305542, 48.5984687805, 9.31845378876], [622.571044922, 56.2829627991, 145.798187256, 31.8800582886, 64.7891845703, 15.7176799774, 42.8448944092, 173.983474731, 26.9321231842, -12.4532155991, 6.64319658279, 62.8641014099, -5.71284914017], [-797.109741211, -153.703033447, 102.719718933, 48.0600395203, 8.4897108078, -27.1836204529, -49.6110076904, 26.9321231842, 165.756729126, 66.7743225098, 1.91401171684, 6.31158542633, 18.3447284698], [-114.879211426, -141.048706055, 71.9709625244, 43.8810920715, 21.2837810516, 29.5082416534, -4.62723922729, -12.4532155991, 66.7743225098, 132.769577026, 13.3484230042, 13.1291122437, -5.14079332352], [-125.187606812, 57.2581634521, -3.24882888794, 1.40823101997, 2.98767399788, 39.8700180054, 25.3041305542, 6.64319658279, 1.91401171684, 13.3484230042, 89.2260360718, 26.620349884, 14.9978599548], [301.900360107, -92.6694335938, 275.089996338, 67.3237915039, 60.2477378845, 73.5851745605, 48.5984687805, 62.8641014099, 6.31158542633, 13.1291122437, 26.620349884, 173.310516357, -1.1296877861], [-173.965927124, 21.0535163879, -33.4292068481, 42.2699279785, -8.67983436584, 9.19585990906, 9.31845378876, -5.71284914017, 18.3447284698, -5.14079332352, 14.9978599548, -1.1296877861, 89.9489822388]],
        "icov": [[0.000160550931469, -0.000310805276968, 0.000116518735013, -0.000312659569317, 0.000161315707373, -0.000475043460028, 0.0003705387644, -0.000707081169821, 0.000857909210026, -0.000588940281887, 0.000711692497134, -0.000305650522932, 0.000223199924221], [-0.000310805276968, 0.00139426265378, 0.000176092420588, 0.000784401316196, -0.000793567392975, 0.00100178318098, -0.000330402079271, 0.000766760960687, -0.00107607897371, 0.00147761579137, -0.00198155967519, 0.000594916171394, -0.00068491010461], [0.000116518735013, 0.000176092420588, 0.0015745696146, -0.00053602817934, -0.000385909748729, -0.00103435094934, 0.000811855948996, -0.00106359331403, 0.000211283928365, -0.000157145477715, 0.000873813289218, -0.00179371866398, 0.000717769784387], [-0.000312659569317, 0.000784401316196, -0.00053602817934, 0.00289377616718, -0.0010489776032, 0.000328133522999, 5.41215522389e-05, 0.00117858790327, -0.00149542733561, 0.000842167239171, -0.00119388056919, 0.000635390519165, -0.00185274821706], [0.000161315707373, -0.000793567392975, -0.000385909748729, -0.0010489776032, 0.00378652126528, -0.000316447054502, -0.000677515228745, -0.00109345733654, 0.000710913387593, -0.0012148716487, 0.00116891996004, -0.000388621847378, 0.000831539800856], [-0.000475043460028, 0.00100178318098, -0.00103435094934, 0.000328133522999, -0.000316447054502, 0.00745658576488, -0.00419865082949, 0.00284090219066, -0.00141528353561, 0.000620366714429, -0.00376653322019, 0.000545569986571, -0.000910333415959], [0.0003705387644, -0.000330402079271, 0.000811855948996, 5.41215522389e-05, -0.000677515228745, -0.00419865082949, 0.00645349966362, -0.00317245884798, 0.00333388941363, -0.0012689725263, 0.00157270359341, -0.00104235857725, -0.000463698932435], [-0.000707081169821, 0.000766760960687, -0.00106359331403, 0.00117858790327, -0.00109345733654, 0.00284090219066, -0.00317245884798, 0.011379506439, -0.00642794044688, 0.00452089728788, -0.00305064744316, -0.000830386998132, 0.00022686443117], [0.000857909210026, -0.00107607897371, 0.000211283928365, -0.00149542733561, 0.000710913387593, -0.00141528353561, 0.00333388941363, -0.00642794044688, 0.0146684842184, -0.00804928503931, 0.00343299726956, -0.000537766842172, -0.00187873735558], [-0.000588940281887, 0.00147761579137, -0.000157145477715, 0.000842167239171, -0.0012148716487, 0.000620366714429, -0.0012689725263, 0.00452089728788, -0.00804928503931, 0.0133086172864, -0.00422881124541, 0.000556897255592, 0.001413215301], [0.000711692497134, -0.00198155967519, 0.000873813289218, -0.00119388056919, 0.00116891996004, -0.00376653322019, 0.00157270359341, -0.00305064744316, 0.00343299726956, -0.00422881124541, 0.0167868342251, -0.00375319528393, -0.000920729944482], [-0.000305650522932, 0.000594916171394, -0.00179371866398, 0.000635390519165, -0.000388621847378, 0.000545569986571, -0.00104235857725, -0.000830386998132, -0.000537766842172, 0.000556897255592, -0.00375319528393, 0.0102661857381, -0.000837404280901], [0.000223199924221, -0.00068491010461, 0.000717769784387, -0.00185274821706, 0.000831539800856, -0.000910333415959, -0.000463698932435, 0.00022686443117, -0.00187873735558, 0.001413215301, -0.000920729944482, -0.000837404280901, 0.0136895133182]]
    },
    "melbands": {
        "mean": [0.000897971796803, 0.0016890874831, 0.00106747588143, 0.000549955584574, 0.0004514780303, 0.000358005199814, 0.000284392852336, 0.00020430481527, 0.000157698261319, 0.00014989876945, 6.66816995363e-05, 6.323823618e-05, 9.61408513831e-05, 4.9639664212e-05, 4.18337913288e-05, 4.48253995273e-05, 2.2553753297e-05, 2.39870605583e-05, 1.70016319316e-05, 1.81287650776e-05, 4.04154307034e-05, 2.8640481105e-05, 2.01251932594e-05, 7.65956338e-06, 6.98934218235e-06, 9.52774007601e-06, 8.72935288498e-06, 6.00048542765e-06, 5.57979092264e-06, 3.47335708284e-06, 1.96350629267e-06, 1.21648110962e-06, 1.16970250019e-06, 1.67807036178e-06, 2.23992469728e-06, 3.17768945024e-06, 2.29524948736e-06, 1.90064031358e-06, 1.52759059802e-06, 9.76367232397e-07]
    },
    "melbands128": {
        "mean": [0.000161770934938, 0.00061539694434, 0.00112976040691, 0.00158082682174, 0.00194510258734, 0.00163011683617, 0.00119998736773, 0.00108561839443, 0.000573217868805, 0.000516688101925, 0.000536981155165, 0.000430015235906, 0.000371643604012, 0.000561859749723, 0.000426765880547, 0.000220417292439, 0.000174366388819, 0.000402367324568, 0.000251397752436, 0.000227145821555, 0.000162230440765, 0.000186286386452, 0.000100825993286, 0.000201509232284, 0.0002227689547, 8.83421016624e-05, 0.000100546392787, 4.41672600573e-05, 6.38608980807e-05, 6.81923993398e-05, 3.97273579438e-05, 9.49879176915e-05, 0.00014001870295, 4.90383608849e-05, 8.23544469313e-05, 4.02011792175e-05, 1.63390395755e-05, 2.18907262024e-05, 8.15492821857e-05, 6.33632225799e-05, 2.48855922109e-05, 3.74317605747e-05, 1.9583334506e-05, 1.34080837597e-05, 3.12189949909e-05, 2.36303094425e-05, 2.18510740524e-05, 1.53892324306e-05, 1.49965508172e-05, 1.88265512406e-05, 1.25100505102e-05, 2.00980903173e-05, 4.85037999169e-05, 5.2848852647e-05, 2.215962013e-05, 2.8140591894e-05, 2.52774043474e-05, 3.47178247466e-05, 1.20310305647e-05, 6.40576809019e-06, 7.24706069377e-06, 9.17354191188e-06, 6.10709685134e-06, 6.54090263197e-06, 8.04364026408e-06, 9.48934575717e-06, 1.03344909803e-05, 1.07531604954e-05, 8.10947494756e-06, 6.27727285973e-06, 5.87492741033e-06, 5.62917421121e-06, 6.69274550091e-06, 6.04954811934e-06, 3.80324195248e-06, 3.30106831825e-06, 3.78872186957e-06, 2.45585556513e-06, 1.7283324496e-06, 1.36417793328e-06, 1.27704299757e-06, 1.1134553688e-06, 1.1172954828e-06, 1.10032260636e-06, 1.28665033117e-06, 1.4586424868e-06, 1.89851823507e-06, 1.9959236397e-06, 1.99369492293e-06, 2.46666013481e-06, 3.57928706762e-06, 3.24273923979e-06, 2.8038207347e-06, 2.25805320042e-06, 2.07741572922e-06, 1.84406019343e-06, 1.88076990071e-06, 1.93850155483e-06, 1.6416482822e-06, 1.27225291635e-06, 1.08053484382e-06, 9.4277891094e-07, 8.44989642701e-07, 6.48719776564e-07, 5.05979983245e-07, 5.10196343839e-07, 5.4323754739e-07, 8.83203142621e-07, 1.45465787682e-06, 8.24143910449e-07, 3.05689468405e-07, 2.78467553017e-07, 2.48612565201e-07, 1.83885106253e-07, 1.64974863992e-07, 1.09663233161e-07, 6.23646698727e-08, 4.36256542002e-08, 3.35520198291e-08, 3.01376665846e-08, 2.43928770516e-08, 1.59375606046e-08, 1.2002087324e-08, 1.01206483194e-08, 1.28741417527e-08, 1.42280214277e-08, 1.57276218715e-08, 8.89977158636e-09]
    },
    "mfcc": {
        "mean": [-681.36114502, 106.212013245, 10.8821201324, 19.4425125122, 8.72934436798, -7.28073501587, -11.1181163788, -4.73057889938, -6.5589299202, 3.53317523003, -9.2855758667, 6.46785068512, 0.966732501984],
        "cov": [[16999.2226562, 2682.71850586, -475.846984863, 475.077301025, 373.810760498, -97.6980133057, 731.484008789, 377.172821045, 120.903717041, 11.0326843262, -76.4306564331, 33.9961242676, -43.9509468079], [2682.71850586, 1788.11096191, -429.973907471, -118.173217773, 34.9855613708, -257.085693359, 84.6760406494, 37.183429718, -62.7492370605, -28.31457901, -45.9096908569, -21.3932952881, 10.0201292038], [-475.846984863, -429.973907471, 968.20135498, 208.31690979, 209.048171997, 160.372955322, -6.11773109436, 182.442596436, 71.4502487183, 31.1213760376, 25.1771564484, 77.2256393433, 16.6517448425], [475.077301025, -118.173217773, 208.31690979, 435.797302246, 236.886260986, 53.6231231689, -2.40777277946, 73.5659484863, 53.6976585388, 23.55210495, 3.08329129219, 23.186914444, 20.6402187347], [373.810760498, 34.9855613708, 209.048171997, 236.886260986, 368.768249512, 33.9030418396, -18.1071605682, 61.9703292847, 31.5160694122, 50.5982704163, 12.0153865814, 20.6833686829, 0.682529985905], [-97.6980133057, -257.085693359, 160.372955322, 53.6231231689, 33.9030418396, 320.527313232, 120.720695496, 48.7076339722, 39.7068557739, 17.5005626678, 38.3071899414, 39.4639167786, 21.2661533356], [731.484008789, 84.6760406494, -6.11773109436, -2.40777277946, -18.1071605682, 120.720695496, 331.373016357, 151.400405884, 45.6888084412, -21.3431339264, 27.310464859, -1.23857164383, 6.80206012726], [377.172821045, 37.183429718, 182.442596436, 73.5659484863, 61.9703292847, 48.7076339722, 151.400405884, 292.162200928, 49.8464202881, 2.26952004433, 13.6912069321, 17.2688217163, 13.6256570816], [120.903717041, -62.7492370605, 71.4502487183, 53.6976585388, 31.5160694122, 39.7068557739, 45.6888084412, 49.8464202881, 124.784919739, 30.6683712006, 3.69237017632, 7.59232473373, 13.2338066101], [11.0326843262, -28.31457901, 31.1213760376, 23.55210495, 50.5982704163, 17.5005626678, -21.3431339264, 2.26952004433, 30.6683712006, 105.873199463, 33.6378479004, 8.4242477417, -4.20975732803], [-76.4306564331, -45.9096908569, 25.1771564484, 3.08329129219, 12.0153865814, 38.3071899414, 27.310464859, 13.6912069321, 3.69237017632, 33.6378479004, 99.7566375732, 32.5749206543, 5.59881591797], [33.9961242676, -21.3932952881, 77.2256393433, 23.186914444, 20.6833686829, 39.4639167786, -1.23857164383, 17.2688217163, 7.59232473373, 8.4242477417, 32.5749206543, 90.3566894531, 35.3869285583], [-43.9509468079, 10.0201292038, 16.6517448425, 20.6402187347, 0.682529985905, 21.2661533356, 6.80206012726, 13.6256570816, 13.2338066101, -4.20975732803, 5.59881591797, 35.3869285583, 82.5283355713]],
        "icov": [[9.58298405749e-05, -0.000141629541758, 2.11429687624e-05, -0.000154250126798, 7.08049128662e-06, 5.2902923926e-06, -0.000202964569326, 2.63356669166e-05, -4.43114440714e-05, -7.26799407857e-05, 0.000126772385556, -0.000165177872987, 0.000179124574061], [-0.000141629541758, 0.00101468909997, 0.000298223254504, 0.0004992482136, -0.00050711579388, 0.000665927189402, -0.000167162390426, -0.000218055385631, 0.000382275058655, 4.502732736e-06, 0.000203726551263, -0.000126417537103, -0.000521967245732], [2.11429687624e-05, 0.000298223254504, 0.00171584787313, -9.51764377533e-05, -0.000659023236949, -0.000479048670968, 0.000582895299885, -0.00111249100883, -0.000309880444547, 0.000247377873166, 0.00022328911291, -0.00103630579542, 0.00040868751239], [-0.000154250126798, 0.0004992482136, -9.51764377533e-05, 0.00414700526744, -0.0024438824039, -6.4570493123e-05, 0.000497478002217, -0.00041688233614, -0.000785801676102, 0.000704079924617, 7.69073994888e-06, 0.00027782440884, -0.00105376972351], [7.08049128662e-06, -0.00050711579388, -0.000659023236949, -0.0024438824039, 0.00498519651592, -0.000293474877253, 0.000390950095607, -0.000193294981727, 0.000276629842119, -0.00169073208235, -1.95410611923e-05, -4.96841385029e-05, 0.000735636975151], [5.2902923926e-06, 0.000665927189402, -0.000479048670968, -6.4570493123e-05, -0.000293474877253, 0.00499460566789, -0.00243380409665, 0.000836744031403, 6.20233049631e-06, -0.00072448462015, -0.000178683316335, -0.001345161465, -0.000636422715615], [-0.000202964569326, -0.000167162390426, 0.000582895299885, 0.000497478002217, 0.000390950095607, -0.00243380409665, 0.0062788259238, -0.00290526542813, -0.001479675062, 0.00218862365, -0.00206058216281, 0.0016791105736, 2.49829226959e-05], [2.63356669166e-05, -0.000218055385631, -0.00111249100883, -0.00041688233614, -0.000193294981727, 0.000836744031403, -0.00290526542813, 0.00576610304415, -0.000666695297696, -0.00023821387731, 0.00014381724759, -0.000306963018375, -0.000340710947057], [-4.43114440714e-05, 0.000382275058655, -0.000309880444547, -0.000785801676102, 0.000276629842119, 6.20233049631e-06, -0.001479675062, -0.000666695297696, 0.0105210309848, -0.00367667176761, 0.00160413503181, 0.00013054900046, -0.00162226334214], [-7.26799407857e-05, 4.502732736e-06, 0.000247377873166, 0.000704079924617, -0.00169073208235, -0.00072448462015, 0.00218862365, -0.00023821387731, -0.00367667176761, 0.0131830237806, -0.0048663043417, 0.000849061529152, 0.00102246215101], [0.000126772385556, 0.000203726551263, 0.00022328911291, 7.69073994888e-06, -1.95410611923e-05, -0.000178683316335, -0.00206058216281, 0.00014381724759, 0.00160413503181, -0.0048663043417, 0.0140289366245, -0.00529664754868, 0.00100202229805], [-0.000165177872987, -0.000126417537103, -0.00103630579542, 0.00027782440884, -4.96841385029e-05, -0.001345161465, 0.0016791105736, -0.000306963018375, 0.00013054900046, 0.000849061529152, -0.00529664754868, 0.0169895607978, -0.00657684775069], [0.000179124574061, -0.000521967245732, 0.00040868751239, -0.00105376972351, 0.000735636975151, -0.000636422715615, 2.49829226959e-05, -0.000340710947057, -0.00162226334214, 0.00102246215101, 0.00100202229805, -0.00657684775069, 0.015733378008]]
    },
    "spectral_contrast_coeffs": {
        "mean": [-0.640884399414, -0.685481071472, -0.717847168446, -0.735743761063, -0.754400670528, -0.798381984234]
    },
    "spectral_contrast_valleys": {
        "mean": [-7.83352470398, -7.51481246948, -8.7623090744, -8.62240314484, -8.39919185638, -10.3045959473]
    }
},
"rhythm": {
    "beats_count": 257,
    "beats_loudness": {
        "mean": 0.0288809128106
    },
    "bpm": 140.880889893,
    "bpm_histogram_first_peak_bpm": 140,
    "bpm_histogram_first_peak_weight": 0.477477490902,
    "bpm_histogram_second_peak_bpm": 178,
    "bpm_histogram_second_peak_spread": 0,
    "bpm_histogram_second_peak_weight": 0.05078125,
    "danceability": 0.974860787392,
    "onset_rate": 4.11033964157,
    "beats_loudness_band_ratio": {
        "mean": [0.323100417852, 0.226706922054, 0.211378216743, 0.0779107734561, 0.0808934420347, 0.0956265926361]
    },
    "beats_position": [0.383129239082, 0.777868449688, 1.18421769142, 1.60217678547, 2.02013611794, 2.4497051239, 2.87927436829, 3.29723358154, 3.72680258751, 4.15637159348, 4.57433080673, 5.00390005112, 5.4334692955, 5.86303853989, 6.29260778427, 6.71056699753, 7.12852573395, 7.5464849472, 7.97605419159, 8.40562343597, 8.82358264923, 9.25315189362, 9.682721138, 10.1122903824, 10.5418596268, 10.95981884, 11.3893871307, 11.8189563751, 12.2485256195, 12.6780948639, 13.0960540771, 13.5256233215, 13.9551925659, 14.3731517792, 14.7911109924, 15.2206802368, 15.6502494812, 16.0798187256, 16.50938797, 16.9389572144, 17.3685264587, 17.7980957031, 18.2276649475, 18.6456241608, 19.0751914978, 19.5047607422, 19.9343299866, 20.363899231, 20.7818584442, 21.2114276886, 21.640996933, 22.0589561462, 22.4885253906, 22.918094635, 23.3360538483, 23.7656230927, 24.195192337, 24.6247615814, 25.0543308258, 25.4839000702, 25.9018592834, 26.3314285278, 26.7609977722, 27.1905670166, 27.6085262299, 28.0380954742, 28.4676647186, 28.8856239319, 29.3151912689, 29.7447605133, 30.1743297577, 30.6155090332, 31.0450782776, 31.474647522, 31.9042167664, 32.3337860107, 32.7633552551, 33.1929244995, 33.6224937439, 34.0404510498, 34.4584121704, 34.8879814148, 35.3175506592, 35.7355079651, 36.1650772095, 36.5946464539, 37.0126075745, 37.4421768188, 37.8717460632, 38.3013153076, 38.730884552, 39.1604537964, 39.5900230408, 40.0195922852, 40.4491615295, 40.8671188354, 41.2966880798, 41.7262573242, 42.1558265686, 42.585395813, 43.0265769958, 43.4793624878, 43.9437637329, 44.3965530396, 44.8377304077, 45.2905197144, 45.7317008972, 46.1728782654, 46.6024475098, 47.0320167542, 47.4615859985, 47.8911552429, 48.3207244873, 48.7502937317, 49.1798629761, 49.5978240967, 50.0273895264, 50.4569587708, 50.8865280151, 51.3160972595, 51.7340583801, 52.152015686, 52.5931968689, 53.0343742371, 53.4755554199, 53.9051246643, 54.3346939087, 54.7642631531, 55.1938323975, 55.6117897034, 56.0413589478, 56.4825401306, 56.912109375, 57.3416786194, 57.7712478638, 58.1892051697, 58.6071662903, 59.03673172, 59.4663009644, 59.9074821472, 60.3254394531, 60.7550086975, 61.1845779419, 61.6141471863, 62.0437164307, 62.4616775513, 62.8796348572, 63.2975959778, 63.7155532837, 64.1335144043, 64.563079834, 64.9926528931, 65.4106140137, 65.8285675049, 66.2465286255, 66.6644897461, 67.1056671143, 67.5236282349, 67.9415893555, 68.3595428467, 68.7775039673, 69.1954650879, 69.6134262085, 70.0313796997, 70.4493408203, 70.8673019409, 71.2852630615, 71.7032165527, 72.1211776733, 72.5391387939, 72.9454879761, 73.3518371582, 73.7697982788, 74.18775177, 74.6057128906, 75.0236740112, 75.4416275024, 75.859588623, 76.2891616821, 76.7187271118, 77.1366882324, 77.5662536621, 77.9842147827, 78.4137878418, 78.831741333, 79.2497024536, 79.6676635742, 80.0856246948, 80.503578186, 80.9331512451, 81.3627166748, 81.7806777954, 82.198638916, 82.6166000366, 83.0461654663, 83.4525146484, 83.870475769, 84.3000411987, 84.7296142578, 85.1475753784, 85.5423126221, 85.9602737427, 86.3782272339, 86.7961883545, 87.2257614136, 87.6437149048, 88.0732879639, 88.4912490845, 88.9092025757, 89.3271636963, 89.7451248169, 90.1630859375, 90.5810394287, 90.9990005493, 91.4169616699, 91.8349151611, 92.2528762817, 92.6824493408, 93.0887985229, 93.5067520142, 93.9247131348, 94.3542861938, 94.7838516235, 95.2134246826, 95.6429901123, 96.0841674805, 96.5137405396, 96.9549179077, 97.3960952759, 97.8372802734, 98.2900695801, 98.7428588867, 99.1956481934, 99.6368255615, 100.07800293, 100.519180298, 100.960357666, 101.343490601, 101.738227844, 102.132965088, 102.527709961, 102.864395142, 103.201087952, 103.537773132, 103.874465942, 104.211151123, 104.547843933, 104.884536743, 105.221221924, 105.557914734, 105.894599915, 106.231292725, 106.567977905, 106.904670715, 107.252967834, 107.601264954, 107.949569702],
    "bpm_histogram": [0, 0, 0, 0, 0, 0, 0, 0, 0, 0, 0, 0, 0, 0, 0, 0, 0, 0, 0, 0, 0, 0, 0, 0, 0, 0, 0, 0, 0, 0, 0, 0, 0, 0, 0, 0, 0, 0, 0, 0, 0, 0, 0, 0, 0, 0, 0, 0, 0, 0, 0, 0, 0, 0, 0, 0, 0, 0, 0, 0, 0, 0, 0, 0, 0, 0, 0, 0, 0, 0, 0, 0, 0, 0, 0, 0, 0, 0, 0, 0, 0, 0, 0, 0, 0, 0, 0, 0, 0, 0, 0, 0, 0, 0, 0, 0, 0, 0, 0, 0, 0, 0, 0, 0, 0, 0, 0, 0, 0, 0, 0, 0, 0, 0, 0, 0, 0, 0, 0, 0, 0, 0, 0, 0, 0, 0, 0, 0, 0, 0.00390625, 0, 0, 0, 0.0234375, 0, 0, 0.07421875, 0, 0, 0, 0.453125, 0, 0, 0, 0.33984375, 0, 0, 0, 0.01953125, 0, 0, 0, 0.01953125, 0, 0, 0, 0, 0.00390625, 0, 0, 0, 0, 0, 0, 0, 0, 0, 0, 0, 0, 0, 0, 0.01171875, 0, 0, 0, 0, 0, 0.05078125, 0, 0, 0, 0, 0, 0, 0, 0, 0, 0, 0, 0, 0, 0, 0, 0, 0, 0, 0, 0, 0, 0, 0, 0, 0, 0, 0, 0, 0, 0, 0, 0, 0, 0, 0, 0, 0, 0, 0, 0, 0, 0, 0, 0, 0, 0, 0, 0, 0, 0, 0, 0, 0, 0, 0, 0, 0, 0, 0, 0, 0, 0, 0, 0, 0, 0, 0, 0, 0, 0, 0]
},
"tonal": {
    "chords_changes_rate": 0.0440547466278,
    "chords_number_rate": 0.00384944397956,
    "chords_strength": {
        "mean": 0.566394746304
    },
    "hpcp_crest": {
        "mean": 14.8926715851
    },
    "hpcp_entropy": {
        "mean": 1.78313457966
    },
    "key_edma": {
        "strength": 0.86075335741,
        "key": "A",
        "scale": "major"
    },
    "key_krumhansl": {
        "strength": 0.867312788963,
        "key": "A",
        "scale": "major"
    },
    "key_temperley": {
        "strength": 0.873059630394,
        "key": "A",
        "scale": "major"
    },
    "tuning_diatonic_strength": 0.694237291813,
    "tuning_equal_tempered_deviation": 0.0925263166428,
    "tuning_frequency": 439.238189697,
    "tuning_nontempered_energy_ratio": 0.685217857361,
    "hpcp": {
        "mean": [0.364855796099, 0.242865234613, 0.0535517558455, 0.0482479259372, 0.0596565529704, 0.153161734343, 0.293859690428, 0.209580779076, 0.058736089617, 0.0459164008498, 0.0503410771489, 0.116051115096, 0.194848269224, 0.145078793168, 0.104499317706, 0.154736146331, 0.113535575569, 0.0521711669862, 0.0598877519369, 0.0691431760788, 0.176576778293, 0.374879896641, 0.2816157341, 0.0845746472478, 0.0586259178817, 0.0419445112348, 0.0777930095792, 0.139018341899, 0.105251505971, 0.0451843999326, 0.0320558920503, 0.0254441276193, 0.0484040044248, 0.090183891356, 0.0957023203373, 0.191614747047]
    },
    "chords_histogram": [46.8348999023, 2.26689481735, 14.371257782, 0.898203611374, 5.51753616333, 0, 0, 0, 0.171086400747, 0, 2.35243797302, 0, 0, 0, 0, 3.2506415844, 0, 0.641573965549, 0, 3.46449947357, 0, 12.2754487991, 7.95551776886, 0],
    "thpcp": [1, 0.751215875149, 0.225604653358, 0.156385868788, 0.111887864769, 0.207514494658, 0.370834350586, 0.280760616064, 0.120530337095, 0.0855097621679, 0.0678727477789, 0.129118695855, 0.240567430854, 0.255287945271, 0.511136353016, 0.973260521889, 0.647848129272, 0.14285042882, 0.128702357411, 0.159135103226, 0.408562153578, 0.783876895905, 0.55906111002, 0.156679749489, 0.122482962906, 0.134285882115, 0.309568792582, 0.519761860371, 0.387000739574, 0.278754115105, 0.412761926651, 0.302858531475, 0.139167681336, 0.159751832485, 0.184440881014, 0.47102227807],
    "chords_key": "A",
    "chords_scale": "major"
}
}