{
"metadata": {
    "version": {
        "essentia": "2.1-beta6-dev",
        "essentia_git_sha": "v2.1_beta5-1177-g1d1cc983",
        "extractor": "music 2.0"
    },
    "audio_properties": {
        "analysis": {
            "equal_loudness": 0,
            "length": 199.773330688,
            "sample_rate": 44100,
            "start_time": 0,
            "downmix": "mix"
        },
        "bit_rate": 1411200,
        "length": 199.773330688,
        "lossless": 1,
        "number_channels": 2,
        "replay_gain": -13.7343349457,
        "sample_rate": 44100,
        "codec": "pcm_s16le",
        "md5_encoded": "ed186bcfe5b0683893bc8f3fe346c225"
    },
    "tags": {
        "file_name": "06 - The Front Bottoms - Grand Finale.wav",
        "album": ["Going Grey"],
        "albumartist": ["The Front Bottoms"],
        "artist": ["The Front Bottoms"],
        "copyright": ["© 2017 Fueled By Ramen LLC for the United States and WEA International Inc. for the world outside of the United States. A Warner Music Group Company ℗ 2017 Fueled By Ramen LLC"],
        "date": ["2017"],
        "discnumber": ["1"],
        "disctotal": ["1"],
        "genre": ["Alternative & Indie"],
        "isrc": ["USAT21703360"],
        "title": ["Grand Finale"],
        "tracknumber": ["6"],
        "tracktotal": ["11"]
    }
},
"lowlevel": {
    "average_loudness": 0.928668916225,
    "barkbands_crest": {
        "mean": 11.3201446533
    },
    "barkbands_flatness_db": {
        "mean": 0.130533516407
    },
    "barkbands_kurtosis": {
        "mean": 6.14826250076
    },
    "barkbands_skewness": {
        "mean": 1.83706796169
    },
    "barkbands_spread": {
        "mean": 28.1160202026
    },
    "dissonance": {
        "mean": 0.474446445704
    },
    "dynamic_complexity": 3.20963001251,
    "erbbands_crest": {
        "mean": 7.52305746078
    },
    "erbbands_flatness_db": {
        "mean": 0.135257467628
    },
    "erbbands_kurtosis": {
        "mean": 0.0536624081433
    },
    "erbbands_skewness": {
        "mean": 0.0139970621094
    },
    "erbbands_spread": {
        "mean": 47.6131591797
    },
    "hfc": {
        "mean": 25.7055435181
    },
    "loudness_ebu128": {
        "integrated": -8.28125,
        "loudness_range": 7.11351442337,
        "momentary": {
            "mean": -10.432431221
        },
        "short_term": {
            "mean": -9.36075687408
        }
    },
    "melbands_crest": {
        "mean": 16.8823432922
    },
    "melbands_flatness_db": {
        "mean": 0.200854584575
    },
    "melbands_kurtosis": {
        "mean": 22.3097572327
    },
    "melbands_skewness": {
        "mean": 3.44165658951
    },
    "melbands_spread": {
        "mean": 24.0679206848
    },
    "pitch_salience": {
        "mean": 0.487808853388
    },
    "silence_rate_20dB": {
        "mean": 1
    },
    "silence_rate_30dB": {
        "mean": 0.996513664722
    },
    "silence_rate_60dB": {
        "mean": 0.0478791408241
    },
    "spectral_centroid": {
        "mean": 1660.64050293
    },
    "spectral_complexity": {
        "mean": 24.6754207611
    },
    "spectral_decrease": {
        "mean": -8.96898200153e-09
    },
    "spectral_energy": {
        "mean": 0.036182526499
    },
    "spectral_energyband_high": {
        "mean": 0.00150065263733
    },
    "spectral_energyband_low": {
        "mean": 0.0197348836809
    },
    "spectral_energyband_middle_high": {
        "mean": 0.00548666995019
    },
    "spectral_energyband_middle_low": {
        "mean": 0.0103701874614
    },
    "spectral_entropy": {
        "mean": 7.82288742065
    },
    "spectral_flux": {
        "mean": 0.0874804183841
    },
    "spectral_kurtosis": {
        "mean": 3.58661103249
    },
    "spectral_rms": {
        "mean": 0.00554886227474
    },
    "spectral_rolloff": {
        "mean": 1578.00561523
    },
    "spectral_skewness": {
        "mean": 1.29018783569
    },
    "spectral_spread": {
        "mean": 4999858.5
    },
    "spectral_strongpeak": {
        "mean": 0.546574234962
    },
    "zerocrossingrate": {
        "mean": 0.0638101622462
    },
    "barkbands": {
        "mean": [0.000514058745466, 0.0136050386354, 0.00477902265266, 0.00191030313727, 0.00308141415007, 0.00159011385404, 0.00138143927325, 0.00110108754598, 0.00117691524792, 0.000545497750863, 0.000835034006741, 0.00072942848783, 0.00045867296285, 0.000507263524923, 0.00033669322147, 0.000380145822419, 0.000502651906572, 0.000431377789937, 0.000588145398069, 0.000398954376578, 0.000320294057019, 0.000293498160318, 0.000262165471213, 0.000262734654825, 0.000131574706757, 5.16624313605e-05, 7.24054052625e-06]
    },
    "erbbands": {
        "mean": [0.334998816252, 3.17158269882, 6.7031993866, 5.24006557465, 8.44027614594, 10.5170145035, 12.532834053, 12.9301919937, 18.5557155609, 20.7803459167, 29.1713638306, 21.5201530457, 20.0542678833, 24.9475002289, 29.6904735565, 27.1730651855, 22.6586704254, 23.9357509613, 21.0398368835, 19.3504962921, 23.2048931122, 29.8661365509, 23.8798980713, 25.7414245605, 30.0063323975, 18.1334552765, 13.6106710434, 12.1886463165, 10.529168129, 9.56773471832, 6.95815610886, 5.85955047607, 3.92298722267, 1.73403573036, 0.830344855785, 0.321180731058, 0.078979358077, 0.0129380663857, 0.00122439966071, 9.8122509371e-05]
    },
    "gfcc": {
        "mean": [5.07164001465, 86.857460022, -112.817703247, 45.5184364319, -51.6977920532, 19.4060573578, -26.3699150085, 14.0248537064, -17.7557125092, 0.497423887253, -9.35276889801, -2.44651603699, -10.4613256454],
        "cov": [[22480.5332031, -545.243652344, 597.479736328, 1652.79931641, -1056.23010254, 385.855010986, -655.889282227, 358.907867432, -303.56427002, 416.964355469, -93.5082321167, 277.269287109, -242.416412354], [-545.243652344, 1874.6015625, -788.765197754, -55.6508598328, 180.233276367, -397.159545898, 273.698760986, -153.15562439, 244.423583984, -240.364730835, 153.656402588, -158.45866394, 124.498023987], [597.479736328, -788.765197754, 1191.46960449, 289.139648438, -78.8036117554, 303.879852295, -115.948150635, 122.79586792, -112.392669678, 223.334121704, -47.5401382446, 77.9533996582, -51.9730873108], [1652.79931641, -55.6508598328, 289.139648438, 558.515197754, -101.723312378, 114.187965393, -8.67091941833, 10.1368379593, 21.6791915894, 20.6968517303, 22.0821323395, -13.4113578796, 28.3747882843], [-1056.23010254, 180.233276367, -78.8036117554, -101.723312378, 288.375396729, -46.6204681396, 96.3999938965, -21.3533477783, 48.5324172974, -11.9123945236, -20.3823814392, 10.7150707245, 15.8728590012], [385.855010986, -397.159545898, 303.879852295, 114.187965393, -46.6204681396, 339.475341797, 20.3512992859, 82.7110748291, -43.7661018372, 68.1101913452, -3.87638020515, 34.9414024353, -2.59651327133], [-655.889282227, 273.698760986, -115.948150635, -8.67091941833, 96.3999938965, 20.3512992859, 281.290100098, 11.9469680786, 56.017829895, -58.3902854919, 18.5851554871, 1.63932657242, 40.7671813965], [358.907867432, -153.15562439, 122.79586792, 10.1368379593, -21.3533477783, 82.7110748291, 11.9469680786, 167.011978149, 23.6090316772, 69.2785949707, 20.1023750305, 23.7753734589, -7.81386756897], [-303.56427002, 244.423583984, -112.392669678, 21.6791915894, 48.5324172974, -43.7661018372, 56.017829895, 23.6090316772, 131.939956665, 8.20520401001, 35.2382888794, -29.6445922852, 20.972196579], [416.964355469, -240.364730835, 223.334121704, 20.6968517303, -11.9123945236, 68.1101913452, -58.3902854919, 69.2785949707, 8.20520401001, 146.039382935, 12.2865028381, 28.5988121033, -33.688999176], [-93.5082321167, 153.656402588, -47.5401382446, 22.0821323395, -20.3823814392, -3.87638020515, 18.5851554871, 20.1023750305, 35.2382888794, 12.2865028381, 101.479827881, 6.48583030701, 21.8891906738], [277.269287109, -158.45866394, 77.9533996582, -13.4113578796, 10.7150707245, 34.9414024353, 1.63932657242, 23.7753734589, -29.6445922852, 28.5988121033, 6.48583030701, 102.161231995, 15.6121387482], [-242.416412354, 124.498023987, -51.9730873108, 28.3747882843, 15.8728590012, -2.59651327133, 40.7671813965, -7.81386756897, 20.972196579, -33.688999176, 21.8891906738, 15.6121387482, 79.4884567261]],
        "icov": [[0.000166123762028, -0.000427093560575, 0.000319648883305, -0.000653779949062, 0.000474556611152, -0.000203887801035, 0.000311892072205, -0.000495717627928, 0.000709753483534, -0.000838412030134, 0.000991714652628, -0.00104149756953, 0.000696690578479], [-0.000427093560575, 0.00286594615318, -0.000722067023162, 0.00162784790155, -0.00169881456532, 0.00172846799251, -0.00163964310195, 0.00187202251982, -0.00313042895868, 0.00341950845905, -0.00479887006804, 0.00439696805552, -0.0026907492429], [0.000319648883305, -0.000722067023162, 0.0025095269084, -0.002147173509, 0.000657907919958, -0.000931351096369, 0.000564472284168, -0.00127000350039, 0.00292001501657, -0.00405509630218, 0.00264018517919, -0.0020036411006, 0.00111436459702], [-0.000653779949062, 0.00162784790155, -0.002147173509, 0.00519665237516, -0.000912713003345, 0.000206269003684, -0.00115955225192, 0.00263928319328, -0.00434166844934, 0.00409989058971, -0.00418728031218, 0.00445762928575, -0.00359855731949], [0.000474556611152, -0.00169881456532, 0.000657907919958, -0.000912713003345, 0.0064257341437, -0.000555304286536, -0.000457043468487, -0.000395301729441, 0.000202748633455, -0.0034126995597, 0.00521002104506, -0.00450720684603, 0.00170891871676], [-0.000203887801035, 0.00172846799251, -0.000931351096369, 0.000206269003684, -0.000555304286536, 0.0057224072516, -0.00215715309605, -0.000533370824996, 0.000183241252671, 0.00067251076689, -0.00250566191971, 0.00259870756418, -0.0022435951978], [0.000311892072205, -0.00163964310195, 0.000564472284168, -0.00115955225192, -0.000457043468487, -0.00215715309605, 0.00639095623046, -0.00208867667243, -0.000116472576337, 0.00105438486207, 0.00218966742977, -0.00348514132202, 0.00139913917519], [-0.000495717627928, 0.00187202251982, -0.00127000350039, 0.00263928319328, -0.000395301729441, -0.000533370824996, -0.00208867667243, 0.0106771327555, -0.00523126963526, 0.000137722134241, -0.00423513492569, 0.00233806436881, -0.00188841321506], [0.000709753483534, -0.00313042895868, 0.00292001501657, -0.00434166844934, 0.000202748633455, 0.000183241252671, -0.000116472576337, -0.00523126963526, 0.0187592376024, -0.00992734078318, 0.00352912233211, -0.000445483485237, -3.5934178868e-06], [-0.000838412030134, 0.00341950845905, -0.00405509630218, 0.00409989058971, -0.0034126995597, 0.00067251076689, 0.00105438486207, 0.000137722134241, -0.00992734078318, 0.0215230844915, -0.00937154795974, 0.00268290494569, 0.00194355344865], [0.000991714652628, -0.00479887006804, 0.00264018517919, -0.00418728031218, 0.00521002104506, -0.00250566191971, 0.00218966742977, -0.00423513492569, 0.00352912233211, -0.00937154795974, 0.0216326974332, -0.00948537979275, 0.00210294150747], [-0.00104149756953, 0.00439696805552, -0.0020036411006, 0.00445762928575, -0.00450720684603, 0.00259870756418, -0.00348514132202, 0.00233806436881, -0.000445483485237, 0.00268290494569, -0.00948537979275, 0.0219572689384, -0.0104080094025], [0.000696690578479, -0.0026907492429, 0.00111436459702, -0.00359855731949, 0.00170891871676, -0.0022435951978, 0.00139913917519, -0.00188841321506, -3.5934178868e-06, 0.00194355344865, 0.00210294150747, -0.0104080094025, 0.0219047293067]]
    },
    "melbands": {
        "mean": [0.00340561964549, 0.00370679562911, 0.00104094576091, 0.000670965237077, 0.000454169174191, 0.000305684836349, 0.000274401303614, 0.000228591423365, 0.000247040094109, 0.000133258159622, 9.95332738967e-05, 9.71861445578e-05, 0.000110921479063, 6.71706875437e-05, 7.74066211306e-05, 4.35098336311e-05, 4.47341808467e-05, 3.64131410606e-05, 2.60962769971e-05, 2.57134688582e-05, 2.67800951406e-05, 3.25627224811e-05, 2.45607334364e-05, 1.84622058441e-05, 2.05189789995e-05, 2.44063194259e-05, 1.74763608811e-05, 1.06287880044e-05, 8.59543524712e-06, 7.43309146856e-06, 7.01467206454e-06, 6.05471905146e-06, 5.37136975254e-06, 5.35762183063e-06, 4.13184307035e-06, 3.52221559297e-06, 3.58984630111e-06, 2.96271514344e-06, 1.95342954612e-06, 1.30354658268e-06]
    },
    "melbands128": {
        "mean": [0.000483713374706, 0.00239351694472, 0.00446184864268, 0.00566862151027, 0.00431241700426, 0.00188509665895, 0.000945420528296, 0.00100600952283, 0.000859648047481, 0.000623681291472, 0.000583745306358, 0.000522829010151, 0.000433815846918, 0.000368753797375, 0.000243682879955, 0.000290201191092, 0.000372536509531, 0.000232370221056, 0.000201545408345, 0.000251095101703, 0.000219006353291, 0.000255423277849, 0.000250535609666, 0.000271837314358, 9.50450994424e-05, 0.000102808677184, 0.000140379081131, 7.57352245273e-05, 0.000105614584754, 6.22014049441e-05, 0.000108651976916, 0.000133916735649, 0.000130099026137, 7.05826096237e-05, 8.50272117532e-05, 4.66327728645e-05, 6.37824414298e-05, 0.000126799073769, 4.26653496106e-05, 3.47849636455e-05, 4.70388586109e-05, 5.0778806326e-05, 4.19924108428e-05, 3.79451776098e-05, 5.77060345677e-05, 3.0356735806e-05, 2.14461415453e-05, 2.90538700938e-05, 2.60069500655e-05, 2.51670498983e-05, 2.40396093432e-05, 2.82354430965e-05, 2.79438118014e-05, 2.2073445507e-05, 3.30170041707e-05, 3.90309287468e-05, 2.79520063486e-05, 2.18765289901e-05, 2.7645011869e-05, 2.06961412914e-05, 1.64249740919e-05, 1.76416760951e-05, 1.89433776541e-05, 2.1846679374e-05, 2.21718601097e-05, 2.79246305581e-05, 2.2440113753e-05, 2.1168452804e-05, 1.59270475706e-05, 1.29952604766e-05, 1.10058981591e-05, 9.19505691854e-06, 8.77863749338e-06, 8.85123336047e-06, 8.01775422588e-06, 7.18151386536e-06, 7.72914791014e-06, 6.49271851216e-06, 7.48343336454e-06, 6.67743006488e-06, 6.33367199043e-06, 5.50933873456e-06, 5.84143344895e-06, 5.08916446051e-06, 5.37821551916e-06, 5.45460079593e-06, 5.43812302567e-06, 5.00791202285e-06, 4.13489669882e-06, 3.40931933351e-06, 3.3668445667e-06, 3.59716636922e-06, 3.69965277969e-06, 3.8579419197e-06, 3.23620611198e-06, 3.28802434524e-06, 2.8738400033e-06, 2.59471858044e-06, 2.11543760997e-06, 1.49833965679e-06, 1.43797876717e-06, 1.29994009512e-06, 1.12131351671e-06, 9.76707042355e-07, 9.90410399027e-07, 8.3993353428e-07, 7.80083439622e-07, 5.38317749488e-07, 5.56629061066e-07, 4.90801880915e-07, 4.28019291121e-07, 2.93095524739e-07, 2.31989048416e-07, 1.33995868623e-07, 1.1955744128e-07, 1.23051094647e-07, 8.80021318039e-08, 6.87835495228e-08, 4.96844307918e-08, 3.46030013532e-08, 2.45767868279e-08, 1.93530045323e-08, 1.68404508116e-08, 1.24168746396e-08, 6.06413497195e-09, 3.50184414799e-09, 2.67133293264e-09, 1.71462122278e-09]
    },
    "mfcc": {
        "mean": [-629.408874512, 109.245544434, 4.12664604187, 29.9053230286, 5.42504024506, 8.70745658875, 6.84091663361, 11.5386142731, 1.3306055069, 7.43711233139, 2.74534416199, 2.47456145287, 0.449838727713],
        "cov": [[13332.0664062, -452.435974121, 658.249267578, 583.726379395, 193.631256104, 31.9033908844, -105.911697388, 5.94859695435, -146.721237183, 13.3275690079, 28.1948165894, 124.938735962, 64.8489379883], [-452.435974121, 1585.1484375, -599.351318359, 213.126235962, -104.639938354, -86.9712524414, -49.5816612244, 66.3081741333, 17.5437068939, 23.5909767151, 4.40842247009, -14.7885112762, -5.32384347916], [658.249267578, -599.351318359, 917.739013672, 17.5813179016, 149.551361084, 96.641166687, 114.487922668, -51.2606582642, -7.84318685532, 64.4659118652, 45.120388031, 22.9947910309, 28.1055908203], [583.726379395, 213.126235962, 17.5813179016, 368.808685303, 35.7441368103, 44.6359176636, -6.63147783279, 27.0516643524, 28.5527153015, 17.2578639984, -2.29611444473, 4.14526844025, -4.18232870102], [193.631256104, -104.639938354, 149.551361084, 35.7441368103, 188.11088562, 31.0004863739, -5.12199783325, -43.2765350342, -2.75829124451, 25.4192390442, 17.7310256958, 8.62595748901, 0.642650604248], [31.9033908844, -86.9712524414, 96.641166687, 44.6359176636, 31.0004863739, 186.524276733, 72.4447402954, 36.4262542725, 45.0936737061, -4.36614179611, 0.982023715973, 16.3457565308, -9.05390357971], [-105.911697388, -49.5816612244, 114.487922668, -6.63147783279, -5.12199783325, 72.4447402954, 153.159118652, 68.7362365723, 40.3271446228, 11.3155145645, 13.7480392456, 7.77664804459, 15.3955812454], [5.94859695435, 66.3081741333, -51.2606582642, 27.0516643524, -43.2765350342, 36.4262542725, 68.7362365723, 134.609313965, 56.9032516479, 3.30984163284, -10.82280159, 9.33709526062, 23.9948101044], [-146.721237183, 17.5437068939, -7.84318685532, 28.5527153015, -2.75829124451, 45.0936737061, 40.3271446228, 56.9032516479, 112.347724915, 28.5329265594, 10.9509401321, 12.441649437, 1.76713216305], [13.3275690079, 23.5909767151, 64.4659118652, 17.2578639984, 25.4192390442, -4.36614179611, 11.3155145645, 3.30984163284, 28.5329265594, 104.200332642, 52.8442611694, 15.9704189301, 2.00321340561], [28.1948165894, 4.40842247009, 45.120388031, -2.29611444473, 17.7310256958, 0.982023715973, 13.7480392456, -10.82280159, 10.9509401321, 52.8442611694, 90.2805328369, 34.2399024963, 4.30110931396], [124.938735962, -14.7885112762, 22.9947910309, 4.14526844025, 8.62595748901, 16.3457565308, 7.77664804459, 9.33709526062, 12.441649437, 15.9704189301, 34.2399024963, 77.3298873901, 33.463886261], [64.8489379883, -5.32384347916, 28.1055908203, -4.18232870102, 0.642650604248, -9.05390357971, 15.3955812454, 23.9948101044, 1.76713216305, 2.00321340561, 4.30110931396, 33.463886261, 78.6089019775]],
        "icov": [[9.08830188564e-05, 3.06054134853e-05, -6.25512693659e-05, -0.000157908783876, -2.92453532893e-05, 2.57017527474e-05, 0.000131370543386, -0.0001725795737, 0.000190119957551, 2.69172978733e-05, -2.19722878683e-05, -0.000148074046592, 3.04878903989e-05], [3.06054134853e-05, 0.00102343747858, 0.000690503511578, -0.000723617093172, 0.0001382153132, 0.000293323799269, -0.000301310123177, -8.14271334093e-05, 0.000284908339381, -0.000529264099896, -0.000198559384444, 0.000171700172359, -0.000179940398084], [-6.25512693659e-05, 0.000690503511578, 0.00217121047899, -0.000420403346652, -0.000715897011105, -0.000310376111884, -0.0019281511195, 0.00139904487878, 0.000462057010736, -0.00132275477517, 0.000141020136653, 0.000303355191136, -0.000893136719242], [-0.000157908783876, -0.000723617093172, -0.000420403346652, 0.00371662341058, -0.00062296591932, -0.000970708555542, 0.00102531199809, -0.000730466039386, -0.000703863159288, -0.000188546458958, 0.000401506462367, 0.00015700586664, 0.000276583858067], [-2.92453532893e-05, 0.0001382153132, -0.000715897011105, -0.00062296591932, 0.00706288171932, -0.00126271927729, 0.000541269604582, 0.00244600907899, -0.000379796314519, -0.00127497455105, -4.25876060035e-05, 0.000146777514601, -0.000818634231109], [2.57017527474e-05, 0.000293323799269, -0.000310376111884, -0.000970708555542, -0.00126271927729, 0.00839945301414, -0.00331006734632, -0.000525085779373, -0.00201991293579, 0.00184396514669, 0.000780077825766, -0.00276986742392, 0.00297915819101], [0.000131370543386, -0.000301310123177, -0.0019281511195, 0.00102531199809, 0.000541269604582, -0.00331006734632, 0.0127146495506, -0.00628227554262, -0.000376786774723, 0.000977961928584, -0.00304301362485, 0.00203150953166, -0.00105782854371], [-0.0001725795737, -8.14271334093e-05, 0.00139904487878, -0.000730466039386, 0.00244600907899, -0.000525085779373, -0.00628227554262, 0.015486442484, -0.00515842949972, -0.00130148674361, 0.00332329492085, -0.000183999611181, -0.00393381202593], [0.000190119957551, 0.000284908339381, 0.000462057010736, -0.000703863159288, -0.000379796314519, -0.00201991293579, -0.000376786774723, -0.00515842949972, 0.0139365168288, -0.00377259170637, 0.00019163050456, -0.00139561539982, 0.0014451041352], [2.69172978733e-05, -0.000529264099896, -0.00132275477517, -0.000188546458958, -0.00127497455105, 0.00184396514669, 0.000977961928584, -0.00130148674361, -0.00377259170637, 0.0162486676127, -0.00886058434844, 0.00100092648063, 0.000562844914384], [-2.19722878683e-05, -0.000198559384444, 0.000141020136653, 0.000401506462367, -4.25876060035e-05, 0.000780077825766, -0.00304301362485, 0.00332329492085, 0.00019163050456, -0.00886058434844, 0.0201590172946, -0.00847545545548, 0.00237387046218], [-0.000148074046592, 0.000171700172359, 0.000303355191136, 0.00015700586664, 0.000146777514601, -0.00276986742392, 0.00203150953166, -0.000183999611181, -0.00139561539982, 0.00100092648063, -0.00847545545548, 0.0212450474501, -0.00920268893242], [3.04878903989e-05, -0.000179940398084, -0.000893136719242, 0.000276583858067, -0.000818634231109, 0.00297915819101, -0.00105782854371, -0.00393381202593, 0.0014451041352, 0.000562844914384, 0.00237387046218, -0.00920268893242, 0.0185165572912]]
    },
    "spectral_contrast_coeffs": {
        "mean": [-0.72073417902, -0.769056200981, -0.780401229858, -0.81419724226, -0.791401147842, -0.764098107815]
    },
    "spectral_contrast_valleys": {
        "mean": [-6.64741945267, -6.81494188309, -7.30208158493, -7.49590873718, -7.33703517914, -9.99464416504]
    }
},
"rhythm": {
    "beats_count": 408,
    "beats_loudness": {
        "mean": 0.0550081431866
    },
    "bpm": 122.978240967,
    "bpm_histogram_first_peak_bpm": 123,
    "bpm_histogram_first_peak_weight": 0.0545905828476,
    "bpm_histogram_second_peak_bpm": 117,
    "bpm_histogram_second_peak_spread": 0,
    "bpm_histogram_second_peak_weight": 0.00982800964266,
    "danceability": 1.16173613071,
    "onset_rate": 3.92400050163,
    "beats_loudness_band_ratio": {
        "mean": [0.672247588634, 0.0771112665534, 0.0827552303672, 0.0799210220575, 0.0500095821917, 0.0516657158732]
    },
    "beats_position": [0.510838985443, 1.01006805897, 1.50929701328, 1.99691605568, 2.48453521729, 2.97215414047, 3.45977306366, 3.94739222527, 4.43501138687, 4.92263031006, 5.41024923325, 5.89786815643, 6.38548755646, 6.87310647964, 7.36072540283, 7.84834432602, 8.33596324921, 8.82358264923, 9.31120204926, 9.79882049561, 10.2864398956, 10.774058342, 11.261677742, 11.749297142, 12.2369155884, 12.7245349884, 13.2121543884, 13.6997728348, 14.1873922348, 14.6750106812, 15.1626300812, 15.6502494812, 16.1378688812, 16.6254863739, 17.1131057739, 17.600725174, 18.088344574, 18.575963974, 19.0635814667, 19.5512008667, 20.0388202667, 20.5264396667, 21.0140590668, 21.5016784668, 21.9892959595, 22.4769153595, 22.9645347595, 23.4521541595, 23.9397735596, 24.4273910522, 24.9150104523, 25.4026298523, 25.8902492523, 26.3778686523, 26.865486145, 27.353105545, 27.8407249451, 28.3283443451, 28.8159637451, 29.3035831451, 29.7912006378, 30.2788200378, 30.7664394379, 31.2540588379, 31.7416782379, 32.2292976379, 32.7169151306, 33.204536438, 33.6921539307, 34.1797714233, 34.6673927307, 35.1550102234, 35.6426315308, 36.1302490234, 36.6178665161, 37.1054878235, 37.5931053162, 38.0807266235, 38.5683441162, 39.0675735474, 39.5668029785, 40.0544204712, 40.5420417786, 41.0296592712, 41.5172767639, 42.0048980713, 42.492515564, 42.9801368713, 43.467754364, 43.9553718567, 44.4429931641, 44.9306106567, 45.4182319641, 45.9058494568, 46.3934669495, 46.8810882568, 47.3687057495, 47.8563270569, 48.3439445496, 48.8315620422, 49.3191833496, 49.8068008423, 50.2944221497, 50.7820396423, 51.269657135, 51.7572784424, 52.2448959351, 52.7325172424, 53.2201347351, 53.7077522278, 54.1953735352, 54.6829910278, 55.1706123352, 55.6582298279, 56.1458511353, 56.6334686279, 57.1210861206, 57.608707428, 58.0963249207, 58.583946228, 59.0715637207, 59.5591812134, 60.0468025208, 60.5344200134, 61.0220413208, 61.5096588135, 61.9972763062, 62.4848976135, 62.9725151062, 63.4601364136, 63.9477539062, 64.4353713989, 64.9229888916, 65.4106140137, 65.8982315063, 66.385848999, 66.8734664917, 67.3610839844, 67.8487091064, 68.3363265991, 68.8239440918, 69.3115615845, 69.7991790771, 70.2868041992, 70.7744216919, 71.2620391846, 71.7496566772, 72.2372741699, 72.724899292, 73.2125167847, 73.7001342773, 74.18775177, 74.6753692627, 75.1629943848, 75.6506118774, 76.1382293701, 76.6258468628, 77.1134643555, 77.6010894775, 78.0887069702, 78.5763244629, 79.0639419556, 79.5515594482, 80.0391845703, 80.526802063, 81.0144195557, 81.5020370483, 81.9896621704, 82.4772796631, 82.9648971558, 83.4525146484, 83.9401321411, 84.4277572632, 84.9153747559, 85.4029922485, 85.8906097412, 86.3782272339, 86.865852356, 87.3534698486, 87.8410873413, 88.328704834, 88.8163223267, 89.3039474487, 89.7915649414, 90.2791824341, 90.7667999268, 91.2544174194, 91.7420425415, 92.2296600342, 92.7172775269, 93.2048950195, 93.6925125122, 94.1801376343, 94.667755127, 95.1669845581, 95.6662139893, 96.1538314819, 96.6414489746, 97.1290664673, 97.61668396, 98.104309082, 98.5919265747, 99.0795440674, 99.5671615601, 100.054779053, 100.542404175, 101.030021667, 101.51763916, 102.005256653, 102.492874146, 102.980499268, 103.46811676, 103.955734253, 104.443351746, 104.930976868, 105.41859436, 105.906211853, 106.393829346, 106.881446838, 107.36907196, 107.856689453, 108.344306946, 108.831924438, 109.319541931, 109.807167053, 110.294784546, 110.782402039, 111.270019531, 111.757637024, 112.245262146, 112.732879639, 113.220497131, 113.708114624, 114.195732117, 114.683357239, 115.170974731, 115.658592224, 116.146209717, 116.633827209, 117.121452332, 117.609069824, 118.096687317, 118.58430481, 119.071922302, 119.559547424, 120.047164917, 120.53478241, 121.022399902, 121.510017395, 121.997642517, 122.48526001, 122.972877502, 123.460494995, 123.948112488, 124.43573761, 124.923355103, 125.410972595, 125.898590088, 126.386207581, 126.873832703, 127.361450195, 127.849067688, 128.336685181, 128.824310303, 129.311920166, 129.799545288, 130.28717041, 130.774780273, 131.262405396, 131.750015259, 132.237640381, 132.725265503, 133.212875366, 133.68888855, 134.188110352, 134.675735474, 135.163360596, 135.650970459, 136.138595581, 136.626205444, 137.113830566, 137.601455688, 138.089065552, 138.576690674, 139.064300537, 139.551925659, 140.039550781, 140.527160645, 141.014785767, 141.50239563, 141.990020752, 142.477645874, 142.965255737, 143.452880859, 143.940490723, 144.428115845, 144.915740967, 145.40335083, 145.890975952, 146.378585815, 146.866210938, 147.35383606, 147.841445923, 148.329071045, 148.816680908, 149.30430603, 149.791931152, 150.279541016, 150.767166138, 151.254776001, 151.742401123, 152.230026245, 152.717636108, 153.20526123, 153.692871094, 154.180496216, 154.668121338, 155.155731201, 155.643356323, 156.130966187, 156.630203247, 157.129425049, 157.617050171, 158.104675293, 158.592285156, 159.079910278, 159.555908203, 160.043533325, 160.531158447, 161.030380249, 161.518005371, 162.005615234, 162.493240356, 162.980865479, 163.468475342, 163.956100464, 164.443710327, 164.931335449, 165.418960571, 165.906570435, 166.394195557, 166.88180542, 167.369430542, 167.857055664, 168.344665527, 168.832290649, 169.319900513, 169.807525635, 170.295150757, 170.78276062, 171.270385742, 171.757995605, 172.245620728, 172.73324585, 173.220855713, 173.708480835, 174.196090698, 174.68371582, 175.171340942, 175.658950806, 176.146575928, 176.634185791, 177.121810913, 177.609436035, 178.097045898, 178.584671021, 179.072280884, 179.571517944, 180.070739746, 180.558364868, 181.04598999, 181.533599854, 182.021224976, 182.508834839, 182.996459961, 183.484085083, 183.971694946, 184.459320068, 184.946929932, 185.434555054, 185.922180176, 186.409790039, 186.897415161, 187.385025024, 187.872650146, 188.360275269, 188.847885132, 189.335510254, 189.823120117, 190.310745239, 190.798370361, 191.285980225, 191.773605347, 192.272827148, 192.772064209, 193.271286011, 193.770523071, 194.281356812, 194.792190552, 195.303039551, 195.813873291, 196.289886475, 196.777496338, 197.253509521, 197.729522705, 198.205535889, 198.693145752, 199.180770874],
    "bpm_histogram": [0, 0, 0, 0, 0, 0, 0, 0, 0, 0, 0, 0, 0, 0, 0, 0, 0, 0, 0, 0, 0, 0, 0, 0, 0, 0, 0, 0, 0, 0, 0, 0, 0, 0, 0, 0, 0, 0, 0, 0, 0, 0, 0, 0, 0, 0, 0, 0, 0, 0, 0, 0, 0, 0, 0, 0, 0, 0, 0, 0, 0, 0, 0, 0, 0, 0, 0, 0, 0, 0, 0, 0, 0, 0, 0, 0, 0, 0, 0, 0, 0, 0, 0, 0, 0, 0, 0, 0, 0, 0, 0, 0, 0, 0, 0, 0, 0, 0, 0, 0, 0, 0, 0, 0, 0, 0, 0, 0, 0, 0, 0, 0, 0, 0, 0, 0, 0, 0.00982800964266, 0, 0, 0.0393120385706, 0, 0, 0.936117947102, 0, 0, 0.0147420149297, 0, 0, 0, 0, 0, 0, 0, 0, 0, 0, 0, 0, 0, 0, 0, 0, 0, 0, 0, 0, 0, 0, 0, 0, 0, 0, 0, 0, 0, 0, 0, 0, 0, 0, 0, 0, 0, 0, 0, 0, 0, 0, 0, 0, 0, 0, 0, 0, 0, 0, 0, 0, 0, 0, 0, 0, 0, 0, 0, 0, 0, 0, 0, 0, 0, 0, 0, 0, 0, 0, 0, 0, 0, 0, 0, 0, 0, 0, 0, 0, 0, 0, 0, 0, 0, 0, 0, 0, 0, 0, 0, 0, 0, 0, 0, 0, 0, 0, 0, 0, 0, 0, 0, 0, 0, 0, 0, 0, 0, 0, 0, 0, 0, 0, 0, 0, 0, 0, 0, 0, 0, 0, 0]
},
"tonal": {
    "chords_changes_rate": 0.0650708824396,
    "chords_number_rate": 0.00255635613576,
    "chords_strength": {
        "mean": 0.510481417179
    },
    "hpcp_crest": {
        "mean": 12.6151561737
    },
    "hpcp_entropy": {
        "mean": 2.08839249611
    },
    "key_edma": {
        "strength": 0.769877374172,
        "key": "E",
        "scale": "major"
    },
    "key_krumhansl": {
        "strength": 0.756483256817,
        "key": "E",
        "scale": "major"
    },
    "key_temperley": {
        "strength": 0.734789669514,
        "key": "E",
        "scale": "major"
    },
    "tuning_diatonic_strength": 0.555154204369,
    "tuning_equal_tempered_deviation": 0.26131722331,
    "tuning_frequency": 434.193115234,
    "tuning_nontempered_energy_ratio": 0.956592381001,
    "hpcp": {
        "mean": [0.0727353170514, 0.0551883466542, 0.0529315210879, 0.0772358328104, 0.084010027349, 0.0748101472855, 0.176960229874, 0.223405212164, 0.121738910675, 0.0658805817366, 0.0521936155856, 0.0493516661227, 0.0877440497279, 0.103812038898, 0.0627748817205, 0.0428491905332, 0.0487930700183, 0.0642709508538, 0.139964848757, 0.176444590092, 0.134992673993, 0.172184795141, 0.208367854357, 0.135228335857, 0.0804937705398, 0.078114554286, 0.0797787308693, 0.181953772902, 0.23596329987, 0.13698425889, 0.086230315268, 0.0914379507303, 0.0986203327775, 0.197676330805, 0.238818943501, 0.136284857988]
    },
    "chords_histogram": [9.59795475006, 26.493144989, 26.6790618896, 4.64792013168, 4.67115974426, 0, 3.13734602928, 0.13943760097, 6.55356740952, 0.906344413757, 1.16198003292, 0, 0, 0, 0, 0.30211481452, 0.209156408906, 1.20845925808, 0, 0.162677198648, 0, 4.39228439331, 0.790146410465, 8.94724655151],
    "thpcp": [1, 0.570661842823, 0.304562598467, 0.231088653207, 0.221638709307, 0.32340747118, 0.351772874594, 0.313250482082, 0.740980684757, 0.935458481312, 0.509754002094, 0.275859951973, 0.218548893929, 0.206648871303, 0.367408245802, 0.434689283371, 0.262855529785, 0.179421231151, 0.204309880733, 0.269119977951, 0.5860709548, 0.738821566105, 0.565251111984, 0.720984637737, 0.872492969036, 0.566237866879, 0.337049365044, 0.327086925507, 0.334055274725, 0.761890053749, 0.988042652607, 0.573590397835, 0.361069828272, 0.382875621319, 0.412950217724, 0.827724695206],
    "chords_key": "B",
    "chords_scale": "major"
}
}