{
"metadata": {
    "version": {
        "essentia": "2.1-beta6-dev",
        "essentia_git_sha": "v2.1_beta5-1177-g1d1cc983",
        "extractor": "music 2.0"
    },
    "audio_properties": {
        "analysis": {
            "equal_loudness": 0,
            "length": 225.440002441,
            "sample_rate": 44100,
            "start_time": 0,
            "downmix": "mix"
        },
        "bit_rate": 1411200,
        "length": 225.440002441,
        "lossless": 1,
        "number_channels": 2,
        "replay_gain": -14.9277076721,
        "sample_rate": 44100,
        "codec": "pcm_s16le",
        "md5_encoded": "0aed02367e29cd4e7c290bb1ed026875"
    },
    "tags": {
        "file_name": "04 - The Front Bottoms - Vacation Town.wav",
        "album": ["Going Grey"],
        "albumartist": ["The Front Bottoms"],
        "artist": ["The Front Bottoms"],
        "copyright": ["© 2017 Fueled By Ramen LLC for the United States and WEA International Inc. for the world outside of the United States. A Warner Music Group Company ℗ 2017 Fueled By Ramen LLC"],
        "date": ["2017"],
        "discnumber": ["1"],
        "disctotal": ["1"],
        "genre": ["Alternative & Indie"],
        "isrc": ["USAT21703358"],
        "title": ["Vacation Town"],
        "tracknumber": ["4"],
        "tracktotal": ["11"]
    }
},
"lowlevel": {
    "average_loudness": 0.945659577847,
    "barkbands_crest": {
        "mean": 11.1868848801
    },
    "barkbands_flatness_db": {
        "mean": 0.142286926508
    },
    "barkbands_kurtosis": {
        "mean": 5.80311822891
    },
    "barkbands_skewness": {
        "mean": 1.89785194397
    },
    "barkbands_spread": {
        "mean": 23.4699382782
    },
    "dissonance": {
        "mean": 0.467498779297
    },
    "dynamic_complexity": 2.72904849052,
    "erbbands_crest": {
        "mean": 8.37273311615
    },
    "erbbands_flatness_db": {
        "mean": 0.142845317721
    },
    "erbbands_kurtosis": {
        "mean": 0.222152605653
    },
    "erbbands_skewness": {
        "mean": 0.13763807714
    },
    "erbbands_spread": {
        "mean": 46.1008911133
    },
    "hfc": {
        "mean": 23.1333866119
    },
    "loudness_ebu128": {
        "integrated": -7.51200199127,
        "loudness_range": 5.65724754333,
        "momentary": {
            "mean": -10.562497139
        },
        "short_term": {
            "mean": -8.60920810699
        }
    },
    "melbands_crest": {
        "mean": 15.598575592
    },
    "melbands_flatness_db": {
        "mean": 0.21030087769
    },
    "melbands_kurtosis": {
        "mean": 20.2184925079
    },
    "melbands_skewness": {
        "mean": 3.35928297043
    },
    "melbands_spread": {
        "mean": 21.8389549255
    },
    "pitch_salience": {
        "mean": 0.510883867741
    },
    "silence_rate_20dB": {
        "mean": 1
    },
    "silence_rate_30dB": {
        "mean": 0.979711651802
    },
    "silence_rate_60dB": {
        "mean": 0.0303810499609
    },
    "spectral_centroid": {
        "mean": 1381.05175781
    },
    "spectral_complexity": {
        "mean": 21.719877243
    },
    "spectral_decrease": {
        "mean": -9.79804237744e-09
    },
    "spectral_energy": {
        "mean": 0.0390782766044
    },
    "spectral_energyband_high": {
        "mean": 0.00105733575765
    },
    "spectral_energyband_low": {
        "mean": 0.0193750988692
    },
    "spectral_energyband_middle_high": {
        "mean": 0.00553881330416
    },
    "spectral_energyband_middle_low": {
        "mean": 0.0141622694209
    },
    "spectral_entropy": {
        "mean": 7.64306545258
    },
    "spectral_flux": {
        "mean": 0.101080454886
    },
    "spectral_kurtosis": {
        "mean": 4.71053934097
    },
    "spectral_rms": {
        "mean": 0.00575083401054
    },
    "spectral_rolloff": {
        "mean": 1357.77453613
    },
    "spectral_skewness": {
        "mean": 1.51713109016
    },
    "spectral_spread": {
        "mean": 5176245
    },
    "spectral_strongpeak": {
        "mean": 0.663171350956
    },
    "zerocrossingrate": {
        "mean": 0.0592052824795
    },
    "barkbands": {
        "mean": [0.000261911656708, 0.0141575476155, 0.00405994430184, 0.00245634140447, 0.00631913542747, 0.00168985710479, 0.00183339463547, 0.000734389177524, 0.000775537278969, 0.000637317250948, 0.000509376346599, 0.000650678121019, 0.000817652733531, 0.000731481879484, 0.000568811083212, 0.000437314040028, 0.000505240517668, 0.000297690770822, 0.000388574961107, 0.000292955461191, 0.000197083645617, 0.000207020173548, 0.000230679157539, 0.000178738599061, 9.92666173261e-05, 3.47040113411e-05, 5.46585852135e-06]
    },
    "erbbands": {
        "mean": [0.38969001174, 3.19057059288, 5.51865434647, 6.010658741, 18.7992458344, 19.1903057098, 11.8433418274, 14.4231014252, 26.600774765, 25.1398124695, 14.373421669, 18.5174007416, 23.3359012604, 15.8080940247, 21.113866806, 30.6322669983, 39.3112945557, 41.7003173828, 28.4697742462, 28.5175437927, 25.7213516235, 28.2961406708, 18.0169372559, 15.8870124817, 21.3845539093, 13.4853639603, 7.69997167587, 8.29145526886, 7.17644500732, 7.47565412521, 6.47812891006, 4.25318288803, 2.67975306511, 1.29617273808, 0.645631730556, 0.211828708649, 0.0505749955773, 0.00926316902041, 0.000853526522405, 9.60487741395e-05]
    },
    "gfcc": {
        "mean": [1.90948367119, 92.084487915, -107.992446899, 42.8484992981, -53.3273696899, 16.626209259, -42.8322753906, 2.0822763443, -21.4790897369, 1.80956423283, -9.86346721649, -3.62135887146, -11.7379846573],
        "cov": [[25610.7851562, -853.640197754, -1006.37182617, 1424.54650879, -797.455322266, 1310.93688965, -209.491592407, 935.133483887, -66.4551239014, 324.7706604, -218.29359436, 348.360656738, -28.66157341], [-853.640197754, 1731.91015625, -189.716003418, -176.488052368, 286.986755371, -223.940933228, 228.467086792, -262.140991211, 110.898986816, -83.9391326904, 204.161224365, -122.357978821, 88.239074707], [-1006.37182617, -189.716003418, 661.824829102, 100.625518799, 121.730903625, 99.7085418701, 83.4401779175, 44.9033432007, 69.6482009888, 67.1307449341, 8.68228530884, 53.3422775269, 8.74066543579], [1424.54650879, -176.488052368, 100.625518799, 504.487213135, -2.4976606369, 86.4853134155, -23.4059009552, 136.368606567, 83.7112960815, 24.535654068, 35.0046043396, 48.9378738403, 37.8971595764], [-797.455322266, 286.986755371, 121.730903625, -2.4976606369, 410.464385986, 48.6537284851, 172.633132935, -1.1422894001, 108.074493408, 61.8328933716, 46.0512733459, 19.3580570221, 29.4817886353], [1310.93688965, -223.940933228, 99.7085418701, 86.4853134155, 48.6537284851, 385.157470703, 145.511230469, 106.83706665, 32.5811462402, 109.001182556, 4.06893110275, 67.9886779785, 28.3864326477], [-209.491592407, 228.467086792, 83.4401779175, -23.4059009552, 172.633132935, 145.511230469, 308.743591309, 34.3686218262, 57.5908241272, 46.5437545776, 54.8529968262, 31.0253276825, 36.7106552124], [935.133483887, -262.140991211, 44.9033432007, 136.368606567, -1.1422894001, 106.83706665, 34.3686218262, 249.233444214, 77.805809021, 43.4989852905, 10.1836099625, 41.3126220703, 16.6065979004], [-66.4551239014, 110.898986816, 69.6482009888, 83.7112960815, 108.074493408, 32.5811462402, 57.5908241272, 77.805809021, 159.119018555, 48.4395370483, 49.3924255371, 12.3245582581, 33.6419563293], [324.7706604, -83.9391326904, 67.1307449341, 24.535654068, 61.8328933716, 109.001182556, 46.5437545776, 43.4989852905, 48.4395370483, 122.430221558, 20.5675735474, 33.322933197, -0.30921754241], [-218.29359436, 204.161224365, 8.68228530884, 35.0046043396, 46.0512733459, 4.06893110275, 54.8529968262, 10.1836099625, 49.3924255371, 20.5675735474, 118.275032043, 11.179766655, 28.6897468567], [348.360656738, -122.357978821, 53.3422775269, 48.9378738403, 19.3580570221, 67.9886779785, 31.0253276825, 41.3126220703, 12.3245582581, 33.322933197, 11.179766655, 83.5052566528, 19.7149791718], [-28.66157341, 88.239074707, 8.74066543579, 37.8971595764, 29.4817886353, 28.3864326477, 36.7106552124, 16.6065979004, 33.6419563293, -0.30921754241, 28.6897468567, 19.7149791718, 72.0434494019]],
        "icov": [[0.000125070524518, -0.000334821030265, 0.000200932161533, -0.000331187911797, 0.000242352951318, -0.000472511543194, 0.000284091336653, -0.000514266546816, 0.000307841197355, -0.000294260622468, 0.000595559889916, -0.000582673121244, 0.000447734375484], [-0.000334821030265, 0.00266202609055, -7.67649107729e-05, 0.00100601837039, -0.00118338200264, 0.00182060443331, -0.00191967817955, 0.0030711342115, -0.0019731419161, 0.00162162340712, -0.00367633765563, 0.00345241394825, -0.00242874911055], [0.000200932161533, -7.67649107729e-05, 0.00221602898091, -0.000792875303887, -3.31366572937e-05, -0.000705348094925, -7.02842808096e-05, -0.000180883842404, -0.00028427244979, -0.000589608680457, 0.000794061517809, -0.00123199401423, 0.000842305831611], [-0.000331187911797, 0.00100601837039, -0.000792875303887, 0.00361922173761, -0.000633944990113, 0.000678070937283, 0.00014579614799, 0.000509935198352, -0.00185186194722, 0.0016495580785, -0.0024142167531, 0.000888359849341, -0.00178100296762], [0.000242352951318, -0.00118338200264, -3.31366572937e-05, -0.000633944990113, 0.00467373477295, -0.000485651253257, -0.00111894053407, -0.000498882203829, -0.00134152686223, -0.00194436800666, 0.00225497945212, -0.00196684710681, 0.00110559165478], [-0.000472511543194, 0.00182060443331, -0.000705348094925, 0.000678070937283, -0.000485651253257, 0.00708380062133, -0.00374058331363, 0.00140851025935, -0.000121460259834, -0.00261023966596, -0.00140030053444, 0.0018262026133, -0.00359658827074], [0.000284091336653, -0.00191967817955, -7.02842808096e-05, 0.00014579614799, -0.00111894053407, -0.00374058331363, 0.00733849778771, -0.00264595844783, 0.00133915035985, 9.69430620898e-05, 0.000609050854109, -0.00272303679958, 0.00107603298966], [-0.000514266546816, 0.0030711342115, -0.000180883842404, 0.000509935198352, -0.000498882203829, 0.00140851025935, -0.00264595844783, 0.00997130852193, -0.00568747054785, 0.00210822327062, -0.0035900331568, 0.00245319143869, -0.00209019705653], [0.000307841197355, -0.0019731419161, -0.00028427244979, -0.00185186194722, -0.00134152686223, -0.000121460259834, 0.00133915035985, -0.00568747054785, 0.0138897085562, -0.00496367365122, 0.000462003750727, 0.000148937062477, -0.00195881142281], [-0.000294260622468, 0.00162162340712, -0.000589608680457, 0.0016495580785, -0.00194436800666, -0.00261023966596, 9.69430620898e-05, 0.00210822327062, -0.00496367365122, 0.0155641334131, -0.0043822163716, -0.00104322179686, 0.00280465791002], [0.000595559889916, -0.00367633765563, 0.000794061517809, -0.0024142167531, 0.00225497945212, -0.00140030053444, 0.000609050854109, -0.0035900331568, 0.000462003750727, -0.0043822163716, 0.0166751164943, -0.0055120815523, 0.000692829955369], [-0.000582673121244, 0.00345241394825, -0.00123199401423, 0.000888359849341, -0.00196684710681, 0.0018262026133, -0.00272303679958, 0.00245319143869, 0.000148937062477, -0.00104322179686, -0.0055120815523, 0.0214280616492, -0.00761360861361], [0.000447734375484, -0.00242874911055, 0.000842305831611, -0.00178100296762, 0.00110559165478, -0.00359658827074, 0.00107603298966, -0.00209019705653, -0.00195881142281, 0.00280465791002, 0.000692829955369, -0.00761360861361, 0.0215005688369]]
    },
    "melbands": {
        "mean": [0.00375914992765, 0.00327985663898, 0.00146108167246, 0.00143223488703, 0.000505738134962, 0.000347953435266, 0.000400190940127, 0.000247376417974, 0.000113915979455, 0.000114682727144, 0.000113321650133, 5.97727303102e-05, 7.56807567086e-05, 6.35375181446e-05, 9.75555085461e-05, 7.7212760516e-05, 7.63931093388e-05, 4.42220152763e-05, 3.81543359254e-05, 3.30882503476e-05, 2.98808699881e-05, 3.05052544718e-05, 2.21537229663e-05, 1.24387988762e-05, 1.22936080516e-05, 1.65716210176e-05, 1.38515624712e-05, 7.53592166802e-06, 4.70508439321e-06, 4.61610579805e-06, 4.7791563702e-06, 4.06166054745e-06, 3.97302983401e-06, 4.15377826357e-06, 3.81027484764e-06, 3.11657345264e-06, 2.40524536821e-06, 1.95712664208e-06, 1.45278750097e-06, 9.64941477832e-07]
    },
    "melbands128": {
        "mean": [0.000244661176112, 0.00271842884831, 0.00556814204901, 0.00519138714299, 0.00342255574651, 0.00169458321761, 0.00099258904811, 0.00141038640868, 0.00218922761269, 0.00148526602425, 0.000987529405393, 0.000752713065594, 0.000358592049452, 0.000233541475609, 0.000206410608371, 0.000515090825502, 0.000561754510272, 0.000311221258016, 0.000287839298835, 0.00034841906745, 0.000171065388713, 0.000107725885755, 0.000102014651929, 0.000117842333566, 0.000145529833389, 7.80363116064e-05, 0.000133869689307, 0.000151664673467, 5.68508621654e-05, 6.24458043603e-05, 4.75911510875e-05, 7.59388785809e-05, 0.000108368207293, 4.53253560408e-05, 4.46125559392e-05, 7.23410848877e-05, 9.03637992451e-05, 8.66273912834e-05, 0.000129697698867, 7.26467114873e-05, 4.73805521324e-05, 0.000110680593934, 8.29693381093e-05, 6.32585142739e-05, 3.59084078809e-05, 4.7191955673e-05, 4.65664670628e-05, 2.97410515486e-05, 3.62431928806e-05, 5.19953064213e-05, 2.43536214839e-05, 2.50459743256e-05, 3.36750199494e-05, 2.83556146314e-05, 3.05201210722e-05, 3.38227619068e-05, 2.68939875241e-05, 2.60468095803e-05, 2.11764163396e-05, 1.34511810757e-05, 1.14620688692e-05, 1.20719405459e-05, 1.03333195511e-05, 1.25564038171e-05, 1.51097592607e-05, 1.79154121724e-05, 1.64347184182e-05, 1.53728906298e-05, 1.3360135199e-05, 1.17690924526e-05, 7.76770866651e-06, 5.32722060598e-06, 4.90918819196e-06, 4.84827069158e-06, 4.11204291595e-06, 4.05243281421e-06, 5.22543678017e-06, 5.32526246388e-06, 4.59129068986e-06, 4.42544069301e-06, 4.22391212851e-06, 3.88841363019e-06, 3.63848039342e-06, 3.87330510421e-06, 4.29519241152e-06, 4.57534906673e-06, 3.9630936044e-06, 3.6803689909e-06, 3.65166988558e-06, 4.33017021351e-06, 3.16915929943e-06, 2.89805461762e-06, 2.63370384346e-06, 2.58107570517e-06, 2.10525558941e-06, 1.99085411623e-06, 1.99839541892e-06, 1.78526829586e-06, 1.5840978449e-06, 1.18697539619e-06, 1.08878077754e-06, 9.14759027637e-07, 8.11812299162e-07, 9.24747098452e-07, 7.83448172115e-07, 6.46370608592e-07, 4.37107757989e-07, 3.81850753683e-07, 2.88995948949e-07, 3.93393150944e-07, 2.99997395814e-07, 1.816014219e-07, 1.23812682773e-07, 9.18095111047e-08, 7.80411255619e-08, 9.72526237319e-08, 6.9788470114e-08, 4.54082815793e-08, 2.81974550376e-08, 2.28807035541e-08, 1.72789391684e-08, 1.51471937215e-08, 1.76482419789e-08, 1.48518664034e-08, 6.9870149666e-09, 4.67127136972e-09, 4.33654179233e-09, 2.89109247653e-09]
    },
    "mfcc": {
        "mean": [-633.660705566, 114.825126648, 8.53915309906, 26.6435947418, 12.9525489807, 11.595995903, -2.20971012115, 0.183505579829, -8.30960941315, 2.73389697075, -0.755249500275, -0.120706170797, -0.359910339117],
        "cov": [[14063.7001953, -944.201477051, 171.652160645, 191.113616943, 249.505020142, 302.50668335, 272.26550293, 564.049499512, 454.16809082, 342.890167236, 129.888793945, 242.528686523, 292.056610107], [-944.201477051, 1758.06762695, -246.315994263, 80.706993103, -22.1976222992, 149.862335205, 92.2765731812, -54.1742630005, -62.3313598633, -3.90009117126, 50.8760681152, 16.8898429871, -6.32690000534], [171.652160645, -246.315994263, 485.22833252, 58.9926795959, 51.1834564209, 34.2047767639, 12.0538358688, 34.7571334839, 27.5354862213, 28.6040344238, 14.1619968414, 17.6866455078, 14.7090778351], [191.113616943, 80.706993103, 58.9926795959, 368.785797119, 123.361213684, -7.40617370605, -27.2014141083, 49.611656189, 16.9170722961, 16.9428653717, -2.19307160378, 54.0109367371, 56.2281112671], [249.505020142, -22.1976222992, 51.1834564209, 123.361213684, 243.388549805, 36.6759872437, -5.4599480629, 38.710395813, 57.896030426, 64.3225021362, 22.6038284302, 59.0811347961, 48.3497886658], [302.50668335, 149.862335205, 34.2047767639, -7.40617370605, 36.6759872437, 313.612060547, 130.050186157, 35.1891784668, 70.6322250366, 36.7972564697, 74.1312103271, 46.5928039551, 6.54838848114], [272.26550293, 92.2765731812, 12.0538358688, -27.2014141083, -5.4599480629, 130.050186157, 201.132583618, 79.8166275024, 65.9983978271, 38.5784606934, 70.2571182251, 32.4521141052, 19.8147010803], [564.049499512, -54.1742630005, 34.7571334839, 49.611656189, 38.710395813, 35.1891784668, 79.8166275024, 154.421295166, 88.9244766235, 50.5208702087, 39.3994369507, 45.2926177979, 48.3778343201], [454.16809082, -62.3313598633, 27.5354862213, 16.9170722961, 57.896030426, 70.6322250366, 65.9983978271, 88.9244766235, 157.366943359, 78.2235107422, 45.0720062256, 44.7424201965, 39.7690849304], [342.890167236, -3.90009117126, 28.6040344238, 16.9428653717, 64.3225021362, 36.7972564697, 38.5784606934, 50.5208702087, 78.2235107422, 124.648628235, 54.9060287476, 38.2099647522, 36.274055481], [129.888793945, 50.8760681152, 14.1619968414, -2.19307160378, 22.6038284302, 74.1312103271, 70.2571182251, 39.3994369507, 45.0720062256, 54.9060287476, 114.527626038, 44.5300445557, 11.0718698502], [242.528686523, 16.8898429871, 17.6866455078, 54.0109367371, 59.0811347961, 46.5928039551, 32.4521141052, 45.2926177979, 44.7424201965, 38.2099647522, 44.5300445557, 107.270553589, 53.302154541], [292.056610107, -6.32690000534, 14.7090778351, 56.2281112671, 48.3497886658, 6.54838848114, 19.8147010803, 48.3778343201, 39.7690849304, 36.274055481, 11.0718698502, 53.302154541, 99.3393859863]],
        "icov": [[9.05964261619e-05, 4.91644677822e-05, 2.58448035311e-05, -1.07169507828e-05, 2.05202959478e-05, -9.68783424469e-05, 2.42779588007e-05, -0.000250738085015, -2.35072525356e-06, -0.000144648598507, 8.93310789252e-05, -2.08325418498e-05, -9.23360057641e-05], [4.91644677822e-05, 0.000750239996705, 0.000410806387663, -0.000357359385816, 0.0001225907763, -0.000390702625737, -0.000377407850465, 0.000239222790697, 0.000486897479277, -0.000319559243508, -9.66927254922e-05, -3.0029041227e-06, -9.6294163086e-05], [2.58448035311e-05, 0.000410806387663, 0.00238425540738, -0.000431038904935, -0.000163869030075, -0.000447910861112, -7.830211689e-05, -0.000261526613031, 0.000345365027897, -0.000461586780148, -2.10228645301e-05, 0.00011752712453, 6.29571732134e-05], [-1.07169507828e-05, -0.000357359385816, -0.000431038904935, 0.0038799745962, -0.00163670314942, 0.00013629035675, 0.00099049450364, -0.001454109326, 0.000496963330079, 0.000754610286094, 0.000258224783465, -0.000775196764152, -0.000912712712307], [2.05202959478e-05, 0.0001225907763, -0.000163869030075, -0.00163670314942, 0.00630821939558, -0.000728012004402, 0.00108307111077, 0.000290671014227, -0.000804685114417, -0.00236396142282, 0.000495579850394, -0.00160838162992, -0.000488624267746], [-9.68783424469e-05, -0.000390702625737, -0.000447910861112, 0.00013629035675, -0.000728012004402, 0.00534296082333, -0.00290793715976, 0.00177054596134, -0.00184110482223, 0.00105994218029, -0.00124940718524, -0.00111880910117, 0.00105861399788], [2.42779588007e-05, -0.000377407850465, -7.830211689e-05, 0.00099049450364, 0.00108307111077, -0.00290793715976, 0.00996906496584, -0.00431359233335, -0.000484941498144, 0.000431093183579, -0.00300770346075, 0.00072851969162, -0.000886642956175], [-0.000250738085015, 0.000239222790697, -0.000261526613031, -0.001454109326, 0.000290671014227, 0.00177054596134, -0.00431359233335, 0.0135497543961, -0.00498076155782, 0.000427233753726, -0.000781104201451, -0.000777511042543, -0.0020400499925], [-2.35072525356e-06, 0.000486897479277, 0.000345365027897, 0.000496963330079, -0.000804685114417, -0.00184110482223, -0.000484941498144, -0.00498076155782, 0.0133178317919, -0.00537601439282, 0.00074005278293, -0.000654703937471, -0.000358880177373], [-0.000144648598507, -0.000319559243508, -0.000461586780148, 0.000754610286094, -0.00236396142282, 0.00105994218029, 0.000431093183579, 0.000427233753726, -0.00537601439282, 0.0152828637511, -0.00559852737933, 0.000963466998655, -0.00248856493272], [8.93310789252e-05, -9.66927254922e-05, -2.10228645301e-05, 0.000258224783465, 0.000495579850394, -0.00124940718524, -0.00300770346075, -0.000781104201451, 0.00074005278293, -0.00559852737933, 0.0156055856496, -0.00518744485453, 0.00320177711546], [-2.08325418498e-05, -3.0029041227e-06, 0.00011752712453, -0.000775196764152, -0.00160838162992, -0.00111880910117, 0.00072851969162, -0.000777511042543, -0.000654703937471, 0.000963466998655, -0.00518744485453, 0.016743933782, -0.0069234399125], [-9.23360057641e-05, -9.6294163086e-05, 6.29571732134e-05, -0.000912712712307, -0.000488624267746, 0.00105861399788, -0.000886642956175, -0.0020400499925, -0.000358880177373, -0.00248856493272, 0.00320177711546, -0.0069234399125, 0.0165879204869]]
    },
    "spectral_contrast_coeffs": {
        "mean": [-0.699242055416, -0.738706886768, -0.778113722801, -0.789244949818, -0.783538758755, -0.774623453617]
    },
    "spectral_contrast_valleys": {
        "mean": [-6.55180215836, -6.9140868187, -7.59929990768, -7.57940196991, -7.69814777374, -10.0416593552]
    }
},
"rhythm": {
    "beats_count": 547,
    "beats_loudness": {
        "mean": 0.0538457632065
    },
    "bpm": 146.035385132,
    "bpm_histogram_first_peak_bpm": 148,
    "bpm_histogram_first_peak_weight": 0.421731173992,
    "bpm_histogram_second_peak_bpm": 133,
    "bpm_histogram_second_peak_spread": 0,
    "bpm_histogram_second_peak_weight": 0.00549450563267,
    "danceability": 1.13081979752,
    "onset_rate": 4.68387937546,
    "beats_loudness_band_ratio": {
        "mean": [0.645360171795, 0.196443587542, 0.0900627672672, 0.0633298903704, 0.0468177869916, 0.0397555753589]
    },
    "beats_position": [0.394739210606, 0.801088392735, 1.20743763447, 1.6137868166, 2.03174591064, 2.43809509277, 2.85605430603, 3.26240348816, 3.66875267029, 4.08671188354, 4.5046710968, 4.91102027893, 5.31736946106, 5.73532867432, 6.14167785645, 6.5596370697, 6.96598625183, 7.37233543396, 7.77868461609, 8.18503379822, 8.60299301147, 9.0093421936, 9.42730140686, 9.83365058899, 10.2399997711, 10.6579589844, 11.0759181976, 11.4938774109, 11.900226593, 12.3065757751, 12.7129249573, 13.1308841705, 13.5372333527, 13.9551925659, 14.361541748, 14.7678909302, 15.1858501434, 15.6038093567, 16.0101585388, 16.4165077209, 16.8228569031, 17.2292060852, 17.6471652985, 18.0651245117, 18.4714736938, 18.877822876, 19.2957820892, 19.7021312714, 20.1084804535, 20.5264396667, 20.94439888, 21.3507480621, 21.7570972443, 22.1750564575, 22.5930156708, 22.9993648529, 23.405714035, 23.8236732483, 24.2300224304, 24.6479816437, 25.0543308258, 25.4606800079, 25.8670291901, 26.2849884033, 26.6913375854, 27.0976867676, 27.5156459808, 27.9336051941, 28.3399543762, 28.7463035583, 29.1642627716, 29.5706119537, 29.9769611359, 30.3949203491, 30.8128795624, 31.2192287445, 31.6255779266, 32.0319252014, 32.4382743835, 32.8562355042, 33.2625846863, 33.6689338684, 34.0868911743, 34.4932403564, 34.8995895386, 35.3175506592, 35.7355079651, 36.1534690857, 36.5598182678, 36.96616745, 37.3841247559, 37.790473938, 38.1968231201, 38.6147842407, 39.0327415466, 39.4390907288, 39.8454399109, 40.251789093, 40.6581382751, 41.0760993958, 41.4940567017, 41.9004058838, 42.3067550659, 42.7247161865, 43.1310653687, 43.5374145508, 43.9437637329, 44.3617210388, 44.7680702209, 45.1860313416, 45.6039886475, 46.0103378296, 46.4166870117, 46.8346481323, 47.2409973145, 47.6473464966, 48.0653038025, 48.4832649231, 48.8896141052, 49.2959632874, 49.7139205933, 50.1202697754, 50.5266189575, 50.9445800781, 51.3509292603, 51.7572784424, 52.1752357483, 52.5931968689, 52.9879341125, 53.4058952332, 53.8122444153, 54.2185935974, 54.6365509033, 55.0429000854, 55.4492492676, 55.8672103882, 56.2851676941, 56.6799087524, 57.0978660583, 57.515827179, 57.9337844849, 58.340133667, 58.7464828491, 59.1528320312, 59.5591812134, 59.977142334, 60.3950996399, 60.8130607605, 61.2194099426, 61.6257591248, 62.0437164307, 62.4500656128, 62.8564147949, 63.2743759155, 63.6923332214, 64.0986862183, 64.5050354004, 64.9113845825, 65.3177337646, 65.7356872559, 66.1536483765, 66.5599975586, 66.9663467407, 67.3843078613, 67.7906570435, 68.1970062256, 68.6149673462, 69.0329208374, 69.4392700195, 69.8572311401, 70.2635803223, 70.6815414429, 71.087890625, 71.4942398071, 71.9005889893, 72.3069381714, 72.7132873535, 73.1196365356, 73.5375976562, 73.9439468384, 74.3502960205, 74.7682495117, 75.1862106323, 75.5925598145, 75.9989089966, 76.4168701172, 76.8348312378, 77.2411804199, 77.6475296021, 78.0654830933, 78.4718322754, 78.8781814575, 79.2961425781, 79.7141036987, 80.1204528809, 80.526802063, 80.9447631836, 81.3511123657, 81.7574615479, 82.1754150391, 82.5817642212, 82.9881134033, 83.4060745239, 83.8124237061, 84.2187728882, 84.6367340088, 85.0430831909, 85.449432373, 85.8673934937, 86.2853469849, 86.7033081055, 87.1096572876, 87.5160064697, 87.9339675903, 88.3403167725, 88.7582778931, 89.1646270752, 89.5709762573, 89.9773254395, 90.3952789307, 90.8016281128, 91.2079772949, 91.6259384155, 92.0438995361, 92.4386367798, 92.8565979004, 93.2629470825, 93.6692962646, 94.0872573853, 94.5052108765, 94.9231719971, 95.3295211792, 95.7358703613, 96.1422195435, 96.5485687256, 96.9665298462, 97.3844909668, 97.7908401489, 98.1971893311, 98.6151428223, 99.0214920044, 99.4278411865, 99.8458023071, 100.252151489, 100.658500671, 101.076461792, 101.482810974, 101.889160156, 102.307121277, 102.725074768, 103.13142395, 103.537773132, 103.955734253, 104.362083435, 104.768432617, 105.174781799, 105.581130981, 105.999092102, 106.417053223, 106.823402405, 107.241355896, 107.647705078, 108.05405426, 108.460403442, 108.878364563, 109.296325684, 109.702674866, 110.109024048, 110.526985168, 110.933334351, 111.339683533, 111.757637024, 112.175598145, 112.581947327, 112.988296509, 113.406257629, 113.812606812, 114.218955994, 114.636917114, 115.054870605, 115.461219788, 115.86756897, 116.28553009, 116.691879272, 117.098228455, 117.516189575, 117.922538757, 118.328887939, 118.74684906, 119.164802551, 119.571151733, 119.977500916, 120.395462036, 120.813423157, 121.2081604, 121.626121521, 122.044082642, 122.450431824, 122.856781006, 123.274734497, 123.681083679, 124.087432861, 124.493782043, 124.900131226, 125.318092346, 125.736053467, 126.142402649, 126.548751831, 126.966712952, 127.384666443, 127.791015625, 128.197372437, 128.615325928, 129.021682739, 129.428024292, 129.845977783, 130.252334595, 130.658676147, 131.076644897, 131.48298645, 131.889343262, 132.307296753, 132.713653564, 133.119995117, 133.526351929, 133.932693481, 134.350662231, 134.768615723, 135.186569214, 135.592926025, 135.999267578, 136.40562439, 136.811965942, 137.229934692, 137.647888184, 138.065841675, 138.472198486, 138.878540039, 139.296508789, 139.702850342, 140.109207153, 140.527160645, 140.933517456, 141.339859009, 141.74621582, 142.152557373, 142.570526123, 142.988479614, 143.406433105, 143.824401855, 144.230743408, 144.63710022, 145.043441772, 145.449798584, 145.867752075, 146.285705566, 146.692062378, 147.098403931, 147.504760742, 147.911102295, 148.329071045, 148.747024536, 149.164993286, 149.571334839, 149.97769165, 150.384033203, 150.790390015, 151.196731567, 151.603088379, 152.02104187, 152.427383423, 152.833740234, 153.251693726, 153.658050537, 154.06439209, 154.48236084, 154.900314331, 155.318267822, 155.736236572, 156.142578125, 156.548934937, 156.966888428, 157.373245239, 157.779586792, 158.185943604, 158.592285156, 159.010253906, 159.428207397, 159.846160889, 160.264129639, 160.670471191, 161.076828003, 161.494781494, 161.912734985, 162.330703735, 162.737045288, 163.1434021, 163.549743652, 163.956100464, 164.362442017, 164.768798828, 165.186752319, 165.593109131, 165.999450684, 166.417419434, 166.835372925, 167.241714478, 167.648071289, 168.06602478, 168.472381592, 168.878723145, 169.296691895, 169.703033447, 170.109390259, 170.52734375, 170.945297241, 171.351654053, 171.757995605, 172.175964355, 172.582305908, 172.98866272, 173.395004272, 173.801361084, 174.219314575, 174.625671387, 175.043624878, 175.449981689, 175.867935181, 176.285888672, 176.692245483, 177.098587036, 177.516555786, 177.934509277, 178.34085083, 178.747207642, 179.153549194, 179.559906006, 179.977859497, 180.384216309, 180.790557861, 181.208526611, 181.626480103, 182.032836914, 182.439178467, 182.857131958, 183.275100708, 183.681442261, 184.087799072, 184.505752563, 184.912109375, 185.318450928, 185.736419678, 186.14276123, 186.549118042, 186.967071533, 187.385025024, 187.791381836, 188.197723389, 188.615692139, 189.010421753, 189.416778564, 189.834732056, 190.241088867, 190.659042358, 191.07699585, 191.483352661, 191.889694214, 192.307662964, 192.725616455, 193.131973267, 193.538314819, 193.956283569, 194.362625122, 194.768981934, 195.186935425, 195.593276978, 195.999633789, 196.405975342, 196.812332153, 197.230285645, 197.648254395, 198.054595947, 198.460952759, 198.87890625, 199.296859741, 199.703216553, 200.109558105, 200.527526855, 200.933868408, 201.351837158, 201.758178711, 202.176147461, 202.582489014, 202.988845825, 203.406799316, 203.813140869, 204.219497681, 204.625839233, 205.043807983, 205.450149536, 205.868118286, 206.286071777, 206.692428589, 207.098770142, 207.516723633, 207.934692383, 208.341033936, 208.747390747, 209.1537323, 209.560089111, 209.978042603, 210.384399414, 210.790740967, 211.208709717, 211.61505127, 212.021408081, 212.439361572, 212.857315063, 213.263671875, 213.670013428, 214.087982178, 214.505935669, 214.92388916, 215.330245972, 215.736587524, 216.154556274, 216.572509766, 216.990478516, 217.408432007, 217.826385498, 218.244354248, 218.697143555, 219.149932861, 219.602722168, 220.009063721, 220.415420532, 220.821762085, 221.216506958, 221.611236572, 222.017593384, 222.423934937, 222.830291748, 223.236633301, 223.642990112, 224.060943604, 224.478912354, 224.896865845],
    "bpm_histogram": [0, 0, 0, 0, 0, 0, 0, 0, 0, 0, 0, 0, 0, 0, 0, 0, 0, 0, 0, 0, 0, 0, 0, 0, 0, 0, 0, 0, 0, 0, 0, 0, 0, 0, 0, 0, 0, 0, 0, 0, 0, 0, 0, 0, 0, 0, 0, 0, 0, 0, 0, 0, 0, 0, 0, 0, 0, 0, 0, 0, 0, 0, 0, 0, 0, 0, 0, 0, 0, 0, 0, 0, 0, 0, 0, 0, 0, 0, 0, 0, 0, 0, 0, 0, 0, 0, 0, 0, 0, 0, 0, 0, 0, 0, 0, 0, 0, 0, 0, 0, 0, 0, 0, 0, 0, 0, 0, 0, 0, 0, 0, 0, 0, 0, 0, 0, 0, 0, 0, 0, 0, 0, 0, 0, 0, 0, 0, 0, 0, 0, 0, 0, 0, 0.00549450563267, 0, 0, 0, 0, 0, 0, 0, 0, 0, 0, 0.406593412161, 0, 0, 0, 0.575091600418, 0, 0, 0, 0.0128205129877, 0, 0, 0, 0, 0, 0, 0, 0, 0, 0, 0, 0, 0, 0, 0, 0, 0, 0, 0, 0, 0, 0, 0, 0, 0, 0, 0, 0, 0, 0, 0, 0, 0, 0, 0, 0, 0, 0, 0, 0, 0, 0, 0, 0, 0, 0, 0, 0, 0, 0, 0, 0, 0, 0, 0, 0, 0, 0, 0, 0, 0, 0, 0, 0, 0, 0, 0, 0, 0, 0, 0, 0, 0, 0, 0, 0, 0, 0, 0, 0, 0, 0, 0, 0, 0, 0, 0, 0, 0, 0, 0, 0, 0, 0, 0, 0, 0]
},
"tonal": {
    "chords_changes_rate": 0.0733113661408,
    "chords_number_rate": 0.00267710047774,
    "chords_strength": {
        "mean": 0.516384899616
    },
    "hpcp_crest": {
        "mean": 12.1065168381
    },
    "hpcp_entropy": {
        "mean": 2.20094847679
    },
    "key_edma": {
        "strength": 0.781378149986,
        "key": "C",
        "scale": "major"
    },
    "key_krumhansl": {
        "strength": 0.774705171585,
        "key": "C",
        "scale": "major"
    },
    "key_temperley": {
        "strength": 0.760869383812,
        "key": "C",
        "scale": "major"
    },
    "tuning_diatonic_strength": 0.636407136917,
    "tuning_equal_tempered_deviation": 0.0541448071599,
    "tuning_frequency": 439.745910645,
    "tuning_nontempered_energy_ratio": 0.739272236824,
    "hpcp": {
        "mean": [0.135943084955, 0.132278174162, 0.118090808392, 0.106127217412, 0.0908154323697, 0.119325466454, 0.190951824188, 0.178139656782, 0.19079656899, 0.225015982985, 0.132291570306, 0.0584853440523, 0.0484853945673, 0.0478833690286, 0.0705893486738, 0.106209628284, 0.0942513793707, 0.0626861825585, 0.0561936013401, 0.0556753762066, 0.122790642083, 0.189974039793, 0.135814994574, 0.0721956118941, 0.0579467713833, 0.0468897484243, 0.0582002215087, 0.0872985720634, 0.0980777665973, 0.230379164219, 0.363405793905, 0.236294820905, 0.0993773341179, 0.0785322487354, 0.0806052535772, 0.111237116158]
    },
    "chords_histogram": [32.7635917664, 21.1490936279, 9.06095504761, 3.31548595428, 2.2652387619, 0.226523891091, 1.60626029968, 0.102965407073, 1.27677094936, 3.13014817238, 5.06589794159, 0, 0.494233936071, 0, 0, 0.0205930806696, 0.267710059881, 4.26276779175, 1.23558485508, 4.65403604507, 0, 0.432454705238, 0.947281718254, 7.72240543365],
    "thpcp": [1, 0.650223016739, 0.273461073637, 0.21610070765, 0.221805080771, 0.306096166372, 0.374080687761, 0.363995790482, 0.324955761433, 0.292035013437, 0.249900892377, 0.328353226185, 0.525450706482, 0.490194886923, 0.525023460388, 0.619186580181, 0.364032626152, 0.160936743021, 0.133419439197, 0.131762817502, 0.194243878126, 0.292261779308, 0.25935575366, 0.172496378422, 0.154630452394, 0.153204426169, 0.337888509035, 0.522760093212, 0.373728215694, 0.198663905263, 0.159454733133, 0.129028618336, 0.160152152181, 0.240223392844, 0.269884973764, 0.633944690228],
    "chords_key": "C",
    "chords_scale": "major"
}
}