{
"metadata": {
    "version": {
        "essentia": "2.1-beta6-dev",
        "essentia_git_sha": "v2.1_beta5-1177-g1d1cc983",
        "extractor": "music 2.0"
    },
    "audio_properties": {
        "analysis": {
            "equal_loudness": 0,
            "length": 247.563247681,
            "sample_rate": 44100,
            "start_time": 0,
            "downmix": "mix"
        },
        "bit_rate": 1411200,
        "length": 247.563247681,
        "lossless": 1,
        "number_channels": 2,
        "replay_gain": -14.6220474243,
        "sample_rate": 44100,
        "codec": "pcm_s16le",
        "md5_encoded": "d4c75f029e5a19a101df80567990f0af"
    },
    "tags": {
        "file_name": "06 - The Front Bottoms - Santa Monica.wav",
        "album": ["Talon Of The Hawk"],
        "albumartist": ["The Front Bottoms"],
        "artist": ["The Front Bottoms"],
        "copyright": ["2013 Bar None Records 2013 Bar None Records"],
        "date": ["2013"],
        "discnumber": ["1"],
        "disctotal": ["1"],
        "genre": ["Rock"],
        "isrc": ["US37V1322206"],
        "title": ["Santa Monica"],
        "tracknumber": ["6"],
        "tracktotal": ["12"]
    }
},
"lowlevel": {
    "average_loudness": 0.970202386379,
    "barkbands_crest": {
        "mean": 9.55746173859
    },
    "barkbands_flatness_db": {
        "mean": 0.13420407474
    },
    "barkbands_kurtosis": {
        "mean": 8.21426391602
    },
    "barkbands_skewness": {
        "mean": 1.73940098286
    },
    "barkbands_spread": {
        "mean": 19.8591175079
    },
    "dissonance": {
        "mean": 0.458373010159
    },
    "dynamic_complexity": 2.93302822113,
    "erbbands_crest": {
        "mean": 8.47125434875
    },
    "erbbands_flatness_db": {
        "mean": 0.139894679189
    },
    "erbbands_kurtosis": {
        "mean": 0.284259110689
    },
    "erbbands_skewness": {
        "mean": 0.348838180304
    },
    "erbbands_spread": {
        "mean": 42.9895553589
    },
    "hfc": {
        "mean": 24.7347755432
    },
    "loudness_ebu128": {
        "integrated": -7.56058120728,
        "loudness_range": 1.94306373596,
        "momentary": {
            "mean": -9.29714870453
        },
        "short_term": {
            "mean": -8.74090671539
        }
    },
    "melbands_crest": {
        "mean": 13.6574573517
    },
    "melbands_flatness_db": {
        "mean": 0.213346228004
    },
    "melbands_kurtosis": {
        "mean": 18.0661067963
    },
    "melbands_skewness": {
        "mean": 2.93979525566
    },
    "melbands_spread": {
        "mean": 19.3341197968
    },
    "pitch_salience": {
        "mean": 0.568936705589
    },
    "silence_rate_20dB": {
        "mean": 1
    },
    "silence_rate_30dB": {
        "mean": 0.992966353893
    },
    "silence_rate_60dB": {
        "mean": 0.0602081976831
    },
    "spectral_centroid": {
        "mean": 1143.70849609
    },
    "spectral_complexity": {
        "mean": 21.1606483459
    },
    "spectral_decrease": {
        "mean": -1.08403757082e-08
    },
    "spectral_energy": {
        "mean": 0.0431575104594
    },
    "spectral_energyband_high": {
        "mean": 0.000986471655779
    },
    "spectral_energyband_low": {
        "mean": 0.0183463450521
    },
    "spectral_energyband_middle_high": {
        "mean": 0.00520909950137
    },
    "spectral_energyband_middle_low": {
        "mean": 0.0206969473511
    },
    "spectral_entropy": {
        "mean": 7.46224069595
    },
    "spectral_flux": {
        "mean": 0.100302815437
    },
    "spectral_kurtosis": {
        "mean": 5.40832471848
    },
    "spectral_rms": {
        "mean": 0.00612391298637
    },
    "spectral_rolloff": {
        "mean": 1359.94348145
    },
    "spectral_skewness": {
        "mean": 1.73759019375
    },
    "spectral_spread": {
        "mean": 4952748
    },
    "spectral_strongpeak": {
        "mean": 0.744551360607
    },
    "zerocrossingrate": {
        "mean": 0.0607339814305
    },
    "barkbands": {
        "mean": [0.000239078231971, 0.00907736178488, 0.00713877519593, 0.00369251146913, 0.00760047882795, 0.00304434308782, 0.00268128677271, 0.00182363740169, 0.00140305387322, 0.0011197635904, 0.000596719619352, 0.000699461437762, 0.000379618140869, 0.000344568339642, 0.000448730163043, 0.000449363229563, 0.000601144914981, 0.000321081461152, 0.000345238251612, 0.000294121942716, 0.000185092372703, 0.000102333644463, 0.000158587063197, 0.000211318299989, 0.000126349565107, 6.25648390269e-05, 1.06209899968e-05]
    },
    "erbbands": {
        "mean": [0.181395024061, 2.32197833061, 8.31532669067, 10.596698761, 21.162197113, 23.3420963287, 28.3532505035, 20.0167541504, 35.1384124756, 36.4851112366, 47.0394020081, 33.111831665, 35.6240653992, 31.7893772125, 23.2326927185, 32.2861633301, 18.7265872955, 19.7315158844, 23.7586975098, 21.3544311523, 29.329246521, 28.5893268585, 19.6284046173, 15.3792762756, 19.7972831726, 12.6661176682, 9.49771499634, 5.93329811096, 3.71805429459, 4.02564573288, 4.61896085739, 4.59113788605, 3.26687097549, 1.65913522243, 0.786876499653, 0.404436916113, 0.0777035206556, 0.0146531341597, 0.00196842593141, 0.000118843970995]
    },
    "gfcc": {
        "mean": [18.0566806793, 93.6706542969, -98.3675689697, 27.917131424, -50.8630599976, 4.40516138077, -41.7271385193, 11.5360622406, -26.2579860687, -0.620542049408, -15.9806880951, -3.85996580124, -9.82269382477],
        "cov": [[19537.0644531, 1231.59423828, 125.426124573, 684.76751709, -1045.89953613, 671.933044434, 214.467681885, 644.711730957, -310.287841797, 223.160827637, -523.300109863, 57.6195373535, -374.646514893], [1231.59423828, 1413.69812012, -357.666168213, -76.3115310669, 85.6760864258, -74.6380844116, 65.680809021, 60.0002288818, 56.0594177246, -68.699508667, 58.8520393372, -66.7711639404, 34.0531158447], [125.426124573, -357.666168213, 605.238464355, 43.4948234558, -43.7047615051, 150.26612854, 90.5835037231, 33.2672615051, 7.21208429337, 82.0514450073, -59.2807159424, 44.9506378174, -21.6387748718], [684.76751709, -76.3115310669, 43.4948234558, 425.747192383, 3.28491616249, 53.2539863586, 16.9187145233, 18.567647934, 40.8614196777, 17.4446926117, 3.55116200447, -0.817727863789, 32.1477546692], [-1045.89953613, 85.6760864258, -43.7047615051, 3.28491616249, 343.965698242, -73.8730010986, -27.7924633026, -31.8069553375, 27.7538776398, 16.9828567505, 26.993598938, 6.76849651337, 22.1302108765], [671.933044434, -74.6380844116, 150.26612854, 53.2539863586, -73.8730010986, 231.092666626, 129.691772461, 35.9698448181, 8.75669956207, 25.5014324188, -5.69889688492, 5.31662034988, -6.28959369659], [214.467681885, 65.680809021, 90.5835037231, 16.9187145233, -27.7924633026, 129.691772461, 235.881561279, 67.5705795288, 24.9684391022, 12.3802099228, 6.53831386566, 5.26359462738, -2.0117828846], [644.711730957, 60.0002288818, 33.2672615051, 18.567647934, -31.8069553375, 35.9698448181, 67.5705795288, 157.405181885, 50.8574485779, 0.28693112731, -15.0625925064, -0.888392329216, -8.33379173279], [-310.287841797, 56.0594177246, 7.21208429337, 40.8614196777, 27.7538776398, 8.75669956207, 24.9684391022, 50.8574485779, 131.746307373, 20.8525333405, 12.3762779236, -17.3574447632, 20.8332042694], [223.160827637, -68.699508667, 82.0514450073, 17.4446926117, 16.9828567505, 25.5014324188, 12.3802099228, 0.28693112731, 20.8525333405, 96.6559371948, 4.45091629028, 10.5685329437, -11.7351531982], [-523.300109863, 58.8520393372, -59.2807159424, 3.55116200447, 26.993598938, -5.69889688492, 6.53831386566, -15.0625925064, 12.3762779236, 4.45091629028, 96.9624938965, 7.98705482483, 14.0360918045], [57.6195373535, -66.7711639404, 44.9506378174, -0.817727863789, 6.76849651337, 5.31662034988, 5.26359462738, -0.888392329216, -17.3574447632, 10.5685329437, 7.98705482483, 75.5296020508, 17.3182029724], [-374.646514893, 34.0531158447, -21.6387748718, 32.1477546692, 22.1302108765, -6.28959369659, -2.0117828846, -8.33379173279, 20.8332042694, -11.7351531982, 14.0360918045, 17.3182029724, 76.4710540771]],
        "icov": [[0.000279001251329, -0.00048285612138, 0.000307838345179, -0.000589459436014, 0.000599505903665, -0.000822699163109, 0.000563257199246, -0.00102195586078, 0.00100950943306, -0.00115902535617, 0.00143972830847, -0.000877668906469, 0.001060717972], [-0.00048285612138, 0.00179753848352, -5.86879978073e-05, 0.00119132525288, -0.00122366973665, 0.00160958222114, -0.00146806566045, 0.00139627768658, -0.00182647502515, 0.00221026362851, -0.00275038392283, 0.00219559576362, -0.00223906943575], [0.000307838345179, -5.86879978073e-05, 0.00306522403844, -0.000631461036392, 0.000578601437155, -0.00205183727667, 0.000175348090124, -0.00121143239085, 0.000856135098729, -0.00273529184051, 0.00309234927408, -0.00213546655141, 0.00146652618423], [-0.000589459436014, 0.00119132525288, -0.000631461036392, 0.00386075256392, -0.00135541253258, 0.00106227525976, -0.000950933201239, 0.00189917220268, -0.00259788520634, 0.00215298472904, -0.00308554922231, 0.00227947207168, -0.0034702566918], [0.000599505903665, -0.00122366973665, 0.000578601437155, -0.00135541253258, 0.00472361920401, -0.000522898393683, 0.000927156419493, -0.00138184602838, 0.00139368872624, -0.00325723737478, 0.0026538236998, -0.00228998414241, 0.00183130579535], [-0.000822699163109, 0.00160958222114, -0.00205183727667, 0.00106227525976, -0.000522898393683, 0.010229036212, -0.0054226173088, 0.00319071672857, -0.00263733835891, 0.00269022933207, -0.00467843003571, 0.00330223259516, -0.00333458348177], [0.000563257199246, -0.00146806566045, 0.000175348090124, -0.000950933201239, 0.000927156419493, -0.0054226173088, 0.00833380781114, -0.00415463931859, 0.00194853672292, -0.0021228895057, 0.00199871882796, -0.00213856808841, 0.00217562308535], [-0.00102195586078, 0.00139627768658, -0.00121143239085, 0.00189917220268, -0.00138184602838, 0.00319071672857, -0.00415463931859, 0.0129126813263, -0.00777590181679, 0.00544893881306, -0.00345815555193, 0.00125749933068, -0.00150492461398], [0.00100950943306, -0.00182647502515, 0.000856135098729, -0.00259788520634, 0.00139368872624, -0.00263733835891, 0.00194853672292, -0.00777590181679, 0.0150364916772, -0.00725123658776, 0.00368241406977, 0.00109643174801, -0.000456283451058], [-0.00115902535617, 0.00221026362851, -0.00273529184051, 0.00215298472904, -0.00325723737478, 0.00269022933207, -0.0021228895057, 0.00544893881306, -0.00725123658776, 0.0182635039091, -0.00720486836508, 0.00154785439372, -0.000889698450919], [0.00143972830847, -0.00275038392283, 0.00309234927408, -0.00308554922231, 0.0026538236998, -0.00467843003571, 0.00199871882796, -0.00345815555193, 0.00368241406977, -0.00720486836508, 0.0198022853583, -0.00682672625408, 0.00477587291971], [-0.000877668906469, 0.00219559576362, -0.00213546655141, 0.00227947207168, -0.00228998414241, 0.00330223259516, -0.00213856808841, 0.00125749933068, 0.00109643174801, 0.00154785439372, -0.00682672625408, 0.0201484374702, -0.00919613800943], [0.001060717972, -0.00223906943575, 0.00146652618423, -0.0034702566918, 0.00183130579535, -0.00333458348177, 0.00217562308535, -0.00150492461398, -0.000456283451058, -0.000889698450919, 0.00477587291971, -0.00919613800943, 0.0214272215962]]
    },
    "melbands": {
        "mean": [0.00205351482145, 0.00389854726382, 0.0021419452969, 0.00168979109731, 0.000952893809881, 0.000483067735331, 0.000548652373254, 0.000371610891307, 0.000370064110029, 0.000195615997654, 0.000174918823177, 0.000128435363877, 8.62726883497e-05, 7.54645370762e-05, 6.35314499959e-05, 3.4767366742e-05, 3.55704360118e-05, 3.67865213775e-05, 2.6690066079e-05, 3.067155194e-05, 3.63874605682e-05, 3.15631150443e-05, 2.3283648261e-05, 1.53143737407e-05, 1.130648252e-05, 1.53269120347e-05, 1.22117553474e-05, 7.46821569919e-06, 6.47024626232e-06, 4.44633678853e-06, 2.99392490888e-06, 2.04475281862e-06, 1.93707364815e-06, 2.40304757426e-06, 2.66335086962e-06, 2.72896818387e-06, 2.81510097011e-06, 2.4032087822e-06, 1.81772736596e-06, 1.25534347717e-06]
    },
    "melbands128": {
        "mean": [0.000221888476517, 0.00120382138994, 0.00245403381996, 0.00434023328125, 0.00470628868788, 0.00314386980608, 0.00207358272746, 0.0018103600014, 0.00227654539049, 0.00195480207913, 0.00114161591046, 0.000919492274988, 0.00117306737229, 0.000627457804512, 0.00034050893737, 0.000498768582474, 0.000511752092279, 0.000625956745353, 0.000463047617814, 0.000478780275444, 0.00018922892923, 0.000421321368776, 0.000455891829915, 0.000236789899645, 0.000227193027968, 0.000129036387079, 0.000240550376475, 0.00019478178001, 8.77477941685e-05, 0.000182787538506, 9.95640511974e-05, 0.000108736086986, 0.000120783683087, 3.51297676389e-05, 4.55467998108e-05, 0.000102141049865, 0.000111540037324, 4.60253504571e-05, 5.57499479328e-05, 3.19082464557e-05, 2.1743338948e-05, 5.20894136571e-05, 3.82805992558e-05, 2.73434816336e-05, 2.22242433665e-05, 4.79225818708e-05, 4.61671115772e-05, 1.47888158608e-05, 2.45112314587e-05, 3.34899341397e-05, 3.1508574466e-05, 2.52428744716e-05, 3.56043747161e-05, 4.00223943871e-05, 4.51703963336e-05, 2.68558469543e-05, 2.07139964914e-05, 3.60205922334e-05, 1.86380329978e-05, 1.15753591672e-05, 1.92210045498e-05, 1.41284554047e-05, 9.49865261646e-06, 1.20316526591e-05, 1.1265541616e-05, 1.7090314941e-05, 1.6637482986e-05, 1.31687984322e-05, 1.2226927538e-05, 8.88206159289e-06, 7.06595301381e-06, 6.78459855408e-06, 7.50242088543e-06, 6.55132771499e-06, 5.35377057531e-06, 4.10425082009e-06, 4.65345374323e-06, 3.59954128726e-06, 2.82188466372e-06, 2.18360924009e-06, 2.10776761378e-06, 1.88178364624e-06, 2.10901362152e-06, 1.84169118711e-06, 1.86296483662e-06, 2.29798774853e-06, 2.44955958806e-06, 2.9178722798e-06, 2.6696857276e-06, 2.57036049334e-06, 2.47304433287e-06, 2.79551341009e-06, 3.10599853037e-06, 2.82530368167e-06, 2.72666011369e-06, 2.41300881498e-06, 2.45612909566e-06, 2.18529498852e-06, 1.88297406112e-06, 1.56288501785e-06, 1.48562014601e-06, 1.19221863315e-06, 1.02893432086e-06, 8.82862366325e-07, 7.36835715998e-07, 8.71868849117e-07, 8.91077945653e-07, 1.17945887723e-06, 7.33497699912e-07, 4.18420398773e-07, 2.49802894814e-07, 2.61808622781e-07, 2.34595120219e-07, 1.98430910814e-07, 1.45499583937e-07, 1.05590473254e-07, 8.75081909157e-08, 1.03179644384e-07, 9.89156418996e-08, 7.43101367107e-08, 4.16535996806e-08, 2.24587104469e-08, 1.55156865134e-08, 1.09733369058e-08, 9.33387056534e-09, 8.73451000416e-09, 7.06974212505e-09, 3.58112894894e-09]
    },
    "mfcc": {
        "mean": [-628.574768066, 129.871749878, 9.09345149994, 26.1106433868, 10.9723997116, -4.801030159, 0.115018874407, 0.667489230633, -1.35312569141, 2.54135012627, -6.86638021469, -0.167561218143, -0.480121105909],
        "cov": [[11962.9169922, 332.607757568, 659.838867188, 470.527435303, -321.005828857, 193.32749939, 359.353637695, 311.030426025, 213.983093262, 249.114257812, 216.016571045, 115.479660034, -66.4708633423], [332.607757568, 1309.31286621, -267.779296875, -36.589553833, 31.0791854858, -95.7971801758, 38.0436248779, 46.7170372009, 21.0871810913, 35.9412193298, 39.3808860779, 7.00929927826, 38.4641113281], [659.838867188, -267.779296875, 477.043701172, 30.2022171021, -79.3077774048, 99.9857940674, 51.7635536194, 7.15065193176, 41.9422645569, 12.7728071213, 8.91618347168, 25.5177879333, -0.305251449347], [470.527435303, -36.589553833, 30.2022171021, 280.711273193, 75.2059860229, 25.3747177124, -3.73563027382, 23.5467243195, 40.4961395264, 24.9811573029, -1.99695110321, 21.5360355377, 15.2805452347], [-321.005828857, 31.0791854858, -79.3077774048, 75.2059860229, 230.958724976, -3.49587249756, -55.3937454224, -33.90417099, -1.10645210743, -0.0207242518663, -20.6625728607, 0.478116959333, 9.14545345306], [193.32749939, -95.7971801758, 99.9857940674, 25.3747177124, -3.49587249756, 192.266662598, 59.1669998169, -7.80085325241, 24.0734272003, 4.17915248871, 8.33550262451, 17.0227146149, -0.466537564993], [359.353637695, 38.0436248779, 51.7635536194, -3.73563027382, -55.3937454224, 59.1669998169, 157.432327271, 61.047504425, 14.1008005142, 9.3686504364, 27.7690544128, 12.6740789413, 8.67381191254], [311.030426025, 46.7170372009, 7.15065193176, 23.5467243195, -33.90417099, -7.80085325241, 61.047504425, 122.572044373, 40.9788970947, 16.4347991943, 20.0229282379, 16.8003692627, 5.87321376801], [213.983093262, 21.0871810913, 41.9422645569, 40.4961395264, -1.10645210743, 24.0734272003, 14.1008005142, 40.9788970947, 113.229354858, 41.4493293762, 14.0705633163, 7.47511148453, 4.21534585953], [249.114257812, 35.9412193298, 12.7728071213, 24.9811573029, -0.0207242518663, 4.17915248871, 9.3686504364, 16.4347991943, 41.4493293762, 108.917274475, 43.5215263367, 5.32680606842, -6.58641433716], [216.016571045, 39.3808860779, 8.91618347168, -1.99695110321, -20.6625728607, 8.33550262451, 27.7690544128, 20.0229282379, 14.0705633163, 43.5215263367, 90.1077957153, 26.4724903107, -0.250711619854], [115.479660034, 7.00929927826, 25.5177879333, 21.5360355377, 0.478116959333, 17.0227146149, 12.6740789413, 16.8003692627, 7.47511148453, 5.32680606842, 26.4724903107, 71.1933670044, 21.7259349823], [-66.4708633423, 38.4641113281, -0.305251449347, 15.2805452347, 9.14545345306, -0.466537564993, 8.67381191254, 5.87321376801, 4.21534585953, -6.58641433716, -0.250711619854, 21.7259349823, 59.2927207947]],
        "icov": [[0.000116898409033, -6.26341861789e-05, -0.000140341260703, -0.000219182533328, 0.000134769128636, -9.09393656912e-06, -0.000103194070107, -0.000117869058158, 2.59648695646e-05, -0.000110461034637, -8.83285320015e-05, -5.38154527021e-05, 0.000238588094362], [-6.26341861789e-05, 0.000985124381259, 0.00059224315919, 0.000268109579338, -0.000176038578502, 0.000389060238376, -0.00041207621689, 7.37816590117e-05, -0.000339543388691, -0.000144764984725, -0.000176600180566, -3.97740222979e-06, -0.000683372432832], [-0.000140341260703, 0.00059224315919, 0.00309031410143, -7.64910328144e-06, 0.000828509044368, -0.000817753840238, -0.000425376812927, 0.000733187189326, -0.000987576902844, -4.76916538901e-05, 0.000415715796407, -0.00079608609667, -0.000309900351567], [-0.000219182533328, 0.000268109579338, -7.64910328144e-06, 0.00486906850711, -0.00183276226744, -0.000343273452017, 0.000453874556115, -0.000845928268973, -0.000846257840749, -0.0006455515977, 0.000842765206471, -0.000767119578086, -0.0011040198151], [0.000134769128636, -0.000176038578502, 0.000828509044368, -0.00183276226744, 0.00596233503893, -0.000636715849396, 0.00130920216907, 0.00103116256651, -0.000109405773401, -0.00044117809739, 0.000785879325122, -0.000448993348982, -0.000349826907041], [-9.09393656912e-06, 0.000389060238376, -0.000817753840238, -0.000343273452017, -0.000636715849396, 0.00752760842443, -0.0038070299197, 0.00292256753892, -0.00194751285017, 0.00048406975111, 0.000162848358741, -0.00164443126414, 0.00104200607166], [-0.000103194070107, -0.00041207621689, -0.000425376812927, 0.000453874556115, 0.00130920216907, -0.0038070299197, 0.0109779695049, -0.0054371827282, 0.00181843317114, 0.000208842306165, -0.00188617338426, 0.00154196645599, -0.00194584392011], [-0.000117869058158, 7.37816590117e-05, 0.000733187189326, -0.000845928268973, 0.00103116256651, 0.00292256753892, -0.0054371827282, 0.0135235432535, -0.00467298319563, 0.000626398541499, -4.06863218814e-05, -0.00250049610622, 0.000679410586599], [2.59648695646e-05, -0.000339543388691, -0.000987576902844, -0.000846257840749, -0.000109405773401, -0.00194751285017, 0.00181843317114, -0.00467298319563, 0.0128522394225, -0.00423970399424, 0.00056308391504, 0.000929165515117, -0.00106195628177], [-0.000110461034637, -0.000144764984725, -4.76916538901e-05, -0.0006455515977, -0.00044117809739, 0.00048406975111, 0.000208842306165, 0.000626398541499, -0.00423970399424, 0.013691438362, -0.0064188092947, 0.00150022224989, 0.00136091106106], [-8.83285320015e-05, -0.000176600180566, 0.000415715796407, 0.000842765206471, 0.000785879325122, 0.000162848358741, -0.00188617338426, -4.06863218814e-05, 0.00056308391504, -0.0064188092947, 0.0169957019389, -0.00632833968848, 0.00159814034123], [-5.38154527021e-05, -3.97740222979e-06, -0.00079608609667, -0.000767119578086, -0.000448993348982, -0.00164443126414, 0.00154196645599, -0.00250049610622, 0.000929165515117, 0.00150022224989, -0.00632833968848, 0.0196114312857, -0.00689787603915], [0.000238588094362, -0.000683372432832, -0.000309900351567, -0.0011040198151, -0.000349826907041, 0.00104200607166, -0.00194584392011, 0.000679410586599, -0.00106195628177, 0.00136091106106, 0.00159814034123, -0.00689787603915, 0.0208996385336]]
    },
    "spectral_contrast_coeffs": {
        "mean": [-0.679409682751, -0.725245952606, -0.736314177513, -0.773269891739, -0.77440571785, -0.797696888447]
    },
    "spectral_contrast_valleys": {
        "mean": [-6.32197141647, -6.61746788025, -7.54084014893, -7.77954816818, -7.61197471619, -10.0337533951]
    }
},
"rhythm": {
    "beats_count": 635,
    "beats_loudness": {
        "mean": 0.0598531700671
    },
    "bpm": 154.163238525,
    "bpm_histogram_first_peak_bpm": 152,
    "bpm_histogram_first_peak_weight": 0.0372881293297,
    "bpm_histogram_second_peak_bpm": 157,
    "bpm_histogram_second_peak_spread": 0.127329170704,
    "bpm_histogram_second_peak_weight": 0.443217664957,
    "danceability": 1.28440034389,
    "onset_rate": 4.42276334763,
    "beats_loudness_band_ratio": {
        "mean": [0.574579358101, 0.195673361421, 0.137175351381, 0.0589676313102, 0.0500541776419, 0.038414247334]
    },
    "beats_position": [0.336689323187, 0.696598649025, 1.05650794506, 1.4164172411, 1.78793644905, 2.18267560005, 2.56580495834, 2.94893407822, 3.32045340538, 3.70358276367, 4.07510185242, 4.45823097229, 4.82975053787, 5.20126962662, 5.58439922333, 5.9675283432, 6.3622674942, 6.74539661407, 7.12852573395, 7.51165533066, 7.89478445053, 8.26630401611, 8.64943313599, 9.03256225586, 9.4040813446, 9.78721046448, 10.1703395844, 10.5534696579, 10.9365987778, 11.3081178665, 11.6796369553, 12.051156044, 12.4226751328, 12.7941951752, 13.177324295, 13.5604534149, 13.9435825348, 14.3267116547, 14.6982307434, 15.0697498322, 15.4528799057, 15.8360090256, 16.2191371918, 16.602268219, 16.9737873077, 17.3453063965, 17.7400455475, 18.1231746674, 18.5063037872, 18.9010429382, 19.2841720581, 19.6789112091, 20.062040329, 20.4335594177, 20.8166885376, 21.1998176575, 21.5829467773, 21.9660758972, 22.3492050171, 22.7323360443, 23.1154651642, 23.4985942841, 23.8817234039, 24.2648525238, 24.6479816437, 25.0311107635, 25.4142398834, 25.7973690033, 26.1804981232, 26.563627243, 26.9467563629, 27.3298854828, 27.7130146027, 28.0961437225, 28.4792747498, 28.8624038696, 29.2339229584, 29.6054420471, 29.988571167, 30.3600902557, 30.7432193756, 31.1263484955, 31.5094776154, 31.9042167664, 32.2989578247, 32.6820869446, 33.0652160645, 33.4483451843, 33.843082428, 34.2262115479, 34.6209526062, 35.0040817261, 35.3872108459, 35.7703399658, 36.1534690857, 36.5365982056, 36.9197273254, 37.3028564453, 37.6859855652, 38.0807266235, 38.4638557434, 38.8469848633, 39.2417221069, 39.613243103, 39.9847602844, 40.3795013428, 40.7626304626, 41.1457595825, 41.5288887024, 41.9120178223, 42.2951469421, 42.6666641235, 43.0497932434, 43.4445343018, 43.8276634216, 44.2107925415, 44.5939216614, 44.9770507812, 45.3601799011, 45.743309021, 46.1264381409, 46.5095672607, 46.8926963806, 47.2758255005, 47.6589546204, 48.0420837402, 48.4136047363, 48.7851219177, 49.1798629761, 49.5746040344, 49.9577331543, 50.3408622742, 50.723991394, 51.1071205139, 51.5018577576, 51.8849868774, 52.2681159973, 52.6628570557, 53.0343742371, 53.4175033569, 53.8006324768, 54.1837615967, 54.5668907166, 54.9500198364, 55.333152771, 55.7162818909, 56.0994110107, 56.4709281921, 56.854057312, 57.2371864319, 57.608707428, 58.0034446716, 58.3865737915, 58.7813148499, 59.1528320312, 59.5359611511, 59.9307022095, 60.3254394531, 60.708568573, 61.0916976929, 61.4864387512, 61.8811798096, 62.2643089294, 62.6474380493, 63.0305671692, 63.4136962891, 63.8084335327, 64.1915664673, 64.5746917725, 64.9694290161, 65.3641738892, 65.7589111328, 66.1536483765, 66.536781311, 66.9199066162, 67.3146438599, 67.6977767944, 68.0809020996, 68.4756469727, 68.8703842163, 69.2535171509, 69.6366424561, 70.0197753906, 70.4029006958, 70.7976379395, 71.1923828125, 71.5638961792, 71.9470291138, 72.3301544189, 72.724899292, 73.1080245972, 73.4911575317, 73.8858947754, 74.280632019, 74.6869812012, 75.0933303833, 75.488067627, 75.8712005615, 76.2543258667, 76.6606826782, 77.0670318604, 77.4733810425, 77.8565063477, 78.2396392822, 78.6343765259, 79.0175018311, 79.4122467041, 79.8069839478, 80.2017211914, 80.5964584351, 80.9912033081, 81.3859405518, 81.7806777954, 82.1754150391, 82.5701599121, 82.9765090942, 83.3712463379, 83.7543716431, 84.1491165161, 84.5322418213, 84.9153747559, 85.3101119995, 85.7048492432, 86.0995864868, 86.4943313599, 86.8890686035, 87.2838058472, 87.6785507202, 88.0732879639, 88.4680252075, 88.8627624512, 89.2575073242, 89.6406326294, 90.023765564, 90.4185028076, 90.8132400513, 91.2079772949, 91.602722168, 91.9974594116, 92.3921966553, 92.7869338989, 93.181678772, 93.5764160156, 93.9711532593, 94.3658905029, 94.760635376, 95.1553726196, 95.5501098633, 95.9216308594, 96.316368103, 96.7111129761, 97.1058502197, 97.5005874634, 97.895324707, 98.2900695801, 98.6848068237, 99.0795440674, 99.474281311, 99.8690261841, 100.275375366, 100.658500671, 101.053237915, 101.447982788, 101.842720032, 102.237457275, 102.608978271, 103.003715515, 103.398452759, 103.793197632, 104.187934875, 104.582672119, 104.977409363, 105.360542297, 105.755279541, 106.138412476, 106.521537781, 106.904670715, 107.299407959, 107.694145203, 108.088890076, 108.460403442, 108.855148315, 109.249885559, 109.633010864, 110.016143799, 110.410881042, 110.805618286, 111.200363159, 111.571876526, 111.966621399, 112.361358643, 112.756095886, 113.139228821, 113.522354126, 113.905487061, 114.288612366, 114.683357239, 115.078094482, 115.461219788, 115.844352722, 116.227478027, 116.610610962, 117.005348206, 117.38848114, 117.771606445, 118.177955627, 118.572692871, 118.955825806, 119.350563049, 119.733695984, 120.116821289, 120.511566162, 120.906303406, 121.301040649, 121.695777893, 122.090522766, 122.48526001, 122.868385315, 123.25151825, 123.646255493, 124.040992737, 124.43573761, 124.830474854, 125.225212097, 125.608345032, 125.991470337, 126.374603271, 126.757728577, 127.15246582, 127.547210693, 127.941947937, 128.336685181, 128.719818115, 129.10295105, 129.486068726, 129.86920166, 130.263946533, 130.658676147, 131.053421021, 131.424942017, 131.81968689, 132.214416504, 132.609161377, 133.003890991, 133.398635864, 133.793380737, 134.188110352, 134.582855225, 134.977600098, 135.360717773, 135.755462646, 136.138595581, 136.533325195, 136.928070068, 137.322814941, 137.717544556, 138.112289429, 138.495422363, 138.878540039, 139.261672974, 139.644805908, 140.039550781, 140.434280396, 140.829025269, 141.212158203, 141.595275879, 141.978408813, 142.34992981, 142.733062744, 143.127792358, 143.510925293, 143.894058228, 144.277191162, 144.660308838, 145.043441772, 145.426574707, 145.82131958, 146.216049194, 146.610794067, 146.993927002, 147.377044678, 147.771789551, 148.154922485, 148.538040161, 148.932785034, 149.327529907, 149.710647583, 150.093780518, 150.488525391, 150.883255005, 151.266387939, 151.649520874, 152.044265747, 152.438995361, 152.822128296, 153.216873169, 153.599990845, 153.971511841, 154.366256714, 154.761001587, 155.132507324, 155.527252197, 155.92199707, 156.316726685, 156.699859619, 157.094604492, 157.489334106, 157.872467041, 158.255599976, 158.63873291, 159.033462524, 159.428207397, 159.822952271, 160.206069946, 160.589202881, 160.960723877, 161.35546875, 161.750198364, 162.144943237, 162.539672852, 162.934417725, 163.329162598, 163.712280273, 164.095413208, 164.490158081, 164.884887695, 165.279632568, 165.674377441, 166.069107056, 166.463851929, 166.858596802, 167.253326416, 167.648071289, 168.042816162, 168.437545776, 168.832290649, 169.227020264, 169.621765137, 170.004898071, 170.388031006, 170.78276062, 171.177505493, 171.560638428, 171.943756104, 172.326889038, 172.710021973, 173.104751587, 173.49949646, 173.894241333, 174.288970947, 174.695327759, 175.11328125, 175.519638062, 175.937591553, 176.355545044, 176.750289917, 177.14503479, 177.539764404, 177.934509277, 178.32925415, 178.723983765, 179.118728638, 179.513473511, 179.908203125, 180.302947998, 180.697677612, 181.080810547, 181.463943481, 181.858688354, 182.253417969, 182.648162842, 183.042892456, 183.437637329, 183.832382202, 184.227111816, 184.621856689, 185.016601562, 185.411331177, 185.80607605, 186.200805664, 186.595550537, 187.001907349, 187.385025024, 187.779769897, 188.162902832, 188.557632446, 188.952377319, 189.347122192, 189.730239868, 190.124984741, 190.519729614, 190.914459229, 191.309204102, 191.703948975, 192.098678589, 192.493423462, 192.888153076, 193.282897949, 193.677642822, 194.060760498, 194.443893433, 194.838638306, 195.23336792, 195.628112793, 196.022857666, 196.41758728, 196.812332153, 197.195465088, 197.578598022, 197.973327637, 198.36807251, 198.762802124, 199.157546997, 199.55229187, 199.947021484, 200.330154419, 200.713287354, 201.108016968, 201.502761841, 201.897506714, 202.292236328, 202.686981201, 203.070114136, 203.453231812, 203.824752808, 204.207885742, 204.591018677, 204.985748291, 205.368881226, 205.75201416, 206.146759033, 206.541488647, 206.936233521, 207.330978394, 207.725708008, 208.097229004, 208.46875, 208.863494873, 209.258224487, 209.65296936, 210.036102295, 210.419219971, 210.813964844, 211.197097778, 211.580215454, 211.974960327, 212.3697052, 212.752838135, 213.135955811, 213.530700684, 213.925445557, 214.308563232, 214.691696167, 215.074829102, 215.457962036, 215.841079712, 216.224212646, 216.607345581, 216.990478516, 217.38520813, 217.768341064, 218.151473999, 218.546203613, 218.929336548, 219.312469482, 219.695602417, 220.078720093, 220.461853027, 220.844985962, 221.239730835, 221.622848511, 222.005981445, 222.400726318, 222.783843994, 223.166976929, 223.561721802, 223.956451416, 224.351196289, 224.745941162, 225.129058838, 225.523803711, 225.895324707, 226.278457642, 226.661590576, 227.044708252, 227.439453125, 227.82258606, 228.205703735, 228.58883667, 228.971969604, 229.355102539, 229.738220215, 230.109741211, 230.504486084, 230.887619019, 231.270736694, 231.665481567, 232.048614502, 232.431747437, 232.814865112, 233.209609985, 233.59274292, 233.975875854, 234.35899353, 234.742126465, 235.125259399, 235.508392334, 235.89151001, 236.274642944, 236.657775879, 237.040908813, 237.424026489, 237.818771362, 238.213516235, 238.596633911, 238.979766846, 239.351287842, 239.734420776, 240.117553711, 240.500671387, 240.883804321, 241.266937256, 241.65007019, 242.044799805, 242.439544678, 242.834274292, 243.229019165, 243.623764038, 244.111373901, 244.587387085, 245.063400269, 245.539413452, 246.015411377, 246.503036499, 246.990646362],
    "bpm_histogram": [0, 0, 0, 0, 0, 0, 0, 0, 0, 0, 0, 0, 0, 0, 0, 0, 0, 0, 0, 0, 0, 0, 0, 0, 0, 0, 0, 0, 0, 0, 0, 0, 0, 0, 0, 0, 0, 0, 0, 0, 0, 0, 0, 0, 0, 0, 0, 0, 0, 0, 0, 0, 0, 0, 0, 0, 0, 0, 0, 0, 0, 0, 0, 0, 0, 0, 0, 0, 0, 0, 0, 0, 0, 0, 0, 0, 0, 0, 0, 0, 0, 0, 0, 0, 0, 0, 0, 0, 0, 0, 0, 0, 0, 0, 0, 0, 0, 0, 0, 0, 0, 0, 0, 0, 0, 0, 0, 0, 0, 0, 0, 0, 0, 0, 0, 0, 0, 0, 0, 0, 0, 0, 0, 0.0047318614088, 0, 0, 0.00630914838985, 0, 0, 0, 0, 0, 0, 0, 0, 0, 0, 0, 0, 0, 0, 0, 0, 0, 0.0047318614088, 0, 0, 0, 0.0173501577228, 0, 0, 0, 0.447949528694, 0, 0, 0, 0, 0.443217664957, 0, 0, 0, 0.0646687671542, 0.00630914838985, 0, 0, 0, 0, 0.0047318614088, 0, 0, 0, 0, 0, 0, 0, 0, 0, 0, 0, 0, 0, 0, 0, 0, 0, 0, 0, 0, 0, 0, 0, 0, 0, 0, 0, 0, 0, 0, 0, 0, 0, 0, 0, 0, 0, 0, 0, 0, 0, 0, 0, 0, 0, 0, 0, 0, 0, 0, 0, 0, 0, 0, 0, 0, 0, 0, 0, 0, 0, 0, 0, 0, 0, 0, 0, 0, 0, 0, 0, 0, 0, 0, 0, 0, 0, 0, 0, 0, 0, 0]
},
"tonal": {
    "chords_changes_rate": 0.042385596782,
    "chords_number_rate": 0.0016879219329,
    "chords_strength": {
        "mean": 0.517742335796
    },
    "hpcp_crest": {
        "mean": 13.7790727615
    },
    "hpcp_entropy": {
        "mean": 1.90126788616
    },
    "key_edma": {
        "strength": 0.824379324913,
        "key": "G",
        "scale": "major"
    },
    "key_krumhansl": {
        "strength": 0.82754355669,
        "key": "G",
        "scale": "major"
    },
    "key_temperley": {
        "strength": 0.830736041069,
        "key": "G",
        "scale": "major"
    },
    "tuning_diatonic_strength": 0.687489628792,
    "tuning_equal_tempered_deviation": 0.018603771925,
    "tuning_frequency": 439.745910645,
    "tuning_nontempered_energy_ratio": 0.648771643639,
    "hpcp": {
        "mean": [0.308328717947, 0.172745794058, 0.0504707060754, 0.0396163463593, 0.0470673628151, 0.135875806212, 0.206020712852, 0.129131689668, 0.0760561227798, 0.0757063254714, 0.0509869456291, 0.0528108812869, 0.0676034614444, 0.0714189782739, 0.190126955509, 0.30026447773, 0.187978237867, 0.0756327360868, 0.0629627406597, 0.0631448030472, 0.127839237452, 0.196098566055, 0.150927558541, 0.0906403139234, 0.0731596946716, 0.0609666183591, 0.101451180875, 0.134245291352, 0.116897754371, 0.241404846311, 0.335654109716, 0.191521644592, 0.0808841884136, 0.0716392621398, 0.0800917446613, 0.211642086506]
    },
    "chords_histogram": [46.3991012573, 8.7584400177, 14.2723178864, 0.543885946274, 9.11477851868, 0, 0, 0.0187546890229, 0.337584406137, 0, 0, 0, 0, 0, 0, 0.337584406137, 0, 1.50037515163, 0, 3.00075030327, 0, 4.12603139877, 3.63840961456, 7.95198822021],
    "thpcp": [1, 0.570592284203, 0.2409748137, 0.213431805372, 0.238613918424, 0.630536258221, 0.918590605259, 0.514654219151, 0.150365233421, 0.118027292192, 0.14022578299, 0.404808998108, 0.613788723946, 0.384716540575, 0.226590767503, 0.225548639894, 0.151903241873, 0.157337203622, 0.20140811801, 0.212775528431, 0.566437125206, 0.894565165043, 0.560035586357, 0.225329384208, 0.187582209706, 0.188124626875, 0.380865991116, 0.584228098392, 0.449652045965, 0.270040839911, 0.21796156466, 0.181635245681, 0.302249193192, 0.399951279163, 0.348268508911, 0.719207167625],
    "chords_key": "G",
    "chords_scale": "major"
}
}