{
"metadata": {
    "version": {
        "essentia": "2.1-beta6-dev",
        "essentia_git_sha": "v2.1_beta5-1177-g1d1cc983",
        "extractor": "music 2.0"
    },
    "audio_properties": {
        "analysis": {
            "equal_loudness": 0,
            "length": 215.107421875,
            "sample_rate": 44100,
            "start_time": 0,
            "downmix": "mix"
        },
        "bit_rate": 1411200,
        "length": 215.107421875,
        "lossless": 1,
        "number_channels": 2,
        "replay_gain": -14.2426052094,
        "sample_rate": 44100,
        "codec": "pcm_s16le",
        "md5_encoded": "cf1a961fb66cc3a7be39bfc95cb43726"
    },
    "tags": {
        "file_name": "02 - The Front Bottoms - Skeleton.wav",
        "album": ["Talon Of The Hawk"],
        "albumartist": ["The Front Bottoms"],
        "artist": ["The Front Bottoms"],
        "copyright": ["2013 Bar None Records 2013 Bar None Records"],
        "date": ["2013"],
        "discnumber": ["1"],
        "disctotal": ["1"],
        "genre": ["Rock"],
        "isrc": ["US37V1322202"],
        "title": ["Skeleton"],
        "tracknumber": ["2"],
        "tracktotal": ["12"]
    }
},
"lowlevel": {
    "average_loudness": 0.970624506474,
    "barkbands_crest": {
        "mean": 9.2601852417
    },
    "barkbands_flatness_db": {
        "mean": 0.127894476056
    },
    "barkbands_kurtosis": {
        "mean": 4.04997825623
    },
    "barkbands_skewness": {
        "mean": 1.49365401268
    },
    "barkbands_spread": {
        "mean": 24.5798416138
    },
    "dissonance": {
        "mean": 0.463909238577
    },
    "dynamic_complexity": 2.02643799782,
    "erbbands_crest": {
        "mean": 9.72457122803
    },
    "erbbands_flatness_db": {
        "mean": 0.140047192574
    },
    "erbbands_kurtosis": {
        "mean": 0.985535204411
    },
    "erbbands_skewness": {
        "mean": 0.168573021889
    },
    "erbbands_spread": {
        "mean": 41.0403137207
    },
    "hfc": {
        "mean": 29.3326187134
    },
    "loudness_ebu128": {
        "integrated": -7.71044826508,
        "loudness_range": 1.63763141632,
        "momentary": {
            "mean": -8.40407085419
        },
        "short_term": {
            "mean": -8.00037574768
        }
    },
    "melbands_crest": {
        "mean": 13.7040805817
    },
    "melbands_flatness_db": {
        "mean": 0.209237709641
    },
    "melbands_kurtosis": {
        "mean": 34.4431686401
    },
    "melbands_skewness": {
        "mean": 2.85394072533
    },
    "melbands_spread": {
        "mean": 22.1349239349
    },
    "pitch_salience": {
        "mean": 0.54344779253
    },
    "silence_rate_20dB": {
        "mean": 1
    },
    "silence_rate_30dB": {
        "mean": 0.990178108215
    },
    "silence_rate_60dB": {
        "mean": 0.020183486864
    },
    "spectral_centroid": {
        "mean": 1278.55737305
    },
    "spectral_complexity": {
        "mean": 23.2661628723
    },
    "spectral_decrease": {
        "mean": -1.12207629854e-08
    },
    "spectral_energy": {
        "mean": 0.0450102165341
    },
    "spectral_energyband_high": {
        "mean": 0.00132433173712
    },
    "spectral_energyband_low": {
        "mean": 0.0209757890552
    },
    "spectral_energyband_middle_high": {
        "mean": 0.007881693542
    },
    "spectral_energyband_middle_low": {
        "mean": 0.0177875123918
    },
    "spectral_entropy": {
        "mean": 7.56206893921
    },
    "spectral_flux": {
        "mean": 0.10807774961
    },
    "spectral_kurtosis": {
        "mean": 5.75321960449
    },
    "spectral_rms": {
        "mean": 0.00634727394208
    },
    "spectral_rolloff": {
        "mean": 1441.07287598
    },
    "spectral_skewness": {
        "mean": 1.68881797791
    },
    "spectral_spread": {
        "mean": 4971699.5
    },
    "spectral_strongpeak": {
        "mean": 0.864194691181
    },
    "zerocrossingrate": {
        "mean": 0.0598429366946
    },
    "barkbands": {
        "mean": [0.00026960921241, 0.0104953739792, 0.00790964066982, 0.00449114991352, 0.00588428741321, 0.0019267037278, 0.00109123520087, 0.00159545138013, 0.00139347324148, 0.00238690455444, 0.00160526519176, 0.000746673904359, 0.000745351193473, 0.0005594061804, 0.000456181995105, 0.00049298722297, 0.000814169005025, 0.000305747962557, 0.000355419149855, 0.000322151143337, 0.000293051271001, 0.000124846759718, 0.000208944125916, 0.00030021026032, 0.000146910519106, 8.03758812253e-05, 8.21201683721e-06]
    },
    "erbbands": {
        "mean": [0.203320845962, 2.679043293, 8.8414888382, 12.9886083603, 18.4338302612, 17.7765865326, 17.9367580414, 15.8496866226, 16.1616687775, 27.0644607544, 29.8139572144, 34.275554657, 77.1966552734, 49.4693412781, 68.2478408813, 35.9568061829, 36.43151474, 29.4799880981, 23.9992961884, 24.530506134, 35.1358184814, 36.1699981689, 21.9975357056, 15.9399061203, 19.1954231262, 14.4408845901, 14.1229906082, 9.12618160248, 4.61487388611, 4.83457946777, 6.26789283752, 6.89865159988, 4.40657567978, 2.09018301964, 0.846471488476, 0.441364079714, 0.129573568702, 0.0158250909299, 0.00146273942664, 0.000128076513647]
    },
    "gfcc": {
        "mean": [36.3842353821, 93.0908126831, -99.5367050171, 32.2488899231, -50.0026321411, 14.9751319885, -32.1974563599, 12.2582330704, -26.7485904694, -2.73160123825, -18.7917633057, -3.46013498306, -9.51773262024],
        "cov": [[10809.4736328, -1613.80981445, -911.159851074, 316.048583984, -664.938842773, 398.83895874, -426.391448975, 371.365905762, -359.516265869, 109.771598816, -442.943237305, 22.1537742615, -455.062927246], [-1613.80981445, 1673.45056152, -202.046737671, -229.614562988, 235.748352051, -146.778091431, 245.780899048, -148.228363037, 91.7095336914, -130.963729858, 213.307479858, -44.6189498901, 126.178123474], [-911.159851074, -202.046737671, 620.370361328, 6.44395160675, -29.8081512451, -10.7806119919, 3.98116493225, -9.19855690002, 7.728992939, 66.4992294312, -7.18800020218, 41.5651054382, 21.3342075348], [316.048583984, -229.614562988, 6.44395160675, 369.202453613, -16.2798213959, 10.8274049759, -48.3052558899, 40.5834846497, 61.5282058716, 9.70398044586, -3.24198508263, -18.7990627289, 16.376127243], [-664.938842773, 235.748352051, -29.8081512451, -16.2798213959, 280.606933594, -37.6418457031, 30.6471786499, 1.99022066593, 58.7113494873, 15.3306922913, 10.459107399, 6.88778495789, 30.8135318756], [398.83895874, -146.778091431, -10.7806119919, 10.8274049759, -37.6418457031, 185.110931396, 59.8070030212, 21.2198982239, -16.6375617981, 17.7218856812, 11.0796833038, -11.1457242966, -21.2490825653], [-426.391448975, 245.780899048, 3.98116493225, -48.3052558899, 30.6471786499, 59.8070030212, 219.656784058, 4.67127609253, -0.275208801031, -9.75721263885, 56.0568161011, 5.35315084457, 16.3692760468], [371.365905762, -148.228363037, -9.19855690002, 40.5834846497, 1.99022066593, 21.2198982239, 4.67127609253, 119.900260925, 22.4958171844, 13.5620269775, -27.9605350494, 11.0929374695, -12.3606615067], [-359.516265869, 91.7095336914, 7.728992939, 61.5282058716, 58.7113494873, -16.6375617981, -0.275208801031, 22.4958171844, 116.529144287, 17.8579711914, 20.4161014557, -15.9292354584, 26.3307723999], [109.771598816, -130.963729858, 66.4992294312, 9.70398044586, 15.3306922913, 17.7218856812, -9.75721263885, 13.5620269775, 17.8579711914, 98.3403396606, -3.52188491821, 10.2112417221, -22.3433589935], [-442.943237305, 213.307479858, -7.18800020218, -3.24198508263, 10.459107399, 11.0796833038, 56.0568161011, -27.9605350494, 20.4161014557, -3.52188491821, 116.218048096, 5.4677362442, 23.6236896515], [22.1537742615, -44.6189498901, 41.5651054382, -18.7990627289, 6.88778495789, -11.1457242966, 5.35315084457, 11.0929374695, -15.9292354584, 10.2112417221, 5.4677362442, 69.0686569214, 9.41061019897], [-455.062927246, 126.178123474, 21.3342075348, 16.376127243, 30.8135318756, -21.2490825653, 16.3692760468, -12.3606615067, 26.3307723999, -22.3433589935, 23.6236896515, 9.41061019897, 84.4999389648]],
        "icov": [[0.000370501977159, -0.000414179638028, 0.000530630582944, -0.000529877492227, 0.00075796013698, -0.000914185075089, 0.000813759339508, -0.000929009867832, 0.000937274598982, -0.000816408602986, 0.0012366991723, -0.00088801572565, 0.00102786964271], [-0.000414179638028, 0.00242565688677, -0.000191832048586, 0.00160401209723, -0.00170978053939, 0.00263273203745, -0.00259032100439, 0.00228604045697, -0.00224076560698, 0.00248825713061, -0.00354910828173, 0.00233670417219, -0.00190510274842], [0.000530630582944, -0.000191832048586, 0.002756803995, -0.000590421375819, 0.0013892466668, -0.000790332152974, 0.000538264983334, -0.000611568451859, 0.000890022784006, -0.00237540970556, 0.00184261752293, -0.00197591376491, 0.000462882861029], [-0.000529877492227, 0.00160401209723, -0.000590421375819, 0.00456510391086, -0.00109751091804, 0.00168211280834, -0.00113948667422, 0.00100383127574, -0.00348052079789, 0.00194518361241, -0.00306140445173, 0.00262251240201, -0.00263089314103], [0.00075796013698, -0.00170978053939, 0.0013892466668, -0.00109751091804, 0.00643324712291, -0.00172042683698, 0.00148484692909, -0.00207052775659, 0.000146781734657, -0.003457139479, 0.0041972771287, -0.00315481354482, 0.00134589441586], [-0.000914185075089, 0.00263273203745, -0.000790332152974, 0.00168211280834, -0.00172042683698, 0.0105557302013, -0.00551144871861, 0.002025579568, -0.00180573493708, 0.00149630068336, -0.00540494918823, 0.0050249164924, -0.00242540170439], [0.000813759339508, -0.00259032100439, 0.000538264983334, -0.00113948667422, 0.00148484692909, -0.00551144871861, 0.00956624466926, -0.00428433855996, 0.00358883012086, -0.00211363076232, 0.00161561253481, -0.00293666869402, 0.00212616659701], [-0.000929009867832, 0.00228604045697, -0.000611568451859, 0.00100383127574, -0.00207052775659, 0.002025579568, -0.00428433855996, 0.0142257763073, -0.00677934428677, 0.00301015307195, -0.000724311103113, -0.000807277509011, -0.00108064105734], [0.000937274598982, -0.00224076560698, 0.000890022784006, -0.00348052079789, 0.000146781734657, -0.00180573493708, 0.00358883012086, -0.00677934428677, 0.0172499995679, -0.0062339482829, 0.00131783320103, 0.00220387103036, -0.000988613348454], [-0.000816408602986, 0.00248825713061, -0.00237540970556, 0.00194518361241, -0.003457139479, 0.00149630068336, -0.00211363076232, 0.00301015307195, -0.0062339482829, 0.016918124631, -0.00473132776096, 0.000215426451177, 0.00231202947907], [0.0012366991723, -0.00354910828173, 0.00184261752293, -0.00306140445173, 0.0041972771287, -0.00540494918823, 0.00161561253481, -0.000724311103113, 0.00131783320103, -0.00473132776096, 0.0184355508536, -0.00675727194175, 0.00271594757214], [-0.00088801572565, 0.00233670417219, -0.00197591376491, 0.00262251240201, -0.00315481354482, 0.0050249164924, -0.00293666869402, -0.000807277509011, 0.00220387103036, 0.000215426451177, -0.00675727194175, 0.0215632561594, -0.00655817706138], [0.00102786964271, -0.00190510274842, 0.000462882861029, -0.00263089314103, 0.00134589441586, -0.00242540170439, 0.00212616659701, -0.00108064105734, -0.000988613348454, 0.00231202947907, 0.00271594757214, -0.00655817706138, 0.01982736215]]
    },
    "melbands": {
        "mean": [0.00236064963974, 0.00433129072189, 0.00244382116944, 0.00126870640088, 0.000702267512679, 0.000356498669134, 0.000238996799453, 0.000314696197165, 0.000237097876379, 0.000217042252189, 0.000379931851057, 0.000187541401829, 0.000228244985919, 0.000113439047709, 8.64703615662e-05, 6.35494943708e-05, 5.61163033126e-05, 3.85365274269e-05, 3.30910370394e-05, 3.01666568703e-05, 4.77555004181e-05, 3.88506377931e-05, 3.26374793076e-05, 1.36522703542e-05, 1.22765759443e-05, 1.40868996823e-05, 1.23506943055e-05, 8.97100289876e-06, 9.14276279218e-06, 7.4294625847e-06, 4.50628022008e-06, 2.52771928899e-06, 2.30162709158e-06, 2.84021962216e-06, 3.44323143509e-06, 4.14647138314e-06, 4.19859816247e-06, 3.2316195302e-06, 2.34522053688e-06, 1.57344049967e-06]
    },
    "melbands128": {
        "mean": [0.000252266036114, 0.00130532099865, 0.00286382180639, 0.00506203947589, 0.00484412629157, 0.00375000596978, 0.00261837360449, 0.00220344145782, 0.00198790011927, 0.00109103613067, 0.00090982002439, 0.00101065950003, 0.000591415271629, 0.000413637462771, 0.000369522051187, 0.00032641220605, 0.000284174544504, 0.00021849082259, 0.000176695190021, 0.000333399628289, 0.000386882747989, 0.000240999419475, 0.000229780780501, 0.000200229114853, 0.000229764715186, 0.00016018266615, 0.000332183146384, 0.000593684031628, 0.000192853985936, 0.000214576430153, 0.000167734600836, 0.000154775247211, 0.000272356061032, 0.000288848765194, 8.02405484137e-05, 9.30200403673e-05, 9.77397648967e-05, 5.50859695068e-05, 0.000119766606076, 8.32676450955e-05, 4.62957978016e-05, 3.80370001949e-05, 5.66964736208e-05, 7.20246171113e-05, 3.85873427149e-05, 3.12973206746e-05, 3.93593254557e-05, 3.09465467581e-05, 2.95971221931e-05, 3.93929876736e-05, 2.71150784101e-05, 2.66436491074e-05, 2.8348824344e-05, 7.50794424675e-05, 5.72196222492e-05, 2.13888015423e-05, 2.89123563562e-05, 5.92355609115e-05, 2.03797517315e-05, 1.36137605296e-05, 1.35227528517e-05, 1.32470222525e-05, 1.29985965032e-05, 1.22475921671e-05, 1.07571377157e-05, 1.4238611584e-05, 1.60389663506e-05, 1.4482800907e-05, 1.11175950224e-05, 1.01942314359e-05, 7.49500804886e-06, 9.64818264038e-06, 9.77659419732e-06, 8.38002415549e-06, 9.62838203122e-06, 7.43310602047e-06, 7.12136079528e-06, 5.40299151908e-06, 4.58181148133e-06, 2.90168782158e-06, 2.58274963016e-06, 2.33379114434e-06, 2.36360460804e-06, 2.15554678107e-06, 2.38497000282e-06, 2.72540751212e-06, 2.86204362965e-06, 3.32472495757e-06, 3.4319630231e-06, 3.5644422951e-06, 3.89252909372e-06, 4.16904003941e-06, 4.83211897517e-06, 4.48404171038e-06, 3.72507111024e-06, 3.19190621667e-06, 3.27917291543e-06, 3.02992657453e-06, 2.39493488152e-06, 1.97649410438e-06, 1.82258827408e-06, 1.5479600961e-06, 1.24235634757e-06, 1.03698857856e-06, 8.09307380223e-07, 8.55378402775e-07, 7.83998814313e-07, 1.00498323263e-06, 8.10473409274e-07, 6.49361766136e-07, 4.62857258299e-07, 5.32747378656e-07, 4.21384754645e-07, 3.06911687176e-07, 2.05535258146e-07, 1.15955167246e-07, 7.61799796578e-08, 6.70040449791e-08, 5.59782229459e-08, 4.47827019912e-08, 3.15168300347e-08, 2.34556161161e-08, 1.86897768373e-08, 1.57261084155e-08, 1.32619106807e-08, 1.26189041438e-08, 1.02677191194e-08, 4.7511248269e-09]
    },
    "mfcc": {
        "mean": [-610.960693359, 124.903564453, 10.2376441956, 25.0535736084, 8.40088176727, 3.87744951248, 6.79228401184, 7.36594629288, 3.52025747299, 3.96224331856, -6.98939323425, 0.485033780336, -3.53957676888],
        "cov": [[7759.68457031, -1114.46972656, -495.554901123, -107.563835144, -183.296447754, -90.1512069702, -31.7298374176, 21.2533836365, 31.7509078979, 35.5801315308, -76.6364593506, 45.3361129761, -29.7049369812], [-1114.46972656, 1463.39855957, -244.096099854, -107.924995422, -29.9802017212, 14.5266456604, 85.2562103271, 54.7458953857, -53.714881897, -41.2184944153, 51.1091880798, -4.59783554077, 16.1483879089], [-495.554901123, -244.096099854, 587.983520508, 19.0297088623, -40.7272377014, 17.4088554382, -2.78283429146, -32.3546295166, -8.57775402069, -7.98687458038, -4.40546512604, 5.39025306702, -0.687473356724], [-107.563835144, -107.924995422, 19.0297088623, 249.162994385, 76.2168197632, -10.6593513489, -48.9757881165, 11.8300390244, 28.0161132812, 25.4912605286, -8.62274551392, 6.314868927, 19.4922523499], [-183.296447754, -29.9802017212, -40.7272377014, 76.2168197632, 205.453140259, -6.68418931961, -62.0210037231, -22.076292038, 29.6625976562, 22.6800384521, -4.35578346252, 2.13674688339, -0.212452113628], [-90.1512069702, 14.5266456604, 17.4088554382, -10.6593513489, -6.68418931961, 131.990280151, 50.5801582336, 0.0322000309825, 1.12740707397, 16.7103538513, 20.5920791626, 13.1950464249, -3.09111618996], [-31.7298374176, 85.2562103271, -2.78283429146, -48.9757881165, -62.0210037231, 50.5801582336, 147.511245728, 45.0757675171, -4.98428678513, -5.21862030029, 21.9950237274, 10.3565063477, 9.96692657471], [21.2533836365, 54.7458953857, -32.3546295166, 11.8300390244, -22.076292038, 0.0322000309825, 45.0757675171, 102.154785156, 21.9831218719, 2.40468144417, 2.50345635414, 5.31331682205, 10.1265964508], [31.7509078979, -53.714881897, -8.57775402069, 28.0161132812, 29.6625976562, 1.12740707397, -4.98428678513, 21.9831218719, 97.7972488403, 34.7719650269, -2.91267728806, -2.95291614532, 2.42239499092], [35.5801315308, -41.2184944153, -7.98687458038, 25.4912605286, 22.6800384521, 16.7103538513, -5.21862030029, 2.40468144417, 34.7719650269, 87.7347869873, 20.3078575134, 2.87649321556, -2.0220208168], [-76.6364593506, 51.1091880798, -4.40546512604, -8.62274551392, -4.35578346252, 20.5920791626, 21.9950237274, 2.50345635414, -2.91267728806, 20.3078575134, 75.0384292603, 25.635181427, 5.35822534561], [45.3361129761, -4.59783554077, 5.39025306702, 6.314868927, 2.13674688339, 13.1950464249, 10.3565063477, 5.31331682205, -2.95291614532, 2.87649321556, 25.635181427, 68.2640914917, 24.3274707794], [-29.7049369812, 16.1483879089, -0.687473356724, 19.4922523499, -0.212452113628, -3.09111618996, 9.96692657471, 10.1265964508, 2.42239499092, -2.0220208168, 5.35822534561, 24.3274707794, 70.1616592407]],
        "icov": [[0.000181447918294, 0.000177120527951, 0.000237127926084, 9.43943377933e-05, 0.000224723044084, 9.55378491199e-05, 2.47508160101e-05, -2.89023864752e-05, 2.23733582061e-06, -0.000102111276647, 0.000179478724021, -0.00025830155937, 9.05344786588e-05], [0.000177120527951, 0.00100233254489, 0.000538163236342, 0.000354482646799, 8.52241864777e-05, 5.61132255825e-05, -0.000174369604792, -0.000420567434048, 0.000403790298151, 0.000252869911492, -0.000472929794341, 0.000172806408955, -0.000191168495803], [0.000237127926084, 0.000538163236342, 0.00222874525934, -0.000135627517011, 0.000815684034023, -0.000148114821059, -4.1929037252e-05, 0.000583042856306, 1.29411318994e-06, 0.000175882785697, 0.000161614923854, -0.000421675824327, 9.26894936129e-05], [9.43943377933e-05, 0.000354482646799, -0.000135627517011, 0.00527781108394, -0.00144335860386, -0.000154713910888, 0.00152979861014, -0.00166601559613, -7.26850194042e-05, -0.000980568584055, 0.000434204790508, -0.000130036176415, -0.00151109590661], [0.000224723044084, 8.52241864777e-05, 0.000815684034023, -0.00144335860386, 0.00683942437172, -0.00039613674744, 0.0020877874922, 0.00125803344417, -0.001621662057, -0.000543235335499, 0.00027150157257, -0.000897033838555, 0.000340243044775], [9.55378491199e-05, 5.61132255825e-05, -0.000148114821059, -0.000154713910888, -0.00039613674744, 0.00966001395136, -0.00398603640497, 0.00159166171215, 1.24850612337e-05, -0.00178216595668, -0.000594827288296, -0.00159982708283, 0.00137832167093], [2.47508160101e-05, -0.000174369604792, -4.1929037252e-05, 0.00152979861014, 0.0020877874922, -0.00398603640497, 0.0114264376462, -0.00457677291706, 0.000183343887329, 0.000804564740974, -0.00189705239609, 0.000373313523596, -0.00147442822345], [-2.89023864752e-05, -0.000420567434048, 0.000583042856306, -0.00166601559613, 0.00125803344417, 0.00159166171215, -0.00457677291706, 0.013485188596, -0.00346568832174, 0.000304811634123, 0.000755804299843, -0.000954644812737, -0.000267401454039], [2.23733582061e-06, 0.000403790298151, 1.29411318994e-06, -7.26850194042e-05, -0.001621662057, 1.24850612337e-05, 0.000183343887329, -0.00346568832174, 0.0136079452932, -0.00500827562064, 0.00132249621674, 0.000842822133563, -0.000609374372289], [-0.000102111276647, 0.000252869911492, 0.000175882785697, -0.000980568584055, -0.000543235335499, -0.00178216595668, 0.000804564740974, 0.000304811634123, -0.00500827562064, 0.0154938902706, -0.00500238826498, 0.00120136851911, 0.000519177818205], [0.000179478724021, -0.000472929794341, 0.000161614923854, 0.000434204790508, 0.00027150157257, -0.000594827288296, -0.00189705239609, 0.000755804299843, 0.00132249621674, -0.00500238826498, 0.0182617865503, -0.00680629583076, 0.000976311683189], [-0.00025830155937, 0.000172806408955, -0.000421675824327, -0.000130036176415, -0.000897033838555, -0.00159982708283, 0.000373313523596, -0.000954644812737, 0.000842822133563, 0.00120136851911, -0.00680629583076, 0.0201095771044, -0.00655295001343], [9.05344786588e-05, -0.000191168495803, 9.26894936129e-05, -0.00151109590661, 0.000340243044775, 0.00137832167093, -0.00147442822345, -0.000267401454039, -0.000609374372289, 0.000519177818205, 0.000976311683189, -0.00655295001343, 0.0172992255539]]
    },
    "spectral_contrast_coeffs": {
        "mean": [-0.700581610203, -0.764708995819, -0.72648113966, -0.776963114738, -0.779071927071, -0.78249669075]
    },
    "spectral_contrast_valleys": {
        "mean": [-6.06333065033, -6.42889213562, -7.21092319489, -7.51622533798, -7.39521789551, -9.83316040039]
    }
},
"rhythm": {
    "beats_count": 524,
    "beats_loudness": {
        "mean": 0.0610586702824
    },
    "bpm": 147.421463013,
    "bpm_histogram_first_peak_bpm": 148,
    "bpm_histogram_first_peak_weight": 0.435051560402,
    "bpm_histogram_second_peak_bpm": 140,
    "bpm_histogram_second_peak_spread": 0.136363685131,
    "bpm_histogram_second_peak_weight": 0.0363288708031,
    "danceability": 1.21997487545,
    "onset_rate": 3.91407132149,
    "beats_loudness_band_ratio": {
        "mean": [0.591773033142, 0.155410453677, 0.123044766486, 0.0934623330832, 0.0512396544218, 0.0375462546945]
    },
    "beats_position": [0.348299324512, 0.708208620548, 1.07972788811, 1.46285712719, 1.8575963974, 2.26394557953, 2.67029476166, 3.07664394379, 3.48299312592, 3.88934230804, 4.29569149017, 4.69043064117, 5.0967798233, 5.4915189743, 5.89786815643, 6.30421733856, 6.71056699753, 7.12852573395, 7.52326536179, 7.92961454391, 8.32435321808, 8.73070240021, 9.12544155121, 9.54340076447, 9.96135997772, 10.3560991287, 10.7508392334, 11.1571884155, 11.5635375977, 11.9582767487, 12.3530158997, 12.7593650818, 13.1657142639, 13.5604534149, 13.966802597, 14.3731517792, 14.7911109924, 15.1742401123, 15.5805892944, 15.9753284454, 16.3700675964, 16.7648067474, 17.1595458984, 17.5542850494, 17.9490242004, 18.3437633514, 18.7385025024, 19.1216316223, 19.5163707733, 19.9227199554, 20.3174591064, 20.7121982574, 21.1069393158, 21.5016784668, 21.8964176178, 22.2911567688, 22.6975059509, 23.1038551331, 23.4985942841, 23.8933334351, 24.2880725861, 24.6828117371, 25.0775508881, 25.4722900391, 25.8670291901, 26.2733783722, 26.6681175232, 27.0744667053, 27.4808158875, 27.8871650696, 28.2819042206, 28.6882534027, 29.0946025848, 29.500951767, 29.9073009491, 30.3252601624, 30.7316093445, 31.1379585266, 31.5326976776, 31.9274368286, 32.3337860107, 32.7401351929, 33.146484375, 33.5528335571, 33.9475746155, 34.3423118591, 34.7370529175, 35.1434020996, 35.5497512817, 35.9561004639, 36.3508377075, 36.7571868896, 37.1635360718, 37.5698852539, 37.9646263123, 38.3593635559, 38.765712738, 39.1836738586, 39.5900230408, 39.9847602844, 40.3795013428, 40.7858505249, 41.192199707, 41.5869369507, 41.9932861328, 42.3996353149, 42.7943763733, 43.2007255554, 43.6070747375, 44.0250320435, 44.4197731018, 44.8145103455, 45.2208595276, 45.6272087097, 46.0335578918, 46.439907074, 46.8462562561, 47.2526054382, 47.6589546204, 48.0653038025, 48.4600448608, 48.8780021667, 49.2843513489, 49.6790924072, 50.0854415894, 50.4917907715, 50.8981399536, 51.3044891357, 51.7108383179, 52.1171875, 52.5235366821, 52.9182739258, 53.3246231079, 53.73097229, 54.1489334106, 54.5436706543, 54.9384117126, 55.3447608948, 55.7511100769, 56.157459259, 56.5638084412, 56.9701576233, 57.3765068054, 57.7828559875, 58.1892051697, 58.5955543518, 59.0019035339, 59.3966445923, 59.8029937744, 60.2093429565, 60.6156921387, 61.0220413208, 61.4283905029, 61.8347396851, 62.2294769287, 62.6358261108, 63.042175293, 63.4485244751, 63.8548736572, 64.2612228394, 64.6675720215, 65.0855331421, 65.4918823242, 65.8982315063, 66.3045806885, 66.7109298706, 67.1056671143, 67.5120162964, 67.9183654785, 68.3247146606, 68.7310638428, 69.1258010864, 69.5321502686, 69.9384994507, 70.3332443237, 70.7395935059, 71.145942688, 71.5638961792, 71.9702453613, 72.3765945435, 72.7945556641, 73.1892929077, 73.5956420898, 74.001991272, 74.4083404541, 74.8263015747, 75.2326507568, 75.638999939, 76.0453491211, 76.4400863647, 76.8580474854, 77.2643966675, 77.6707458496, 78.0887069702, 78.5066680908, 78.924621582, 79.3425827026, 79.7605438232, 80.1901092529, 80.619682312, 81.0492477417, 81.4904327393, 81.9199981689, 82.3611755371, 82.8023605347, 83.2203140259, 83.6382751465, 84.0446243286, 84.4509735107, 84.8573226929, 85.263671875, 85.6700210571, 86.0763702393, 86.4827194214, 86.877456665, 87.2838058472, 87.6901550293, 88.0965042114, 88.5028533936, 88.9092025757, 89.3155517578, 89.7219009399, 90.116645813, 90.5113830566, 90.9177322388, 91.3240814209, 91.7188186646, 92.1135559082, 92.5083007812, 92.9030380249, 93.309387207, 93.7157363892, 94.1336975098, 94.5284347534, 94.9347839355, 95.3411331177, 95.7474822998, 96.1538314819, 96.5485687256, 96.9549179077, 97.3612670898, 97.7560043335, 98.1507492065, 98.5570983887, 98.9518356323, 99.3581848145, 99.7529220581, 100.15927124, 100.565620422, 100.960357666, 101.355102539, 101.761451721, 102.167800903, 102.585754395, 103.003715515, 103.410064697, 103.816413879, 104.234375, 104.640724182, 105.047073364, 105.453422546, 105.871383667, 106.277732849, 106.69568634, 107.102035522, 107.508384705, 107.926345825, 108.332695007, 108.739044189, 109.15700531, 109.563354492, 109.958091736, 110.364440918, 110.782402039, 111.200363159, 111.606712341, 112.013061523, 112.419410706, 112.825759888, 113.23210907, 113.638458252, 114.044807434, 114.451156616, 114.869110107, 115.27545929, 115.681808472, 116.099769592, 116.494506836, 116.900856018, 117.3072052, 117.701950073, 118.108299255, 118.514648438, 118.932601929, 119.338951111, 119.745300293, 120.163261414, 120.569610596, 120.975959778, 121.38230896, 121.800270081, 122.206619263, 122.624580383, 123.042533875, 123.448883057, 123.855232239, 124.249977112, 124.656326294, 125.062675476, 125.480628967, 125.898590088, 126.30493927, 126.711288452, 127.106025696, 127.512374878, 127.91872406, 128.325073242, 128.743041992, 129.149383545, 129.555740356, 129.962081909, 130.368438721, 130.774780273, 131.192733765, 131.599090576, 132.005432129, 132.41178894, 132.818145752, 133.236099243, 133.642440796, 134.048797607, 134.466751099, 134.884719849, 135.30267334, 135.720626831, 136.15020752, 136.568161011, 136.986114502, 137.392471313, 137.810424805, 138.228393555, 138.646347046, 139.064300537, 139.470657349, 139.88861084, 140.31817627, 140.747756958, 141.165710449, 141.572067261, 141.990020752, 142.407974243, 142.825942993, 143.243896484, 143.661849976, 144.079818726, 144.497772217, 144.927337646, 145.356918335, 145.774871826, 146.192825317, 146.610794067, 147.028747559, 147.446716309, 147.8646698, 148.282623291, 148.700592041, 149.118545532, 149.536499023, 149.954467773, 150.372421265, 150.801986694, 151.231567383, 151.649520874, 152.067474365, 152.485443115, 152.903396606, 153.321365356, 153.739318848, 154.157272339, 154.56362915, 154.969970703, 155.364715576, 155.782669067, 156.200637817, 156.60697937, 157.013336182, 157.419677734, 157.826034546, 158.243988037, 158.661941528, 159.079910278, 159.486251831, 159.892608643, 160.298950195, 160.705307007, 161.123260498, 161.552825928, 161.982406616, 162.411972046, 162.829925537, 163.259490967, 163.677459717, 164.072189331, 164.478546143, 164.884887695, 165.302856445, 165.709197998, 166.11555481, 166.521896362, 166.928253174, 167.334594727, 167.740951538, 168.147293091, 168.553649902, 168.971603394, 169.389572144, 169.807525635, 170.213867188, 170.620223999, 171.03817749, 171.444534302, 171.862487793, 172.268844604, 172.686798096, 173.093154907, 173.49949646, 173.905853271, 174.312194824, 174.718551636, 175.124893188, 175.54284668, 175.96081543, 176.367156982, 176.773513794, 177.179855347, 177.586212158, 177.992553711, 178.398910522, 178.816864014, 179.234832764, 179.652786255, 180.059127808, 180.465484619, 180.88343811, 181.289794922, 181.707748413, 182.114105225, 182.532058716, 182.938415527, 183.34475708, 183.751113892, 184.157455444, 184.563812256, 184.970153809, 185.3881073, 185.80607605, 186.212417603, 186.618774414, 187.025115967, 187.443084717, 187.84942627, 188.26739502, 188.673736572, 189.080093384, 189.486434937, 189.892791748, 190.310745239, 190.72869873, 191.14666748, 191.57623291, 191.994186401, 192.412155151, 192.830108643, 193.248062134, 193.654418945, 194.072372437, 194.490341187, 194.896682739, 195.303039551, 195.697769165, 196.104125977, 196.510467529, 196.928436279, 197.346389771, 197.752746582, 198.159088135, 198.565444946, 198.960174561, 199.366531372, 199.761260986, 200.167617798, 200.573959351, 200.991928101, 201.398269653, 201.804626465, 202.210968018, 202.617324829, 203.012054443, 203.418411255, 203.824752808, 204.219497681, 204.625839233, 205.032196045, 205.426940918, 205.844894409, 206.251235962, 206.657592773, 207.063934326, 207.470291138, 207.888244629, 208.317825317, 208.747390747, 209.176956177, 209.664581299, 210.152191162, 210.639816284, 211.115829468, 211.603439331, 212.091064453, 212.567077637, 213.0546875, 213.542312622, 214.029922485, 214.529159546],
    "bpm_histogram": [0, 0, 0, 0, 0, 0, 0, 0, 0, 0, 0, 0, 0, 0, 0, 0, 0, 0, 0, 0, 0, 0, 0, 0, 0, 0, 0, 0, 0, 0, 0, 0, 0, 0, 0, 0, 0, 0, 0, 0, 0, 0, 0, 0, 0, 0, 0, 0, 0, 0, 0, 0, 0, 0, 0, 0, 0, 0, 0, 0, 0, 0, 0, 0, 0, 0, 0, 0, 0, 0, 0, 0, 0, 0, 0, 0, 0, 0, 0, 0, 0, 0, 0, 0, 0, 0, 0, 0, 0, 0, 0, 0, 0, 0, 0, 0, 0, 0, 0, 0, 0, 0, 0, 0, 0, 0, 0, 0, 0, 0, 0, 0, 0, 0, 0, 0, 0, 0, 0, 0, 0.00191204587463, 0, 0, 0.0152963669971, 0, 0, 0.00382409174927, 0, 0, 0, 0, 0, 0, 0, 0, 0, 0.00573613774031, 0, 0, 0, 0.0363288708031, 0, 0, 0, 0.23326960206, 0, 0, 0, 0.523900568485, 0, 0, 0, 0.170172080398, 0, 0, 0, 0, 0.00573613774031, 0, 0, 0, 0.00191204587463, 0, 0, 0, 0, 0, 0.00191204587463, 0, 0, 0, 0, 0, 0, 0, 0, 0, 0, 0, 0, 0, 0, 0, 0, 0, 0, 0, 0, 0, 0, 0, 0, 0, 0, 0, 0, 0, 0, 0, 0, 0, 0, 0, 0, 0, 0, 0, 0, 0, 0, 0, 0, 0, 0, 0, 0, 0, 0, 0, 0, 0, 0, 0, 0, 0, 0, 0, 0, 0, 0, 0, 0, 0, 0, 0, 0, 0, 0, 0, 0, 0, 0, 0, 0, 0, 0, 0, 0, 0, 0]
},
"tonal": {
    "chords_changes_rate": 0.0509389154613,
    "chords_number_rate": 0.00215842877515,
    "chords_strength": {
        "mean": 0.551357030869
    },
    "hpcp_crest": {
        "mean": 13.8791866302
    },
    "hpcp_entropy": {
        "mean": 1.92682945728
    },
    "key_edma": {
        "strength": 0.839089751244,
        "key": "C",
        "scale": "major"
    },
    "key_krumhansl": {
        "strength": 0.854844331741,
        "key": "C",
        "scale": "major"
    },
    "key_temperley": {
        "strength": 0.871648550034,
        "key": "C",
        "scale": "major"
    },
    "tuning_diatonic_strength": 0.726182043552,
    "tuning_equal_tempered_deviation": 0.0247282534838,
    "tuning_frequency": 438.731048584,
    "tuning_nontempered_energy_ratio": 0.68793284893,
    "hpcp": {
        "mean": [0.117767050862, 0.0915640518069, 0.0671671032906, 0.0632228329778, 0.0574884042144, 0.0750268995762, 0.111604608595, 0.116659142077, 0.243201419711, 0.363664865494, 0.209513187408, 0.0636993870139, 0.0545271858573, 0.0603532157838, 0.0996837988496, 0.144883975387, 0.120888009667, 0.0782618448138, 0.0611271299422, 0.0595894008875, 0.105687633157, 0.16575923562, 0.163549795747, 0.209817171097, 0.282128244638, 0.189518779516, 0.0807537063956, 0.0708505287766, 0.0904624313116, 0.228433653712, 0.350776970387, 0.217460051179, 0.0731911286712, 0.0579247623682, 0.0591265000403, 0.091956011951]
    },
    "chords_histogram": [49.1258354187, 5.43924045563, 8.89272594452, 1.03604578972, 0.820202887058, 0, 0.0431685745716, 0, 0, 0, 0, 0, 0, 0, 0, 6.79905033112, 0, 2.48219299316, 0, 2.63328289986, 0.0431685745716, 1.57565295696, 19.7280387878, 1.38139438629],
    "thpcp": [1, 0.576116085052, 0.175159588456, 0.149938002229, 0.165958330035, 0.274108976126, 0.398399710655, 0.33241596818, 0.215203210711, 0.168086439371, 0.163858011365, 0.290618211031, 0.455802172422, 0.449726700783, 0.576951980591, 0.775791883469, 0.521135807037, 0.222055286169, 0.194823682308, 0.248752191663, 0.628143310547, 0.96456104517, 0.597968280315, 0.201259821653, 0.159280613065, 0.162585124373, 0.252859205008, 0.323834002018, 0.251781404018, 0.184695065022, 0.17384916544, 0.158080726862, 0.206307798624, 0.306888610125, 0.320787489414, 0.668751478195],
    "chords_key": "C",
    "chords_scale": "major"
}
}