{
"metadata": {
    "version": {
        "essentia": "2.1-beta6-dev",
        "essentia_git_sha": "v2.1_beta5-1177-g1d1cc983",
        "extractor": "music 2.0"
    },
    "audio_properties": {
        "analysis": {
            "equal_loudness": 0,
            "length": 191.866668701,
            "sample_rate": 44100,
            "start_time": 0,
            "downmix": "mix"
        },
        "bit_rate": 1411200,
        "length": 191.866668701,
        "lossless": 1,
        "number_channels": 2,
        "replay_gain": -13.248041153,
        "sample_rate": 44100,
        "codec": "pcm_s16le",
        "md5_encoded": "fc4c5fe7d2e925256ba245e1579edde0"
    },
    "tags": {
        "file_name": "10 - The Front Bottoms - Bathtub.wav",
        "album": ["The Front Bottoms"],
        "albumartist": ["The Front Bottoms"],
        "artist": ["The Front Bottoms"],
        "copyright": ["2011 Bar None Records 2011 Bar None Records"],
        "date": ["2011"],
        "discnumber": ["1"],
        "disctotal": ["1"],
        "genre": ["Rock"],
        "isrc": ["US37V1120710"],
        "title": ["Bathtub"],
        "tracknumber": ["10"],
        "tracktotal": ["12"]
    }
},
"lowlevel": {
    "average_loudness": 0.845486521721,
    "barkbands_crest": {
        "mean": 10.4809188843
    },
    "barkbands_flatness_db": {
        "mean": 0.151246935129
    },
    "barkbands_kurtosis": {
        "mean": 9.98868465424
    },
    "barkbands_skewness": {
        "mean": 1.90225374699
    },
    "barkbands_spread": {
        "mean": 24.9524993896
    },
    "dissonance": {
        "mean": 0.458952873945
    },
    "dynamic_complexity": 4.884308815,
    "erbbands_crest": {
        "mean": 8.34668445587
    },
    "erbbands_flatness_db": {
        "mean": 0.152940154076
    },
    "erbbands_kurtosis": {
        "mean": 0.396058022976
    },
    "erbbands_skewness": {
        "mean": 0.0202469602227
    },
    "erbbands_spread": {
        "mean": 48.7931480408
    },
    "hfc": {
        "mean": 22.4062976837
    },
    "loudness_ebu128": {
        "integrated": -10.2266044617,
        "loudness_range": 9.41729545593,
        "momentary": {
            "mean": -12.8036937714
        },
        "short_term": {
            "mean": -11.8721990585
        }
    },
    "melbands_crest": {
        "mean": 14.6331644058
    },
    "melbands_flatness_db": {
        "mean": 0.209914937615
    },
    "melbands_kurtosis": {
        "mean": 31.1115779877
    },
    "melbands_skewness": {
        "mean": 3.58647084236
    },
    "melbands_spread": {
        "mean": 27.5170974731
    },
    "pitch_salience": {
        "mean": 0.537453591824
    },
    "silence_rate_20dB": {
        "mean": 1
    },
    "silence_rate_30dB": {
        "mean": 0.99600726366
    },
    "silence_rate_60dB": {
        "mean": 0.130792498589
    },
    "spectral_centroid": {
        "mean": 1572.19262695
    },
    "spectral_complexity": {
        "mean": 15.4202060699
    },
    "spectral_decrease": {
        "mean": -7.2657542205e-09
    },
    "spectral_energy": {
        "mean": 0.0294549688697
    },
    "spectral_energyband_high": {
        "mean": 0.00130527396686
    },
    "spectral_energyband_low": {
        "mean": 0.0140657834709
    },
    "spectral_energyband_middle_high": {
        "mean": 0.0050660520792
    },
    "spectral_energyband_middle_low": {
        "mean": 0.0100617446005
    },
    "spectral_entropy": {
        "mean": 7.59283447266
    },
    "spectral_flux": {
        "mean": 0.0758082047105
    },
    "spectral_kurtosis": {
        "mean": 4.13191986084
    },
    "spectral_rms": {
        "mean": 0.00475673377514
    },
    "spectral_rolloff": {
        "mean": 2058.2512207
    },
    "spectral_skewness": {
        "mean": 1.42401564121
    },
    "spectral_spread": {
        "mean": 5187760.5
    },
    "spectral_strongpeak": {
        "mean": 0.694769501686
    },
    "zerocrossingrate": {
        "mean": 0.0758486613631
    },
    "barkbands": {
        "mean": [0.000256900355453, 0.00922249816358, 0.00372834107839, 0.0028068292886, 0.00300183240324, 0.00105975393672, 0.000831064011436, 0.00112482509576, 0.000861355860252, 0.000873919809237, 0.000487100944156, 0.000605744775385, 0.000573612633161, 0.000541553075891, 0.000537424057256, 0.000326154317008, 0.000478990870761, 0.000297869642964, 0.000359011173714, 0.000299371924484, 0.000243004760705, 0.000302599772112, 0.000177834910573, 0.000272574194241, 0.000149205734488, 3.14126264129e-05, 4.08488904213e-06]
    },
    "erbbands": {
        "mean": [0.204053476453, 2.238052845, 4.75444698334, 6.27391433716, 13.2535219193, 8.11205768585, 4.44139242172, 11.8115711212, 12.9650583267, 17.3006916046, 22.5754470825, 20.9882888794, 26.5270805359, 22.1078643799, 22.8640670776, 25.4228420258, 28.1396026611, 27.8279209137, 29.3308582306, 22.3884544373, 19.4454345703, 26.5167713165, 18.8436946869, 13.5225419998, 21.0998802185, 13.6991949081, 9.16960716248, 11.1177902222, 11.5168790817, 7.22271728516, 4.85502099991, 5.24832963943, 4.58995723724, 2.2948486805, 0.68658387661, 0.199743777514, 0.0475845299661, 0.00722646713257, 0.000688633706886, 7.25574063836e-05]
    },
    "gfcc": {
        "mean": [-30.4732170105, 72.6478500366, -108.412155151, 40.0518493652, -57.1159896851, 15.5415430069, -40.6141700745, 6.32685470581, -21.8697280884, -0.867484867573, -16.0839195251, -7.70603704453, -13.0156612396],
        "cov": [[15969.6240234, 1274.42504883, 948.653015137, 1503.93212891, -100.108840942, 668.825195312, 360.525390625, 754.616760254, -84.0167694092, 96.1155853271, -127.35786438, -127.530174255, -38.1657371521], [1274.42504883, 3248.22314453, 233.730712891, -62.3484153748, 502.188049316, -282.822692871, -14.4056835175, -88.7393798828, 62.9789237976, -292.114624023, 123.392440796, -322.677856445, 38.0333557129], [948.653015137, 233.730712891, 1620.20324707, 696.788208008, 260.367156982, 391.07913208, 223.438186646, 94.8138961792, 84.3069458008, 160.406784058, -68.9506530762, 97.6551895142, 30.4923610687], [1503.93212891, -62.3484153748, 696.788208008, 851.843017578, 191.812194824, 178.240615845, 144.513397217, 158.682281494, 110.050041199, 105.907722473, -22.5974311829, 81.0796051025, 39.8735542297], [-100.108840942, 502.188049316, 260.367156982, 191.812194824, 478.530700684, 44.1224784851, 62.6309165955, 63.5509757996, 132.65171814, 43.6658706665, 26.9918823242, 7.22524023056, 11.3527231216], [668.825195312, -282.822692871, 391.07913208, 178.240615845, 44.1224784851, 453.001159668, 245.450576782, 89.7997436523, 30.8590087891, 119.21786499, -0.659036278725, 78.6831130981, -1.46103131771], [360.525390625, -14.4056835175, 223.438186646, 144.513397217, 62.6309165955, 245.450576782, 423.377075195, 116.466583252, 23.4190750122, 52.6506156921, 29.8244113922, 103.812438965, -1.53720092773], [754.616760254, -88.7393798828, 94.8138961792, 158.682281494, 63.5509757996, 89.7997436523, 116.466583252, 225.994384766, 79.8714599609, 47.401725769, 28.5526428223, 37.418888092, -1.51240646839], [-84.0167694092, 62.9789237976, 84.3069458008, 110.050041199, 132.65171814, 30.8590087891, 23.4190750122, 79.8714599609, 164.072067261, 65.879486084, 13.1728181839, 18.6597881317, 8.17038154602], [96.1155853271, -292.114624023, 160.406784058, 105.907722473, 43.6658706665, 119.21786499, 52.6506156921, 47.401725769, 65.879486084, 155.8724823, 0.0720604881644, 54.2176246643, -6.4635219574], [-127.35786438, 123.392440796, -68.9506530762, -22.5974311829, 26.9918823242, -0.659036278725, 29.8244113922, 28.5526428223, 13.1728181839, 0.0720604881644, 110.447418213, 16.4410877228, -4.47927284241], [-127.530174255, -322.677856445, 97.6551895142, 81.0796051025, 7.22524023056, 78.6831130981, 103.812438965, 37.418888092, 18.6597881317, 54.2176246643, 16.4410877228, 156.581451416, 18.7956562042], [-38.1657371521, 38.0333557129, 30.4923610687, 39.8735542297, 11.3527231216, -1.46103131771, -1.53720092773, -1.51240646839, 8.17038154602, -6.4635219574, -4.47927284241, 18.7956562042, 66.7035598755]],
        "icov": [[0.000159479881404, -0.000268990261247, 0.000182582560228, -0.000364959094441, 0.000289426214295, -0.000348838308128, 0.000269067269983, -0.000694835325703, 0.000594580371398, -0.000396958726924, 0.000532954058144, -0.000225206866162, 0.000300821528072], [-0.000268990261247, 0.00133816408925, -0.000731237640139, 0.00083003443433, -0.00121372775175, 0.00109648460057, -0.00110391899943, 0.0016202237457, -0.00154213351198, 0.00206200708635, -0.0021119476296, 0.00225310679525, -0.00122492259834], [0.000182582560228, -0.000731237640139, 0.00162783556152, -0.00132223439869, 0.000276236125501, -0.00134220276959, 0.000610565417446, -0.000667202752084, 0.00120641780086, -0.00137785822153, 0.0017687077634, -0.0012048833305, 0.00066719512688], [-0.000364959094441, 0.00083003443433, -0.00132223439869, 0.00305773457512, -0.00104998180177, 0.00113840587437, -0.000809805816971, 0.000642515777145, -0.00173489248846, 0.000983242993243, -0.00119920319412, 0.000707968138158, -0.00167818099726], [0.000289426214295, -0.00121372775175, 0.000276236125501, -0.00104998180177, 0.00417286111042, -0.000800284848083, 0.000628101755865, -0.00127181247808, -0.000903702748474, -0.00148601923138, 0.00114549335558, -0.00142240908463, 0.00106135162059], [-0.000348838308128, 0.00109648460057, -0.00134220276959, 0.00113840587437, -0.000800284848083, 0.00547262886539, -0.00296052824706, 0.00135152775329, -0.000984385376796, -0.000783810392022, -0.001767264097, 0.00187729904428, -0.001276277937], [0.000269067269983, -0.00110391899943, 0.000610565417446, -0.000809805816971, 0.000628101755865, -0.00296052824706, 0.00524370465428, -0.00281638512388, 0.00193340354599, -0.000587904884014, 0.0012948717922, -0.00373107148334, 0.00171810330357], [-0.000694835325703, 0.0016202237457, -0.000667202752084, 0.000642515777145, -0.00127181247808, 0.00135152775329, -0.00281638512388, 0.0101407468319, -0.00572346057743, 0.00259464140981, -0.00409052893519, 0.00199793814681, -0.000874575343914], [0.000594580371398, -0.00154213351198, 0.00120641780086, -0.00173489248846, -0.000903702748474, -0.000984385376796, 0.00193340354599, -0.00572346057743, 0.0134813785553, -0.00635649636388, 0.00262143509462, -0.0016204288695, 0.000117502080684], [-0.000396958726924, 0.00206200708635, -0.00137785822153, 0.000983242993243, -0.00148601923138, -0.000783810392022, -0.000587904884014, 0.00259464140981, -0.00635649636388, 0.014224701561, -0.00287826871499, 0.00055534299463, 0.00072747527156], [0.000532954058144, -0.0021119476296, 0.0017687077634, -0.00119920319412, 0.00114549335558, -0.001767264097, 0.0012948717922, -0.00409052893519, 0.00262143509462, -0.00287826871499, 0.0137791447341, -0.00453564152122, 0.00272423145361], [-0.000225206866162, 0.00225310679525, -0.0012048833305, 0.000707968138158, -0.00142240908463, 0.00187729904428, -0.00373107148334, 0.00199793814681, -0.0016204288695, 0.00055534299463, -0.00453564152122, 0.0134117379785, -0.00487485760823], [0.000300821528072, -0.00122492259834, 0.00066719512688, -0.00167818099726, 0.00106135162059, -0.001276277937, 0.00171810330357, -0.000874575343914, 0.000117502080684, 0.00072747527156, 0.00272423145361, -0.00487485760823, 0.0179842710495]]
    },
    "melbands": {
        "mean": [0.00223782355897, 0.00267501594499, 0.00140531826764, 0.000760409515351, 0.000196877037524, 0.000246456183959, 0.000190548540559, 0.000204983065487, 0.000181245603017, 0.000125075734104, 0.00013101202785, 8.95337070688e-05, 7.32488624635e-05, 7.37670416129e-05, 6.18077756371e-05, 5.27013871761e-05, 5.19487111887e-05, 4.67666322947e-05, 3.54824769602e-05, 2.471785956e-05, 2.23430670303e-05, 2.77400831692e-05, 2.3271966711e-05, 1.28766441776e-05, 9.90823355096e-06, 1.58481143444e-05, 1.36171101985e-05, 7.98556720838e-06, 5.6632156884e-06, 5.52809660803e-06, 6.81554865878e-06, 7.02315537637e-06, 4.94947380503e-06, 3.64101538253e-06, 2.69544011644e-06, 2.73105592896e-06, 3.42550379173e-06, 3.31906903739e-06, 2.86958061224e-06, 1.61130128618e-06]
    },
    "melbands128": {
        "mean": [0.000234803403146, 0.00130331935361, 0.00308586191386, 0.00401753047481, 0.00286736502312, 0.00168619595934, 0.00102544354741, 0.00170590449125, 0.00145894207526, 0.000621607352514, 0.000409189990023, 0.000268107862212, 9.42066617426e-05, 0.000142498392961, 0.000329854141455, 0.000253723032074, 0.000203215211513, 0.000209057980101, 0.000127367064124, 0.000193203115487, 0.000253514532233, 0.000199009038624, 0.0001742982422, 0.000154468856636, 0.000156745998538, 8.19400374894e-05, 0.000122531069792, 0.000168646423845, 9.64349528658e-05, 0.000117628071166, 6.65519546601e-05, 7.61278934078e-05, 7.66650337027e-05, 6.66706400807e-05, 7.99420886324e-05, 7.88366378401e-05, 6.43074672553e-05, 4.36703012383e-05, 7.76502129156e-05, 7.17097718734e-05, 4.09684835176e-05, 3.10721625283e-05, 6.62734892103e-05, 5.55091537535e-05, 3.36402845278e-05, 5.50803415535e-05, 4.85627824673e-05, 3.27179295709e-05, 3.27017733071e-05, 2.98785653285e-05, 2.08228102565e-05, 2.372549352e-05, 1.99814057851e-05, 2.23035694944e-05, 2.67097766482e-05, 2.72395463981e-05, 2.99985294987e-05, 2.8297492463e-05, 1.99000933208e-05, 1.54277440743e-05, 1.35502077683e-05, 9.90177341009e-06, 8.97681820788e-06, 9.50644425757e-06, 1.19292926684e-05, 1.70442635863e-05, 1.81294763024e-05, 1.44987398016e-05, 1.36351563924e-05, 1.07329951788e-05, 7.47918738853e-06, 6.918292911e-06, 6.61990770823e-06, 5.28099462827e-06, 4.75062097394e-06, 5.56771692573e-06, 5.62483364774e-06, 6.08885738984e-06, 7.27887527319e-06, 7.07619028617e-06, 7.75966054789e-06, 6.47932210995e-06, 6.2204853748e-06, 4.9073187256e-06, 3.78612458007e-06, 4.18390800405e-06, 3.5862913137e-06, 2.57141982729e-06, 2.72552370006e-06, 2.57888996202e-06, 2.76301807389e-06, 2.50024277193e-06, 3.22795176544e-06, 3.4371341826e-06, 3.63885078514e-06, 3.49006586475e-06, 3.23985022987e-06, 3.04121522277e-06, 3.12284987558e-06, 2.79706296169e-06, 1.87211458069e-06, 1.45525120843e-06, 1.22042661133e-06, 8.68449546942e-07, 7.35325443202e-07, 5.99407371737e-07, 4.59386285456e-07, 3.73016092681e-07, 3.02704847854e-07, 3.0358347658e-07, 2.42272761852e-07, 1.71381756786e-07, 1.26494697383e-07, 1.05583495724e-07, 7.78472539764e-08, 6.11141643958e-08, 4.57536586396e-08, 3.5271330745e-08, 2.54666634447e-08, 1.97487910469e-08, 1.40533940041e-08, 1.13834062176e-08, 9.29060561816e-09, 8.29494073429e-09, 6.96543134282e-09, 4.65784388837e-09, 2.05153538602e-09, 6.12047024173e-10]
    },
    "mfcc": {
        "mean": [-673.119628906, 100.981071472, 8.74020767212, 23.5640659332, 9.96069812775, 6.06651067734, -1.12004375458, 1.19608998299, -0.963542699814, 1.9745105505, 1.07124519348, -2.2242128849, -4.151242733],
        "cov": [[14207.5117188, 277.373382568, 956.359191895, 820.306091309, 116.970146179, 11.9246664047, 556.246276855, 388.34085083, 386.807098389, 331.064941406, 193.325286865, -54.0925140381, 8.96138381958], [277.373382568, 2903.80981445, -119.081260681, 127.101585388, 357.404327393, -169.580047607, 39.8184585571, -57.0626792908, -85.6593475342, -16.9362506866, -14.4956007004, -111.969421387, -32.5636024475], [956.359191895, -119.081260681, 1339.08789062, 430.360351562, 178.509033203, 400.161621094, 217.784133911, 126.364517212, 210.597930908, 74.505279541, 82.286026001, 48.7175788879, 8.92360687256], [820.306091309, 127.101585388, 430.360351562, 716.241271973, 280.316192627, 126.81817627, 46.9759559631, 117.972450256, 130.395629883, 95.2241897583, 33.0046348572, 32.9939804077, 52.6897544861], [116.970146179, 357.404327393, 178.509033203, 280.316192627, 477.845611572, 52.6140022278, -44.9957313538, -10.0178813934, 61.4246330261, 89.4609146118, 32.8611831665, 20.9229068756, 19.1166763306], [11.9246664047, -169.580047607, 400.161621094, 126.81817627, 52.6140022278, 422.854949951, 162.027618408, 98.496131897, 140.053497314, 52.7493858337, 68.3043899536, 88.3175354004, 6.79436302185], [556.246276855, 39.8184585571, 217.784133911, 46.9759559631, -44.9957313538, 162.027618408, 292.011535645, 152.235916138, 76.68359375, 42.4091529846, 61.379447937, 53.4288597107, 29.3172950745], [388.34085083, -57.0626792908, 126.364517212, 117.972450256, -10.0178813934, 98.496131897, 152.235916138, 240.750091553, 95.1772766113, 56.8060569763, 50.7161636353, 72.1666946411, 50.3239555359], [386.807098389, -85.6593475342, 210.597930908, 130.395629883, 61.4246330261, 140.053497314, 76.68359375, 95.1772766113, 186.492218018, 84.0603179932, 51.962978363, 41.8045959473, 15.5070848465], [331.064941406, -16.9362506866, 74.505279541, 95.2241897583, 89.4609146118, 52.7493858337, 42.4091529846, 56.8060569763, 84.0603179932, 154.612182617, 62.8885307312, 39.3266410828, 15.6987028122], [193.325286865, -14.4956007004, 82.286026001, 33.0046348572, 32.8611831665, 68.3043899536, 61.379447937, 50.7161636353, 51.962978363, 62.8885307312, 113.894882202, 54.077381134, 25.8953208923], [-54.0925140381, -111.969421387, 48.7175788879, 32.9939804077, 20.9229068756, 88.3175354004, 53.4288597107, 72.1666946411, 41.8045959473, 39.3266410828, 54.077381134, 125.831611633, 48.5198669434], [8.96138381958, -32.5636024475, 8.92360687256, 52.6897544861, 19.1166763306, 6.79436302185, 29.3172950745, 50.3239555359, 15.5070848465, 15.6987028122, 25.8953208923, 48.5198669434, 95.3405838013]],
        "icov": [[9.14000411285e-05, 2.35084689848e-06, -3.71693931811e-05, -8.87499263627e-05, 3.46954002453e-05, 0.000165737961652, -0.000188855934539, 2.8049798857e-06, -0.000111268745968, -9.11286479095e-05, -7.76151719037e-05, 0.0001015266389, 8.50790602271e-05], [2.35084689848e-06, 0.000448210106697, 8.00264679128e-05, -3.15383367706e-05, -0.000483267212985, 0.000203428426175, -0.000447763653938, 3.05785579258e-05, 0.000157711969223, 0.000212109225686, -0.000152729146066, 0.000373473449145, 0.000157594680786], [-3.71693931811e-05, 8.00264679128e-05, 0.00136054400355, -0.000562258355785, -0.000216221887968, -0.000862536369823, -0.000557301449589, 0.000305853463942, -0.000492189195938, 0.000499428773765, -0.000308390532155, 0.000448049453553, 0.000182530711754], [-8.87499263627e-05, -3.15383367706e-05, -0.000562258355785, 0.00256448681466, -0.00111675017979, -0.00016801613674, 0.000672452151775, -0.00109922431875, -0.000258284882875, -0.000347539345967, 0.000708568084519, 0.000429967767559, -0.00106977473479], [3.46954002453e-05, -0.000483267212985, -0.000216221887968, -0.00111675017979, 0.00372336129658, -0.000322685024003, 0.00113532366231, 0.000809412740637, -0.000191547194845, -0.00164077780209, -0.000128808213049, -0.000594559242018, -0.000391947512981], [0.000165737961652, 0.000203428426175, -0.000862536369823, -0.00016801613674, -0.000322685024003, 0.00521798804402, -0.00213252822869, 0.00067783088889, -0.00227297027595, 0.000772777828388, -0.000399870361434, -0.00248302263208, 0.00183300336357], [-0.000188855934539, -0.000447763653938, -0.000557301449589, 0.000672452151775, 0.00113532366231, -0.00213252822869, 0.00746737793088, -0.00355833210051, 0.000819999317173, -0.000464495882625, -0.00114167470019, 0.00045947500621, -0.000928969122469], [2.8049798857e-06, 3.05785579258e-05, 0.000305853463942, -0.00109922431875, 0.000809412740637, 0.00067783088889, -0.00355833210051, 0.00859036576003, -0.00253987126052, -0.000361494603567, 0.000419706018874, -0.00249981065281, -0.00143083895091], [-0.000111268745968, 0.000157711969223, -0.000492189195938, -0.000258284882875, -0.000191547194845, -0.00227297027595, 0.000819999317173, -0.00253987126052, 0.0106999408454, -0.00355468015186, -0.000605906301644, 0.000858870567754, 0.000114453156129], [-9.11286479095e-05, 0.000212109225686, 0.000499428773765, -0.000347539345967, -0.00164077780209, 0.000772777828388, -0.000464495882625, -0.000361494603567, -0.00355468015186, 0.0113216117024, -0.00414876779541, -0.000811545178294, 0.00108769908547], [-7.76151719037e-05, -0.000152729146066, -0.000308390532155, 0.000708568084519, -0.000128808213049, -0.000399870361434, -0.00114167470019, 0.000419706018874, -0.000605906301644, -0.00414876779541, 0.0143041796982, -0.00380212604068, -0.00139225029852], [0.0001015266389, 0.000373473449145, 0.000448049453553, 0.000429967767559, -0.000594559242018, -0.00248302263208, 0.00045947500621, -0.00249981065281, 0.000858870567754, -0.000811545178294, -0.00380212604068, 0.014702427201, -0.00514278234914], [8.50790602271e-05, 0.000157594680786, 0.000182530711754, -0.00106977473479, -0.000391947512981, 0.00183300336357, -0.000928969122469, -0.00143083895091, 0.000114453156129, 0.00108769908547, -0.00139225029852, -0.00514278234914, 0.0148951821029]]
    },
    "spectral_contrast_coeffs": {
        "mean": [-0.66646784544, -0.730010807514, -0.757278978825, -0.781587123871, -0.776239991188, -0.77282088995]
    },
    "spectral_contrast_valleys": {
        "mean": [-7.39639520645, -7.42218399048, -8.15361499786, -8.05051136017, -7.98030376434, -10.1470737457]
    }
},
"rhythm": {
    "beats_count": 404,
    "beats_loudness": {
        "mean": 0.037308100611
    },
    "bpm": 132.857025146,
    "bpm_histogram_first_peak_bpm": 133,
    "bpm_histogram_first_peak_weight": 0.349253773689,
    "bpm_histogram_second_peak_bpm": 126,
    "bpm_histogram_second_peak_spread": 0.449999988079,
    "bpm_histogram_second_peak_weight": 0.0272952858359,
    "danceability": 1.01339387894,
    "onset_rate": 3.67919683456,
    "beats_loudness_band_ratio": {
        "mean": [0.494380533695, 0.137912005186, 0.13563375175, 0.110682971776, 0.0878311097622, 0.087222404778]
    },
    "beats_position": [0.557278871536, 1.13777780533, 1.71827661991, 2.28716540337, 2.85605430603, 3.41333317757, 3.95900225639, 4.45823097229, 4.93424034119, 5.41024923325, 5.88625860214, 6.35065746307, 6.80344676971, 7.26784563065, 7.73224496841, 8.20825386047, 8.6958732605, 9.16027164459, 9.63628101349, 10.1239004135, 10.5882987976, 11.0526981354, 11.5170974731, 11.9814968109, 12.445895195, 12.9102945328, 13.3979139328, 13.873922348, 14.3499317169, 14.8259410858, 15.3251695633, 15.8127889633, 16.3004074097, 16.7880268097, 17.2756462097, 17.7400455475, 18.1928348541, 18.6456241608, 19.0984115601, 19.5512008667, 20.0039901733, 20.45677948, 20.9095687866, 21.3623580933, 21.8151473999, 22.2563266754, 22.7091159821, 23.1619052887, 23.614692688, 24.0790920258, 24.5202713013, 24.9730606079, 25.4258499146, 25.8786392212, 26.3314285278, 26.7842178345, 27.2370071411, 27.6897945404, 28.1309738159, 28.5837631226, 29.0365524292, 29.4893417358, 29.9305210114, 30.383310318, 30.8360996246, 31.2888889313, 31.7416782379, 32.1944656372, 32.6472549438, 33.1000442505, 33.5528335571, 33.99401474, 34.4584121704, 34.9112014771, 35.3523788452, 35.8051681519, 36.2579574585, 36.7107467651, 37.151927948, 37.5931053162, 38.034286499, 38.4754638672, 38.9398651123, 39.4042625427, 39.8686599731, 40.3214492798, 40.7742385864, 41.2386398315, 41.6914291382, 42.1442184448, 42.5970077515, 43.0497932434, 43.4909744263, 43.9437637329, 44.3965530396, 44.8493423462, 45.3137397766, 45.7549209595, 46.1960983276, 46.6488876343, 47.0900688171, 47.5544662476, 48.0072555542, 48.4600448608, 48.901222229, 49.3424034119, 49.78358078, 50.2247619629, 50.6775512695, 51.1303405762, 51.5947380066, 52.0359191895, 52.4887046814, 52.941493988, 53.3826751709, 53.8354644775, 54.2882537842, 54.7410430908, 55.1938323975, 55.6466217041, 56.0994110107, 56.5522003174, 57.0049858093, 57.4461669922, 57.8873443604, 58.340133667, 58.7929229736, 59.2457122803, 59.6985015869, 60.1512908936, 60.6040802002, 61.0568695068, 61.5096588135, 61.9624481201, 62.4152374268, 62.8564147949, 63.3092041016, 63.7619934082, 64.2147827148, 64.6675720215, 65.1203613281, 65.5731506348, 66.0143280029, 66.4671173096, 66.9199066162, 67.3726959229, 67.8254852295, 68.2666625977, 68.7310638428, 69.1838531494, 69.6366424561, 70.0778198242, 70.5306091309, 70.9833984375, 71.4477996826, 71.9005889893, 72.3417663574, 72.7829437256, 73.2357330322, 73.6885223389, 74.1413116455, 74.5941009521, 75.0468902588, 75.488067627, 75.9292526245, 76.3820419312, 76.8348312378, 77.2876205444, 77.7404098511, 78.1815872192, 78.6459884644, 79.1103820801, 79.5747833252, 80.0275726318, 80.4803619385, 80.9331512451, 81.3859405518, 81.8387298584, 82.291519165, 82.7443084717, 83.1970977783, 83.649887085, 84.0794525146, 84.5206298828, 84.9850311279, 85.449432373, 85.9022216797, 86.3666229248, 86.8194122314, 87.2722015381, 87.7249908447, 88.1661682129, 88.6073455811, 89.0485229492, 89.5013122559, 89.9541015625, 90.4068908691, 90.8596801758, 91.3008575439, 91.7536468506, 92.2064361572, 92.6476211548, 93.100402832, 93.5531921387, 93.9943771362, 94.458770752, 94.9115600586, 95.3643493652, 95.8171386719, 96.2699279785, 96.7111129761, 97.1638946533, 97.61668396, 98.0578689575, 98.4990463257, 98.9518356323, 99.404624939, 99.8574142456, 100.310203552, 100.762992859, 101.215782166, 101.656959534, 102.121360779, 102.574150085, 103.015327454, 103.46811676, 103.920906067, 104.373695374, 104.82648468, 105.267662048, 105.720451355, 106.1848526, 106.637641907, 107.090431213, 107.54322052, 107.996009827, 108.437187195, 108.878364563, 109.33115387, 109.783943176, 110.236732483, 110.68952179, 111.142311096, 111.595100403, 112.036277771, 112.489067078, 112.941856384, 113.406257629, 113.859046936, 114.311836243, 114.776237488, 115.240631104, 115.69342041, 116.134597778, 116.587387085, 117.040176392, 117.481361389, 117.934150696, 118.398544312, 118.851333618, 119.292518616, 119.722084045, 120.163261414, 120.61605072, 121.068840027, 121.521629333, 121.986030579, 122.438819885, 122.891609192, 123.344398499, 123.797187805, 124.249977112, 124.69115448, 125.143943787, 125.596733093, 126.037910461, 126.490699768, 126.943489075, 127.396278381, 127.849067688, 128.301864624, 128.754638672, 129.207427979, 129.660217285, 130.101409912, 130.54258728, 130.983764648, 131.436553955, 131.889343262, 132.342132568, 132.794921875, 133.236099243, 133.68888855, 134.141677856, 134.594467163, 135.04725647, 135.500045776, 135.952835083, 136.394012451, 136.846801758, 137.299591064, 137.752380371, 138.205169678, 138.669570923, 139.110748291, 139.563537598, 140.016326904, 140.457504272, 140.910293579, 141.363082886, 141.804260254, 142.257049561, 142.709838867, 143.162628174, 143.61541748, 144.068206787, 144.520996094, 144.962173462, 145.414962769, 145.879364014, 146.33215332, 146.773330688, 147.226119995, 147.678909302, 148.143310547, 148.584487915, 149.037277222, 149.490066528, 149.931243896, 150.384033203, 150.83682251, 151.289611816, 151.742401123, 152.183578491, 152.636367798, 153.089157104, 153.530334473, 153.994735718, 154.447525024, 154.900314331, 155.341491699, 155.805892944, 156.247070312, 156.699859619, 157.152648926, 157.593826294, 158.046615601, 158.487792969, 158.940582275, 159.393371582, 159.846160889, 160.298950195, 160.751739502, 161.19291687, 161.645706177, 162.098495483, 162.539672852, 162.980865479, 163.596191406, 164.223129272, 164.8384552, 165.488616943, 166.138778687, 166.858596802, 167.590026855, 168.32144165, 169.041259766, 169.784301758, 170.515731812, 171.247161865, 171.96697998, 172.698410034, 173.429840088, 174.114822388, 174.764984131, 175.415145874, 176.076919556, 176.72706604, 177.295959473, 177.864852905, 178.456954956, 179.060684204, 179.641174316, 180.221679688, 180.813781738, 181.417495728, 182.021224976, 182.624938965, 183.228652954, 183.832382202, 184.436096191, 185.028198242, 185.608703613, 186.189208984, 186.769699097, 187.24571228, 187.710113525, 188.174514771, 188.627304077, 189.103302002, 189.579315186, 190.066940308, 190.566162109, 191.053787231],
    "bpm_histogram": [0, 0, 0, 0, 0, 0, 0, 0, 0, 0, 0, 0, 0, 0, 0, 0, 0, 0, 0, 0, 0, 0, 0, 0, 0, 0, 0, 0, 0, 0, 0, 0, 0, 0, 0, 0, 0, 0, 0, 0, 0, 0, 0, 0, 0, 0, 0, 0, 0, 0, 0, 0, 0, 0, 0, 0, 0, 0, 0, 0, 0, 0, 0, 0, 0, 0, 0, 0, 0, 0, 0, 0, 0, 0, 0, 0, 0, 0, 0, 0, 0, 0.00248138955794, 0.0148883378133, 0.00744416890666, 0, 0, 0, 0, 0.00248138955794, 0, 0, 0.00248138955794, 0.0124069480225, 0, 0, 0, 0.00248138955794, 0, 0.00496277911589, 0.0173697266728, 0, 0.00744416890666, 0, 0.0173697266728, 0, 0.00992555823177, 0, 0, 0.00248138955794, 0, 0.00248138955794, 0, 0, 0, 0, 0, 0, 0, 0, 0, 0.00744416890666, 0, 0, 0.0223325062543, 0, 0, 0.0272952858359, 0, 0, 0.106699749827, 0, 0, 0, 0.540942907333, 0, 0, 0.183622822165, 0, 0, 0, 0.00496277911589, 0, 0, 0, 0, 0, 0, 0, 0, 0, 0, 0, 0, 0, 0, 0, 0, 0, 0, 0, 0, 0, 0, 0, 0, 0, 0, 0, 0, 0, 0, 0, 0, 0, 0, 0, 0, 0, 0, 0, 0, 0, 0, 0, 0, 0, 0, 0, 0, 0, 0, 0, 0, 0, 0, 0, 0, 0, 0, 0, 0, 0, 0, 0, 0, 0, 0, 0, 0, 0, 0, 0, 0, 0, 0, 0, 0, 0, 0, 0, 0, 0, 0, 0, 0, 0, 0, 0, 0, 0, 0, 0, 0, 0, 0, 0, 0, 0, 0, 0, 0, 0, 0, 0, 0, 0, 0, 0, 0, 0]
},
"tonal": {
    "chords_changes_rate": 0.0791192874312,
    "chords_number_rate": 0.00290346005931,
    "chords_strength": {
        "mean": 0.494565963745
    },
    "hpcp_crest": {
        "mean": 13.1405506134
    },
    "hpcp_entropy": {
        "mean": 2.0896627903
    },
    "key_edma": {
        "strength": 0.766025304794,
        "key": "F",
        "scale": "major"
    },
    "key_krumhansl": {
        "strength": 0.774924278259,
        "key": "F",
        "scale": "major"
    },
    "key_temperley": {
        "strength": 0.779567241669,
        "key": "F",
        "scale": "major"
    },
    "tuning_diatonic_strength": 0.713472187519,
    "tuning_equal_tempered_deviation": 0.0642455145717,
    "tuning_frequency": 440.763122559,
    "tuning_nontempered_energy_ratio": 0.729698836803,
    "hpcp": {
        "mean": [0.150749608874, 0.112883456051, 0.126638099551, 0.189329102635, 0.150314226747, 0.0775751471519, 0.0734755992889, 0.0817632079124, 0.159167319536, 0.23204664886, 0.17241461575, 0.100563213229, 0.0802315846086, 0.070090264082, 0.0823922678828, 0.0886332020164, 0.0790910497308, 0.0706442892551, 0.0671083927155, 0.0798539668322, 0.104446060956, 0.120141543448, 0.136580228806, 0.31499221921, 0.445755302906, 0.26490727067, 0.106167510152, 0.0912320464849, 0.102728925645, 0.14076936245, 0.157105654478, 0.123676836491, 0.0821213647723, 0.0694246813655, 0.0940481945872, 0.142009943724]
    },
    "chords_histogram": [38.132106781, 5.12944602966, 10.863779068, 0.846842467785, 0.338736981153, 0.435518980026, 0, 0.362932503223, 1.18557953835, 0.846842467785, 0.580691993237, 0, 0.79845148325, 0.0725864991546, 1.88724899292, 8.56520652771, 0.967819988728, 10.6944112778, 1.30655694008, 2.49213647842, 0, 3.62932491302, 9.12170314789, 1.7420759201],
    "thpcp": [1, 0.594288527966, 0.238174423575, 0.204668447375, 0.230460360646, 0.315799623728, 0.352448195219, 0.277454555035, 0.184229701757, 0.155746176839, 0.210986152291, 0.318582743406, 0.338189154863, 0.253240853548, 0.284097790718, 0.424737751484, 0.337212413549, 0.174030795693, 0.164833933115, 0.183426216245, 0.357073307037, 0.520569562912, 0.386792063713, 0.225601837039, 0.179990202188, 0.157239332795, 0.184837430716, 0.198838248849, 0.177431538701, 0.158482223749, 0.150549843907, 0.179143056273, 0.234312549233, 0.269523531199, 0.306401789188, 0.706648290157],
    "chords_key": "F",
    "chords_scale": "major"
}
}