{
"metadata": {
    "version": {
        "essentia": "2.1-beta6-dev",
        "essentia_git_sha": "v2.1_beta5-1177-g1d1cc983",
        "extractor": "music 2.0"
    },
    "audio_properties": {
        "analysis": {
            "equal_loudness": 0,
            "length": 297.346679688,
            "sample_rate": 44100,
            "start_time": 0,
            "downmix": "mix"
        },
        "bit_rate": 1411200,
        "length": 297.346679688,
        "lossless": 1,
        "number_channels": 2,
        "replay_gain": -15.5299358368,
        "sample_rate": 44100,
        "codec": "pcm_s16le",
        "md5_encoded": "ab632f78ccd40184ba64d35c9200a714"
    },
    "tags": {
        "file_name": "01 - The Front Bottoms - Flashlight.wav",
        "album": ["The Front Bottoms"],
        "albumartist": ["The Front Bottoms"],
        "artist": ["The Front Bottoms"],
        "copyright": ["2011 Bar None Records 2011 Bar None Records"],
        "date": ["2011"],
        "discnumber": ["1"],
        "disctotal": ["1"],
        "genre": ["Rock"],
        "isrc": ["US37V1120701"],
        "title": ["Flashlight"],
        "tracknumber": ["1"],
        "tracktotal": ["12"]
    }
},
"lowlevel": {
    "average_loudness": 0.957707107067,
    "barkbands_crest": {
        "mean": 9.52857589722
    },
    "barkbands_flatness_db": {
        "mean": 0.115614913404
    },
    "barkbands_kurtosis": {
        "mean": 2.83716154099
    },
    "barkbands_skewness": {
        "mean": 1.26422584057
    },
    "barkbands_spread": {
        "mean": 31.3241882324
    },
    "dissonance": {
        "mean": 0.469873815775
    },
    "dynamic_complexity": 3.12556481361,
    "erbbands_crest": {
        "mean": 7.95365285873
    },
    "erbbands_flatness_db": {
        "mean": 0.138360008597
    },
    "erbbands_kurtosis": {
        "mean": 2.02432656288
    },
    "erbbands_skewness": {
        "mean": -0.0928802415729
    },
    "erbbands_spread": {
        "mean": 40.8913612366
    },
    "hfc": {
        "mean": 31.5762748718
    },
    "loudness_ebu128": {
        "integrated": -7.02621507645,
        "loudness_range": 3.68896627426,
        "momentary": {
            "mean": -8.39279747009
        },
        "short_term": {
            "mean": -7.98457574844
        }
    },
    "melbands_crest": {
        "mean": 13.7575922012
    },
    "melbands_flatness_db": {
        "mean": 0.17814001441
    },
    "melbands_kurtosis": {
        "mean": 13.0847568512
    },
    "melbands_skewness": {
        "mean": 2.70289444923
    },
    "melbands_spread": {
        "mean": 30.9439296722
    },
    "pitch_salience": {
        "mean": 0.532811582088
    },
    "silence_rate_20dB": {
        "mean": 1
    },
    "silence_rate_30dB": {
        "mean": 0.99765753746
    },
    "silence_rate_60dB": {
        "mean": 0.0603576153517
    },
    "spectral_centroid": {
        "mean": 1641.91503906
    },
    "spectral_complexity": {
        "mean": 23.1724834442
    },
    "spectral_decrease": {
        "mean": -8.31315549732e-09
    },
    "spectral_energy": {
        "mean": 0.0342398062348
    },
    "spectral_energyband_high": {
        "mean": 0.00157586974092
    },
    "spectral_energyband_low": {
        "mean": 0.0148585401475
    },
    "spectral_energyband_middle_high": {
        "mean": 0.00950055476278
    },
    "spectral_energyband_middle_low": {
        "mean": 0.0093048652634
    },
    "spectral_entropy": {
        "mean": 7.74527549744
    },
    "spectral_flux": {
        "mean": 0.0949872210622
    },
    "spectral_kurtosis": {
        "mean": 4.31181240082
    },
    "spectral_rms": {
        "mean": 0.00540848216042
    },
    "spectral_rolloff": {
        "mean": 1932.94726562
    },
    "spectral_skewness": {
        "mean": 1.48936271667
    },
    "spectral_spread": {
        "mean": 5189511
    },
    "spectral_strongpeak": {
        "mean": 0.979398310184
    },
    "zerocrossingrate": {
        "mean": 0.0720485001802
    },
    "barkbands": {
        "mean": [0.000264967180556, 0.0100267352536, 0.00365476682782, 0.00189921515994, 0.00354414456524, 0.000656334043015, 0.0011344559025, 0.000941277598031, 0.000972428068053, 0.00129666703288, 0.000895144883543, 0.00121626933105, 0.00119897688273, 0.00108665938023, 0.00110768945888, 0.000711386383045, 0.000733690918423, 0.000764278345741, 0.000445774086984, 0.000183551834198, 0.00027524511097, 0.000400985911256, 0.000325624947436, 0.000269092299277, 0.000193708139705, 3.62793944078e-05, 4.23569599661e-06]
    },
    "erbbands": {
        "mean": [0.28175792098, 2.2634909153, 4.58952856064, 5.21579694748, 9.38938713074, 13.3100948334, 6.08335208893, 5.9900135994, 13.1083087921, 20.0632266998, 19.2558860779, 20.1388664246, 35.1176757812, 37.543170929, 41.1564445496, 46.4466171265, 58.8445167542, 48.9966392517, 64.3213348389, 50.8145446777, 42.4017715454, 45.1072616577, 44.913230896, 23.8861751556, 20.4580116272, 8.55025863647, 8.6366186142, 13.1154069901, 14.3730573654, 11.7350273132, 9.08029556274, 6.51839923859, 3.97874474525, 2.53192949295, 1.16905164719, 0.27740123868, 0.043175317347, 0.00726235238835, 0.000699116848409, 7.73053325247e-05]
    },
    "gfcc": {
        "mean": [24.4642848969, 75.6490020752, -112.708908081, 43.633480072, -46.6329841614, 29.6594409943, -41.8296546936, 6.94495391846, -20.1756076813, -1.21128356457, -16.3358135223, -0.148357257247, -13.9150695801],
        "cov": [[12790.8603516, -1413.25610352, -1903.10388184, 557.92590332, -648.459289551, 651.109436035, 141.417282104, 742.54675293, 139.263214111, 213.036453247, -11.9340267181, 144.359130859, -77.5382843018], [-1413.25610352, 1026.61047363, -113.595954895, -272.389984131, 193.468139648, -145.6769104, 1.00180888176, -136.102737427, 21.750787735, -109.689872742, 45.1255874634, -71.2600097656, 37.5372009277], [-1903.10388184, -113.595954895, 1049.01171875, 224.433761597, 157.187057495, 3.86730504036, 20.7831382751, -86.3633422852, -40.7614898682, 72.3847579956, -17.5443077087, 34.5482826233, 9.03571796417], [557.92590332, -272.389984131, 224.433761597, 542.330749512, 38.2603645325, 37.6013298035, 46.6046028137, 75.922088623, 42.9761428833, 61.2329711914, 22.0029525757, 30.8438491821, 4.5890879631], [-648.459289551, 193.468139648, 157.187057495, 38.2603645325, 283.97744751, 9.85830688477, 8.65233039856, -19.1053371429, 12.274353981, -9.25917339325, 5.79607868195, -0.848630309105, 23.3856086731], [651.109436035, -145.6769104, 3.86730504036, 37.6013298035, 9.85830688477, 210.187973022, 82.7315979004, 40.7609558105, -8.15814971924, 28.9539260864, 2.06522583961, 21.6117324829, 11.7600774765], [141.417282104, 1.00180888176, 20.7831382751, 46.6046028137, 8.65233039856, 82.7315979004, 173.87109375, 64.1361312866, 5.81748771667, 7.87048006058, 14.6467723846, 17.1325092316, 7.33112001419], [742.54675293, -136.102737427, -86.3633422852, 75.922088623, -19.1053371429, 40.7609558105, 64.1361312866, 172.23399353, 57.2773780823, 22.4712677002, 8.47943496704, 12.232840538, -3.00769495964], [139.263214111, 21.750787735, -40.7614898682, 42.9761428833, 12.274353981, -8.15814971924, 5.81748771667, 57.2773780823, 90.0307540894, 34.7457809448, 10.8696689606, -5.97949266434, -2.43820667267], [213.036453247, -109.689872742, 72.3847579956, 61.2329711914, -9.25917339325, 28.9539260864, 7.87048006058, 22.4712677002, 34.7457809448, 93.1972198486, 19.0440483093, 10.9474563599, -14.9899339676], [-11.9340267181, 45.1255874634, -17.5443077087, 22.0029525757, 5.79607868195, 2.06522583961, 14.6467723846, 8.47943496704, 10.8696689606, 19.0440483093, 63.0982208252, 16.9328670502, -1.27971124649], [144.359130859, -71.2600097656, 34.5482826233, 30.8438491821, -0.848630309105, 21.6117324829, 17.1325092316, 12.232840538, -5.97949266434, 10.9474563599, 16.9328670502, 59.8726463318, 16.7096824646], [-77.5382843018, 37.5372009277, 9.03571796417, 4.5890879631, 23.3856086731, 11.7600774765, 7.33112001419, -3.00769495964, -2.43820667267, -14.9899339676, -1.27971124649, 16.7096824646, 55.3820724487]],
        "icov": [[0.000307028443785, -0.000204217038117, 0.000622958003078, -0.000500825757626, 0.000380989571568, -0.000852317723911, 0.000585527333897, -0.00104358862154, 0.000779184221756, -0.000893163494766, 0.000930377456825, -0.00088027183665, 0.000473708671052], [-0.000204217038117, 0.00299873366021, -0.000290401279926, 0.0014487891458, -0.00183200894389, 0.0020279372111, -0.00221419543959, 0.00318718096241, -0.00324926385656, 0.00316262152046, -0.00395194487646, 0.00348331523128, -0.00201126676984], [0.000622958003078, -0.000290401279926, 0.00274541042745, -0.00152537529357, -0.000110042936285, -0.00117024302017, 0.000591720512602, -0.00118163996376, 0.00254280352965, -0.00344468676485, 0.00293693039566, -0.00233787531033, 0.000852779252455], [-0.000500825757626, 0.0014487891458, -0.00152537529357, 0.00362657988444, -0.00128580874298, 0.00186479883268, -0.00168463774025, 0.00166198727675, -0.00284219207242, 0.00190844258759, -0.00328801129945, 0.00213992083445, -0.00160477461759], [0.000380989571568, -0.00183200894389, -0.000110042936285, -0.00128580874298, 0.00566509878263, -0.00247896811925, 0.00175420136657, -0.00206759013236, 0.000579173385631, -0.000778313959017, 0.00186002976261, -0.00183129461948, 9.97221868602e-05], [-0.000852317723911, 0.0020279372111, -0.00117024302017, 0.00186479883268, -0.00247896811925, 0.00994787272066, -0.00542620429769, 0.00333829480223, -0.00077813595999, 0.000225798445172, -0.00271469098516, 0.00310063967481, -0.00366880837828], [0.000585527333897, -0.00221419543959, 0.000591720512602, -0.00168463774025, 0.00175420136657, -0.00542620429769, 0.0106562646106, -0.00653477059677, 0.00373852509074, -0.0018091944512, 0.00175698194653, -0.00354487844743, 0.00179462751839], [-0.00104358862154, 0.00318718096241, -0.00118163996376, 0.00166198727675, -0.00206759013236, 0.00333829480223, -0.00653477059677, 0.0158096905798, -0.011095771566, 0.00592291960493, -0.00465708691627, 0.00311646680348, -0.00161170039792], [0.000779184221756, -0.00324926385656, 0.00254280352965, -0.00284219207242, 0.000579173385631, -0.00077813595999, 0.00373852509074, -0.011095771566, 0.024258358404, -0.0130014130846, 0.00470568984747, -0.000743076147046, -0.000181046139915], [-0.000893163494766, 0.00316262152046, -0.00344468676485, 0.00190844258759, -0.000778313959017, 0.000225798445172, -0.0018091944512, 0.00592291960493, -0.0130014130846, 0.0234688203782, -0.00985518470407, 0.00260411482304, 0.00261800945736], [0.000930377456825, -0.00395194487646, 0.00293693039566, -0.00328801129945, 0.00186002976261, -0.00271469098516, 0.00175698194653, -0.00465708691627, 0.00470568984747, -0.00985518470407, 0.0264486372471, -0.0120597910136, 0.00486949272454], [-0.00088027183665, 0.00348331523128, -0.00233787531033, 0.00213992083445, -0.00183129461948, 0.00310063967481, -0.00354487844743, 0.00311646680348, -0.000743076147046, 0.00260411482304, -0.0120597910136, 0.0283203199506, -0.0107871359214], [0.000473708671052, -0.00201126676984, 0.000852779252455, -0.00160477461759, 9.97221868602e-05, -0.00366880837828, 0.00179462751839, -0.00161170039792, -0.000181046139915, 0.00261800945736, 0.00486949272454, -0.0107871359214, 0.0245563164353]]
    },
    "melbands": {
        "mean": [0.00269521819428, 0.0025458696764, 0.00102462945506, 0.000883775413968, 0.000275511527434, 0.000129996900796, 0.00021034895326, 0.000227807046031, 0.000145388374222, 0.000130881206132, 0.000186347941053, 0.000163510529092, 0.00014259701129, 0.000123127756524, 0.000132317945827, 0.000123030506074, 8.43043380883e-05, 0.000110899629362, 6.99432494002e-05, 5.27607771801e-05, 4.83689400426e-05, 4.47817146778e-05, 4.96926913911e-05, 3.09299903165e-05, 1.74672677531e-05, 1.87888163055e-05, 9.36564993026e-06, 4.57177566204e-06, 5.0192247727e-06, 5.96070185566e-06, 8.28834799904e-06, 8.073007848e-06, 7.71686700318e-06, 6.01422880209e-06, 5.34193713975e-06, 4.43332419309e-06, 3.87153659176e-06, 2.92151298709e-06, 2.26650695367e-06, 2.11308861253e-06]
    },
    "melbands128": {
        "mean": [0.000244904920692, 0.00198688916862, 0.00397941702977, 0.00362062780187, 0.00270333187655, 0.00157011102419, 0.00100333162118, 0.000959707831498, 0.000853093224578, 0.00112599367276, 0.00074774044333, 0.000329451431753, 0.000169644757989, 0.000156041074661, 0.000139151714393, 0.000105110193545, 0.000137408846058, 0.000280159059912, 0.000215723237488, 0.000232286402024, 0.00022709586483, 0.000243489514105, 8.55231119203e-05, 0.000117095274618, 0.000130436805193, 0.000122397163068, 0.000180178045412, 0.000119113632536, 0.000301506108372, 0.000200106776902, 7.59696849855e-05, 0.000153782704729, 0.000190812002984, 7.2321126936e-05, 0.000162884462043, 0.000111634391942, 0.000105477469333, 0.000148903010995, 0.000139628449688, 0.000133850116981, 0.000107984466013, 0.000121405086247, 7.36769507057e-05, 5.27060037712e-05, 0.000141731754411, 0.00012667075498, 8.36416365928e-05, 4.1693852836e-05, 8.54929166962e-05, 8.38267587824e-05, 3.16682489938e-05, 3.46563610947e-05, 7.18302253517e-05, 3.91499379475e-05, 3.45160697179e-05, 5.57516723347e-05, 3.86642786907e-05, 4.87111028633e-05, 6.13756128587e-05, 3.88428416045e-05, 2.97955903079e-05, 2.49380354944e-05, 1.46774409586e-05, 1.62447067851e-05, 1.92412971955e-05, 2.28346161748e-05, 1.5821404304e-05, 1.04447781268e-05, 9.00393297343e-06, 6.30729209661e-06, 3.67346638086e-06, 4.47324282504e-06, 4.00543694923e-06, 5.64449146623e-06, 5.62195737075e-06, 3.99832197218e-06, 8.18950957182e-06, 6.80656012264e-06, 8.98501639313e-06, 8.36443905428e-06, 7.92434821051e-06, 7.98935616331e-06, 8.55805501487e-06, 7.69711550674e-06, 7.15889564162e-06, 6.10791767031e-06, 6.05806599197e-06, 5.01013255416e-06, 5.47845138499e-06, 5.30008310307e-06, 4.87694433104e-06, 4.03370859203e-06, 3.99795590056e-06, 3.97285748477e-06, 3.77918377126e-06, 3.31590490532e-06, 2.70964847005e-06, 2.41051316152e-06, 2.18451532419e-06, 2.35839115703e-06, 2.03316790248e-06, 2.21752861762e-06, 1.96498695004e-06, 1.76077764991e-06, 1.38831546792e-06, 9.42234521517e-07, 7.21058995623e-07, 5.60858836707e-07, 4.40984479155e-07, 3.30411438654e-07, 2.38581947087e-07, 1.41623630157e-07, 9.51857757059e-08, 7.58748655016e-08, 6.9025034577e-08, 6.37746921939e-08, 5.30646282471e-08, 3.87015326453e-08, 2.58680081799e-08, 1.83793922304e-08, 1.48514587295e-08, 1.07580708786e-08, 8.33850322124e-09, 6.91562584976e-09, 5.48916867515e-09, 4.10498746106e-09, 2.98113711494e-09, 2.04525663072e-09]
    },
    "mfcc": {
        "mean": [-615.79876709, 101.070068359, 2.12795376778, 19.642572403, 19.9496707916, 18.0794792175, -0.224400088191, 10.2727060318, -0.838859081268, -0.256447851658, 4.66785383224, -1.68032813072, -3.46607875824],
        "cov": [[12410.328125, -1813.08312988, -932.00604248, -275.205047607, -365.547332764, -195.867019653, -45.3676223755, 372.289459229, 172.550720215, 187.247299194, 288.65927124, 214.236083984, 158.978179932], [-1813.08312988, 1177.67041016, -241.849822998, -170.739151001, 62.9540557861, -32.8020095825, -29.5248661041, -69.6506576538, -57.6813926697, -60.7166404724, -56.2965698242, -50.7837295532, -21.597743988], [-932.00604248, -241.849822998, 627.374572754, 207.477127075, 37.7324905396, 125.838783264, 70.6289596558, -27.9630794525, 28.5692253113, 15.1233720779, 5.3326253891, 13.7253732681, -0.910773575306], [-275.205047607, -170.739151001, 207.477127075, 416.611358643, 104.252983093, 40.1939506531, 19.9025478363, 23.3038768768, 24.4369411469, 43.078704834, 11.8352909088, 31.4743671417, 19.6050300598], [-365.547332764, 62.9540557861, 37.7324905396, 104.252983093, 225.0496521, 52.9420623779, 5.06175279617, -10.6753787994, 17.4804592133, 12.8907175064, -6.706346035, 3.33939743042, 0.699531912804], [-195.867019653, -32.8020095825, 125.838783264, 40.1939506531, 52.9420623779, 177.837387085, 77.2522659302, -2.89942002296, 17.5022659302, -4.66184568405, 5.43675804138, 1.02872109413, -4.87261343002], [-45.3676223755, -29.5248661041, 70.6289596558, 19.9025478363, 5.06175279617, 77.2522659302, 151.626525879, 63.794002533, 32.1332397461, 2.28690338135, 10.7652854919, 3.32095098495, -1.09914410114], [372.289459229, -69.6506576538, -27.9630794525, 23.3038768768, -10.6753787994, -2.89942002296, 63.794002533, 119.971565247, 45.6224861145, 17.7740573883, 13.5386810303, 10.3239507675, 9.36483001709], [172.550720215, -57.6813926697, 28.5692253113, 24.4369411469, 17.4804592133, 17.5022659302, 32.1332397461, 45.6224861145, 92.0942840576, 36.6825752258, 14.0226049423, 7.22513151169, 4.36688327789], [187.247299194, -60.7166404724, 15.1233720779, 43.078704834, 12.8907175064, -4.66184568405, 2.28690338135, 17.7740573883, 36.6825752258, 84.8841552734, 34.3141021729, 13.357129097, 9.59663486481], [288.65927124, -56.2965698242, 5.3326253891, 11.8352909088, -6.706346035, 5.43675804138, 10.7652854919, 13.5386810303, 14.0226049423, 34.3141021729, 79.065322876, 38.2850608826, 17.5709648132], [214.236083984, -50.7837295532, 13.7253732681, 31.4743671417, 3.33939743042, 1.02872109413, 3.32095098495, 10.3239507675, 7.22513151169, 13.357129097, 38.2850608826, 74.1557617188, 34.9227600098], [158.978179932, -21.597743988, -0.910773575306, 19.6050300598, 0.699531912804, -4.87261343002, -1.09914410114, 9.36483001709, 4.36688327789, 9.59663486481, 17.5709648132, 34.9227600098, 60.8341560364]],
        "icov": [[0.000177234091097, 0.000306150002871, 0.00034441560274, 9.94332076516e-05, 0.000111959168862, -0.000104180930066, 0.000150886786287, -0.000279062864138, -0.000107308245788, -5.29001117684e-05, -0.000277397106402, -0.000136086513521, -0.000171017774846], [0.000306150002871, 0.00160864600912, 0.000961550569627, 0.000458930880995, -0.000337264034897, 3.64645384252e-05, -0.00019383149629, 0.000210450394661, -2.25315193347e-06, 0.000193118918105, -0.000183422700502, 9.91285778582e-05, -0.000425785576226], [0.00034441560274, 0.000961550569627, 0.00319760385901, -0.000948424742091, 0.000632552721072, -0.0012079756707, -0.000802391034085, 0.00131535041146, -0.000979937147349, 2.21971731662e-05, -0.000233685903368, -0.000394813454477, -0.000165190169355], [9.94332076516e-05, 0.000458930880995, -0.000948424742091, 0.00376136042178, -0.00159844371956, 0.000110272594611, 0.00049083220074, -0.00142763962504, 0.000816054758616, -0.0014771806309, 0.000610293704085, -0.00105752481613, -0.000462175608845], [0.000111959168862, -0.000337264034897, 0.000632552721072, -0.00159844371956, 0.00600624037907, -0.0020229020156, 0.000725207675714, 0.000558959960472, -0.00131162407342, -0.000606288667768, 0.000734332308639, -0.000530494493432, 9.04763655853e-05], [-0.000104180930066, 3.64645384252e-05, -0.0012079756707, 0.000110272594611, -0.0020229020156, 0.00947132986039, -0.00529695441946, 0.00312921544537, -0.00103905086871, 0.00143208971713, -0.000871534226462, 0.000417470553657, 0.000296792626614], [0.000150886786287, -0.00019383149629, -0.000802391034085, 0.00049083220074, 0.000725207675714, -0.00529695441946, 0.0129879508168, -0.00776421977207, -0.000284161331365, 0.000833194237202, -0.00123685749713, 0.000192512001377, 0.000499654794112], [-0.000279062864138, 0.000210450394661, 0.00131535041146, -0.00142763962504, 0.000558959960472, 0.00312921544537, -0.00776421977207, 0.0162581913173, -0.00565059529617, 0.000545909511857, 0.000353616604116, 2.86595750367e-05, -0.000914179487154], [-0.000107308245788, -2.25315193347e-06, -0.000979937147349, 0.000816054758616, -0.00131162407342, -0.00103905086871, -0.000284161331365, -0.00565059529617, 0.0168794151396, -0.00642854161561, 0.00112376082689, -0.000247584917815, 0.000418541341787], [-5.29001117684e-05, 0.000193118918105, 2.21971731662e-05, -0.0014771806309, -0.000606288667768, 0.00143208971713, 0.000833194237202, 0.000545909511857, -0.00642854161561, 0.0184003654867, -0.00765905622393, 0.00250748754479, -0.000932591268793], [-0.000277397106402, -0.000183422700502, -0.000233685903368, 0.000610293704085, 0.000734332308639, -0.000871534226462, -0.00123685749713, 0.000353616604116, 0.00112376082689, -0.00765905622393, 0.0213109515607, -0.00967969745398, 0.000833596161101], [-0.000136086513521, 9.91285778582e-05, -0.000394813454477, -0.00105752481613, -0.000530494493432, 0.000417470553657, 0.000192512001377, 2.86595750367e-05, -0.000247584917815, 0.00250748754479, -0.00967969745398, 0.0240454338491, -0.0106212720275], [-0.000171017774846, -0.000425785576226, -0.000165190169355, -0.000462175608845, 9.04763655853e-05, 0.000296792626614, 0.000499654794112, -0.000914179487154, 0.000418541341787, -0.000932591268793, 0.000833596161101, -0.0106212720275, 0.0230264533311]]
    },
    "spectral_contrast_coeffs": {
        "mean": [-0.716245651245, -0.755122542381, -0.74427485466, -0.758364796638, -0.768719315529, -0.769997298717]
    },
    "spectral_contrast_valleys": {
        "mean": [-6.47682380676, -7.05339479446, -7.56993246078, -7.40008831024, -7.5057349205, -9.58271503448]
    }
},
"rhythm": {
    "beats_count": 742,
    "beats_loudness": {
        "mean": 0.0529171787202
    },
    "bpm": 150.993362427,
    "bpm_histogram_first_peak_bpm": 152,
    "bpm_histogram_first_peak_weight": 0.286144554615,
    "bpm_histogram_second_peak_bpm": 157,
    "bpm_histogram_second_peak_spread": 0,
    "bpm_histogram_second_peak_weight": 0.0377867743373,
    "danceability": 1.2057762146,
    "onset_rate": 4.06905460358,
    "beats_loudness_band_ratio": {
        "mean": [0.59125316143, 0.125890001655, 0.0718608945608, 0.107954613864, 0.0887273624539, 0.040653206408]
    },
    "beats_position": [0.429569154978, 0.882358253002, 1.34675729275, 1.78793644905, 2.19428563118, 2.60063481331, 3.01859402657, 3.43655323982, 3.85451245308, 4.27247142792, 4.71365070343, 5.13160991669, 5.53795909882, 5.94430828094, 6.3622674942, 6.78022670746, 7.19818592072, 7.6277551651, 8.06893444061, 8.498503685, 8.91646194458, 9.34603118896, 9.77560043335, 10.2167797089, 10.6347389221, 11.0526981354, 11.4938774109, 11.9118366241, 12.3414058685, 12.7709751129, 13.2237634659, 13.6417226791, 14.0480718613, 14.4428119659, 14.8375511169, 15.2322902679, 15.6270294189, 16.0217685699, 16.4165077209, 16.8112468719, 17.2059860229, 17.600725174, 17.995464325, 18.390203476, 18.784942627, 19.179681778, 19.574420929, 19.96916008, 20.363899231, 20.758638382, 21.153377533, 21.548116684, 21.942855835, 22.3375968933, 22.7323360443, 23.1270751953, 23.5218143463, 23.9165534973, 24.3112926483, 24.7060317993, 25.1007709503, 25.4955101013, 25.8902492523, 26.2849884033, 26.6797275543, 27.0744667053, 27.4692058563, 27.8639450073, 28.2586841583, 28.6534233093, 29.0481624603, 29.4429016113, 29.8376407623, 30.2323799133, 30.6271190643, 31.0218582153, 31.4165973663, 31.8113365173, 32.2060775757, 32.6008148193, 32.9955558777, 33.3902931213, 33.7850341797, 34.1797714233, 34.5745124817, 34.9692497253, 35.3639907837, 35.7587280273, 36.1534690857, 36.5482063293, 36.9429473877, 37.3376846313, 37.7324256897, 38.1271629333, 38.5219039917, 38.91664505, 39.3113822937, 39.7061233521, 40.1008605957, 40.4956016541, 40.8903388977, 41.2850799561, 41.6798171997, 42.0745582581, 42.4692955017, 42.8640365601, 43.2587738037, 43.6535148621, 44.0482521057, 44.4429931641, 44.8377304077, 45.2324714661, 45.6272087097, 46.0219497681, 46.4166870117, 46.8114280701, 47.2061653137, 47.6009063721, 47.9956436157, 48.3903846741, 48.7851219177, 49.1798629761, 49.5746040344, 49.9693412781, 50.3640823364, 50.7588195801, 51.1535606384, 51.5482978821, 51.9430389404, 52.3377761841, 52.7325172424, 53.1272544861, 53.5219955444, 53.9167327881, 54.3114738464, 54.7062110901, 55.1009521484, 55.4956893921, 55.8904304504, 56.2851676941, 56.6799087524, 57.0746459961, 57.4693870544, 57.8641242981, 58.2588653564, 58.6536026001, 59.0483436584, 59.4430847168, 59.8378219604, 60.2325630188, 60.6273002625, 61.0220413208, 61.4167785645, 61.8115196228, 62.2062568665, 62.6009979248, 62.9957351685, 63.3904762268, 63.7852134705, 64.1799545288, 64.5746917725, 64.9694290161, 65.3873901367, 65.7821273804, 66.200088501, 66.6064376831, 67.0011749268, 67.4075241089, 67.813873291, 68.2202224731, 68.6149673462, 69.0213165283, 69.4276657104, 69.8224029541, 70.2171401978, 70.6234893799, 71.029838562, 71.4361877441, 71.8425369263, 72.2372741699, 72.6436233521, 73.0499725342, 73.4447174072, 73.8394546509, 74.245803833, 74.6521530151, 75.0585021973, 75.4532394409, 75.859588623, 76.2659378052, 76.6722869873, 77.0670318604, 77.461769104, 77.8565063477, 78.2744674683, 78.6808166504, 79.0871658325, 79.4935150146, 79.8998641968, 80.2946014404, 80.7009506226, 81.1072998047, 81.5136489868, 81.9199981689, 82.3263473511, 82.7326965332, 83.1274337769, 83.5221786499, 83.9169158936, 84.3116531372, 84.7180023193, 85.1243515015, 85.5307006836, 85.9370498657, 86.3317871094, 86.7381362915, 87.1328811646, 87.5276184082, 87.9339675903, 88.328704834, 88.7234420776, 89.1181869507, 89.5361404419, 89.9541015625, 90.3488388062, 90.7551879883, 91.1615371704, 91.5562820435, 91.9626312256, 92.3689804077, 92.7637176514, 93.1700668335, 93.5764160156, 93.9827651978, 94.3891143799, 94.7838516235, 95.1785888672, 95.5849380493, 95.9912872314, 96.3976364136, 96.8039855957, 97.1987304688, 97.6050796509, 98.011428833, 98.4177780151, 98.8241271973, 99.2188644409, 99.6136016846, 100.019950867, 100.41469574, 100.821044922, 101.215782166, 101.622131348, 102.02848053, 102.423217773, 102.841178894, 103.247528076, 103.64226532, 104.048614502, 104.443351746, 104.849700928, 105.25605011, 105.650794983, 106.057144165, 106.463493347, 106.869842529, 107.276191711, 107.670928955, 108.065666199, 108.472015381, 108.878364563, 109.284713745, 109.691062927, 110.085800171, 110.480545044, 110.875282288, 111.270019531, 111.664756775, 112.059501648, 112.454238892, 112.848976135, 113.23210907, 113.615234375, 114.009971619, 114.404716492, 114.799453735, 115.194190979, 115.588935852, 115.983673096, 116.378410339, 116.784759521, 117.191108704, 117.585845947, 117.98059082, 118.375328064, 118.770065308, 119.164802551, 119.559547424, 119.954284668, 120.349021912, 120.743759155, 121.138504028, 121.521629333, 121.916366577, 122.299499512, 122.694236755, 123.100585938, 123.50693512, 123.901672363, 124.296417236, 124.69115448, 125.085891724, 125.480628967, 125.87537384, 126.270111084, 126.664848328, 127.059593201, 127.442718506, 127.83745575, 128.232192993, 128.638549805, 129.033279419, 129.428024292, 129.822769165, 130.217498779, 130.612243652, 131.006988525, 131.40171814, 131.796463013, 132.191192627, 132.5859375, 132.980682373, 133.375411987, 133.77015686, 134.153289795, 134.548019409, 134.954376221, 135.349105835, 135.743850708, 136.138595581, 136.533325195, 136.928070068, 137.322814941, 137.717544556, 138.112289429, 138.507034302, 138.901763916, 139.296508789, 139.691238403, 140.085983276, 140.469116211, 140.852249146, 141.24697876, 141.641723633, 142.048065186, 142.442810059, 142.825942993, 143.220672607, 143.61541748, 144.021759033, 144.428115845, 144.811248779, 145.205978394, 145.600723267, 145.983856201, 146.378585815, 146.773330688, 147.168075562, 147.562805176, 147.957550049, 148.352294922, 148.747024536, 149.141769409, 149.536499023, 149.931243896, 150.32598877, 150.720718384, 151.115463257, 151.51020813, 151.904937744, 152.299682617, 152.694412231, 153.100769043, 153.507110596, 153.901855469, 154.296600342, 154.691329956, 155.086074829, 155.480819702, 155.875549316, 156.270294189, 156.665023804, 157.059768677, 157.45451355, 157.849243164, 158.243988037, 158.63873291, 159.021850586, 159.404983521, 159.799728394, 160.206069946, 160.612426758, 161.007156372, 161.401901245, 161.78503418, 162.168167114, 162.562896729, 162.96925354, 163.375595093, 163.770339966, 164.16506958, 164.559814453, 164.954559326, 165.34928894, 165.744033813, 166.138778687, 166.533508301, 166.928253174, 167.311386108, 167.694503784, 168.089248657, 168.48399353, 168.878723145, 169.273468018, 169.668212891, 170.062942505, 170.457687378, 170.852416992, 171.247161865, 171.641906738, 172.036636353, 172.431381226, 172.826126099, 173.232467651, 173.638824463, 174.045166016, 174.439910889, 174.834640503, 175.240997314, 175.647338867, 176.053695679, 176.460037231, 176.866394043, 177.272735596, 177.679092407, 178.073822021, 178.468566895, 178.874923706, 179.281265259, 179.68762207, 180.093963623, 180.500320435, 180.906661987, 181.30140686, 181.696136475, 182.090881348, 182.508834839, 182.91519165, 183.321533203, 183.727890015, 184.134231567, 184.52897644, 184.923721313, 185.330062866, 185.736419678, 186.14276123, 186.549118042, 186.943847656, 187.338592529, 187.744934082, 188.151290894, 188.546035767, 188.952377319, 189.358734131, 189.753463745, 190.148208618, 190.554550171, 190.960906982, 191.355636597, 191.75038147, 192.156738281, 192.563079834, 192.969436646, 193.375778198, 193.78213501, 194.188476562, 194.606430054, 195.001174927, 195.3959198, 195.790649414, 196.185394287, 196.58013916, 196.986480713, 197.392837524, 197.799179077, 198.205535889, 198.600265503, 199.006622314, 199.412963867, 199.819320679, 200.225662231, 200.632019043, 201.038360596, 201.433105469, 201.839447021, 202.245803833, 202.640533447, 203.046890259, 203.453231812, 203.847976685, 204.254333496, 204.660675049, 205.055419922, 205.461761475, 205.868118286, 206.2628479, 206.657592773, 207.063934326, 207.470291138, 207.888244629, 208.282989502, 208.677734375, 209.084075928, 209.478820801, 209.885162354, 210.279907227, 210.6746521, 211.080993652, 211.487350464, 211.893692017, 212.300048828, 212.706390381, 213.112747192, 213.507476807, 213.913833618, 214.320175171, 214.726531982, 215.132873535, 215.539230347, 215.945571899, 216.340316772, 216.735046387, 217.141403198, 217.547744751, 217.954101562, 218.360443115, 218.755187988, 219.1615448, 219.567886353, 219.962631226, 220.35736084, 220.763717651, 221.170059204, 221.576416016, 221.982757568, 222.377502441, 222.772247314, 223.166976929, 223.561721802, 223.979675293, 224.374420166, 224.780761719, 225.18711853, 225.593460083, 225.988204956, 226.394546509, 226.80090332, 227.195648193, 227.601989746, 228.008346558, 228.403076172, 228.809432983, 229.215774536, 229.622131348, 230.0284729, 230.434829712, 230.829559326, 231.224304199, 231.619049072, 232.013778687, 232.40852356, 232.803268433, 233.197998047, 233.59274292, 233.987472534, 234.382217407, 234.77696228, 235.171691895, 235.566436768, 235.961181641, 236.355911255, 236.750656128, 237.145385742, 237.540130615, 237.934875488, 238.329605103, 238.724349976, 239.119094849, 239.502212524, 239.896957397, 240.280090332, 240.674819946, 241.069564819, 241.475906372, 241.882263184, 242.277008057, 242.671737671, 243.066482544, 243.461227417, 243.855957031, 244.250701904, 244.645431519, 245.040176392, 245.434921265, 245.829650879, 246.224395752, 246.619140625, 247.013870239, 247.408615112, 247.803344727, 248.1980896, 248.592834473, 248.987564087, 249.38230896, 249.777053833, 250.171783447, 250.56652832, 250.949661255, 251.332778931, 251.750747681, 252.133865356, 252.528610229, 252.934967041, 253.329696655, 253.724441528, 254.119186401, 254.513916016, 254.908660889, 255.303390503, 255.698135376, 256.09286499, 256.487609863, 256.882354736, 257.277099609, 257.671844482, 258.066558838, 258.461303711, 258.856048584, 259.250793457, 259.64553833, 260.040252686, 260.434997559, 260.829742432, 261.224487305, 261.619232178, 262.013977051, 262.408691406, 262.803436279, 263.198181152, 263.592926025, 263.987670898, 264.382385254, 264.777130127, 265.171875, 265.566619873, 265.961364746, 266.356109619, 266.750823975, 267.145568848, 267.540313721, 267.935058594, 268.329803467, 268.724517822, 269.107666016, 269.502410889, 269.897125244, 270.291870117, 270.675018311, 271.069732666, 271.476104736, 271.882446289, 272.277191162, 272.671936035, 273.066650391, 273.461395264, 273.856140137, 274.25088501, 274.645629883, 275.040344238, 275.423492432, 275.818237305, 276.21295166, 276.596099854, 276.990844727, 277.397186279, 277.791931152, 278.198272705, 278.593017578, 278.987762451, 279.382476807, 279.77722168, 280.171966553, 280.566711426, 280.961456299, 281.356170654, 281.750915527, 282.134063721, 282.517181396, 282.91192627, 283.306671143, 283.701385498, 284.096130371, 284.490875244, 284.885620117, 285.28036499, 285.675109863, 286.069824219, 286.464569092, 286.882537842, 287.288879395, 287.695220947, 288.113189697, 288.554382324, 288.983947754, 289.401885986, 289.808258057, 290.214599609, 290.609344482, 291.015686035, 291.410430908, 291.805175781, 292.199890137, 292.59463501, 292.989379883, 293.384124756, 293.778869629, 294.278076172, 294.777313232, 295.276550293, 295.764160156, 296.263397217, 296.762634277],
    "bpm_histogram": [0, 0, 0, 0, 0, 0, 0, 0, 0, 0, 0, 0, 0, 0, 0, 0, 0, 0, 0, 0, 0, 0, 0, 0, 0, 0, 0, 0, 0, 0, 0, 0, 0, 0, 0, 0, 0, 0, 0, 0, 0, 0, 0, 0, 0, 0, 0, 0, 0, 0, 0, 0, 0, 0, 0, 0, 0, 0, 0, 0, 0, 0, 0, 0, 0, 0, 0, 0, 0, 0, 0, 0, 0, 0, 0, 0, 0, 0, 0, 0, 0, 0, 0, 0, 0, 0, 0, 0, 0, 0, 0, 0, 0, 0, 0, 0, 0, 0, 0, 0, 0, 0, 0, 0, 0, 0, 0, 0, 0, 0, 0, 0, 0, 0, 0, 0, 0, 0, 0, 0, 0.00674763834104, 0, 0, 0.00134952762164, 0, 0, 0, 0, 0, 0.00134952762164, 0, 0, 0, 0.00269905524328, 0, 0, 0.00809716619551, 0, 0, 0, 0.00944669358432, 0, 0, 0, 0.0364372469485, 0, 0, 0, 0.256410270929, 0, 0, 0, 0.639676094055, 0, 0, 0, 0, 0.0377867743373, 0, 0, 0, 0, 0, 0, 0, 0, 0, 0, 0, 0, 0, 0, 0, 0, 0, 0, 0, 0, 0, 0, 0, 0, 0, 0, 0, 0, 0, 0, 0, 0, 0, 0, 0, 0, 0, 0, 0, 0, 0, 0, 0, 0, 0, 0, 0, 0, 0, 0, 0, 0, 0, 0, 0, 0, 0, 0, 0, 0, 0, 0, 0, 0, 0, 0, 0, 0, 0, 0, 0, 0, 0, 0, 0, 0, 0, 0, 0, 0, 0, 0, 0, 0, 0, 0, 0, 0, 0, 0, 0, 0]
},
"tonal": {
    "chords_changes_rate": 0.0587133057415,
    "chords_number_rate": 0.00187382881995,
    "chords_strength": {
        "mean": 0.532094299793
    },
    "hpcp_crest": {
        "mean": 13.1161003113
    },
    "hpcp_entropy": {
        "mean": 2.07597017288
    },
    "key_edma": {
        "strength": 0.787045776844,
        "key": "A",
        "scale": "major"
    },
    "key_krumhansl": {
        "strength": 0.803720355034,
        "key": "A",
        "scale": "major"
    },
    "key_temperley": {
        "strength": 0.825748622417,
        "key": "A",
        "scale": "major"
    },
    "tuning_diatonic_strength": 0.710857987404,
    "tuning_equal_tempered_deviation": 0.029876543209,
    "tuning_frequency": 441.527557373,
    "tuning_nontempered_energy_ratio": 0.707526087761,
    "hpcp": {
        "mean": [0.397683411837, 0.206515997648, 0.0724402889609, 0.0555701069534, 0.0681898295879, 0.147587060928, 0.204876676202, 0.134349018335, 0.0659121051431, 0.057619843632, 0.0635308176279, 0.118135839701, 0.158881157637, 0.114036381245, 0.0981241092086, 0.13076159358, 0.105755142868, 0.0840802639723, 0.083214379847, 0.0703095644712, 0.145935088396, 0.200546145439, 0.131747752428, 0.0870872214437, 0.0722558200359, 0.0572014227509, 0.123579904437, 0.189879372716, 0.137178450823, 0.0702173933387, 0.0540520586073, 0.0586554035544, 0.131757304072, 0.208483859897, 0.195966973901, 0.320043474436]
    },
    "chords_histogram": [34.1973762512, 8.63522815704, 16.6302318573, 2.56089949608, 3.18550896645, 0, 0.562148630619, 0, 2.77951288223, 0.718301057816, 1.24921917915, 0, 0, 0, 0, 1.35852587223, 0, 1.24921917915, 0, 0.0936914458871, 0, 1.28044974804, 9.29106807709, 16.2086200714],
    "thpcp": [1, 0.519297480583, 0.182155668736, 0.139734536409, 0.171467617154, 0.371116966009, 0.51517534256, 0.337829083204, 0.165740147233, 0.144888728857, 0.159752249718, 0.297060012817, 0.399516671896, 0.286751657724, 0.246739253402, 0.328808277845, 0.265927970409, 0.211425125599, 0.209247797728, 0.176797837019, 0.366962969303, 0.504285931587, 0.331288039684, 0.218986302614, 0.181691810489, 0.143836587667, 0.310749471188, 0.477463662624, 0.344943851233, 0.176566064358, 0.135917305946, 0.147492706776, 0.331312030554, 0.524245798588, 0.492771297693, 0.804769456387],
    "chords_key": "A",
    "chords_scale": "major"
}
}