{
"metadata": {
    "version": {
        "essentia": "2.1-beta6-dev",
        "essentia_git_sha": "v2.1_beta5-1177-g1d1cc983",
        "extractor": "music 2.0"
    },
    "audio_properties": {
        "analysis": {
            "equal_loudness": 0,
            "length": 260.239990234,
            "sample_rate": 44100,
            "start_time": 0,
            "downmix": "mix"
        },
        "bit_rate": 1411200,
        "length": 260.239990234,
        "lossless": 1,
        "number_channels": 2,
        "replay_gain": -14.7130565643,
        "sample_rate": 44100,
        "codec": "pcm_s16le",
        "md5_encoded": "5917535c5e9ab20704947d499d013f00"
    },
    "tags": {
        "file_name": "03 - The Front Bottoms - Cough It Out.wav",
        "album": ["Back on Top"],
        "albumartist": ["The Front Bottoms"],
        "artist": ["The Front Bottoms"],
        "copyright": ["© 2015 Fueled By Ramen LLC for the United States and WEA International Inc. for the world outside of the United States. A Warner Music Group Company ℗ 2015 Fueled By Ramen LLC"],
        "date": ["2015"],
        "discnumber": ["1"],
        "disctotal": ["1"],
        "genre": ["Alternative & Indie"],
        "isrc": ["USAT21501842"],
        "title": ["Cough It Out"],
        "tracknumber": ["3"],
        "tracktotal": ["11"]
    }
},
"lowlevel": {
    "average_loudness": 0.941737890244,
    "barkbands_crest": {
        "mean": 11.2449464798
    },
    "barkbands_flatness_db": {
        "mean": 0.134891808033
    },
    "barkbands_kurtosis": {
        "mean": 6.54349803925
    },
    "barkbands_skewness": {
        "mean": 1.78645122051
    },
    "barkbands_spread": {
        "mean": 27.5373382568
    },
    "dissonance": {
        "mean": 0.46565708518
    },
    "dynamic_complexity": 3.53132963181,
    "erbbands_crest": {
        "mean": 8.1816701889
    },
    "erbbands_flatness_db": {
        "mean": 0.141189411283
    },
    "erbbands_kurtosis": {
        "mean": 0.0865522697568
    },
    "erbbands_skewness": {
        "mean": -0.0751651972532
    },
    "erbbands_spread": {
        "mean": 47.6429481506
    },
    "hfc": {
        "mean": 28.0486755371
    },
    "loudness_ebu128": {
        "integrated": -7.14192438126,
        "loudness_range": 4.99316835403,
        "momentary": {
            "mean": -9.27571105957
        },
        "short_term": {
            "mean": -8.35128593445
        }
    },
    "melbands_crest": {
        "mean": 16.4647369385
    },
    "melbands_flatness_db": {
        "mean": 0.199195489287
    },
    "melbands_kurtosis": {
        "mean": 24.9062843323
    },
    "melbands_skewness": {
        "mean": 3.47559380531
    },
    "melbands_spread": {
        "mean": 25.7387275696
    },
    "pitch_salience": {
        "mean": 0.496689707041
    },
    "silence_rate_20dB": {
        "mean": 1
    },
    "silence_rate_30dB": {
        "mean": 0.935855090618
    },
    "silence_rate_60dB": {
        "mean": 0.0700330063701
    },
    "spectral_centroid": {
        "mean": 1615.20397949
    },
    "spectral_complexity": {
        "mean": 21.3627433777
    },
    "spectral_decrease": {
        "mean": -1.10528315389e-08
    },
    "spectral_energy": {
        "mean": 0.0442601032555
    },
    "spectral_energyband_high": {
        "mean": 0.00172800547443
    },
    "spectral_energyband_low": {
        "mean": 0.0258138924837
    },
    "spectral_energyband_middle_high": {
        "mean": 0.00565599231049
    },
    "spectral_energyband_middle_low": {
        "mean": 0.0125097334385
    },
    "spectral_entropy": {
        "mean": 7.72118806839
    },
    "spectral_flux": {
        "mean": 0.106392212212
    },
    "spectral_kurtosis": {
        "mean": 3.27509379387
    },
    "spectral_rms": {
        "mean": 0.00597842922434
    },
    "spectral_rolloff": {
        "mean": 1868.18811035
    },
    "spectral_skewness": {
        "mean": 1.23338317871
    },
    "spectral_spread": {
        "mean": 4896498
    },
    "spectral_strongpeak": {
        "mean": 0.733519792557
    },
    "zerocrossingrate": {
        "mean": 0.0729324668646
    },
    "barkbands": {
        "mean": [0.000833435100503, 0.0162917971611, 0.00740062771365, 0.00305918836966, 0.00415945937857, 0.00119914172683, 0.00109028478619, 0.0011416724883, 0.00153592205606, 0.00117431592662, 0.00050643022405, 0.000422532728408, 0.000551085162442, 0.000367757107597, 0.000565778289456, 0.000620481849182, 0.000657022057567, 0.000334532611305, 0.000382155907573, 0.000437820941443, 0.000377999531338, 0.000364539388102, 0.000320514460327, 0.0002678874298, 0.000138971794513, 4.34596804553e-05, 1.34473866638e-05]
    },
    "erbbands": {
        "mean": [0.500499010086, 3.51284956932, 8.60486698151, 9.22212028503, 16.4582538605, 9.79003620148, 9.5646686554, 10.7667169571, 16.1350460052, 20.0805568695, 21.7848873138, 42.8969535828, 27.1803627014, 37.3117828369, 22.8805675507, 18.2600345612, 26.2246494293, 22.1646308899, 30.8022384644, 22.3206062317, 37.2582511902, 33.206413269, 23.181552887, 15.1648197174, 23.5518722534, 20.1509151459, 15.8900566101, 14.6579475403, 13.0509881973, 11.4482555389, 8.65523147583, 5.73644447327, 4.42145204544, 2.03246259689, 0.771574914455, 0.243283241987, 0.071816906333, 0.014090561308, 0.00228371610865, 0.000205206655664]
    },
    "gfcc": {
        "mean": [7.7286324501, 79.1831741333, -112.831489563, 46.4469718933, -50.7212219238, 15.6385593414, -30.7337436676, 7.72925567627, -14.8709068298, -3.23383975029, -16.519695282, -5.81041717529, -8.81097888947],
        "cov": [[16603.3710938, 293.786346436, 31.6629810333, 1251.0670166, -592.323425293, 912.191711426, -216.305053711, 522.271850586, -120.351570129, 336.023620605, -408.700317383, 24.1772499084, -244.032562256], [293.786346436, 1594.74841309, -387.847839355, -99.552406311, 167.918228149, -1.00055646896, 212.624893188, 60.126739502, 188.1378479, -86.5162200928, 142.136886597, -61.0146751404, 61.5495452881], [31.6629810333, -387.847839355, 914.278442383, 344.6434021, 86.3141479492, 138.795211792, 50.4364585876, -18.8529834747, 21.9086303711, 104.710952759, -62.0322532654, 42.4442481995, -0.261712223291], [1251.0670166, -99.552406311, 344.6434021, 695.886962891, 73.9442901611, 147.868743896, 21.7632217407, -19.3224449158, 70.2695617676, 86.0539169312, -69.8606109619, 24.2539863586, 17.6918201447], [-592.323425293, 167.918228149, 86.3141479492, 73.9442901611, 409.023864746, 35.9412307739, 118.359733582, 37.007358551, 94.1310195923, 41.775478363, 30.2251205444, 16.4267711639, 40.8269195557], [912.191711426, -1.00055646896, 138.795211792, 147.868743896, 35.9412307739, 298.125793457, 125.591773987, 76.2958908081, 28.1915588379, 39.7157211304, -16.5871543884, 22.2725124359, 7.27689218521], [-216.305053711, 212.624893188, 50.4364585876, 21.7632217407, 118.359733582, 125.591773987, 304.20489502, 45.5653953552, 72.9680328369, -8.90031719208, 19.7550697327, 32.1741409302, 40.0299797058], [522.271850586, 60.126739502, -18.8529834747, -19.3224449158, 37.007358551, 76.2958908081, 45.5653953552, 185.110443115, 42.4933013916, 25.1962718964, 28.2432804108, -3.67477917671, -1.94686377048], [-120.351570129, 188.1378479, 21.9086303711, 70.2695617676, 94.1310195923, 28.1915588379, 72.9680328369, 42.4933013916, 153.252059937, 46.864654541, 27.3088283539, 4.88075113297, 28.3032875061], [336.023620605, -86.5162200928, 104.710952759, 86.0539169312, 41.775478363, 39.7157211304, -8.90031719208, 25.1962718964, 46.864654541, 115.209159851, 9.53271865845, 17.7431430817, -6.90159511566], [-408.700317383, 142.136886597, -62.0322532654, -69.8606109619, 30.2251205444, -16.5871543884, 19.7550697327, 28.2432804108, 27.3088283539, 9.53271865845, 116.828987122, 12.8293905258, 7.97244596481], [24.1772499084, -61.0146751404, 42.4442481995, 24.2539863586, 16.4267711639, 22.2725124359, 32.1741409302, -3.67477917671, 4.88075113297, 17.7431430817, 12.8293905258, 77.2575454712, 25.1753578186], [-244.032562256, 61.5495452881, -0.261712223291, 17.6918201447, 40.8269195557, 7.27689218521, 40.0299797058, -1.94686377048, 28.3032875061, -6.90159511566, 7.97244596481, 25.1753578186, 78.3284912109]],
        "icov": [[0.000175227803993, -0.000246598763624, 0.000130201588036, -0.000286225607852, 0.000265029259026, -0.000343327934388, 0.000227623502724, -0.000546337047126, 0.000487940764287, -0.000606426503509, 0.000745026860386, -0.000458422175143, 0.000410393462516], [-0.000246598763624, 0.00147084635682, 0.000182331190445, 0.000297284219414, -0.000533157377504, 0.000380677665817, -0.000773964682594, 0.00093811104307, -0.0018900471041, 0.00186250312254, -0.00212538428605, 0.00172804808244, -0.000821228313725], [0.000130201588036, 0.000182331190445, 0.00174415064976, -0.000769682752434, -5.11428661412e-05, -0.00053351756651, -0.00020976709493, -9.04599291971e-05, 0.000408699735999, -0.0011895885691, 0.00070816243533, -0.000372094480554, 0.00041823880747], [-0.000286225607852, 0.000297284219414, -0.000769682752434, 0.00268466211855, -0.00057315727463, -0.000393756403355, 0.000189126061741, 0.00150313298218, -0.00172890850808, 0.000360962527338, -8.27830954222e-05, 0.000481520604808, -0.000948062166572], [0.000265029259026, -0.000533157377504, -5.11428661412e-05, -0.00057315727463, 0.00361981568858, -7.21081814845e-05, -0.000624757376499, -0.00107254914474, -5.89885485169e-06, -0.00181583757512, 0.00084506830899, -0.000457482005004, -0.000310325267492], [-0.000343327934388, 0.000380677665817, -0.00053351756651, -0.000393756403355, -7.21081814845e-05, 0.00626057526097, -0.00280444952659, -0.00107303215191, 0.000337802543072, -0.000252478843322, -0.000610466697253, 0.000506588141434, -0.000664097024128], [0.000227623502724, -0.000773964682594, -0.00020976709493, 0.000189126061741, -0.000624757376499, -0.00280444952659, 0.00608333386481, -0.000737494847272, -0.00131091615185, 0.00149601965677, 0.00113049859647, -0.002735696733, 0.000102572616015], [-0.000546337047126, 0.00093811104307, -9.04599291971e-05, 0.00150313298218, -0.00107254914474, -0.00107303215191, -0.000737494847272, 0.00878641661257, -0.00314284721389, 0.00118776725139, -0.00366596900858, 0.00252199708484, -0.00072222930612], [0.000487940764287, -0.0018900471041, 0.000408699735999, -0.00172890850808, -5.89885485169e-06, 0.000337802543072, -0.00131091615185, -0.00314284721389, 0.013644516468, -0.00726621458307, 0.00173872476444, 8.20607019705e-05, -0.00181315292139], [-0.000606426503509, 0.00186250312254, -0.0011895885691, 0.000360962527338, -0.00181583757512, -0.000252478843322, 0.00149601965677, 0.00118776725139, -0.00726621458307, 0.0168728176504, -0.00458234967664, -0.00112805643585, 0.00173776538577], [0.000745026860386, -0.00212538428605, 0.00070816243533, -8.27830954222e-05, 0.00084506830899, -0.000610466697253, 0.00113049859647, -0.00366596900858, 0.00173872476444, -0.00458234967664, 0.0148569652811, -0.00511982804164, 0.00206102477387], [-0.000458422175143, 0.00172804808244, -0.000372094480554, 0.000481520604808, -0.000457482005004, 0.000506588141434, -0.002735696733, 0.00252199708484, 8.20607019705e-05, -0.00112805643585, -0.00511982804164, 0.0190975032747, -0.00698995636776], [0.000410393462516, -0.000821228313725, 0.00041823880747, -0.000948062166572, -0.000310325267492, -0.000664097024128, 0.000102572616015, -0.00072222930612, -0.00181315292139, 0.00173776538577, 0.00206102477387, -0.00698995636776, 0.0179043784738]]
    },
    "melbands": {
        "mean": [0.00449175667018, 0.00444812281057, 0.00189133244567, 0.00097441818798, 0.00033460103441, 0.000230253106565, 0.000243211470661, 0.000230836129049, 0.000179681650479, 0.000263935071416, 0.000129404754261, 0.000155747446115, 6.75861083437e-05, 5.79916122661e-05, 5.02164912177e-05, 5.07439181092e-05, 3.96905998059e-05, 4.62016832898e-05, 3.15835095535e-05, 3.84346822102e-05, 4.44378056272e-05, 3.48233734258e-05, 3.06982474285e-05, 1.40036872835e-05, 1.1312148672e-05, 1.62592714332e-05, 1.7120864868e-05, 1.24076550492e-05, 1.00307570392e-05, 8.72586406331e-06, 8.61586067913e-06, 7.46016667108e-06, 6.73848899169e-06, 6.25932170806e-06, 5.28654345544e-06, 3.90972081732e-06, 3.38828158419e-06, 3.3249975786e-06, 2.3783479719e-06, 1.47650496274e-06]
    },
    "melbands128": {
        "mean": [0.000805989373475, 0.00393968774006, 0.00598395010456, 0.00570865441114, 0.00485388375819, 0.00332669680938, 0.00170452473685, 0.0016533578746, 0.00189801899251, 0.000962733349297, 0.000389213266317, 0.000363609025953, 0.000358711986337, 0.00022233328491, 0.000289677147521, 0.000185897879419, 0.00018364279822, 0.00034312956268, 0.000193783067516, 0.000205277858186, 0.000288179959171, 0.000165358636877, 0.000151682223077, 0.000180592600373, 0.000355203897925, 0.000289931514999, 8.52577068144e-05, 0.000138751769555, 8.85253757588e-05, 0.00025499064941, 0.0001404153154, 5.41126428288e-05, 4.75394808745e-05, 0.000100224555354, 6.57684722682e-05, 4.62823081762e-05, 4.40481053374e-05, 2.66850802291e-05, 8.63615714479e-05, 5.79310726607e-05, 4.6477860451e-05, 2.51515775744e-05, 4.9487058277e-05, 4.43236276624e-05, 1.63262375281e-05, 5.98578189965e-05, 6.80377561366e-05, 2.51166820817e-05, 2.01871916943e-05, 2.17227625399e-05, 4.85093551106e-05, 4.40575095126e-05, 4.79499758512e-05, 4.10994434787e-05, 4.389077003e-05, 3.06267720589e-05, 2.59563294094e-05, 4.69910592074e-05, 2.42450605583e-05, 2.04927619052e-05, 1.14276153909e-05, 1.04991149783e-05, 1.34231986522e-05, 9.93753747025e-06, 1.10244709504e-05, 1.70467810676e-05, 1.82098483492e-05, 1.9459404939e-05, 1.62268970598e-05, 1.56047408382e-05, 1.21202929222e-05, 1.11910740088e-05, 1.0767218555e-05, 9.45973715716e-06, 9.63407728705e-06, 9.26930533751e-06, 8.17128966446e-06, 7.64019296184e-06, 9.6096746347e-06, 8.54383415572e-06, 7.22214235793e-06, 6.93967967891e-06, 7.63132447901e-06, 6.23590995019e-06, 6.81228948451e-06, 6.28894667898e-06, 5.77334776608e-06, 6.69481050863e-06, 5.24751658304e-06, 4.33073046224e-06, 4.56465431853e-06, 3.5634732285e-06, 3.23802214552e-06, 3.30332022713e-06, 3.55052543455e-06, 3.56663849743e-06, 3.30396687787e-06, 2.99708040075e-06, 2.4658379516e-06, 1.99730402528e-06, 1.85461613e-06, 1.39438293445e-06, 1.05925164462e-06, 8.82937683855e-07, 9.86768327493e-07, 7.43229634281e-07, 5.36064931111e-07, 4.70149842613e-07, 3.84438862966e-07, 3.40212466199e-07, 3.02401275576e-07, 2.48312403528e-07, 2.22191530952e-07, 1.86393378954e-07, 1.47859168464e-07, 1.14962254827e-07, 9.06960195834e-08, 8.35356956941e-08, 7.08036864694e-08, 6.37507255874e-08, 7.42913641716e-08, 5.94036571044e-08, 5.02709553984e-08, 3.92420638207e-08, 3.14723820338e-08, 2.46484486155e-08, 2.41418778302e-08, 2.38967512445e-08]
    },
    "mfcc": {
        "mean": [-631.840698242, 102.74621582, 2.62213587761, 32.1639060974, 8.34370708466, 10.9491081238, -1.43187510967, 8.67245101929, 4.9562792778, 6.92116069794, -3.03040313721, 0.414703339338, -0.394034743309],
        "cov": [[14050.59375, -140.077407837, 702.223022461, 503.706359863, 108.279266357, 450.365356445, 76.9832229614, 229.711120605, 251.517089844, 287.495452881, 114.979759216, 6.19782447815, -10.986114502], [-140.077407837, 1413.80187988, -402.267364502, -108.880874634, -9.50113868713, -81.5265655518, 65.2495117188, 117.482154846, 27.2853069305, 71.3153610229, 46.4033813477, 37.2358207703, 51.7703742981], [702.223022461, -402.267364502, 750.234313965, 208.641326904, 33.6426086426, 190.965209961, -2.63899850845, -0.0837944373488, 39.6225166321, 34.526260376, -3.57117962837, -9.60312747955, 10.2064704895], [503.706359863, -108.880874634, 208.641326904, 490.368225098, 137.980270386, 195.666107178, -38.9481239319, 4.87024593353, 71.5016021729, 49.7401428223, -1.93354845047, 0.0829431936145, 25.1007118225], [108.279266357, -9.50113868713, 33.6426086426, 137.980270386, 276.042022705, 47.782043457, 7.20785951614, -20.6571025848, 43.0952911377, 46.2248077393, 30.1062850952, 27.2498722076, 12.2541894913], [450.365356445, -81.5265655518, 190.965209961, 195.666107178, 47.782043457, 333.660400391, 52.8696899414, 65.7157363892, 96.1826248169, 46.7091636658, 19.901102066, 2.45853996277, 19.2882041931], [76.9832229614, 65.2495117188, -2.63899850845, -38.9481239319, 7.20785951614, 52.8696899414, 180.302902222, 92.494758606, 45.355140686, 14.1318855286, 34.830078125, 24.9450531006, 13.781129837], [229.711120605, 117.482154846, -0.0837944373488, 4.87024593353, -20.6571025848, 65.7157363892, 92.494758606, 164.294586182, 75.1729431152, 35.9836463928, 26.3926277161, 12.6020841599, 19.0506954193], [251.517089844, 27.2853069305, 39.6225166321, 71.5016021729, 43.0952911377, 96.1826248169, 45.355140686, 75.1729431152, 153.3697052, 66.9661407471, 32.113243103, -0.606479823589, 12.1665554047], [287.495452881, 71.3153610229, 34.526260376, 49.7401428223, 46.2248077393, 46.7091636658, 14.1318855286, 35.9836463928, 66.9661407471, 111.798995972, 42.5996170044, 13.6712026596, 10.8263530731], [114.979759216, 46.4033813477, -3.57117962837, -1.93354845047, 30.1062850952, 19.901102066, 34.830078125, 26.3926277161, 32.113243103, 42.5996170044, 101.759170532, 45.0306739807, 14.5768594742], [6.19782447815, 37.2358207703, -9.60312747955, 0.0829431936145, 27.2498722076, 2.45853996277, 24.9450531006, 12.6020841599, -0.606479823589, 13.6712026596, 45.0306739807, 101.372589111, 34.6993293762], [-10.986114502, 51.7703742981, 10.2064704895, 25.1007118225, 12.2541894913, 19.2882041931, 13.781129837, 19.0506954193, 12.1665554047, 10.8263530731, 14.5768594742, 34.6993293762, 73.0519866943]],
        "icov": [[8.04776864243e-05, -2.8328028634e-07, -5.22756090504e-05, -4.40436124336e-05, 1.65440687852e-05, -2.79688192677e-05, 1.41187274494e-05, -8.60347936396e-05, 1.66581121448e-05, -0.000146585516632, -3.06480869767e-05, -1.92842071556e-06, 8.51043951116e-05], [-2.8328028634e-07, 0.000967476167716, 0.000512685684953, 2.04925672733e-05, -1.03026286524e-05, 0.000111350760562, -3.08021117235e-05, -0.000637594494037, 0.000322632840835, -0.000762117560953, -2.57090732703e-06, 9.28052031668e-05, -0.000604287197348], [-5.22756090504e-05, 0.000512685684953, 0.00196171714924, -0.000409594184021, 0.000177087582415, -0.000706217659172, -0.000123793375678, 8.80060251802e-05, 0.000353827985236, -0.000652517250273, 0.000142162258271, 0.000158518669195, -0.00041326120845], [-4.40436124336e-05, 2.04925672733e-05, -0.000409594184021, 0.00354859605432, -0.00143414991908, -0.00162435788661, 0.00145053653978, -0.000210499536479, -0.000400823890232, -0.00014135564561, 0.000677393516526, 3.62295504601e-05, -0.000797179236542], [1.65440687852e-05, -1.03026286524e-05, 0.000177087582415, -0.00143414991908, 0.00494660297409, 0.000268511677859, -0.00104447850026, 0.00199280772358, -0.00101235928014, -0.00123357132543, -0.00045554121607, -0.00100280775223, 0.000173150619958], [-2.79688192677e-05, 0.000111350760562, -0.000706217659172, -0.00162435788661, 0.000268511677859, 0.00518474634737, -0.00118547840975, -0.000556185026653, -0.00172066001687, 8.65263937158e-05, -0.000161307689268, 0.0001965330448, -0.00025904524955], [1.41187274494e-05, -3.08021117235e-05, -0.000123793375678, 0.00145053653978, -0.00104447850026, -0.00118547840975, 0.00901027675718, -0.00463344110176, -0.000408092222642, 0.00155327655375, -0.00143943785224, -0.000945567036979, 0.000113740825327], [-8.60347936396e-05, -0.000637594494037, 8.80060251802e-05, -0.000210499536479, 0.00199280772358, -0.000556185026653, -0.00463344110176, 0.0118243955076, -0.00397269800305, -0.000695240218192, 0.000246205861913, -0.00028496523737, -0.00104709540028], [1.66581121448e-05, 0.000322632840835, 0.000353827985236, -0.000400823890232, -0.00101235928014, -0.00172066001687, -0.000408092222642, -0.00397269800305, 0.0124079706147, -0.00493683526292, -0.00112059782259, 0.00226079719141, -0.000585845147725], [-0.000146585516632, -0.000762117560953, -0.000652517250273, -0.00014135564561, -0.00123357132543, 8.65263937158e-05, 0.00155327655375, -0.000695240218192, -0.00493683526292, 0.0151698132977, -0.00436161225662, 7.55826185923e-05, 0.000138607967529], [-3.06480869767e-05, -2.57090732703e-06, 0.000142162258271, 0.000677393516526, -0.00045554121607, -0.000161307689268, -0.00143943785224, 0.000246205861913, -0.00112059782259, -0.00436161225662, 0.0151821812615, -0.00593414297327, 0.000693192647304], [-1.92842071556e-06, 9.28052031668e-05, 0.000158518669195, 3.62295504601e-05, -0.00100280775223, 0.0001965330448, -0.000945567036979, -0.00028496523737, 0.00226079719141, 7.55826185923e-05, -0.00593414297327, 0.0151101294905, -0.00611249683425], [8.51043951116e-05, -0.000604287197348, -0.00041326120845, -0.000797179236542, 0.000173150619958, -0.00025904524955, 0.000113740825327, -0.00104709540028, -0.000585845147725, 0.000138607967529, 0.000693192647304, -0.00611249683425, 0.0175946485251]]
    },
    "spectral_contrast_coeffs": {
        "mean": [-0.693044543266, -0.724388122559, -0.727174043655, -0.761368155479, -0.783429384232, -0.748649179935]
    },
    "spectral_contrast_valleys": {
        "mean": [-6.73422956467, -7.15704107285, -7.9216170311, -7.71306324005, -7.39412021637, -9.98147392273]
    }
},
"rhythm": {
    "beats_count": 447,
    "beats_loudness": {
        "mean": 0.0510274320841
    },
    "bpm": 102.308815002,
    "bpm_histogram_first_peak_bpm": 101,
    "bpm_histogram_first_peak_weight": 0.53125,
    "bpm_histogram_second_peak_bpm": 108,
    "bpm_histogram_second_peak_spread": 0,
    "bpm_histogram_second_peak_weight": 0.051569506526,
    "danceability": 1.24829626083,
    "onset_rate": 4.3533244133,
    "beats_loudness_band_ratio": {
        "mean": [0.561896920204, 0.166031420231, 0.106628768146, 0.073890529573, 0.0776103436947, 0.109988339245]
    },
    "beats_position": [0.452789098024, 0.917188167572, 1.38158726692, 1.84598636627, 2.31038546562, 2.77478456497, 3.23918366432, 3.70358276367, 4.17959165573, 4.66721057892, 5.15482997894, 5.64244890213, 6.11845779419, 6.59446716309, 7.07047605515, 7.5464849472, 8.0224943161, 8.498503685, 8.96290206909, 9.42730140686, 9.90331077576, 10.379319191, 10.8437185287, 11.2965078354, 11.749297142, 12.3181858063, 12.8754644394, 13.5140132904, 14.1409521103, 14.756280899, 15.3599996567, 15.9869384766, 16.6487064362, 17.3104763031, 17.9722442627, 18.6224040985, 19.2609519958, 19.9227199554, 20.5728797913, 21.1765975952, 21.7687072754, 22.3608150482, 22.9413146973, 23.5334243774, 24.1255321503, 24.7176418304, 25.3097496033, 25.9018592834, 26.4823570251, 27.0744667053, 27.6781845093, 28.2702941895, 28.8740139008, 29.4777317047, 30.081451416, 30.6735591888, 31.265668869, 31.8577766418, 32.449886322, 33.0419960022, 33.6341018677, 34.2262115479, 34.818321228, 35.4104309082, 36.0025405884, 36.5946464539, 37.186756134, 37.790473938, 38.3825836182, 38.9863014221, 39.5784111023, 40.1705207825, 40.7626304626, 41.3547401428, 41.9468460083, 42.5389556885, 43.1426734924, 43.7347831726, 44.3268928528, 44.919002533, 45.5111083984, 46.1032180786, 46.6953277588, 47.2990455627, 47.8911552429, 48.4832649231, 49.0753746033, 49.6674804688, 50.2712020874, 50.8633079529, 51.4554176331, 52.0591392517, 52.6512451172, 53.2433547974, 53.8354644775, 54.4275741577, 55.0196800232, 55.6117897034, 56.2038993835, 56.7960090637, 57.3765068054, 57.9686164856, 58.5607261658, 59.1528320312, 59.7449417114, 60.3254394531, 60.9059410095, 61.498046875, 62.0901565552, 62.6706581116, 63.2627639771, 63.8548736572, 64.4353713989, 65.0274810791, 65.6195907593, 66.200088501, 66.7921981812, 67.3843078613, 67.964805603, 68.5569152832, 69.1490249634, 69.7411346436, 70.3332443237, 70.9137420654, 71.5058517456, 72.0979614258, 72.6784591675, 73.2589569092, 73.8394546509, 74.4431762695, 75.0468902588, 75.638999939, 76.2311096191, 76.8232192993, 77.4153289795, 78.0190429688, 78.6111526489, 79.2032623291, 79.7953720093, 80.3874816895, 80.9795913696, 81.5717010498, 82.1754150391, 82.7675247192, 83.3596343994, 83.9517440796, 84.5554656982, 85.1475753784, 85.7396774292, 86.3317871094, 86.9238967896, 87.5160064697, 88.1081161499, 88.7118377686, 89.3039474487, 89.8960494995, 90.4881591797, 91.0802688599, 91.67237854, 92.2644882202, 92.8565979004, 93.460319519, 94.0524215698, 94.64453125, 95.2366409302, 95.8287506104, 96.432472229, 97.0245819092, 97.61668396, 98.2204055786, 98.8125152588, 99.404624939, 99.9967346191, 100.588844299, 101.192558289, 101.796279907, 102.388389587, 102.980499268, 103.572608948, 104.164710999, 104.756820679, 105.348930359, 105.952651978, 106.544761658, 107.136871338, 107.740585327, 108.332695007, 108.924804688, 109.505302429, 110.097412109, 110.68952179, 111.28163147, 111.87374115, 112.477455139, 113.081176758, 113.673286438, 114.265396118, 114.857505798, 115.449615479, 116.041717529, 116.633827209, 117.22593689, 117.81804657, 118.421768188, 119.013877869, 119.605987549, 120.209701538, 120.801811218, 121.393920898, 121.986030579, 122.578140259, 123.170249939, 123.762359619, 124.35446167, 124.94657135, 125.53868103, 126.13079071, 126.711288452, 127.303398132, 127.895507812, 128.476013184, 129.068115234, 129.660217285, 130.252334595, 130.844436646, 131.424942017, 132.017044067, 132.609161377, 133.189651489, 133.781768799, 134.37387085, 134.954376221, 135.546478271, 136.138595581, 136.719085693, 137.311203003, 137.903305054, 138.483810425, 139.064300537, 139.644805908, 140.236907959, 140.829025269, 141.421127319, 142.013244629, 142.593734741, 143.174240112, 143.766342163, 144.358459473, 144.950561523, 145.542678833, 146.123168945, 146.715286255, 147.307388306, 147.899505615, 148.491607666, 149.072113037, 149.664215088, 150.256317139, 150.860046387, 151.440536499, 152.02104187, 152.601531982, 153.193649292, 153.785751343, 154.377868652, 154.969970703, 155.550476074, 156.142578125, 156.746307373, 157.350021362, 157.96534729, 158.580673218, 159.195999146, 159.811340332, 160.438278198, 161.053604126, 161.680541992, 162.284255981, 162.887985229, 163.491699219, 164.08380127, 164.675918579, 165.256408691, 165.836914062, 166.417419434, 166.997909546, 167.578414917, 168.147293091, 168.716186523, 169.285079956, 169.85395813, 170.422851562, 170.991744995, 171.549026489, 172.129516602, 172.710021973, 173.290512085, 173.859405518, 174.42829895, 174.997192383, 175.566070557, 176.146575928, 176.715454102, 177.284347534, 177.853240967, 178.422134399, 179.002624512, 179.571517944, 180.140411377, 180.697677612, 181.278182983, 181.847076416, 182.41595459, 182.996459961, 183.565353394, 184.134231567, 184.714736938, 185.272018433, 185.852508545, 186.421401978, 186.99029541, 187.559173584, 188.128067017, 188.708572388, 189.277450562, 189.846343994, 190.426849365, 190.995727539, 191.564620972, 192.145126343, 192.714004517, 193.282897949, 193.851791382, 194.420669556, 194.97795105, 195.558456421, 196.138946533, 196.719451904, 197.299957275, 197.880447388, 198.460952759, 199.041442871, 199.621948242, 200.214050293, 200.817779541, 201.42149353, 202.036819458, 202.663757324, 203.279083252, 203.906021118, 204.544570923, 205.148300171, 205.740402222, 206.332519531, 206.913009644, 207.493515015, 208.074005127, 208.654510498, 209.23500061, 209.803894043, 210.372787476, 210.953277588, 211.533782959, 212.11428833, 212.694778442, 213.263671875, 213.844161987, 214.41305542, 214.993560791, 215.574050903, 216.154556274, 216.735046387, 217.292327881, 217.861221313, 218.430114746, 218.987380981, 219.556274414, 220.125167847, 220.694061279, 221.262939453, 221.820220947, 222.38911438, 222.958007812, 223.526885986, 224.08416748, 224.641448975, 225.210342407, 225.779220581, 226.348114014, 226.905395508, 227.47428894, 228.031555176, 228.600448608, 229.169342041, 229.738220215, 230.307113647, 230.87600708, 231.444900513, 232.002166748, 232.571060181, 233.139953613, 233.708831787, 234.266113281, 234.823394775, 235.392288208, 235.961181641, 236.530059814, 237.098953247, 237.656234741, 238.225112915, 238.794006348, 239.36289978, 239.920181274, 240.489059448, 241.046340942, 241.615234375, 242.184127808, 242.753005981, 243.321899414, 243.879180908, 244.448074341, 245.016952515, 245.574234009, 246.143127441, 246.712020874, 247.280899048, 247.84979248, 248.418685913, 248.987564087, 249.544845581, 250.102127075, 250.659408569, 251.228302002, 251.797180176, 252.377685547, 252.946563721, 253.527069092, 254.119186401, 254.711288452, 255.303390503, 255.883895874, 256.476013184, 257.091339111, 257.695037842, 258.29876709, 258.890869141, 259.483001709],
    "bpm_histogram": [0, 0, 0, 0, 0, 0, 0, 0, 0, 0, 0, 0, 0, 0, 0, 0, 0, 0, 0, 0, 0, 0, 0, 0, 0, 0, 0, 0, 0, 0, 0, 0, 0, 0, 0, 0, 0, 0, 0, 0, 0, 0, 0, 0, 0, 0, 0, 0, 0, 0, 0, 0, 0, 0, 0, 0, 0, 0, 0, 0, 0, 0, 0, 0, 0, 0, 0, 0, 0, 0, 0, 0, 0, 0, 0, 0, 0, 0, 0, 0, 0, 0, 0, 0, 0, 0, 0, 0, 0, 0, 0, 0.00896861031651, 0.00448430515826, 0, 0.00672645727172, 0, 0.0134529145434, 0, 0.0201793722808, 0.0896860957146, 0, 0.403587430716, 0, 0.163677126169, 0, 0.183856502175, 0, 0, 0.051569506526, 0, 0, 0, 0, 0, 0, 0, 0, 0, 0, 0, 0, 0, 0, 0.00672645727172, 0, 0, 0.0201793722808, 0, 0, 0.0224215239286, 0, 0, 0, 0.00448430515826, 0, 0, 0, 0, 0, 0, 0, 0, 0, 0, 0, 0, 0, 0, 0, 0, 0, 0, 0, 0, 0, 0, 0, 0, 0, 0, 0, 0, 0, 0, 0, 0, 0, 0, 0, 0, 0, 0, 0, 0, 0, 0, 0, 0, 0, 0, 0, 0, 0, 0, 0, 0, 0, 0, 0, 0, 0, 0, 0, 0, 0, 0, 0, 0, 0, 0, 0, 0, 0, 0, 0, 0, 0, 0, 0, 0, 0, 0, 0, 0, 0, 0, 0, 0, 0, 0, 0, 0, 0, 0, 0, 0, 0, 0, 0, 0, 0, 0, 0, 0, 0, 0, 0, 0, 0, 0, 0, 0, 0, 0, 0, 0, 0, 0, 0, 0]
},
"tonal": {
    "chords_changes_rate": 0.0560214109719,
    "chords_number_rate": 0.00178412126843,
    "chords_strength": {
        "mean": 0.510843276978
    },
    "hpcp_crest": {
        "mean": 13.5741004944
    },
    "hpcp_entropy": {
        "mean": 1.96877992153
    },
    "key_edma": {
        "strength": 0.722560405731,
        "key": "F",
        "scale": "major"
    },
    "key_krumhansl": {
        "strength": 0.733861804008,
        "key": "F",
        "scale": "major"
    },
    "key_temperley": {
        "strength": 0.745359063148,
        "key": "F",
        "scale": "major"
    },
    "tuning_diatonic_strength": 0.608939051628,
    "tuning_equal_tempered_deviation": 0.224060982466,
    "tuning_frequency": 434.193115234,
    "tuning_nontempered_energy_ratio": 0.96653419733,
    "hpcp": {
        "mean": [0.169261962175, 0.180374279618, 0.0797502025962, 0.136727392673, 0.195727452636, 0.110984429717, 0.0547025986016, 0.0589490756392, 0.0793210417032, 0.192190140486, 0.217936217785, 0.10805504024, 0.0741178020835, 0.0788315534592, 0.0826447159052, 0.125360995531, 0.135961845517, 0.0813634470105, 0.0472558252513, 0.0387032516301, 0.048800919205, 0.112376645207, 0.127876415849, 0.10027255863, 0.209022551775, 0.246831446886, 0.151537403464, 0.120312899351, 0.117253959179, 0.126899063587, 0.186973452568, 0.165462195873, 0.0696739032865, 0.0403592288494, 0.0400904677808, 0.063855946064]
    },
    "chords_histogram": [34.2372894287, 11.2934875488, 15.361284256, 0, 0.785013377666, 0, 2.96164131165, 0.196253344417, 1.98037469387, 0, 0, 0, 0, 0, 0.695807337761, 1.1596788168, 0.0356824249029, 4.87065124512, 0, 0.356824278831, 0.142729699612, 4.04995536804, 12.6315793991, 9.24174880981],
    "thpcp": [1, 0.613930702209, 0.487429380417, 0.475036561489, 0.514112234116, 0.757494449615, 0.670344889164, 0.282273203135, 0.163509264588, 0.162420421839, 0.258702635765, 0.685739040375, 0.730758905411, 0.323095798492, 0.553930222988, 0.792959928513, 0.449636518955, 0.22161924839, 0.238823205233, 0.321357101202, 0.77862906456, 0.882935404778, 0.437768518925, 0.300276994705, 0.319374024868, 0.33482247591, 0.507880985737, 0.550828695297, 0.329631596804, 0.191449776292, 0.156800329685, 0.197709485888, 0.455276846886, 0.518071830273, 0.406239002943, 0.846823036671],
    "chords_key": "F",
    "chords_scale": "major"
}
}