{
"metadata": {
    "version": {
        "essentia": "2.1-beta6-dev",
        "essentia_git_sha": "v2.1_beta5-1177-g1d1cc983",
        "extractor": "music 2.0"
    },
    "audio_properties": {
        "analysis": {
            "equal_loudness": 0,
            "length": 258.093322754,
            "sample_rate": 44100,
            "start_time": 0,
            "downmix": "mix"
        },
        "bit_rate": 1411200,
        "length": 258.093322754,
        "lossless": 1,
        "number_channels": 2,
        "replay_gain": -14.7859420776,
        "sample_rate": 44100,
        "codec": "pcm_s16le",
        "md5_encoded": "5ef9f4ea5b0f8a67797470c8642d1c9d"
    },
    "tags": {
        "file_name": "11 - The Front Bottoms - Legit Tattoo Gun.wav",
        "album": ["The Front Bottoms"],
        "albumartist": ["The Front Bottoms"],
        "artist": ["The Front Bottoms"],
        "copyright": ["2011 Bar None Records 2011 Bar None Records"],
        "date": ["2011"],
        "discnumber": ["1"],
        "disctotal": ["1"],
        "genre": ["Rock"],
        "isrc": ["US37V1120711"],
        "title": ["Legit Tattoo Gun"],
        "tracknumber": ["11"],
        "tracktotal": ["12"]
    }
},
"lowlevel": {
    "average_loudness": 0.949897646904,
    "barkbands_crest": {
        "mean": 12.0060367584
    },
    "barkbands_flatness_db": {
        "mean": 0.167202085257
    },
    "barkbands_kurtosis": {
        "mean": 9.37904548645
    },
    "barkbands_skewness": {
        "mean": 2.22549128532
    },
    "barkbands_spread": {
        "mean": 21.3044643402
    },
    "dissonance": {
        "mean": 0.462731748819
    },
    "dynamic_complexity": 2.42257380486,
    "erbbands_crest": {
        "mean": 8.68976974487
    },
    "erbbands_flatness_db": {
        "mean": 0.147266581655
    },
    "erbbands_kurtosis": {
        "mean": 2.30273604393
    },
    "erbbands_skewness": {
        "mean": 0.216760858893
    },
    "erbbands_spread": {
        "mean": 46.3770599365
    },
    "hfc": {
        "mean": 24.9679679871
    },
    "loudness_ebu128": {
        "integrated": -7.65984249115,
        "loudness_range": 3.85650348663,
        "momentary": {
            "mean": -8.26846122742
        },
        "short_term": {
            "mean": -7.9401473999
        }
    },
    "melbands_crest": {
        "mean": 16.2457447052
    },
    "melbands_flatness_db": {
        "mean": 0.244520351291
    },
    "melbands_kurtosis": {
        "mean": 26.9820156097
    },
    "melbands_skewness": {
        "mean": 3.75831031799
    },
    "melbands_spread": {
        "mean": 18.6458206177
    },
    "pitch_salience": {
        "mean": 0.464080780745
    },
    "silence_rate_20dB": {
        "mean": 1
    },
    "silence_rate_30dB": {
        "mean": 0.999370336533
    },
    "silence_rate_60dB": {
        "mean": 0.0221282728016
    },
    "spectral_centroid": {
        "mean": 1278.99304199
    },
    "spectral_complexity": {
        "mean": 19.9764328003
    },
    "spectral_decrease": {
        "mean": -1.07259472415e-08
    },
    "spectral_energy": {
        "mean": 0.0427468046546
    },
    "spectral_energyband_high": {
        "mean": 0.00114466343075
    },
    "spectral_energyband_low": {
        "mean": 0.0249000936747
    },
    "spectral_energyband_middle_high": {
        "mean": 0.00646453909576
    },
    "spectral_energyband_middle_low": {
        "mean": 0.0118982205167
    },
    "spectral_entropy": {
        "mean": 7.4398598671
    },
    "spectral_flux": {
        "mean": 0.0873958319426
    },
    "spectral_kurtosis": {
        "mean": 5.96722412109
    },
    "spectral_rms": {
        "mean": 0.00622736662626
    },
    "spectral_rolloff": {
        "mean": 1076.84265137
    },
    "spectral_skewness": {
        "mean": 1.59384155273
    },
    "spectral_spread": {
        "mean": 4637102.5
    },
    "spectral_strongpeak": {
        "mean": 0.714552938938
    },
    "zerocrossingrate": {
        "mean": 0.0487635172904
    },
    "barkbands": {
        "mean": [0.000144381818245, 0.0159618631005, 0.00724824750796, 0.00295335007831, 0.00305398181081, 0.0022763768211, 0.00159197091125, 0.000707076047547, 0.00106593803503, 0.000918145524338, 0.000542634632438, 0.000867006951012, 0.000864598783664, 0.00071759452112, 0.000763890100643, 0.000395918905269, 0.000525380310137, 0.000423345365562, 0.000380076904548, 0.000334921962349, 0.000262308691163, 0.00025594982435, 0.000173390682903, 0.000182684903848, 8.42899316922e-05, 3.89843517041e-05, 1.15771781566e-05]
    },
    "erbbands": {
        "mean": [0.303198486567, 4.11070775986, 9.33686542511, 8.94974803925, 10.8627195358, 8.88350296021, 13.431385994, 18.3660411835, 25.3456707001, 17.6853599548, 17.2610797882, 22.6368122101, 27.0286388397, 30.5046291351, 26.7599925995, 34.4278411865, 41.8412017822, 39.5835227966, 42.5391731262, 26.8132896423, 23.9939880371, 29.2126464844, 25.2410640717, 17.6456108093, 21.6316585541, 15.4053010941, 10.5581970215, 10.7351293564, 9.8047542572, 6.51011610031, 4.72191905975, 4.24288845062, 2.66942334175, 1.23782992363, 0.452527582645, 0.213159158826, 0.0608019456267, 0.0107514197007, 0.00132206990384, 0.000224495292059]
    },
    "gfcc": {
        "mean": [9.7918548584, 101.466659546, -101.52633667, 45.4641723633, -43.4052619934, 17.5355091095, -30.1069202423, 6.92779493332, -16.3180122375, 1.67956840992, -10.3666963577, -3.82918548584, -10.7540988922],
        "cov": [[10348.8066406, -2061.60888672, -1192.09692383, 321.968353271, -1327.77734375, 249.658126831, -396.199432373, 169.850479126, -504.413818359, 120.341545105, -182.131759644, 211.165039062, -211.267120361], [-2061.60888672, 2161.11767578, -197.963592529, -451.080230713, 548.73638916, -330.910858154, 165.384384155, -66.7800827026, 322.34375, -107.441009521, 202.074935913, -74.5000762939, 211.285064697], [-1192.09692383, -197.963592529, 1015.8862915, 166.483322144, 185.914825439, 112.14881897, 80.0478820801, -17.6141548157, 44.5801811218, 101.445045471, -67.1072463989, 55.3815002441, -40.411491394], [321.968353271, -451.080230713, 166.483322144, 489.190368652, -65.1167526245, 84.9651260376, -39.2184371948, 17.0469303131, -10.9506387711, 21.1965789795, -40.1393661499, -9.98023509979, -50.5532493591], [-1327.77734375, 548.73638916, 185.914825439, -65.1167526245, 488.464385986, -54.5671424866, 61.5223846436, -5.79478645325, 140.416931152, 11.9348611832, 31.1337566376, -27.2101135254, 40.9462089539], [249.658126831, -330.910858154, 112.14881897, 84.9651260376, -54.5671424866, 277.580322266, 73.3541183472, -1.645794034, -72.5218582153, 32.5252876282, -10.618680954, 1.95092427731, -31.0198383331], [-396.199432373, 165.384384155, 80.0478820801, -39.2184371948, 61.5223846436, 73.3541183472, 260.801086426, 18.8490905762, -3.18564391136, -19.5382270813, 30.8546657562, 18.1819019318, 10.9946660995], [169.850479126, -66.7800827026, -17.6141548157, 17.0469303131, -5.79478645325, -1.645794034, 18.8490905762, 112.083992004, 20.3526573181, -6.27947473526, -2.25488376617, 3.63409590721, -5.52004289627], [-504.413818359, 322.34375, 44.5801811218, -10.9506387711, 140.416931152, -72.5218582153, -3.18564391136, 20.3526573181, 176.726119995, 29.4173355103, 20.7383365631, -19.7239627838, 31.6125240326], [120.341545105, -107.441009521, 101.445045471, 21.1965789795, 11.9348611832, 32.5252876282, -19.5382270813, -6.27947473526, 29.4173355103, 114.164833069, 11.0349903107, 21.2270526886, -17.587688446], [-182.131759644, 202.074935913, -67.1072463989, -40.1393661499, 31.1337566376, -10.618680954, 30.8546657562, -2.25488376617, 20.7383365631, 11.0349903107, 109.631622314, 20.4774608612, 22.3438472748], [211.165039062, -74.5000762939, 55.3815002441, -9.98023509979, -27.2101135254, 1.95092427731, 18.1819019318, 3.63409590721, -19.7239627838, 21.2270526886, 20.4774608612, 100.642753601, 21.9968013763], [-211.267120361, 211.285064697, -40.411491394, -50.5532493591, 40.9462089539, -31.0198383331, 10.9946660995, -5.52004289627, 31.6125240326, -17.587688446, 22.3438472748, 21.9968013763, 99.359413147]],
        "icov": [[0.000256914121564, -0.000184147618711, 0.000377214280888, -0.000197773391847, 0.000427918450441, -0.000265757262241, 0.000279782398138, -0.000486656063003, 0.000420106167439, -0.000644625921268, 0.000741004361771, -0.000844613066874, 0.000445924466476], [-0.000184147618711, 0.00223179953173, -0.00026595822419, 0.00111941574141, -0.00125899014529, 0.001421035151, -0.00126574561, 0.00190100318287, -0.00249391584657, 0.00213235709816, -0.00300972140394, 0.00222345930524, -0.00211237859912], [0.000377214280888, -0.00026595822419, 0.00211979658343, -0.000728697748855, -0.000100922290585, -0.000748385617044, -6.78177311784e-05, -0.000253748003161, 0.000292781449389, -0.00184615352191, 0.00246932636946, -0.00254709203728, 0.00124903197866], [-0.000197773391847, 0.00111941574141, -0.000728697748855, 0.00311964517459, -0.000366305088392, 4.99900579598e-06, -8.44440000947e-05, 0.0007057088078, -0.00187095208094, 0.00167883234099, -0.00157214817591, 0.00153158733156, -0.000402080186177], [0.000427918450441, -0.00125899014529, -0.000100922290585, -0.000366305088392, 0.00436711404473, -0.00072789582191, 0.000404220423661, -0.0011309053516, -0.00031510318513, -0.00148113374598, 0.00158250262029, -0.000918352394365, 0.000910681847017], [-0.000265757262241, 0.001421035151, -0.000748385617044, 4.99900579598e-06, -0.00072789582191, 0.0064721563831, -0.00275264750235, 0.00116542039905, 0.00102407019585, -0.00087431416614, -0.00223473180085, 0.00341713428497, -0.00193335127551], [0.000279782398138, -0.00126574561, -6.78177311784e-05, -8.44440000947e-05, 0.000404220423661, -0.00275264750235, 0.00603465735912, -0.00224143848754, 0.00130517897196, 0.000594010518398, 0.000467933277832, -0.00264926883392, 0.00156884850003], [-0.000486656063003, 0.00190100318287, -0.000253748003161, 0.0007057088078, -0.0011309053516, 0.00116542039905, -0.00224143848754, 0.0119496891275, -0.00486512901261, 0.00363147584721, -0.00244377460331, 0.00119269103743, -0.000603326421697], [0.000420106167439, -0.00249391584657, 0.000292781449389, -0.00187095208094, -0.00031510318513, 0.00102407019585, 0.00130517897196, -0.00486512901261, 0.0135269202292, -0.0069865253754, 0.00273540732451, 0.000519236491527, -0.000872027478181], [-0.000644625921268, 0.00213235709816, -0.00184615352191, 0.00167883234099, -0.00148113374598, -0.00087431416614, 0.000594010518398, 0.00363147584721, -0.0069865253754, 0.0160671509802, -0.00572982057929, -0.000341784325428, 0.00110278406646], [0.000741004361771, -0.00300972140394, 0.00246932636946, -0.00157214817591, 0.00158250262029, -0.00223473180085, 0.000467933277832, -0.00244377460331, 0.00273540732451, -0.00572982057929, 0.0168500747532, -0.00705973384902, 0.00253188563511], [-0.000844613066874, 0.00222345930524, -0.00254709203728, 0.00153158733156, -0.000918352394365, 0.00341713428497, -0.00264926883392, 0.00119269103743, 0.000519236491527, -0.000341784325428, -0.00705973384902, 0.0183150712401, -0.00766883743927], [0.000445924466476, -0.00211237859912, 0.00124903197866, -0.000402080186177, 0.000910681847017, -0.00193335127551, 0.00156884850003, -0.000603326421697, -0.000872027478181, 0.00110278406646, 0.00253188563511, -0.00766883743927, 0.0162230394781]]
    },
    "melbands": {
        "mean": [0.00372090889141, 0.00506412237883, 0.00164042308461, 0.000708255334757, 0.000438007235061, 0.000421663949965, 0.000382638158044, 0.00017856505292, 0.000141202297527, 0.000146418155055, 0.000135037946166, 0.000124866564875, 8.70716685313e-05, 9.50056200963e-05, 9.77637755568e-05, 8.13283550087e-05, 6.95499111316e-05, 6.68878783472e-05, 4.58808535768e-05, 2.78615880234e-05, 2.74638496194e-05, 2.92423719657e-05, 2.95439767797e-05, 1.91330127564e-05, 1.29129075503e-05, 1.6552854504e-05, 1.41396603794e-05, 9.1178508228e-06, 6.72738724461e-06, 5.98125780016e-06, 6.32331921224e-06, 5.87249860473e-06, 4.34338790001e-06, 3.33126945407e-06, 2.63435413217e-06, 2.70352575171e-06, 2.53327266364e-06, 1.90875312001e-06, 1.52805091602e-06, 8.81902167293e-07]
    },
    "melbands128": {
        "mean": [0.000133030698635, 0.00152851932216, 0.00556457322091, 0.00729821017012, 0.00569200143218, 0.00309947808273, 0.00176577526145, 0.00143023417331, 0.00109833967872, 0.000715377100278, 0.000415398390032, 0.00038374439464, 0.000496038352139, 0.000440255709691, 0.000357805838576, 0.000499974819832, 0.000391655892599, 0.000437817478087, 0.000247892807238, 0.000198584893951, 0.000121155339002, 0.000164329394465, 0.000125641032355, 0.000138281364343, 0.000160119583597, 0.000119920194265, 0.000203463787329, 0.000117645984574, 8.53192759678e-05, 0.000178817499545, 0.000104026752524, 8.9752189524e-05, 0.000105374499981, 4.73414693261e-05, 0.000127622348373, 9.21597602428e-05, 7.93344661361e-05, 8.12100697658e-05, 0.000141339609399, 8.37028710521e-05, 4.2641255277e-05, 0.000115977192763, 7.55808505346e-05, 4.47581514891e-05, 4.74838525406e-05, 8.32176738186e-05, 7.87028038758e-05, 4.00699063903e-05, 3.440378714e-05, 3.91027315345e-05, 1.98189845833e-05, 2.361751649e-05, 3.61903803423e-05, 2.16519201786e-05, 2.69491374638e-05, 3.00541614706e-05, 2.85168407572e-05, 4.01122124458e-05, 2.56977618847e-05, 1.87498753803e-05, 2.18050481635e-05, 1.62985379575e-05, 1.29701247715e-05, 1.13860778583e-05, 1.36570743052e-05, 1.86431316251e-05, 1.66165064002e-05, 1.52942266141e-05, 1.35642785608e-05, 1.299862015e-05, 8.49627849675e-06, 7.81286871643e-06, 7.49703394831e-06, 6.58137605569e-06, 5.75140256842e-06, 5.57223756914e-06, 6.61471358399e-06, 5.86952864978e-06, 6.63285118208e-06, 6.12317580817e-06, 6.40947519059e-06, 5.28354757989e-06, 5.609298114e-06, 4.03973626817e-06, 3.61938145943e-06, 3.67883285435e-06, 3.32052036356e-06, 2.46105946644e-06, 2.6901691399e-06, 2.47675689025e-06, 2.86605245492e-06, 2.53555253948e-06, 2.988518645e-06, 2.64718528342e-06, 2.23304459723e-06, 1.94051108338e-06, 1.85681039966e-06, 1.82489679901e-06, 1.67927021266e-06, 1.3291257801e-06, 1.001357532e-06, 8.43693896968e-07, 6.84944382101e-07, 5.48482717022e-07, 4.90290460675e-07, 4.34886175071e-07, 3.7049002799e-07, 3.37189675292e-07, 3.34575389616e-07, 4.42641663767e-07, 3.78639271048e-07, 2.0581464355e-07, 1.46692002545e-07, 1.32466297487e-07, 1.13146093383e-07, 9.91502915326e-08, 6.85504844e-08, 5.8331711017e-08, 4.48070878178e-08, 3.56251632638e-08, 3.0717927757e-08, 3.02486036219e-08, 3.51873090665e-08, 4.53940849354e-08, 7.81335813826e-08, 6.58231584794e-08, 2.77617928646e-08, 6.3132432615e-09]
    },
    "mfcc": {
        "mean": [-635.239379883, 126.967750549, 9.13157463074, 34.039806366, 13.8882875443, 13.8991718292, 4.1625418663, 6.63401412964, 0.434781432152, 7.02004480362, 3.97018265724, 1.10930669308, -1.95381522179],
        "cov": [[9662.58691406, -2439.34326172, -319.207702637, -324.821411133, -790.59552002, -270.904449463, -133.406829834, -97.1102676392, -329.8097229, -241.847290039, -133.200408936, -47.9787406921, -158.756591797], [-2439.34326172, 2482.38354492, -523.552429199, -17.2921390533, 212.555725098, -105.744903564, -75.7490158081, 5.45353031158, 83.4491729736, 62.7479019165, -4.25453996658, 11.5997467041, 134.577819824], [-319.207702637, -523.552429199, 748.335510254, 106.692977905, 13.3999853134, 176.783584595, 55.9172363281, 11.9151630402, 41.1238441467, 6.69089460373, 35.8623161316, 14.8594274521, -5.9241976738], [-324.821411133, -17.2921390533, 106.692977905, 330.946075439, 114.131500244, 14.8036909103, -55.2011909485, 15.9388198853, 33.3232879639, 37.4653091431, 14.7198562622, 3.94186377525, 28.2692146301], [-790.59552002, 212.555725098, 13.3999853134, 114.131500244, 334.49130249, 35.668006897, -60.5312232971, -27.7807216644, 40.250164032, 66.7264556885, 26.185798645, 4.23566102982, 11.9255084991], [-270.904449463, -105.744903564, 176.783584595, 14.8036909103, 35.668006897, 229.204071045, 88.3806304932, 3.51765608788, 30.2233543396, 19.1999568939, 34.2425994873, 17.7949943542, -6.91321611404], [-133.406829834, -75.7490158081, 55.9172363281, -55.2011909485, -60.5312232971, 88.3806304932, 220.185256958, 75.5197601318, 7.8505730629, -20.7355384827, 14.1938304901, 23.0964946747, 1.57991731167], [-97.1102676392, 5.45353031158, 11.9151630402, 15.9388198853, -27.7807216644, 3.51765608788, 75.5197601318, 132.787796021, 35.8075637817, 1.44549131393, -0.407259464264, 7.0238494873, 14.002910614], [-329.8097229, 83.4491729736, 41.1238441467, 33.3232879639, 40.250164032, 30.2233543396, 7.8505730629, 35.8075637817, 109.813728333, 37.4719467163, 3.8306927681, -3.38813591003, 4.57589149475], [-241.847290039, 62.7479019165, 6.69089460373, 37.4653091431, 66.7264556885, 19.1999568939, -20.7355384827, 1.44549131393, 37.4719467163, 114.531326294, 43.0563697815, -6.42046642303, -14.3451595306], [-133.200408936, -4.25453996658, 35.8623161316, 14.7198562622, 26.185798645, 34.2425994873, 14.1938304901, -0.407259464264, 3.8306927681, 43.0563697815, 97.6270370483, 20.7054271698, -6.36475849152], [-47.9787406921, 11.5997467041, 14.8594274521, 3.94186377525, 4.23566102982, 17.7949943542, 23.0964946747, 7.0238494873, -3.38813591003, -6.42046642303, 20.7054271698, 84.5064086914, 45.001499176], [-158.756591797, 134.577819824, -5.9241976738, 28.2692146301, 11.9255084991, -6.91321611404, 1.57991731167, 14.002910614, 4.57589149475, -14.3451595306, -6.36475849152, 45.001499176, 99.1058044434]],
        "icov": [[0.000204703697818, 0.000212146536796, 0.000188712539966, 4.96360917168e-05, 0.000328058609739, 5.59793943467e-06, 0.000251547491644, -1.32973600557e-05, 0.000211557737202, 4.75633278256e-05, 6.73449176247e-05, -4.82313262182e-05, 1.90826885955e-05], [0.000212146536796, 0.000805147574283, 0.000599621271249, 0.000198860201635, 1.98925572477e-05, 3.87836298614e-05, 0.000259036780335, 4.7055844334e-05, -0.000241133442614, -5.73390461795e-05, -7.33191918698e-05, 0.000308925024001, -0.000926987675484], [0.000188712539966, 0.000599621271249, 0.00221103266813, -0.000460783601739, 0.000349271780578, -0.00128283607773, 0.000299254897982, 7.2566603194e-05, -0.000506014213897, 0.000416768772993, -0.000364041159628, 0.000133328037919, -0.000395107053919], [4.96360917168e-05, 0.000198860201635, -0.000460783601739, 0.00406926404685, -0.00106903864071, -7.87189783296e-05, 0.00134274014272, -0.00124851847067, -0.000112148190965, -0.000431510619819, -0.000246462092036, 0.000457927206298, -0.00138169189449], [0.000328058609739, 1.98925572477e-05, 0.000349271780578, -0.00106903864071, 0.00476768892258, -0.000814943283331, 0.00112924526911, 0.000810783938505, -0.000249485252425, -0.00138690858148, 4.66048259113e-05, -0.000437381182564, 7.35738503863e-05], [5.59793943467e-06, 3.87836298614e-05, -0.00128283607773, -7.87189783296e-05, -0.000814943283331, 0.00720780203119, -0.00336751132272, 0.00206536217593, -0.00149123289157, -0.000422347220592, -0.000905439141206, -0.000640087469947, 0.00050500506768], [0.000251547491644, 0.000259036780335, 0.000299254897982, 0.00134274014272, 0.00112924526911, -0.00336751132272, 0.00865812413394, -0.00489500816911, 0.00101210549474, 0.00140032556374, -0.000703527766746, -0.0012988896342, 0.000569469644688], [-1.32973600557e-05, 4.7055844334e-05, 7.2566603194e-05, -0.00124851847067, 0.000810783938505, 0.00206536217593, -0.00489500816911, 0.0117224287242, -0.00385089335032, -0.0004366087378, 0.000137877956149, 0.000397599593271, -0.00131355854683], [0.000211557737202, -0.000241133442614, -0.000506014213897, -0.000112148190965, -0.000249485252425, -0.00149123289157, 0.00101210549474, -0.00385089335032, 0.0130498409271, -0.00371182477102, 0.00193512241822, 0.000432261585956, -8.97677382454e-05], [4.75633278256e-05, -5.73390461795e-05, 0.000416768772993, -0.000431510619819, -0.00138690858148, -0.000422347220592, 0.00140032556374, -0.0004366087378, -0.00371182477102, 0.0137912398204, -0.00578584894538, 0.00118561519776, 0.00173651485238], [6.73449176247e-05, -7.33191918698e-05, -0.000364041159628, -0.000246462092036, 4.66048259113e-05, -0.000905439141206, -0.000703527766746, 0.000137877956149, 0.00193512241822, -0.00578584894538, 0.0145222935826, -0.00465003447607, 0.00229623634368], [-4.82313262182e-05, 0.000308925024001, 0.000133328037919, 0.000457927206298, -0.000437381182564, -0.000640087469947, -0.0012988896342, 0.000397599593271, 0.000432261585956, 0.00118561519776, -0.00465003447607, 0.0182894784957, -0.00909867789596], [1.90826885955e-05, -0.000926987675484, -0.000395107053919, -0.00138169189449, 7.35738503863e-05, 0.00050500506768, 0.000569469644688, -0.00131355854683, -8.97677382454e-05, 0.00173651485238, 0.00229623634368, -0.00909867789596, 0.0164874140173]]
    },
    "spectral_contrast_coeffs": {
        "mean": [-0.70641374588, -0.721597194672, -0.728131771088, -0.758025109768, -0.765186488628, -0.761763453484]
    },
    "spectral_contrast_valleys": {
        "mean": [-6.25936222076, -7.00546598434, -7.82628917694, -7.81160068512, -7.75098466873, -10.2112884521]
    }
},
"rhythm": {
    "beats_count": 555,
    "beats_loudness": {
        "mean": 0.0593396089971
    },
    "bpm": 133.985244751,
    "bpm_histogram_first_peak_bpm": 133,
    "bpm_histogram_first_peak_weight": 0.473053872585,
    "bpm_histogram_second_peak_bpm": 83,
    "bpm_histogram_second_peak_spread": 0.392857134342,
    "bpm_histogram_second_peak_weight": 0.0306859202683,
    "danceability": 1.05570101738,
    "onset_rate": 3.86264920235,
    "beats_loudness_band_ratio": {
        "mean": [0.690920233727, 0.097398981452, 0.0756811574101, 0.0724846720695, 0.0500516295433, 0.0458957478404]
    },
    "beats_position": [0.406349211931, 0.824308395386, 1.24226760864, 1.67183673382, 2.11301589012, 2.55419492722, 3.00698399544, 3.44816327095, 3.90095233917, 4.34213161469, 4.79492044449, 5.24770975113, 5.6888885498, 6.13006782532, 6.58285713196, 7.03564596176, 7.47682523727, 7.91800451279, 8.37079334259, 8.82358264923, 9.26476192474, 9.71755123138, 10.1703395844, 10.6115188599, 11.0643081665, 11.5170974731, 11.9582767487, 12.3994560242, 12.8522443771, 13.3050336838, 13.7462129593, 14.1873922348, 14.6401815414, 15.0929698944, 15.5341491699, 15.9753284454, 16.4281177521, 16.8809070587, 17.3336963654, 17.7748756409, 18.2276649475, 18.6688423157, 19.1332416534, 19.574420929, 20.0156002045, 20.45677948, 20.9095687866, 21.3623580933, 21.8035373688, 22.2563266754, 22.7091159821, 23.1502952576, 23.5914726257, 24.0442619324, 24.497051239, 24.9382305145, 25.37940979, 25.8321990967, 26.2849884033, 26.7261676788, 27.1789569855, 27.6317462921, 28.0845336914, 28.5257129669, 28.9785022736, 29.4196815491, 29.8608608246, 30.3136501312, 30.7664394379, 31.2076187134, 31.66040802, 32.1131973267, 32.5543746948, 32.9955558777, 33.4483451843, 33.8895225525, 34.3423118591, 34.783493042, 35.2362823486, 35.6890678406, 36.1302490234, 36.5714263916, 37.0242156982, 37.4770050049, 37.9297943115, 38.3709754944, 38.823764801, 39.2649421692, 39.7177314758, 40.1705207825, 40.6116981506, 41.0528793335, 41.5056686401, 41.9584579468, 42.3996353149, 42.8408164978, 43.2936058044, 43.7463951111, 44.1991844177, 44.6519737244, 45.0931510925, 45.5343284607, 45.9871177673, 46.439907074, 46.8810882568, 47.322265625, 47.7750549316, 48.2278442383, 48.6690254211, 49.1218147278, 49.5746040344, 50.0157814026, 50.4569587708, 50.9097480774, 51.362537384, 51.8037185669, 52.2565078735, 52.7092971802, 53.1504745483, 53.5916557312, 54.0444450378, 54.4972343445, 54.9500198364, 55.3912010193, 55.8439903259, 56.2851676941, 56.726348877, 57.1791381836, 57.6319274902, 58.0847167969, 58.5375061035, 58.9786834717, 59.4198646545, 59.8726501465, 60.3254394531, 60.766620636, 61.2077980042, 61.648979187, 62.1017684937, 62.5545578003, 62.9957351685, 63.4485244751, 63.9013137817, 64.3424911499, 64.7836685181, 65.2364578247, 65.6892471313, 66.1304321289, 66.5716094971, 67.0243988037, 67.4771881104, 67.9183654785, 68.3711547852, 68.8239440918, 69.2767333984, 69.7179107666, 70.1590881348, 70.6118774414, 71.064666748, 71.5174560547, 71.9586410522, 72.3998184204, 72.8526077271, 73.3053970337, 73.7465744019, 74.1993637085, 74.6521530151, 75.0933303833, 75.5345077515, 75.975692749, 76.4284820557, 76.8812713623, 77.3340606689, 77.7868499756, 78.2280273438, 78.6692047119, 79.1219940186, 79.5631713867, 80.0159606934, 80.4571380615, 80.8983230591, 81.3511123657, 81.8039016724, 82.256690979, 82.7094802856, 83.1506576538, 83.6034469604, 84.0562362671, 84.4974136353, 84.9385910034, 85.3913803101, 85.8441696167, 86.2853469849, 86.7265319824, 87.1793212891, 87.6321105957, 88.0732879639, 88.5260772705, 88.9788665771, 89.4200439453, 89.872833252, 90.3256225586, 90.7667999268, 91.2079772949, 91.6607666016, 92.1135559082, 92.5547409058, 92.9959182739, 93.4487075806, 93.9014968872, 94.3426742554, 94.7838516235, 95.2366409302, 95.6894302368, 96.1422195435, 96.5950088501, 97.0361862183, 97.4773712158, 97.9417648315, 98.3829498291, 98.8241271973, 99.2653045654, 99.7180938721, 100.15927124, 100.612060547, 101.053237915, 101.506027222, 101.958816528, 102.400001526, 102.841178894, 103.293968201, 103.746757507, 104.211151123, 104.652336121, 105.093513489, 105.534690857, 105.987480164, 106.44026947, 106.881446838, 107.322631836, 107.775421143, 108.22820282, 108.669387817, 109.122177124, 109.574966431, 110.016143799, 110.468933105, 110.921722412, 111.36289978, 111.804077148, 112.256866455, 112.709655762, 113.15083313, 113.592018127, 114.033195496, 114.485984802, 114.938774109, 115.379951477, 115.832740784, 116.28553009, 116.738319397, 117.191108704, 117.632286072, 118.07346344, 118.514648438, 118.967437744, 119.420227051, 119.861404419, 120.314193726, 120.766983032, 121.2081604, 121.660949707, 122.113739014, 122.554916382, 122.99609375, 123.448883057, 123.901672363, 124.342857361, 124.784034729, 125.236824036, 125.689613342, 126.13079071, 126.583580017, 127.036369324, 127.477546692, 127.930335999, 128.383132935, 128.824310303, 129.277099609, 129.741500854, 130.205886841, 130.681900024, 131.169525146, 131.65713501, 132.144760132, 132.84135437, 133.51473999, 134.234558105, 134.954376221, 135.674194336, 136.394012451, 137.113830566, 137.833648682, 138.565078735, 139.296508789, 140.016326904, 140.724533081, 141.444351196, 142.152557373, 142.872375488, 143.592193604, 144.312011719, 145.043441772, 145.774871826, 146.50630188, 147.214508057, 147.922714233, 148.63092041, 149.339141846, 150.047348022, 150.767166138, 151.475372314, 152.183578491, 152.891784668, 153.495513916, 154.076004028, 154.610061646, 155.132507324, 155.6665802, 156.119369507, 156.572158813, 157.024932861, 157.477722168, 157.930511475, 158.383300781, 158.824493408, 159.277282715, 159.730072021, 160.17124939, 160.624038696, 161.076828003, 161.518005371, 161.959182739, 162.411972046, 162.864761353, 163.305938721, 163.747116089, 164.199905396, 164.652694702, 165.09387207, 165.535049438, 165.987838745, 166.440628052, 166.88180542, 167.322982788, 167.775772095, 168.228561401, 168.669754028, 169.110931396, 169.563720703, 170.01651001, 170.457687378, 170.898864746, 171.340042114, 171.792831421, 172.245620728, 172.698410034, 173.151199341, 173.592376709, 174.033554077, 174.486343384, 174.93913269, 175.380310059, 175.833099365, 176.285888672, 176.72706604, 177.168243408, 177.621032715, 178.073822021, 178.526611328, 178.979400635, 179.44380188, 179.908203125, 180.37260437, 180.813781738, 181.254959106, 181.696136475, 182.148925781, 182.590103149, 183.031295776, 183.484085083, 183.93687439, 184.378051758, 184.819229126, 185.272018433, 185.736419678, 186.177597046, 186.618774414, 187.071563721, 187.524353027, 187.965530396, 188.406707764, 188.847885132, 189.300674438, 189.753463745, 190.194641113, 190.64743042, 191.088607788, 191.529785156, 191.959365845, 192.412155151, 192.85333252, 193.306121826, 193.747299194, 194.188476562, 194.641265869, 195.082443237, 195.535232544, 195.976409912, 196.41758728, 196.870376587, 197.323165894, 197.764343262, 198.217132568, 198.669921875, 199.111114502, 199.563903809, 200.016693115, 200.457870483, 200.91065979, 201.351837158, 201.804626465, 202.245803833, 202.710205078, 203.151382446, 203.592559814, 204.033737183, 204.486526489, 204.927703857, 205.380493164, 205.821670532, 206.274459839, 206.727249146, 207.168426514, 207.609603882, 208.062393188, 208.515182495, 208.967971802, 209.420761108, 209.861953735, 210.303131104, 210.744308472, 211.197097778, 211.649887085, 212.091064453, 212.555465698, 212.996643066, 213.437820435, 213.878997803, 214.320175171, 214.761352539, 215.214141846, 215.666931152, 216.119720459, 216.572509766, 217.025299072, 217.478088379, 217.919265747, 218.372055054, 218.82484436, 219.266021729, 219.718811035, 220.171600342, 220.60118103, 221.053970337, 221.495147705, 221.936325073, 222.377502441, 222.830291748, 223.283081055, 223.724258423, 224.177047729, 224.629837036, 225.094238281, 225.535415649, 225.988204956, 226.440994263, 226.905395508, 227.346572876, 227.787750244, 228.240539551, 228.693328857, 229.134506226, 229.575683594, 230.0284729, 230.481262207, 230.922439575, 231.375228882, 231.81640625, 232.269195557, 232.710388184, 233.151565552, 233.604354858, 234.057144165, 234.498321533, 234.939498901, 235.392288208, 235.845077515, 236.286254883, 236.727432251, 237.180221558, 237.633010864, 238.074188232, 238.515365601, 238.968154907, 239.420944214, 239.873733521, 240.326522827, 240.767700195, 241.220489502, 241.673278809, 242.114456177, 242.567245483, 243.02003479, 243.461227417, 243.902404785, 244.355194092, 244.807983398, 245.249160767, 245.690338135, 246.131515503, 246.58430481, 247.025482178, 247.478271484, 247.931060791, 248.383850098, 248.825027466, 249.277816772, 249.730606079, 250.171783447, 250.612960815, 251.054138184, 251.495330811, 251.936508179, 252.389297485, 252.876907349, 253.376144409, 253.875366211, 254.362991333, 254.862213135, 255.361450195, 255.860671997, 256.348297119, 256.835906982, 257.335144043],
    "bpm_histogram": [0, 0, 0, 0, 0, 0, 0, 0, 0, 0, 0, 0, 0, 0, 0, 0, 0, 0, 0, 0, 0, 0, 0, 0, 0, 0, 0, 0, 0, 0, 0, 0, 0, 0, 0, 0, 0, 0, 0, 0, 0, 0, 0, 0, 0, 0, 0, 0, 0, 0, 0, 0, 0, 0, 0, 0, 0, 0, 0, 0, 0, 0, 0, 0, 0, 0, 0, 0, 0, 0, 0, 0, 0, 0, 0, 0, 0, 0, 0, 0, 0, 0, 0.00902527105063, 0.021660650149, 0, 0.0180505421013, 0.00180505414028, 0, 0, 0.00180505414028, 0, 0, 0, 0, 0, 0, 0, 0, 0, 0.00180505414028, 0, 0, 0, 0.00180505414028, 0, 0, 0, 0, 0, 0, 0, 0, 0.00361010828055, 0, 0, 0.00180505414028, 0, 0, 0, 0, 0.0108303250745, 0, 0, 0.0126353790984, 0, 0, 0.00180505414028, 0, 0, 0.0234657041728, 0, 0, 0, 0.476534307003, 0, 0, 0.404332131147, 0, 0, 0, 0.00541516253725, 0, 0, 0, 0.00361010828055, 0, 0, 0, 0, 0, 0, 0, 0, 0, 0, 0, 0, 0, 0, 0, 0, 0, 0, 0, 0, 0, 0, 0, 0, 0, 0, 0, 0, 0, 0, 0, 0, 0, 0, 0, 0, 0, 0, 0, 0, 0, 0, 0, 0, 0, 0, 0, 0, 0, 0, 0, 0, 0, 0, 0, 0, 0, 0, 0, 0, 0, 0, 0, 0, 0, 0, 0, 0, 0, 0, 0, 0, 0, 0, 0, 0, 0, 0, 0, 0, 0, 0, 0, 0, 0, 0, 0, 0, 0, 0, 0, 0, 0, 0, 0, 0, 0, 0, 0, 0, 0, 0, 0, 0, 0]
},
"tonal": {
    "chords_changes_rate": 0.0473106689751,
    "chords_number_rate": 0.0017988847103,
    "chords_strength": {
        "mean": 0.530945181847
    },
    "hpcp_crest": {
        "mean": 14.0669116974
    },
    "hpcp_entropy": {
        "mean": 1.93402707577
    },
    "key_edma": {
        "strength": 0.690964400768,
        "key": "D",
        "scale": "major"
    },
    "key_krumhansl": {
        "strength": 0.701139569283,
        "key": "D",
        "scale": "major"
    },
    "key_temperley": {
        "strength": 0.719775557518,
        "key": "G",
        "scale": "major"
    },
    "tuning_diatonic_strength": 0.527074158192,
    "tuning_equal_tempered_deviation": 0.0836669951677,
    "tuning_frequency": 441.527557373,
    "tuning_nontempered_energy_ratio": 0.691853523254,
    "hpcp": {
        "mean": [0.217134386301, 0.10031991452, 0.0416346378624, 0.0362064056098, 0.0349185392261, 0.0815935954452, 0.123488046229, 0.0899233594537, 0.116918422282, 0.113723881543, 0.0485528558493, 0.0691358521581, 0.0833226442337, 0.0674865618348, 0.155514940619, 0.233217224479, 0.145777672529, 0.0725410506129, 0.0607710331678, 0.0630307644606, 0.172075152397, 0.240624219179, 0.140914469957, 0.0565123036504, 0.0399202816188, 0.0397253222764, 0.108937762678, 0.144495114684, 0.0879146978259, 0.130674645305, 0.184591978788, 0.111227937043, 0.0544367320836, 0.0630762130022, 0.0871764570475, 0.190488010645]
    },
    "chords_histogram": [6.65587329865, 2.77028250694, 21.1548843384, 9.13833427429, 20.3094081879, 0, 5.16279888153, 0.233855009079, 0.881453514099, 0, 0, 0, 0, 0, 0.0719553902745, 0.0899442359805, 0, 1.42111885548, 0.0179888475686, 0.773520410061, 0, 3.92156863213, 11.9625835419, 15.434431076],
    "thpcp": [1, 0.585620462894, 0.234857082367, 0.165903002024, 0.165092781186, 0.452729821205, 0.60050112009, 0.365360975266, 0.54306524992, 0.767138004303, 0.462247461081, 0.226231306791, 0.262135773897, 0.362292945385, 0.791641056538, 0.902379572392, 0.416915297508, 0.173027634621, 0.150468662381, 0.145116478205, 0.339091360569, 0.51319873333, 0.373708695173, 0.485896319151, 0.472620248795, 0.201778754592, 0.287318766117, 0.346277058125, 0.280464529991, 0.646297931671, 0.969217598438, 0.60583126545, 0.301470279694, 0.252555757761, 0.261946886778, 0.715119838715],
    "chords_key": "D",
    "chords_scale": "major"
}
}