{
"metadata": {
    "version": {
        "essentia": "2.1-beta6-dev",
        "essentia_git_sha": "v2.1_beta5-1177-g1d1cc983",
        "extractor": "music 2.0"
    },
    "audio_properties": {
        "analysis": {
            "equal_loudness": 0,
            "length": 212.253326416,
            "sample_rate": 44100,
            "start_time": 0,
            "downmix": "mix"
        },
        "bit_rate": 1411200,
        "length": 212.253326416,
        "lossless": 1,
        "number_channels": 2,
        "replay_gain": -15.4657716751,
        "sample_rate": 44100,
        "codec": "pcm_s16le",
        "md5_encoded": "864548af1d118ae4bc72ddf46681e054"
    },
    "tags": {
        "file_name": "06 - The Front Bottoms - The Beers.wav",
        "album": ["The Front Bottoms"],
        "albumartist": ["The Front Bottoms"],
        "artist": ["The Front Bottoms"],
        "copyright": ["2011 Bar None Records 2011 Bar None Records"],
        "date": ["2011"],
        "discnumber": ["1"],
        "disctotal": ["1"],
        "genre": ["Rock"],
        "isrc": ["US37V1120706"],
        "title": ["The Beers"],
        "tracknumber": ["6"],
        "tracktotal": ["12"]
    }
},
"lowlevel": {
    "average_loudness": 0.93279504776,
    "barkbands_crest": {
        "mean": 10.8195085526
    },
    "barkbands_flatness_db": {
        "mean": 0.138291716576
    },
    "barkbands_kurtosis": {
        "mean": 11.1102781296
    },
    "barkbands_skewness": {
        "mean": 1.66711318493
    },
    "barkbands_spread": {
        "mean": 23.7515964508
    },
    "dissonance": {
        "mean": 0.458609491587
    },
    "dynamic_complexity": 3.32637739182,
    "erbbands_crest": {
        "mean": 10.1869926453
    },
    "erbbands_flatness_db": {
        "mean": 0.147903636098
    },
    "erbbands_kurtosis": {
        "mean": 3.09435176849
    },
    "erbbands_skewness": {
        "mean": 0.599821209908
    },
    "erbbands_spread": {
        "mean": 40.4968261719
    },
    "hfc": {
        "mean": 26.80286026
    },
    "loudness_ebu128": {
        "integrated": -7.33336019516,
        "loudness_range": 3.56672430038,
        "momentary": {
            "mean": -8.24294948578
        },
        "short_term": {
            "mean": -7.91308403015
        }
    },
    "melbands_crest": {
        "mean": 13.4246339798
    },
    "melbands_flatness_db": {
        "mean": 0.203516945243
    },
    "melbands_kurtosis": {
        "mean": 15.3246841431
    },
    "melbands_skewness": {
        "mean": 2.48229622841
    },
    "melbands_spread": {
        "mean": 25.2547225952
    },
    "pitch_salience": {
        "mean": 0.52409017086
    },
    "silence_rate_20dB": {
        "mean": 1
    },
    "silence_rate_30dB": {
        "mean": 0.999671816826
    },
    "silence_rate_60dB": {
        "mean": 0.0661780759692
    },
    "spectral_centroid": {
        "mean": 1294.7578125
    },
    "spectral_complexity": {
        "mean": 18.3858013153
    },
    "spectral_decrease": {
        "mean": -7.68662911099e-09
    },
    "spectral_energy": {
        "mean": 0.0314422138035
    },
    "spectral_energyband_high": {
        "mean": 0.00128729979042
    },
    "spectral_energyband_low": {
        "mean": 0.0105930361897
    },
    "spectral_energyband_middle_high": {
        "mean": 0.0081027559936
    },
    "spectral_energyband_middle_low": {
        "mean": 0.0122685609385
    },
    "spectral_entropy": {
        "mean": 7.58340644836
    },
    "spectral_flux": {
        "mean": 0.0870472937822
    },
    "spectral_kurtosis": {
        "mean": 4.90679264069
    },
    "spectral_rms": {
        "mean": 0.00515665486455
    },
    "spectral_rolloff": {
        "mean": 1665.91845703
    },
    "spectral_skewness": {
        "mean": 1.63595962524
    },
    "spectral_spread": {
        "mean": 5389808.5
    },
    "spectral_strongpeak": {
        "mean": 1.36069560051
    },
    "zerocrossingrate": {
        "mean": 0.0688752681017
    },
    "barkbands": {
        "mean": [0.000211150458199, 0.00725085567683, 0.00260275043547, 0.00138493708801, 0.00296439393423, 0.00237494031899, 0.00228151073679, 0.000419740565121, 0.00240285741165, 0.00169922260102, 0.00143725471571, 0.00140869780444, 0.000964778766502, 0.00079507031478, 0.000574120902456, 0.000411143089877, 0.000343633873854, 0.000273550685961, 0.000236977954046, 0.000230230405577, 0.00021192143322, 0.000227051292313, 0.000206041673664, 0.000265118404059, 0.000188707635971, 7.12222827133e-05, 4.34462754129e-06]
    },
    "erbbands": {
        "mean": [0.171955764294, 1.72438037395, 3.52454900742, 3.52677726746, 8.70808696747, 10.0141592026, 8.67480278015, 25.0692310333, 35.5381698608, 19.263710022, 18.5024223328, 53.434337616, 55.8924446106, 48.6368637085, 58.4858703613, 52.442150116, 41.6513290405, 43.4863700867, 34.2357711792, 30.7393856049, 18.0240001678, 20.4333972931, 17.3789539337, 9.74921417236, 13.9661903381, 10.4115848541, 9.70837497711, 8.2675037384, 8.44242477417, 6.24000787735, 5.9264998436, 5.55707216263, 4.27595806122, 2.44333362579, 1.17306530476, 0.421350568533, 0.106748342514, 0.0177109539509, 0.000585028203204, 5.66563721804e-05]
    },
    "gfcc": {
        "mean": [8.73018074036, 84.1722488403, -103.285171509, 30.3177394867, -59.3486442566, 22.7615642548, -35.8268852234, 10.0274534225, -24.3677616119, 6.7628121376, -14.7873725891, 5.59821748734, -8.60266017914],
        "cov": [[10522.3671875, -1886.65356445, -1399.76135254, -179.934738159, -1101.5513916, 258.441101074, -474.279632568, 147.979248047, -596.681518555, 85.9122619629, -309.96774292, 344.54876709, -129.882171631], [-1886.65356445, 1749.94274902, 68.3634109497, -61.8645935059, 463.010681152, -153.621902466, 189.918655396, -151.016555786, 209.426208496, -43.8473358154, 214.028091431, -37.0096549988, 123.917572021], [-1399.76135254, 68.3634109497, 1003.82550049, 279.508514404, 219.025085449, 61.685836792, 86.9362564087, 15.4061489105, 63.7026023865, 71.9204330444, 32.7575302124, -5.67317390442, 9.66324901581], [-179.934738159, -61.8645935059, 279.508514404, 357.474121094, 64.7955322266, 8.5534696579, 18.8975906372, 27.134552002, 19.3966350555, 15.2466773987, 1.92882514, -9.27192211151, 11.3043766022], [-1101.5513916, 463.010681152, 219.025085449, 64.7955322266, 453.007232666, 9.78298568726, 85.415802002, -7.38329553604, 111.366630554, 20.1922168732, 54.3531455994, -38.4308128357, 18.7793121338], [258.441101074, -153.621902466, 61.685836792, 8.5534696579, 9.78298568726, 214.24937439, 67.7580947876, 21.6223659515, -28.0123767853, 13.4172306061, 1.33904373646, 10.8535146713, -5.16120290756], [-474.279632568, 189.918655396, 86.9362564087, 18.8975906372, 85.415802002, 67.7580947876, 225.601745605, 28.5231571198, 6.36550426483, -18.831035614, 28.5219230652, -14.48823452, 5.45261096954], [147.979248047, -151.016555786, 15.4061489105, 27.134552002, -7.38329553604, 21.6223659515, 28.5231571198, 124.959999084, 29.5456829071, 8.23085689545, -16.3579597473, -2.10927391052, -12.796245575], [-596.681518555, 209.426208496, 63.7026023865, 19.3966350555, 111.366630554, -28.0123767853, 6.36550426483, 29.5456829071, 161.068954468, 29.0658187866, 33.0908622742, -29.8513355255, 11.3996286392], [85.9122619629, -43.8473358154, 71.9204330444, 15.2466773987, 20.1922168732, 13.4172306061, -18.831035614, 8.23085689545, 29.0658187866, 96.3094787598, 30.2525463104, 10.3435525894, -11.6843338013], [-309.96774292, 214.028091431, 32.7575302124, 1.92882514, 54.3531455994, 1.33904373646, 28.5219230652, -16.3579597473, 33.0908622742, 30.2525463104, 111.90322113, 24.5775623322, 19.402557373], [344.54876709, -37.0096549988, -5.67317390442, -9.27192211151, -38.4308128357, 10.8535146713, -14.48823452, -2.10927391052, -29.8513355255, 10.3435525894, 24.5775623322, 82.8626098633, 25.3401489258], [-129.882171631, 123.917572021, 9.66324901581, 11.3043766022, 18.7793121338, -5.16120290756, 5.45261096954, -12.796245575, 11.3996286392, -11.6843338013, 19.402557373, 25.3401489258, 75.4649353027]],
        "icov": [[0.000310359784635, -0.000242490423261, 0.000423498364398, -0.000307350303046, 0.000350934365997, -0.000557069492061, 0.000528128235601, -0.000616298231762, 0.000787352095358, -0.000847608083859, 0.000972409383394, -0.001157302293, 0.000544482667465], [-0.000242490423261, 0.00214497512206, -0.000234435763559, 0.00069881347008, -0.00140981329605, 0.00176468247082, -0.00185975560453, 0.00257895397954, -0.00210777809843, 0.0019182843389, -0.00305472943, 0.00141688028816, -0.00204595038667], [0.000423498364398, -0.000234435763559, 0.0020837597549, -0.00144233438186, -4.8047000746e-05, -0.000907548994292, 0.000224421004532, -0.000440693547716, 0.000819226319436, -0.00203743041493, 0.00154771737289, -0.00188933394384, 0.000719290052075], [-0.000307350303046, 0.00069881347008, -0.00144233438186, 0.00412078015506, -0.000710318854544, 0.0010304186726, -0.000594592478592, 0.000140438452945, -0.000695817929227, 0.00116795196664, -0.00157344725449, 0.00200116541237, -0.00177652388811], [0.000350934365997, -0.00140981329605, -4.8047000746e-05, -0.000710318854544, 0.00433022016659, -0.00151471397839, 0.000547230942175, -0.00111065455712, -8.48605268402e-05, -0.00160746660549, 0.00169652129989, -0.000580897904001, 0.00114531081636], [-0.000557069492061, 0.00176468247082, -0.000907548994292, 0.0010304186726, -0.00151471397839, 0.0075570368208, -0.00367678608745, 0.00176138291135, -0.0010545141995, 0.000980073935352, -0.00283515523188, 0.0018199441256, -0.00200764625333], [0.000528128235601, -0.00185975560453, 0.000224421004532, -0.000594592478592, 0.000547230942175, -0.00367678608745, 0.00827496405691, -0.0045472420752, 0.00347833172418, -1.2615306332e-05, 0.000757467292715, -0.00050553138135, 0.00171413400676], [-0.000616298231762, 0.00257895397954, -0.000440693547716, 0.000140438452945, -0.00111065455712, 0.00176138291135, -0.0045472420752, 0.01374216564, -0.00675697252154, 0.00233538122848, -0.00144487828948, 0.000389611261198, -0.00058154668659], [0.000787352095358, -0.00210777809843, 0.000819226319436, -0.000695817929227, -8.48605268402e-05, -0.0010545141995, 0.00347833172418, -0.00675697252154, 0.013662035577, -0.0055133504793, 0.00132948230021, 0.00164985761512, -0.000445777986897], [-0.000847608083859, 0.0019182843389, -0.00203743041493, 0.00116795196664, -0.00160746660549, 0.000980073935352, -1.2615306332e-05, 0.00233538122848, -0.0055133504793, 0.0175680369139, -0.00799081195146, 0.00128249707632, 0.00151792063843], [0.000972409383394, -0.00305472943, 0.00154771737289, -0.00157344725449, 0.00169652129989, -0.00283515523188, 0.000757467292715, -0.00144487828948, 0.00132948230021, -0.00799081195146, 0.0192048959434, -0.0092177670449, 0.00253078062087], [-0.001157302293, 0.00141688028816, -0.00188933394384, 0.00200116541237, -0.000580897904001, 0.0018199441256, -0.00050553138135, 0.000389611261198, 0.00164985761512, 0.00128249707632, -0.0092177670449, 0.0230746213347, -0.00943350512534], [0.000544482667465, -0.00204595038667, 0.000719290052075, -0.00177652388811, 0.00114531081636, -0.00200764625333, 0.00171413400676, -0.00058154668659, -0.000445777986897, 0.00151792063843, 0.00253078062087, -0.00943350512534, 0.0198964178562]]
    },
    "melbands": {
        "mean": [0.00180710770655, 0.00198145303875, 0.000785737880506, 0.000705673592165, 0.000335064803949, 0.000556756916922, 0.000506686395966, 0.000169018981978, 0.000211468664929, 0.000324056425598, 0.000282878929283, 0.00020204030443, 0.000205666161492, 0.000151174506755, 0.000125613209093, 8.83449829416e-05, 7.88795514381e-05, 5.75426056457e-05, 4.42899981863e-05, 3.6063571315e-05, 1.74122360477e-05, 2.08744459087e-05, 1.78347127076e-05, 1.36679500429e-05, 6.58992530589e-06, 1.04805176306e-05, 9.09028585738e-06, 6.30367503618e-06, 6.35824426354e-06, 4.87922943648e-06, 4.89396006742e-06, 5.05796924699e-06, 3.77443961952e-06, 3.38397717314e-06, 3.34380638378e-06, 3.47457967109e-06, 3.34014384862e-06, 3.09056758852e-06, 2.50607331509e-06, 1.93444407159e-06]
    },
    "melbands128": {
        "mean": [0.000187296624063, 0.00114238553215, 0.00252276076935, 0.00302320928313, 0.00220839236863, 0.00108180870302, 0.00060897966614, 0.000773607112933, 0.000937918259297, 0.000770740443841, 0.000546973606106, 0.000316620134981, 0.000154905123054, 0.000509857141878, 0.00061506847851, 0.000495568732731, 0.000678362848703, 0.0005355180474, 0.000256519997492, 0.000237345666392, 8.96174242371e-05, 7.08801089786e-05, 0.00011892580369, 0.000506278593093, 0.000419253890868, 0.000217538632569, 0.000235534374951, 0.000276085629594, 0.000384981802199, 0.000148791936226, 0.000150748368469, 0.000251138058957, 0.000221510388656, 0.000155478526722, 0.00019809063815, 0.000111833753181, 0.000140872580232, 0.000150847423356, 0.000111221444968, 5.3626481531e-05, 8.83120010258e-05, 0.000134239075123, 6.05965178693e-05, 6.21621220489e-05, 8.31990837469e-05, 4.415924559e-05, 4.69341066491e-05, 4.90159363835e-05, 3.80865603802e-05, 4.59067814518e-05, 3.97762778448e-05, 2.19466546696e-05, 1.8072221792e-05, 1.53561668412e-05, 1.47069995364e-05, 2.30569548876e-05, 2.49976965279e-05, 1.93369833141e-05, 1.38424775287e-05, 1.68294282048e-05, 1.7579041014e-05, 7.84610074334e-06, 6.02830687058e-06, 6.27386543783e-06, 7.05319598637e-06, 1.21242555906e-05, 1.1253964658e-05, 9.9360877357e-06, 8.9563200163e-06, 7.43659893487e-06, 6.21873914497e-06, 5.13555323778e-06, 7.14279303793e-06, 6.43106341158e-06, 6.15622593614e-06, 4.76504510516e-06, 4.43546241513e-06, 4.31530770584e-06, 4.65657103632e-06, 6.14683312961e-06, 4.65162656837e-06, 5.23455901202e-06, 4.58254817204e-06, 3.32043055096e-06, 3.39899497703e-06, 3.40546762345e-06, 3.29338604388e-06, 3.52226311406e-06, 3.14430712933e-06, 3.32181866725e-06, 3.71189389625e-06, 3.27122143062e-06, 3.65576397598e-06, 3.46169076693e-06, 3.08470794153e-06, 3.02647299577e-06, 3.21438938045e-06, 2.97184328701e-06, 2.63670381173e-06, 2.18564014176e-06, 2.03579816116e-06, 1.9325464109e-06, 1.77447327587e-06, 1.56764906478e-06, 1.33005164571e-06, 1.07313758235e-06, 1.0182875485e-06, 8.71666486546e-07, 6.81434755734e-07, 6.00959083386e-07, 4.59514438944e-07, 3.77543386776e-07, 2.97922127857e-07, 2.64428194896e-07, 2.26283873417e-07, 1.79120490884e-07, 1.34447049049e-07, 3.9270425134e-08, 1.27757138202e-08, 5.41347677796e-09, 2.38043851297e-09, 1.46728185157e-09, 7.1614481012e-10, 4.43883790835e-10, 2.63336019657e-10, 1.4014846228e-10, 6.81428594107e-11, 5.64773436351e-11]
    },
    "mfcc": {
        "mean": [-638.301513672, 115.685325623, 13.1169519424, 16.3851470947, 3.45734763145, 10.7117834091, 2.34622216225, 4.40065717697, 0.289587825537, 1.15678799152, -2.10094022751, -0.579786479473, 0.438042134047],
        "cov": [[11038.8564453, -1790.9744873, -751.516601562, -789.576660156, -762.72467041, -343.264648438, -162.785507202, -99.8306427002, -237.866912842, -277.044403076, -248.97517395, -167.344406128, -173.360610962], [-1790.9744873, 1627.61853027, -213.262634277, 152.26399231, 180.991668701, 107.003791809, 24.3370380402, -2.61020994186, -12.6609134674, 1.8946685791, 47.5499038696, 46.5151557922, 105.77166748], [-751.516601562, -213.262634277, 699.306640625, 174.02557373, 76.9646911621, 94.3246536255, 77.3622055054, 10.8680706024, 48.5095977783, 20.3511238098, 2.69631791115, 37.969707489, 57.9862289429], [-789.576660156, 152.26399231, 174.02557373, 364.412109375, 136.347763062, 33.2460861206, 29.9425735474, 12.5287065506, 40.4601593018, 39.3335914612, 7.70459842682, 14.3250102997, 43.9959373474], [-762.72467041, 180.991668701, 76.9646911621, 136.347763062, 302.95791626, 67.2121658325, -6.27587556839, -0.933719277382, 40.3248634338, 53.217880249, 37.4364776611, 25.4933662415, 34.7192153931], [-343.264648438, 107.003791809, 94.3246536255, 33.2460861206, 67.2121658325, 172.969955444, 85.8146438599, 18.1178016663, 21.0546607971, 13.7335443497, 19.5047664642, 15.5383348465, 14.4510822296], [-162.785507202, 24.3370380402, 77.3622055054, 29.9425735474, -6.27587556839, 85.8146438599, 182.900421143, 60.9876174927, 24.1328392029, 0.207311719656, 12.4512786865, 18.76720047, 14.3261508942], [-99.8306427002, -2.61020994186, 10.8680706024, 12.5287065506, -0.933719277382, 18.1178016663, 60.9876174927, 116.981964111, 41.9040260315, 15.5113706589, 3.63301682472, 5.61846399307, 7.16111850739], [-237.866912842, -12.6609134674, 48.5095977783, 40.4601593018, 40.3248634338, 21.0546607971, 24.1328392029, 41.9040260315, 101.456588745, 43.6012420654, 12.9017429352, 5.85533475876, 0.10485509783], [-277.044403076, 1.8946685791, 20.3511238098, 39.3335914612, 53.217880249, 13.7335443497, 0.207311719656, 15.5113706589, 43.6012420654, 103.912651062, 44.4411659241, 8.12118625641, 7.12872838974], [-248.97517395, 47.5499038696, 2.69631791115, 7.70459842682, 37.4364776611, 19.5047664642, 12.4512786865, 3.63301682472, 12.9017429352, 44.4411659241, 91.8238983154, 34.5770721436, 8.74491691589], [-167.344406128, 46.5151557922, 37.969707489, 14.3250102997, 25.4933662415, 15.5383348465, 18.76720047, 5.61846399307, 5.85533475876, 8.12118625641, 34.5770721436, 76.2637863159, 35.1851234436], [-173.360610962, 105.77166748, 57.9862289429, 43.9959373474, 34.7192153931, 14.4510822296, 14.3261508942, 7.16111850739, 0.10485509783, 7.12872838974, 8.74491691589, 35.1851234436, 91.72290802]],
        "icov": [[0.000158011287567, 0.000176470712177, 0.000180399249075, 0.000114183676487, 0.00015571055701, -1.30652724692e-05, -3.39199982591e-06, 6.77537827869e-05, 8.42424924485e-05, 0.000151979344082, 0.000168521364685, 6.14247401245e-05, -0.000186846358702], [0.000176470712177, 0.00105742970482, 0.000727329985239, -0.000265231879894, -9.36019569053e-05, -0.000620216073003, 6.58759163343e-05, 0.000132265486172, 0.000161735224538, 0.000585097179282, -0.000141423108289, 9.25132262637e-05, -0.00117357471026], [0.000180399249075, 0.000727329985239, 0.00235838303342, -0.000806511670817, 0.000145987607539, -0.00105726008769, -0.000301863386994, 0.000579746789299, -0.000520859495737, 0.000446674937848, 0.000449328392278, -0.000438931834651, -0.00139724602923], [0.000114183676487, -0.000265231879894, -0.000806511670817, 0.00411981996149, -0.00129924959037, 0.00091615767451, -0.00073575420538, 0.000198456284124, -0.000415019807406, -0.000757544126827, 0.000853037228808, 0.000509878678713, -0.000715274189133], [0.00015571055701, -9.36019569053e-05, 0.000145987607539, -0.00129924959037, 0.00522628938779, -0.00195474992506, 0.00155313313007, 0.000308603950543, -0.000887538946699, -0.000883917324245, -0.000581160245929, -0.000428199680755, -0.000714446476195], [-1.30652724692e-05, -0.000620216073003, -0.00105726008769, 0.00091615767451, -0.00195474992506, 0.0094282599166, -0.00445681530982, 0.000924252148252, -0.000305753754219, -0.000309728493448, -0.000416443770519, 0.000379829609301, 0.000716311682481], [-3.39199982591e-06, 6.58759163343e-05, -0.000301863386994, -0.00073575420538, 0.00155313313007, -0.00445681530982, 0.00942981150001, -0.00413015391678, -0.000170817016624, 0.00130846817046, -0.00100184464827, -0.000960580946412, -0.000212231243495], [6.77537827869e-05, 0.000132265486172, 0.000579746789299, 0.000198456284124, 0.000308603950543, 0.000924252148252, -0.00413015391678, 0.012250601314, -0.00446378067136, -0.000493983796332, 0.000755305518396, 0.000145201687701, -0.00114417367149], [8.42424924485e-05, 0.000161735224538, -0.000520859495737, -0.000415019807406, -0.000887538946699, -0.000305753754219, -0.000170817016624, -0.00446378067136, 0.0149376951158, -0.00531131774187, 0.00147814850789, -0.000968560751062, 0.00188670889474], [0.000151979344082, 0.000585097179282, 0.000446674937848, -0.000757544126827, -0.000883917324245, -0.000309728493448, 0.00130846817046, -0.000493983796332, -0.00531131774187, 0.0161347370595, -0.0075547946617, 0.00287823006511, -0.00172064627986], [0.000168521364685, -0.000141423108289, 0.000449328392278, 0.000853037228808, -0.000581160245929, -0.000416443770519, -0.00100184464827, 0.000755305518396, 0.00147814850789, -0.0075547946617, 0.0179836917669, -0.00787179544568, 0.00206200405955], [6.14247401245e-05, 9.25132262637e-05, -0.000438931834651, 0.000509878678713, -0.000428199680755, 0.000379829609301, -0.000960580946412, 0.000145201687701, -0.000968560751062, 0.00287823006511, -0.00787179544568, 0.0201301462948, -0.00691079068929], [-0.000186846358702, -0.00117357471026, -0.00139724602923, -0.000715274189133, -0.000714446476195, 0.000716311682481, -0.000212231243495, -0.00114417367149, 0.00188670889474, -0.00172064627986, 0.00206200405955, -0.00691079068929, 0.0159950237721]]
    },
    "spectral_contrast_coeffs": {
        "mean": [-0.728030443192, -0.726550757885, -0.73800599575, -0.784452438354, -0.79139983654, -0.777495145798]
    },
    "spectral_contrast_valleys": {
        "mean": [-6.58554124832, -6.80696868896, -7.41761827469, -7.69884109497, -7.73817634583, -9.9014673233]
    }
},
"rhythm": {
    "beats_count": 488,
    "beats_loudness": {
        "mean": 0.0503945499659
    },
    "bpm": 139.54208374,
    "bpm_histogram_first_peak_bpm": 140,
    "bpm_histogram_first_peak_weight": 0.436619699001,
    "bpm_histogram_second_peak_bpm": 133,
    "bpm_histogram_second_peak_spread": 0.169811308384,
    "bpm_histogram_second_peak_weight": 0.0903490781784,
    "danceability": 1.17757570744,
    "onset_rate": 3.8819360733,
    "beats_loudness_band_ratio": {
        "mean": [0.527379870415, 0.166703000665, 0.121198542416, 0.140632927418, 0.0600378625095, 0.046114705503]
    },
    "beats_position": [0.371519267559, 0.777868449688, 1.19582760334, 1.62539684772, 2.0549659729, 2.48453521729, 2.90249419212, 3.33206343651, 3.76163268089, 4.17959165573, 4.59755086899, 5.02712011337, 5.45668935776, 5.88625860214, 6.31582736969, 6.7570066452, 7.19818592072, 7.61614513397, 8.03410434723, 8.45206356049, 8.87002277374, 9.29959201813, 9.72916126251, 10.1587295532, 10.5882987976, 11.017868042, 11.4474372864, 11.8770065308, 12.3065757751, 12.7361450195, 13.1657142639, 13.5952835083, 14.0248527527, 14.4544210434, 14.8839902878, 15.301949501, 15.7315187454, 16.1610889435, 16.5790481567, 17.0202255249, 17.4497947693, 17.8793640137, 18.3089332581, 18.7385025024, 19.1680717468, 19.5976409912, 20.0272102356, 20.45677948, 20.8979587555, 21.3159179688, 21.7454872131, 22.1750564575, 22.616235733, 23.0341949463, 23.4637641907, 23.8933334351, 24.3229026794, 24.7524719238, 25.1820411682, 25.6116104126, 26.0295696259, 26.4475269318, 26.8770961761, 27.3066654205, 27.7362346649, 28.1658039093, 28.5837631226, 29.0249423981, 29.4545116425, 29.8840808868, 30.3020401001, 30.7316093445, 31.1611785889, 31.5907478333, 32.0203170776, 32.4382743835, 32.8794555664, 33.3090248108, 33.7385940552, 34.1681632996, 34.5977325439, 35.0389099121, 35.4568710327, 35.8748283386, 36.304397583, 36.7339668274, 37.1635360718, 37.5931053162, 38.0226745605, 38.4522438049, 38.8702049255, 39.2997741699, 39.7177314758, 40.1473007202, 40.5884780884, 41.0180473328, 41.4476165771, 41.88879776, 42.3183670044, 42.7479362488, 43.1775054932, 43.6070747375, 44.0250320435, 44.4546012878, 44.8841705322, 45.3137397766, 45.7317008972, 46.1612701416, 46.590839386, 47.0204086304, 47.4615859985, 47.9027671814, 48.3323364258, 48.7619056702, 49.1914749146, 49.6210403442, 50.0622215271, 50.480178833, 50.9213600159, 51.3509292603, 51.7804985046, 52.2216758728, 52.6628570557, 53.1040344238, 53.5452156067, 53.9863929749, 54.4275741577, 54.8803634644, 55.333152771, 55.7859382629, 56.2387275696, 56.6915168762, 57.1443061829, 57.5854873657, 58.0266647339, 58.4678459167, 58.9090232849, 59.3618125916, 59.8146018982, 60.2557830811, 60.6969604492, 61.1497497559, 61.6025390625, 62.0437164307, 62.5081176758, 62.9725151062, 63.4253044128, 63.8780937195, 64.3308868408, 64.7836685181, 65.2248535156, 65.6660308838, 66.107208252, 66.5599975586, 67.0127868652, 67.4655761719, 67.9183654785, 68.3595428467, 68.8007278442, 69.26512146, 69.7295227051, 70.1707000732, 70.6118774414, 71.053062439, 71.4826278687, 71.9122009277, 72.3301544189, 72.759727478, 73.1892929077, 73.6072540283, 74.0368270874, 74.4663925171, 74.8959655762, 75.3255310059, 75.7551040649, 76.1846694946, 76.6142425537, 77.0321960449, 77.461769104, 77.8797302246, 78.3092956543, 78.738861084, 79.1568222046, 79.5863952637, 80.0159606934, 80.4455337524, 80.8750991821, 81.3046722412, 81.7342376709, 82.16381073, 82.5933761597, 83.0229492188, 83.4525146484, 83.870475769, 84.2884368896, 84.7296142578, 85.1591796875, 85.5887527466, 86.0183181763, 86.4478912354, 86.8890686035, 87.3186416626, 87.7482070923, 88.1893844604, 88.6305618286, 89.0601348877, 89.4897003174, 89.9192733765, 90.3488388062, 90.7667999268, 91.1963729858, 91.6259384155, 92.0438995361, 92.4734649658, 92.9030380249, 93.3326034546, 93.7621765137, 94.1917419434, 94.6213150024, 95.039276123, 95.4572296143, 95.8868026733, 96.316368103, 96.7575454712, 97.1871185303, 97.61668396, 98.0346450806, 98.4642181396, 98.8937835693, 99.3117446899, 99.7413101196, 100.170883179, 100.600448608, 101.030021667, 101.459587097, 101.889160156, 102.307121277, 102.736686707, 103.166259766, 103.607437134, 104.048614502, 104.478187561, 104.907752991, 105.33732605, 105.766891479, 106.1848526, 106.602806091, 107.043991089, 107.473556519, 107.903129578, 108.321083069, 108.750656128, 109.180221558, 109.621406555, 110.039360046, 110.480545044, 110.910110474, 111.339683533, 111.780860901, 112.210426331, 112.63999939, 113.05796051, 113.475914001, 113.917098999, 114.358276367, 114.799453735, 115.240631104, 115.681808472, 116.122993469, 116.564170837, 117.005348206, 117.446525574, 117.89931488, 118.352104187, 118.793289185, 119.246078491, 119.698867798, 120.140045166, 120.581222534, 121.022399902, 121.463577271, 121.904762268, 122.345939636, 122.798728943, 123.25151825, 123.692695618, 124.133872986, 124.575057983, 125.039451599, 125.492240906, 125.945030212, 126.386207581, 126.838996887, 127.291786194, 127.756187439, 128.197372437, 128.638549805, 129.079727173, 129.520904541, 129.962081909, 130.403259277, 130.844436646, 131.285614014, 131.73840332, 132.191192627, 132.632385254, 133.061950684, 133.491516113, 133.921081543, 134.350662231, 134.7918396, 135.209793091, 135.627746582, 136.057327271, 136.498504639, 136.939682007, 137.369247437, 137.810424805, 138.251602173, 138.692779541, 139.133972168, 139.563537598, 139.993103027, 140.422668457, 140.852249146, 141.270202637, 141.688156128, 142.106124878, 142.524078369, 142.953643799, 143.383224487, 143.824401855, 144.242355347, 144.671920776, 145.101501465, 145.519454956, 145.937408447, 146.366973877, 146.796554565, 147.226119995, 147.655685425, 148.085250854, 148.514831543, 148.932785034, 149.350738525, 149.780319214, 150.209884644, 150.639450073, 151.069015503, 151.498596191, 151.93977356, 152.369338989, 152.78729248, 153.216873169, 153.646438599, 154.087615967, 154.528793335, 154.958358765, 155.376327515, 155.794281006, 156.200637817, 156.641815186, 157.071380615, 157.500946045, 157.918914795, 158.348480225, 158.778045654, 159.219223022, 159.637191772, 160.066757202, 160.496322632, 160.9375, 161.36706543, 161.796646118, 162.214599609, 162.632553101, 163.062133789, 163.491699219, 163.932876587, 164.362442017, 164.792022705, 165.233200073, 165.651153564, 166.080718994, 166.510284424, 166.939865112, 167.369430542, 167.81060791, 168.24017334, 168.669754028, 169.08770752, 169.505661011, 169.946838379, 170.388031006, 170.805984497, 171.223937988, 171.641906738, 172.071472168, 172.501037598, 172.919006348, 173.348571777, 173.778137207, 174.207702637, 174.648880005, 175.078460693, 175.508026123, 175.937591553, 176.355545044, 176.773513794, 177.203079224, 177.621032715, 178.039001465, 178.456954956, 178.886520386, 179.327713013, 179.768890381, 180.186843872, 180.616409302, 181.04598999, 181.47555542, 181.90512085, 182.334686279, 182.764266968, 183.182220459, 183.60017395, 184.029754639, 184.459320068, 184.888885498, 185.330062866, 185.759628296, 186.189208984, 186.618774414, 187.036727905, 187.466293335, 187.895874023, 188.337051392, 188.766616821, 189.196182251, 189.625762939, 190.043716431, 190.47328186, 190.90284729, 191.332427979, 191.761993408, 192.191558838, 192.621124268, 193.050704956, 193.480270386, 193.909835815, 194.339401245, 194.768981934, 195.198547363, 195.628112793, 196.046066284, 196.475646973, 196.905212402, 197.323165894, 197.752746582, 198.182312012, 198.600265503, 199.018234253, 199.459411621, 199.900588989, 200.341766357, 200.782943726, 201.235733032, 201.688522339, 202.222579956, 202.756637573, 203.29069519, 203.789932251, 204.289154053, 204.800003052, 205.252792358, 205.705581665, 206.158370972, 206.622756958, 207.087158203, 207.53994751, 207.992736816, 208.445526123, 208.89831543, 209.351104736, 209.803894043, 210.25668335, 210.709472656, 211.162261963, 211.626663208],
    "bpm_histogram": [0, 0, 0, 0, 0, 0, 0, 0, 0, 0, 0, 0, 0, 0, 0, 0, 0, 0, 0, 0, 0, 0, 0, 0, 0, 0, 0, 0, 0, 0, 0, 0, 0, 0, 0, 0, 0, 0, 0, 0, 0, 0, 0, 0, 0, 0, 0, 0, 0, 0, 0, 0, 0, 0, 0, 0, 0, 0, 0, 0, 0, 0, 0, 0, 0, 0, 0, 0, 0, 0, 0, 0, 0, 0, 0, 0, 0, 0, 0, 0, 0, 0, 0, 0, 0, 0, 0, 0, 0, 0, 0, 0, 0, 0, 0, 0, 0, 0, 0, 0, 0, 0, 0, 0, 0, 0, 0, 0, 0, 0, 0, 0, 0.00616016425192, 0, 0, 0, 0, 0.00205338816158, 0, 0, 0.00410677632317, 0, 0, 0, 0, 0, 0, 0, 0, 0.0184804927558, 0, 0, 0, 0.0903490781784, 0, 0, 0.211498975754, 0, 0, 0, 0.492813140154, 0, 0, 0, 0.170431211591, 0, 0, 0, 0.00410677632317, 0, 0, 0, 0, 0, 0, 0, 0, 0, 0, 0, 0, 0, 0, 0, 0, 0, 0, 0, 0, 0, 0, 0, 0, 0, 0, 0, 0, 0, 0, 0, 0, 0, 0, 0, 0, 0, 0, 0, 0, 0, 0, 0, 0, 0, 0, 0, 0, 0, 0, 0, 0, 0, 0, 0, 0, 0, 0, 0, 0, 0, 0, 0, 0, 0, 0, 0, 0, 0, 0, 0, 0, 0, 0, 0, 0, 0, 0, 0, 0, 0, 0, 0, 0, 0, 0, 0, 0, 0, 0, 0, 0, 0, 0, 0, 0, 0, 0, 0, 0, 0]
},
"tonal": {
    "chords_changes_rate": 0.0597112849355,
    "chords_number_rate": 0.0028433946427,
    "chords_strength": {
        "mean": 0.507573723793
    },
    "hpcp_crest": {
        "mean": 12.6644163132
    },
    "hpcp_entropy": {
        "mean": 2.14696192741
    },
    "key_edma": {
        "strength": 0.790147721767,
        "key": "E",
        "scale": "major"
    },
    "key_krumhansl": {
        "strength": 0.795197606087,
        "key": "E",
        "scale": "major"
    },
    "key_temperley": {
        "strength": 0.793469905853,
        "key": "E",
        "scale": "major"
    },
    "tuning_diatonic_strength": 0.65413326025,
    "tuning_equal_tempered_deviation": 0.238372728229,
    "tuning_frequency": 434.193115234,
    "tuning_nontempered_energy_ratio": 0.937012374401,
    "hpcp": {
        "mean": [0.140471816063, 0.163789942861, 0.112244509161, 0.0739734917879, 0.073326356709, 0.0840430855751, 0.167847856879, 0.236457034945, 0.167523086071, 0.099800363183, 0.0763468146324, 0.0653639286757, 0.0907617732882, 0.10339576751, 0.0761753991246, 0.0515724159777, 0.0497479327023, 0.0618258155882, 0.0789380446076, 0.0923739075661, 0.149860516191, 0.278423786163, 0.324651271105, 0.194520145655, 0.0884070396423, 0.0859685242176, 0.112788788974, 0.172486186028, 0.204600304365, 0.149088427424, 0.102954484522, 0.101461455226, 0.111478425562, 0.213166743517, 0.253190606833, 0.153604283929]
    },
    "chords_histogram": [47.6596679688, 1.18110239506, 11.2204723358, 0.612423419952, 2.23097109795, 0, 2.95275592804, 1.96850395203, 2.93088364601, 0.0656168013811, 0.524934411049, 0, 0, 0, 0.524934411049, 5.94925642014, 1.26859140396, 4.72440958023, 0, 0.524934411049, 0.328083992004, 2.14348196983, 3.89326334, 9.29571342468],
    "thpcp": [1, 0.599166452885, 0.272313863039, 0.264802664518, 0.347415208817, 0.531296789646, 0.630215644836, 0.459226369858, 0.317123293877, 0.312524437904, 0.343378990889, 0.656602203846, 0.779884874821, 0.473136246204, 0.432685256004, 0.504510402679, 0.345738708973, 0.227855235338, 0.225861907005, 0.258871883154, 0.517009675503, 0.728341639042, 0.51600933075, 0.30740788579, 0.235165610909, 0.201335817575, 0.279566973448, 0.318482547998, 0.234637618065, 0.158854812384, 0.153234988451, 0.190437614918, 0.243147194386, 0.284532725811, 0.461604595184, 0.857608795166],
    "chords_key": "E",
    "chords_scale": "major"
}
}