{
"metadata": {
    "version": {
        "essentia": "2.1-beta6-dev",
        "essentia_git_sha": "v2.1_beta5-1177-g1d1cc983",
        "extractor": "music 2.0"
    },
    "audio_properties": {
        "analysis": {
            "equal_loudness": 0,
            "length": 266.793334961,
            "sample_rate": 44100,
            "start_time": 0,
            "downmix": "mix"
        },
        "bit_rate": 1411200,
        "length": 266.793334961,
        "lossless": 1,
        "number_channels": 2,
        "replay_gain": -13.7607975006,
        "sample_rate": 44100,
        "codec": "pcm_s16le",
        "md5_encoded": "6e213c56a74c72c3d548e6f844566655"
    },
    "tags": {
        "file_name": "02 - The Front Bottoms - Somebody Else.wav",
        "album": ["Ann"],
        "albumartist": ["The Front Bottoms"],
        "artist": ["The Front Bottoms"],
        "copyright": ["© 2018 Wuakaskole Records under the exclusive license to Fueled By Ramen, LLC for the United States and WEA International Inc. for the world outside of the United States. ℗ 2018 Wuakaskole Records under the exclusive license to Fueled By Ramen, LLC"],
        "date": ["2018"],
        "discnumber": ["1"],
        "disctotal": ["1"],
        "genre": ["Alternative & Indie"],
        "isrc": ["USAT21801002"],
        "title": ["Somebody Else"],
        "tracknumber": ["2"],
        "tracktotal": ["6"]
    }
},
"lowlevel": {
    "average_loudness": 0.904964804649,
    "barkbands_crest": {
        "mean": 11.5208721161
    },
    "barkbands_flatness_db": {
        "mean": 0.174086689949
    },
    "barkbands_kurtosis": {
        "mean": 4.60160589218
    },
    "barkbands_skewness": {
        "mean": 1.69772779942
    },
    "barkbands_spread": {
        "mean": 18.7635574341
    },
    "dissonance": {
        "mean": 0.456302672625
    },
    "dynamic_complexity": 3.20389294624,
    "erbbands_crest": {
        "mean": 9.65591049194
    },
    "erbbands_flatness_db": {
        "mean": 0.183224827051
    },
    "erbbands_kurtosis": {
        "mean": 0.384596258402
    },
    "erbbands_skewness": {
        "mean": 0.14015263319
    },
    "erbbands_spread": {
        "mean": 35.9691047668
    },
    "hfc": {
        "mean": 21.0935153961
    },
    "loudness_ebu128": {
        "integrated": -8.1234703064,
        "loudness_range": 5.54453897476,
        "momentary": {
            "mean": -10.1295070648
        },
        "short_term": {
            "mean": -9.26416873932
        }
    },
    "melbands_crest": {
        "mean": 16.7867774963
    },
    "melbands_flatness_db": {
        "mean": 0.23769518733
    },
    "melbands_kurtosis": {
        "mean": 14.6085853577
    },
    "melbands_skewness": {
        "mean": 2.84991979599
    },
    "melbands_spread": {
        "mean": 19.2816200256
    },
    "pitch_salience": {
        "mean": 0.474089890718
    },
    "silence_rate_20dB": {
        "mean": 1
    },
    "silence_rate_30dB": {
        "mean": 0.999912977219
    },
    "silence_rate_60dB": {
        "mean": 0.0545644424856
    },
    "spectral_centroid": {
        "mean": 1183.35021973
    },
    "spectral_complexity": {
        "mean": 20.2778701782
    },
    "spectral_decrease": {
        "mean": -9.72822178369e-09
    },
    "spectral_energy": {
        "mean": 0.0386296249926
    },
    "spectral_energyband_high": {
        "mean": 0.000698853633367
    },
    "spectral_energyband_low": {
        "mean": 0.0196068808436
    },
    "spectral_energyband_middle_high": {
        "mean": 0.00575979333371
    },
    "spectral_energyband_middle_low": {
        "mean": 0.0147424414754
    },
    "spectral_entropy": {
        "mean": 7.34862518311
    },
    "spectral_flux": {
        "mean": 0.0790720283985
    },
    "spectral_kurtosis": {
        "mean": 9.5557756424
    },
    "spectral_rms": {
        "mean": 0.00576238473877
    },
    "spectral_rolloff": {
        "mean": 1129.87182617
    },
    "spectral_skewness": {
        "mean": 1.82237696648
    },
    "spectral_spread": {
        "mean": 3870707.5
    },
    "spectral_strongpeak": {
        "mean": 0.987910687923
    },
    "zerocrossingrate": {
        "mean": 0.0464685596526
    },
    "barkbands": {
        "mean": [0.000713338842615, 0.00749156996608, 0.00925853662193, 0.00372188631445, 0.00395126035437, 0.00159954058472, 0.00132853118703, 0.00161692337133, 0.0024104102049, 0.00098605430685, 0.00049827049952, 0.000909558613785, 0.00062442390481, 0.000403072685003, 0.000640756741632, 0.000474965374451, 0.000506352400407, 0.000330478535034, 0.000338871177519, 0.000227164724492, 0.000177161753527, 0.000149173836689, 0.000111639485112, 0.000106561412395, 4.4577584049e-05, 8.35230912344e-06, 3.32726358465e-07]
    },
    "erbbands": {
        "mean": [0.246764987707, 1.67590141296, 9.2919883728, 12.5086917877, 13.4436035156, 11.9386634827, 12.2977027893, 13.6174287796, 20.3896961212, 19.5473423004, 38.1503257751, 52.8594779968, 33.4490013123, 36.0360145569, 30.9218330383, 28.6546669006, 30.2131595612, 20.3096046448, 31.2393856049, 26.4905776978, 31.7144432068, 26.8476352692, 20.1866397858, 16.3928508759, 16.7942085266, 10.8673353195, 8.5800819397, 5.72717571259, 5.35946416855, 4.36468458176, 3.02245974541, 2.59113931656, 1.49239599705, 0.641490280628, 0.246312946081, 0.065895833075, 0.00994410924613, 0.000953473034315, 8.46117400215e-05, 4.78854053654e-05]
    },
    "gfcc": {
        "mean": [-21.8075447083, 119.250740051, -128.792175293, 34.053943634, -50.3259010315, 15.6078834534, -31.9479484558, 3.9541478157, -22.4660949707, -10.1040678024, -14.8097057343, -7.67179203033, -9.34495925903],
        "cov": [[18792.4921875, -1712.86791992, -38.6556434631, 2946.99780273, -668.488647461, 1132.34423828, -345.727294922, 511.625061035, 95.566734314, 505.336334229, 55.6180877686, 122.110870361, 12.4019498825], [-1712.86791992, 2552.5246582, 36.7658653259, -851.930664062, 539.283081055, -575.039489746, 208.203582764, -307.586364746, 54.2466926575, -401.362670898, 48.5277404785, -206.935897827, -11.6875476837], [-38.6556434631, 36.7658653259, 882.167785645, 72.2150421143, -60.1204032898, 237.330932617, -45.4998703003, 54.779510498, -44.468963623, -6.00929689407, -11.9184074402, 38.3684082031, -57.2356872559], [2946.99780273, -851.930664062, 72.2150421143, 1129.89233398, -68.6846542358, 394.790863037, 71.5436019897, 89.3205795288, 49.7650413513, 212.187011719, 82.0521087646, 81.4596099854, 54.1796417236], [-668.488647461, 539.283081055, -60.1204032898, -68.6846542358, 389.48059082, -90.0455474854, 120.901481628, -38.5034141541, 40.2574806213, -53.8433837891, 37.0344390869, -31.7678775787, 18.1155548096], [1132.34423828, -575.039489746, 237.330932617, 394.790863037, -90.0455474854, 441.009399414, 47.1775741577, 132.335098267, 0.264351397753, 127.66292572, 20.695514679, 63.2363090515, 7.48175525665], [-345.727294922, 208.203582764, -45.4998703003, 71.5436019897, 120.901481628, 47.1775741577, 235.30430603, 10.143696785, 40.1778831482, -3.64210724831, 36.6685523987, -8.96226501465, 22.2826251984], [511.625061035, -307.586364746, 54.779510498, 89.3205795288, -38.5034141541, 132.335098267, 10.143696785, 213.040466309, 67.6745758057, 78.6251678467, -0.248523429036, 32.0484428406, 0.734994411469], [95.566734314, 54.2466926575, -44.468963623, 49.7650413513, 40.2574806213, 0.264351397753, 40.1778831482, 67.6745758057, 122.519332886, 44.372844696, 28.4209308624, -9.58266925812, 14.0289554596], [505.336334229, -401.362670898, -6.00929689407, 212.187011719, -53.8433837891, 127.66292572, -3.64210724831, 78.6251678467, 44.372844696, 172.604400635, 42.2177047729, 44.2857017517, 11.8078680038], [55.6180877686, 48.5277404785, -11.9184074402, 82.0521087646, 37.0344390869, 20.695514679, 36.6685523987, -0.248523429036, 28.4209308624, 42.2177047729, 99.4967498779, 34.8827133179, 21.2321205139], [122.110870361, -206.935897827, 38.3684082031, 81.4596099854, -31.7678775787, 63.2363090515, -8.96226501465, 32.0484428406, -9.58266925812, 44.2857017517, 34.8827133179, 95.3772201538, 32.003074646], [12.4019498825, -11.6875476837, -57.2356872559, 54.1796417236, 18.1155548096, 7.48175525665, 22.2826251984, 0.734994411469, 14.0289554596, 11.8078680038, 21.2321205139, 32.003074646, 77.35987854]],
        "icov": [[0.000248806172749, -0.000743191281799, 0.000513789593242, -0.000992888002656, 0.000579323328566, -0.000542862981092, 0.000985709251836, -0.000967850675806, 0.000639786652755, -0.000417669973103, 0.000689042615704, -0.000489449768793, 0.000526551331859], [-0.000743191281799, 0.00423556705937, -0.00240131770261, 0.00374975940213, -0.0029042866081, 0.00256794597954, -0.00392906088382, 0.00419095112011, -0.0035116916988, 0.0037048032973, -0.00441412907094, 0.0038081954699, -0.00241268333048], [0.000513789593242, -0.00240131770261, 0.00302162044682, -0.00226874649525, 0.00156949122902, -0.00276803201996, 0.00294824992307, -0.00247632875107, 0.0018507251516, -0.000970691384282, 0.002289196942, -0.00282028014772, 0.00280482508242], [-0.000992888002656, 0.00374975940213, -0.00226874649525, 0.00581414159387, -0.0027311174199, 0.00121106358711, -0.00438433047384, 0.00502459984273, -0.00361995096318, 0.00164268212393, -0.00398116838187, 0.00286898203194, -0.00297578074969], [0.000579323328566, -0.0029042866081, 0.00156949122902, -0.0027311174199, 0.00563893700019, -0.00120476016309, 0.00125646335073, -0.00284505239688, 0.00172003218904, -0.00157293456141, 0.00174390955362, -0.0017155642854, 0.00116271339357], [-0.000542862981092, 0.00256794597954, -0.00276803201996, 0.00121106358711, -0.00120476016309, 0.00742668006569, -0.00431338557974, 0.000166378449649, 0.00039208526141, -1.94513650058e-05, -0.00219922116958, 0.00206082547083, -0.00193352915812], [0.000985709251836, -0.00392906088382, 0.00294824992307, -0.00438433047384, 0.00125646335073, -0.00431338557974, 0.0105337239802, -0.00438010832295, 0.00201508007012, -0.00139026611578, 0.00223245006055, -0.00202847179025, 0.0017039263621], [-0.000967850675806, 0.00419095112011, -0.00247632875107, 0.00502459984273, -0.00284505239688, 0.000166378449649, -0.00438010832295, 0.0135069182143, -0.00940981972963, 0.0018286940176, -0.00113675254397, -1.18542607197e-06, -0.00103958230466], [0.000639786652755, -0.0035116916988, 0.0018507251516, -0.00361995096318, 0.00172003218904, 0.00039208526141, 0.00201508007012, -0.00940981972963, 0.0178960636258, -0.00611339369789, -0.000139742100146, 0.00259959301911, -0.00100963574369], [-0.000417669973103, 0.0037048032973, -0.000970691384282, 0.00164268212393, -0.00157293456141, -1.94513650058e-05, -0.00139026611578, 0.0018286940176, -0.00611339369789, 0.0152202965692, -0.00704016024247, 0.00130159663968, -0.000309405964799], [0.000689042615704, -0.00441412907094, 0.002289196942, -0.00398116838187, 0.00174390955362, -0.00219922116958, 0.00223245006055, -0.00113675254397, -0.000139742100146, -0.00704016024247, 0.0204891245812, -0.0104917921126, 0.00269352504984], [-0.000489449768793, 0.0038081954699, -0.00282028014772, 0.00286898203194, -0.0017155642854, 0.00206082547083, -0.00202847179025, -1.18542607197e-06, 0.00259959301911, 0.00130159663968, -0.0104917921126, 0.022728683427, -0.00984858721495], [0.000526551331859, -0.00241268333048, 0.00280482508242, -0.00297578074969, 0.00116271339357, -0.00193352915812, 0.0017039263621, -0.00103958230466, -0.00100963574369, -0.000309405964799, 0.00269352504984, -0.00984858721495, 0.019636105746]]
    },
    "melbands": {
        "mean": [0.0021013750229, 0.00383991748095, 0.00220122886822, 0.000937233038712, 0.000439897703473, 0.000296655372949, 0.000305457215291, 0.00026915455237, 0.000321609288221, 0.000329593050992, 0.0001631033374, 0.000150749256136, 9.23403495108e-05, 0.000112460984383, 6.03690314165e-05, 5.75079320697e-05, 3.44596883224e-05, 4.92959734402e-05, 4.15919857915e-05, 2.79748528556e-05, 3.85144412576e-05, 2.77768958767e-05, 2.45859355346e-05, 1.51298472701e-05, 1.25920942082e-05, 1.41070113386e-05, 9.4074594017e-06, 6.55100757285e-06, 6.03909847996e-06, 3.70868360733e-06, 3.21828929373e-06, 3.15465263157e-06, 2.66713936981e-06, 2.29131978813e-06, 1.71236501956e-06, 1.67070061252e-06, 1.55818952408e-06, 1.14015745112e-06, 7.23597452179e-07, 4.76259941706e-07]
    },
    "melbands128": {
        "mean": [0.000678535201587, 0.00212861225009, 0.00238327751867, 0.00264664459974, 0.00459121353924, 0.00431839423254, 0.00262478599325, 0.0016775598051, 0.00132506655063, 0.0010536754271, 0.000568485178519, 0.000436350528616, 0.000396723189624, 0.000446407851996, 0.000348016736098, 0.000186097749975, 0.000193542495253, 0.000493106956128, 0.000205712989555, 0.000101764700958, 0.00038644799497, 0.000525958370417, 0.00012204999075, 0.000376105221221, 0.000441204407252, 0.000225902200327, 0.0003318747913, 7.29019157006e-05, 0.000102454163425, 0.000242775247898, 0.000111588284199, 8.72963864822e-05, 9.75627990556e-05, 5.02161856275e-05, 0.000215214749915, 8.4589170001e-05, 4.27636696259e-05, 4.05293030781e-05, 9.9586606666e-05, 6.83968901285e-05, 4.01060533477e-05, 5.15085848747e-05, 3.06052206724e-05, 2.25062212849e-05, 4.87720353703e-05, 5.52180354134e-05, 5.5006446928e-05, 3.48379107891e-05, 4.14547757828e-05, 3.9799066144e-05, 1.2767401131e-05, 2.63865422312e-05, 5.79062834731e-05, 3.03773940686e-05, 3.16377045237e-05, 2.83261306322e-05, 1.75658569788e-05, 4.05278515245e-05, 1.880983109e-05, 1.38981786222e-05, 1.61117750395e-05, 1.54049484991e-05, 1.04835035017e-05, 1.16124274427e-05, 1.68438673427e-05, 1.3708448023e-05, 1.36030557769e-05, 1.07996456791e-05, 7.67945402913e-06, 8.90294904821e-06, 5.683325071e-06, 6.48192917652e-06, 6.0859201767e-06, 6.88163845552e-06, 4.3219570216e-06, 3.97906387661e-06, 3.36030461767e-06, 2.78385755337e-06, 3.49976971847e-06, 3.13835653287e-06, 3.51493508788e-06, 3.01408317682e-06, 2.66163692686e-06, 2.61726677309e-06, 2.74284752777e-06, 2.42978558163e-06, 2.25427720579e-06, 1.73770217771e-06, 1.75082504938e-06, 1.56337023327e-06, 1.67586097177e-06, 1.69152644958e-06, 1.69704071595e-06, 1.54567760546e-06, 1.53146129378e-06, 1.31269166559e-06, 1.05599394828e-06, 9.05541128304e-07, 7.33788567686e-07, 6.39364145627e-07, 5.35205970209e-07, 4.6730551162e-07, 3.74221059474e-07, 3.33777762762e-07, 2.80661112129e-07, 2.2360208618e-07, 1.76367521476e-07, 1.41024628419e-07, 1.0532263417e-07, 7.63791874192e-08, 5.31237311918e-08, 3.58241187826e-08, 2.39047128758e-08, 1.55533967927e-08, 1.03718402755e-08, 7.00803060028e-09, 4.86523665799e-09, 3.44655126661e-09, 2.39510922206e-09, 1.54263080088e-09, 1.00610308973e-09, 6.46655895498e-10, 3.96439159278e-10, 2.37809189008e-10, 1.52276663501e-10, 1.05852569765e-10, 6.98741273175e-11, 4.81186999968e-11]
    },
    "mfcc": {
        "mean": [-655.209594727, 139.226257324, -10.611114502, 22.7043590546, 5.68955659866, 8.63222503662, 2.64869642258, 8.79238700867, -0.360917657614, -1.45773947239, -3.79933094978, -2.07630729675, -3.60341644287],
        "cov": [[15109.4140625, -2763.78198242, 644.515380859, 1316.92041016, 364.830474854, 816.551330566, 258.21282959, 312.841430664, 168.86857605, 554.262329102, 304.083892822, 280.841156006, 274.078796387], [-2763.78198242, 3250.88525391, -563.54699707, -271.344818115, -13.5000133514, -363.847564697, -83.3257141113, -50.7363128662, -44.0604820251, -285.932098389, -104.189445496, -111.070877075, -154.276473999], [644.515380859, -563.54699707, 886.29095459, 1.54087042809, 64.7874755859, 142.750518799, 72.2965621948, 90.0567474365, -9.78137016296, 47.6691398621, 44.9247398376, 46.1483612061, -13.2924623489], [1316.92041016, -271.344818115, 1.54087042809, 502.190124512, 71.0927124023, 202.016494751, 84.4681472778, 42.9936103821, 29.6272907257, 71.389831543, 33.2940483093, 32.3973693848, 106.186958313], [364.830474854, -13.5000133514, 64.7874755859, 71.0927124023, 200.291320801, 50.2869567871, 26.5227146149, 30.0584182739, 18.8678817749, 39.274936676, 16.0631027222, 18.836555481, 23.3487262726], [816.551330566, -363.847564697, 142.750518799, 202.016494751, 50.2869567871, 296.051208496, 140.932647705, 55.97996521, 21.3368015289, 64.7258453369, 40.1334762573, 35.5890274048, 54.8200569153], [258.21282959, -83.3257141113, 72.2965621948, 84.4681472778, 26.5227146149, 140.932647705, 170.167236328, 72.3447036743, 29.7958679199, 32.8991622925, 28.7879676819, 28.6217308044, 37.5777511597], [312.841430664, -50.7363128662, 90.0567474365, 42.9936103821, 30.0584182739, 55.97996521, 72.3447036743, 132.206497192, 50.5970535278, 35.9229507446, 25.6609230042, 20.5729942322, 13.3569068909], [168.86857605, -44.0604820251, -9.78137016296, 29.6272907257, 18.8678817749, 21.3368015289, 29.7958679199, 50.5970535278, 102.667304993, 60.6690826416, 27.006772995, 11.034491539, 15.2999849319], [554.262329102, -285.932098389, 47.6691398621, 71.389831543, 39.274936676, 64.7258453369, 32.8991622925, 35.9229507446, 60.6690826416, 147.76020813, 69.6672134399, 35.6799240112, 29.8351612091], [304.083892822, -104.189445496, 44.9247398376, 33.2940483093, 16.0631027222, 40.1334762573, 28.7879676819, 25.6609230042, 27.006772995, 69.6672134399, 96.4485397339, 47.5932807922, 19.2383594513], [280.841156006, -111.070877075, 46.1483612061, 32.3973693848, 18.836555481, 35.5890274048, 28.6217308044, 20.5729942322, 11.034491539, 35.6799240112, 47.5932807922, 88.7972793579, 48.1241722107], [274.078796387, -154.276473999, -13.2924623489, 106.186958313, 23.3487262726, 54.8200569153, 37.5777511597, 13.3569068909, 15.2999849319, 29.8351612091, 19.2383594513, 48.1241722107, 116.615631104]],
        "icov": [[0.000107634034066, 5.43142414244e-05, -9.43580005242e-07, -0.000225237366976, -6.60306977807e-05, -7.70066471887e-05, 0.000129997177282, -0.000153191052959, 5.65580667171e-05, -0.000130712214741, -2.22900489462e-05, -0.000175865687197, 0.000151223517605], [5.43142414244e-05, 0.000521450652741, 0.00026065329439, -0.000146085774759, -0.000346774962964, 0.000475270673633, -0.000340085593052, -0.000152822089149, -0.000196505177882, 0.000957825221121, -0.000419685937231, -7.84389612818e-06, 0.000551236444153], [-9.43580005242e-07, 0.00026065329439, 0.00156666734256, 0.000308452581521, -0.000446951307822, -0.000556647661142, 7.52176492824e-05, -0.0010634114733, 0.000734370667487, 0.000249859062023, -0.000263499270659, -0.000541818910278, 0.000800274603534], [-0.000225237366976, -0.000146085774759, 0.000308452581521, 0.00383743341081, -0.000345202774042, -0.00207402277738, 0.000501886941493, -0.000191436483874, 9.2018097348e-05, -0.000237165499129, -7.41568946978e-05, 0.001351689687, -0.00271566584706], [-6.60306977807e-05, -0.000346774962964, -0.000446951307822, -0.000345202774042, 0.00585839059204, -0.000451609899756, 0.000326532899635, -0.000503959250636, 6.00977436989e-05, -0.00165409478359, 0.000916896446142, -0.000420076074079, -0.000610959716141], [-7.70066471887e-05, 0.000475270673633, -0.000556647661142, -0.00207402277738, -0.000451609899756, 0.00854432862252, -0.0059374938719, 0.000994061352685, 0.000654356845189, -0.000417419825681, -0.000340363039868, 0.000245461269515, 0.000483858661028], [0.000129997177282, -0.000340085593052, 7.52176492824e-05, 0.000501886941493, 0.000326532899635, -0.0059374938719, 0.0126857254654, -0.00470949523151, -0.000424148805905, 0.000381546095014, -0.000633148301858, -0.000570629490539, -0.00172849930823], [-0.000153191052959, -0.000152822089149, -0.0010634114733, -0.000191436483874, -0.000503959250636, 0.000994061352685, -0.00470949523151, 0.0128598148003, -0.00529747735709, 0.000647571461741, -0.000248354364885, -0.000714784604497, 0.000754502078053], [5.65580667171e-05, -0.000196505177882, 0.000734370667487, 9.2018097348e-05, 6.00977436989e-05, 0.000654356845189, -0.000424148805905, -0.00529747735709, 0.016041027382, -0.00667647179216, 0.000398580508772, 0.00123482709751, -0.000940976489801], [-0.000130712214741, 0.000957825221121, 0.000249859062023, -0.000237165499129, -0.00165409478359, -0.000417419825681, 0.000381546095014, 0.000647571461741, -0.00667647179216, 0.0161291044205, -0.00858147256076, 0.000761594856158, -4.22528607658e-08], [-2.22900489462e-05, -0.000419685937231, -0.000263499270659, -7.41568946978e-05, 0.000916896446142, -0.000340363039868, -0.000633148301858, -0.000248354364885, 0.000398580508772, -0.00858147256076, 0.0203611627221, -0.00876346696168, 0.00214417208917], [-0.000175865687197, -7.84389612818e-06, -0.000541818910278, 0.001351689687, -0.000420076074079, 0.000245461269515, -0.000570629490539, -0.000714784604497, 0.00123482709751, 0.000761594856158, -0.00876346696168, 0.0205309521407, -0.00803885515779], [0.000151223517605, 0.000551236444153, 0.000800274603534, -0.00271566584706, -0.000610959716141, 0.000483858661028, -0.00172849930823, 0.000754502078053, -0.000940976489801, -4.22528607658e-08, 0.00214417208917, -0.00803885515779, 0.0149656431749]]
    },
    "spectral_contrast_coeffs": {
        "mean": [-0.661744892597, -0.728529572487, -0.726737499237, -0.769296884537, -0.774712860584, -0.759640276432]
    },
    "spectral_contrast_valleys": {
        "mean": [-6.81228923798, -6.99888515472, -7.52796936035, -7.73875761032, -7.89833974838, -10.7576522827]
    }
},
"rhythm": {
    "beats_count": 581,
    "beats_loudness": {
        "mean": 0.0420983470976
    },
    "bpm": 133.001541138,
    "bpm_histogram_first_peak_bpm": 133,
    "bpm_histogram_first_peak_weight": 0.267932474613,
    "bpm_histogram_second_peak_bpm": 115,
    "bpm_histogram_second_peak_spread": 0.480769276619,
    "bpm_histogram_second_peak_weight": 0.0465517230332,
    "danceability": 0.985632658005,
    "onset_rate": 2.75478076935,
    "beats_loudness_band_ratio": {
        "mean": [0.579460024834, 0.189765974879, 0.130349308252, 0.109518527985, 0.0575416088104, 0.0254678893834]
    },
    "beats_position": [0.487619042397, 0.986848056316, 1.46285712719, 1.92725622654, 2.38004541397, 2.83283448219, 3.28562355042, 3.73841261864, 4.19120168686, 4.6439909935, 5.0967798233, 5.54956912994, 6.00235795975, 6.45514726639, 6.90793657303, 7.36072540283, 7.81351470947, 8.26630401611, 8.71909236908, 9.16027164459, 9.61306095123, 10.0658502579, 10.5186395645, 10.95981884, 11.412607193, 11.8653964996, 12.3065757751, 12.7593650818, 13.2121543884, 13.6649427414, 14.117732048, 14.5589113235, 15.0000905991, 15.4528799057, 15.9056682587, 16.3700675964, 16.8228569031, 17.2756462097, 17.7168254852, 18.1696147919, 18.6224040985, 19.0751914978, 19.5279808044, 19.96916008, 20.4219493866, 20.8747386932, 21.3275279999, 21.7803173065, 22.221496582, 22.6858959198, 23.1386852264, 23.5914726257, 24.0326519012, 24.4854412079, 24.9498405457, 25.4026298523, 25.8554191589, 26.3082084656, 26.7493877411, 27.1905670166, 27.6433563232, 28.0961437225, 28.5605430603, 29.0017223358, 29.4429016113, 29.8840808868, 30.3484802246, 30.8012695312, 31.2540588379, 31.7068481445, 32.1596374512, 32.6240348816, 33.0768241882, 33.5296134949, 33.9707946777, 34.4119720459, 34.8531494141, 35.3059387207, 35.7587280273, 36.211517334, 36.6643066406, 37.1170959473, 37.5698852539, 38.0226745605, 38.4754638672, 38.9282531738, 39.3810424805, 39.8338317871, 40.2866210938, 40.7277984619, 41.1805877686, 41.6333770752, 42.0861663818, 42.5389556885, 42.9917449951, 43.4445343018, 43.8973236084, 44.350112915, 44.8029022217, 45.2556915283, 45.6968688965, 46.1380500793, 46.590839386, 47.0436286926, 47.508026123, 47.9492073059, 48.4019927979, 48.8547821045, 49.3075714111, 49.7603607178, 50.2131500244, 50.6543312073, 51.1071205139, 51.5599098206, 52.0126991272, 52.4654884338, 52.9182739258, 53.3710632324, 53.8122444153, 54.2650337219, 54.7062110901, 55.1590003967, 55.6117897034, 56.06457901, 56.5173683167, 56.9701576233, 57.4229469299, 57.8873443604, 58.3285255432, 58.7813148499, 59.2341041565, 59.6752815247, 60.1280708313, 60.5808601379, 61.0452613831, 61.4864387512, 61.9276161194, 62.380405426, 62.8331947327, 63.2743759155, 63.7271652222, 64.1799545288, 64.6443557739, 65.0855331421, 65.5383224487, 65.9911117554, 66.443901062, 66.8966903687, 67.3494796753, 67.8022689819, 68.2550582886, 68.7078475952, 69.1722412109, 69.6134262085, 70.0546035767, 70.5073928833, 70.9601821899, 71.4129714966, 71.8657608032, 72.3069381714, 72.759727478, 73.2125167847, 73.6653060913, 74.1180953979, 74.5708847046, 75.0236740112, 75.4648513794, 75.917640686, 76.3704299927, 76.8232192993, 77.276008606, 77.7287979126, 78.1699752808, 78.6111526489, 79.0639419556, 79.5167312622, 79.9695205688, 80.4223098755, 80.8750991821, 81.3278884888, 81.7806777954, 82.2334671021, 82.6862564087, 83.1506576538, 83.6150588989, 84.0562362671, 84.4974136353, 84.9502029419, 85.4029922485, 85.8441696167, 86.2853469849, 86.7265319824, 87.1793212891, 87.6321105957, 88.0848999023, 88.537689209, 88.9904708862, 89.4432601929, 89.8844451904, 90.3488388062, 90.8132400513, 91.2660293579, 91.7188186646, 92.1716079712, 92.6243972778, 93.065574646, 93.5183639526, 93.9711532593, 94.4123306274, 94.8651199341, 95.3179092407, 95.7706985474, 96.223487854, 96.6646728516, 97.1058502197, 97.5586395264, 98.011428833, 98.4642181396, 98.9170074463, 99.3697967529, 99.8225860596, 100.275375366, 100.728164673, 101.169342041, 101.622131348, 102.074920654, 102.527709961, 102.980499268, 103.421676636, 103.886077881, 104.338867188, 104.791656494, 105.244445801, 105.697235107, 106.138412476, 106.591201782, 107.043991089, 107.496780396, 107.949569702, 108.402359009, 108.843536377, 109.296325684, 109.74911499, 110.201904297, 110.654693604, 111.10748291, 111.560272217, 112.013061523, 112.454238892, 112.907028198, 113.359817505, 113.812606812, 114.25378418, 114.706573486, 115.159362793, 115.6121521, 116.064941406, 116.517730713, 116.97052002, 117.423309326, 117.864486694, 118.317276001, 118.770065308, 119.222854614, 119.675643921, 120.128433228, 120.581222534, 121.022399902, 121.475189209, 121.927978516, 122.369155884, 122.833557129, 123.286346436, 123.739135742, 124.191925049, 124.644714355, 125.097503662, 125.550292969, 125.991470337, 126.444259644, 126.89704895, 127.349838257, 127.802627563, 128.243804932, 128.6849823, 129.137771606, 129.590560913, 130.04335022, 130.496139526, 130.948928833, 131.40171814, 131.854507446, 132.307296753, 132.76008606, 133.212875366, 133.654052734, 134.118453979, 134.582855225, 135.024032593, 135.488433838, 135.952835083, 136.394012451, 136.835189819, 137.276367188, 137.717544556, 138.181945801, 138.623123169, 139.087524414, 139.528701782, 139.981491089, 140.434280396, 140.887069702, 141.339859009, 141.792648315, 142.245437622, 142.68661499, 143.139404297, 143.592193604, 144.033370972, 144.486160278, 144.938949585, 145.391738892, 145.844528198, 146.297317505, 146.750106812, 147.202896118, 147.655685425, 148.096862793, 148.5496521, 149.002441406, 149.455230713, 149.90802002, 150.360809326, 150.813598633, 151.266387939, 151.719177246, 152.160354614, 152.613143921, 153.065933228, 153.518722534, 153.971511841, 154.424301147, 154.877090454, 155.318267822, 155.771057129, 156.223846436, 156.665023804, 157.11781311, 157.570602417, 158.035003662, 158.47618103, 158.928970337, 159.381759644, 159.83454895, 160.287338257, 160.740127563, 161.181304932, 161.634094238, 162.086883545, 162.539672852, 162.992462158, 163.445251465, 163.886444092, 164.339233398, 164.792022705, 165.244796753, 165.69758606, 166.138778687, 166.591567993, 167.0443573, 167.497146606, 167.949935913, 168.40272522, 168.855514526, 169.296691895, 169.749481201, 170.202270508, 170.655059814, 171.107849121, 171.560638428, 172.013427734, 172.466217041, 172.919006348, 173.360183716, 173.812973022, 174.265762329, 174.718551636, 175.171340942, 175.624130249, 176.076919556, 176.518096924, 176.97088623, 177.423675537, 177.876464844, 178.32925415, 178.782043457, 179.234832764, 179.68762207, 180.140411377, 180.581588745, 181.034378052, 181.47555542, 181.928344727, 182.392745972, 182.845535278, 183.298324585, 183.751113892, 184.203903198, 184.656692505, 185.109481812, 185.562271118, 186.015060425, 186.456237793, 186.9090271, 187.361816406, 187.802993774, 188.244171143, 188.696960449, 189.149749756, 189.602539062, 190.055328369, 190.508117676, 190.960906982, 191.402084351, 191.854873657, 192.307662964, 192.760452271, 193.213241577, 193.654418945, 194.107208252, 194.559997559, 195.024398804, 195.47718811, 195.929977417, 196.382766724, 196.83555603, 197.276733398, 197.729522705, 198.182312012, 198.635101318, 199.087890625, 199.529067993, 199.970245361, 200.434646606, 200.887435913, 201.34022522, 201.781402588, 202.234191895, 202.686981201, 203.139770508, 203.592559814, 204.045349121, 204.498138428, 204.939315796, 205.392105103, 205.844894409, 206.309295654, 206.750473022, 207.191650391, 207.644439697, 208.097229004, 208.550018311, 209.002807617, 209.443984985, 209.885162354, 210.349563599, 210.802352905, 211.255142212, 211.707931519, 212.149108887, 212.601898193, 213.0546875, 213.507476807, 213.960266113, 214.41305542, 214.865844727, 215.330245972, 215.748199463, 216.166168213, 216.584121704, 217.060134888, 217.536148071, 218.012145996, 218.499771118, 218.987380981, 219.475006104, 219.962631226, 220.450241089, 220.937866211, 221.437088013, 221.936325073, 222.435546875, 222.934783936, 223.434005737, 223.933242798, 224.420852661, 224.908477783, 225.396102905, 225.87210083, 226.371337891, 226.858947754, 227.346572876, 227.857406616, 228.368255615, 228.879089355, 229.389923096, 229.900772095, 230.399993896, 230.899230957, 231.410064697, 231.920898438, 232.431747437, 232.942581177, 233.453414917, 233.964263916, 234.475097656, 234.997543335, 235.519989014, 236.042449951, 236.576507568, 237.110565186, 237.644622803, 238.167068481, 238.68951416, 239.211975098, 239.734420776, 240.256866455, 240.767700195, 241.290161133, 241.812606812, 242.323440552, 242.834274292, 243.345123291, 243.855957031, 244.37840271, 244.900863647, 245.423309326, 245.945755005, 246.456588745, 246.979049683, 247.501495361, 248.02394104, 248.557998657, 249.080444336, 249.602905273, 250.125350952, 250.647796631, 251.17024231, 251.681091309, 252.191925049, 252.714370728, 253.236816406, 253.759277344, 254.270111084, 254.792556763, 255.315002441, 255.872283936, 256.41796875, 256.975219727, 257.555725098, 258.147827148, 258.577423096, 258.995361328, 259.413330078, 259.842895508, 260.237640381, 260.643981934, 261.038726807, 261.43347168, 261.816589355, 262.199737549, 262.582855225, 262.9659729, 263.360717773, 263.755462646, 264.15020752, 264.533325195, 264.928070068, 265.322814941, 265.717559814, 266.11227417],
    "bpm_histogram": [0, 0, 0, 0, 0, 0, 0, 0, 0, 0, 0, 0, 0, 0, 0, 0, 0, 0, 0, 0, 0, 0, 0, 0, 0, 0, 0, 0, 0, 0, 0, 0, 0, 0, 0, 0, 0, 0, 0, 0, 0, 0, 0, 0, 0, 0, 0, 0, 0, 0, 0, 0, 0, 0, 0, 0, 0, 0, 0, 0, 0, 0, 0, 0, 0, 0, 0, 0, 0, 0, 0, 0, 0, 0, 0, 0, 0, 0, 0, 0, 0, 0, 0, 0, 0, 0, 0, 0, 0, 0, 0, 0, 0, 0, 0, 0, 0, 0, 0, 0, 0, 0.00172413792461, 0, 0.00172413792461, 0, 0, 0, 0, 0.00344827584922, 0, 0.00172413792461, 0, 0.00689655169845, 0, 0, 0.0465517230332, 0, 0.0362068973482, 0, 0, 0.0172413792461, 0, 0, 0.018965518102, 0, 0, 0.00862068962306, 0, 0, 0.0534482747316, 0, 0, 0, 0.598275840282, 0, 0, 0.165517240763, 0, 0, 0, 0.00344827584922, 0, 0, 0, 0.00862068962306, 0, 0, 0, 0.00172413792461, 0, 0, 0, 0.0172413792461, 0, 0, 0, 0, 0.00862068962306, 0, 0, 0, 0, 0, 0, 0, 0, 0, 0, 0, 0, 0, 0, 0, 0, 0, 0, 0, 0, 0, 0, 0, 0, 0, 0, 0, 0, 0, 0, 0, 0, 0, 0, 0, 0, 0, 0, 0, 0, 0, 0, 0, 0, 0, 0, 0, 0, 0, 0, 0, 0, 0, 0, 0, 0, 0, 0, 0, 0, 0, 0, 0, 0, 0, 0, 0, 0, 0, 0, 0, 0, 0, 0, 0, 0, 0, 0, 0, 0, 0, 0, 0, 0, 0, 0, 0, 0, 0, 0, 0, 0]
},
"tonal": {
    "chords_changes_rate": 0.0381134711206,
    "chords_number_rate": 0.00156630703714,
    "chords_strength": {
        "mean": 0.560973763466
    },
    "hpcp_crest": {
        "mean": 14.9248733521
    },
    "hpcp_entropy": {
        "mean": 1.7864780426
    },
    "key_edma": {
        "strength": 0.774949550629,
        "key": "D",
        "scale": "major"
    },
    "key_krumhansl": {
        "strength": 0.764330685139,
        "key": "D",
        "scale": "major"
    },
    "key_temperley": {
        "strength": 0.754671394825,
        "key": "A",
        "scale": "major"
    },
    "tuning_diatonic_strength": 0.592146217823,
    "tuning_equal_tempered_deviation": 0.199891775846,
    "tuning_frequency": 434.193115234,
    "tuning_nontempered_energy_ratio": 0.946194767952,
    "hpcp": {
        "mean": [0.381719768047, 0.379931241274, 0.0865021944046, 0.0417535342276, 0.041020937264, 0.0507865995169, 0.136531889439, 0.156082630157, 0.072931304574, 0.0378802828491, 0.0296372231096, 0.0459570549428, 0.193546310067, 0.231018275023, 0.0981811955571, 0.116493783891, 0.160696268082, 0.101274386048, 0.0587335377932, 0.0592169649899, 0.0742923021317, 0.176332771778, 0.203288853168, 0.103354752064, 0.0613337680697, 0.0512270741165, 0.0479590222239, 0.100281879306, 0.116955138743, 0.0785477980971, 0.0756737664342, 0.0602698586881, 0.0383387468755, 0.0506410673261, 0.0596999824047, 0.0959931090474]
    },
    "chords_histogram": [53.7243309021, 4.21162557602, 3.96797776222, 0.191437527537, 7.51827335358, 0.0174034107476, 0.783153474331, 0, 0, 0, 0.174034103751, 0, 0, 0, 0, 0.678733050823, 0.0174034107476, 2.71493220329, 0, 2.12321615219, 0.208840936422, 4.472676754, 12.6696834564, 6.52627897263],
    "thpcp": [1, 0.995314538479, 0.22661177814, 0.109382688999, 0.107463486493, 0.13304682076, 0.35767570138, 0.408893227577, 0.191059798002, 0.0992358401418, 0.0776413083076, 0.120394743979, 0.507037699223, 0.605203866959, 0.257207512856, 0.305181413889, 0.420979678631, 0.265310823917, 0.153865590692, 0.155132040381, 0.194625243545, 0.461943000555, 0.53256046772, 0.270760804415, 0.160677477717, 0.13420073688, 0.125639349222, 0.262710720301, 0.306390047073, 0.205773457885, 0.198244288564, 0.157890319824, 0.100436888635, 0.132665559649, 0.156397402287, 0.251475334167],
    "chords_key": "A",
    "chords_scale": "major"
}
}