{
"metadata": {
    "version": {
        "essentia": "2.1-beta6-dev",
        "essentia_git_sha": "v2.1_beta5-1177-g1d1cc983",
        "extractor": "music 2.0"
    },
    "audio_properties": {
        "analysis": {
            "equal_loudness": 0,
            "length": 259.253326416,
            "sample_rate": 44100,
            "start_time": 0,
            "downmix": "mix"
        },
        "bit_rate": 1411200,
        "length": 259.253326416,
        "lossless": 1,
        "number_channels": 2,
        "replay_gain": -14.6798591614,
        "sample_rate": 44100,
        "codec": "pcm_s16le",
        "md5_encoded": "4b24205c3cfcd38385ebd059e7ffb743"
    },
    "tags": {
        "file_name": "06 - The Front Bottoms - Historic Cemetery.wav",
        "album": ["Back on Top"],
        "albumartist": ["The Front Bottoms"],
        "artist": ["The Front Bottoms"],
        "copyright": ["© 2015 Fueled By Ramen LLC for the United States and WEA International Inc. for the world outside of the United States. A Warner Music Group Company ℗ 2015 Fueled By Ramen LLC"],
        "date": ["2015"],
        "discnumber": ["1"],
        "disctotal": ["1"],
        "genre": ["Alternative & Indie"],
        "isrc": ["USAT21502133"],
        "title": ["Historic Cemetery"],
        "tracknumber": ["6"],
        "tracktotal": ["11"]
    }
},
"lowlevel": {
    "average_loudness": 0.868730545044,
    "barkbands_crest": {
        "mean": 10.9579181671
    },
    "barkbands_flatness_db": {
        "mean": 0.160566270351
    },
    "barkbands_kurtosis": {
        "mean": 7.84416627884
    },
    "barkbands_skewness": {
        "mean": 1.87351560593
    },
    "barkbands_spread": {
        "mean": 22.7440414429
    },
    "dissonance": {
        "mean": 0.45791003108
    },
    "dynamic_complexity": 4.08810329437,
    "erbbands_crest": {
        "mean": 9.60999584198
    },
    "erbbands_flatness_db": {
        "mean": 0.164645493031
    },
    "erbbands_kurtosis": {
        "mean": 2.63481712341
    },
    "erbbands_skewness": {
        "mean": 0.523169875145
    },
    "erbbands_spread": {
        "mean": 40.9769477844
    },
    "hfc": {
        "mean": 20.9172744751
    },
    "loudness_ebu128": {
        "integrated": -8.36292648315,
        "loudness_range": 9.16238021851,
        "momentary": {
            "mean": -11.2255153656
        },
        "short_term": {
            "mean": -10.5456476212
        }
    },
    "melbands_crest": {
        "mean": 15.6856002808
    },
    "melbands_flatness_db": {
        "mean": 0.235520914197
    },
    "melbands_kurtosis": {
        "mean": 18.4380893707
    },
    "melbands_skewness": {
        "mean": 2.96734690666
    },
    "melbands_spread": {
        "mean": 19.4262733459
    },
    "pitch_salience": {
        "mean": 0.522275388241
    },
    "silence_rate_20dB": {
        "mean": 1
    },
    "silence_rate_30dB": {
        "mean": 0.964001059532
    },
    "silence_rate_60dB": {
        "mean": 0.0751320868731
    },
    "spectral_centroid": {
        "mean": 1302.35070801
    },
    "spectral_complexity": {
        "mean": 20.4144363403
    },
    "spectral_decrease": {
        "mean": -7.71165975522e-09
    },
    "spectral_energy": {
        "mean": 0.0310028232634
    },
    "spectral_energyband_high": {
        "mean": 0.0011830793228
    },
    "spectral_energyband_low": {
        "mean": 0.0162200927734
    },
    "spectral_energyband_middle_high": {
        "mean": 0.00414541782811
    },
    "spectral_energyband_middle_low": {
        "mean": 0.0102775432169
    },
    "spectral_entropy": {
        "mean": 7.36985349655
    },
    "spectral_flux": {
        "mean": 0.0740512087941
    },
    "spectral_kurtosis": {
        "mean": 10.4703416824
    },
    "spectral_rms": {
        "mean": 0.00490844063461
    },
    "spectral_rolloff": {
        "mean": 1480.90087891
    },
    "spectral_skewness": {
        "mean": 1.89129924774
    },
    "spectral_spread": {
        "mean": 4546385.5
    },
    "spectral_strongpeak": {
        "mean": 0.676170945168
    },
    "zerocrossingrate": {
        "mean": 0.0589285977185
    },
    "barkbands": {
        "mean": [0.000175873181433, 0.0101540889591, 0.00519380019978, 0.00154886918608, 0.00351556949317, 0.00102687091567, 0.00145187426824, 0.0016948179109, 0.00077936577145, 0.000608745147474, 0.00039431679761, 0.000343249470461, 0.000415459770011, 0.000304370041704, 0.000289855292067, 0.000507307879161, 0.000504751456901, 0.000289038056508, 0.00039615193964, 0.000404308288125, 0.000337493955158, 0.00021784567798, 0.000152156295371, 0.000138582181535, 8.90731898835e-05, 4.31169682997e-05, 2.23627957894e-05]
    },
    "erbbands": {
        "mean": [0.251940131187, 2.42292451859, 6.5767326355, 4.83589363098, 8.70210170746, 11.5169343948, 11.5992794037, 8.42582321167, 19.7977657318, 31.6065692902, 27.4165534973, 16.408788681, 20.1854133606, 14.8945684433, 15.6379556656, 15.8963298798, 18.9771080017, 15.9176197052, 14.9789237976, 19.1985378265, 28.6301498413, 27.1233959198, 18.0984802246, 15.3595733643, 22.5267124176, 18.5445079803, 15.6058320999, 11.5415458679, 8.55176639557, 5.63000106812, 3.96085572243, 3.14185380936, 2.14983272552, 1.16324269772, 0.550991117954, 0.218501612544, 0.0734643489122, 0.0183714833111, 0.00333928689361, 0.000318144913763]
    },
    "gfcc": {
        "mean": [-30.9687004089, 93.5024185181, -99.669593811, 31.0415096283, -55.1251831055, -0.325784981251, -36.1992416382, 2.50181388855, -18.0787887573, 1.50123107433, -12.2282648087, -3.59705448151, -11.7379207611],
        "cov": [[24710.8691406, -2233.13305664, -2547.59619141, 2809.26855469, 658.247375488, 2144.11035156, 945.110534668, 1517.46984863, -90.1300125122, 299.468292236, -988.280395508, 8.6458568573, -268.262451172], [-2233.13305664, 1875.79956055, -175.632736206, -488.813446045, 53.8117828369, -362.025177002, -71.1342544556, -203.156677246, 114.293411255, -88.6996612549, 177.996292114, -136.126495361, 19.0002708435], [-2547.59619141, -175.632736206, 1244.47241211, -220.375671387, 10.0853261948, -173.314468384, -70.3318939209, -148.612609863, 36.7112960815, 85.0028915405, 71.5463943481, 87.6391296387, 24.2583007812], [2809.26855469, -488.813446045, -220.375671387, 1039.34484863, 263.881958008, 381.643920898, 260.232757568, 218.2578125, 62.7215309143, 6.64177322388, -100.413467407, 26.6145896912, 41.877368927], [658.247375488, 53.8117828369, 10.0853261948, 263.881958008, 454.882873535, 115.440284729, 207.372589111, 106.632591248, 83.3295593262, 37.180519104, -34.3839683533, 5.4546084404, 34.8845901489], [2144.11035156, -362.025177002, -173.314468384, 381.643920898, 115.440284729, 431.632110596, 182.784896851, 195.549209595, 4.41834306717, 26.4407806396, -78.7799606323, -3.23960351944, -18.5311355591], [945.110534668, -71.1342544556, -70.3318939209, 260.232757568, 207.372589111, 182.784896851, 393.852416992, 114.73777771, 43.8475837708, 11.2541818619, -32.4323997498, 37.867061615, 24.4770622253], [1517.46984863, -203.156677246, -148.612609863, 218.2578125, 106.632591248, 195.549209595, 114.73777771, 272.610809326, 53.4231491089, 36.4641838074, -51.1577949524, -1.38700675964, -6.08416461945], [-90.1300125122, 114.293411255, 36.7112960815, 62.7215309143, 83.3295593262, 4.41834306717, 43.8475837708, 53.4231491089, 145.089904785, 45.906036377, 15.8988895416, -14.6201944351, 4.73779821396], [299.468292236, -88.6996612549, 85.0028915405, 6.64177322388, 37.180519104, 26.4407806396, 11.2541818619, 36.4641838074, 45.906036377, 128.109390259, -4.69513702393, 1.80221891403, -19.8649616241], [-988.280395508, 177.996292114, 71.5463943481, -100.413467407, -34.3839683533, -78.7799606323, -32.4323997498, -51.1577949524, 15.8988895416, -4.69513702393, 137.597595215, 19.3269786835, 16.9427509308], [8.6458568573, -136.126495361, 87.6391296387, 26.6145896912, 5.4546084404, -3.23960351944, 37.867061615, -1.38700675964, -14.6201944351, 1.80221891403, 19.3269786835, 107.148948669, 36.5032615662], [-268.262451172, 19.0002708435, 24.2583007812, 41.877368927, 34.8845901489, -18.5311355591, 24.4770622253, -6.08416461945, 4.73779821396, -19.8649616241, 16.9427509308, 36.5032615662, 91.9683456421]],
        "icov": [[0.000166233701748, -9.20734746614e-05, 0.000207302786293, -0.000232488353504, 4.65694938612e-05, -0.000316501391353, 6.55999028822e-05, -0.000378988828743, 0.000329878559569, -0.000450459076092, 0.000708753883373, -0.000486753007863, 0.000379459233955], [-9.20734746614e-05, 0.00115245359484, 0.000178133457666, 0.000547801086213, -0.000478734640637, 0.000621199724264, -0.000286399765173, 0.000721138319932, -0.00114342884626, 0.000958990189247, -0.00140776671469, 0.00158785609528, -0.000477246474475], [0.000207302786293, 0.000178133457666, 0.00137773004826, -4.43022108811e-05, -0.000254306098213, -0.000221632202738, 0.000163058677572, 0.00024006748572, -0.000180467963219, -0.00107248919085, 0.000550105818547, -0.00119671935681, 0.000400229386287], [-0.000232488353504, 0.000547801086213, -4.43022108811e-05, 0.00220592436381, -0.000684070342686, -0.000624064297881, -0.000283440080239, 0.000687823456246, -0.00147897633724, 0.00128281337675, -0.000807353237178, 0.000694175658282, -0.00130293890834], [4.65694938612e-05, -0.000478734640637, -0.000254306098213, -0.000684070342686, 0.00365371373482, -4.545424963e-05, -0.00128717988264, -0.000668507127557, -0.000484857067931, -0.000909662398044, 0.00104325963184, 8.60040890984e-05, -0.000881225860212], [-0.000316501391353, 0.000621199724264, -0.000221632202738, -0.000624064297881, -4.545424963e-05, 0.00590114714578, -0.00146819441579, -0.00140528287739, 0.000661814876366, 0.000401677476475, -0.0013035510201, 0.00205885549076, 0.000270793912932], [6.55999028822e-05, -0.000286399765173, 0.000163058677572, -0.000283440080239, -0.00128717988264, -0.00146819441579, 0.00429203594103, -0.000356739183189, -0.000374385766918, 0.000167266844073, 0.000597754959017, -0.0021491185762, 0.000161372343428], [-0.000378988828743, 0.000721138319932, 0.00024006748572, 0.000687823456246, -0.000668507127557, -0.00140528287739, -0.000356739183189, 0.00769322132692, -0.00340422033332, 0.000546863651834, -0.00106647249777, 0.00081925932318, -0.000891883217264], [0.000329878559569, -0.00114342884626, -0.000180467963219, -0.00147897633724, -0.000484857067931, 0.000661814876366, -0.000374385766918, -0.00340422033332, 0.0118134301156, -0.00457120686769, 0.000114215254143, 0.000772979285102, 0.00018740518135], [-0.000450459076092, 0.000958990189247, -0.00107248919085, 0.00128281337675, -0.000909662398044, 0.000401677476475, 0.000167266844073, 0.000546863651834, -0.00457120686769, 0.0119538847357, -0.00210369518027, 0.000876434263773, 0.00146152381785], [0.000708753883373, -0.00140776671469, 0.000550105818547, -0.000807353237178, 0.00104325963184, -0.0013035510201, 0.000597754959017, -0.00106647249777, 0.000114215254143, -0.00210369518027, 0.0130802448839, -0.00499544665217, 0.000805485411547], [-0.000486753007863, 0.00158785609528, -0.00119671935681, 0.000694175658282, 8.60040890984e-05, 0.00205885549076, -0.0021491185762, 0.00081925932318, 0.000772979285102, 0.000876434263773, -0.00499544665217, 0.0160770565271, -0.00605127867311], [0.000379459233955, -0.000477246474475, 0.000400229386287, -0.00130293890834, -0.000881225860212, 0.000270793912932, 0.000161372343428, -0.000891883217264, 0.00018740518135, 0.00146152381785, 0.000805485411547, -0.00605127867311, 0.0154128009453]]
    },
    "melbands": {
        "mean": [0.00254333717749, 0.00324780982919, 0.000986246508546, 0.000746213365346, 0.000444445060566, 0.000205227479455, 0.000287289061816, 0.00037020954187, 0.000212502505747, 9.7642900073e-05, 0.000100174147519, 5.99175546085e-05, 5.16533618793e-05, 3.68767978216e-05, 5.31939767825e-05, 3.34461910825e-05, 2.97541409964e-05, 2.32551246881e-05, 2.27512100537e-05, 3.41079285135e-05, 3.31452392857e-05, 2.92330005323e-05, 2.20312758756e-05, 1.19110545711e-05, 1.18509924505e-05, 1.70937782968e-05, 1.56002006406e-05, 1.12500856631e-05, 1.00210827441e-05, 8.1596790551e-06, 6.15597036813e-06, 5.06913829668e-06, 3.63476578968e-06, 3.02624312098e-06, 2.36774917539e-06, 2.01617785933e-06, 1.86955026038e-06, 1.54279996423e-06, 1.23263066598e-06, 9.0345827175e-07]
    },
    "melbands128": {
        "mean": [0.000171358580701, 0.0017358037876, 0.00352166988887, 0.00413862289861, 0.00397337554023, 0.00207092426717, 0.000863764551468, 0.000816940621007, 0.000904287444428, 0.000791459169704, 0.000594334036577, 0.000607567257248, 0.000410230975831, 0.000243615490035, 0.000159448056365, 0.0001476326579, 0.00037834426621, 0.000286868511466, 0.000232215912547, 0.000350254791556, 0.000511828460731, 0.000220749541768, 0.000189151614904, 0.0001829417306, 8.18379267002e-05, 7.47516896809e-05, 8.94504337339e-05, 0.000122141078464, 9.51741822064e-05, 5.28554519406e-05, 5.89270130149e-05, 4.70898412459e-05, 4.96532884426e-05, 6.18384146946e-05, 3.26070730807e-05, 2.84451598418e-05, 4.15540198446e-05, 6.13473748672e-05, 6.08438640484e-05, 3.27716770698e-05, 3.16296172969e-05, 2.33246428252e-05, 3.09410279442e-05, 3.33538991981e-05, 2.49418026215e-05, 1.84146065294e-05, 2.53577782132e-05, 2.5964287488e-05, 1.97926165129e-05, 1.88735975826e-05, 4.58465401607e-05, 3.76266143576e-05, 2.85939786409e-05, 3.54822186637e-05, 3.34162832587e-05, 2.6785335649e-05, 2.77751132671e-05, 2.46521940426e-05, 2.06249915209e-05, 1.61777443282e-05, 9.87152361631e-06, 1.02496251202e-05, 1.0236277376e-05, 1.13720889203e-05, 1.62518372235e-05, 1.83605498023e-05, 1.70749335666e-05, 1.55328743858e-05, 1.57576832862e-05, 1.50197884068e-05, 1.04635018943e-05, 9.88293504633e-06, 1.06282650449e-05, 9.6548037618e-06, 1.01238474599e-05, 8.42758709041e-06, 7.37238633519e-06, 6.92993808116e-06, 6.17968044025e-06, 4.97784139952e-06, 5.32790454599e-06, 5.18133674632e-06, 4.31203216067e-06, 3.55009524355e-06, 2.90200750896e-06, 3.01649311041e-06, 2.83090071207e-06, 3.59617638424e-06, 2.07235166272e-06, 1.78243476512e-06, 2.17302203964e-06, 1.92962625079e-06, 1.98649195227e-06, 2.02903265745e-06, 1.71154101736e-06, 1.5465720935e-06, 1.51416600147e-06, 1.53992152718e-06, 1.25424560338e-06, 1.10550786303e-06, 9.32661635034e-07, 8.87619648893e-07, 8.6847694547e-07, 7.03828334281e-07, 6.83845200911e-07, 4.66067405114e-07, 4.36536083726e-07, 3.93224866002e-07, 3.51344880301e-07, 3.59736247901e-07, 3.44822552734e-07, 2.77005881344e-07, 2.07611876135e-07, 1.80826404517e-07, 1.44891473042e-07, 1.53792186097e-07, 1.35498467557e-07, 1.38166072361e-07, 1.06600687388e-07, 9.94206743599e-08, 8.74212844337e-08, 1.05454851962e-07, 9.56311581035e-08, 7.61926202131e-08, 7.22872570691e-08, 6.03197705118e-08, 4.81190269852e-08, 4.55944046962e-08]
    },
    "mfcc": {
        "mean": [-675.304138184, 124.735809326, 9.27091884613, 30.7896308899, 3.48691177368, 1.93197417259, -5.20935869217, -2.04573440552, -2.99312710762, -0.196452468634, -1.48906564713, 3.2562713623, 2.88114666939],
        "cov": [[20761.21875, -2295.63842773, -1511.49707031, 1210.33300781, 250.465606689, 1099.81311035, 1049.99267578, 1326.171875, 1286.27441406, 788.927001953, 337.518554688, 136.656219482, -16.9294033051], [-2295.63842773, 1982.03100586, -55.3753128052, -237.011734009, -15.9592723846, -234.414398193, -169.581115723, -237.434936523, -168.565628052, -45.096862793, 24.1902980804, 14.2493829727, 46.9525413513], [-1511.49707031, -55.3753128052, 795.805908203, -60.0517120361, 13.106502533, -34.6048202515, -106.577896118, -138.312179565, -99.5663299561, -99.671836853, -16.0574760437, 11.0645437241, 66.4782791138], [1210.33300781, -237.011734009, -60.0517120361, 555.784484863, 127.335853577, 206.428604126, 117.501373291, 167.808364868, 168.150131226, 61.027797699, 25.958070755, 21.1410312653, 52.5347824097], [250.465606689, -15.9592723846, 13.106502533, 127.335853577, 288.693847656, 49.830657959, 28.7206172943, 33.754322052, 70.8987350464, 66.2581253052, 26.6865787506, 16.5790100098, 28.8766174316], [1099.81311035, -234.414398193, -34.6048202515, 206.428604126, 49.830657959, 304.691558838, 153.495437622, 131.519302368, 139.904541016, 58.4065170288, 51.1547317505, 16.7245807648, 12.6320962906], [1049.99267578, -169.581115723, -106.577896118, 117.501373291, 28.7206172943, 153.495437622, 267.783233643, 181.431472778, 141.451324463, 64.9247360229, 45.4445457458, 20.6942539215, -3.64432764053], [1326.171875, -237.434936523, -138.312179565, 167.808364868, 33.754322052, 131.519302368, 181.431472778, 289.115539551, 159.677688599, 70.2735061646, 43.0938186646, 19.0390453339, 1.15573811531], [1286.27441406, -168.565628052, -99.5663299561, 168.150131226, 70.8987350464, 139.904541016, 141.451324463, 159.677688599, 264.51272583, 115.507759094, 55.7065696716, 24.4753303528, 20.8850803375], [788.927001953, -45.096862793, -99.671836853, 61.027797699, 66.2581253052, 58.4065170288, 64.9247360229, 70.2735061646, 115.507759094, 172.444168091, 53.906917572, 26.9071044922, 0.0842685773969], [337.518554688, 24.1902980804, -16.0574760437, 25.958070755, 26.6865787506, 51.1547317505, 45.4445457458, 43.0938186646, 55.7065696716, 53.906917572, 129.861206055, 38.7396316528, 31.4453258514], [136.656219482, 14.2493829727, 11.0645437241, 21.1410312653, 16.5790100098, 16.7245807648, 20.6942539215, 19.0390453339, 24.4753303528, 26.9071044922, 38.7396316528, 86.5091552734, 32.6171340942], [-16.9294033051, 46.9525413513, 66.4782791138, 52.5347824097, 28.8766174316, 12.6320962906, -3.64432764053, 1.15573811531, 20.8850803375, 0.0842685773969, 31.4453258514, 32.6171340942, 103.670295715]],
        "icov": [[9.55300711212e-05, 6.62629245198e-05, 0.000117872579722, -2.71669796348e-05, 4.07446896133e-05, -0.000100066812593, 4.79853838442e-07, -0.000142647724715, -0.000159005445312, -0.000150773150381, -1.96212204173e-05, -1.51171961988e-05, -3.0915136449e-05], [6.62629245198e-05, 0.00067181547638, 0.000258624990238, 6.43037928967e-05, -4.73455766041e-05, 0.000234132778132, -4.6959710744e-05, 0.000323238200508, 2.03354393307e-05, -8.42691515572e-05, -0.000312987482175, -4.61327726953e-05, -0.000407048122725], [0.000117872579722, 0.000258624990238, 0.00175059551839, 0.000131866705487, -0.000214811312617, -0.000378697179258, 0.00020063467673, 0.000435826717876, -6.83302350808e-05, 0.000551565841306, -5.46766605112e-05, -0.000237023996306, -0.00107462354936], [-2.71669796348e-05, 6.43037928967e-05, 0.000131866705487, 0.00307081453502, -0.000879970612004, -0.00149179948494, 0.000540101900697, -0.00094740599161, -0.000628279289231, 0.000321418716339, 0.00080960750347, 2.35179159063e-05, -0.00134447857272], [4.07446896133e-05, -4.73455766041e-05, -0.000214811312617, -0.000879970612004, 0.0042771124281, 6.90986707923e-05, 2.52379031735e-05, 0.000209691948839, -0.000361519982107, -0.00153361761477, -4.10201319028e-05, 9.98532705125e-05, -0.000534358143341], [-0.000100066812593, 0.000234132778132, -0.000378697179258, -0.00149179948494, 6.90986707923e-05, 0.00624541053548, -0.00228769308887, 0.000515014049597, -0.000885081826709, 0.000298343744362, -0.00133454124443, 0.000314802862704, 0.000493834726512], [4.79853838442e-07, -4.6959710744e-05, 0.00020063467673, 0.000540101900697, 2.52379031735e-05, -0.00228769308887, 0.00793976802379, -0.00345955509692, -0.00124418211635, 0.000134746514959, -0.000312764925184, -0.000691884662956, 0.000771482591517], [-0.000142647724715, 0.000323238200508, 0.000435826717876, -0.00094740599161, 0.000209691948839, 0.000515014049597, -0.00345955509692, 0.00798534695059, -0.00172630161978, 0.000498204666656, -0.000601367966738, -0.000232911886997, 0.00030219295877], [-0.000159005445312, 2.03354393307e-05, -6.83302350808e-05, -0.000628279289231, -0.000361519982107, -0.000885081826709, -0.00124418211635, -0.00172630161978, 0.0087930355221, -0.0033656344749, -0.000241591289523, 0.000501320464537, -0.00134205434006], [-0.000150773150381, -8.42691515572e-05, 0.000551565841306, 0.000321418716339, -0.00153361761477, 0.000298343744362, 0.000134746514959, 0.000498204666656, -0.0033656344749, 0.0101368231699, -0.00230796728283, -0.00163799908478, 0.00177218113095], [-1.96212204173e-05, -0.000312987482175, -5.46766605112e-05, 0.00080960750347, -4.10201319028e-05, -0.00133454124443, -0.000312764925184, -0.000601367966738, -0.000241591289523, -0.00230796728283, 0.0109890326858, -0.00284460000694, -0.00245458399877], [-1.51171961988e-05, -4.61327726953e-05, -0.000237023996306, 2.35179159063e-05, 9.98532705125e-05, 0.000314802862704, -0.000691884662956, -0.000232911886997, 0.000501320464537, -0.00163799908478, -0.00284460000694, 0.0148397674784, -0.00383517914452], [-3.0915136449e-05, -0.000407048122725, -0.00107462354936, -0.00134447857272, -0.000534358143341, 0.000493834726512, 0.000771482591517, 0.00030219295877, -0.00134205434006, 0.00177218113095, -0.00245458399877, -0.00383517914452, 0.0135281905532]]
    },
    "spectral_contrast_coeffs": {
        "mean": [-0.681793808937, -0.715284585953, -0.784185647964, -0.799585521221, -0.80061519146, -0.760572552681]
    },
    "spectral_contrast_valleys": {
        "mean": [-6.93826246262, -7.062479496, -7.87185382843, -8.02005958557, -7.91144752502, -10.627664566]
    }
},
"rhythm": {
    "beats_count": 595,
    "beats_loudness": {
        "mean": 0.0518433861434
    },
    "bpm": 142.121017456,
    "bpm_histogram_first_peak_bpm": 144,
    "bpm_histogram_first_peak_weight": 0.522277235985,
    "bpm_histogram_second_peak_bpm": 136,
    "bpm_histogram_second_peak_spread": 0.152777791023,
    "bpm_histogram_second_peak_weight": 0.205387204885,
    "danceability": 1.18918681145,
    "onset_rate": 3.17810487747,
    "beats_loudness_band_ratio": {
        "mean": [0.500720083714, 0.188735634089, 0.19186167419, 0.0578829087317, 0.0505496785045, 0.063454978168]
    },
    "beats_position": [0.429569154978, 0.870748281479, 1.30031740665, 1.72988653183, 2.15945577621, 2.58902478218, 3.03020405769, 3.47138309479, 3.92417216301, 4.3653512001, 4.80653047562, 5.25931978226, 5.6888885498, 6.13006782532, 6.5596370697, 6.98920631409, 7.4303855896, 7.87156438828, 8.31274318695, 8.75392246246, 9.18349170685, 9.6014509201, 10.0310201645, 10.4605894089, 10.9017686844, 11.3313379288, 11.7609071732, 12.1904764175, 12.6316547394, 13.0728340149, 13.5140132904, 13.9435825348, 14.361541748, 14.7911109924, 15.2206802368, 15.6502494812, 16.0914287567, 16.5209980011, 16.9505672455, 17.3801364899, 17.8097057343, 18.2276649475, 18.6572322845, 19.0868015289, 19.5047607422, 19.9343299866, 20.363899231, 20.7934684753, 21.2230377197, 21.6526069641, 22.0821762085, 22.5117454529, 22.9413146973, 23.3708839417, 23.800453186, 24.2300224304, 24.6595916748, 25.1007709503, 25.5303401947, 25.9599094391, 26.3894786835, 26.8190479279, 27.2370071411, 27.6665763855, 28.0961437225, 28.5257129669, 28.9552822113, 29.3848514557, 29.8028106689, 30.2323799133, 30.6619491577, 31.079908371, 31.5094776154, 31.9390468597, 32.3686180115, 32.8097953796, 33.239364624, 33.6689338684, 34.1101112366, 34.5512924194, 34.9924697876, 35.422039032, 35.8632202148, 36.2927894592, 36.7223587036, 37.151927948, 37.5931053162, 38.034286499, 38.4638557434, 38.8934249878, 39.334602356, 39.7641716003, 40.1937408447, 40.6349182129, 41.0760993958, 41.5172767639, 41.9468460083, 42.3764152527, 42.8175964355, 43.2587738037, 43.6883430481, 44.1179122925, 44.5590934753, 44.9886627197, 45.4182319641, 45.8594093323, 46.3005905151, 46.7301597595, 47.1597251892, 47.6009063721, 48.0304756165, 48.4600448608, 48.901222229, 49.3424034119, 49.78358078, 50.2131500244, 50.6427192688, 51.0839004517, 51.5250778198, 51.9546470642, 52.3842163086, 52.813785553, 53.2433547974, 53.6729240417, 54.1024932861, 54.5436706543, 54.9848518372, 55.4260292053, 55.8672103882, 56.3083877563, 56.7379570007, 57.1791381836, 57.608707428, 58.0382766724, 58.4678459167, 58.8974151611, 59.315372467, 59.7565536499, 60.1861228943, 60.6273002625, 61.0684814453, 61.498046875, 61.9392280579, 62.380405426, 62.8099746704, 63.2511558533, 63.6923332214, 64.1219024658, 64.5514755249, 64.9926528931, 65.4338302612, 65.8634033203, 66.29296875, 66.7109298706, 67.1404953003, 67.5700683594, 67.9996337891, 68.4292068481, 68.8471679688, 69.26512146, 69.6830825806, 70.1010437012, 70.5306091309, 70.9601821899, 71.3781356812, 71.8077087402, 72.2256698608, 72.6552352905, 73.0731964111, 73.4911575317, 73.9207229614, 74.338684082, 74.7566452026, 75.1745986938, 75.5925598145, 76.0221328735, 76.4400863647, 76.8580474854, 77.2876205444, 77.7171859741, 78.1351470947, 78.5531082153, 78.9710617065, 79.3890228271, 79.8185958862, 80.2481613159, 80.677734375, 81.1072998047, 81.5368728638, 81.9664382935, 82.3843994141, 82.8255767822, 83.2667541504, 83.7079315186, 84.1491165161, 84.5902938843, 85.0314712524, 85.4610443115, 85.8906097412, 86.3317871094, 86.7729721069, 87.2025375366, 87.6321105957, 88.0616760254, 88.5028533936, 88.9440383911, 89.3736038208, 89.814781189, 90.244354248, 90.6739196777, 91.1150970459, 91.5562820435, 91.9858474731, 92.4154205322, 92.8565979004, 93.2977752686, 93.7273483276, 94.1569137573, 94.5980911255, 95.0276641846, 95.4572296143, 95.8984146118, 96.33959198, 96.7807693481, 97.2103347778, 97.6399078369, 98.0810852051, 98.5106582642, 98.9402236938, 99.381401062, 99.8109741211, 100.240539551, 100.681724548, 101.09967804, 101.529251099, 101.958816528, 102.400001526, 102.829566956, 103.259140015, 103.677093506, 104.129882812, 104.571060181, 105.00063324, 105.441810608, 105.871383667, 106.300949097, 106.730522156, 107.160087585, 107.601264954, 108.042449951, 108.483627319, 108.924804688, 109.365982056, 109.795555115, 110.213516235, 110.643081665, 111.061042786, 111.502220154, 111.943397522, 112.38457489, 112.814147949, 113.243713379, 113.673286438, 114.102851868, 114.520812988, 114.938774109, 115.356735229, 115.774688721, 116.192649841, 116.610610962, 117.028572083, 117.446525574, 117.864486694, 118.282447815, 118.700408936, 119.129974365, 119.559547424, 119.977500916, 120.395462036, 120.813423157, 121.242988586, 121.672561646, 122.090522766, 122.508476257, 122.949661255, 123.367614746, 123.785575867, 124.203536987, 124.621498108, 125.039451599, 125.469024658, 125.910202026, 126.339767456, 126.769340515, 127.187301636, 127.605255127, 128.023223877, 128.452789307, 128.870742798, 129.288711548, 129.718276978, 130.147842407, 130.565795898, 130.983764648, 131.40171814, 131.81968689, 132.249252319, 132.678817749, 133.108383179, 133.537963867, 133.955917358, 134.37387085, 134.7918396, 135.209793091, 135.627746582, 136.045715332, 136.463668823, 136.881637573, 137.287979126, 137.717544556, 138.147125244, 138.565078735, 138.983032227, 139.401000977, 139.818954468, 140.248519897, 140.666488647, 141.084442139, 141.514007568, 141.943572998, 142.361541748, 142.802719116, 143.232284546, 143.661849976, 144.079818726, 144.509384155, 144.927337646, 145.333694458, 145.763259888, 146.192825317, 146.610794067, 147.028747559, 147.446716309, 147.8646698, 148.282623291, 148.688980103, 149.106933594, 149.513290405, 149.931243896, 150.349197388, 150.767166138, 151.185119629, 151.59147644, 151.997817993, 152.415786743, 152.833740234, 153.251693726, 153.669662476, 154.087615967, 154.505569458, 154.923538208, 155.341491699, 155.759460449, 156.17741394, 156.595367432, 157.001724243, 157.408065796, 157.826034546, 158.243988037, 158.661941528, 159.079910278, 159.49786377, 159.915817261, 160.333786011, 160.751739502, 161.169708252, 161.587661743, 162.005615234, 162.423583984, 162.841537476, 163.259490967, 163.677459717, 164.08380127, 164.50177002, 164.908111572, 165.326080322, 165.744033813, 166.161987305, 166.579956055, 166.997909546, 167.415863037, 167.833831787, 168.251785278, 168.669754028, 169.08770752, 169.505661011, 169.923629761, 170.341583252, 170.759536743, 171.177505493, 171.583847046, 171.990203857, 172.408157349, 172.826126099, 173.24407959, 173.67364502, 174.09161377, 174.521179199, 174.927520752, 175.333877563, 175.751831055, 176.169799805, 176.587753296, 177.005706787, 177.412063599, 177.83001709, 178.24798584, 178.654327393, 179.072280884, 179.490249634, 179.908203125, 180.326171875, 180.744125366, 181.162078857, 181.580047607, 181.998001099, 182.41595459, 182.83392334, 183.251876831, 183.669830322, 184.087799072, 184.505752563, 184.923721313, 185.341674805, 185.759628296, 186.177597046, 186.595550537, 187.013504028, 187.431472778, 187.84942627, 188.26739502, 188.673736572, 189.080093384, 189.498046875, 189.916000366, 190.333969116, 190.751922607, 191.158279419, 191.564620972, 191.982574463, 192.400543213, 192.818496704, 193.236465454, 193.654418945, 194.072372437, 194.490341187, 194.908294678, 195.326248169, 195.744216919, 196.16217041, 196.58013916, 196.998092651, 197.416046143, 197.834014893, 198.251968384, 198.669921875, 199.087890625, 199.529067993, 199.958633423, 200.388198853, 200.806167603, 201.224121094, 201.630477905, 202.036819458, 202.454788208, 202.872741699, 203.279083252, 203.697052002, 204.103393555, 204.509750366, 204.939315796, 205.368881226, 205.798446655, 206.228027344, 206.657592773, 207.098770142, 207.551559448, 208.004348755, 208.46875, 208.944763184, 209.420761108, 209.885162354, 210.349563599, 210.825576782, 211.278366089, 211.719543457, 212.160720825, 212.601898193, 213.043075562, 213.495864868, 213.995101929, 214.505935669, 215.016769409, 215.51600647, 216.02684021, 216.537689209, 217.002075195, 217.454864502, 217.896057129, 218.337234497, 218.720352173, 219.103485107, 219.486618042, 219.881362915, 220.345748901, 220.798538208, 221.239730835, 221.657684326, 222.087249756, 222.528427124, 222.981216431, 223.434005737, 223.875183105, 224.316360474, 224.757553101, 225.210342407, 225.663131714, 226.104309082, 226.54548645, 226.986663818, 227.427841187, 227.869018555, 228.310195923, 228.739776611, 229.180953979, 229.622131348, 230.074920654, 230.504486084, 230.945663452, 231.38684082, 231.81640625, 232.257598877, 232.698776245, 233.128341675, 233.569519043, 234.010696411, 234.463485718, 234.916275024, 235.357452393, 235.798629761, 236.251419067, 236.680999756, 237.122177124, 237.563354492, 238.00453186, 238.445709229, 238.898498535, 239.386123657, 239.885345459, 240.38458252, 240.837371826, 241.290161133, 241.742950439, 242.195739746, 242.59046936, 242.996826172, 243.403167725, 243.797912598, 244.20425415, 244.598999023, 245.016952515, 245.411697388, 245.81803894, 246.224395752, 246.758453369, 247.292510986, 247.826568604, 248.45350647, 249.080444336, 249.672561646, 250.264663696, 250.845169067, 251.42565918, 252.006164551, 252.586654663, 253.167160034, 253.759277344, 254.351379395, 254.943481445, 255.535598755, 256.139312744, 256.743041992, 257.346740723, 257.950469971, 258.554199219],
    "bpm_histogram": [0, 0, 0, 0, 0, 0, 0, 0, 0, 0, 0, 0, 0, 0, 0, 0, 0, 0, 0, 0, 0, 0, 0, 0, 0, 0, 0, 0, 0, 0, 0, 0, 0, 0, 0, 0, 0, 0, 0, 0, 0, 0, 0, 0, 0, 0, 0, 0, 0, 0, 0, 0, 0, 0, 0, 0, 0, 0, 0, 0, 0, 0, 0, 0, 0, 0, 0, 0, 0, 0, 0, 0, 0, 0, 0, 0, 0, 0, 0, 0, 0, 0, 0, 0, 0, 0, 0, 0, 0, 0, 0, 0, 0, 0, 0, 0, 0.00336700328626, 0, 0, 0.00841750856489, 0, 0.0101010100916, 0, 0.00841750856489, 0, 0, 0, 0, 0, 0, 0, 0, 0.0050505050458, 0, 0, 0, 0, 0.00673400657251, 0, 0, 0.00673400657251, 0, 0, 0.00168350164313, 0, 0, 0.0050505050458, 0, 0, 0.00841750856489, 0, 0, 0, 0.037037037313, 0, 0, 0.205387204885, 0, 0, 0, 0.304713815451, 0, 0, 0, 0.324915826321, 0, 0, 0, 0.0505050495267, 0, 0, 0, 0.00841750856489, 0, 0, 0, 0, 0.0050505050458, 0, 0, 0, 0, 0, 0, 0, 0, 0, 0, 0, 0, 0, 0, 0, 0, 0, 0, 0, 0, 0, 0, 0, 0, 0, 0, 0, 0, 0, 0, 0, 0, 0, 0, 0, 0, 0, 0, 0, 0, 0, 0, 0, 0, 0, 0, 0, 0, 0, 0, 0, 0, 0, 0, 0, 0, 0, 0, 0, 0, 0, 0, 0, 0, 0, 0, 0, 0, 0, 0, 0, 0, 0, 0, 0, 0, 0, 0, 0, 0, 0, 0, 0, 0, 0, 0, 0, 0, 0, 0, 0, 0]
},
"tonal": {
    "chords_changes_rate": 0.043517190963,
    "chords_number_rate": 0.00179083098192,
    "chords_strength": {
        "mean": 0.520039618015
    },
    "hpcp_crest": {
        "mean": 14.0206661224
    },
    "hpcp_entropy": {
        "mean": 1.8713862896
    },
    "key_edma": {
        "strength": 0.815227806568,
        "key": "C#",
        "scale": "major"
    },
    "key_krumhansl": {
        "strength": 0.806838989258,
        "key": "C#",
        "scale": "major"
    },
    "key_temperley": {
        "strength": 0.793609619141,
        "key": "C#",
        "scale": "major"
    },
    "tuning_diatonic_strength": 0.51054161787,
    "tuning_equal_tempered_deviation": 0.0244697649032,
    "tuning_frequency": 440.508636475,
    "tuning_nontempered_energy_ratio": 0.654763698578,
    "hpcp": {
        "mean": [0.0550474487245, 0.0524803549051, 0.0991352126002, 0.149348676205, 0.109284870327, 0.0616891272366, 0.0588960498571, 0.0647776722908, 0.180300176144, 0.264865100384, 0.157017171383, 0.142737463117, 0.214502722025, 0.127816334367, 0.0463600419462, 0.0535114705563, 0.0558940656483, 0.0829333290458, 0.110008589923, 0.0867683961987, 0.0587956793606, 0.0499804541469, 0.0561144798994, 0.144818007946, 0.19471539557, 0.108615830541, 0.0472413785756, 0.0440132655203, 0.0488212443888, 0.0976240262389, 0.133301451802, 0.10061622411, 0.225400835276, 0.402427315712, 0.264008074999, 0.0798207893968]
    },
    "chords_histogram": [13.5028657913, 30.1934089661, 35.5300865173, 4.42335224152, 0.877507150173, 1.98782229424, 0.805873930454, 0, 2.16690540314, 0.03581661731, 2.14899706841, 0.268624633551, 0.322349578142, 0.0716332346201, 0, 0, 0, 2.2564470768, 0, 1.19985675812, 0.0716332346201, 0, 0.14326646924, 3.9935529232],
    "thpcp": [1, 0.656039178371, 0.198348343372, 0.136788547039, 0.130409523845, 0.246343150735, 0.371119618416, 0.271564245224, 0.15329259634, 0.146352022886, 0.160967379808, 0.448031663895, 0.658168792725, 0.390175223351, 0.354691296816, 0.533022284508, 0.317613452673, 0.115201033652, 0.132971763611, 0.138892322779, 0.206082746387, 0.273362636566, 0.215612590313, 0.14610260725, 0.124197468162, 0.13944002986, 0.359861284494, 0.48385232687, 0.26990172267, 0.117391079664, 0.10936947912, 0.121316924691, 0.242587968707, 0.331243544817, 0.250023335218, 0.560103237629],
    "chords_key": "Ab",
    "chords_scale": "major"
}
}