{
"metadata": {
    "version": {
        "essentia": "2.1-beta6-dev",
        "essentia_git_sha": "v2.1_beta5-1177-g1d1cc983",
        "extractor": "music 2.0"
    },
    "audio_properties": {
        "analysis": {
            "equal_loudness": 0,
            "length": 181.735122681,
            "sample_rate": 44100,
            "start_time": 0,
            "downmix": "mix"
        },
        "bit_rate": 1411200,
        "length": 181.735122681,
        "lossless": 1,
        "number_channels": 2,
        "replay_gain": -14.5649108887,
        "sample_rate": 44100,
        "codec": "pcm_s16le",
        "md5_encoded": "a92a8eb5ba47cf96de4ffba1ce6cb18d"
    },
    "tags": {
        "file_name": "05 - The Front Bottoms - Lonely Eyes.wav",
        "album": ["Ann"],
        "albumartist": ["The Front Bottoms"],
        "artist": ["The Front Bottoms"],
        "copyright": ["© 2018 Wuakaskole Records under the exclusive license to Fueled By Ramen, LLC for the United States and WEA International Inc. for the world outside of the United States. ℗ 2018 Wuakaskole Records under the exclusive license to Fueled By Ramen, LLC"],
        "date": ["2018"],
        "discnumber": ["1"],
        "disctotal": ["1"],
        "genre": ["Alternative & Indie"],
        "isrc": ["USAT21801005"],
        "title": ["Lonely Eyes"],
        "tracknumber": ["5"],
        "tracktotal": ["6"]
    }
},
"lowlevel": {
    "average_loudness": 0.93003565073,
    "barkbands_crest": {
        "mean": 10.7343988419
    },
    "barkbands_flatness_db": {
        "mean": 0.142957493663
    },
    "barkbands_kurtosis": {
        "mean": 3.49782633781
    },
    "barkbands_skewness": {
        "mean": 1.62483680248
    },
    "barkbands_spread": {
        "mean": 23.1391429901
    },
    "dissonance": {
        "mean": 0.462842434645
    },
    "dynamic_complexity": 1.88090419769,
    "erbbands_crest": {
        "mean": 8.61571884155
    },
    "erbbands_flatness_db": {
        "mean": 0.163235932589
    },
    "erbbands_kurtosis": {
        "mean": 0.144317820668
    },
    "erbbands_skewness": {
        "mean": 0.125740781426
    },
    "erbbands_spread": {
        "mean": 41.4823188782
    },
    "hfc": {
        "mean": 25.3894195557
    },
    "loudness_ebu128": {
        "integrated": -7.68759536743,
        "loudness_range": 4.3952331543,
        "momentary": {
            "mean": -8.47641944885
        },
        "short_term": {
            "mean": -7.94977617264
        }
    },
    "melbands_crest": {
        "mean": 15.477273941
    },
    "melbands_flatness_db": {
        "mean": 0.19980275631
    },
    "melbands_kurtosis": {
        "mean": 12.6547651291
    },
    "melbands_skewness": {
        "mean": 2.82265925407
    },
    "melbands_spread": {
        "mean": 23.8151741028
    },
    "pitch_salience": {
        "mean": 0.523129761219
    },
    "silence_rate_20dB": {
        "mean": 1
    },
    "silence_rate_30dB": {
        "mean": 0.988119542599
    },
    "silence_rate_60dB": {
        "mean": 0.0215891674161
    },
    "spectral_centroid": {
        "mean": 1367.27392578
    },
    "spectral_complexity": {
        "mean": 22.4025287628
    },
    "spectral_decrease": {
        "mean": -9.79578640425e-09
    },
    "spectral_energy": {
        "mean": 0.0392745546997
    },
    "spectral_energyband_high": {
        "mean": 0.000867157650646
    },
    "spectral_energyband_low": {
        "mean": 0.0175154861063
    },
    "spectral_energyband_middle_high": {
        "mean": 0.0069154156372
    },
    "spectral_energyband_middle_low": {
        "mean": 0.0151287037879
    },
    "spectral_entropy": {
        "mean": 7.52864456177
    },
    "spectral_flux": {
        "mean": 0.0923873782158
    },
    "spectral_kurtosis": {
        "mean": 4.26475286484
    },
    "spectral_rms": {
        "mean": 0.00585180148482
    },
    "spectral_rolloff": {
        "mean": 1549.03210449
    },
    "spectral_skewness": {
        "mean": 1.46567118168
    },
    "spectral_spread": {
        "mean": 4511709
    },
    "spectral_strongpeak": {
        "mean": 0.907359540462
    },
    "zerocrossingrate": {
        "mean": 0.0590083636343
    },
    "barkbands": {
        "mean": [0.000982027384453, 0.00968272611499, 0.00575386872515, 0.00196261680685, 0.00550300627947, 0.00208439887501, 0.00237456453033, 0.00151198112871, 0.0015696818009, 0.00074009259697, 0.000571950804442, 0.00121937389486, 0.000690331915393, 0.000469972059363, 0.000745303754229, 0.000633107963949, 0.000631458417047, 0.000544717826415, 0.00053764344193, 0.000277842307696, 0.000145294106915, 0.000178732123459, 0.000157329355716, 0.000219980298425, 7.19683521311e-05, 1.35828704515e-05, 9.39164181091e-07]
    },
    "erbbands": {
        "mean": [0.334666013718, 1.96805524826, 6.25480508804, 7.10908651352, 11.4423685074, 19.1821842194, 21.0801734924, 16.1468601227, 30.4854373932, 34.2554283142, 33.2930603027, 35.1722335815, 25.7590866089, 23.183889389, 36.3039474487, 40.0086326599, 33.5510749817, 24.2945823669, 26.3331546783, 44.4987983704, 38.4890098572, 36.8022766113, 30.3729858398, 26.6531600952, 25.8232479095, 13.2022018433, 6.53167486191, 5.80943107605, 6.56876564026, 4.95160484314, 4.5278301239, 4.94131565094, 3.18309044838, 1.02303230762, 0.436835020781, 0.105599805713, 0.0174062773585, 0.00214936141856, 0.000201366623514, 5.34877071914e-05]
    },
    "gfcc": {
        "mean": [13.8597002029, 96.412109375, -127.750099182, 35.7156677246, -61.3422851562, 9.96078586578, -44.9541778564, 6.14939212799, -26.1175251007, -8.02928066254, -11.503121376, -4.92920398712, -10.9503660202],
        "cov": [[8737.53222656, 127.484863281, -236.820846558, 687.949279785, 38.5274772644, 537.352661133, 88.1975860596, 424.711669922, 151.965393066, 74.7551422119, 20.0532112122, 101.771629333, 19.167514801], [127.484863281, 1608.49755859, -296.386749268, 136.401565552, 658.210144043, -93.2270278931, 464.350585938, -64.6168518066, 224.577102661, 55.2107925415, 142.721603394, -11.1769094467, 146.577087402], [-236.820846558, -296.386749268, 618.481689453, 97.3087692261, -52.8735122681, 180.131072998, -44.790058136, 75.2990264893, -11.5490283966, 54.9080505371, -7.89028263092, 28.0929470062, -40.8446540833], [687.949279785, 136.401565552, 97.3087692261, 472.050415039, 250.155960083, 122.935302734, 167.604522705, 87.0392379761, 122.008842468, 40.7096138, 68.0258407593, 46.5802612305, 50.3308258057], [38.5274772644, 658.210144043, -52.8735122681, 250.155960083, 630.004333496, 121.446723938, 336.618499756, 40.5785636902, 168.101608276, 124.919998169, 65.5361099243, 56.8059234619, 98.5164642334], [537.352661133, -93.2270278931, 180.131072998, 122.935302734, 121.446723938, 357.122467041, 168.242156982, 86.4088973999, 54.7040634155, 86.7621841431, 7.19771671295, 33.5809936523, 15.3069877625], [88.1975860596, 464.350585938, -44.790058136, 167.604522705, 336.618499756, 168.242156982, 468.216461182, 48.2272071838, 105.344696045, 85.5972442627, 30.2885951996, 50.155921936, 72.5087356567], [424.711669922, -64.6168518066, 75.2990264893, 87.0392379761, 40.5785636902, 86.4088973999, 48.2272071838, 236.009963989, 78.6705245972, 4.18029546738, 32.5243644714, 20.3635044098, 12.9096155167], [151.965393066, 224.577102661, -11.5490283966, 122.008842468, 168.101608276, 54.7040634155, 105.344696045, 78.6705245972, 173.132675171, 60.9287528992, 40.0285453796, 10.8580179214, 42.5241317749], [74.7551422119, 55.2107925415, 54.9080505371, 40.7096138, 124.919998169, 86.7621841431, 85.5972442627, 4.18029546738, 60.9287528992, 141.155380249, 16.1910839081, 22.2375125885, 19.5996112823], [20.0532112122, 142.721603394, -7.89028263092, 68.0258407593, 65.5361099243, 7.19771671295, 30.2885951996, 32.5243644714, 40.0285453796, 16.1910839081, 124.667732239, 24.2031669617, 21.6863059998], [101.771629333, -11.1769094467, 28.0929470062, 46.5802612305, 56.8059234619, 33.5809936523, 50.155921936, 20.3635044098, 10.8580179214, 22.2375125885, 24.2031669617, 109.238525391, 42.4636802673], [19.167514801, 146.577087402, -40.8446540833, 50.3308258057, 98.5164642334, 15.3069877625, 72.5087356567, 12.9096155167, 42.5241317749, 19.5996112823, 21.6863059998, 42.4636802673, 101.785163879]],
        "icov": [[0.000282488501398, -0.000609556271229, 0.000550293189008, -0.000805471558124, 0.000689533248078, -0.000867719878443, 0.000719210423995, -0.000787723460235, 0.000675068877172, -0.000721545831766, 0.000771184102632, -0.000671466230415, 0.000467111618491], [-0.000609556271229, 0.00382752623409, -0.001418748172, 0.00275727896951, -0.00350277801044, 0.00330099090934, -0.00339873181656, 0.00310657103546, -0.00340929511003, 0.00331521150656, -0.00380719639361, 0.00329404044896, -0.00218592537567], [0.000550293189008, -0.001418748172, 0.00345167191699, -0.00229501351714, 0.00178023637272, -0.00289893057197, 0.00223338860087, -0.00220391224138, 0.0021493092645, -0.0025924637448, 0.00198973016813, -0.00208441633731, 0.0019077352481], [-0.000805471558124, 0.00275727896951, -0.00229501351714, 0.00609288364649, -0.00368138891645, 0.00261697708629, -0.0030604978092, 0.00276093184948, -0.00414669979364, 0.00406553642824, -0.00399074656889, 0.00222530239262, -0.0018816338852], [0.000689533248078, -0.00350277801044, 0.00178023637272, -0.00368138891645, 0.00687801465392, -0.00303941732273, 0.00161049864255, -0.00260310713202, 0.00191525451373, -0.0046009705402, 0.00327302585356, -0.00321605429053, 0.00116211164277], [-0.000867719878443, 0.00330099090934, -0.00289893057197, 0.00261697708629, -0.00303941732273, 0.00828135665506, -0.0047807903029, 0.00203108671121, -0.00269389874302, 0.00128090521321, -0.00305730244145, 0.00307096866891, -0.00195403816178], [0.000719210423995, -0.00339873181656, 0.00223338860087, -0.0030604978092, 0.00161049864255, -0.0047807903029, 0.00737396581098, -0.0031310308259, 0.00309988879599, -0.00333757512271, 0.0039092078805, -0.00351739348844, 0.00145495380275], [-0.000787723460235, 0.00310657103546, -0.00220391224138, 0.00276093184948, -0.00260310713202, 0.00203108671121, -0.0031310308259, 0.00902445521206, -0.00628615031019, 0.00503749866039, -0.00417908560485, 0.00206992472522, -0.00159193272702], [0.000675068877172, -0.00340929511003, 0.0021493092645, -0.00414669979364, 0.00191525451373, -0.00269389874302, 0.00309988879599, -0.00628615031019, 0.0145120816305, -0.00682142423466, 0.00262944679707, -0.000756538356654, -0.000158176975674], [-0.000721545831766, 0.00331521150656, -0.0025924637448, 0.00406553642824, -0.0046009705402, 0.00128090521321, -0.00333757512271, 0.00503749866039, -0.00682142423466, 0.0145030654967, -0.00398794887587, 0.00173097511288, -0.00150490656961], [0.000771184102632, -0.00380719639361, 0.00198973016813, -0.00399074656889, 0.00327302585356, -0.00305730244145, 0.0039092078805, -0.00417908560485, 0.00262944679707, -0.00398794887587, 0.0134329665452, -0.00489814113826, 0.00199707201682], [-0.000671466230415, 0.00329404044896, -0.00208441633731, 0.00222530239262, -0.00321605429053, 0.00307096866891, -0.00351739348844, 0.00206992472522, -0.000756538356654, 0.00173097511288, -0.00489814113826, 0.01517717354, -0.00696529401466], [0.000467111618491, -0.00218592537567, 0.0019077352481, -0.0018816338852, 0.00116211164277, -0.00195403816178, 0.00145495380275, -0.00159193272702, -0.000158176975674, -0.00150490656961, 0.00199707201682, -0.00696529401466, 0.0157512221485]]
    },
    "melbands": {
        "mean": [0.00280733010732, 0.00297163450159, 0.0013302086154, 0.00116727955174, 0.000771035905927, 0.000377937627491, 0.000461154442746, 0.000373697374016, 0.000267852883553, 0.00021275949257, 0.000128099258291, 9.64386345004e-05, 0.000106647814391, 0.000145128389704, 7.92116843513e-05, 6.59399374854e-05, 4.2302574002e-05, 4.0934777644e-05, 5.47753297724e-05, 4.60336195829e-05, 4.67698955617e-05, 3.80224591936e-05, 3.3280623029e-05, 2.60871602222e-05, 2.05751057365e-05, 2.06103522942e-05, 1.50997248056e-05, 6.98680560163e-06, 3.98545353164e-06, 3.48059256794e-06, 3.41698660122e-06, 3.96156792704e-06, 3.0794644772e-06, 2.62126081907e-06, 2.46766080636e-06, 2.87568218482e-06, 3.12294605465e-06, 2.53113125837e-06, 1.3559109675e-06, 6.79532888626e-07]
    },
    "melbands128": {
        "mean": [0.000935003452469, 0.00291447807103, 0.00328824063763, 0.00319574261084, 0.00334518449381, 0.00265007326379, 0.00145515671466, 0.000887333764695, 0.00110317964572, 0.00142976187635, 0.00100881350227, 0.000886502326466, 0.000751725805458, 0.000565641385037, 0.00034927521483, 0.000237566870055, 0.000458603346488, 0.000560994958505, 0.000365053099813, 0.000408580643125, 0.000345291249687, 0.000380395445973, 0.000171830324689, 0.000274848222034, 0.000283568282612, 0.000137292619911, 0.000195043350686, 7.90647754911e-05, 0.000138533418067, 0.000121527766169, 5.59238324058e-05, 8.98434154806e-05, 0.000121574150398, 6.47123306408e-05, 0.000247304938966, 0.000123415287817, 6.82938552927e-05, 8.46326729516e-05, 8.40987195261e-05, 7.33006600058e-05, 6.14301316091e-05, 5.46860028408e-05, 3.82537036785e-05, 3.30157890858e-05, 5.42399175174e-05, 3.85934654332e-05, 3.29090216837e-05, 4.10896682297e-05, 6.90287706675e-05, 8.71785159688e-05, 2.56800358329e-05, 2.46356248681e-05, 5.33097954758e-05, 6.11414579907e-05, 2.87071143248e-05, 4.35229230789e-05, 2.83981062239e-05, 4.68025136797e-05, 3.17374906444e-05, 1.51263202497e-05, 3.43498577422e-05, 2.50568027695e-05, 1.54162498802e-05, 2.21869358938e-05, 2.45657192863e-05, 1.74487176992e-05, 2.17380365939e-05, 1.87127534446e-05, 1.13391788545e-05, 1.42474737004e-05, 5.94551693212e-06, 4.630919193e-06, 4.25917505709e-06, 3.59944033335e-06, 4.05950413551e-06, 3.74076171283e-06, 3.16737350659e-06, 2.80915674011e-06, 3.37798428518e-06, 3.93911022911e-06, 4.52328640677e-06, 3.66933340956e-06, 3.46331808032e-06, 3.04767058878e-06, 2.75337492894e-06, 2.64331470134e-06, 2.65172593572e-06, 2.41357474806e-06, 2.37160793404e-06, 2.5559088499e-06, 2.71289718512e-06, 3.01145541926e-06, 3.09192932946e-06, 3.09779784402e-06, 3.19938476423e-06, 2.98863369608e-06, 2.38229040406e-06, 1.94566700884e-06, 1.41105965668e-06, 1.06145978407e-06, 7.61140768191e-07, 6.30848603578e-07, 5.36550146535e-07, 5.59129887279e-07, 6.16900820205e-07, 3.93603102111e-07, 2.79181193719e-07, 2.15666759118e-07, 1.66557342141e-07, 1.17386491638e-07, 8.3264367845e-08, 6.15529742731e-08, 4.52610713353e-08, 3.23777058497e-08, 2.29065282298e-08, 1.71970668816e-08, 1.24988783767e-08, 9.26157284198e-09, 6.6772596341e-09, 5.51547874039e-09, 3.82169140778e-09, 1.81399506527e-09, 1.02138197899e-09, 6.21836360182e-10, 3.79710068943e-10, 2.61969446136e-10, 1.83415019284e-10, 1.3049300529e-10]
    },
    "mfcc": {
        "mean": [-621.03112793, 120.176689148, -5.85201025009, 22.3043251038, 6.40608978271, -1.05096590519, -2.7823870182, 5.17498207092, -9.31868648529, -2.02523636818, -4.90092325211, -2.69616770744, -1.55106663704],
        "cov": [[6294.76025391, -240.699417114, -47.1549072266, 216.991226196, 204.394821167, 193.953125, 184.303527832, 396.570098877, 258.713043213, 205.506195068, 126.699272156, 119.130020142, 139.032516479], [-240.699417114, 1511.7578125, -553.376281738, 311.184234619, 44.4632339478, 229.510253906, 166.879577637, 36.7658309937, 161.09992981, 41.5689582825, 93.8696289062, 49.4543762207, 97.4973526001], [-47.1549072266, -553.376281738, 731.846984863, -159.665893555, 39.8980522156, -70.6415023804, -34.983341217, 8.07332229614, -81.8489456177, 25.2707691193, -24.4800834656, 15.7616147995, -36.9802398682], [216.991226196, 311.184234619, -159.665893555, 452.716705322, 110.905967712, 145.868408203, 101.77117157, 91.5370788574, 117.042633057, 24.7172164917, 39.9376525879, 75.4131546021, 98.1557540894], [204.394821167, 44.4632339478, 39.8980522156, 110.905967712, 293.226837158, 37.2303619385, 24.4818401337, 49.9356193542, 37.816986084, 73.4219207764, 26.5958538055, 48.8842201233, 60.0875473022], [193.953125, 229.510253906, -70.6415023804, 145.868408203, 37.2303619385, 440.485351562, 184.702972412, 43.9116706848, 167.059570312, 45.6932449341, 78.9406738281, 79.5796890259, 51.1244659424], [184.303527832, 166.879577637, -34.983341217, 101.77117157, 24.4818401337, 184.702972412, 247.618927002, 108.824302673, 115.077125549, 48.471660614, 66.4541015625, 51.5172691345, 50.4968109131], [396.570098877, 36.7658309937, 8.07332229614, 91.5370788574, 49.9356193542, 43.9116706848, 108.824302673, 216.166503906, 97.1066436768, 49.9092445374, 46.4340820312, 39.8671150208, 50.2436180115], [258.713043213, 161.09992981, -81.8489456177, 117.042633057, 37.816986084, 167.059570312, 115.077125549, 97.1066436768, 233.318161011, 73.4730529785, 57.7357139587, 48.8499221802, 54.536277771], [205.506195068, 41.5689582825, 25.2707691193, 24.7172164917, 73.4219207764, 45.6932449341, 48.471660614, 49.9092445374, 73.4730529785, 150.881744385, 54.054145813, 29.2553863525, 30.8721637726], [126.699272156, 93.8696289062, -24.4800834656, 39.9376525879, 26.5958538055, 78.9406738281, 66.4541015625, 46.4340820312, 57.7357139587, 54.054145813, 110.717521667, 44.148475647, 17.6365604401], [119.130020142, 49.4543762207, 15.7616147995, 75.4131546021, 48.8842201233, 79.5796890259, 51.5172691345, 39.8671150208, 48.8499221802, 29.2553863525, 44.148475647, 104.851318359, 48.8868293762], [139.032516479, 97.4973526001, -36.9802398682, 98.1557540894, 60.0875473022, 51.1244659424, 50.4968109131, 50.2436180115, 54.536277771, 30.8721637726, 17.6365604401, 48.8868293762, 115.861686707]],
        "icov": [[0.000191554179764, 8.39051717776e-05, 7.48735983507e-05, -1.4075454601e-05, -4.20189426222e-05, -6.99082011124e-05, 6.68405991746e-05, -0.000311811134452, -1.77473320946e-05, -0.000139624025906, -2.5172930691e-05, -1.96660093934e-05, -4.82342511532e-05], [8.39051717776e-05, 0.00111363455653, 0.000709883868694, -0.000364375155186, -5.29428289155e-05, -0.000137459413963, -0.000344757339917, 0.000182165342267, -3.70357738575e-05, -0.00016327627236, -0.000420265103457, 0.00013126002159, -0.000273635727353], [7.48735983507e-05, 0.000709883868694, 0.00215001567267, 0.000420867989305, -0.000383584731026, -0.000149733314174, -0.00023910337768, -0.000427900289651, 0.000630916678347, -0.000646358472295, 0.000467988400487, -0.000976472743787, 0.000413271452999], [-1.4075454601e-05, -0.000364375155186, 0.000420867989305, 0.00361522077583, -0.000939636083785, -0.000412783032516, -2.92646582238e-05, -0.000726550118998, -0.000496410939377, 0.000832161225844, 0.000418758252636, -0.00104215636384, -0.00121971557382], [-4.20189426222e-05, -5.29428289155e-05, -0.000383584731026, -0.000939636083785, 0.00463976431638, -0.00010023033974, 0.000602476065978, -0.000285895104753, 0.000568113173358, -0.00200945022516, 0.000219433088205, -0.000705175974872, -0.00119987945072], [-6.99082011124e-05, -0.000137459413963, -0.000149733314174, -0.000412783032516, -0.00010023033974, 0.00450237747282, -0.00257433811203, 0.0019115137402, -0.00222687330097, 0.00065826298669, -0.000810823403299, -0.00137736357283, 0.000437204173068], [6.68405991746e-05, -0.000344757339917, -0.00023910337768, -2.92646582238e-05, 0.000602476065978, -0.00257433811203, 0.00810714066029, -0.00308764073998, -0.000284034991637, -0.000280372012639, -0.00136213668156, 0.000202807394089, -0.000882389838807], [-0.000311811134452, 0.000182165342267, -0.000427900289651, -0.000726550118998, -0.000285895104753, 0.0019115137402, -0.00308764073998, 0.00821402482688, -0.0022937823087, 0.000164052195032, -0.00121195672546, -9.08961665118e-05, -0.000952878850512], [-1.77473320946e-05, -3.70357738575e-05, 0.000630916678347, -0.000496410939377, 0.000568113173358, -0.00222687330097, -0.000284034991637, -0.0022937823087, 0.0084316926077, -0.00268786470406, 3.13635719067e-05, -0.000115375318273, -0.000727836799342], [-0.000139624025906, -0.00016327627236, -0.000646358472295, 0.000832161225844, -0.00200945022516, 0.00065826298669, -0.000280372012639, 0.000164052195032, -0.00268786470406, 0.0104017946869, -0.003817146644, 0.000677290314343, -0.0010148024885], [-2.5172930691e-05, -0.000420265103457, 0.000467988400487, 0.000418758252636, 0.000219433088205, -0.000810823403299, -0.00136213668156, -0.00121195672546, 3.13635719067e-05, -0.003817146644, 0.0145566072315, -0.00464762374759, 0.00228922953829], [-1.96660093934e-05, 0.00013126002159, -0.000976472743787, -0.00104215636384, -0.000705175974872, -0.00137736357283, 0.000202807394089, -9.08961665118e-05, -0.000115375318273, 0.000677290314343, -0.00464762374759, 0.0156820695847, -0.0046267285943], [-4.82342511532e-05, -0.000273635727353, 0.000413271452999, -0.00121971557382, -0.00119987945072, 0.000437204173068, -0.000882389838807, -0.000952878850512, -0.000727836799342, -0.0010148024885, 0.00228922953829, -0.0046267285943, 0.0135282371193]]
    },
    "spectral_contrast_coeffs": {
        "mean": [-0.649320304394, -0.717557191849, -0.74557441473, -0.768398523331, -0.752389848232, -0.759519100189]
    },
    "spectral_contrast_valleys": {
        "mean": [-6.707259655, -6.73014974594, -7.30173826218, -7.47305059433, -7.54027891159, -10.1229963303]
    }
},
"rhythm": {
    "beats_count": 317,
    "beats_loudness": {
        "mean": 0.0654747784138
    },
    "bpm": 104.957397461,
    "bpm_histogram_first_peak_bpm": 105,
    "bpm_histogram_first_peak_weight": 0.381410181522,
    "bpm_histogram_second_peak_bpm": 99,
    "bpm_histogram_second_peak_spread": 0,
    "bpm_histogram_second_peak_weight": 0.0126582272351,
    "danceability": 1.27129077911,
    "onset_rate": 3.9283823967,
    "beats_loudness_band_ratio": {
        "mean": [0.648026585579, 0.144802063704, 0.10392048955, 0.0638559833169, 0.0447922125459, 0.0362043306231]
    },
    "beats_position": [0.53405892849, 1.09133780003, 1.64861679077, 2.21750569344, 2.7863945961, 3.36689329147, 3.93578219414, 4.5046710968, 5.08516979218, 5.65405893326, 6.2229475975, 6.80344676971, 7.38394546509, 7.96444416046, 8.53333282471, 9.10222244263, 9.67111110687, 10.2399997711, 10.8204984665, 11.3893871307, 11.9582767487, 12.5271654129, 13.0960540771, 13.6649427414, 14.2454423904, 14.8143310547, 15.3832197189, 15.9521083832, 16.5209980011, 17.0898857117, 17.6587753296, 18.2276649475, 18.7965526581, 19.3770523071, 19.9459400177, 20.5148296356, 21.0837192535, 21.6526069641, 22.221496582, 22.8019943237, 23.3592739105, 23.9281635284, 24.497051239, 25.0775508881, 25.6464385986, 26.2153282166, 26.7958278656, 27.3763256073, 27.9684352875, 28.5605430603, 29.1410427094, 29.7331504822, 30.3368701935, 30.9289798737, 31.4978675842, 32.0667572021, 32.6240348816, 33.1929244995, 33.7734222412, 34.3887519836, 34.9924697876, 35.5961914062, 36.1882972717, 36.7804069519, 37.3609046936, 37.9530143738, 38.545124054, 39.1024017334, 39.6712913513, 40.2401809692, 40.8090705872, 41.3779602051, 41.9584579468, 42.5273475647, 43.0962333679, 43.6651229858, 44.2340126038, 44.8145103455, 45.3833999634, 45.9522895813, 46.5211791992, 47.0900688171, 47.6705665588, 48.2394561768, 48.80834198, 49.3772315979, 49.9461212158, 50.5266189575, 51.0839004517, 51.6643981934, 52.2332878113, 52.8021774292, 53.3826751709, 53.9631729126, 54.5204544067, 55.1009521484, 55.6698417664, 56.2387275696, 56.8076171875, 57.3765068054, 57.9570045471, 58.525894165, 59.094783783, 59.6752815247, 60.2441711426, 60.8130607605, 61.3819503784, 61.9508361816, 62.5197257996, 63.0886154175, 63.6691131592, 64.2380065918, 64.806892395, 65.3873901367, 65.9446716309, 66.5251693726, 67.1056671143, 67.6745529175, 68.2434463501, 68.8123321533, 69.3812255859, 69.9617233276, 70.5189971924, 71.0995025635, 71.6800003052, 72.2372741699, 72.8061676025, 73.3750534058, 73.9439468384, 74.5128326416, 75.0933303833, 75.673828125, 76.2427215576, 76.8116073608, 77.3805007935, 77.9493865967, 78.5298843384, 79.098777771, 79.6676635742, 80.2481613159, 80.8170471191, 81.3859405518, 81.954826355, 82.5237197876, 83.0926055908, 83.661491394, 84.2419967651, 84.8224945068, 85.3797683716, 85.9602737427, 86.5175476074, 87.0980453491, 87.6669387817, 88.235824585, 88.8163223267, 89.3852157593, 89.9541015625, 90.5229949951, 91.0918807983, 91.67237854, 92.2412643433, 92.8101577759, 93.3790435791, 93.9479370117, 94.5168228149, 95.0857162476, 95.6662139893, 96.246711731, 96.8039855957, 97.3844909668, 97.95337677, 98.5222625732, 99.1027679443, 99.6716537476, 100.240539551, 100.821044922, 101.389930725, 101.958816528, 102.516098022, 103.096595764, 103.677093506, 104.234375, 104.814872742, 105.383758545, 105.952651978, 106.521537781, 107.090431213, 107.659317017, 108.22820282, 108.808708191, 109.377593994, 109.946479797, 110.526985168, 111.084259033, 111.664756775, 112.245262146, 112.825759888, 113.394645691, 113.963539124, 114.532424927, 115.10131073, 115.670204163, 116.239089966, 116.807983398, 117.376869202, 117.957366943, 118.526252747, 119.095146179, 119.652427673, 120.232925415, 120.801811218, 121.370697021, 121.951202393, 122.520088196, 123.088973999, 123.66947937, 124.238365173, 124.807250977, 125.376144409, 125.945030212, 126.525527954, 127.094421387, 127.66330719, 128.243804932, 128.812698364, 129.381591797, 129.962081909, 130.530975342, 131.099868774, 131.668746948, 132.237640381, 132.818145752, 133.387023926, 133.955917358, 134.524810791, 135.093688965, 135.662582397, 136.23147583, 136.811965942, 137.380859375, 137.949752808, 138.518630981, 139.087524414, 139.668029785, 140.236907959, 140.805801392, 141.386306763, 141.955184937, 142.524078369, 143.092971802, 143.661849976, 144.230743408, 144.799636841, 145.380126953, 145.949020386, 146.517913818, 147.086807251, 147.667297363, 148.236190796, 148.805084229, 149.373962402, 149.954467773, 150.523345947, 151.09223938, 151.649520874, 152.230026245, 152.798904419, 153.37940979, 153.948303223, 154.528793335, 155.097686768, 155.6665802, 156.247070312, 156.804351807, 157.384857178, 157.953735352, 158.522628784, 159.091522217, 159.660400391, 160.240905762, 160.809799194, 161.378677368, 161.959182739, 162.516464233, 163.096954346, 163.665847778, 164.234741211, 164.815231323, 165.384124756, 165.953018188, 166.521896362, 167.090789795, 167.671295166, 168.24017334, 168.809066772, 169.389572144, 169.958450317, 170.52734375, 171.084625244, 171.665115356, 172.222396851, 172.802902222, 173.371795654, 173.952285767, 174.521179199, 175.101669312, 175.670562744, 176.239456177, 176.808334351, 177.377227783, 177.957733154, 178.515014648, 179.072280884, 179.652786255, 180.210067749, 180.778961182, 181.347839355],
    "bpm_histogram": [0, 0, 0, 0, 0, 0, 0, 0, 0, 0, 0, 0, 0, 0, 0, 0, 0, 0, 0, 0, 0, 0, 0, 0, 0, 0, 0, 0, 0, 0, 0, 0, 0, 0, 0, 0, 0, 0, 0, 0, 0, 0, 0, 0, 0, 0, 0, 0, 0, 0, 0, 0, 0, 0, 0, 0, 0, 0, 0, 0, 0, 0, 0, 0, 0, 0, 0, 0, 0, 0, 0, 0, 0, 0, 0, 0, 0, 0, 0, 0, 0, 0, 0, 0, 0, 0, 0, 0, 0, 0, 0, 0, 0, 0, 0, 0, 0, 0, 0.0031645570416, 0.00949367042631, 0, 0.0253164563328, 0, 0.272151887417, 0, 0.610759496689, 0, 0, 0.0791139230132, 0, 0, 0, 0, 0, 0, 0, 0, 0, 0, 0, 0, 0, 0, 0, 0, 0, 0, 0, 0, 0, 0, 0, 0, 0, 0, 0, 0, 0, 0, 0, 0, 0, 0, 0, 0, 0, 0, 0, 0, 0, 0, 0, 0, 0, 0, 0, 0, 0, 0, 0, 0, 0, 0, 0, 0, 0, 0, 0, 0, 0, 0, 0, 0, 0, 0, 0, 0, 0, 0, 0, 0, 0, 0, 0, 0, 0, 0, 0, 0, 0, 0, 0, 0, 0, 0, 0, 0, 0, 0, 0, 0, 0, 0, 0, 0, 0, 0, 0, 0, 0, 0, 0, 0, 0, 0, 0, 0, 0, 0, 0, 0, 0, 0, 0, 0, 0, 0, 0, 0, 0, 0, 0, 0, 0, 0, 0, 0, 0, 0, 0, 0, 0, 0, 0, 0, 0, 0, 0, 0, 0]
},
"tonal": {
    "chords_changes_rate": 0.0812260508537,
    "chords_number_rate": 0.00332056195475,
    "chords_strength": {
        "mean": 0.478998780251
    },
    "hpcp_crest": {
        "mean": 14.1971588135
    },
    "hpcp_entropy": {
        "mean": 1.92457461357
    },
    "key_edma": {
        "strength": 0.745975136757,
        "key": "A",
        "scale": "major"
    },
    "key_krumhansl": {
        "strength": 0.746556997299,
        "key": "A",
        "scale": "major"
    },
    "key_temperley": {
        "strength": 0.744804978371,
        "key": "A",
        "scale": "major"
    },
    "tuning_diatonic_strength": 0.520129561424,
    "tuning_equal_tempered_deviation": 0.2305123806,
    "tuning_frequency": 434.193115234,
    "tuning_nontempered_energy_ratio": 0.961013793945,
    "hpcp": {
        "mean": [0.195748537779, 0.208042502403, 0.0908164009452, 0.0469270981848, 0.0516972206533, 0.0656626001, 0.164629220963, 0.19745221734, 0.100967504084, 0.0549875423312, 0.0486498810351, 0.0671299546957, 0.202923864126, 0.251073122025, 0.130561411381, 0.126715019345, 0.154641211033, 0.0978330671787, 0.0778327733278, 0.086726911366, 0.0808479487896, 0.176569551229, 0.223825290799, 0.125393629074, 0.0717298388481, 0.0592816770077, 0.0532417185605, 0.108579464257, 0.136576652527, 0.0971251055598, 0.103121079504, 0.096102155745, 0.0656698867679, 0.137826755643, 0.182950556278, 0.133003383875]
    },
    "chords_histogram": [31.5197963715, 23.3716468811, 12.4648790359, 1.02171134949, 2.17113661766, 0, 2.34993624687, 0, 1.81353771687, 0, 0, 0, 0.0766283497214, 1.58365261555, 0, 0, 0, 0.102171137929, 0, 3.78033208847, 3.60153245926, 4.29118776321, 3.67816090584, 8.1736907959],
    "thpcp": [1, 0.520013511181, 0.504693686962, 0.615921020508, 0.389659672976, 0.310000419617, 0.345424920321, 0.322009563446, 0.703259468079, 0.891474545002, 0.499430716038, 0.285693019629, 0.236113190651, 0.212056621909, 0.43246152997, 0.543971598148, 0.386839926243, 0.410721302032, 0.382765620947, 0.26155680418, 0.54895067215, 0.728674411774, 0.529739618301, 0.779647529125, 0.828613221645, 0.361712962389, 0.186906099319, 0.205905035138, 0.26152780652, 0.655702292919, 0.7864331007, 0.402143806219, 0.219010069966, 0.193767771125, 0.267372131348, 0.808226168156],
    "chords_key": "A",
    "chords_scale": "major"
}
}