{
"metadata": {
    "version": {
        "essentia": "2.1-beta6-dev",
        "essentia_git_sha": "v2.1_beta5-1177-g1d1cc983",
        "extractor": "music 2.0"
    },
    "audio_properties": {
        "analysis": {
            "equal_loudness": 0,
            "length": 214.626663208,
            "sample_rate": 44100,
            "start_time": 0,
            "downmix": "mix"
        },
        "bit_rate": 1411200,
        "length": 214.626663208,
        "lossless": 1,
        "number_channels": 2,
        "replay_gain": -15.2688655853,
        "sample_rate": 44100,
        "codec": "pcm_s16le",
        "md5_encoded": "fb1721735dea460ebb7fe4479836f27a"
    },
    "tags": {
        "file_name": "02 - The Front Bottoms - Maps.wav",
        "album": ["The Front Bottoms"],
        "albumartist": ["The Front Bottoms"],
        "artist": ["The Front Bottoms"],
        "copyright": ["2011 Bar None Records 2011 Bar None Records"],
        "date": ["2011"],
        "discnumber": ["1"],
        "disctotal": ["1"],
        "genre": ["Rock"],
        "isrc": ["US37V1120702"],
        "title": ["Maps"],
        "tracknumber": ["2"],
        "tracktotal": ["12"]
    }
},
"lowlevel": {
    "average_loudness": 0.959395706654,
    "barkbands_crest": {
        "mean": 9.95982837677
    },
    "barkbands_flatness_db": {
        "mean": 0.135589763522
    },
    "barkbands_kurtosis": {
        "mean": 5.91569852829
    },
    "barkbands_skewness": {
        "mean": 1.87668478489
    },
    "barkbands_spread": {
        "mean": 26.3750915527
    },
    "dissonance": {
        "mean": 0.463462263346
    },
    "dynamic_complexity": 2.80728793144,
    "erbbands_crest": {
        "mean": 8.30113601685
    },
    "erbbands_flatness_db": {
        "mean": 0.136217325926
    },
    "erbbands_kurtosis": {
        "mean": 0.163596257567
    },
    "erbbands_skewness": {
        "mean": -0.06399872154
    },
    "erbbands_spread": {
        "mean": 50.3085441589
    },
    "hfc": {
        "mean": 27.355556488
    },
    "loudness_ebu128": {
        "integrated": -7.44562149048,
        "loudness_range": 3.40312099457,
        "momentary": {
            "mean": -8.58448410034
        },
        "short_term": {
            "mean": -7.86678171158
        }
    },
    "melbands_crest": {
        "mean": 15.0451173782
    },
    "melbands_flatness_db": {
        "mean": 0.206255465746
    },
    "melbands_kurtosis": {
        "mean": 23.5997810364
    },
    "melbands_skewness": {
        "mean": 3.61039066315
    },
    "melbands_spread": {
        "mean": 24.271238327
    },
    "pitch_salience": {
        "mean": 0.522588670254
    },
    "silence_rate_20dB": {
        "mean": 1
    },
    "silence_rate_30dB": {
        "mean": 1
    },
    "silence_rate_60dB": {
        "mean": 0.0417522974312
    },
    "spectral_centroid": {
        "mean": 1480.45629883
    },
    "spectral_complexity": {
        "mean": 19.6788539886
    },
    "spectral_decrease": {
        "mean": -9.04828567627e-09
    },
    "spectral_energy": {
        "mean": 0.0366314165294
    },
    "spectral_energyband_high": {
        "mean": 0.00142549828161
    },
    "spectral_energyband_low": {
        "mean": 0.0179064199328
    },
    "spectral_energyband_middle_high": {
        "mean": 0.00651380652562
    },
    "spectral_energyband_middle_low": {
        "mean": 0.0119696976617
    },
    "spectral_entropy": {
        "mean": 7.64170312881
    },
    "spectral_flux": {
        "mean": 0.0933478400111
    },
    "spectral_kurtosis": {
        "mean": 3.80892920494
    },
    "spectral_rms": {
        "mean": 0.00569548271596
    },
    "spectral_rolloff": {
        "mean": 1546.07263184
    },
    "spectral_skewness": {
        "mean": 1.36633551121
    },
    "spectral_spread": {
        "mean": 5114775
    },
    "spectral_strongpeak": {
        "mean": 0.792384147644
    },
    "zerocrossingrate": {
        "mean": 0.063478782773
    },
    "barkbands": {
        "mean": [0.000248132972047, 0.0109898094088, 0.00575270596892, 0.00233874027617, 0.00494598271325, 0.00126219668891, 0.00128424551804, 0.000934387382586, 0.000674497045111, 0.000995545764454, 0.000372136302758, 0.000697883137036, 0.000509680307005, 0.00065939448541, 0.000867278547958, 0.000608706905041, 0.000735896406695, 0.000564928690437, 0.000520506815519, 0.00038797018351, 0.000296045414871, 0.000318942824379, 0.000223649360123, 0.00027303796378, 0.000130790431285, 3.41253762599e-05, 4.26874657933e-06]
    },
    "erbbands": {
        "mean": [0.231879621744, 2.75668811798, 7.39541053772, 6.53829479218, 19.152387619, 10.442445755, 8.44549274445, 9.77306365967, 17.9393768311, 19.9587745667, 20.7750968933, 16.685043335, 30.5238704681, 22.1077194214, 18.0881443024, 29.8528079987, 25.1467952728, 34.6270599365, 46.0746536255, 38.2685775757, 34.0544967651, 39.790184021, 33.6552276611, 24.6043796539, 28.1769371033, 17.3130912781, 11.4665756226, 12.8757009506, 12.1228895187, 8.26801967621, 5.98015546799, 6.07632637024, 4.13592672348, 1.92131638527, 0.687948346138, 0.20619571209, 0.0546049587429, 0.00898327212781, 0.000722194905393, 7.69140096963e-05]
    },
    "gfcc": {
        "mean": [16.2304439545, 83.1252059937, -103.37272644, 49.2048454285, -50.6277427673, 16.9929199219, -37.404914856, 9.82605648041, -20.3995742798, -1.74262571335, -17.6077194214, -4.26383113861, -10.9393434525],
        "cov": [[10929.84375, -710.090393066, -483.537475586, 956.51385498, -270.000823975, 565.188964844, 106.835891724, 373.037872314, -112.177757263, 195.01550293, -70.7612609863, 75.3878173828, -186.931182861], [-710.090393066, 1429.93481445, -271.17779541, -219.676620483, 224.403625488, -217.625, 21.7542667389, -152.580657959, 84.2378540039, -137.053573608, 96.0171432495, -90.3801879883, 84.6659851074], [-483.537475586, -271.17779541, 872.456054688, 200.957504272, -22.396604538, 128.311218262, 74.3065185547, -55.3465385437, -29.8066654205, 105.438423157, -108.19619751, 70.171661377, 13.7095413208], [956.51385498, -219.676620483, 200.957504272, 487.966247559, 29.1570739746, 82.8614349365, 18.4341430664, 48.9218330383, 35.5872535706, 37.9178924561, -20.395488739, 15.5303182602, 23.9508304596], [-270.000823975, 224.403625488, -22.396604538, 29.1570739746, 298.990814209, -24.5721321106, -23.1757106781, -10.290222168, 62.6815490723, 12.4218044281, 4.0337266922, -12.7735748291, 13.4885292053], [565.188964844, -217.625, 128.311218262, 82.8614349365, -24.5721321106, 271.106109619, 109.94683075, 25.1905193329, -24.6613082886, 59.3386039734, 2.9834856987, 17.297334671, -19.4049530029], [106.835891724, 21.7542667389, 74.3065185547, 18.4341430664, -23.1757106781, 109.94683075, 219.498779297, 36.773853302, -23.8132591248, 12.6486816406, 26.532075882, 33.108417511, -11.1687660217], [373.037872314, -152.580657959, -55.3465385437, 48.9218330383, -10.290222168, 25.1905193329, 36.773853302, 151.236053467, 36.0515632629, 10.9587316513, 20.6694030762, 19.62342453, -15.2525625229], [-112.177757263, 84.2378540039, -29.8066654205, 35.5872535706, 62.6815490723, -24.6613082886, -23.8132591248, 36.0515632629, 116.586082458, 20.9952983856, 8.96049785614, -9.55454921722, 14.8308601379], [195.01550293, -137.053573608, 105.438423157, 37.9178924561, 12.4218044281, 59.3386039734, 12.6486816406, 10.9587316513, 20.9952983856, 108.781425476, 6.102891922, 12.4255628586, -17.0417575836], [-70.7612609863, 96.0171432495, -108.19619751, -20.395488739, 4.0337266922, 2.9834856987, 26.532075882, 20.6694030762, 8.96049785614, 6.102891922, 116.496582031, 12.0659561157, -9.11221599579], [75.3878173828, -90.3801879883, 70.171661377, 15.5303182602, -12.7735748291, 17.297334671, 33.108417511, 19.62342453, -9.55454921722, 12.4255628586, 12.0659561157, 76.765411377, 3.38206243515], [-186.931182861, 84.6659851074, 13.7095413208, 23.9508304596, 13.4885292053, -19.4049530029, -11.1687660217, -15.2525625229, 14.8308601379, -17.0417575836, -9.11221599579, 3.38206243515, 76.3311920166]],
        "icov": [[0.000269583368208, -0.000446095742518, 0.000543285801541, -0.000764854368754, 0.000432211527368, -0.000634801632259, 0.000468711805297, -0.000731203937903, 0.000837910978589, -0.000991878216155, 0.00106349575799, -0.0008680705796, 0.00076330214506], [-0.000446095742518, 0.0026326701045, -0.00097153428942, 0.00180035131052, -0.00174760399386, 0.00206658383831, -0.00233120052144, 0.00319880433381, -0.00299158273265, 0.00347094936296, -0.00353655056097, 0.00322375795804, -0.00247958232649], [0.000543285801541, -0.00097153428942, 0.00314122135751, -0.00221366249025, 0.00105150265153, -0.00146925332956, 0.000392533343984, -0.000388438580558, 0.00192105222959, -0.00377875496633, 0.0041663874872, -0.00353053538129, 0.00139590061735], [-0.000764854368754, 0.00180035131052, -0.00221366249025, 0.00492287706584, -0.00174229138065, 0.00137682829518, -0.00138631497975, 0.00154845707584, -0.00328211882152, 0.00345113058574, -0.00360897323117, 0.00325107225217, -0.00341931916773], [0.000432211527368, -0.00174760399386, 0.00105150265153, -0.00174229138065, 0.00514728575945, -0.00141806004103, 0.00151317706332, -0.00135150772985, 3.55910342478e-05, -0.00285786273889, 0.00264916825108, -0.00225081760436, 0.00180700875353], [-0.000634801632259, 0.00206658383831, -0.00146925332956, 0.00137682829518, -0.00141806004103, 0.00778299244121, -0.00443105492741, 0.00239021214657, -0.00141070294194, 0.000570572621655, -0.00325425551273, 0.00376796512865, -0.00211047218181], [0.000468711805297, -0.00233120052144, 0.000392533343984, -0.00138631497975, 0.00151317706332, -0.00443105492741, 0.00872127804905, -0.00434257648885, 0.00360385281965, -0.00193410436623, 0.00162586884107, -0.00428253272548, 0.00236440706067], [-0.000731203937903, 0.00319880433381, -0.000388438580558, 0.00154845707584, -0.00135150772985, 0.00239021214657, -0.00434257648885, 0.0134069174528, -0.00765915866941, 0.00462174369022, -0.00442888168618, 0.00124394497834, -0.000928654335439], [0.000837910978589, -0.00299158273265, 0.00192105222959, -0.00328211882152, 3.55910342478e-05, -0.00141070294194, 0.00360385281965, -0.00765915866941, 0.0167783293873, -0.00808397494256, 0.00410964945331, -0.0019676561933, 0.000199975314899], [-0.000991878216155, 0.00347094936296, -0.00377875496633, 0.00345113058574, -0.00285786273889, 0.000570572621655, -0.00193410436623, 0.00462174369022, -0.00808397494256, 0.0190010610968, -0.00750176748261, 0.0039913165383, -0.000652124057524], [0.00106349575799, -0.00353655056097, 0.0041663874872, -0.00360897323117, 0.00264916825108, -0.00325425551273, 0.00162586884107, -0.00442888168618, 0.00410964945331, -0.00750176748261, 0.0170614998788, -0.00785251986235, 0.00488008419052], [-0.0008680705796, 0.00322375795804, -0.00353053538129, 0.00325107225217, -0.00225081760436, 0.00376796512865, -0.00428253272548, 0.00124394497834, -0.0019676561933, 0.0039913165383, -0.00785251986235, 0.0211446564645, -0.00571091752499], [0.00076330214506, -0.00247958232649, 0.00139590061735, -0.00341931916773, 0.00180700875353, -0.00211047218181, 0.00236440706067, -0.000928654335439, 0.000199975314899, -0.000652124057524, 0.00488008419052, -0.00571091752499, 0.0184983257204]]
    },
    "melbands": {
        "mean": [0.00260951812379, 0.00371831445955, 0.00156636012252, 0.00114446389489, 0.00029132788768, 0.000237116109929, 0.000273708516033, 0.000208504323382, 0.000161186297191, 0.00010094406025, 0.000150699212099, 8.84979090188e-05, 5.79474180995e-05, 7.69299804233e-05, 6.12531512161e-05, 5.4920797993e-05, 6.28757334198e-05, 7.3231793067e-05, 5.07721888425e-05, 4.92826984555e-05, 3.78045297111e-05, 4.09358835896e-05, 3.91486173612e-05, 2.49788827205e-05, 1.85258431884e-05, 2.12175255001e-05, 1.8239587007e-05, 9.69367920334e-06, 6.93185984346e-06, 7.15028090781e-06, 7.63868683862e-06, 7.21051219443e-06, 5.46554429093e-06, 4.26919859819e-06, 3.14321005135e-06, 3.77943729291e-06, 3.65608457287e-06, 3.00793249153e-06, 2.35197330767e-06, 1.3762648905e-06]
    },
    "melbands128": {
        "mean": [0.000226709482376, 0.00142937013879, 0.00358018022962, 0.00492248404771, 0.00451187510043, 0.00232840632088, 0.00109739170875, 0.00130356941372, 0.00240847910754, 0.00120111380238, 0.000351595081156, 0.000326880719513, 0.000317345693475, 0.00019471970154, 0.000148439474287, 0.000327554531395, 0.000343680207152, 0.00023943123233, 0.000207878954825, 0.000268490781309, 0.000155945963343, 0.000178696369403, 0.000187723300769, 0.000105166676803, 0.000112562971481, 6.86034691171e-05, 0.000141642041854, 0.000223680879571, 7.42987540434e-05, 0.000119514363178, 7.38741655368e-05, 6.41451115371e-05, 6.7675151513e-05, 3.69090848835e-05, 6.78138676449e-05, 9.32153197937e-05, 9.49556560954e-05, 4.41156844317e-05, 5.58660431125e-05, 5.73744327994e-05, 4.13079142163e-05, 7.38985472708e-05, 7.17734146747e-05, 5.48883290321e-05, 4.18689814978e-05, 9.93252833723e-05, 8.54425743455e-05, 2.86716676783e-05, 4.73560539831e-05, 6.37462871964e-05, 4.51295454695e-05, 4.15213289671e-05, 3.74792980438e-05, 3.45491316693e-05, 4.31661355833e-05, 4.09162748838e-05, 3.73306465917e-05, 5.00989954162e-05, 3.63391991414e-05, 2.48763954005e-05, 2.89811614493e-05, 1.89190941455e-05, 2.07275807043e-05, 1.71127376234e-05, 1.7796191969e-05, 2.21255268116e-05, 2.34930430452e-05, 1.91550007003e-05, 1.84509408427e-05, 1.50082769323e-05, 8.5633037088e-06, 7.48419233787e-06, 8.37792322272e-06, 6.14143209532e-06, 6.29872238278e-06, 7.46895921111e-06, 7.32321859687e-06, 7.05389766154e-06, 8.10332676338e-06, 7.57675616114e-06, 7.82426377555e-06, 6.405113254e-06, 7.00900000083e-06, 5.46950150238e-06, 3.96789482693e-06, 5.24752067577e-06, 4.1660041461e-06, 2.71944509223e-06, 3.05899266095e-06, 3.28146165884e-06, 3.8874254642e-06, 3.62425907952e-06, 4.27819622928e-06, 3.73112152374e-06, 3.33740899805e-06, 3.01828913507e-06, 3.0591684208e-06, 2.73127534456e-06, 2.57320539276e-06, 2.13119164982e-06, 1.49095217239e-06, 1.29990269215e-06, 1.1591424709e-06, 8.76255796811e-07, 7.69691212099e-07, 6.18728165591e-07, 5.04021443248e-07, 4.20611883101e-07, 3.18769821206e-07, 2.80351287074e-07, 2.05644369089e-07, 1.996344281e-07, 1.67125946859e-07, 1.39006132827e-07, 1.02635326016e-07, 7.89046268324e-08, 5.79183492277e-08, 4.08283256093e-08, 2.61467221208e-08, 1.86747879383e-08, 1.3675302668e-08, 1.09884013e-08, 8.71151328852e-09, 6.44365805158e-09, 4.31147872959e-09, 2.6563244937e-09, 1.13496601006e-09, 4.02163968793e-10]
    },
    "mfcc": {
        "mean": [-627.175598145, 106.938674927, 11.2286252975, 34.1066551208, 14.5590896606, 9.4004240036, 0.327505201101, 7.10906171799, 2.17179608345, 4.87322950363, -0.250744789839, -3.26611351967, -3.92157173157],
        "cov": [[9630.43945312, -1118.77783203, -21.0199108124, 268.078826904, -41.8149375916, 136.217086792, 242.493621826, 221.960861206, 100.478851318, 141.408538818, 162.304122925, 191.758575439, 38.9933509827], [-1118.77783203, 1468.62072754, -355.940216064, -46.3671150208, 54.3837394714, -51.7477760315, -82.0221786499, -49.9405403137, -82.4474411011, -17.7528610229, -46.3009223938, -89.8743209839, -8.1188583374], [-21.0199108124, -355.940216064, 772.862792969, 126.235191345, -73.900604248, 201.318939209, 73.884513855, -15.3064889908, 88.159942627, -6.95241594315, -15.7067689896, 8.23382282257, -8.07534217834], [268.078826904, -46.3671150208, 126.235191345, 353.185180664, 107.989891052, 32.2701225281, -30.7007007599, 13.9637050629, 44.8452720642, 33.4750022888, -25.6899242401, -18.0590629578, 14.8372783661], [-41.8149375916, 54.3837394714, -73.900604248, 107.989891052, 268.151733398, 17.6745262146, -73.0436630249, -29.7658843994, 20.658164978, 40.6291656494, -3.60220384598, -6.07432222366, 3.78386735916], [136.217086792, -51.7477760315, 201.318939209, 32.2701225281, 17.6745262146, 247.545089722, 84.6222763062, -13.7626848221, 46.646282196, 15.3913030624, 15.3638372421, 11.6353988647, -17.3239078522], [242.493621826, -82.0221786499, 73.884513855, -30.7007007599, -73.0436630249, 84.6222763062, 188.969741821, 58.1618003845, 5.52576684952, -7.57851028442, 36.7682113647, 42.4916267395, 15.7159557343], [221.960861206, -49.9405403137, -15.3064889908, 13.9637050629, -29.7658843994, -13.7626848221, 58.1618003845, 141.344940186, 20.7120246887, 3.85091209412, 19.2982940674, 26.8314361572, 28.8819141388], [100.478851318, -82.4474411011, 88.159942627, 44.8452720642, 20.658164978, 46.646282196, 5.52576684952, 20.7120246887, 115.801116943, 32.53515625, -1.71666181087, -8.14213180542, -5.4312171936], [141.408538818, -17.7528610229, -6.95241594315, 33.4750022888, 40.6291656494, 15.3913030624, -7.57851028442, 3.85091209412, 32.53515625, 91.973487854, 22.1667003632, 0.705421745777, -1.53081583977], [162.304122925, -46.3009223938, -15.7067689896, -25.6899242401, -3.60220384598, 15.3638372421, 36.7682113647, 19.2982940674, -1.71666181087, 22.1667003632, 92.8928146362, 47.5628623962, 15.1991357803], [191.758575439, -89.8743209839, 8.23382282257, -18.0590629578, -6.07432222366, 11.6353988647, 42.4916267395, 26.8314361572, -8.14213180542, 0.705421745777, 47.5628623962, 106.922645569, 41.6852149963], [38.9933509827, -8.1188583374, -8.07534217834, 14.8372783661, 3.78386735916, -17.3239078522, 15.7159557343, 28.8819141388, -5.4312171936, -1.53081583977, 15.1991357803, 41.6852149963, 80.9767456055]],
        "icov": [[0.000129534935695, 9.63570491876e-05, 0.000105121609522, -0.000144268095028, 7.98986366135e-05, -8.29701602925e-05, -6.56285410514e-05, -8.91634772415e-05, 3.80270783751e-08, -0.000127170424093, -5.68828072574e-05, -0.000127193969092, 8.10095516499e-05], [9.63570491876e-05, 0.000928000081331, 0.000494576757774, -9.1471025371e-05, 5.8893005189e-05, -0.000437641137978, 0.000126422120957, 2.52573172475e-05, 0.000431838125223, -2.95164954878e-05, 9.91578344838e-05, 0.000675508403219, -0.000355143332854], [0.000105121609522, 0.000494576757774, 0.0023608172778, -0.000968544452917, 0.00115946342703, -0.00170983863063, 7.12514665793e-05, 0.00056791951647, -0.000931223272346, 0.000454485620139, 0.000385458086384, -0.000182326635695, -0.000256859551882], [-0.000144268095028, -9.1471025371e-05, -0.000968544452917, 0.00412606494501, -0.00175541755743, 0.000154320950969, 0.00038297084393, -0.000863073801156, -0.000173778709723, -0.00076694128802, 0.00103664654307, 0.000864420493599, -0.00110947189387], [7.98986366135e-05, 5.8893005189e-05, 0.00115946342703, -0.00175541755743, 0.00575250480324, -0.00164838542696, 0.00211836467497, 0.000763011397794, -0.000549953372683, -0.00128779315855, -0.000117410570965, -0.00077778933337, -0.000538829597645], [-8.29701602925e-05, -0.000437641137978, -0.00170983863063, 0.000154320950969, -0.00164838542696, 0.00738671980798, -0.00377932284027, 0.00175222987309, -0.00168909144122, -0.000291838019621, -0.000463948352262, -0.000517875247169, 0.00179799436592], [-6.56285410514e-05, 0.000126422120957, 7.12514665793e-05, 0.00038297084393, 0.00211836467497, -0.00377932284027, 0.00962667819113, -0.00335356476717, 0.000905074877664, 0.000674393260852, -0.00155398249626, -0.00116697221529, -0.000632675481029], [-8.91634772415e-05, 2.52573172475e-05, 0.00056791951647, -0.000863073801156, 0.000763011397794, 0.00175222987309, -0.00335356476717, 0.0100748948753, -0.00268889730796, 0.000208039913559, -0.000492581864819, -0.00049041362945, -0.00217459327541], [3.80270783751e-08, 0.000431838125223, -0.000931223272346, -0.000173778709723, -0.000549953372683, -0.00168909144122, 0.000905074877664, -0.00268889730796, 0.0120950229466, -0.00369856902398, 0.000848583702464, 0.00130904081743, 0.000338148471201], [-0.000127170424093, -2.95164954878e-05, 0.000454485620139, -0.00076694128802, -0.00128779315855, -0.000291838019621, 0.000674393260852, 0.000208039913559, -0.00369856902398, 0.0143985785544, -0.00437019672245, 0.00112715829164, 0.000300945219351], [-5.68828072574e-05, 9.91578344838e-05, 0.000385458086384, 0.00103664654307, -0.000117410570965, -0.000463948352262, -0.00155398249626, -0.000492581864819, 0.000848583702464, -0.00437019672245, 0.0161968804896, -0.00613717269152, 0.000362824532203], [-0.000127193969092, 0.000675508403219, -0.000182326635695, 0.000864420493599, -0.00077778933337, -0.000517875247169, -0.00116697221529, -0.00049041362945, 0.00130904081743, 0.00112715829164, -0.00613717269152, 0.0164257884026, -0.00691526848823], [8.10095516499e-05, -0.000355143332854, -0.000256859551882, -0.00110947189387, -0.000538829597645, 0.00179799436592, -0.000632675481029, -0.00217459327541, 0.000338148471201, 0.000300945219351, 0.000362824532203, -0.00691526848823, 0.0172806270421]]
    },
    "spectral_contrast_coeffs": {
        "mean": [-0.686296820641, -0.726811170578, -0.728868305683, -0.771749019623, -0.770775437355, -0.764840304852]
    },
    "spectral_contrast_valleys": {
        "mean": [-6.50089693069, -7.09091234207, -7.84181165695, -7.70528316498, -7.49196004868, -9.8077545166]
    }
},
"rhythm": {
    "beats_count": 491,
    "beats_loudness": {
        "mean": 0.0525745749474
    },
    "bpm": 138.008621216,
    "bpm_histogram_first_peak_bpm": 140,
    "bpm_histogram_first_peak_weight": 0.484008550644,
    "bpm_histogram_second_peak_bpm": 126,
    "bpm_histogram_second_peak_spread": 0.5,
    "bpm_histogram_second_peak_weight": 0.0142857143655,
    "danceability": 1.05244028568,
    "onset_rate": 3.88082170486,
    "beats_loudness_band_ratio": {
        "mean": [0.674513578415, 0.128626301885, 0.0808312594891, 0.0592205412686, 0.0763787999749, 0.0492919906974]
    },
    "beats_position": [0.383129239082, 0.777868449688, 1.18421769142, 1.60217678547, 2.02013611794, 2.43809509277, 2.87927436829, 3.32045340538, 3.76163268089, 4.20281171799, 4.6439909935, 5.07355976105, 5.51473903656, 5.94430828094, 6.37387752533, 6.80344676971, 7.23301553726, 7.66258478165, 8.09215450287, 8.52172279358, 8.96290206909, 9.4040813446, 9.83365058899, 10.2632198334, 10.6927890778, 11.1339683533, 11.5635375977, 12.0047159195, 12.4342851639, 12.8754644394, 13.3050336838, 13.7462129593, 14.1757822037, 14.6053514481, 15.0465307236, 15.4877090454, 15.9172782898, 16.3468475342, 16.7880268097, 17.2292060852, 17.6587753296, 18.088344574, 18.5295238495, 18.970703125, 19.4002723694, 19.8298416138, 20.2710208893, 20.7005901337, 21.1301574707, 21.5713367462, 22.0125160217, 22.4420852661, 22.8716545105, 23.312833786, 23.7540130615, 24.1835823059, 24.6131515503, 25.0543308258, 25.4955101013, 25.9250793457, 26.3546485901, 26.7958278656, 27.22539711, 27.6549663544, 28.0845336914, 28.5141029358, 28.9552822113, 29.3964614868, 29.8376407623, 30.2672100067, 30.6967792511, 31.1379585266, 31.567527771, 32.0087051392, 32.4382743835, 32.8794555664, 33.3206329346, 33.750202179, 34.1797714233, 34.6209526062, 35.0505218506, 35.480091095, 35.9212684631, 36.362449646, 36.7920188904, 37.2215881348, 37.6627655029, 38.1039466858, 38.5335159302, 38.9630813599, 39.3926506042, 39.8338317871, 40.2634010315, 40.7045783997, 41.134147644, 41.5637168884, 42.0048980713, 42.4460754395, 42.8756446838, 43.3052139282, 43.7463951111, 44.1875724792, 44.6171417236, 45.046710968, 45.4878921509, 45.929069519, 46.3702468872, 46.7998161316, 47.229385376, 47.6705665588, 48.1001358032, 48.5297050476, 48.9708824158, 49.4004516602, 49.8300209045, 50.2712020874, 50.7123794556, 51.1419487, 51.5715179443, 52.0126991272, 52.4422683716, 52.871837616, 53.3130149841, 53.7541923523, 54.1953735352, 54.6597709656, 55.1473922729, 55.6350097656, 56.122631073, 56.5754165649, 57.0282058716, 57.4693870544, 57.9337844849, 58.3749656677, 58.8277549744, 59.280544281, 59.7449417114, 60.2209510803, 60.673740387, 61.1149177551, 61.556098938, 61.9856681824, 62.4268455505, 62.8564147949, 63.2975959778, 63.7387733459, 64.1567306519, 64.5979156494, 65.0390930176, 65.4686584473, 65.8982315063, 66.3394088745, 66.7805862427, 67.2217712402, 67.6629486084, 68.1041259766, 68.5453033447, 68.9748764038, 69.4044418335, 69.8456192017, 70.2868041992, 70.7163696289, 71.145942688, 71.5755081177, 72.0166854858, 72.4462585449, 72.8758239746, 73.3053970337, 73.7349624634, 74.1645355225, 74.6057128906, 75.0468902588, 75.488067627, 75.917640686, 76.3472061157, 76.7767791748, 77.2063446045, 77.6475296021, 78.0887069702, 78.5298843384, 78.9710617065, 79.4006347656, 79.8302001953, 80.2597732544, 80.6893386841, 81.1305236816, 81.5717010498, 82.0012664795, 82.4308395386, 82.8720169067, 83.3015823364, 83.7311553955, 84.1607208252, 84.5902938843, 85.0314712524, 85.4726486206, 85.9138336182, 86.3550109863, 86.784576416, 87.2141494751, 87.6553268433, 88.0965042114, 88.5260772705, 88.9556427002, 89.3968200684, 89.8380050659, 90.2675704956, 90.6971435547, 91.1383209229, 91.579498291, 91.9974594116, 92.4386367798, 92.8798141479, 93.3209991455, 93.7389526367, 94.1801376343, 94.6213150024, 95.0624923706, 95.5036697388, 95.9332427979, 96.3628082275, 96.8039855957, 97.2451705933, 97.6631240845, 98.0926971436, 98.5222625732, 98.9634475708, 99.3930130005, 99.8341903687, 100.263763428, 100.704940796, 101.134513855, 101.564079285, 102.005256653, 102.44644165, 102.887619019, 103.328796387, 103.769973755, 104.211151123, 104.640724182, 105.070289612, 105.499862671, 105.929428101, 106.35900116, 106.788566589, 107.229751587, 107.670928955, 108.100494385, 108.530067444, 108.971244812, 109.41242218, 109.841995239, 110.271560669, 110.712738037, 111.142311096, 111.571876526, 112.013061523, 112.442626953, 112.872200012, 113.31337738, 113.754554749, 114.184127808, 114.613693237, 115.054870605, 115.496055603, 115.925621033, 116.355194092, 116.784759521, 117.22593689, 117.655509949, 118.096687317, 118.537864685, 118.979042053, 119.408615112, 119.838180542, 120.27936554, 120.708930969, 121.138504028, 121.579681396, 122.020858765, 122.450431824, 122.879997253, 123.321174622, 123.750747681, 124.18031311, 124.621498108, 125.062675476, 125.492240906, 125.921813965, 126.362991333, 126.804168701, 127.23374176, 127.66330719, 128.104492188, 128.534057617, 128.963623047, 129.393188477, 129.822769165, 130.263946533, 130.705123901, 131.14630127, 131.575866699, 132.005432129, 132.446624756, 132.876190186, 133.305755615, 133.746932983, 134.188110352, 134.61769104, 135.04725647, 135.488433838, 135.929611206, 136.370788574, 136.800354004, 137.229934692, 137.671112061, 138.10067749, 138.53024292, 138.971420288, 139.412597656, 139.842178345, 140.271743774, 140.712921143, 141.142486572, 141.572067261, 142.013244629, 142.454421997, 142.895599365, 143.325164795, 143.754730225, 144.195922852, 144.625488281, 145.055053711, 145.496231079, 145.937408447, 146.366973877, 146.796554565, 147.237731934, 147.667297363, 148.096862793, 148.538040161, 148.979232788, 149.408798218, 149.838363647, 150.279541016, 150.720718384, 151.161895752, 151.59147644, 152.02104187, 152.462219238, 152.891784668, 153.321365356, 153.762542725, 154.192108154, 154.621673584, 155.062850952, 155.492416382, 155.92199707, 156.3515625, 156.78112793, 157.222305298, 157.663482666, 158.104675293, 158.534240723, 158.963806152, 159.393371582, 159.83454895, 160.264129639, 160.705307007, 161.146484375, 161.576049805, 162.017227173, 162.446792603, 162.887985229, 163.329162598, 163.770339966, 164.199905396, 164.629470825, 165.059051514, 165.488616943, 165.929794312, 166.37097168, 166.800537109, 167.230117798, 167.671295166, 168.112472534, 168.542037964, 168.971603394, 169.401168823, 169.84236145, 170.27192688, 170.713104248, 171.154281616, 171.583847046, 172.013427734, 172.454605103, 172.895782471, 173.336959839, 173.766525269, 174.196090698, 174.625671387, 175.055236816, 175.496414185, 175.937591553, 176.367156982, 176.796737671, 177.226303101, 177.65586853, 178.097045898, 178.538223267, 178.979400635, 179.408981323, 179.838546753, 180.279724121, 180.709289551, 181.138870239, 181.580047607, 182.021224976, 182.450790405, 182.880355835, 183.321533203, 183.762710571, 184.19229126, 184.621856689, 185.063034058, 185.492599487, 185.922180176, 186.363357544, 186.804534912, 187.24571228, 187.67527771, 188.10484314, 188.546035767, 188.975601196, 189.405166626, 189.846343994, 190.275909424, 190.705490112, 191.14666748, 191.57623291, 192.00579834, 192.446975708, 192.888153076, 193.317733765, 193.747299194, 194.188476562, 194.629653931, 195.070831299, 195.500411987, 195.929977417, 196.371154785, 196.800720215, 197.230285645, 197.671463013, 198.11265564, 198.542221069, 198.971786499, 199.412963867, 199.854141235, 200.283721924, 200.713287354, 201.142852783, 201.572418213, 202.013595581, 202.44317627, 202.872741699, 203.313919067, 203.743484497, 204.173049927, 204.614242554, 205.055419922, 205.49659729, 205.937774658, 206.367340088, 206.796905518, 207.238098145, 207.679275513, 208.108840942, 208.538406372, 208.97958374, 209.409164429, 209.838729858, 210.279907227, 210.721084595, 211.197097778, 211.673095703, 212.149108887, 212.62512207, 213.112747192, 213.588745117, 214.064758301],
    "bpm_histogram": [0, 0, 0, 0, 0, 0, 0, 0, 0, 0, 0, 0, 0, 0, 0, 0, 0, 0, 0, 0, 0, 0, 0, 0, 0, 0, 0, 0, 0, 0, 0, 0, 0, 0, 0, 0, 0, 0, 0, 0, 0, 0, 0, 0, 0, 0, 0, 0, 0, 0, 0, 0, 0, 0, 0, 0, 0, 0, 0, 0, 0, 0, 0, 0, 0, 0, 0, 0, 0, 0, 0, 0, 0, 0, 0, 0, 0, 0, 0, 0, 0, 0, 0, 0, 0, 0, 0, 0, 0, 0, 0, 0, 0, 0, 0, 0, 0, 0, 0, 0, 0, 0, 0, 0, 0, 0, 0, 0, 0, 0, 0, 0, 0, 0, 0, 0, 0, 0, 0, 0, 0, 0, 0, 0.0081632649526, 0, 0, 0.0142857143655, 0, 0, 0.00612244894728, 0, 0, 0, 0.0102040814236, 0, 0, 0.448979586363, 0, 0, 0, 0.4938775599, 0, 0, 0, 0.0142857143655, 0, 0, 0, 0.00204081623815, 0, 0, 0, 0.00204081623815, 0, 0, 0, 0, 0, 0, 0, 0, 0, 0, 0, 0, 0, 0, 0, 0, 0, 0, 0, 0, 0, 0, 0, 0, 0, 0, 0, 0, 0, 0, 0, 0, 0, 0, 0, 0, 0, 0, 0, 0, 0, 0, 0, 0, 0, 0, 0, 0, 0, 0, 0, 0, 0, 0, 0, 0, 0, 0, 0, 0, 0, 0, 0, 0, 0, 0, 0, 0, 0, 0, 0, 0, 0, 0, 0, 0, 0, 0, 0, 0, 0, 0, 0, 0, 0, 0, 0, 0, 0, 0, 0, 0, 0, 0, 0, 0, 0]
},
"tonal": {
    "chords_changes_rate": 0.0571057759225,
    "chords_number_rate": 0.00259571708739,
    "chords_strength": {
        "mean": 0.525314867496
    },
    "hpcp_crest": {
        "mean": 16.3069324493
    },
    "hpcp_entropy": {
        "mean": 1.76708567142
    },
    "key_edma": {
        "strength": 0.751941263676,
        "key": "C",
        "scale": "major"
    },
    "key_krumhansl": {
        "strength": 0.74640917778,
        "key": "C",
        "scale": "major"
    },
    "key_temperley": {
        "strength": 0.740212678909,
        "key": "C",
        "scale": "major"
    },
    "tuning_diatonic_strength": 0.618531405926,
    "tuning_equal_tempered_deviation": 0.052093885839,
    "tuning_frequency": 439.745910645,
    "tuning_nontempered_energy_ratio": 0.710221648216,
    "hpcp": {
        "mean": [0.133769318461, 0.0810408741236, 0.0352116040885, 0.0268455706537, 0.0283227972686, 0.0619890838861, 0.102577887475, 0.087606228888, 0.115597456694, 0.169498294592, 0.119217671454, 0.0705575495958, 0.0720531344414, 0.0728755444288, 0.11677877605, 0.176862388849, 0.142192989588, 0.0760856047273, 0.05384978652, 0.0459737740457, 0.061498016119, 0.0864790454507, 0.0797591507435, 0.0862689986825, 0.10291621834, 0.0738245248795, 0.0603722967207, 0.07712315768, 0.0916023701429, 0.257522165775, 0.497897356749, 0.363052040339, 0.115617342293, 0.0819307491183, 0.0882122740149, 0.121911339462]
    },
    "chords_histogram": [20.5277957916, 7.89530611038, 40.9690666199, 1.36275148392, 2.8769197464, 0.410988539457, 2.46593117714, 2.03331160545, 0.454250484705, 0, 0, 0, 0.0432619526982, 0, 0.129785850644, 1.40601336956, 0, 8.7172832489, 0.0216309763491, 3.28790831566, 0, 2.98507452011, 4.41271924973, 0],
    "thpcp": [1, 0.729170441628, 0.232211202383, 0.164553493261, 0.177169591188, 0.244852349162, 0.268668472767, 0.162766233087, 0.0707206055522, 0.0539178811014, 0.0568848103285, 0.124501734972, 0.206022158265, 0.175952389836, 0.232171267271, 0.340428173542, 0.239442259073, 0.141711041331, 0.144714832306, 0.146366596222, 0.23454387486, 0.355218559504, 0.285586953163, 0.152813836932, 0.108154393733, 0.0923358500004, 0.123515449464, 0.17368850112, 0.160191953182, 0.173266634345, 0.206701681018, 0.148272573948, 0.121254503727, 0.15489770472, 0.183978423476, 0.517219364643],
    "chords_key": "G",
    "chords_scale": "major"
}
}