{
"metadata": {
    "version": {
        "essentia": "2.1-beta6-dev",
        "essentia_git_sha": "v2.1_beta5-1177-g1d1cc983",
        "extractor": "music 2.0"
    },
    "audio_properties": {
        "analysis": {
            "equal_loudness": 0,
            "length": 236.592773438,
            "sample_rate": 44100,
            "start_time": 0,
            "downmix": "mix"
        },
        "bit_rate": 1411200,
        "length": 236.592773438,
        "lossless": 1,
        "number_channels": 2,
        "replay_gain": -13.2314510345,
        "sample_rate": 44100,
        "codec": "pcm_s16le",
        "md5_encoded": "1b56e7ca658790a7bd4dd9e736ca730d"
    },
    "tags": {
        "file_name": "06 - The Front Bottoms - Tie Dye Dragon.wav",
        "album": ["Ann"],
        "albumartist": ["The Front Bottoms"],
        "artist": ["The Front Bottoms"],
        "copyright": ["© 2018 Wuakaskole Records under the exclusive license to Fueled By Ramen, LLC for the United States and WEA International Inc. for the world outside of the United States. ℗ 2018 Wuakaskole Records under the exclusive license to Fueled By Ramen, LLC"],
        "date": ["2018"],
        "discnumber": ["1"],
        "disctotal": ["1"],
        "genre": ["Alternative & Indie"],
        "isrc": ["USAT21801006"],
        "title": ["Tie Dye Dragon"],
        "tracknumber": ["6"],
        "tracktotal": ["6"]
    }
},
"lowlevel": {
    "average_loudness": 0.929077923298,
    "barkbands_crest": {
        "mean": 12.0318813324
    },
    "barkbands_flatness_db": {
        "mean": 0.171486511827
    },
    "barkbands_kurtosis": {
        "mean": 6.41374063492
    },
    "barkbands_skewness": {
        "mean": 1.92950987816
    },
    "barkbands_spread": {
        "mean": 18.4413928986
    },
    "dissonance": {
        "mean": 0.455500900745
    },
    "dynamic_complexity": 3.22657704353,
    "erbbands_crest": {
        "mean": 8.6104516983
    },
    "erbbands_flatness_db": {
        "mean": 0.165875062346
    },
    "erbbands_kurtosis": {
        "mean": 0.247898757458
    },
    "erbbands_skewness": {
        "mean": 0.0883979350328
    },
    "erbbands_spread": {
        "mean": 37.2399940491
    },
    "hfc": {
        "mean": 21.0308704376
    },
    "loudness_ebu128": {
        "integrated": -8.042137146,
        "loudness_range": 7.48324680328,
        "momentary": {
            "mean": -11.1441440582
        },
        "short_term": {
            "mean": -10.019618988
        }
    },
    "melbands_crest": {
        "mean": 16.5609722137
    },
    "melbands_flatness_db": {
        "mean": 0.250002503395
    },
    "melbands_kurtosis": {
        "mean": 17.069480896
    },
    "melbands_skewness": {
        "mean": 3.14029788971
    },
    "melbands_spread": {
        "mean": 18.0513572693
    },
    "pitch_salience": {
        "mean": 0.474769204855
    },
    "silence_rate_20dB": {
        "mean": 1
    },
    "silence_rate_30dB": {
        "mean": 0.979001104832
    },
    "silence_rate_60dB": {
        "mean": 0.0798743963242
    },
    "spectral_centroid": {
        "mean": 1172.59057617
    },
    "spectral_complexity": {
        "mean": 21.7540969849
    },
    "spectral_decrease": {
        "mean": -1.14588099009e-08
    },
    "spectral_energy": {
        "mean": 0.0451557412744
    },
    "spectral_energyband_high": {
        "mean": 0.000658024742734
    },
    "spectral_energyband_low": {
        "mean": 0.0272082854062
    },
    "spectral_energyband_middle_high": {
        "mean": 0.00584453810006
    },
    "spectral_energyband_middle_low": {
        "mean": 0.0125789437443
    },
    "spectral_entropy": {
        "mean": 7.38786745071
    },
    "spectral_flux": {
        "mean": 0.0838948339224
    },
    "spectral_kurtosis": {
        "mean": 9.19227218628
    },
    "spectral_rms": {
        "mean": 0.00617154687643
    },
    "spectral_rolloff": {
        "mean": 1165.94580078
    },
    "spectral_skewness": {
        "mean": 1.91905999184
    },
    "spectral_spread": {
        "mean": 3993494.75
    },
    "spectral_strongpeak": {
        "mean": 0.548855304718
    },
    "zerocrossingrate": {
        "mean": 0.0465668253601
    },
    "barkbands": {
        "mean": [0.00097605335759, 0.019058926031, 0.00626432336867, 0.00240731239319, 0.00391003815457, 0.00204784586094, 0.00129037396982, 0.00130621099379, 0.0011576799443, 0.0010470681591, 0.000487016426632, 0.000869400799274, 0.00055014283862, 0.000396591931349, 0.000733542488888, 0.000553959340323, 0.000566961127333, 0.000324569788063, 0.000442184653366, 0.000180368573638, 0.000142055985634, 0.000146817197674, 0.000110173161374, 0.000121756595036, 5.24937822775e-05, 1.14317699627e-05, 5.65237542105e-07]
    },
    "erbbands": {
        "mean": [0.500962734222, 4.32630205154, 8.64399909973, 6.72180891037, 12.2873058319, 13.4384012222, 8.48041057587, 21.3230476379, 22.5603542328, 21.919549942, 24.221988678, 30.148191452, 30.9156665802, 26.3516101837, 27.7861404419, 33.7670173645, 28.2649879456, 20.6114654541, 27.8212585449, 39.9985847473, 32.0840950012, 28.9615154266, 19.4376220703, 22.3659038544, 18.423664093, 8.57197570801, 6.09748744965, 5.66086196899, 5.38028621674, 3.90749239922, 3.051394701, 2.85747027397, 1.73939859867, 0.750363171101, 0.291815400124, 0.0839144662023, 0.0150836398825, 0.00157070183195, 0.000128184663481, 5.65687951166e-05]
    },
    "gfcc": {
        "mean": [-22.5970668793, 118.765556335, -115.265464783, 33.7802200317, -43.9069213867, 16.9176197052, -33.9966697693, 10.9101600647, -18.8992233276, -2.33606791496, -10.3189735413, -5.41590595245, -8.41231250763],
        "cov": [[29252.4960938, -48.6140899658, -1402.47143555, 2385.30175781, -570.417053223, 1862.45007324, -307.501800537, 808.806396484, -194.835174561, 190.332458496, 255.50604248, 501.843414307, -95.1378555298], [-48.6140899658, 2137.29956055, -65.9918746948, -467.016052246, 386.370880127, -454.176361084, 230.434692383, -173.84715271, 153.913757324, -130.444473267, 36.3345947266, -212.319915771, 83.2293395996], [-1402.47143555, -65.9918746948, 744.615966797, -12.0441408157, 133.43548584, 124.588165283, 44.3204536438, 93.3364944458, 51.0432929993, 101.649085999, 41.2348976135, 66.4558792114, 26.0082798004], [2385.30175781, -467.016052246, -12.0441408157, 661.865966797, 55.4592247009, 388.666351318, 64.7055358887, 127.138526917, 30.5092868805, 78.4146881104, 95.2641830444, 170.907699585, 30.7353477478], [-570.417053223, 386.370880127, 133.43548584, 55.4592247009, 369.476409912, 58.8114204407, 190.303131104, 3.21497631073, 68.3611297607, 27.5552463531, 68.2686462402, 33.8215789795, 58.5167121887], [1862.45007324, -454.176361084, 124.588165283, 388.666351318, 58.8114204407, 506.549621582, 117.518249512, 149.597717285, 3.47249293327, 83.2932357788, 67.9861984253, 155.72215271, 29.7492847443], [-307.501800537, 230.434692383, 44.3204536438, 64.7055358887, 190.303131104, 117.518249512, 307.898223877, 29.1712646484, 55.286655426, 3.56708288193, 28.5422496796, 43.431312561, 52.3463401794], [808.806396484, -173.84715271, 93.3364944458, 127.138526917, 3.21497631073, 149.597717285, 29.1712646484, 234.259277344, 68.96459198, 51.1313247681, 58.6367645264, 52.7295684814, 6.22177934647], [-194.835174561, 153.913757324, 51.0432929993, 30.5092868805, 68.3611297607, 3.47249293327, 55.286655426, 68.96459198, 151.290206909, 34.6091423035, 26.4058303833, -3.49706101418, 32.4466590881], [190.332458496, -130.444473267, 101.649085999, 78.4146881104, 27.5552463531, 83.2932357788, 3.56708288193, 51.1313247681, 34.6091423035, 104.728385925, 40.6473388672, 38.7895469666, 2.07476973534], [255.50604248, 36.3345947266, 41.2348976135, 95.2641830444, 68.2686462402, 67.9861984253, 28.5422496796, 58.6367645264, 26.4058303833, 40.6473388672, 134.276473999, 59.3021774292, 17.160774231], [501.843414307, -212.319915771, 66.4558792114, 170.907699585, 33.8215789795, 155.72215271, 43.431312561, 52.7295684814, -3.49706101418, 38.7895469666, 59.3021774292, 135.138381958, 29.731760025], [-95.1378555298, 83.2293395996, 26.0082798004, 30.7353477478, 58.5167121887, 29.7492847443, 52.3463401794, 6.22177934647, 32.4466590881, 2.07476973534, 17.160774231, 29.731760025, 69.1943588257]],
        "icov": [[0.000281438668026, -0.000989699270576, 0.000614349963143, -0.000858756131493, 0.000765513628721, -0.0011911977781, 0.000936067604925, -0.00103360181674, 0.00103110191412, -0.000908306450583, 0.000968023145106, -0.000808286247775, 0.000628447160125], [-0.000989699270576, 0.00469686277211, -0.0021249873098, 0.00337025546469, -0.0035763932392, 0.0046744197607, -0.00380219169892, 0.00409115897492, -0.00442176777869, 0.00425279792398, -0.00459350319579, 0.00430089375004, -0.00294815632515], [0.000614349963143, -0.0021249873098, 0.00320631219074, -0.00111165607814, 0.00084924075054, -0.0030375123024, 0.00244179880247, -0.00273037701845, 0.00211977679282, -0.00336027401499, 0.00258313398808, -0.00261516938917, 0.00126513838768], [-0.000858756131493, 0.00337025546469, -0.00111165607814, 0.00619663391262, -0.00299030169845, 0.00152377889026, -0.0022795656696, 0.00340365315787, -0.00447664409876, 0.00289030023851, -0.00363757461309, 0.000598152983002, -0.00161937286612], [0.000765513628721, -0.0035763932392, 0.00084924075054, -0.00299030169845, 0.00785576552153, -0.0033034698572, 0.000174960383447, -0.00188353890553, 0.00265123904683, -0.0035227376502, 0.00126767181791, -0.00220261258073, 0.000671613845043], [-0.0011911977781, 0.0046744197607, -0.0030375123024, 0.00152377889026, -0.0033034698572, 0.0106808515266, -0.00583006627858, 0.00259797112085, -0.00257282424718, 0.00259083230048, -0.00360087468289, 0.00222012470476, -0.00334913725965], [0.000936067604925, -0.00380219169892, 0.00244179880247, -0.0022795656696, 0.000174960383447, -0.00583006627858, 0.00916788075119, -0.00367493228987, 0.00237915362231, -0.00200867606327, 0.00446733506396, -0.0042278021574, 0.00136190943886], [-0.00103360181674, 0.00409115897492, -0.00273037701845, 0.00340365315787, -0.00188353890553, 0.00259797112085, -0.00367493228987, 0.0112317744642, -0.00783083029091, 0.00397724239156, -0.0061279986985, 0.00311146699823, -0.000845973496325], [0.00103110191412, -0.00442176777869, 0.00211977679282, -0.00447664409876, 0.00265123904683, -0.00257282424718, 0.00237915362231, -0.00783083029091, 0.0156889334321, -0.00768815260381, 0.00431629270315, -0.000327177316649, -0.00235986034386], [-0.000908306450583, 0.00425279792398, -0.00336027401499, 0.00289030023851, -0.0035227376502, 0.00259083230048, -0.00200867606327, 0.00397724239156, -0.00768815260381, 0.0188154187053, -0.00647420901805, 0.00220837187953, 0.000339831924066], [0.000968023145106, -0.00459350319579, 0.00258313398808, -0.00363757461309, 0.00126767181791, -0.00360087468289, 0.00446733506396, -0.0061279986985, 0.00431629270315, -0.00647420901805, 0.0159775950015, -0.00838678982109, 0.00295978365466], [-0.000808286247775, 0.00430089375004, -0.00261516938917, 0.000598152983002, -0.00220261258073, 0.00222012470476, -0.0042278021574, 0.00311146699823, -0.000327177316649, 0.00220837187953, -0.00838678982109, 0.0207297131419, -0.00848056189716], [0.000628447160125, -0.00294815632515, 0.00126513838768, -0.00161937286612, 0.000671613845043, -0.00334913725965, 0.00136190943886, -0.000845973496325, -0.00235986034386, 0.000339831924066, 0.00295978365466, -0.00848056189716, 0.0230300687253]]
    },
    "melbands": {
        "mean": [0.00492765055969, 0.00488927867264, 0.00139069720171, 0.000965901475865, 0.000349106878275, 0.000457702990388, 0.000321560306475, 0.000251436809776, 0.000193828862393, 0.000185499957297, 0.000150404346641, 0.000106339117337, 7.77855093474e-05, 0.000106687402877, 6.70785448165e-05, 5.07988188474e-05, 3.79819248337e-05, 4.1385221266e-05, 5.30597426405e-05, 4.42171949544e-05, 3.8446731196e-05, 3.05914873024e-05, 2.40362387558e-05, 1.51243375512e-05, 1.85101616808e-05, 1.62221422215e-05, 9.06328386918e-06, 4.7839034778e-06, 3.91568164559e-06, 3.2594575714e-06, 3.41478403243e-06, 3.29098747898e-06, 2.41114844357e-06, 2.05602304959e-06, 1.72643387941e-06, 1.74427043476e-06, 1.75597574525e-06, 1.30777561935e-06, 9.01932310171e-07, 5.32288311206e-07]
    },
    "melbands128": {
        "mean": [0.000926150067244, 0.00371626554988, 0.00642026774585, 0.00761850271374, 0.00551529042423, 0.00255990284495, 0.00116516125854, 0.00134515343234, 0.00123702967539, 0.00106848066207, 0.000746636709664, 0.000368469889509, 0.000214051295188, 0.000306337227812, 0.000566936621908, 0.000475053180708, 0.000409613829106, 0.00032791326521, 0.000161174291861, 0.000239610861172, 0.000326435198076, 0.000185353157576, 0.000192654610146, 0.00015931672533, 0.000221674621571, 0.000185955796042, 0.000127924664412, 0.000198056397494, 9.10857925192e-05, 0.000148204926518, 9.62649428402e-05, 5.66095513932e-05, 6.46119297016e-05, 9.58381497185e-05, 0.00012854502711, 0.000106839564978, 8.73386670719e-05, 4.38779206888e-05, 7.86377277109e-05, 6.95752969477e-05, 4.43258650193e-05, 2.0276842406e-05, 3.60596859537e-05, 5.16353575222e-05, 3.37692436005e-05, 3.86095889553e-05, 5.31235236849e-05, 4.02827026846e-05, 6.09220951446e-05, 6.91088644089e-05, 3.48457651853e-05, 2.91430660582e-05, 3.46720626112e-05, 4.83675794385e-05, 3.5573142668e-05, 2.44170314545e-05, 2.70317796094e-05, 3.78837539756e-05, 1.62109263329e-05, 1.30877888296e-05, 1.49987154145e-05, 1.59233604791e-05, 1.83704887604e-05, 1.83679585462e-05, 2.0971558115e-05, 1.55338639161e-05, 1.54717981786e-05, 1.0082373592e-05, 7.87392764323e-06, 7.15520673111e-06, 4.05157152272e-06, 4.08705000154e-06, 4.45077785116e-06, 3.77245646632e-06, 3.45037301486e-06, 3.50124491888e-06, 3.13632153848e-06, 2.65672633759e-06, 3.6428268686e-06, 3.80746087103e-06, 3.79325820177e-06, 2.97444421449e-06, 2.42132841777e-06, 2.43315025727e-06, 2.31083208746e-06, 2.15173008655e-06, 1.96235623662e-06, 1.79340509021e-06, 1.76801563612e-06, 1.60457113907e-06, 1.70575833636e-06, 1.76021944753e-06, 1.86572776784e-06, 1.80046117748e-06, 1.69834981989e-06, 1.48818571688e-06, 1.21223831684e-06, 1.06501045138e-06, 9.50273658873e-07, 8.27707367534e-07, 6.15816304617e-07, 4.93857100992e-07, 4.00989989657e-07, 3.75805910835e-07, 3.4974840446e-07, 2.76878779459e-07, 2.18860961354e-07, 1.76539316499e-07, 1.34394070983e-07, 1.01575757583e-07, 7.49302699887e-08, 5.56029782217e-08, 4.05314857232e-08, 2.78389489239e-08, 1.75959673498e-08, 1.18994716303e-08, 8.42320879713e-09, 5.56975843224e-09, 3.91481069784e-09, 2.57057952702e-09, 1.75908021482e-09, 1.18748721967e-09, 7.78029585202e-10, 5.07415331974e-10, 2.97226909751e-10, 1.82588957842e-10, 1.12710285549e-10, 7.04276845176e-11]
    },
    "mfcc": {
        "mean": [-656.805358887, 142.42980957, -2.20424604416, 22.9680976868, 14.3570671082, 6.71236038208, 4.34465122223, 7.37847805023, 0.336442381144, 4.15789365768, 0.113557167351, 0.58899885416, 1.21663677692],
        "cov": [[19064.2539062, -1290.67004395, -555.590026855, 659.905029297, 462.64642334, 674.080200195, 523.215393066, 888.492736816, 191.835281372, 51.2272377014, 121.952186584, 397.770874023, 146.910858154], [-1290.67004395, 2099.09570312, -207.600448608, 9.78011322021, 8.83746910095, -83.680770874, 15.8017492294, -109.555175781, 4.30152320862, 46.5728912354, 27.0098972321, -67.9782943726, 21.0140552521], [-555.590026855, -207.600448608, 602.611999512, -58.5502700806, 76.1791534424, -9.42890739441, -23.8224315643, 7.99502182007, 30.2672348022, 45.094669342, 33.2002220154, 36.016368866, 31.5685577393], [659.905029297, 9.78011322021, -58.5502700806, 268.945281982, 79.5180511475, 119.951080322, 60.8526878357, 77.7971725464, 37.7040252686, 5.89786052704, 26.5651626587, 48.6105690002, 59.4044723511], [462.64642334, 8.83746910095, 76.1791534424, 79.5180511475, 231.859130859, 58.7878684998, 62.6001548767, 62.5012817383, 26.2312164307, 39.524017334, 32.9897842407, 59.5727424622, 46.8901634216], [674.080200195, -83.680770874, -9.42890739441, 119.951080322, 58.7878684998, 336.616241455, 163.397506714, 108.542121887, 89.4610671997, -12.9409351349, 17.3174552917, 47.2346496582, 40.456577301], [523.215393066, 15.8017492294, -23.8224315643, 60.8526878357, 62.6001548767, 163.397506714, 245.213317871, 134.32208252, 62.429561615, -4.43149518967, 32.5090942383, 59.3410987854, 45.2548713684], [888.492736816, -109.555175781, 7.99502182007, 77.7971725464, 62.5012817383, 108.542121887, 134.32208252, 227.885620117, 92.3006668091, 27.1938209534, 43.4109153748, 55.788936615, 36.9233207703], [191.835281372, 4.30152320862, 30.2672348022, 37.7040252686, 26.2312164307, 89.4610671997, 62.429561615, 92.3006668091, 141.176528931, 52.7295646667, 38.8293838501, 20.6556911469, 13.1128101349], [51.2272377014, 46.5728912354, 45.094669342, 5.89786052704, 39.524017334, -12.9409351349, -4.43149518967, 27.1938209534, 52.7295646667, 112.839424133, 44.0156860352, 7.12438106537, 5.58037757874], [121.952186584, 27.0098972321, 33.2002220154, 26.5651626587, 32.9897842407, 17.3174552917, 32.5090942383, 43.4109153748, 38.8293838501, 44.0156860352, 92.9265670776, 39.571346283, 12.361281395], [397.770874023, -67.9782943726, 36.016368866, 48.6105690002, 59.5727424622, 47.2346496582, 59.3410987854, 55.788936615, 20.6556911469, 7.12438106537, 39.571346283, 102.788024902, 48.361164093], [146.910858154, 21.0140552521, 31.5685577393, 59.4044723511, 46.8901634216, 40.456577301, 45.2548713684, 36.9233207703, 13.1128101349, 5.58037757874, 12.361281395, 48.361164093, 97.4886169434]],
        "icov": [[7.63448915677e-05, 3.26527842844e-05, 9.06490240595e-05, -6.00093553658e-05, -6.95556591381e-05, -7.82278584666e-05, 5.90342533542e-05, -0.000272557663266, 0.000135732247145, -8.02672293503e-05, 6.57258788124e-05, -0.000177962487214, 9.31561662583e-05], [3.26527842844e-05, 0.000589310773648, 0.000262318761088, -7.56481022108e-05, -0.000182832591236, 0.00022347921913, -0.000366534164641, 0.000433030189015, -0.000212227576412, -0.000164040917298, -0.000360384990927, 0.000575340469368, -0.000415521964896], [9.06490240595e-05, 0.000262318761088, 0.00217635091394, 0.000833996804431, -0.000843205780257, -0.000202655312023, 0.000595288933255, -0.000122169818496, -0.00033485176391, -0.000338382873451, -0.000456719601061, -0.000367088796338, -0.00084206223255], [-6.00093553658e-05, -7.56481022108e-05, 0.000833996804431, 0.00578891020268, -0.00122212106362, -0.00170669297222, 0.0013373325346, -0.000879946688656, 1.27241892187e-05, 0.000427934282925, -0.000979517702945, -0.00011590939539, -0.00252674287185], [-6.95556591381e-05, -0.000182832591236, -0.000843205780257, -0.00122212106362, 0.00626790942624, -0.000213445004192, -0.000767963938415, -0.000260735105257, 0.00112117198296, -0.00225424091332, 0.000505724397954, -0.00200304784812, -0.000401193770813], [-7.82278584666e-05, 0.00022347921913, -0.000202655312023, -0.00170669297222, -0.000213445004192, 0.00587741425261, -0.00318322237581, 0.00104086997453, -0.00321897119284, 0.00173898460343, 0.000591521558817, 0.000310236384394, 2.68913627224e-05], [5.90342533542e-05, -0.000366534164641, 0.000595288933255, 0.0013373325346, -0.000767963938415, -0.00318322237581, 0.00882058124989, -0.00389366014861, 0.000338792044204, 0.00135481252801, -0.000887994887307, -0.00167233834509, -0.00112804363016], [-0.000272557663266, 0.000433030189015, -0.000122169818496, -0.000879946688656, -0.000260735105257, 0.00104086997453, -0.00389366014861, 0.00995060056448, -0.00452469429001, 0.000214851970668, -0.000928911496885, -0.000152920460096, -0.000584728375543], [0.000135732247145, -0.000212227576412, -0.00033485176391, 1.27241892187e-05, 0.00112117198296, -0.00321897119284, 0.000338792044204, -0.00452469429001, 0.013922765851, -0.00560600450262, -0.00115554372314, 0.000198770969291, 0.00079100264702], [-8.02672293503e-05, -0.000164040917298, -0.000338382873451, 0.000427934282925, -0.00225424091332, 0.00173898460343, 0.00135481252801, 0.000214851970668, -0.00560600450262, 0.0147146154195, -0.00545929279178, 0.00236407318152, -0.000911330338567], [6.57258788124e-05, -0.000360384990927, -0.000456719601061, -0.000979517702945, 0.000505724397954, 0.000591521558817, -0.000887994887307, -0.000928911496885, -0.00115554372314, -0.00545929279178, 0.017238361761, -0.00665924930945, 0.00258431513794], [-0.000177962487214, 0.000575340469368, -0.000367088796338, -0.00011590939539, -0.00200304784812, 0.000310236384394, -0.00167233834509, -0.000152920460096, 0.000198770969291, 0.00236407318152, -0.00665924930945, 0.0184513460845, -0.00646826578304], [9.31561662583e-05, -0.000415521964896, -0.00084206223255, -0.00252674287185, -0.000401193770813, 2.68913627224e-05, -0.00112804363016, -0.000584728375543, 0.00079100264702, -0.000911330338567, 0.00258431513794, -0.00646826578304, 0.0157728474587]]
    },
    "spectral_contrast_coeffs": {
        "mean": [-0.696900904179, -0.725924372673, -0.76235973835, -0.780221521854, -0.776371657848, -0.781072616577]
    },
    "spectral_contrast_valleys": {
        "mean": [-6.65882205963, -6.98853445053, -7.46748971939, -7.69909858704, -7.99661159515, -10.6709194183]
    }
},
"rhythm": {
    "beats_count": 456,
    "beats_loudness": {
        "mean": 0.0581859722733
    },
    "bpm": 115.993667603,
    "bpm_histogram_first_peak_bpm": 115,
    "bpm_histogram_first_peak_weight": 0.504608333111,
    "bpm_histogram_second_peak_bpm": 101,
    "bpm_histogram_second_peak_spread": 0.33333337307,
    "bpm_histogram_second_peak_weight": 0.0131868133321,
    "danceability": 1.00306391716,
    "onset_rate": 2.89081668854,
    "beats_loudness_band_ratio": {
        "mean": [0.642472207546, 0.136310219765, 0.113061420619, 0.0697623863816, 0.0525711588562, 0.0253135357052]
    },
    "beats_position": [0.592108845711, 1.18421769142, 1.77632653713, 2.36843538284, 2.94893407822, 3.54104304314, 4.13315200806, 4.71365070343, 5.2941493988, 5.88625860214, 6.420317173, 6.94276618958, 7.45360517502, 7.97605419159, 8.48689365387, 8.99773216248, 9.52018165588, 10.0426301956, 10.5650787354, 11.0875282288, 11.6099767685, 12.1208162308, 12.6432647705, 13.1657142639, 13.6881628036, 14.2106122971, 14.7214508057, 15.2322902679, 15.7547388077, 16.2655773163, 16.7880268097, 17.298866272, 17.8097057343, 18.3205432892, 18.8313827515, 19.3422222137, 19.853061676, 20.363899231, 20.8863487244, 21.4087982178, 21.9196376801, 22.430475235, 22.9413146973, 23.4521541595, 23.974603653, 24.497051239, 25.0078907013, 25.5303401947, 26.0527877808, 26.5752372742, 27.0976867676, 27.6085262299, 28.1193637848, 28.6418132782, 29.1642627716, 29.686712265, 30.2091598511, 30.7316093445, 31.2540588379, 31.7648983002, 32.2873458862, 32.8097953796, 33.3206329346, 33.8314743042, 34.3539237976, 34.8763694763, 35.3872108459, 35.8980484009, 36.4204978943, 36.9429473877, 37.4537849426, 37.9646263123, 38.4754638672, 38.9979133606, 39.520362854, 40.0312004089, 40.5420417786, 41.0528793335, 41.5637168884, 42.0861663818, 42.5970077515, 43.1194534302, 43.6419029236, 44.164352417, 44.6868019104, 45.1976394653, 45.7200889587, 46.2309303284, 46.7533760071, 47.2758255005, 47.7982749939, 48.3207244873, 48.8315620422, 49.3424034119, 49.8532409668, 50.3640823364, 50.8865280151, 51.4089775085, 51.9198188782, 52.4422683716, 52.9647140503, 53.4755554199, 53.9863929749, 54.5088424683, 55.0312919617, 55.5537414551, 56.0761909485, 56.5870285034, 57.0978660583, 57.608707428, 58.1195449829, 58.6303825378, 59.1412239075, 59.6636734009, 60.1861228943, 60.708568573, 61.2310180664, 61.7534675598, 62.2759170532, 62.7867546082, 63.2975959778, 63.8200454712, 64.3424911499, 64.864944458, 65.3873901367, 65.8982315063, 66.4206771851, 66.9431304932, 67.4655761719, 67.9764175415, 68.4872512817, 68.9980926514, 69.5205459595, 70.0313796997, 70.5422210693, 71.053062439, 71.5755081177, 72.0979614258, 72.608795166, 73.1312484741, 73.6536941528, 74.1761474609, 74.6985931396, 75.2094345093, 75.7202682495, 76.2311096191, 76.7535552979, 77.276008606, 77.7984542847, 78.3092956543, 78.831741333, 79.3425827026, 79.8534240723, 80.375869751, 80.8983230591, 81.4207687378, 81.9432220459, 82.4540557861, 82.9648971558, 83.4757385254, 83.9981842041, 84.5206298828, 85.0314712524, 85.5423126221, 86.0531539917, 86.5755996704, 87.0980453491, 87.6204986572, 88.1429443359, 88.665397644, 89.1762313843, 89.6986846924, 90.2095184326, 90.7203598022, 91.2428131104, 91.7652587891, 92.2761001587, 92.7869338989, 93.309387207, 93.8318328857, 94.3426742554, 94.853515625, 95.3759613037, 95.8984146118, 96.4092483521, 96.9317016602, 97.4541473389, 97.9649887085, 98.4758224487, 98.9866638184, 99.5207214355, 100.031562805, 100.542404175, 101.064849854, 101.587303162, 102.098136902, 102.608978271, 103.13142395, 103.653877258, 104.164710999, 104.687164307, 105.198005676, 105.720451355, 106.231292725, 106.753738403, 107.276191711, 107.787025452, 108.321083069, 108.843536377, 109.354377747, 109.853607178, 110.364440918, 110.898498535, 111.409339905, 111.920181274, 112.431015015, 112.953468323, 113.475914001, 113.986755371, 114.50920105, 115.031654358, 115.542495728, 116.064941406, 116.587387085, 117.098228455, 117.620681763, 118.143127441, 118.653968811, 119.164802551, 119.675643921, 120.1980896, 120.720542908, 121.231384277, 121.753829956, 122.276275635, 122.787117004, 123.297958374, 123.820404053, 124.342857361, 124.853691101, 125.364532471, 125.886978149, 126.409431458, 126.920272827, 127.431106567, 127.953559875, 128.476013184, 128.986846924, 129.509292603, 130.031738281, 130.54258728, 131.065032959, 131.587478638, 132.098312378, 132.609161377, 133.131607056, 133.642440796, 134.164901733, 134.675735474, 135.198181152, 135.720626831, 136.23147583, 136.753921509, 137.276367188, 137.787200928, 138.298049927, 138.820495605, 139.342941284, 139.853790283, 140.376235962, 140.898681641, 141.409515381, 141.92036438, 142.442810059, 142.965255737, 143.476104736, 143.986938477, 144.509384155, 145.031829834, 145.542678833, 146.065124512, 146.58757019, 147.098403931, 147.60925293, 148.131698608, 148.654144287, 149.164993286, 149.675827026, 150.198272705, 150.720718384, 151.231567383, 151.754013062, 152.264846802, 152.78729248, 153.309753418, 153.832199097, 154.343032837, 154.853881836, 155.364715576, 155.887161255, 156.409606934, 156.920455933, 157.442901611, 157.96534729, 158.499404907, 159.010253906, 159.521087646, 160.031921387, 160.542770386, 161.065216064, 161.587661743, 162.098495483, 162.609344482, 163.131790161, 163.65423584, 164.16506958, 164.675918579, 165.198364258, 165.720809937, 166.231658936, 166.754104614, 167.276550293, 167.787384033, 168.298233032, 168.820678711, 169.34312439, 169.85395813, 170.364807129, 170.898864746, 171.409698486, 171.920547485, 172.442993164, 172.965438843, 173.476272583, 173.998733521, 174.509567261, 175.032012939, 175.554458618, 176.076919556, 176.599365234, 177.121810913, 177.632644653, 178.143493652, 178.654327393, 179.165161133, 179.68762207, 180.210067749, 180.720901489, 181.231735229, 181.754196167, 182.276641846, 182.787475586, 183.309921265, 183.832382202, 184.343215942, 184.854049683, 185.364898682, 185.88734436, 186.409790039, 186.920639038, 187.443084717, 187.965530396, 188.476364136, 189.010421753, 189.521270752, 190.032104492, 190.542938232, 191.07699585, 191.587844849, 192.098678589, 192.609527588, 193.131973267, 193.654418945, 194.165252686, 194.687713623, 195.210159302, 195.73260498, 196.255050659, 196.777496338, 197.299957275, 197.810791016, 198.321624756, 198.832473755, 199.343307495, 199.854141235, 200.376602173, 200.899047852, 201.409881592, 201.920715332, 202.44317627, 202.965621948, 203.476455688, 203.987304688, 204.498138428, 205.032196045, 205.543029785, 206.053878784, 206.576324463, 207.098770142, 207.62121582, 208.143676758, 208.654510498, 209.165344238, 209.676193237, 210.198638916, 210.721084595, 211.231918335, 211.754379272, 212.265213013, 212.787658691, 213.298492432, 213.809341431, 214.331787109, 214.854232788, 215.365081787, 215.887527466, 216.409973145, 216.920806885, 217.431655884, 217.954101562, 218.476547241, 218.987380981, 219.49822998, 220.009063721, 220.543121338, 221.065567017, 221.576416016, 222.087249756, 222.609695435, 223.120544434, 223.642990112, 224.165435791, 224.676269531, 225.210342407, 225.721176147, 226.232009888, 226.766067505, 227.288528442, 227.834197998, 228.368255615, 228.855865479, 229.343490601, 229.831100464, 230.318725586, 230.725082397, 231.13142395, 231.537780762, 231.990570068, 232.443344116, 232.896133423, 233.406982422, 233.917816162, 234.428665161, 234.939498901, 235.450332642, 235.961181641],
    "bpm_histogram": [0, 0, 0, 0, 0, 0, 0, 0, 0, 0, 0, 0, 0, 0, 0, 0, 0, 0, 0, 0, 0, 0, 0, 0, 0, 0, 0, 0, 0, 0, 0, 0, 0, 0, 0, 0, 0, 0, 0, 0, 0, 0, 0, 0, 0, 0, 0, 0, 0, 0, 0, 0, 0, 0, 0, 0, 0, 0, 0, 0, 0, 0, 0, 0, 0, 0, 0, 0, 0, 0, 0, 0, 0, 0, 0, 0, 0, 0, 0, 0, 0, 0, 0, 0, 0, 0, 0, 0, 0, 0, 0, 0, 0, 0, 0, 0, 0, 0, 0, 0, 0, 0.0131868133321, 0, 0.00659340666607, 0, 0, 0, 0, 0, 0, 0.00219780229963, 0, 0.0285714287311, 0, 0, 0.472527474165, 0, 0.452747255564, 0, 0, 0.00219780229963, 0, 0, 0.00879120919853, 0, 0, 0, 0, 0, 0, 0, 0, 0, 0.00659340666607, 0, 0, 0, 0, 0, 0, 0, 0, 0, 0, 0, 0, 0, 0, 0.00659340666607, 0, 0, 0, 0, 0, 0, 0, 0, 0, 0, 0, 0, 0, 0, 0, 0, 0, 0, 0, 0, 0, 0, 0, 0, 0, 0, 0, 0, 0, 0, 0, 0, 0, 0, 0, 0, 0, 0, 0, 0, 0, 0, 0, 0, 0, 0, 0, 0, 0, 0, 0, 0, 0, 0, 0, 0, 0, 0, 0, 0, 0, 0, 0, 0, 0, 0, 0, 0, 0, 0, 0, 0, 0, 0, 0, 0, 0, 0, 0, 0, 0, 0, 0, 0, 0, 0, 0, 0, 0, 0, 0, 0, 0, 0, 0, 0, 0, 0, 0, 0, 0]
},
"tonal": {
    "chords_changes_rate": 0.0616169534624,
    "chords_number_rate": 0.00196232344024,
    "chords_strength": {
        "mean": 0.504284262657
    },
    "hpcp_crest": {
        "mean": 11.8826761246
    },
    "hpcp_entropy": {
        "mean": 2.13045358658
    },
    "key_edma": {
        "strength": 0.776751160622,
        "key": "F",
        "scale": "major"
    },
    "key_krumhansl": {
        "strength": 0.786291837692,
        "key": "F",
        "scale": "major"
    },
    "key_temperley": {
        "strength": 0.795286536217,
        "key": "F",
        "scale": "major"
    },
    "tuning_diatonic_strength": 0.657965958118,
    "tuning_equal_tempered_deviation": 0.214295908809,
    "tuning_frequency": 434.193115234,
    "tuning_nontempered_energy_ratio": 0.927024781704,
    "hpcp": {
        "mean": [0.199112430215, 0.203524842858, 0.0981833636761, 0.136208340526, 0.149895966053, 0.0728888884187, 0.0478803776205, 0.0521230474114, 0.0582530014217, 0.172170490026, 0.194502860308, 0.0787037461996, 0.0527121201158, 0.0496901161969, 0.0406441725791, 0.0878470987082, 0.117083825171, 0.0749216601253, 0.0443011447787, 0.0394140407443, 0.0506215170026, 0.128283172846, 0.167739465833, 0.162846073508, 0.294968903065, 0.270278722048, 0.0927733108401, 0.0557065270841, 0.0566440150142, 0.0777130723, 0.140369147062, 0.13738116622, 0.0722944885492, 0.0495017394423, 0.050239816308, 0.0790180712938]
    },
    "chords_histogram": [21.3697013855, 13.873626709, 15.8359498978, 0.706436395645, 1.80533754826, 0, 0.4905808568, 0.0392464660108, 5.45525884628, 0, 0, 0, 0, 0, 0.0784929320216, 3.74803757668, 0.0784929320216, 5.514128685, 0, 0.215855568647, 0.0784929320216, 7.73155403137, 11.4403457642, 11.5384616852],
    "thpcp": [1, 0.916295647621, 0.31451895833, 0.188855588436, 0.192033857107, 0.263461917639, 0.475877791643, 0.465747952461, 0.245091900229, 0.167820200324, 0.170322418213, 0.2678861022, 0.675028562546, 0.68998748064, 0.332860052586, 0.46177187562, 0.508175492287, 0.247107028961, 0.162323474884, 0.176706925035, 0.197488620877, 0.583690285683, 0.659401237965, 0.26682049036, 0.178703993559, 0.168458834291, 0.137791380286, 0.297818183899, 0.396936178207, 0.25399851799, 0.150189206004, 0.133621007204, 0.171616449952, 0.434904068708, 0.568668305874, 0.552078783512],
    "chords_key": "F",
    "chords_scale": "major"
}
}