{
"metadata": {
    "version": {
        "essentia": "2.1-beta6-dev",
        "essentia_git_sha": "v2.1_beta5-1177-g1d1cc983",
        "extractor": "music 2.0"
    },
    "audio_properties": {
        "analysis": {
            "equal_loudness": 0,
            "length": 177.140045166,
            "sample_rate": 44100,
            "start_time": 0,
            "downmix": "mix"
        },
        "bit_rate": 1411200,
        "length": 177.140045166,
        "lossless": 1,
        "number_channels": 2,
        "replay_gain": -14.5748023987,
        "sample_rate": 44100,
        "codec": "pcm_s16le",
        "md5_encoded": "20b3502a4a2c4cb99286fd5fe38dc14e"
    },
    "tags": {
        "file_name": "04 - The Front Bottoms - Pale Beneath the Tan (Squeeze).wav",
        "album": ["Ann"],
        "albumartist": ["The Front Bottoms"],
        "artist": ["The Front Bottoms"],
        "copyright": ["© 2018 Wuakaskole Records under the exclusive license to Fueled By Ramen, LLC for the United States and WEA International Inc. for the world outside of the United States. ℗ 2018 Wuakaskole Records under the exclusive license to Fueled By Ramen, LLC"],
        "date": ["2018"],
        "discnumber": ["1"],
        "disctotal": ["1"],
        "genre": ["Alternative & Indie"],
        "isrc": ["USAT21801004"],
        "title": ["Pale Beneath the Tan (Squeeze)"],
        "tracknumber": ["4"],
        "tracktotal": ["6"]
    }
},
"lowlevel": {
    "average_loudness": 0.952261328697,
    "barkbands_crest": {
        "mean": 11.3198652267
    },
    "barkbands_flatness_db": {
        "mean": 0.130858764052
    },
    "barkbands_kurtosis": {
        "mean": 4.77746009827
    },
    "barkbands_skewness": {
        "mean": 1.79232621193
    },
    "barkbands_spread": {
        "mean": 26.1590576172
    },
    "dissonance": {
        "mean": 0.467519760132
    },
    "dynamic_complexity": 1.99071359634,
    "erbbands_crest": {
        "mean": 8.90634155273
    },
    "erbbands_flatness_db": {
        "mean": 0.141251429915
    },
    "erbbands_kurtosis": {
        "mean": 0.03794882074
    },
    "erbbands_skewness": {
        "mean": 0.193958342075
    },
    "erbbands_spread": {
        "mean": 46.7797279358
    },
    "hfc": {
        "mean": 27.8934345245
    },
    "loudness_ebu128": {
        "integrated": -6.98384857178,
        "loudness_range": 2.99575519562,
        "momentary": {
            "mean": -8.19416904449
        },
        "short_term": {
            "mean": -7.35117292404
        }
    },
    "melbands_crest": {
        "mean": 17.1579780579
    },
    "melbands_flatness_db": {
        "mean": 0.191797450185
    },
    "melbands_kurtosis": {
        "mean": 18.0549526215
    },
    "melbands_skewness": {
        "mean": 3.29589080811
    },
    "melbands_spread": {
        "mean": 25.1603813171
    },
    "pitch_salience": {
        "mean": 0.49275162816
    },
    "silence_rate_20dB": {
        "mean": 1
    },
    "silence_rate_30dB": {
        "mean": 0.993971168995
    },
    "silence_rate_60dB": {
        "mean": 0.0307994764298
    },
    "spectral_centroid": {
        "mean": 1483.00866699
    },
    "spectral_complexity": {
        "mean": 23.0950202942
    },
    "spectral_decrease": {
        "mean": -1.0952962981e-08
    },
    "spectral_energy": {
        "mean": 0.0438690781593
    },
    "spectral_energyband_high": {
        "mean": 0.00147083902266
    },
    "spectral_energyband_low": {
        "mean": 0.0213591456413
    },
    "spectral_energyband_middle_high": {
        "mean": 0.00586419180036
    },
    "spectral_energyband_middle_low": {
        "mean": 0.0163425654173
    },
    "spectral_entropy": {
        "mean": 7.78567647934
    },
    "spectral_flux": {
        "mean": 0.11130426079
    },
    "spectral_kurtosis": {
        "mean": 3.00823664665
    },
    "spectral_rms": {
        "mean": 0.00618374627084
    },
    "spectral_rolloff": {
        "mean": 1641.65588379
    },
    "spectral_skewness": {
        "mean": 1.29637920856
    },
    "spectral_spread": {
        "mean": 5299132
    },
    "spectral_strongpeak": {
        "mean": 0.874426662922
    },
    "zerocrossingrate": {
        "mean": 0.0681228488684
    },
    "barkbands": {
        "mean": [0.00126443884801, 0.0141192879528, 0.00491483602673, 0.00283109233715, 0.00527183990926, 0.00394845800474, 0.000797651300672, 0.00147053459659, 0.00178756250534, 0.000919213867746, 0.000634877476841, 0.000609045557212, 0.000561691820621, 0.000506177602801, 0.00081693707034, 0.000476925750263, 0.000497821485624, 0.000411797111155, 0.000405900762416, 0.000263898575213, 0.000263558991719, 0.000315346609568, 0.000272637727903, 0.000306337577058, 0.000156980371685, 4.20125215896e-05, 2.15158001993e-06]
    },
    "erbbands": {
        "mean": [0.417551249266, 3.01563739777, 6.85581636429, 6.70543336868, 15.7093839645, 14.2267284393, 30.745349884, 29.3621273041, 14.4439659119, 13.6229305267, 40.8843536377, 42.6560173035, 28.8495540619, 31.43475914, 26.0844345093, 25.105758667, 25.4986057281, 26.5958595276, 35.9188728333, 40.1847763062, 27.8650493622, 26.4102687836, 22.3932876587, 20.8381004333, 19.6006832123, 12.6564388275, 10.6348781586, 10.7061357498, 11.1870355606, 9.3609790802, 7.62695360184, 7.20759916306, 4.3707113266, 2.0910089016, 0.954408526421, 0.306552290916, 0.0535641647875, 0.00601118477061, 0.000407458021073, 6.80690645822e-05]
    },
    "gfcc": {
        "mean": [23.756067276, 77.2356033325, -117.028846741, 43.6268196106, -57.7317581177, 21.7630882263, -40.4536781311, 10.2825698853, -19.4545440674, 1.77538955212, -13.5885648727, 0.435958623886, -6.79192066193],
        "cov": [[15831.8847656, 582.158691406, 340.603302002, 1214.90710449, -332.1434021, 997.103027344, -129.375762939, 170.001831055, -240.067367554, -77.90574646, -318.488372803, -58.3016052246, -184.834777832], [582.158691406, 1495.2019043, -218.031173706, 107.201454163, 447.029022217, -108.467880249, 335.959106445, -69.9263839722, 114.997032166, -40.7048225403, 113.796897888, -68.8011627197, 56.7092590332], [340.603302002, -218.031173706, 576.451049805, 191.319534302, 73.0152206421, 150.893371582, -67.0205688477, 5.17845630646, -45.4815559387, 40.0507698059, -44.2053489685, 25.1930866241, -30.5538139343], [1214.90710449, 107.201454163, 191.319534302, 549.138427734, 158.938522339, 197.924240112, 114.786430359, 10.3472967148, 67.9971542358, -1.96286523342, -4.28538799286, -23.7466335297, -9.85790538788], [-332.1434021, 447.029022217, 73.0152206421, 158.938522339, 412.254821777, 74.8655700684, 203.9740448, 10.5025053024, 87.5284042358, 36.7555427551, 39.1664962769, -7.95978546143, 21.7846240997], [997.103027344, -108.467880249, 150.893371582, 197.924240112, 74.8655700684, 342.669311523, 141.276260376, 71.5624923706, 4.03875494003, 18.8802528381, -30.9773159027, -0.15519861877, -25.8796291351], [-129.375762939, 335.959106445, -67.0205688477, 114.786430359, 203.9740448, 141.276260376, 374.91494751, 60.3169555664, 73.0182800293, 11.1199436188, 31.2003116608, -14.4148025513, 1.60573232174], [170.001831055, -69.9263839722, 5.17845630646, 10.3472967148, 10.5025053024, 71.5624923706, 60.3169555664, 160.839736938, 69.5168304443, 34.9104728699, 4.20389890671, 15.0058097839, 7.85855531693], [-240.067367554, 114.997032166, -45.4815559387, 67.9971542358, 87.5284042358, 4.03875494003, 73.0182800293, 69.5168304443, 163.261947632, 57.2104949951, 48.5264854431, 0.584906816483, 24.4628887177], [-77.90574646, -40.7048225403, 40.0507698059, -1.96286523342, 36.7555427551, 18.8802528381, 11.1199436188, 34.9104728699, 57.2104949951, 106.285324097, 34.40599823, 18.0069656372, 9.40134620667], [-318.488372803, 113.796897888, -44.2053489685, -4.28538799286, 39.1664962769, -30.9773159027, 31.2003116608, 4.20389890671, 48.5264854431, 34.40599823, 108.571731567, 41.3627815247, 35.160949707], [-58.3016052246, -68.8011627197, 25.1930866241, -23.7466335297, -7.95978546143, -0.15519861877, -14.4148025513, 15.0058097839, 0.584906816483, 18.0069656372, 41.3627815247, 98.5582962036, 38.5433425903], [-184.834777832, 56.7092590332, -30.5538139343, -9.85790538788, 21.7846240997, -25.8796291351, 1.60573232174, 7.85855531693, 24.4628887177, 9.40134620667, 35.160949707, 38.5433425903, 79.8868865967]],
        "icov": [[0.000230919569731, -0.000638071331196, 0.00024827872403, -0.000604951696005, 0.00070450588828, -0.000831536424812, 0.000703635567334, -0.000517379667144, 0.00059209857136, -0.000687112449668, 0.000814969243947, -0.000676834199112, 0.000450202584034], [-0.000638071331196, 0.00337621057406, -0.000457161455415, 0.00162010791246, -0.00334792397916, 0.00307367811911, -0.00280638691038, 0.00192853389308, -0.0016909633996, 0.00297018722631, -0.00350339058787, 0.00320014939643, -0.00190628820565], [0.00024827872403, -0.000457161455415, 0.00325689930469, -0.00161118851975, -0.000450451188954, -0.00155762920622, 0.00197786674835, -0.000842764682602, 0.00209940108471, -0.00222872546874, 0.00168264913373, -0.0018682150403, 0.00138736073859], [-0.000604951696005, 0.00162010791246, -0.00161118851975, 0.00474745966494, -0.00215749419294, 0.000482743780594, -0.00186668615788, 0.00252504530363, -0.00383719964884, 0.0034650717862, -0.00245884922333, 0.00246074073948, -0.00138406443875], [0.00070450588828, -0.00334792397916, -0.000450451188954, -0.00215749419294, 0.00765043823048, -0.00285397912376, 0.000514044135343, -0.000759561371524, 0.000374989729607, -0.00347744603641, 0.00329257966951, -0.00254041235894, 0.000692616798915], [-0.000831536424812, 0.00307367811911, -0.00155762920622, 0.000482743780594, -0.00285397912376, 0.00909186899662, -0.0050698928535, -9.07962821657e-05, -0.00018579022435, 0.0015968674561, -0.00211849878542, 0.00224971049465, -0.0010916023748], [0.000703635567334, -0.00280638691038, 0.00197786674835, -0.00186668615788, 0.000514044135343, -0.0050698928535, 0.00794084090739, -0.00291852722876, 0.00158237991855, -0.00177214620635, 0.00185567699373, -0.00230510928668, 0.00251059676521], [-0.000517379667144, 0.00192853389308, -0.000842764682602, 0.00252504530363, -0.000759561371524, -9.07962821657e-05, -0.00291852722876, 0.011339455843, -0.00673857191578, 0.00136031303555, -8.17535255919e-05, 8.38760097395e-05, -0.00155700230971], [0.00059209857136, -0.0016909633996, 0.00209940108471, -0.00383719964884, 0.000374989729607, -0.00018579022435, 0.00158237991855, -0.00673857191578, 0.0151176508516, -0.00707984808832, -0.000818881846499, 0.000702375371475, -0.000406218401622], [-0.000687112449668, 0.00297018722631, -0.00222872546874, 0.0034650717862, -0.00347744603641, 0.0015968674561, -0.00177214620635, 0.00136031303555, -0.00707984808832, 0.0172473713756, -0.00665895221755, 0.00232929293998, -0.000810384110082], [0.000814969243947, -0.00350339058787, 0.00168264913373, -0.00245884922333, 0.00329257966951, -0.00211849878542, 0.00185567699373, -8.17535255919e-05, -0.000818881846499, -0.00665895221755, 0.019599057734, -0.00947418063879, 7.85012744018e-05], [-0.000676834199112, 0.00320014939643, -0.0018682150403, 0.00246074073948, -0.00254041235894, 0.00224971049465, -0.00230510928668, 8.38760097395e-05, 0.000702375371475, 0.00232929293998, -0.00947418063879, 0.0193467456847, -0.00844250898808], [0.000450202584034, -0.00190628820565, 0.00138736073859, -0.00138406443875, 0.000692616798915, -0.0010916023748, 0.00251059676521, -0.00155700230971, -0.000406218401622, -0.000810384110082, 7.85012744018e-05, -0.00844250898808, 0.0190910752863]]
    },
    "melbands": {
        "mean": [0.00379106146283, 0.00368236820213, 0.00149595492985, 0.00107230083086, 0.000979166128673, 0.000664773164317, 0.000209024830838, 0.000170202620211, 0.000342810672009, 0.00025854705018, 0.000139763898915, 0.000128241124912, 9.24652995309e-05, 7.38528324291e-05, 4.97803448525e-05, 5.95075398451e-05, 4.68237121822e-05, 5.52833953407e-05, 5.58618667128e-05, 4.13697744079e-05, 3.25741821143e-05, 2.79846408375e-05, 2.29863981076e-05, 2.02000319405e-05, 1.60825766216e-05, 1.59109604283e-05, 1.1595394426e-05, 7.45057241147e-06, 6.34385332887e-06, 6.37358925815e-06, 6.35883270661e-06, 6.63872015139e-06, 5.53071276954e-06, 5.03956016473e-06, 4.30751606473e-06, 4.40126905232e-06, 4.42989858129e-06, 3.31593696501e-06, 2.17339606934e-06, 1.62068693044e-06]
    },
    "melbands128": {
        "mean": [0.00119538861327, 0.0035170733463, 0.00427628075704, 0.0054418775253, 0.00437645381317, 0.00192775577307, 0.00114047853276, 0.00158084754366, 0.00178242987022, 0.000994394649751, 0.000635228760075, 0.000860437226947, 0.00118680938613, 0.000981942052022, 0.000729439198039, 0.000490529811941, 0.00024822782143, 0.000165039164131, 0.000140148098581, 0.000125314225443, 0.000159546427312, 0.000364644860383, 0.000394810747821, 0.000280940934317, 0.00030932208756, 0.000229198602028, 0.000192582374439, 0.000112161091238, 0.000103257923911, 0.00016872541164, 0.000109189575596, 0.000105522369267, 0.000116267641715, 5.39793327334e-05, 7.65993609093e-05, 8.49629504955e-05, 6.69376313454e-05, 3.26560802932e-05, 5.32042649866e-05, 5.97239231865e-05, 6.01343854214e-05, 6.26222390565e-05, 4.42411364929e-05, 3.81286590709e-05, 4.81258357468e-05, 5.71583223063e-05, 7.10574095137e-05, 3.9590846427e-05, 5.81852873438e-05, 7.40158502595e-05, 2.74191515928e-05, 2.36333034991e-05, 3.38205500157e-05, 3.59404039045e-05, 3.35291297233e-05, 2.57340288954e-05, 2.30659679801e-05, 3.01581967506e-05, 2.06969325518e-05, 1.36384232974e-05, 2.47088828473e-05, 1.99433943635e-05, 1.6388392396e-05, 1.39056855915e-05, 1.77110305231e-05, 1.61207935889e-05, 1.58862112585e-05, 1.19353117043e-05, 1.10303972178e-05, 1.06041743493e-05, 6.85226905262e-06, 6.46387070447e-06, 5.92903370489e-06, 6.20744958724e-06, 6.79646836943e-06, 7.35299408916e-06, 5.50528511667e-06, 5.43939086128e-06, 6.46256103209e-06, 7.21146579963e-06, 7.24663823348e-06, 6.34501975583e-06, 5.52155643163e-06, 5.44935346625e-06, 5.58222018299e-06, 5.11865437147e-06, 5.04974832438e-06, 4.3722616283e-06, 4.33308241554e-06, 4.13452335124e-06, 4.24734253102e-06, 4.45285468231e-06, 4.72550300401e-06, 4.52053200206e-06, 4.28515659223e-06, 3.76391972168e-06, 3.10309201268e-06, 2.72753209174e-06, 2.15272689275e-06, 1.91703975361e-06, 1.79846517767e-06, 1.62626793099e-06, 1.33668970648e-06, 1.20044171581e-06, 1.09626842004e-06, 9.48967397107e-07, 8.23445191145e-07, 6.70455960972e-07, 5.06953028889e-07, 3.61214915756e-07, 2.6404535447e-07, 2.00864150202e-07, 1.39143708111e-07, 9.68998534745e-08, 6.79797551584e-08, 4.85389612948e-08, 3.38880319362e-08, 2.3036978547e-08, 1.47940335538e-08, 9.27080900937e-09, 5.89913184967e-09, 3.6803204928e-09, 2.30583196981e-09, 1.50995393966e-09, 1.10736941838e-09, 8.45059688892e-10, 6.59569288075e-10, 4.81492901105e-10]
    },
    "mfcc": {
        "mean": [-610.971313477, 99.1178588867, 4.1676492691, 23.4702033997, 10.6326732635, 9.96337890625, -1.90174496174, 6.18280744553, -0.527785360813, 3.68853020668, -0.0651120692492, -2.00178480148, -2.54275751114],
        "cov": [[9110.51660156, 38.980255127, 504.394622803, 359.69744873, 208.469528198, 468.302947998, 253.958740234, 341.27947998, 157.715393066, 144.966964722, 4.93169164658, -16.9909763336, -94.2948226929], [38.980255127, 1196.58288574, -294.310150146, 194.361434937, 63.062625885, 112.043983459, 158.122161865, 45.6336364746, 72.6865921021, 18.6233520508, 38.1945114136, 47.9101676941, 73.1243743896], [504.394622803, -294.310150146, 459.689178467, 22.5809574127, 97.6211853027, 48.8495063782, -0.930731415749, -9.68414020538, -21.046037674, -10.8624105453, -27.1533069611, -15.939031601, -18.4445877075], [359.69744873, 194.361434937, 22.5809574127, 364.581726074, 110.52280426, 142.411056519, 67.2783889771, 57.3067207336, 66.5336380005, 36.4403114319, 15.6053256989, 44.1181983948, 60.6570472717], [208.469528198, 63.062625885, 97.6211853027, 110.52280426, 235.77507019, 72.1248931885, 11.9874725342, 8.1509885788, 32.0573806763, 33.128704071, -8.82729053497, 23.4710063934, 32.3725967407], [468.302947998, 112.043983459, 48.8495063782, 142.411056519, 72.1248931885, 274.64465332, 157.489486694, 83.577041626, 80.138671875, 39.8541412354, 32.6247177124, 37.9492454529, 35.8338088989], [253.958740234, 158.122161865, -0.930731415749, 67.2783889771, 11.9874725342, 157.489486694, 221.352661133, 101.751914978, 80.1422042847, 23.7253780365, 37.5246505737, 35.9786987305, 24.9815616608], [341.27947998, 45.6336364746, -9.68414020538, 57.3067207336, 8.1509885788, 83.577041626, 101.751914978, 165.335083008, 76.9984817505, 40.6552276611, 29.4581451416, 33.8574066162, 24.6945896149], [157.715393066, 72.6865921021, -21.046037674, 66.5336380005, 32.0573806763, 80.138671875, 80.1422042847, 76.9984817505, 144.555709839, 73.5391693115, 40.6230659485, 37.8960800171, 29.6575164795], [144.966964722, 18.6233520508, -10.8624105453, 36.4403114319, 33.128704071, 39.8541412354, 23.7253780365, 40.6552276611, 73.5391693115, 123.808044434, 52.9912185669, 35.6706390381, 15.5940465927], [4.93169164658, 38.1945114136, -27.1533069611, 15.6053256989, -8.82729053497, 32.6247177124, 37.5246505737, 29.4581451416, 40.6230659485, 52.9912185669, 90.1175842285, 41.7788581848, 16.1394348145], [-16.9909763336, 47.9101676941, -15.939031601, 44.1181983948, 23.4710063934, 37.9492454529, 35.9786987305, 33.8574066162, 37.8960800171, 35.6706390381, 41.7788581848, 86.8336257935, 47.7767524719], [-94.2948226929, 73.1243743896, -18.4445877075, 60.6570472717, 32.3725967407, 35.8338088989, 24.9815616608, 24.6945896149, 29.6575164795, 15.5940465927, 16.1394348145, 47.7767524719, 96.428314209]],
        "icov": [[0.000142019373016, -3.63449871656e-05, -0.000148803344928, -6.49101784802e-05, 1.02042440631e-05, -0.000176506786374, 8.19745982881e-05, -0.000287111324724, 5.40330875083e-05, -0.000138820207212, 8.29559648992e-05, 5.83983492106e-05, 0.000256275263382], [-3.63449871656e-05, 0.00131229695398, 0.000990468775854, -0.000514443789143, -0.0005359321367, 0.000233829239733, -0.00110541016329, 0.000505511299707, 5.34798600711e-05, 0.000241499161348, -0.000199530593818, 0.000204159907298, -0.000390947679989], [-0.000148803344928, 0.000990468775854, 0.0034008778166, -0.000160202282132, -0.00152610905934, -0.000286595080979, -0.000743195356335, 0.000527529220562, 0.0005382708041, 0.00037831539521, 0.00013395921269, 0.000220274290768, 0.000172668180312], [-6.49101784802e-05, -0.000514443789143, -0.000160202282132, 0.00428120186552, -0.000978246331215, -0.00169019855093, 0.000960118195508, -0.000444010191131, -0.000601707550231, 0.000156898284331, 0.0002827696444, -0.000395778159145, -0.0012671018485], [1.02042440631e-05, -0.0005359321367, -0.00152610905934, -0.000978246331215, 0.00634079473093, -0.00109422195237, 0.00110542669427, 0.000547152711079, -0.000500511727296, -0.00175169447903, 0.00221254513599, -0.00107326707803, -0.000810093362816], [-0.000176506786374, 0.000233829239733, -0.000286595080979, -0.00169019855093, -0.00109422195237, 0.00811879429966, -0.00498710758984, 0.000327022949932, -0.000490403908771, -0.000289075745968, -0.000592034717556, 0.000294495199341, -0.000632214127108], [8.19745982881e-05, -0.00110541016329, -0.000743195356335, 0.000960118195508, 0.00110542669427, -0.00498710758984, 0.0110261533409, -0.00368336495012, -0.00243515009061, 0.00233457633294, -0.00139337941073, -0.000915745971724, 0.000799570698291], [-0.000287111324724, 0.000505511299707, 0.000527529220562, -0.000444010191131, 0.000547152711079, 0.000327022949932, -0.00368336495012, 0.0105287041515, -0.00286226021126, -0.00060096202651, 0.000365617655916, -0.00107780098915, -0.000880872248672], [5.40330875083e-05, 5.34798600711e-05, 0.0005382708041, -0.000601707550231, -0.000500511727296, -0.000490403908771, -0.00243515009061, -0.00286226021126, 0.0138360541314, -0.00619587255642, -7.51443149056e-05, -3.90666355088e-05, -0.00101362948772], [-0.000138820207212, 0.000241499161348, 0.00037831539521, 0.000156898284331, -0.00175169447903, -0.000289075745968, 0.00233457633294, -0.00060096202651, -0.00619587255642, 0.0152492569759, -0.00663021625951, -0.00126607017592, 0.00107592204586], [8.29559648992e-05, -0.000199530593818, 0.00013395921269, 0.0002827696444, 0.00221254513599, -0.000592034717556, -0.00139337941073, 0.000365617655916, -7.51443149056e-05, -0.00663021625951, 0.0189922265708, -0.00692330952734, 0.00117155106273], [5.83983492106e-05, 0.000204159907298, 0.000220274290768, -0.000395778159145, -0.00107326707803, 0.000294495199341, -0.000915745971724, -0.00107780098915, -3.90666355088e-05, -0.00126607017592, -0.00692330952734, 0.0208996236324, -0.0080219656229], [0.000256275263382, -0.000390947679989, 0.000172668180312, -0.0012671018485, -0.000810093362816, -0.000632214127108, 0.000799570698291, -0.000880872248672, -0.00101362948772, 0.00107592204586, 0.00117155106273, -0.0080219656229, 0.0161891598254]]
    },
    "spectral_contrast_coeffs": {
        "mean": [-0.687484741211, -0.730150878429, -0.757562398911, -0.779320240021, -0.786302745342, -0.762683689594]
    },
    "spectral_contrast_valleys": {
        "mean": [-6.63606739044, -6.8811750412, -7.41770267487, -7.36904478073, -7.27540874481, -9.62871932983]
    }
},
"rhythm": {
    "beats_count": 362,
    "beats_loudness": {
        "mean": 0.0596321709454
    },
    "bpm": 119.140945435,
    "bpm_histogram_first_peak_bpm": 120,
    "bpm_histogram_first_peak_weight": 0.456953644753,
    "bpm_histogram_second_peak_bpm": 157,
    "bpm_histogram_second_peak_spread": 0.318181812763,
    "bpm_histogram_second_peak_weight": 0.0415512472391,
    "danceability": 1.13651406765,
    "onset_rate": 3.42634606361,
    "beats_loudness_band_ratio": {
        "mean": [0.636836528778, 0.168619781733, 0.108625039458, 0.0628730729222, 0.0518019720912, 0.0322428233922]
    },
    "beats_position": [0.545668900013, 1.10294783115, 1.66022670269, 2.22911548615, 2.75156450272, 3.26240348816, 3.7732424736, 4.27247142792, 4.77170038223, 5.27092981339, 5.78176879883, 6.28099775314, 6.78022670746, 7.2910656929, 7.79029464722, 8.3011341095, 8.80036258698, 9.31120204926, 9.81043052673, 10.3096599579, 10.8204984665, 11.3197278976, 11.8189563751, 12.3297958374, 12.840634346, 13.3398637772, 13.8390922546, 14.3499317169, 14.8607711792, 15.3599996567, 15.8592290878, 16.3700675964, 16.8692970276, 17.3685264587, 17.8793640137, 18.3785934448, 18.877822876, 19.3770523071, 19.8878898621, 20.3987293243, 20.8979587555, 21.4087982178, 21.9080276489, 22.4072551727, 22.9064846039, 23.405714035, 23.9049434662, 24.40417099, 24.9034004211, 25.4258499146, 25.9599094391, 26.470746994, 26.9699764252, 27.4692058563, 27.9800453186, 28.4792747498, 28.9668922424, 29.4661216736, 29.9769611359, 30.4994106293, 30.9986381531, 31.4978675842, 31.9970970154, 32.5079345703, 33.0071640015, 33.5063934326, 34.0172348022, 34.5280723572, 35.0273017883, 35.5265312195, 36.0257606506, 36.5365982056, 37.0358276367, 37.5350570679, 38.034286499, 38.545124054, 39.0559616089, 39.5668029785, 40.0660324097, 40.5652618408, 41.0760993958, 41.5637168884, 42.0745582581, 42.585395813, 43.0962333679, 43.5954627991, 44.0946922302, 44.6055335999, 45.1047592163, 45.6039886475, 46.1148300171, 46.625667572, 47.1365089417, 47.6473464966, 48.1465759277, 48.6458053589, 49.14503479, 49.6442604065, 50.1551017761, 50.6543312073, 51.1651687622, 51.6643981934, 52.1636276245, 52.6628570557, 53.1736946106, 53.6845359802, 54.1837615967, 54.6829910278, 55.182220459, 55.6814498901, 56.1922874451, 56.6915168762, 57.1907463074, 57.701587677, 58.2008171082, 58.7000427246, 59.2108840942, 59.7217216492, 60.2325630188, 60.7434005737, 61.2426300049, 61.741859436, 62.252696991, 62.7519264221, 63.2511558533, 63.7503852844, 64.2612228394, 64.772064209, 65.2712936401, 65.7705230713, 66.2697525024, 66.7805862427, 67.2798156738, 67.7906570435, 68.2898864746, 68.8007278442, 69.299949646, 69.8107910156, 70.3100204468, 70.8208618164, 71.3200912476, 71.8309249878, 72.3301544189, 72.8293838501, 73.3402252197, 73.8394546509, 74.3502960205, 74.8495254517, 75.3603591919, 75.859588623, 76.3704299927, 76.8696594238, 77.368888855, 77.8797302246, 78.3905639648, 78.9014053345, 79.4006347656, 79.8998641968, 80.3990936279, 80.8983230591, 81.4091567993, 81.9083862305, 82.4076156616, 82.9184570312, 83.4292984009, 83.928527832, 84.4277572632, 84.9269790649, 85.4262084961, 85.9370498657, 86.4478912354, 86.9587249756, 87.4579544067, 87.9571838379, 88.4680252075, 88.9788665771, 89.4780960083, 89.9773254395, 90.4881591797, 90.9990005493, 91.5098419189, 92.0090713501, 92.5083007812, 93.0075302124, 93.4951477051, 94.0059814453, 94.5052108765, 94.9928359985, 95.5036697388, 96.0145111084, 96.5137405396, 97.0129699707, 97.5238113403, 98.0346450806, 98.5454864502, 99.0447158813, 99.555557251, 100.054779053, 100.554008484, 101.053237915, 101.564079285, 102.074920654, 102.585754395, 103.084983826, 103.584213257, 104.095054626, 104.605895996, 105.116729736, 105.615959167, 106.115188599, 106.61441803, 107.113647461, 107.612876892, 108.123718262, 108.634559631, 109.133781433, 109.644622803, 110.143852234, 110.643081665, 111.142311096, 111.641540527, 112.163986206, 112.674827576, 113.174057007, 113.684898376, 114.184127808, 114.683357239, 115.194190979, 115.705032349, 116.20426178, 116.703491211, 117.202720642, 117.701950073, 118.201179504, 118.700408936, 119.211242676, 119.722084045, 120.221313477, 120.720542908, 121.231384277, 121.742218018, 122.253059387, 122.763900757, 123.25151825, 123.750747681, 124.249977112, 124.760810852, 125.271652222, 125.759269714, 126.270111084, 126.780952454, 127.291786194, 127.802627563, 128.301864624, 128.801086426, 129.311920166, 129.811157227, 130.310379028, 130.821228027, 131.320449829, 131.81968689, 132.318908691, 132.818145752, 133.328979492, 133.839813232, 134.350662231, 134.861495972, 135.360717773, 135.859954834, 136.359176636, 136.858413696, 137.369247437, 137.880081177, 138.379318237, 138.878540039, 139.389389038, 139.88861084, 140.3878479, 140.898681641, 141.409515381, 141.92036438, 142.43119812, 142.930435181, 143.429656982, 143.928878784, 144.428115845, 144.938949585, 145.438186646, 145.949020386, 146.448257446, 146.959091187, 147.469924927, 147.969161987, 148.468383789, 148.96762085, 149.466842651, 149.97769165, 150.476913452, 150.976135254, 151.486984253, 151.997817993, 152.485443115, 152.996276855, 153.507110596, 154.006347656, 154.505569458, 155.016418457, 155.50402832, 155.991653442, 156.467666626, 156.955276489, 157.442901611, 157.802810669, 158.174331665, 158.545852661, 158.928970337, 159.312103271, 159.683624268, 160.066757202, 160.438278198, 160.809799194, 161.19291687, 161.576049805, 161.959182739, 162.353912354, 162.748657227, 163.166610718, 163.584579468, 163.979324341, 164.362442017, 164.768798828, 165.175140381, 165.581497192, 165.976226807, 166.359359741, 166.742492676, 167.114013672, 167.497146606, 167.868652344, 168.251785278, 168.634918213, 169.006439209, 169.389572144, 169.784301758, 170.167434692, 170.550567627, 170.968521118, 171.386474609, 171.792831421, 172.199172974, 172.605529785, 173.011871338, 173.418228149, 173.824569702, 174.161270142, 174.497955322, 174.834640503, 175.171340942, 175.508026123, 175.844711304, 176.181396484, 176.518096924],
    "bpm_histogram": [0, 0, 0, 0, 0, 0, 0, 0, 0, 0, 0, 0, 0, 0, 0, 0, 0, 0, 0, 0, 0, 0, 0, 0, 0, 0, 0, 0, 0, 0, 0, 0, 0, 0, 0, 0, 0, 0, 0, 0, 0, 0, 0, 0, 0, 0, 0, 0, 0, 0, 0, 0, 0, 0, 0, 0, 0, 0, 0, 0, 0, 0, 0, 0, 0, 0, 0, 0, 0, 0, 0, 0, 0, 0, 0, 0, 0, 0, 0, 0, 0, 0, 0, 0, 0, 0, 0, 0, 0, 0, 0, 0, 0, 0, 0, 0, 0, 0, 0, 0, 0, 0, 0, 0, 0, 0.0027700830251, 0, 0, 0.0055401660502, 0, 0, 0, 0.0027700830251, 0, 0, 0.0110803321004, 0, 0.351800560951, 0, 0, 0.454293638468, 0, 0, 0.0304709132761, 0, 0, 0.0027700830251, 0, 0, 0, 0, 0, 0, 0, 0, 0, 0, 0, 0, 0, 0, 0, 0, 0, 0.0110803321004, 0, 0, 0, 0.0249307472259, 0, 0, 0, 0.0138504151255, 0, 0, 0, 0, 0.0415512472391, 0, 0, 0, 0.0193905811757, 0.0027700830251, 0, 0, 0, 0, 0.0027700830251, 0, 0, 0, 0, 0, 0, 0, 0, 0, 0, 0.0221606642008, 0, 0, 0, 0, 0, 0, 0, 0, 0, 0, 0, 0, 0, 0, 0, 0, 0, 0, 0, 0, 0, 0, 0, 0, 0, 0, 0, 0, 0, 0, 0, 0, 0, 0, 0, 0, 0, 0, 0, 0, 0, 0, 0, 0, 0, 0, 0, 0, 0, 0, 0, 0, 0, 0, 0, 0, 0, 0, 0, 0, 0, 0, 0, 0, 0, 0, 0, 0, 0, 0, 0]
},
"tonal": {
    "chords_changes_rate": 0.0697064995766,
    "chords_number_rate": 0.0028825995978,
    "chords_strength": {
        "mean": 0.518697440624
    },
    "hpcp_crest": {
        "mean": 13.5693836212
    },
    "hpcp_entropy": {
        "mean": 1.99390411377
    },
    "key_edma": {
        "strength": 0.581656813622,
        "key": "D",
        "scale": "major"
    },
    "key_krumhansl": {
        "strength": 0.585270702839,
        "key": "D",
        "scale": "major"
    },
    "key_temperley": {
        "strength": 0.587994277477,
        "key": "D",
        "scale": "major"
    },
    "tuning_diatonic_strength": 0.664149403572,
    "tuning_equal_tempered_deviation": 0.250978380442,
    "tuning_frequency": 434.193115234,
    "tuning_nontempered_energy_ratio": 0.919962406158,
    "hpcp": {
        "mean": [0.125070527196, 0.125886559486, 0.0752847790718, 0.0543843358755, 0.0499016158283, 0.0523571893573, 0.0759815946221, 0.082457922399, 0.0599448792636, 0.0495047494769, 0.0539145246148, 0.0674269348383, 0.0890904664993, 0.109856083989, 0.129191249609, 0.1857496351, 0.207286819816, 0.145204216242, 0.099230222404, 0.0899692624807, 0.103025451303, 0.183578550816, 0.234779641032, 0.175345987082, 0.116979971528, 0.0990076288581, 0.104530841112, 0.147249996662, 0.169293358922, 0.162256702781, 0.206242501736, 0.157631218433, 0.0592838637531, 0.0509154610336, 0.0597755350173, 0.0800260528922]
    },
    "chords_histogram": [24.4234809875, 2.9350104332, 14.2557649612, 4.24528312683, 1.23165619373, 0, 1.25786161423, 0.104821801186, 0.576519906521, 0, 1.23165619373, 0.0786163508892, 0.36687630415, 0.0786163508892, 0, 0, 0.131027251482, 8.56918239594, 0, 0.550314486027, 0.0786163508892, 23.6111106873, 10.822851181, 5.45073366165],
    "thpcp": [1, 0.746853470802, 0.498254328966, 0.421704500914, 0.445229589939, 0.62718385458, 0.721073448658, 0.691102087498, 0.878451406956, 0.671400725842, 0.252508550882, 0.2168648839, 0.254602730274, 0.340856015682, 0.532714545727, 0.536190271378, 0.320661455393, 0.231639906764, 0.212546601892, 0.223005667329, 0.323629409075, 0.351214110851, 0.255324006081, 0.210856229067, 0.229638844728, 0.287192434072, 0.379464179277, 0.467911452055, 0.550265967846, 0.791165828705, 0.882899463177, 0.618470191956, 0.422652572393, 0.383207261562, 0.43881765008, 0.781918525696],
    "chords_key": "D",
    "chords_scale": "major"
}
}