{
"metadata": {
    "version": {
        "essentia": "2.1-beta6-dev",
        "essentia_git_sha": "v2.1_beta5-1177-g1d1cc983",
        "extractor": "music 2.0"
    },
    "audio_properties": {
        "analysis": {
            "equal_loudness": 0,
            "length": 210.053329468,
            "sample_rate": 44100,
            "start_time": 0,
            "downmix": "mix"
        },
        "bit_rate": 1411200,
        "length": 210.053329468,
        "lossless": 1,
        "number_channels": 2,
        "replay_gain": -14.2433109283,
        "sample_rate": 44100,
        "codec": "pcm_s16le",
        "md5_encoded": "9e1da9633c0265d7468be46a457841fc"
    },
    "tags": {
        "file_name": "10 - The Front Bottoms - Everyone but You.wav",
        "album": ["Going Grey"],
        "albumartist": ["The Front Bottoms"],
        "artist": ["The Front Bottoms"],
        "copyright": ["© 2017 Fueled By Ramen LLC for the United States and WEA International Inc. for the world outside of the United States. A Warner Music Group Company ℗ 2017 Fueled By Ramen LLC"],
        "date": ["2017"],
        "discnumber": ["1"],
        "disctotal": ["1"],
        "genre": ["Alternative & Indie"],
        "isrc": ["USAT21703363"],
        "title": ["Everyone but You"],
        "tracknumber": ["10"],
        "tracktotal": ["11"]
    }
},
"lowlevel": {
    "average_loudness": 0.968951165676,
    "barkbands_crest": {
        "mean": 11.5975208282
    },
    "barkbands_flatness_db": {
        "mean": 0.135779604316
    },
    "barkbands_kurtosis": {
        "mean": 6.8641872406
    },
    "barkbands_skewness": {
        "mean": 2.08631920815
    },
    "barkbands_spread": {
        "mean": 23.4739456177
    },
    "dissonance": {
        "mean": 0.473497956991
    },
    "dynamic_complexity": 2.44133496284,
    "erbbands_crest": {
        "mean": 8.17966270447
    },
    "erbbands_flatness_db": {
        "mean": 0.130285263062
    },
    "erbbands_kurtosis": {
        "mean": 0.358629435301
    },
    "erbbands_skewness": {
        "mean": 0.080063290894
    },
    "erbbands_spread": {
        "mean": 48.3118057251
    },
    "hfc": {
        "mean": 23.7502651215
    },
    "loudness_ebu128": {
        "integrated": -7.52403736115,
        "loudness_range": 2.83408117294,
        "momentary": {
            "mean": -9.92751502991
        },
        "short_term": {
            "mean": -8.15777778625
        }
    },
    "melbands_crest": {
        "mean": 17.0463657379
    },
    "melbands_flatness_db": {
        "mean": 0.210953325033
    },
    "melbands_kurtosis": {
        "mean": 24.5196304321
    },
    "melbands_skewness": {
        "mean": 3.78489279747
    },
    "melbands_spread": {
        "mean": 20.5729141235
    },
    "pitch_salience": {
        "mean": 0.474435120821
    },
    "silence_rate_20dB": {
        "mean": 1
    },
    "silence_rate_30dB": {
        "mean": 0.987621545792
    },
    "silence_rate_60dB": {
        "mean": 0.0257515478879
    },
    "spectral_centroid": {
        "mean": 1438.73547363
    },
    "spectral_complexity": {
        "mean": 21.6527404785
    },
    "spectral_decrease": {
        "mean": -1.03799990825e-08
    },
    "spectral_energy": {
        "mean": 0.0413307026029
    },
    "spectral_energyband_high": {
        "mean": 0.00114762270823
    },
    "spectral_energyband_low": {
        "mean": 0.0240795053542
    },
    "spectral_energyband_middle_high": {
        "mean": 0.00619412958622
    },
    "spectral_energyband_middle_low": {
        "mean": 0.0129483938217
    },
    "spectral_entropy": {
        "mean": 7.76155805588
    },
    "spectral_flux": {
        "mean": 0.0991091281176
    },
    "spectral_kurtosis": {
        "mean": 3.57995414734
    },
    "spectral_rms": {
        "mean": 0.00605732481927
    },
    "spectral_rolloff": {
        "mean": 1186.99633789
    },
    "spectral_skewness": {
        "mean": 1.34748196602
    },
    "spectral_spread": {
        "mean": 5180486
    },
    "spectral_strongpeak": {
        "mean": 0.706961333752
    },
    "zerocrossingrate": {
        "mean": 0.0566426217556
    },
    "barkbands": {
        "mean": [0.00056537182536, 0.0134910196066, 0.00729590468109, 0.00521088205278, 0.00292716594413, 0.00114312802907, 0.000964962644503, 0.000616451958194, 0.00149049144238, 0.00134381768294, 0.000518846500199, 0.00068840518361, 0.000636561133433, 0.000903913227376, 0.000514441810083, 0.000446536869276, 0.00045794644393, 0.000499133777339, 0.000292863609502, 0.000324513734085, 0.000258730433416, 0.000277377228485, 0.000187718149391, 0.000168520709849, 7.08749212208e-05, 2.35834268096e-05, 1.05866547528e-05]
    },
    "erbbands": {
        "mean": [0.37504196167, 3.09250926971, 8.78863716125, 13.0122861862, 14.1262845993, 9.11464881897, 8.56241607666, 8.14923667908, 13.1568641663, 11.3834104538, 23.5949172974, 30.8379135132, 43.6986999512, 27.8711452484, 16.3845157623, 30.0270195007, 31.348192215, 40.7607078552, 37.8130683899, 26.7858066559, 21.3134841919, 27.0352993011, 29.513917923, 17.7048988342, 16.0126686096, 15.0686855316, 10.4766454697, 10.6452665329, 10.2723398209, 7.34125900269, 5.02277755737, 3.9545340538, 2.45943236351, 1.05870163441, 0.386575490236, 0.119096048176, 0.0392455011606, 0.0116251679137, 0.00181102904025, 0.000145993210026]
    },
    "gfcc": {
        "mean": [14.5993347168, 86.3217163086, -106.598403931, 47.3656349182, -45.7988243103, 25.0774860382, -26.761095047, 8.21021270752, -16.0500011444, -2.45578789711, -12.5274248123, -4.25373888016, -12.0138273239],
        "cov": [[21681.3691406, -5.45940351486, -1014.92779541, 1042.25683594, -452.366668701, 983.454162598, -132.030181885, 278.059356689, -349.900482178, -184.861785889, -576.989929199, -232.231216431, -300.826477051], [-5.45940351486, 1277.45544434, -272.671051025, 41.2651786804, 86.9300613403, -120.187683105, 71.5681686401, -43.5821456909, 115.471405029, -53.6599006653, 208.632247925, -3.26300835609, 94.4028167725], [-1014.92779541, -272.671051025, 536.648925781, -26.5676231384, 76.6392211914, -30.4558696747, -9.24039173126, -47.8093223572, -36.28748703, 35.7042121887, -36.0108184814, 23.434419632, -13.4078149796], [1042.25683594, 41.2651786804, -26.5676231384, 367.447662354, -6.276512146, 77.8823318481, -21.9303874969, 37.0965080261, 4.70634365082, -48.6196174622, -15.4416351318, -34.3663597107, 3.626693964], [-452.366668701, 86.9300613403, 76.6392211914, -6.276512146, 221.36781311, -8.0078086853, 54.3594436646, -1.67622494698, 49.2773132324, 10.5015420914, 9.7420759201, 5.12004518509, 18.4321594238], [983.454162598, -120.187683105, -30.4558696747, 77.8823318481, -8.0078086853, 247.520858765, 50.6699371338, 40.269405365, -17.764629364, -3.60516166687, -34.8914871216, -29.8825130463, -19.0442466736], [-132.030181885, 71.5681686401, -9.24039173126, -21.9303874969, 54.3594436646, 50.6699371338, 197.640670776, 57.9448051453, 20.5734882355, 2.64127707481, 24.7184448242, 10.464381218, -0.507396936417], [278.059356689, -43.5821456909, -47.8093223572, 37.0965080261, -1.67622494698, 40.269405365, 57.9448051453, 132.701278687, 50.0871047974, 5.83070135117, -0.849104225636, -8.841173172, -9.9539937973], [-349.900482178, 115.471405029, -36.28748703, 4.70634365082, 49.2773132324, -17.764629364, 20.5734882355, 50.0871047974, 129.024261475, 44.5951805115, 45.3253479004, -1.42348957062, 22.6947154999], [-184.861785889, -53.6599006653, 35.7042121887, -48.6196174622, 10.5015420914, -3.60516166687, 2.64127707481, 5.83070135117, 44.5951805115, 95.4671707153, 36.0365982056, 18.6410675049, -2.4799592495], [-576.989929199, 208.632247925, -36.0108184814, -15.4416351318, 9.7420759201, -34.8914871216, 24.7184448242, -0.849104225636, 45.3253479004, 36.0365982056, 136.73664856, 41.4309425354, 25.9708786011], [-232.231216431, -3.26300835609, 23.434419632, -34.3663597107, 5.12004518509, -29.8825130463, 10.464381218, -8.841173172, -1.42348957062, 18.6410675049, 41.4309425354, 80.2028045654, 32.3765525818], [-300.826477051, 94.4028167725, -13.4078149796, 3.626693964, 18.4321594238, -19.0442466736, -0.507396936417, -9.9539937973, 22.6947154999, -2.4799592495, 25.9708786011, 32.3765525818, 82.7195510864]],
        "icov": [[0.000109044281999, -0.000212870101677, 0.00017261042376, -0.000246807205258, 6.89863882144e-05, -0.000328780559357, 0.00017076714721, -0.000257227366092, 0.000370833324268, -0.000463688920718, 0.000744435179513, -0.000452257576399, 0.000384971237509], [-0.000212870101677, 0.00220414623618, 0.0002820569498, 0.000326015317114, -0.000523612834513, 0.00124797015451, -0.00107325555291, 0.00184055429418, -0.00182101421524, 0.00278766802512, -0.00415964657441, 0.00254544918425, -0.00174642389175], [0.00017261042376, 0.0002820569498, 0.00283998111263, -0.000691029010341, -0.00103717728052, 8.71615120559e-05, -3.243622632e-05, 0.000516284315381, 0.00125981972087, -0.0016919033369, 0.00126395595726, -0.000973694201093, 0.000697472307365], [-0.000246807205258, 0.000326015317114, -0.000691029010341, 0.00406215945259, -0.000202213544981, -0.000525881187059, 0.000768505327869, -0.000605375447776, -0.001211995841, 0.00307122524828, -0.00224305968732, 0.00183684681542, -0.0012939888984], [6.89863882144e-05, -0.000523612834513, -0.00103717728052, -0.000202213544981, 0.00625424971804, -0.000320513703628, -0.0017514503561, 0.00140464189462, -0.00305179599673, 0.000295203266433, 0.0017621316947, -0.000761883333325, -2.88302744593e-05], [-0.000328780559357, 0.00124797015451, 8.71615120559e-05, -0.000525881187059, -0.000320513703628, 0.0065918317996, -0.00237374962308, 0.000221663794946, 0.000454920256743, -7.11497632437e-05, -0.0020283816848, 0.00346966017969, -0.00182971509639], [0.00017076714721, -0.00107325555291, -3.243622632e-05, 0.000768505327869, -0.0017514503561, -0.00237374962308, 0.00791971106082, -0.00444297958165, 0.00191062083468, -0.000277277547866, 0.000320535502397, -0.00212340964936, 0.00136259000283], [-0.000257227366092, 0.00184055429418, 0.000516284315381, -0.000605375447776, 0.00140464189462, 0.000221663794946, -0.00444297958165, 0.0140176359564, -0.00833621341735, 0.00357643188909, -0.00149087596219, 0.000344417087035, 0.00119943975005], [0.000370833324268, -0.00182101421524, 0.00125981972087, -0.001211995841, -0.00305179599673, 0.000454920256743, 0.00191062083468, -0.00833621341735, 0.0189478974789, -0.0103759709746, 0.000638809753582, 0.00312059605494, -0.00345402956009], [-0.000463688920718, 0.00278766802512, -0.0016919033369, 0.00307122524828, 0.000295203266433, -7.11497632437e-05, -0.000277277547866, 0.00357643188909, -0.0103759709746, 0.0212839469314, -0.00862606149167, -0.000259719759924, 0.00136466382537], [0.000744435179513, -0.00415964657441, 0.00126395595726, -0.00224305968732, 0.0017621316947, -0.0020283816848, 0.000320535502397, -0.00149087596219, 0.000638809753582, -0.00862606149167, 0.020723156631, -0.0107111511752, 0.00397276272997], [-0.000452257576399, 0.00254544918425, -0.000973694201093, 0.00183684681542, -0.000761883333325, 0.00346966017969, -0.00212340964936, 0.000344417087035, 0.00312059605494, -0.000259719759924, -0.0107111511752, 0.0239441115409, -0.0106638539582], [0.000384971237509, -0.00174642389175, 0.000697472307365, -0.0012939888984, -2.88302744593e-05, -0.00182971509639, 0.00136259000283, 0.00119943975005, -0.00345402956009, 0.00136466382537, 0.00397276272997, -0.0106638539582, 0.0193049050868]]
    },
    "melbands": {
        "mean": [0.00356801436283, 0.00434076180682, 0.00232460047118, 0.000819598441012, 0.000291769392788, 0.000200554088224, 0.000198632813408, 0.000111770554213, 0.00023176742252, 0.000189941405552, 0.000219756213482, 0.000117515206512, 5.72629869566e-05, 5.4389674915e-05, 9.53964336077e-05, 6.19259735686e-05, 8.02095019026e-05, 6.61129233777e-05, 3.80012024834e-05, 3.75241979782e-05, 2.10869820876e-05, 2.73473251582e-05, 2.89739746222e-05, 2.2275147785e-05, 1.34232705022e-05, 1.09150651042e-05, 1.21838920677e-05, 9.48349133978e-06, 6.10676625001e-06, 6.70094823363e-06, 5.96668814978e-06, 6.35559763396e-06, 4.38581764683e-06, 3.92493893742e-06, 2.92466052088e-06, 2.5733147595e-06, 2.34517256104e-06, 1.81550592515e-06, 1.27242662984e-06, 7.68316283484e-07]
    },
    "melbands128": {
        "mean": [0.000523984781466, 0.00277590868063, 0.00485427724198, 0.00510458555073, 0.00498653482646, 0.00310042826459, 0.00264993892051, 0.00251111527905, 0.00125949690118, 0.000822471978609, 0.000444932287792, 0.000218556786422, 0.000301684165606, 0.0003189467825, 0.000159020986757, 0.000136832983117, 0.000236639840296, 0.000193657877389, 0.000197264991584, 0.000106371357106, 8.42128356453e-05, 7.05343918526e-05, 0.00030099353171, 0.000355126074282, 0.000154042078066, 0.00016217661323, 0.000141172189615, 0.000283726782072, 0.000240763896727, 0.000100153891253, 0.00010404249042, 8.37430343381e-05, 4.12729059462e-05, 5.54069847567e-05, 3.23740678141e-05, 4.98530826007e-05, 8.82478198037e-05, 0.00014747979003, 5.15663523402e-05, 5.67725364817e-05, 8.05550153018e-05, 3.84418126487e-05, 8.06346870377e-05, 9.95320442598e-05, 8.70114308782e-05, 6.0568752815e-05, 4.14671631006e-05, 4.43175704277e-05, 3.23912790918e-05, 2.71285462077e-05, 5.21692963957e-05, 3.1853429391e-05, 1.64993289218e-05, 1.90211139852e-05, 2.30250552704e-05, 2.91449086944e-05, 3.08424641844e-05, 2.51654128078e-05, 3.05037738144e-05, 3.29414033331e-05, 2.03133622563e-05, 1.63894674188e-05, 1.52055890794e-05, 1.30278504002e-05, 9.831323041e-06, 1.08630092654e-05, 1.08562362584e-05, 1.28905821839e-05, 1.29886420837e-05, 1.01341738628e-05, 1.10111459435e-05, 8.49468415254e-06, 5.7215797824e-06, 5.75574540562e-06, 6.43077055429e-06, 6.23082041784e-06, 7.77618242864e-06, 5.64276388104e-06, 5.31009163751e-06, 6.54665973343e-06, 7.15736950951e-06, 5.99722307015e-06, 5.15495867148e-06, 3.64746233572e-06, 4.56081079392e-06, 4.10831762565e-06, 3.86640067518e-06, 3.22768892147e-06, 2.91191645374e-06, 2.60825959231e-06, 2.59858779827e-06, 2.54964197666e-06, 2.56360567619e-06, 2.45789237852e-06, 2.1672569801e-06, 1.89422360108e-06, 1.72508293872e-06, 1.74259389496e-06, 1.31264164338e-06, 1.04958598968e-06, 8.70673204645e-07, 7.65344282172e-07, 5.79970333092e-07, 5.15394049216e-07, 4.66806852728e-07, 3.18033698932e-07, 2.74038853831e-07, 2.22582798415e-07, 2.01665329769e-07, 1.55833930648e-07, 1.44675183833e-07, 1.32799769403e-07, 1.08903932983e-07, 1.16782850057e-07, 1.18094249046e-07, 1.02110647049e-07, 8.07597828612e-08, 7.88643674809e-08, 6.98983697589e-08, 5.53520038693e-08, 5.19076799321e-08, 4.10418152796e-08, 2.92408408598e-08, 2.2110437925e-08, 1.9402937923e-08, 1.57149742108e-08, 1.37058595584e-08, 1.28187140902e-08]
    },
    "mfcc": {
        "mean": [-621.928039551, 108.825241089, 7.43148517609, 28.5533847809, 11.8580904007, 17.2702903748, 6.05364990234, 12.923456192, 2.55498313904, 5.40678834915, 3.64402651787, 2.03646397591, -5.27540063858],
        "cov": [[10663.7744141, -285.625518799, 67.0167007446, 169.208740234, 158.156555176, 375.183624268, 223.404312134, 308.16796875, 233.636016846, 160.522079468, 57.3098106384, -121.067672729, -274.236938477], [-285.625518799, 1125.57580566, -165.945358276, 91.7231750488, 20.024055481, -7.54202032089, 4.97799301147, 24.0255813599, -60.7621040344, 7.38919830322, 24.0250549316, 49.2223510742, 57.1285476685], [67.0167007446, -165.945358276, 336.052612305, 19.1895236969, 24.8600597382, 30.8888072968, 6.7663564682, -38.8379211426, -12.9695596695, -30.8410758972, -24.1144790649, -0.146211877465, 10.7420740128], [169.208740234, 91.7231750488, 19.1895236969, 249.589141846, 58.0414657593, -4.50447893143, -7.49059963226, 27.0345172882, 6.45636224747, 2.57964611053, -11.1653966904, 8.50943279266, 22.8602848053], [158.156555176, 20.024055481, 24.8600597382, 58.0414657593, 165.916717529, 31.4383430481, -31.4637756348, -10.1195049286, 10.6316404343, 25.2119483948, -19.7915706635, -4.5587310791, 12.4161071777], [375.183624268, -7.54202032089, 30.8888072968, -4.50447893143, 31.4383430481, 142.750167847, 52.5228385925, 7.82862997055, 19.5640392303, 3.62031745911, 8.6449136734, -6.10241413116, -22.4489765167], [223.404312134, 4.97799301147, 6.7663564682, -7.49059963226, -31.4637756348, 52.5228385925, 127.983589172, 59.3773269653, 15.1729574203, 1.79107248783, 21.5710201263, 6.29569673538, -14.8377656937], [308.16796875, 24.0255813599, -38.8379211426, 27.0345172882, -10.1195049286, 7.82862997055, 59.3773269653, 119.21421814, 39.0552024841, 27.2407474518, 19.5937709808, 5.20658111572, -11.5550918579], [233.636016846, -60.7621040344, -12.9695596695, 6.45636224747, 10.6316404343, 19.5640392303, 15.1729574203, 39.0552024841, 105.289512634, 41.459815979, 9.92128562927, -4.52889251709, -20.814825058], [160.522079468, 7.38919830322, -30.8410758972, 2.57964611053, 25.2119483948, 3.62031745911, 1.79107248783, 27.2407474518, 41.459815979, 108.069625854, 38.1086082458, 7.40668773651, -11.8561983109], [57.3098106384, 24.0250549316, -24.1144790649, -11.1653966904, -19.7915706635, 8.6449136734, 21.5710201263, 19.5937709808, 9.92128562927, 38.1086082458, 83.9512405396, 32.5766716003, 2.44839286804], [-121.067672729, 49.2223510742, -0.146211877465, 8.50943279266, -4.5587310791, -6.10241413116, 6.29569673538, 5.20658111572, -4.52889251709, 7.40668773651, 32.5766716003, 81.1896514893, 40.6158828735], [-274.236938477, 57.1285476685, 10.7420740128, 22.8602848053, 12.4161071777, -22.4489765167, -14.8377656937, -11.5550918579, -20.814825058, -11.8561983109, 2.44839286804, 40.6158828735, 87.6030273438]],
        "icov": [[0.000121428973216, 2.07328739634e-05, -3.10581890517e-05, -7.41309195291e-05, -6.82337413309e-05, -0.000242004709435, 3.14110075124e-05, -0.000263904687017, -3.46112974512e-05, -4.15214744862e-05, -5.22122900293e-05, 5.68211544305e-05, 0.000269197305897], [2.07328739634e-05, 0.00109783431981, 0.000598393788096, -0.00040381544386, -8.57833874761e-05, -0.000258825602941, -8.36206454551e-05, -0.000180125018233, 0.000799143861514, -0.000170684361365, -1.48662247739e-05, -0.000337576115271, -0.000387409818359], [-3.10581890517e-05, 0.000598393788096, 0.00368116842583, -0.000496119551826, -0.000382254831493, -0.000559345062356, -0.000887344358489, 0.00137556763366, 0.000282358232653, 0.00047413687571, 0.000658769800793, -0.000452750158729, -0.000544638780411], [-7.41309195291e-05, -0.00040381544386, -0.000496119551826, 0.00491126487032, -0.00159941450693, 0.000577423954383, 0.000410607986851, -0.00154769839719, -0.000277230137726, 0.000499313464388, 0.000375242845621, -0.000120530967251, -0.000902339059394], [-6.82337413309e-05, -8.57833874761e-05, -0.000382254831493, -0.00159941450693, 0.00883006397635, -0.00316697382368, 0.00283210282214, 3.25753608195e-05, 6.89072840032e-05, -0.0032224804163, 0.00282887229696, 0.000263186811935, -0.00189333548769], [-0.000242004709435, -0.000258825602941, -0.000559345062356, 0.000577423954383, -0.00316697382368, 0.0108604151756, -0.00536843854934, 0.00271016405895, -0.00167569192126, 0.00133111898322, -0.00145558523946, 8.87638816494e-05, 0.00179076904897], [3.14110075124e-05, -8.36206454551e-05, -0.000887344358489, 0.000410607986851, 0.00283210282214, -0.00536843854934, 0.0142546566203, -0.00717827863991, 0.000865272886585, 0.00101406732574, -0.00130480527878, -0.000611271127127, 0.00050767546054], [-0.000263904687017, -0.000180125018233, 0.00137556763366, -0.00154769839719, 3.25753608195e-05, 0.00271016405895, -0.00717827863991, 0.0148939555511, -0.00369449658319, -0.00134267855901, -0.000324702152284, -0.000290643743938, 4.94273663207e-05], [-3.46112974512e-05, 0.000799143861514, 0.000282358232653, -0.000277230137726, 6.89072840032e-05, -0.00167569192126, 0.000865272886585, -0.00369449658319, 0.0135111743584, -0.00437668804079, 0.00121810508426, -0.000522119109519, 0.00145428697579], [-4.15214744862e-05, -0.000170684361365, 0.00047413687571, 0.000499313464388, -0.0032224804163, 0.00133111898322, 0.00101406732574, -0.00134267855901, -0.00437668804079, 0.0147469434887, -0.00690370053053, 0.000299035687931, 0.0015956213465], [-5.22122900293e-05, -1.48662247739e-05, 0.000658769800793, 0.000375242845621, 0.00282887229696, -0.00145558523946, -0.00130480527878, -0.000324702152284, 0.00121810508426, -0.00690370053053, 0.0192558709532, -0.007404002361, 0.000879431376234], [5.68211544305e-05, -0.000337576115271, -0.000452750158729, -0.000120530967251, 0.000263186811935, 8.87638816494e-05, -0.000611271127127, -0.000290643743938, -0.000522119109519, 0.000299035687931, -0.007404002361, 0.0200424641371, -0.00884049013257], [0.000269197305897, -0.000387409818359, -0.000544638780411, -0.000902339059394, -0.00189333548769, 0.00179076904897, 0.00050767546054, 4.94273663207e-05, 0.00145428697579, 0.0015956213465, 0.000879431376234, -0.00884049013257, 0.0182681679726]]
    },
    "spectral_contrast_coeffs": {
        "mean": [-0.713940739632, -0.761646926403, -0.774387955666, -0.799971580505, -0.793219149113, -0.759991109371]
    },
    "spectral_contrast_valleys": {
        "mean": [-6.41292190552, -7.00485610962, -7.35554122925, -7.46222400665, -7.43939971924, -9.91608810425]
    }
},
"rhythm": {
    "beats_count": 426,
    "beats_loudness": {
        "mean": 0.0601699873805
    },
    "bpm": 122.084838867,
    "bpm_histogram_first_peak_bpm": 123,
    "bpm_histogram_first_peak_weight": 0.380722880363,
    "bpm_histogram_second_peak_bpm": 117,
    "bpm_histogram_second_peak_spread": 0.285714268684,
    "bpm_histogram_second_peak_weight": 0.0117647061124,
    "danceability": 1.23645365238,
    "onset_rate": 3.36076974869,
    "beats_loudness_band_ratio": {
        "mean": [0.708144187927, 0.0670294091105, 0.0769193693995, 0.0754094719887, 0.0503462702036, 0.0437647141516]
    },
    "beats_position": [0.510838985443, 1.03328800201, 1.55573689938, 2.0549659729, 2.55419492722, 3.04181408882, 3.52943301201, 4.02866220474, 4.52789115906, 5.01551008224, 5.50312900543, 5.99074840546, 6.48997735977, 6.98920631409, 7.47682523727, 7.96444416046, 8.45206356049, 8.95129203796, 9.45052146912, 9.93814086914, 10.4257593155, 10.9133787155, 11.4009971619, 11.900226593, 12.3994560242, 12.8870744705, 13.3746938705, 13.8623123169, 14.361541748, 14.8607711792, 15.3483896255, 15.8360090256, 16.3236274719, 16.8112468719, 17.3104763031, 17.8097057343, 18.2973232269, 18.784942627, 19.272562027, 19.760181427, 20.2594108582, 20.758638382, 21.246257782, 21.733877182, 22.221496582, 22.7207260132, 23.219953537, 23.707572937, 24.195192337, 24.6944217682, 25.1936511993, 25.681268692, 26.168888092, 26.6565074921, 27.1441268921, 27.6317462921, 28.1309738159, 28.6302032471, 29.1178226471, 29.6054420471, 30.0930614471, 30.5922889709, 31.0915184021, 31.5791378021, 32.0667572021, 32.5543746948, 33.0419960022, 33.5412254333, 34.0404510498, 34.5280723572, 35.0156898499, 35.5033111572, 35.9909286499, 36.4901580811, 36.9893875122, 37.4770050049, 37.9646263123, 38.4638557434, 38.9514732361, 39.4507026672, 39.9383201599, 40.4259414673, 40.91355896, 41.4127883911, 41.9120178223, 42.3996353149, 42.8872566223, 43.374874115, 43.8624954224, 44.3617210388, 44.8493423462, 45.3485717773, 45.83618927, 46.3238105774, 46.8114280701, 47.322265625, 47.8098869324, 48.297504425, 48.7851219177, 49.2727432251, 49.7719726562, 50.2595901489, 50.7588195801, 51.2464370728, 51.7340583801, 52.2216758728, 52.7092971802, 53.2085266113, 53.7077522278, 54.1953735352, 54.6829910278, 55.1706123352, 55.6698417664, 56.1690673828, 56.6566886902, 57.1443061829, 57.6319274902, 58.1311569214, 58.6303825378, 59.1180038452, 59.6056213379, 60.104850769, 60.6040802002, 61.0916976929, 61.5793190002, 62.0669364929, 62.5545578003, 63.042175293, 63.5414047241, 64.0406341553, 64.5282516479, 65.0158691406, 65.5034942627, 66.0027160645, 66.4903411865, 66.9895706177, 67.4771881104, 67.964805603, 68.4524230957, 68.9516525269, 69.450881958, 69.9384994507, 70.4261245728, 70.9137420654, 71.4129714966, 71.9122009277, 72.3998184204, 72.8874359131, 73.3750534058, 73.8626708984, 74.3502960205, 74.8495254517, 75.3487548828, 75.8363723755, 76.3239898682, 76.8116073608, 77.2992248535, 77.7984542847, 78.2744674683, 78.7853012085, 79.2845306396, 79.7837600708, 80.2713851929, 80.7590026855, 81.2466201782, 81.7342376709, 82.2218551636, 82.7210845947, 83.2203140259, 83.7079315186, 84.1955566406, 84.6831741333, 85.170791626, 85.6700210571, 86.1692504883, 86.656867981, 87.1444854736, 87.6437149048, 88.1429443359, 88.6305618286, 89.1181869507, 89.6058044434, 90.093421936, 90.5926513672, 91.0918807983, 91.579498291, 92.0671157837, 92.5547409058, 93.0423583984, 93.5299758911, 94.0292053223, 94.5284347534, 95.0160522461, 95.5152816772, 96.0028991699, 96.5021286011, 96.9897460938, 97.4773712158, 97.9649887085, 98.4526062012, 98.9402236938, 99.439453125, 99.9386825562, 100.426300049, 100.913917542, 101.401542664, 101.889160156, 102.388389587, 102.887619019, 103.38684845, 103.874465942, 104.373695374, 104.861312866, 105.348930359, 105.836547852, 106.324172974, 106.823402405, 107.322631836, 107.810249329, 108.297866821, 108.785484314, 109.284713745, 109.783943176, 110.271560669, 110.759178162, 111.246803284, 111.734420776, 112.222038269, 112.7212677, 113.220497131, 113.708114624, 114.195732117, 114.683357239, 115.18258667, 115.670204163, 116.169433594, 116.657051086, 117.144668579, 117.632286072, 118.131515503, 118.630744934, 119.118362427, 119.605987549, 120.093605042, 120.581222534, 121.080451965, 121.579681396, 122.067298889, 122.554916382, 123.054145813, 123.553375244, 124.040992737, 124.528617859, 125.016235352, 125.503852844, 125.991470337, 126.490699768, 126.989929199, 127.477546692, 127.965164185, 128.452789307, 128.952011108, 129.451248169, 129.938858032, 130.426483154, 130.914108276, 131.40171814, 131.9009552, 132.400177002, 132.887802124, 133.375411987, 133.863037109, 134.350662231, 134.849884033, 135.349105835, 135.836730957, 136.324356079, 136.811965942, 137.311203003, 137.798812866, 138.298049927, 138.78565979, 139.273284912, 139.760910034, 140.271743774, 140.759368896, 141.24697876, 141.734603882, 142.222213745, 142.721450806, 143.220672607, 143.708297729, 144.195922852, 144.683532715, 145.171157837, 145.6587677, 146.158004761, 146.645614624, 147.144851685, 147.632461548, 148.131698608, 148.63092041, 149.118545532, 149.606170654, 150.093780518, 150.593017578, 151.09223938, 151.579864502, 152.067474365, 152.555099487, 153.042724609, 153.530334473, 154.029571533, 154.517181396, 155.016418457, 155.50402832, 155.991653442, 156.490875244, 156.990112305, 157.477722168, 157.96534729, 158.452972412, 158.940582275, 159.439819336, 159.939041138, 160.42666626, 160.914276123, 161.401901245, 161.901138306, 162.400360107, 162.887985229, 163.375595093, 163.863220215, 164.350830078, 164.850067139, 165.34928894, 165.836914062, 166.324539185, 166.812149048, 167.311386108, 167.81060791, 168.298233032, 168.785842896, 169.273468018, 169.761077881, 170.260314941, 170.759536743, 171.247161865, 171.734786987, 172.222396851, 172.710021973, 173.209243774, 173.708480835, 174.196090698, 174.68371582, 175.171340942, 175.670562744, 176.169799805, 176.657409668, 177.14503479, 177.632644653, 178.131881714, 178.619491577, 179.118728638, 179.606338501, 180.105575562, 180.581588745, 181.080810547, 181.580047607, 182.067657471, 182.555282593, 183.042892456, 183.530517578, 184.029754639, 184.52897644, 185.016601562, 185.504211426, 185.991836548, 186.49105835, 186.99029541, 187.477905273, 187.965530396, 188.453155518, 188.952377319, 189.451599121, 189.939224243, 190.426849365, 190.914459229, 191.402084351, 191.901306152, 192.400543213, 192.888153076, 193.375778198, 193.86340332, 194.362625122, 194.861862183, 195.349472046, 195.837097168, 196.324707031, 196.812332153, 197.311553955, 197.810791016, 198.298416138, 198.786026001, 199.273651123, 199.772872925, 200.260498047, 200.74810791, 201.247344971, 201.746566772, 202.210968018, 202.675369263, 203.139770508, 203.650604248, 204.149841309, 204.660675049, 205.159912109, 205.659133911, 206.158370972, 206.634368896, 207.11038208, 207.586395264, 208.062393188, 208.538406372, 209.014419556, 209.490432739],
    "bpm_histogram": [0, 0, 0, 0, 0, 0, 0, 0, 0, 0, 0, 0, 0, 0, 0, 0, 0, 0, 0, 0, 0, 0, 0, 0, 0, 0, 0, 0, 0, 0, 0, 0, 0, 0, 0, 0, 0, 0, 0, 0, 0, 0, 0, 0, 0, 0, 0, 0, 0, 0, 0, 0, 0, 0, 0, 0, 0, 0, 0, 0, 0, 0, 0, 0, 0, 0, 0, 0, 0, 0, 0, 0, 0, 0, 0, 0, 0, 0, 0, 0, 0, 0, 0, 0, 0, 0, 0, 0, 0, 0, 0, 0, 0, 0, 0, 0, 0, 0, 0, 0, 0, 0, 0, 0, 0, 0, 0, 0, 0, 0, 0, 0, 0, 0, 0, 0.00470588216558, 0, 0.0117647061124, 0, 0, 0.350588232279, 0, 0, 0.604705870152, 0, 0, 0.0211764704436, 0, 0, 0.0070588234812, 0, 0, 0, 0, 0, 0, 0, 0, 0, 0, 0, 0, 0, 0, 0, 0, 0, 0, 0, 0, 0, 0, 0, 0, 0, 0, 0, 0, 0, 0, 0, 0, 0, 0, 0, 0, 0, 0, 0, 0, 0, 0, 0, 0, 0, 0, 0, 0, 0, 0, 0, 0, 0, 0, 0, 0, 0, 0, 0, 0, 0, 0, 0, 0, 0, 0, 0, 0, 0, 0, 0, 0, 0, 0, 0, 0, 0, 0, 0, 0, 0, 0, 0, 0, 0, 0, 0, 0, 0, 0, 0, 0, 0, 0, 0, 0, 0, 0, 0, 0, 0, 0, 0, 0, 0, 0, 0, 0, 0, 0, 0, 0, 0, 0, 0, 0, 0, 0, 0, 0]
},
"tonal": {
    "chords_changes_rate": 0.0490607731044,
    "chords_number_rate": 0.00176795583684,
    "chords_strength": {
        "mean": 0.519967257977
    },
    "hpcp_crest": {
        "mean": 13.8522586823
    },
    "hpcp_entropy": {
        "mean": 1.97029161453
    },
    "key_edma": {
        "strength": 0.81093788147,
        "key": "Ab",
        "scale": "major"
    },
    "key_krumhansl": {
        "strength": 0.812520444393,
        "key": "Ab",
        "scale": "major"
    },
    "key_temperley": {
        "strength": 0.812690734863,
        "key": "Ab",
        "scale": "major"
    },
    "tuning_diatonic_strength": 0.718295514584,
    "tuning_equal_tempered_deviation": 0.279340147972,
    "tuning_frequency": 434.193115234,
    "tuning_nontempered_energy_ratio": 0.963313698769,
    "hpcp": {
        "mean": [0.0990660563111, 0.071019269526, 0.0685445070267, 0.128869116306, 0.16961248219, 0.101346045732, 0.0463953055441, 0.0465716347098, 0.0524754673243, 0.0658493116498, 0.0618144236505, 0.040070194751, 0.0309878010303, 0.0276283994317, 0.0328849442303, 0.0543840005994, 0.0798135101795, 0.124006912112, 0.25852432847, 0.318845570087, 0.194316729903, 0.084895029664, 0.0538728386164, 0.0541789568961, 0.0861018449068, 0.0911901071668, 0.0544369034469, 0.0406824313104, 0.0390412136912, 0.0437968485057, 0.0849404111505, 0.10398504138, 0.0862377434969, 0.20238392055, 0.39408621192, 0.2934499681]
    },
    "chords_histogram": [43.5580101013, 4.90607738495, 22.0552482605, 0.154696136713, 10.0773477554, 0, 0, 0.552486181259, 0, 0, 0, 0, 0, 0, 0, 0.5082873106, 0, 9.61325931549, 0, 1.70165741444, 0, 0.265193372965, 1.14917123318, 5.45856332779],
    "thpcp": [1, 0.74463391304, 0.251381695271, 0.180212527514, 0.173932775855, 0.32700741291, 0.430394351482, 0.257167190313, 0.117728821933, 0.1181762591, 0.133157327771, 0.167093664408, 0.156855076551, 0.101678751409, 0.0786320343614, 0.0701074972749, 0.0834460631013, 0.138000264764, 0.202528044581, 0.314669489861, 0.656009554863, 0.809075653553, 0.493081778288, 0.215422481298, 0.136703178287, 0.137479960918, 0.218484789133, 0.231396347284, 0.138134509325, 0.103232316673, 0.0990676954389, 0.111135199666, 0.215537637472, 0.263863682747, 0.218829631805, 0.513552427292],
    "chords_key": "Ab",
    "chords_scale": "major"
}
}