{
"metadata": {
    "version": {
        "essentia": "2.1-beta6-dev",
        "essentia_git_sha": "v2.1_beta5-1177-g1d1cc983",
        "extractor": "music 2.0"
    },
    "audio_properties": {
        "analysis": {
            "equal_loudness": 0,
            "length": 211.983337402,
            "sample_rate": 44100,
            "start_time": 0,
            "downmix": "mix"
        },
        "bit_rate": 1411200,
        "length": 211.983337402,
        "lossless": 1,
        "number_channels": 2,
        "replay_gain": -14.8522853851,
        "sample_rate": 44100,
        "codec": "pcm_s16le",
        "md5_encoded": "510907eea20cff79655194249e5aed75"
    },
    "tags": {
        "file_name": "03 - The Front Bottoms - Swear To God The Devil Made Me Do It.wav",
        "album": ["Talon Of The Hawk"],
        "albumartist": ["The Front Bottoms"],
        "artist": ["The Front Bottoms"],
        "copyright": ["2013 Bar None Records 2013 Bar None Records"],
        "date": ["2013"],
        "discnumber": ["1"],
        "disctotal": ["1"],
        "genre": ["Rock"],
        "isrc": ["US37V1322203"],
        "title": ["Swear To God The Devil Made Me Do It"],
        "tracknumber": ["3"],
        "tracktotal": ["12"]
    }
},
"lowlevel": {
    "average_loudness": 0.963651537895,
    "barkbands_crest": {
        "mean": 9.43576049805
    },
    "barkbands_flatness_db": {
        "mean": 0.131992146373
    },
    "barkbands_kurtosis": {
        "mean": 10.8940858841
    },
    "barkbands_skewness": {
        "mean": 1.5481659174
    },
    "barkbands_spread": {
        "mean": 20.0844211578
    },
    "dissonance": {
        "mean": 0.464183211327
    },
    "dynamic_complexity": 2.99940872192,
    "erbbands_crest": {
        "mean": 8.67534828186
    },
    "erbbands_flatness_db": {
        "mean": 0.136771485209
    },
    "erbbands_kurtosis": {
        "mean": 0.362760663033
    },
    "erbbands_skewness": {
        "mean": 0.300288170576
    },
    "erbbands_spread": {
        "mean": 39.4954605103
    },
    "hfc": {
        "mean": 25.9712562561
    },
    "loudness_ebu128": {
        "integrated": -7.43836402893,
        "loudness_range": 3.0790643692,
        "momentary": {
            "mean": -8.87475395203
        },
        "short_term": {
            "mean": -8.03750038147
        }
    },
    "melbands_crest": {
        "mean": 13.092256546
    },
    "melbands_flatness_db": {
        "mean": 0.214077934623
    },
    "melbands_kurtosis": {
        "mean": 13.6905651093
    },
    "melbands_skewness": {
        "mean": 2.75110316277
    },
    "melbands_spread": {
        "mean": 20.3704452515
    },
    "pitch_salience": {
        "mean": 0.568447947502
    },
    "silence_rate_20dB": {
        "mean": 1
    },
    "silence_rate_30dB": {
        "mean": 0.999342918396
    },
    "silence_rate_60dB": {
        "mean": 0.0266126375645
    },
    "spectral_centroid": {
        "mean": 1116.69873047
    },
    "spectral_complexity": {
        "mean": 22.6945571899
    },
    "spectral_decrease": {
        "mean": -1.05050119714e-08
    },
    "spectral_energy": {
        "mean": 0.0420039333403
    },
    "spectral_energyband_high": {
        "mean": 0.000923391024116
    },
    "spectral_energyband_low": {
        "mean": 0.0170416012406
    },
    "spectral_energyband_middle_high": {
        "mean": 0.00677949516103
    },
    "spectral_energyband_middle_low": {
        "mean": 0.0197941828519
    },
    "spectral_entropy": {
        "mean": 7.51793861389
    },
    "spectral_flux": {
        "mean": 0.10106087476
    },
    "spectral_kurtosis": {
        "mean": 5.77866888046
    },
    "spectral_rms": {
        "mean": 0.00612099515274
    },
    "spectral_rolloff": {
        "mean": 1380.26318359
    },
    "spectral_skewness": {
        "mean": 1.83213329315
    },
    "spectral_spread": {
        "mean": 5019016.5
    },
    "spectral_strongpeak": {
        "mean": 0.824729800224
    },
    "zerocrossingrate": {
        "mean": 0.061652418226
    },
    "barkbands": {
        "mean": [0.000197988760192, 0.00822404772043, 0.0061837262474, 0.00431591970846, 0.00692177191377, 0.00167069945019, 0.00227807532065, 0.00186573597603, 0.00251143914647, 0.00114919873886, 0.00131360744126, 0.000636602751911, 0.000819484353997, 0.0004866188101, 0.000671738933306, 0.000572680903133, 0.000531312194653, 0.000324460008414, 0.000280345848296, 0.000249515956966, 0.000186339064385, 9.00587110664e-05, 0.000127728097141, 0.000161086325534, 0.000139304102049, 7.9810153693e-05, 1.43833804032e-05]
    },
    "erbbands": {
        "mean": [0.173645868897, 2.08481550217, 6.89668321609, 11.8965740204, 18.1674633026, 25.004278183, 16.8515625, 13.4436683655, 27.7166633606, 37.0963630676, 43.0989227295, 59.3936538696, 37.7784004211, 42.7337760925, 50.7199707031, 25.0988273621, 40.8606071472, 21.8560962677, 34.0706481934, 31.9906291962, 37.5788345337, 28.4671192169, 19.5651130676, 13.6179599762, 15.3710622787, 11.4600725174, 9.30670547485, 5.91785669327, 3.26398634911, 3.25196361542, 3.75508236885, 3.43683195114, 2.5964422226, 1.65619909763, 0.965753912926, 0.530514538288, 0.0903996005654, 0.0184544809163, 0.00272888876498, 0.00013547182607]
    },
    "gfcc": {
        "mean": [21.935503006, 94.2244796753, -96.1037979126, 24.2492847443, -45.9027519226, 10.9103555679, -37.1061286926, 12.4429397583, -24.4643993378, 0.00628792913631, -19.1862010956, -4.32237291336, -11.5012407303],
        "cov": [[21157.0253906, 849.54888916, -1655.01794434, 227.614562988, -661.447753906, 15.1828813553, -663.599609375, 297.024902344, -772.265869141, 156.28565979, -760.103820801, 78.9448394775, -259.711395264], [849.54888916, 1568.94934082, -350.639648438, -12.3717222214, 141.856140137, -24.0214195251, 93.9791870117, 13.7834186554, 64.5206756592, -85.994758606, 103.437690735, -48.2136764526, 32.9696044922], [-1655.01794434, -350.639648438, 642.267333984, 30.3844642639, 46.1151313782, 57.3241539001, 27.6705513, -51.1935157776, 28.5287857056, 40.2133407593, 11.7680530548, 37.329574585, -12.4110488892], [227.614562988, -12.3717222214, 30.3844642639, 313.329193115, -14.7662239075, -15.7248735428, -16.0835227966, -10.1619176865, 28.0773048401, -1.82696402073, 5.76312494278, -7.14414548874, -2.21362328529], [-661.447753906, 141.856140137, 46.1151313782, -14.7662239075, 221.826599121, 8.94358825684, 27.5217876434, 3.67217993736, 38.8784332275, 7.91853618622, 26.0975379944, 13.0305690765, 3.41707038879], [15.1828813553, -24.0214195251, 57.3241539001, -15.7248735428, 8.94358825684, 196.509643555, 87.5844573975, -24.5970306396, -35.5793991089, -17.4231834412, 15.4594192505, -5.60950183868, 4.55907583237], [-663.599609375, 93.9791870117, 27.6705513, -16.0835227966, 27.5217876434, 87.5844573975, 201.439025879, 19.8385696411, -4.41159152985, -36.2991027832, 36.0349311829, -8.23204803467, 12.3618125916], [297.024902344, 13.7834186554, -51.1935157776, -10.1619176865, 3.67217993736, -24.5970306396, 19.8385696411, 128.934936523, 39.2441940308, -0.0612851679325, -16.4892635345, 0.644503831863, 2.19136619568], [-772.265869141, 64.5206756592, 28.5287857056, 28.0773048401, 38.8784332275, -35.5793991089, -4.41159152985, 39.2441940308, 150.740753174, 19.8886508942, 36.4711418152, -13.9418020248, 10.288939476], [156.28565979, -85.994758606, 40.2133407593, -1.82696402073, 7.91853618622, -17.4231834412, -36.2991027832, -0.0612851679325, 19.8886508942, 86.5532302856, 2.33787965775, 11.2510290146, -11.2937002182], [-760.103820801, 103.437690735, 11.7680530548, 5.76312494278, 26.0975379944, 15.4594192505, 36.0349311829, -16.4892635345, 36.4711418152, 2.33787965775, 104.520477295, 9.06536102295, 19.0829105377], [78.9448394775, -48.2136764526, 37.329574585, -7.14414548874, 13.0305690765, -5.60950183868, -8.23204803467, 0.644503831863, -13.9418020248, 11.2510290146, 9.06536102295, 64.1293716431, 13.5578317642], [-259.711395264, 32.9696044922, -12.4110488892, -2.21362328529, 3.41707038879, 4.55907583237, 12.3618125916, 2.19136619568, 10.288939476, -11.2937002182, 19.0829105377, 13.5578317642, 62.0846061707]],
        "icov": [[0.000299865176203, -0.000435088557424, 0.000540403474588, -0.000449815852335, 0.000658861768898, -0.00088369922014, 0.000899333448615, -0.000957793614361, 0.00120813504327, -0.0011766825337, 0.0016360989539, -0.00107372750062, 0.000778126413934], [-0.000435088557424, 0.00156433798838, -0.000273552461294, 0.000660752470139, -0.00156622729264, 0.00151135050692, -0.00157623388804, 0.0015683399979, -0.00196471204981, 0.00238721002825, -0.00308679719456, 0.00201675971039, -0.00117997371126], [0.000540403474588, -0.000273552461294, 0.00316299893893, -0.000974868249614, 0.000711422471795, -0.0020254557021, 0.00099118356593, -0.000543328293134, 0.00109607039485, -0.00244845193811, 0.00317277340218, -0.00322079425678, 0.00203591166064], [-0.000449815852335, 0.000660752470139, -0.000974868249614, 0.00400837231427, -0.000658602628391, 0.00149502942804, -0.00115672475658, 0.00185049104039, -0.00258904346265, 0.0021877491381, -0.00252340175211, 0.00177899736445, -0.000978885451332], [0.000658861768898, -0.00156622729264, 0.000711422471795, -0.000658602628391, 0.00687971757725, -0.00220797769725, 0.00146478193346, -0.00190151052084, 0.00127700774465, -0.0031286093872, 0.0036665413063, -0.00402464205399, 0.00223671109416], [-0.00088369922014, 0.00151135050692, -0.0020254557021, 0.00149502942804, -0.00220797769725, 0.00972014013678, -0.00561952777207, 0.0039024327416, -0.00194941705558, 0.00352672254667, -0.00537902815267, 0.0044197156094, -0.00280915363692], [0.000899333448615, -0.00157623388804, 0.00099118356593, -0.00115672475658, 0.00146478193346, -0.00561952777207, 0.0105107845739, -0.00548188667744, 0.00464377272874, -0.00116555474233, 0.00224674749188, -0.00189446110744, 0.00193024449982], [-0.000957793614361, 0.0015683399979, -0.000543328293134, 0.00185049104039, -0.00190151052084, 0.0039024327416, -0.00548188667744, 0.0136156957597, -0.0079584941268, 0.00369375082664, -0.00162053015083, 0.00108393514529, -0.00220086844638], [0.00120813504327, -0.00196471204981, 0.00109607039485, -0.00258904346265, 0.00127700774465, -0.00194941705558, 0.00464377272874, -0.0079584941268, 0.0156688522547, -0.00685240328312, 0.00232879421674, 0.000422940240242, 0.00100175698753], [-0.0011766825337, 0.00238721002825, -0.00244845193811, 0.0021877491381, -0.0031286093872, 0.00352672254667, -0.00116555474233, 0.00369375082664, -0.00685240328312, 0.0192848704755, -0.00772808352485, 0.00188458932098, 2.09832396649e-05], [0.0016360989539, -0.00308679719456, 0.00317277340218, -0.00252340175211, 0.0036665413063, -0.00537902815267, 0.00224674749188, -0.00162053015083, 0.00232879421674, -0.00772808352485, 0.0229450371116, -0.0091757318005, 0.00199007359333], [-0.00107372750062, 0.00201675971039, -0.00322079425678, 0.00177899736445, -0.00402464205399, 0.0044197156094, -0.00189446110744, 0.00108393514529, 0.000422940240242, 0.00188458932098, -0.0091757318005, 0.0242266114801, -0.00810455996543], [0.000778126413934, -0.00117997371126, 0.00203591166064, -0.000978885451332, 0.00223671109416, -0.00280915363692, 0.00193024449982, -0.00220086844638, 0.00100175698753, 2.09832396649e-05, 0.00199007359333, -0.00810455996543, 0.0211332906038]]
    },
    "melbands": {
        "mean": [0.00194409582764, 0.00335288560018, 0.00217966991477, 0.00170063041151, 0.000652182498015, 0.000297060178127, 0.000438791903434, 0.000429311679909, 0.000362889462849, 0.000355550611857, 0.000183261698112, 0.000171365027199, 0.000198581750738, 7.84518560977e-05, 7.69063262851e-05, 7.29330422473e-05, 3.71073510905e-05, 5.54316393391e-05, 4.72636420454e-05, 3.35563163389e-05, 4.70000741188e-05, 2.98491195281e-05, 2.33288246818e-05, 1.41021873787e-05, 1.03138409031e-05, 1.14474914881e-05, 9.77990748652e-06, 7.1213571573e-06, 6.27360896033e-06, 4.57728447145e-06, 2.9734162581e-06, 1.873027486e-06, 1.56236592375e-06, 1.90815399037e-06, 2.17715160034e-06, 2.16023545363e-06, 2.04798038794e-06, 1.81018106105e-06, 1.64913763001e-06, 1.32381944695e-06]
    },
    "melbands128": {
        "mean": [0.000183133481187, 0.00108664494473, 0.00261406973004, 0.00371045223437, 0.00370177743025, 0.00288972305134, 0.00249026459642, 0.00198873179033, 0.0015646853717, 0.00230349088088, 0.00130689726211, 0.000682067300659, 0.000595352379605, 0.000406281702453, 0.000310675677611, 0.000211408885662, 0.000278619525488, 0.000620040285867, 0.000417067640228, 0.000393752619857, 0.000443741708295, 0.000527716707438, 0.000166522877407, 0.000441026961198, 0.000533381476998, 0.000208408324397, 0.000271159951808, 0.000128828105517, 0.000174201020855, 0.0002027903829, 0.000114016344014, 0.000210490718018, 0.000303314416669, 8.34487800603e-05, 0.000117426003271, 6.32890078123e-05, 4.34958383266e-05, 4.99802954437e-05, 0.000132218905492, 0.000107784238935, 4.71840139653e-05, 3.92423935409e-05, 3.24090760842e-05, 3.12323027174e-05, 6.31873772363e-05, 5.95742312726e-05, 5.18845736224e-05, 4.01893885282e-05, 5.05769094161e-05, 4.96559878229e-05, 1.94608528545e-05, 2.51549736277e-05, 6.57914642943e-05, 4.71905259474e-05, 3.22121086356e-05, 2.95461741189e-05, 2.30842179008e-05, 3.09272545564e-05, 2.04029929591e-05, 1.57290960487e-05, 1.29169811771e-05, 1.48017634274e-05, 9.96218568616e-06, 9.15309101401e-06, 1.04729306258e-05, 1.07867826955e-05, 1.32148579723e-05, 1.10065657282e-05, 8.86270390765e-06, 8.13648148323e-06, 6.53330198475e-06, 7.27973383619e-06, 6.89844455337e-06, 6.28059478913e-06, 5.34457512913e-06, 4.35259244114e-06, 4.850687219e-06, 3.41833970197e-06, 2.82501105175e-06, 2.21540176426e-06, 2.15135628423e-06, 1.60825970852e-06, 1.48476146933e-06, 1.51967458351e-06, 1.64192772445e-06, 1.81751670425e-06, 1.87608588931e-06, 2.34077083405e-06, 2.18155878429e-06, 2.15715590457e-06, 2.03096715268e-06, 2.18162472265e-06, 2.3061295451e-06, 2.09897302739e-06, 1.93622190636e-06, 1.63353013249e-06, 1.88242756849e-06, 1.86037823369e-06, 1.73670514414e-06, 1.47969342379e-06, 1.40183237818e-06, 1.33701075811e-06, 1.19083665595e-06, 1.05658648408e-06, 9.05712795429e-07, 1.15479190299e-06, 1.08599192572e-06, 1.60279557804e-06, 1.0099327028e-06, 5.29154760898e-07, 2.66544333272e-07, 2.88469806264e-07, 2.66115051772e-07, 2.28264354973e-07, 1.81199297344e-07, 1.26679978507e-07, 1.10274406495e-07, 1.40034060792e-07, 1.45281973118e-07, 1.05006172646e-07, 5.9004158004e-08, 3.14946966284e-08, 2.02566479146e-08, 1.2826887108e-08, 9.52336520754e-09, 7.78202480234e-09, 6.21498807973e-09, 3.10553294192e-09]
    },
    "mfcc": {
        "mean": [-625.39263916, 133.554763794, 6.83455944061, 22.2389163971, 11.6094818115, 0.661637723446, 2.62243700027, 4.07820606232, 2.62236976624, 4.76783132553, -4.63650608063, 0.156225159764, -0.774267613888],
        "cov": [[11526.9521484, -43.025932312, -391.759460449, -51.0535545349, -114.2085495, -105.835159302, -81.1262283325, -115.156860352, 44.003326416, 2.61908841133, -169.642211914, -196.098495483, -171.101593018], [-43.025932312, 1288.03039551, -183.490814209, -29.6679840088, 78.5502929688, -5.15982627869, 63.6865272522, 89.0740356445, 5.33023881912, 22.887758255, 30.3951835632, 38.9979934692, 60.296913147], [-391.759460449, -183.490814209, 467.190155029, 39.2075881958, 2.21510839462, 91.2582168579, 16.9021759033, -8.36709022522, -1.44067502022, -26.9533290863, 9.18909263611, 12.811674118, -3.85298299789], [-51.0535545349, -29.6679840088, 39.2075881958, 248.413146973, 56.3252105713, -11.7367782593, -45.3080062866, -0.782868862152, 4.76271438599, 6.41822957993, 13.6604757309, 15.0318965912, 12.1352643967], [-114.2085495, 78.5502929688, 2.21510839462, 56.3252105713, 178.415725708, 12.2712316513, -47.5872764587, -15.2135219574, 0.741572082043, 2.14402627945, 18.3022975922, 22.8951511383, 13.1487293243], [-105.835159302, -5.15982627869, 91.2582168579, -11.7367782593, 12.2712316513, 176.646209717, 73.3287582397, 4.09314012527, -12.2644014359, -22.6398162842, 3.86809635162, 7.20238161087, -6.0640463829], [-81.1262283325, 63.6865272522, 16.9021759033, -45.3080062866, -47.5872764587, 73.3287582397, 173.837005615, 60.5457839966, 1.10971701145, -10.8908700943, -9.87418460846, -8.60293292999, -0.299747645855], [-115.156860352, 89.0740356445, -8.36709022522, -0.782868862152, -15.2135219574, 4.09314012527, 60.5457839966, 117.677108765, 32.0675163269, 9.1664352417, -2.39248776436, 10.9034070969, 7.80553531647], [44.003326416, 5.33023881912, -1.44067502022, 4.76271438599, 0.741572082043, -12.2644014359, 1.10971701145, 32.0675163269, 82.647605896, 31.2771873474, 1.58420324326, -0.298121899366, 0.524132668972], [2.61908841133, 22.887758255, -26.9533290863, 6.41822957993, 2.14402627945, -22.6398162842, -10.8908700943, 9.1664352417, 31.2771873474, 81.0547409058, 21.761964798, 6.15865182877, -2.26382136345], [-169.642211914, 30.3951835632, 9.18909263611, 13.6604757309, 18.3022975922, 3.86809635162, -9.87418460846, -2.39248776436, 1.58420324326, 21.761964798, 71.420135498, 25.3102340698, 6.27594947815], [-196.098495483, 38.9979934692, 12.811674118, 15.0318965912, 22.8951511383, 7.20238161087, -8.60293292999, 10.9034070969, -0.298121899366, 6.15865182877, 25.3102340698, 74.6662063599, 22.760099411], [-171.101593018, 60.296913147, -3.85298299789, 12.1352643967, 13.1487293243, -6.0640463829, -0.299747645855, 7.80553531647, 0.524132668972, -2.26382136345, 6.27594947815, 22.760099411, 54.2118873596]],
        "icov": [[9.93630019366e-05, -1.73317512235e-05, 7.66640441725e-05, -2.49105141847e-05, 4.75942397316e-05, -6.56906877339e-06, 3.28635796905e-05, 0.000109779291961, -0.000101742698462, 9.54280130827e-06, 0.000177405760041, 9.61574914982e-05, 0.000256479019299], [-1.73317512235e-05, 0.000974096183199, 0.000344049884006, 0.000184478994925, -0.000536766194273, 9.10058861336e-06, -0.000309994677082, -0.000646353641059, 0.000278442370472, -0.000168346130522, -0.000328666792484, -2.99079874821e-05, -0.000891539035365], [7.66640441725e-05, 0.000344049884006, 0.00269365496933, -0.00043052417459, 0.000192202744074, -0.00135703664273, 0.00014902849216, 9.05006672838e-05, -0.000516415631864, 0.000764273805544, -0.000315957760904, -0.000274064193945, 0.00012504174083], [-2.49105141847e-05, 0.000184478994925, -0.00043052417459, 0.00465405127034, -0.00126902235206, 0.000172880143509, 0.00100476364605, -0.000830838223919, 0.000174155706191, -0.000235930041526, -0.00040351995267, 7.36792344469e-06, -0.000871812517289], [4.75942397316e-05, -0.000536766194273, 0.000192202744074, -0.00126902235206, 0.00725001748651, -0.00159744068515, 0.00229921611026, 0.000499777961522, -0.000569567782804, 0.000368962966604, -0.000604880508035, -0.000934143434279, -0.000468289566925], [-6.56906877339e-06, 9.10058861336e-06, -0.00135703664273, 0.000172880143509, -0.00159744068515, 0.00860426574945, -0.0044247880578, 0.00149800779764, 0.000185197292012, 0.00145476020407, -0.000627718807664, -0.00129234045744, 0.00161795120221], [3.28635796905e-05, -0.000309994677082, 0.00014902849216, 0.00100476364605, 0.00229921611026, -0.0044247880578, 0.0104970401153, -0.00507287448272, 0.00107103236951, 8.59413194121e-05, 0.000300770188915, 0.00184565852396, -0.000846435374115], [0.000109779291961, -0.000646353641059, 9.05006672838e-05, -0.000830838223919, 0.000499777961522, 0.00149800779764, -0.00507287448272, 0.0132905663922, -0.00499712722376, 0.000332800525939, 0.00110987923108, -0.00258536054753, 0.000381645659218], [-0.000101742698462, 0.000278442370472, -0.000516415631864, 0.000174155706191, -0.000569567782804, 0.000185197292012, 0.00107103236951, -0.00499712722376, 0.0164067856967, -0.00618914561346, 0.000977301388048, 0.00115016358905, -0.000835316372104], [9.54280130827e-06, -0.000168346130522, 0.000764273805544, -0.000235930041526, 0.000368962966604, 0.00145476020407, 8.59413194121e-05, 0.000332800525939, -0.00618914561346, 0.0168785601854, -0.00509242340922, -0.000542481720913, 0.00193224172108], [0.000177405760041, -0.000328666792484, -0.000315957760904, -0.00040351995267, -0.000604880508035, -0.000627718807664, 0.000300770188915, 0.00110987923108, 0.000977301388048, -0.00509242340922, 0.0182147603482, -0.00507584866136, 0.000711958680768], [9.61574914982e-05, -2.99079874821e-05, -0.000274064193945, 7.36792344469e-06, -0.000934143434279, -0.00129234045744, 0.00184565852396, -0.00258536054753, 0.00115016358905, -0.000542481720913, -0.00507584866136, 0.0184298455715, -0.00640358170494], [0.000256479019299, -0.000891539035365, 0.00012504174083, -0.000871812517289, -0.000468289566925, 0.00161795120221, -0.000846435374115, 0.000381645659218, -0.000835316372104, 0.00193224172108, 0.000711958680768, -0.00640358170494, 0.0233810078353]]
    },
    "spectral_contrast_coeffs": {
        "mean": [-0.693967938423, -0.743304371834, -0.743901789188, -0.771534621716, -0.787972807884, -0.798899292946]
    },
    "spectral_contrast_valleys": {
        "mean": [-6.2205657959, -6.49096536636, -7.39731645584, -7.57531499863, -7.58990049362, -10.0214958191]
    }
},
"rhythm": {
    "beats_count": 508,
    "beats_loudness": {
        "mean": 0.0518055148423
    },
    "bpm": 143.780654907,
    "bpm_histogram_first_peak_bpm": 144,
    "bpm_histogram_first_peak_weight": 0.367088615894,
    "bpm_histogram_second_peak_bpm": 152,
    "bpm_histogram_second_peak_spread": 0,
    "bpm_histogram_second_peak_weight": 0.0276134125888,
    "danceability": 1.08102309704,
    "onset_rate": 4.39154720306,
    "beats_loudness_band_ratio": {
        "mean": [0.548399209976, 0.169965967536, 0.144247502089, 0.0771816074848, 0.060380641371, 0.0394439511001]
    },
    "beats_position": [0.371519267559, 0.743038535118, 1.11455774307, 1.48607707024, 1.8575963974, 2.21750569344, 2.58902478218, 2.97215414047, 3.35528349876, 3.73841261864, 4.12154197693, 4.51628112793, 4.91102027893, 5.30575942993, 5.6888885498, 6.10684776306, 6.52480697632, 6.94276618958, 7.36072540283, 7.81351470947, 8.26630401611, 8.71909236908, 9.16027164459, 9.58984088898, 10.0078001022, 10.4373693466, 10.866938591, 11.3081178665, 11.7376871109, 12.1672563553, 12.5852155685, 13.0031747818, 13.4211339951, 13.8390922546, 14.2454423904, 14.6517915726, 15.0697498322, 15.4877090454, 15.9056682587, 16.3236274719, 16.7415866852, 17.1595458984, 17.5775051117, 17.995464325, 18.4134235382, 18.8313827515, 19.2493419647, 19.667301178, 20.0852603912, 20.5032196045, 20.9095687866, 21.3159179688, 21.733877182, 22.1518363953, 22.5697956085, 22.9877548218, 23.405714035, 23.8236732483, 24.2416324615, 24.6595916748, 25.0775508881, 25.4839000702, 25.8902492523, 26.3082084656, 26.7261676788, 27.1441268921, 27.5504760742, 27.9568252563, 28.3747844696, 28.7695236206, 29.1874828339, 29.6054420471, 30.0117912292, 30.4297504425, 30.8360996246, 31.2540588379, 31.6720180511, 32.1015853882, 32.5311546326, 32.960723877, 33.3902931213, 33.8198623657, 34.2494316101, 34.6673927307, 35.0969619751, 35.514919281, 35.9328804016, 36.362449646, 36.7804069519, 37.1983680725, 37.6279373169, 38.034286499, 38.4522438049, 38.8702049255, 39.2997741699, 39.7293434143, 40.1473007202, 40.5652618408, 40.9832191467, 41.4011802673, 41.8191375732, 42.2370948792, 42.6434440613, 43.0497932434, 43.467754364, 43.8857116699, 44.3036727905, 44.7216300964, 45.139591217, 45.5575485229, 45.9871177673, 46.4166870117, 46.8346481323, 47.2526054382, 47.6705665588, 48.0885238647, 48.5064849854, 48.9244422913, 49.3424034119, 49.7719726562, 50.1899299622, 50.6194992065, 51.0374603271, 51.4554176331, 51.8733787537, 52.2913360596, 52.720905304, 53.1388664246, 53.5568237305, 53.9863929749, 54.4043540955, 54.8223114014, 55.240272522, 55.6582298279, 56.0761909485, 56.4941482544, 56.912109375, 57.3300666809, 57.7480278015, 58.1659851074, 58.583946228, 59.0135154724, 59.4430847168, 59.8610420227, 60.2789993286, 60.6969604492, 61.1265296936, 61.5444869995, 61.9740562439, 62.4036254883, 62.8331947327, 63.2511558533, 63.6691131592, 64.0870742798, 64.5050354004, 64.9229888916, 65.3409500122, 65.7705230713, 66.1884765625, 66.5948257446, 67.0127868652, 67.4307479858, 67.8487091064, 68.2666625977, 68.6846237183, 69.1025848389, 69.5321502686, 69.9617233276, 70.3796844482, 70.7976379395, 71.2155990601, 71.6335601807, 72.0399093628, 72.4462585449, 72.8642196655, 73.2821731567, 73.7001342773, 74.1180953979, 74.5360565186, 74.9540100098, 75.3719711304, 75.789932251, 76.2078933716, 76.6258468628, 77.0438079834, 77.461769104, 77.8913345337, 78.3209075928, 78.738861084, 79.1568222046, 79.5747833252, 80.0043487549, 80.433921814, 80.8518829346, 81.2698364258, 81.6877975464, 82.105758667, 82.5353240967, 82.9532852173, 83.3828582764, 83.8008117676, 84.2187728882, 84.6483459473, 85.0546951294, 85.4726486206, 85.8906097412, 86.3085708618, 86.7265319824, 87.1444854736, 87.5624465942, 87.9920196533, 88.421585083, 88.8395462036, 89.2575073242, 89.6754608154, 90.093421936, 90.5113830566, 90.9293441772, 91.3472976685, 91.7652587891, 92.1832199097, 92.6011810303, 93.0191345215, 93.4370956421, 93.8550567627, 94.2846221924, 94.7141952515, 95.1321487427, 95.5617218018, 95.9912872314, 96.4208602905, 96.8504257202, 97.2567749023, 97.6631240845, 98.0810852051, 98.4990463257, 98.9170074463, 99.3349609375, 99.7529220581, 100.170883179, 100.588844299, 101.018409729, 101.447982788, 101.865936279, 102.2838974, 102.701858521, 103.119819641, 103.537773132, 103.955734253, 104.373695374, 104.780044556, 105.186393738, 105.604354858, 106.02230835, 106.44026947, 106.858230591, 107.276191711, 107.682540894, 108.112106323, 108.530067444, 108.948028564, 109.365982056, 109.783943176, 110.201904297, 110.619865417, 111.037818909, 111.444168091, 111.862129211, 112.280090332, 112.698051453, 113.116004944, 113.522354126, 113.940315247, 114.369888306, 114.799453735, 115.217414856, 115.635368347, 116.053329468, 116.471290588, 116.889251709, 117.3072052, 117.725166321, 118.15473938, 118.572692871, 118.990653992, 119.420227051, 119.84979248, 120.256141663, 120.674102783, 121.103668213, 121.533241272, 121.951202393, 122.369155884, 122.787117004, 123.205078125, 123.623039246, 124.040992737, 124.458953857, 124.876914978, 125.294876099, 125.71282959, 126.142402649, 126.571968079, 126.989929199, 127.40789032, 127.83745575, 128.267028809, 128.6849823, 129.10295105, 129.520904541, 129.950469971, 130.356826782, 130.786392212, 131.215957642, 131.65713501, 132.07510376, 132.493057251, 132.911010742, 133.328979492, 133.735321045, 134.164901733, 134.582855225, 135.000808716, 135.418777466, 135.836730957, 136.254684448, 136.684265137, 137.113830566, 137.531784058, 137.961364746, 138.390930176, 138.808883667, 139.238449097, 139.668029785, 140.097595215, 140.527160645, 140.945129395, 141.374694824, 141.804260254, 142.222213745, 142.640182495, 143.058135986, 143.476104736, 143.917282104, 144.335235596, 144.753189087, 145.171157837, 145.589111328, 146.007064819, 146.448257446, 146.866210938, 147.27255249, 147.678909302, 148.096862793, 148.503219604, 148.909561157, 149.327529907, 149.757095337, 150.186660767, 150.604629517, 151.022583008, 151.440536499, 151.858505249, 152.27645874, 152.694412231, 153.112380981, 153.530334473, 153.948303223, 154.354644775, 154.772598267, 155.178955078, 155.585296631, 155.991653442, 156.409606934, 156.827575684, 157.245529175, 157.663482666, 158.081451416, 158.499404907, 158.917373657, 159.32371521, 159.730072021, 160.148025513, 160.565979004, 160.983947754, 161.401901245, 161.819854736, 162.237823486, 162.632553101, 163.050521851, 163.468475342, 163.886444092, 164.304397583, 164.722351074, 165.128707886, 165.535049438, 165.953018188, 166.37097168, 166.788925171, 167.206893921, 167.624847412, 168.042816162, 168.460769653, 168.878723145, 169.296691895, 169.714645386, 170.132598877, 170.550567627, 170.968521118, 171.386474609, 171.804443359, 172.222396851, 172.640365601, 173.046707153, 173.464660645, 173.871017456, 174.265762329, 174.672103882, 175.078460693, 175.496414185, 175.891159058, 176.29750061, 176.703857422, 177.121810913, 177.528152466, 177.934509277, 178.352462769, 178.770431519, 179.176773071, 179.594741821, 180.012695312, 180.419036865, 180.825393677, 181.243347168, 181.661315918, 182.067657471, 182.485626221, 182.903579712, 183.309921265, 183.716278076, 184.134231567, 184.552200317, 184.970153809, 185.3881073, 185.794464111, 186.200805664, 186.618774414, 187.025115967, 187.431472778, 187.837814331, 188.255783081, 188.662124634, 189.068481445, 189.486434937, 189.904388428, 190.310745239, 190.72869873, 191.14666748, 191.553009033, 191.959365845, 192.365707397, 192.772064209, 193.1900177, 193.596374512, 194.002716064, 194.397460938, 194.80380249, 195.210159302, 195.616500854, 196.022857666, 196.440811157, 196.83555603, 197.241897583, 197.648254395, 198.054595947, 198.460952759, 198.855682373, 199.250427246, 199.656768799, 200.06312561, 200.469467163, 200.887435913, 201.293777466, 201.711746216, 202.118087769, 202.52444458, 202.930786133, 203.337142944, 203.755096436, 204.161453247, 204.5677948, 204.974151611, 205.380493164, 205.798446655, 206.204803467, 206.59954834, 206.994277954, 207.389022827, 207.79536438, 208.201721191, 208.608062744, 209.014419556, 209.420761108, 209.82711792, 210.233459473, 210.639816284, 211.046157837, 211.452514648],
    "bpm_histogram": [0, 0, 0, 0, 0, 0, 0, 0, 0, 0, 0, 0, 0, 0, 0, 0, 0, 0, 0, 0, 0, 0, 0, 0, 0, 0, 0, 0, 0, 0, 0, 0, 0, 0, 0, 0, 0, 0, 0, 0, 0, 0, 0, 0, 0, 0, 0, 0, 0, 0, 0, 0, 0, 0, 0, 0, 0, 0, 0, 0, 0, 0, 0, 0, 0, 0, 0, 0, 0, 0, 0, 0, 0, 0, 0, 0, 0, 0, 0, 0, 0, 0, 0, 0, 0, 0, 0, 0, 0, 0, 0, 0, 0, 0, 0, 0, 0, 0, 0, 0, 0, 0, 0, 0, 0, 0, 0, 0, 0, 0, 0, 0, 0, 0, 0, 0, 0, 0, 0, 0, 0, 0, 0, 0, 0, 0, 0, 0, 0, 0, 0, 0, 0, 0.00591715984046, 0, 0, 0.00986193306744, 0, 0, 0, 0.149901375175, 0, 0, 0, 0.591715991497, 0, 0, 0, 0.193293884397, 0, 0, 0, 0.0276134125888, 0, 0, 0, 0, 0.00986193306744, 0, 0, 0, 0.00986193306744, 0, 0, 0, 0, 0, 0.00197238661349, 0, 0, 0, 0, 0, 0, 0, 0, 0, 0, 0, 0, 0, 0, 0, 0, 0, 0, 0, 0, 0, 0, 0, 0, 0, 0, 0, 0, 0, 0, 0, 0, 0, 0, 0, 0, 0, 0, 0, 0, 0, 0, 0, 0, 0, 0, 0, 0, 0, 0, 0, 0, 0, 0, 0, 0, 0, 0, 0, 0, 0, 0, 0, 0, 0, 0, 0, 0, 0, 0, 0, 0, 0, 0, 0, 0, 0, 0, 0, 0, 0, 0]
},
"tonal": {
    "chords_changes_rate": 0.0486202351749,
    "chords_number_rate": 0.0021901007276,
    "chords_strength": {
        "mean": 0.547323226929
    },
    "hpcp_crest": {
        "mean": 12.6940612793
    },
    "hpcp_entropy": {
        "mean": 2.02189683914
    },
    "key_edma": {
        "strength": 0.808395445347,
        "key": "A",
        "scale": "major"
    },
    "key_krumhansl": {
        "strength": 0.824581861496,
        "key": "A",
        "scale": "major"
    },
    "key_temperley": {
        "strength": 0.84045869112,
        "key": "A",
        "scale": "major"
    },
    "tuning_diatonic_strength": 0.701441287994,
    "tuning_equal_tempered_deviation": 0.0183723587543,
    "tuning_frequency": 440.508636475,
    "tuning_nontempered_energy_ratio": 0.676692724228,
    "hpcp": {
        "mean": [0.425643146038, 0.219469919801, 0.0740310698748, 0.0612466484308, 0.0646165236831, 0.143066748977, 0.203853547573, 0.129687085748, 0.0598545409739, 0.0505422055721, 0.0538957603276, 0.155327260494, 0.238862589002, 0.160488501191, 0.148115709424, 0.20176884532, 0.145566254854, 0.0777299776673, 0.0648359432817, 0.0813834518194, 0.18739528954, 0.26978161931, 0.188904628158, 0.111121706665, 0.091028124094, 0.0728834122419, 0.123505055904, 0.163366645575, 0.110397428274, 0.068708203733, 0.0567558519542, 0.0504566691816, 0.0771110653877, 0.107706278563, 0.142452269793, 0.33208835125]
    },
    "chords_histogram": [51.9929924011, 1.07314932346, 11.6294345856, 0.547525167465, 1.75208055973, 0.0219010077417, 0.941743314266, 0.0657030194998, 0, 0.0438020154834, 0.481822162867, 0, 0.0438020154834, 0.0438020154834, 0.0219010077417, 3.78887438774, 0.350416123867, 3.17564606667, 0.525624155998, 1.5768725872, 0, 1.33596146107, 8.49759101868, 12.0893564224],
    "thpcp": [1, 0.515619516373, 0.173927545547, 0.143892005086, 0.151809155941, 0.336118996143, 0.478930652142, 0.304684996605, 0.14062140882, 0.118743143976, 0.126621931791, 0.364923685789, 0.561180412769, 0.377049416304, 0.347980946302, 0.474032878876, 0.341991305351, 0.182617709041, 0.152324646711, 0.191201135516, 0.440263837576, 0.633821129799, 0.443809866905, 0.261067777872, 0.213860183954, 0.171231254935, 0.290161043406, 0.383811295033, 0.259366154671, 0.161422088742, 0.133341401815, 0.118542186916, 0.181163653731, 0.253043621778, 0.334675341845, 0.780203700066],
    "chords_key": "A",
    "chords_scale": "major"
}
}