{
"metadata": {
    "version": {
        "essentia": "2.1-beta6-dev",
        "essentia_git_sha": "v2.1_beta5-1177-g1d1cc983",
        "extractor": "music 2.0"
    },
    "audio_properties": {
        "analysis": {
            "equal_loudness": 0,
            "length": 214.800003052,
            "sample_rate": 44100,
            "start_time": 0,
            "downmix": "mix"
        },
        "bit_rate": 1411200,
        "length": 214.800003052,
        "lossless": 1,
        "number_channels": 2,
        "replay_gain": -14.4072093964,
        "sample_rate": 44100,
        "codec": "pcm_s16le",
        "md5_encoded": "1fa40809ebef3194373921ea5f1c8069"
    },
    "tags": {
        "file_name": "04 - The Front Bottoms - Mountain.wav",
        "album": ["The Front Bottoms"],
        "albumartist": ["The Front Bottoms"],
        "artist": ["The Front Bottoms"],
        "copyright": ["2011 Bar None Records 2011 Bar None Records"],
        "date": ["2011"],
        "discnumber": ["1"],
        "disctotal": ["1"],
        "genre": ["Rock"],
        "isrc": ["US37V1120704"],
        "title": ["Mountain"],
        "tracknumber": ["4"],
        "tracktotal": ["12"]
    }
},
"lowlevel": {
    "average_loudness": 0.882590591908,
    "barkbands_crest": {
        "mean": 9.54343605042
    },
    "barkbands_flatness_db": {
        "mean": 0.132152155042
    },
    "barkbands_kurtosis": {
        "mean": 3.49688196182
    },
    "barkbands_skewness": {
        "mean": 1.24694490433
    },
    "barkbands_spread": {
        "mean": 31.4241485596
    },
    "dissonance": {
        "mean": 0.469861358404
    },
    "dynamic_complexity": 4.77620792389,
    "erbbands_crest": {
        "mean": 8.33521842957
    },
    "erbbands_flatness_db": {
        "mean": 0.151128515601
    },
    "erbbands_kurtosis": {
        "mean": 0.607382237911
    },
    "erbbands_skewness": {
        "mean": -0.399135619402
    },
    "erbbands_spread": {
        "mean": 42.364616394
    },
    "hfc": {
        "mean": 24.4982776642
    },
    "loudness_ebu128": {
        "integrated": -9.18638515472,
        "loudness_range": 6.97348737717,
        "momentary": {
            "mean": -11.9207172394
        },
        "short_term": {
            "mean": -10.7010774612
        }
    },
    "melbands_crest": {
        "mean": 13.5930938721
    },
    "melbands_flatness_db": {
        "mean": 0.192296802998
    },
    "melbands_kurtosis": {
        "mean": 16.3827896118
    },
    "melbands_skewness": {
        "mean": 2.85311198235
    },
    "melbands_spread": {
        "mean": 32.7940750122
    },
    "pitch_salience": {
        "mean": 0.560630202293
    },
    "silence_rate_20dB": {
        "mean": 1
    },
    "silence_rate_30dB": {
        "mean": 0.991461277008
    },
    "silence_rate_60dB": {
        "mean": 0.176070034504
    },
    "spectral_centroid": {
        "mean": 1725.50683594
    },
    "spectral_complexity": {
        "mean": 17.6165161133
    },
    "spectral_decrease": {
        "mean": -6.06620398358e-09
    },
    "spectral_energy": {
        "mean": 0.0251172967255
    },
    "spectral_energyband_high": {
        "mean": 0.00135693443008
    },
    "spectral_energyband_low": {
        "mean": 0.0118664605543
    },
    "spectral_energyband_middle_high": {
        "mean": 0.00568819046021
    },
    "spectral_energyband_middle_low": {
        "mean": 0.00746714370325
    },
    "spectral_entropy": {
        "mean": 7.61301183701
    },
    "spectral_flux": {
        "mean": 0.0791887268424
    },
    "spectral_kurtosis": {
        "mean": 5.29310178757
    },
    "spectral_rms": {
        "mean": 0.00431760074571
    },
    "spectral_rolloff": {
        "mean": 2344.17041016
    },
    "spectral_skewness": {
        "mean": 1.52646756172
    },
    "spectral_spread": {
        "mean": 4955499.5
    },
    "spectral_strongpeak": {
        "mean": 0.8327922225
    },
    "zerocrossingrate": {
        "mean": 0.0803560912609
    },
    "barkbands": {
        "mean": [0.000207322358619, 0.00743701541796, 0.00303371436894, 0.00190972350538, 0.00295589515008, 0.000694718270097, 0.000769988517277, 0.000656517047901, 0.000324372667819, 0.000741452444345, 0.000457081652712, 0.000644773826934, 0.00051711301785, 0.000482776347781, 0.000611120369285, 0.000452669977676, 0.000644591404125, 0.000471368897706, 0.000563062960282, 0.000274049787549, 0.000188066245755, 0.000312626740197, 0.00024617346935, 0.000213595223613, 0.000166192592587, 9.9597251392e-05, 3.71999849449e-05]
    },
    "erbbands": {
        "mean": [0.180237606168, 1.76839780807, 3.54940485954, 5.87515306473, 8.92562389374, 9.11747360229, 5.84484004974, 5.43449878693, 9.21622753143, 14.2578516006, 14.5139312744, 7.95476293564, 13.6015577316, 26.0439777374, 20.9104099274, 28.09765625, 24.2045116425, 28.7387046814, 31.1591072083, 28.1533355713, 26.7263431549, 33.9035758972, 28.7597484589, 23.5488967896, 28.4547767639, 12.4131574631, 6.41471338272, 9.62414741516, 10.9700670242, 9.02602863312, 6.84915065765, 4.90689897537, 3.35156726837, 2.13549590111, 1.03585922718, 0.589712560177, 0.13699041307, 0.0318465009332, 0.00554235512391, 0.000489962112624]
    },
    "gfcc": {
        "mean": [-25.1954479218, 71.1892242432, -112.806053162, 37.8700675964, -38.5920448303, 17.3458080292, -38.0349655151, 3.36667394638, -23.8683586121, -4.85722494125, -13.5668907166, -1.74441301823, -13.9903230667],
        "cov": [[17635.2324219, -1537.50390625, 524.887268066, 1780.78320312, -646.572937012, 108.375793457, -389.324249268, 556.666503906, -207.771224976, 194.584106445, -204.75920105, 80.4965438843, -342.765960693], [-1537.50390625, 2526.71655273, -622.860290527, -239.856307983, 444.921020508, -127.181587219, 122.634147644, -165.56703186, 82.5424194336, -179.676528931, 129.950500488, -89.7431640625, 112.417816162], [524.887268066, -622.860290527, 1150.07971191, 327.818450928, 163.855895996, 158.516342163, 66.4807281494, 15.8822526932, -77.7435302734, 105.785896301, -72.8890838623, 122.943374634, -37.8221817017], [1780.78320312, -239.856307983, 327.818450928, 1270.77001953, 69.9088058472, 28.6503562927, 101.921951294, 140.374557495, 102.979255676, 67.5794677734, -12.599190712, 36.5212211609, 0.0738058611751], [-646.572937012, 444.921020508, 163.855895996, 69.9088058472, 483.900268555, -2.58998370171, 85.5340118408, -37.2858657837, 44.1525878906, -1.44262862206, -18.8977184296, 10.0132827759, 42.5130195618], [108.375793457, -127.181587219, 158.516342163, 28.6503562927, -2.58998370171, 306.852355957, 92.8767547607, -14.997836113, -38.9149398804, 21.9037857056, -4.54334974289, 22.7630996704, 13.3235845566], [-389.324249268, 122.634147644, 66.4807281494, 101.921951294, 85.5340118408, 92.8767547607, 281.108337402, 6.08847761154, 1.33838236332, -16.5606384277, 9.77931499481, 32.6196517944, 16.0260181427], [556.666503906, -165.56703186, 15.8822526932, 140.374557495, -37.2858657837, -14.997836113, 6.08847761154, 190.389404297, 44.0795936584, 29.4470825195, 14.2105073929, 5.65201616287, -14.3874883652], [-207.771224976, 82.5424194336, -77.7435302734, 102.979255676, 44.1525878906, -38.9149398804, 1.33838236332, 44.0795936584, 144.175506592, 32.8077049255, 23.6594104767, -24.4353713989, 11.7326507568], [194.584106445, -179.676528931, 105.785896301, 67.5794677734, -1.44262862206, 21.9037857056, -16.5606384277, 29.4470825195, 32.8077049255, 111.853279114, 4.26588058472, 21.3378791809, -18.9282817841], [-204.75920105, 129.950500488, -72.8890838623, -12.599190712, -18.8977184296, -4.54334974289, 9.77931499481, 14.2105073929, 23.6594104767, 4.26588058472, 97.532623291, 2.27440786362, 13.361954689], [80.4965438843, -89.7431640625, 122.943374634, 36.5212211609, 10.0132827759, 22.7630996704, 32.6196517944, 5.65201616287, -24.4353713989, 21.3378791809, 2.27440786362, 93.4064331055, 12.9540729523], [-342.765960693, 112.417816162, -37.8221817017, 0.0738058611751, 42.5130195618, 13.3235845566, 16.0260181427, -14.3874883652, 11.7326507568, -18.9282817841, 13.361954689, 12.9540729523, 79.2353515625]],
        "icov": [[9.44349521887e-05, -2.62242792815e-05, 3.03973047266e-05, -0.000149605897604, 7.16476060916e-05, -8.10918645584e-05, 0.000183630530955, -0.000224393588724, 0.000240589550231, -4.9508002121e-05, 0.000166206125868, -9.77131858235e-05, 0.000298176746583], [-2.62242792815e-05, 0.000801841262728, 0.000359099823982, 5.26977528352e-05, -0.000831881538033, 0.00014047465811, -0.000231195313972, 0.000537261483259, -0.000159517163411, 0.000760387687478, -0.00103454117198, 0.000236466832575, -0.00017161728465], [3.03973047266e-05, 0.000359099823982, 0.00164767238311, -0.000359061930794, -0.000938578101341, -0.000497661356349, 0.000122666213429, 9.2168986157e-05, 0.000920527323615, -0.000627066008747, 0.000254583108472, -0.00127852754667, 0.000868028786499], [-0.000149605897604, 5.26977528352e-05, -0.000359061930794, 0.00125192280393, -5.79255065531e-05, 0.000188131554751, -0.000608235888649, -0.000180434624781, -0.00113413040526, 5.02161310578e-05, -4.88115983899e-05, 0.000127804392832, -0.000637541059405], [7.16476060916e-05, -0.000831881538033, -0.000938578101341, -5.79255065531e-05, 0.00360083719715, 0.000310839124722, -0.000539665226825, 2.93229113595e-05, -0.000918773934245, -0.000662656035274, 0.00171977072023, 0.000152631168021, -0.00116477673873], [-8.10918645584e-05, 0.00014047465811, -0.000497661356349, 0.000188131554751, 0.000310839124722, 0.00437036342919, -0.00177248916589, 0.000545116025023, 0.00102948071435, -0.00134737114422, -0.000308091432089, 0.00111324212048, -0.00183636473957], [0.000183630530955, -0.000231195313972, 0.000122666213429, -0.000608235888649, -0.000539665226825, -0.00177248916589, 0.00512788631022, -0.000770501035731, -1.19630676636e-05, 0.00148613308556, -7.42626798456e-05, -0.00207965658046, 0.00130135507789], [-0.000224393588724, 0.000537261483259, 9.2168986157e-05, -0.000180434624781, 2.93229113595e-05, 0.000545116025023, -0.000770501035731, 0.00726744998246, -0.00234433519654, -3.73604711967e-06, -0.00156238256022, -0.000268409610726, 0.000332857132889], [0.000240589550231, -0.000159517163411, 0.000920527323615, -0.00113413040526, -0.000918773934245, 0.00102948071435, -1.19630676636e-05, -0.00234433519654, 0.011939521879, -0.00484618823975, -0.00105907174293, 0.00335571868345, -0.00169149972498], [-4.9508002121e-05, 0.000760387687478, -0.000627066008747, 5.02161310578e-05, -0.000662656035274, -0.00134737114422, 0.00148613308556, -3.73604711967e-06, -0.00484618823975, 0.0140542481095, -0.00177432247438, -0.00347919203341, 0.00363147025928], [0.000166206125868, -0.00103454117198, 0.000254583108472, -4.88115983899e-05, 0.00171977072023, -0.000308091432089, -7.42626798456e-05, -0.00156238256022, -0.00105907174293, -0.00177432247438, 0.013236368075, -0.00148520385846, -0.0010876043234], [-9.77131858235e-05, 0.000236466832575, -0.00127852754667, 0.000127804392832, 0.000152631168021, 0.00111324212048, -0.00207965658046, -0.000268409610726, 0.00335571868345, -0.00347919203341, -0.00148520385846, 0.0154900215566, -0.00487581035122], [0.000298176746583, -0.00017161728465, 0.000868028786499, -0.000637541059405, -0.00116477673873, -0.00183636473957, 0.00130135507789, 0.000332857132889, -0.00169149972498, 0.00363147025928, -0.0010876043234, -0.00487581035122, 0.0173984393477]]
    },
    "melbands": {
        "mean": [0.0018986412324, 0.00206350767985, 0.00106498436071, 0.000694614311215, 0.00023116490047, 0.000129661304527, 0.000145816840813, 0.000147903541801, 0.000109374792373, 4.57853566331e-05, 6.91730019753e-05, 0.000108185588033, 6.98162402841e-05, 6.73842805554e-05, 6.49185021757e-05, 5.32611011295e-05, 5.12629885634e-05, 4.79227564938e-05, 3.66549356841e-05, 3.58022407454e-05, 3.10265058943e-05, 3.58806428267e-05, 3.23062122334e-05, 2.18439217861e-05, 1.76080066012e-05, 2.45327482844e-05, 1.45133881233e-05, 6.70743975206e-06, 3.90985951526e-06, 3.75661306862e-06, 6.39214658804e-06, 6.24460835752e-06, 5.84870804232e-06, 4.64605727757e-06, 4.03322701459e-06, 3.2922760056e-06, 2.96561802315e-06, 2.36407367993e-06, 2.11895394386e-06, 1.70409759903e-06]
    },
    "melbands128": {
        "mean": [0.000188982638065, 0.00114901643246, 0.00281385239214, 0.0029869703576, 0.00197566044517, 0.00148849037942, 0.00127026764676, 0.000809250108432, 0.000940700876527, 0.000840985798277, 0.000442578835646, 0.000292803335469, 0.000207859280636, 0.00010414353892, 8.29358323244e-05, 0.000180988179636, 0.00017524100258, 0.000109651824459, 0.000135626774863, 0.000211483798921, 9.78066236712e-05, 0.000124434387544, 0.000141205498949, 5.26519470441e-05, 4.90776074002e-05, 3.06286783598e-05, 6.21592407697e-05, 6.95103735779e-05, 5.73433462705e-05, 0.000169933278812, 8.67308917805e-05, 6.92756366334e-05, 8.68728020578e-05, 5.40032779099e-05, 5.33951133548e-05, 7.27939623175e-05, 9.21407190617e-05, 6.21971630608e-05, 5.34764803888e-05, 4.77663161291e-05, 4.5257183956e-05, 7.52564883442e-05, 5.46832816326e-05, 4.10313696193e-05, 2.82800265268e-05, 5.66402923141e-05, 6.75169940223e-05, 2.00964768737e-05, 2.93622069876e-05, 5.33556740265e-05, 3.24755201291e-05, 2.33106729866e-05, 3.17342055496e-05, 3.05618486891e-05, 4.02674231736e-05, 3.67854991055e-05, 2.86521990347e-05, 4.22734956373e-05, 3.067155194e-05, 2.07724078791e-05, 2.60269043793e-05, 1.67782618519e-05, 1.60980580404e-05, 1.7618345737e-05, 2.0033423425e-05, 3.0242579669e-05, 2.35013740166e-05, 1.62582982739e-05, 1.43481674968e-05, 9.04073658603e-06, 6.29114765616e-06, 6.1289392761e-06, 3.9293959162e-06, 3.77516175831e-06, 3.45545436176e-06, 2.94584947369e-06, 4.30942509411e-06, 5.13565373694e-06, 6.97672066963e-06, 7.43721511753e-06, 5.82593111176e-06, 6.13308884567e-06, 6.27983399681e-06, 5.82764778301e-06, 5.62430659556e-06, 4.69634915135e-06, 4.6557929636e-06, 3.81306927011e-06, 4.1561688704e-06, 3.89806291423e-06, 3.79812922802e-06, 2.99368139167e-06, 2.7521125503e-06, 3.08292374029e-06, 3.05302614834e-06, 2.53443931797e-06, 2.15395039049e-06, 2.20504330173e-06, 2.21625896302e-06, 2.08812821256e-06, 1.73737828391e-06, 1.76549190201e-06, 1.45177398281e-06, 1.36376547744e-06, 1.19575190638e-06, 9.42928579661e-07, 8.27964015571e-07, 8.37737502479e-07, 1.30130706566e-06, 1.23372751659e-06, 6.43150315227e-07, 4.36311239582e-07, 3.41507558232e-07, 2.96900111607e-07, 2.77295498563e-07, 2.62966949549e-07, 2.39872690599e-07, 2.15677331994e-07, 1.88512487398e-07, 1.72373873397e-07, 1.54827787924e-07, 1.46536223156e-07, 1.41551481647e-07, 1.3348488892e-07, 1.20468698128e-07, 1.03060301626e-07, 8.33388966726e-08, 5.40432161245e-08]
    },
    "mfcc": {
        "mean": [-669.971435547, 103.569107056, -6.00015974045, 26.2783184052, 20.0278816223, 13.1176862717, 2.52738904953, 8.49060344696, -6.18195915222, 0.551647543907, 1.36299145222, -5.07133293152, -2.82857275009],
        "cov": [[15163.8974609, -1792.65722656, 872.375610352, 1040.03442383, 0.753482818604, -277.736053467, -37.9989967346, 222.804702759, -12.5371274948, 31.5312728882, 139.765930176, 53.1519889832, 251.712677002], [-1792.65722656, 2453.28833008, -748.796264648, -285.342773438, 140.793701172, 20.785905838, 21.3136425018, -32.1314163208, -78.8981628418, -65.4808578491, -51.1368598938, -66.4855651855, -50.0086288452], [872.375610352, -748.796264648, 854.241638184, 253.479919434, 49.5053291321, 159.408081055, 109.556922913, 43.7967338562, 50.058719635, -36.0960006714, 51.0555076599, 38.0498924255, 22.3952026367], [1040.03442383, -285.342773438, 253.479919434, 946.725891113, 163.1015625, 123.727180481, 27.436170578, 130.248580933, 107.003555298, 48.5674133301, 57.0495605469, 42.2769584656, 78.9920196533], [0.753482818604, 140.793701172, 49.5053291321, 163.1015625, 321.03024292, 62.4426345825, -2.04492115974, -12.4312973022, 46.7761077881, 17.711151123, 0.538203120232, 8.13345527649, 14.1598911285], [-277.736053467, 20.785905838, 159.408081055, 123.727180481, 62.4426345825, 345.441467285, 118.921951294, 37.2462081909, 62.0898132324, -11.2411823273, 22.9957408905, -2.81117844582, -35.550491333], [-37.9989967346, 21.3136425018, 109.556922913, 27.436170578, -2.04492115974, 118.921951294, 204.624511719, 81.0793609619, 35.2822685242, -25.1376342773, 21.7643165588, -0.194329068065, -0.63250887394], [222.804702759, -32.1314163208, 43.7967338562, 130.248580933, -12.4312973022, 37.2462081909, 81.0793609619, 145.613494873, 48.8922767639, 8.44107818604, 15.4056081772, 6.74302911758, 26.0221557617], [-12.5371274948, -78.8981628418, 50.058719635, 107.003555298, 46.7761077881, 62.0898132324, 35.2822685242, 48.8922767639, 118.864501953, 32.7673950195, 17.9214401245, 1.16758573055, 8.76423549652], [31.5312728882, -65.4808578491, -36.0960006714, 48.5674133301, 17.711151123, -11.2411823273, -25.1376342773, 8.44107818604, 32.7673950195, 109.469680786, 27.1322841644, 18.8594799042, 13.6782989502], [139.765930176, -51.1368598938, 51.0555076599, 57.0495605469, 0.538203120232, 22.9957408905, 21.7643165588, 15.4056081772, 17.9214401245, 27.1322841644, 81.6380615234, 34.2829818726, 13.6911792755], [53.1519889832, -66.4855651855, 38.0498924255, 42.2769584656, 8.13345527649, -2.81117844582, -0.194329068065, 6.74302911758, 1.16758573055, 18.8594799042, 34.2829818726, 78.2460861206, 29.6946315765], [251.712677002, -50.0086288452, 22.3952026367, 78.9920196533, 14.1598911285, -35.550491333, -0.63250887394, 26.0221557617, 8.76423549652, 13.6782989502, 13.6911792755, 29.6946315765, 78.7498550415]],
        "icov": [[8.43172165332e-05, 4.23738783866e-05, -4.44644902018e-05, -6.68395805405e-05, -1.65479759744e-05, 8.68659262778e-05, 2.70236869255e-05, -9.83416539384e-05, 0.000131448250613, 2.6703290132e-05, -0.000135113281431, 0.000154563662363, -0.000142065284308], [4.23738783866e-05, 0.000712460197974, 0.000668904627673, 7.02133256709e-05, -0.000527358148247, -0.000205690128496, -0.000227865108172, -0.00020190802752, 0.000510162906721, 0.000516910629813, -0.000340102647897, 0.000327784131514, -8.78375503817e-05], [-4.44644902018e-05, 0.000668904627673, 0.00219895853661, -0.00019625564164, -0.000464613025542, -0.000657920085359, -0.000757630041335, 0.000293477409286, 9.49070381466e-05, 0.00125211791601, -0.000688663683832, -0.000303419539705, -0.00017202484014], [-6.68395805405e-05, 7.02133256709e-05, -0.00019625564164, 0.00172393233515, -0.000709235318936, -0.000608657603152, 0.000852749450132, -0.00140311510768, -0.000345764739905, -7.93960498413e-05, -0.000461110321339, 4.01420693379e-05, -0.000974636583123], [-1.65479759744e-05, -0.000527358148247, -0.000464613025542, -0.000709235318936, 0.00422707851976, -0.000340603059158, 5.16213985975e-05, 0.00171979190782, -0.0016757886624, -0.000593561620917, 0.00109471380711, -0.000498856185004, -0.000632767681964], [8.68659262778e-05, -0.000205690128496, -0.000657920085359, -0.000608657603152, -0.000340603059158, 0.00484807509929, -0.00227748719044, 0.000606088433415, -0.00145405705553, 0.000125225182273, -0.000356695236405, -0.000327712652506, 0.0027462861035], [2.70236869255e-05, -0.000227865108172, -0.000757630041335, 0.000852749450132, 5.16213985975e-05, -0.00227748719044, 0.00890271179378, -0.00474068103358, -0.000338165875291, 0.00191984057892, -0.00187864538748, 0.000578272214625, -0.000457659218227], [-9.83416539384e-05, -0.00020190802752, 0.000293477409286, -0.00140311510768, 0.00171979190782, 0.000606088433415, -0.00474068103358, 0.0122773209587, -0.00347353005782, -0.000522359390743, 0.00096203526482, -9.69607717707e-05, -0.00227392744273], [0.000131448250613, 0.000510162906721, 9.49070381466e-05, -0.000345764739905, -0.0016757886624, -0.00145405705553, -0.000338165875291, -0.00347353005782, 0.013053691946, -0.00315822428092, -0.00120920955669, 0.00219423975796, -0.000507736811414], [2.6703290132e-05, 0.000516910629813, 0.00125211791601, -7.93960498413e-05, -0.000593561620917, 0.000125225182273, 0.00191984057892, -0.000522359390743, -0.00315822428092, 0.0126250693575, -0.00382730038837, -0.00119288067799, -0.000408447347581], [-0.000135113281431, -0.000340102647897, -0.000688663683832, -0.000461110321339, 0.00109471380711, -0.000356695236405, -0.00187864538748, 0.00096203526482, -0.00120920955669, -0.00382730038837, 0.0177681501955, -0.00685314834118, 0.000477814057376], [0.000154563662363, 0.000327784131514, -0.000303419539705, 4.01420693379e-05, -0.000498856185004, -0.000327712652506, 0.000578272214625, -9.69607717707e-05, 0.00219423975796, -0.00119288067799, -0.00685314834118, 0.0187279693782, -0.00616882136092], [-0.000142065284308, -8.78375503817e-05, -0.00017202484014, -0.000974636583123, -0.000632767681964, 0.0027462861035, -0.000457659218227, -0.00227392744273, -0.000507736811414, -0.000408447347581, 0.000477814057376, -0.00616882136092, 0.0185950640589]]
    },
    "spectral_contrast_coeffs": {
        "mean": [-0.715063810349, -0.734789013863, -0.748725831509, -0.760715067387, -0.763100922108, -0.777460515499]
    },
    "spectral_contrast_valleys": {
        "mean": [-6.99981021881, -7.80175495148, -8.18212509155, -7.99047756195, -7.89917039871, -10.2698411942]
    }
},
"rhythm": {
    "beats_count": 501,
    "beats_loudness": {
        "mean": 0.0287638884038
    },
    "bpm": 140.016647339,
    "bpm_histogram_first_peak_bpm": 140,
    "bpm_histogram_first_peak_weight": 0.232032835484,
    "bpm_histogram_second_peak_bpm": 152,
    "bpm_histogram_second_peak_spread": 0.41666662693,
    "bpm_histogram_second_peak_weight": 0.0140000004321,
    "danceability": 1.06250393391,
    "onset_rate": 4.53404092789,
    "beats_loudness_band_ratio": {
        "mean": [0.482263833284, 0.163580462337, 0.0794655308127, 0.12089522928, 0.108527339995, 0.106975853443]
    },
    "beats_position": [0.359909296036, 0.754648506641, 1.16099774837, 1.5673469305, 1.98530614376, 2.41487526894, 2.8444442749, 3.26240348816, 3.69197273254, 4.12154197693, 4.55111122131, 4.98067998886, 5.41024923325, 5.8282084465, 6.25777769089, 6.68734693527, 7.11691617966, 7.5464849472, 7.97605419159, 8.40562343597, 8.83519268036, 9.26476192474, 9.69433116913, 10.1239004135, 10.5534696579, 10.9830379486, 11.4009971619, 11.8305664062, 12.2601356506, 12.689704895, 13.1192741394, 13.5488433838, 13.9784126282, 14.4079818726, 14.8375511169, 15.2671203613, 15.696688652, 16.1262588501, 16.5558280945, 16.9737873077, 17.4033565521, 17.8329238892, 18.2508831024, 18.6688423157, 19.0868015289, 19.5163707733, 19.9459400177, 20.3755092621, 20.8050785065, 21.246257782, 21.6758270264, 22.0937862396, 22.523355484, 22.9529247284, 23.3824939728, 23.8120632172, 24.2416324615, 24.6828117371, 25.1123809814, 25.5419502258, 25.9599094391, 26.3894786835, 26.8190479279, 27.2602272034, 27.6897945404, 28.1193637848, 28.537322998, 28.9552822113, 29.3732414246, 29.8028106689, 30.2323799133, 30.6619491577, 31.079908371, 31.5094776154, 31.9274368286, 32.357006073, 32.7865753174, 33.2277526855, 33.6689338684, 34.1101112366, 34.539680481, 34.9692497253, 35.4104309082, 35.8283882141, 36.2579574585, 36.6875267029, 37.1170959473, 37.5466651917, 37.976234436, 38.4058036804, 38.8353729248, 39.2533340454, 39.6712913513, 40.1008605957, 40.5304298401, 40.9599990845, 41.3895683289, 41.8191375732, 42.2603149414, 42.6898841858, 43.1194534302, 43.5490226746, 43.9785919189, 44.4081611633, 44.8377304077, 45.2672996521, 45.6968688965, 46.1148300171, 46.5443992615, 46.9739685059, 47.4035377502, 47.8214950562, 48.2394561768, 48.6690254211, 49.0869827271, 49.5281639099, 49.9693412781, 50.3989105225, 50.8284797668, 51.2580490112, 51.6876182556, 52.1055755615, 52.5235366821, 52.9531059265, 53.3826751709, 53.8238525391, 54.2650337219, 54.7062110901, 55.1357803345, 55.5537414551, 55.9833106995, 56.4012680054, 56.8308372498, 57.2604064941, 57.6899757385, 58.1195449829, 58.5491142273, 58.9786834717, 59.4082527161, 59.8378219604, 60.2673912048, 60.6969604492, 61.1265296936, 61.556098938, 61.9740562439, 62.4036254883, 62.8331947327, 63.2627639771, 63.6923332214, 64.1219024658, 64.5514755249, 64.9694290161, 65.3990020752, 65.8285675049, 66.258140564, 66.6877059937, 67.1172790527, 67.5468444824, 67.9764175415, 68.4059829712, 68.8355560303, 69.26512146, 69.6830825806, 70.1126480103, 70.5422210693, 70.971786499, 71.4013595581, 71.8309249878, 72.2604980469, 72.6900634766, 73.1196365356, 73.5492019653, 73.9787750244, 74.396736145, 74.8379135132, 75.2674789429, 75.697052002, 76.1150131226, 76.5445785522, 76.9741516113, 77.403717041, 77.8332901001, 78.2628555298, 78.6924285889, 79.1219940186, 79.5515594482, 79.9695205688, 80.3990936279, 80.8402709961, 81.2698364258, 81.6877975464, 82.1173706055, 82.5469360352, 82.9881134033, 83.4060745239, 83.8240356445, 84.2536010742, 84.6831741333, 85.1243515015, 85.5423126221, 85.9718780518, 86.4014511108, 86.8310165405, 87.2605895996, 87.6901550293, 88.1197280884, 88.5492935181, 88.9788665771, 89.3968200684, 89.814781189, 90.2559585571, 90.6739196777, 91.1034927368, 91.5330581665, 91.9626312256, 92.3921966553, 92.8333740234, 93.2629470825, 93.6809082031, 94.1104736328, 94.5400466919, 94.9696121216, 95.3991851807, 95.8287506104, 96.2583236694, 96.6878890991, 97.1058502197, 97.5354156494, 97.9649887085, 98.3945541382, 98.8241271973, 99.253692627, 99.683265686, 100.112831116, 100.530792236, 100.948753357, 101.389930725, 101.819496155, 102.249069214, 102.678634644, 103.108207703, 103.537773132, 103.967346191, 104.396911621, 104.82648468, 105.25605011, 105.685623169, 106.115188599, 106.544761658, 106.974327087, 107.392288208, 107.821853638, 108.251426697, 108.680992126, 109.110565186, 109.540130615, 109.969703674, 110.399269104, 110.817230225, 111.246803284, 111.676368713, 112.117546082, 112.547119141, 112.965080261, 113.394645691, 113.82421875, 114.242172241, 114.6717453, 115.10131073, 115.530883789, 115.960449219, 116.390022278, 116.819587708, 117.237548828, 117.667114258, 118.096687317, 118.526252747, 118.955825806, 119.397003174, 119.826576233, 120.256141663, 120.685714722, 121.103668213, 121.533241272, 121.962806702, 122.392379761, 122.82194519, 123.25151825, 123.681083679, 124.110656738, 124.540222168, 124.969795227, 125.387756348, 125.817321777, 126.246894836, 126.676460266, 127.106025696, 127.535598755, 127.965164185, 128.394729614, 128.824310303, 129.242263794, 129.671829224, 130.101409912, 130.519363403, 130.948928833, 131.378494263, 131.808074951, 132.237640381, 132.667205811, 133.09677124, 133.526351929, 133.955917358, 134.385482788, 134.815048218, 135.233016968, 135.662582397, 136.068939209, 136.4868927, 136.928070068, 137.369247437, 137.810424805, 138.239990234, 138.669570923, 139.110748291, 139.540313721, 139.96987915, 140.399459839, 140.829025269, 141.258590698, 141.688156128, 142.106124878, 142.535690308, 142.965255737, 143.394821167, 143.824401855, 144.253967285, 144.683532715, 145.113098145, 145.542678833, 145.972244263, 146.401809692, 146.819763184, 147.249343872, 147.678909302, 148.108474731, 148.538040161, 148.96762085, 149.397186279, 149.838363647, 150.267929077, 150.697509766, 151.115463257, 151.545028687, 151.974594116, 152.392562866, 152.822128296, 153.251693726, 153.681274414, 154.110839844, 154.540405273, 154.969970703, 155.399536133, 155.829116821, 156.258682251, 156.688247681, 157.106216431, 157.53578186, 157.96534729, 158.39491272, 158.824493408, 159.242446899, 159.683624268, 160.113189697, 160.542770386, 160.960723877, 161.390289307, 161.819854736, 162.249435425, 162.679000854, 163.108566284, 163.538131714, 163.967712402, 164.397277832, 164.826843262, 165.256408691, 165.674377441, 166.103942871, 166.533508301, 166.96307373, 167.392654419, 167.822219849, 168.251785278, 168.681350708, 169.110931396, 169.528884888, 169.958450317, 170.388031006, 170.829208374, 171.247161865, 171.676727295, 172.106307983, 172.535873413, 172.965438843, 173.395004272, 173.824569702, 174.254150391, 174.68371582, 175.101669312, 175.53125, 175.972427368, 176.401992798, 176.831558228, 177.261123657, 177.690704346, 178.108657837, 178.538223267, 178.967803955, 179.397369385, 179.826934814, 180.256500244, 180.686080933, 181.115646362, 181.533599854, 181.951568604, 182.392745972, 182.822311401, 183.251876831, 183.693054199, 184.134231567, 184.575408936, 184.993377686, 185.411331177, 185.829299927, 186.247253418, 186.676818848, 187.106384277, 187.535964966, 187.953918457, 188.383483887, 188.813064575, 189.242630005, 189.672195435, 190.101760864, 190.531341553, 190.960906982, 191.390472412, 191.820037842, 192.24961853, 192.67918396, 193.10874939, 193.538314819, 193.967880249, 194.397460938, 194.827026367, 195.256591797, 195.686157227, 196.115737915, 196.545303345, 196.974868774, 197.404434204, 197.822402954, 198.251968384, 198.681533813, 199.111114502, 199.529067993, 199.958633423, 200.388198853, 200.817779541, 201.247344971, 201.6769104, 202.10647583, 202.536056519, 202.965621948, 203.395187378, 203.824752808, 204.254333496, 204.683898926, 205.113464355, 205.543029785, 205.972610474, 206.402175903, 206.820129395, 207.261306763, 207.679275513, 208.108840942, 208.538406372, 208.967971802, 209.39755249, 209.838729858, 210.268295288, 210.697860718, 211.092605591, 211.487350464, 211.882080078, 212.276824951, 212.671554565, 213.0546875, 213.449432373, 213.855773926, 214.262130737],
    "bpm_histogram": [0, 0, 0, 0, 0, 0, 0, 0, 0, 0, 0, 0, 0, 0, 0, 0, 0, 0, 0, 0, 0, 0, 0, 0, 0, 0, 0, 0, 0, 0, 0, 0, 0, 0, 0, 0, 0, 0, 0, 0, 0, 0, 0, 0, 0, 0, 0, 0, 0, 0, 0, 0, 0, 0, 0, 0, 0, 0, 0, 0, 0, 0, 0, 0, 0, 0, 0, 0, 0, 0, 0, 0, 0, 0, 0, 0, 0, 0, 0, 0, 0, 0, 0, 0, 0, 0, 0, 0, 0, 0, 0, 0, 0, 0, 0, 0, 0, 0, 0, 0, 0, 0, 0, 0, 0, 0, 0, 0, 0, 0, 0, 0, 0, 0, 0, 0, 0, 0, 0, 0, 0, 0, 0, 0, 0, 0, 0, 0, 0, 0, 0, 0, 0, 0, 0, 0, 0.0719999969006, 0, 0, 0, 0.748000025749, 0, 0, 0, 0.153999999166, 0, 0, 0, 0.00999999977648, 0, 0, 0, 0.0140000004321, 0, 0, 0, 0, 0.00200000009499, 0, 0, 0, 0, 0, 0, 0, 0, 0, 0, 0, 0, 0, 0, 0, 0, 0, 0, 0, 0, 0, 0, 0, 0, 0, 0, 0, 0, 0, 0, 0, 0, 0, 0, 0, 0, 0, 0, 0, 0, 0, 0, 0, 0, 0, 0, 0, 0, 0, 0, 0, 0, 0, 0, 0, 0, 0, 0, 0, 0, 0, 0, 0, 0, 0, 0, 0, 0, 0, 0, 0, 0, 0, 0, 0, 0, 0, 0, 0, 0, 0, 0, 0, 0, 0, 0, 0, 0, 0, 0, 0, 0]
},
"tonal": {
    "chords_changes_rate": 0.0639723390341,
    "chords_number_rate": 0.00280959578231,
    "chords_strength": {
        "mean": 0.496044307947
    },
    "hpcp_crest": {
        "mean": 13.7968120575
    },
    "hpcp_entropy": {
        "mean": 2.03823399544
    },
    "key_edma": {
        "strength": 0.799453139305,
        "key": "G",
        "scale": "major"
    },
    "key_krumhansl": {
        "strength": 0.813028395176,
        "key": "G",
        "scale": "major"
    },
    "key_temperley": {
        "strength": 0.826970517635,
        "key": "G",
        "scale": "major"
    },
    "tuning_diatonic_strength": 0.650119006634,
    "tuning_equal_tempered_deviation": 0.0236380491406,
    "tuning_frequency": 440,
    "tuning_nontempered_energy_ratio": 0.697834253311,
    "hpcp": {
        "mean": [0.190527245402, 0.126315549016, 0.0594815351069, 0.0458837561309, 0.0511176772416, 0.132834628224, 0.215327262878, 0.165371000767, 0.1860460639, 0.2129098773, 0.11887806654, 0.0781872868538, 0.0790759623051, 0.088862799108, 0.172111004591, 0.276067942381, 0.203717187047, 0.0874958410859, 0.0617373511195, 0.0520747639239, 0.126835599542, 0.185521304607, 0.116037629545, 0.0733883678913, 0.0715952217579, 0.0557103417814, 0.0777685269713, 0.102363795042, 0.0966209992766, 0.186077669263, 0.266809254885, 0.168350473046, 0.0977865681052, 0.0868505090475, 0.076968960464, 0.14417642355]
    },
    "chords_histogram": [20.8342342377, 8.92586994171, 17.3978824615, 0, 1.62092065811, 0.691592812538, 4.32245492935, 0, 1.18867516518, 0, 0.108061380684, 0, 0.367408692837, 1.14545059204, 0, 7.17527532578, 0, 0.216122761369, 0.41063323617, 1.21028745174, 3.02571868896, 2.96088171005, 10.8709745407, 17.5275554657],
    "thpcp": [1, 0.737924098969, 0.316935896873, 0.223631009459, 0.188630253077, 0.459436178207, 0.672013223171, 0.420322716236, 0.265834450722, 0.259339123964, 0.2017993927, 0.281700670719, 0.370792031288, 0.349989920855, 0.674028515816, 0.966462314129, 0.609815359116, 0.354211956263, 0.314598321915, 0.278804421425, 0.522249758244, 0.690146207809, 0.457552403212, 0.215459764004, 0.166204571724, 0.185163393617, 0.481166422367, 0.779979228973, 0.599022805691, 0.673914074898, 0.771222770214, 0.430611640215, 0.283217549324, 0.286436587572, 0.321887433529, 0.623437106609],
    "chords_key": "G",
    "chords_scale": "major"
}
}