{
"metadata": {
    "version": {
        "essentia": "2.1-beta6-dev",
        "essentia_git_sha": "v2.1_beta5-1177-g1d1cc983",
        "extractor": "music 2.0"
    },
    "audio_properties": {
        "analysis": {
            "equal_loudness": 0,
            "length": 264.676879883,
            "sample_rate": 44100,
            "start_time": 0,
            "downmix": "mix"
        },
        "bit_rate": 1411200,
        "length": 264.676879883,
        "lossless": 1,
        "number_channels": 2,
        "replay_gain": -14.7338905334,
        "sample_rate": 44100,
        "codec": "pcm_s16le",
        "md5_encoded": "9c7ef8e94d16a5c7773386fc3d085464"
    },
    "tags": {
        "file_name": "04 - The Front Bottoms - Twin Size Mattress.wav",
        "album": ["Talon Of The Hawk"],
        "albumartist": ["The Front Bottoms"],
        "artist": ["The Front Bottoms"],
        "copyright": ["2013 Bar None Records 2013 Bar None Records"],
        "date": ["2013"],
        "discnumber": ["1"],
        "disctotal": ["1"],
        "genre": ["Rock"],
        "isrc": ["US37V1322204"],
        "title": ["Twin Size Mattress"],
        "tracknumber": ["4"],
        "tracktotal": ["12"]
    }
},
"lowlevel": {
    "average_loudness": 0.924863696098,
    "barkbands_crest": {
        "mean": 9.91082954407
    },
    "barkbands_flatness_db": {
        "mean": 0.146282494068
    },
    "barkbands_kurtosis": {
        "mean": 7.78694009781
    },
    "barkbands_skewness": {
        "mean": 1.69455862045
    },
    "barkbands_spread": {
        "mean": 22.9072685242
    },
    "dissonance": {
        "mean": 0.463449627161
    },
    "dynamic_complexity": 2.75561523438,
    "erbbands_crest": {
        "mean": 8.52288722992
    },
    "erbbands_flatness_db": {
        "mean": 0.149993419647
    },
    "erbbands_kurtosis": {
        "mean": 0.246847495437
    },
    "erbbands_skewness": {
        "mean": 0.102494187653
    },
    "erbbands_spread": {
        "mean": 43.7612876892
    },
    "hfc": {
        "mean": 23.9485969543
    },
    "loudness_ebu128": {
        "integrated": -8.10674571991,
        "loudness_range": 5.68010091782,
        "momentary": {
            "mean": -9.33241081238
        },
        "short_term": {
            "mean": -8.79712963104
        }
    },
    "melbands_crest": {
        "mean": 13.7948026657
    },
    "melbands_flatness_db": {
        "mean": 0.221665427089
    },
    "melbands_kurtosis": {
        "mean": 19.4600658417
    },
    "melbands_skewness": {
        "mean": 3.10234212875
    },
    "melbands_spread": {
        "mean": 21.0118980408
    },
    "pitch_salience": {
        "mean": 0.55145585537
    },
    "silence_rate_20dB": {
        "mean": 1
    },
    "silence_rate_30dB": {
        "mean": 0.986052632332
    },
    "silence_rate_60dB": {
        "mean": 0.0271929819137
    },
    "spectral_centroid": {
        "mean": 1238.78051758
    },
    "spectral_complexity": {
        "mean": 20.6608772278
    },
    "spectral_decrease": {
        "mean": -9.27362897585e-09
    },
    "spectral_energy": {
        "mean": 0.037172999233
    },
    "spectral_energyband_high": {
        "mean": 0.00111804821063
    },
    "spectral_energyband_low": {
        "mean": 0.0166356507689
    },
    "spectral_energyband_middle_high": {
        "mean": 0.00550298625603
    },
    "spectral_energyband_middle_low": {
        "mean": 0.0162244811654
    },
    "spectral_entropy": {
        "mean": 7.39207792282
    },
    "spectral_flux": {
        "mean": 0.0939892828465
    },
    "spectral_kurtosis": {
        "mean": 6.04604434967
    },
    "spectral_rms": {
        "mean": 0.00565946474671
    },
    "spectral_rolloff": {
        "mean": 1462.35168457
    },
    "spectral_skewness": {
        "mean": 1.69869410992
    },
    "spectral_spread": {
        "mean": 4684866
    },
    "spectral_strongpeak": {
        "mean": 0.701427817345
    },
    "zerocrossingrate": {
        "mean": 0.0583186000586
    },
    "barkbands": {
        "mean": [0.000196119901375, 0.00891441013664, 0.00530042266473, 0.0044583324343, 0.00626891944557, 0.00161150482018, 0.00176175520755, 0.000636131269857, 0.00130362808704, 0.000671227346174, 0.000612456002273, 0.000500098976772, 0.000507076561917, 0.000667977437843, 0.000657350174151, 0.000535256520379, 0.000603413383942, 0.000335428427206, 0.000360867154086, 0.000323119747918, 0.00024474345264, 0.000106872015749, 0.000193629719433, 0.000243499482167, 0.000108587519208, 4.34061039414e-05, 6.33681156614e-06]
    },
    "erbbands": {
        "mean": [0.176410615444, 2.26199913025, 6.39049005508, 10.9750490189, 17.7749137878, 23.2807121277, 13.2537155151, 14.5193281174, 22.5707149506, 22.9493865967, 15.5688943863, 25.7842960358, 29.02293396, 18.2298030853, 25.1319847107, 19.8032951355, 25.1671867371, 24.8058242798, 34.8209877014, 29.8944511414, 36.4317207336, 34.067855835, 20.4542827606, 16.5154590607, 19.7320747375, 13.7721796036, 12.7358522415, 7.72122335434, 3.84859585762, 4.9295592308, 5.36335611343, 5.92752456665, 3.33921194077, 1.57734084129, 0.600865483284, 0.276296079159, 0.0564819760621, 0.00817365851253, 0.00111844670027, 0.000105603598058]
    },
    "gfcc": {
        "mean": [6.25746011734, 101.362739563, -104.162025452, 37.3213310242, -48.4429779053, 10.0986118317, -41.1608352661, 7.77806663513, -22.5589313507, -4.46985340118, -14.660692215, -7.11842775345, -9.0197057724],
        "cov": [[14689.8291016, -1204.48657227, -557.052062988, 787.588134766, -805.795166016, 631.045654297, -348.421203613, 303.780273438, -515.922607422, 182.251220703, -261.203704834, 247.139129639, -264.999023438], [-1204.48657227, 1883.71020508, -418.333190918, -285.162109375, 293.938781738, -289.740112305, 129.286468506, -47.7698135376, 164.970230103, -196.989059448, 117.264564514, -103.59475708, 111.915992737], [-557.052062988, -418.333190918, 844.787597656, 61.2029571533, -100.526863098, 109.99684906, -43.7316017151, 10.0787277222, -7.4363822937, 57.8162956238, -62.8256797791, 33.541217804, -26.3820075989], [787.588134766, -285.162109375, 61.2029571533, 427.03112793, -22.5691165924, 27.7517604828, -11.6694231033, 32.3709030151, 2.72109293938, 29.8879394531, -15.6636037827, 18.8344993591, -9.32246685028], [-805.795166016, 293.938781738, -100.526863098, -22.5691165924, 357.741424561, -54.3377876282, 67.9868850708, 12.6949033737, 94.1299819946, -2.40970754623, 25.1995067596, -1.70623862743, 28.1745090485], [631.045654297, -289.740112305, 109.99684906, 27.7517604828, -54.3377876282, 272.72177124, 63.5395965576, 5.77773189545, -31.8524398804, 54.4961738586, -11.9817075729, 27.8130455017, -9.41697692871], [-348.421203613, 129.286468506, -43.7316017151, -11.6694231033, 67.9868850708, 63.5395965576, 206.453369141, -4.57909727097, 25.6301898956, 3.24310588837, 22.5425796509, 6.78906106949, 22.0080223083], [303.780273438, -47.7698135376, 10.0787277222, 32.3709030151, 12.6949033737, 5.77773189545, -4.57909727097, 150.780899048, 20.2524223328, -6.30155515671, 17.2045021057, 20.757768631, -1.69376206398], [-515.922607422, 164.970230103, -7.4363822937, 2.72109293938, 94.1299819946, -31.8524398804, 25.6301898956, 20.2524223328, 137.091018677, 15.236243248, 14.3775520325, -5.12154245377, 33.5871582031], [182.251220703, -196.989059448, 57.8162956238, 29.8879394531, -2.40970754623, 54.4961738586, 3.24310588837, -6.30155515671, 15.236243248, 116.064208984, -6.48057460785, 13.9510917664, -10.7483072281], [-261.203704834, 117.264564514, -62.8256797791, -15.6636037827, 25.1995067596, -11.9817075729, 22.5425796509, 17.2045021057, 14.3775520325, -6.48057460785, 98.549079895, 11.4441013336, 5.35341691971], [247.139129639, -103.59475708, 33.541217804, 18.8344993591, -1.70623862743, 27.8130455017, 6.78906106949, 20.757768631, -5.12154245377, 13.9510917664, 11.4441013336, 82.6408920288, 9.55453777313], [-264.999023438, 111.915992737, -26.3820075989, -9.32246685028, 28.1745090485, -9.41697692871, 22.0080223083, -1.69376206398, 33.5871582031, -10.7483072281, 5.35341691971, 9.55453777313, 89.2054138184]],
        "icov": [[0.000201416682103, -0.000250232435064, 0.000312688818667, -0.000381913589081, 0.000333784759277, -0.000561223831028, 0.000424887432018, -0.000494144624099, 0.000553445366677, -0.000469606777187, 0.00075243570609, -0.000713816145435, 0.000452304549981], [-0.000250232435064, 0.00155281031039, -0.000212608720176, 0.000979932025075, -0.000789083132986, 0.00137694156729, -0.00109230121598, 0.00102251907811, -0.00160141312517, 0.00207893573679, -0.0018296870403, 0.00185334670823, -0.00120374094695], [0.000312688818667, -0.000212608720176, 0.00191464938689, -0.000583994202316, 0.000759484304581, -0.00123949965928, 0.000873330747709, -0.000752877036575, 0.000295143749099, -0.00079106335761, 0.0018246951513, -0.00150559749454, 0.000945682171732], [-0.000381913589081, 0.000979932025075, -0.000583994202316, 0.00340490438975, -0.00066336808959, 0.00128447799943, -0.000970425491687, 0.000574389589019, -0.00154912949074, 0.000994264264591, -0.00137677241582, 0.001357056899, -0.000945051666349], [0.000333784759277, -0.000789083132986, 0.000759484304581, -0.00066336808959, 0.00444620382041, -0.000475484295748, -0.000222462404054, -0.00101244426332, -0.00105187715963, -0.00127016124316, 0.00145582866389, -0.00179561483674, 0.00106596807018], [-0.000561223831028, 0.00137694156729, -0.00123949965928, 0.00128447799943, -0.000475484295748, 0.00712718581781, -0.00357675622217, 0.00111434538849, -0.000686159473844, -6.96664137649e-05, -0.00211040792055, 0.00166932935826, -0.00162308651488], [0.000424887432018, -0.00109230121598, 0.000873330747709, -0.000970425491687, -0.000222462404054, -0.00357675622217, 0.00737092318013, -0.000668339605909, 0.000893934920896, -0.00107743882108, 0.000886228866875, -0.00193626340479, 0.000338753481628], [-0.000494144624099, 0.00102251907811, -0.000752877036575, 0.000574389589019, -0.00101244426332, 0.00111434538849, -0.000668339605909, 0.00879410002381, -0.00323486072011, 0.00287297088653, -0.0032427944243, 0.000194804335479, -0.000406262406614], [0.000553445366677, -0.00160141312517, 0.000295143749099, -0.00154912949074, -0.00105187715963, -0.000686159473844, 0.000893934920896, -0.00323486072011, 0.0130249001086, -0.00491868751124, 0.00184414337855, -0.000872477190569, -0.001957510598], [-0.000469606777187, 0.00207893573679, -0.00079106335761, 0.000994264264591, -0.00127016124316, -6.96664137649e-05, -0.00107743882108, 0.00287297088653, -0.00491868751124, 0.0135788619518, -0.00253876089118, 0.00121283624321, 9.14035917958e-05], [0.00075243570609, -0.0018296870403, 0.0018246951513, -0.00137677241582, 0.00145582866389, -0.00211040792055, 0.000886228866875, -0.0032427944243, 0.00184414337855, -0.00253876089118, 0.0150379538536, -0.00533244386315, 0.00263213017024], [-0.000713816145435, 0.00185334670823, -0.00150559749454, 0.001357056899, -0.00179561483674, 0.00166932935826, -0.00193626340479, 0.000194804335479, -0.000872477190569, 0.00121283624321, -0.00533244386315, 0.0173819940537, -0.00459148781374], [0.000452304549981, -0.00120374094695, 0.000945682171732, -0.000945051666349, 0.00106596807018, -0.00162308651488, 0.000338753481628, -0.000406262406614, -0.001957510598, 9.14035917958e-05, 0.00263213017024, -0.00459148781374, 0.0147274034098]]
    },
    "melbands": {
        "mean": [0.00205397419631, 0.00327761773951, 0.00209655915387, 0.00154324853793, 0.000580922467634, 0.00033257441828, 0.00033841811819, 0.000224387229537, 0.000131964770844, 0.000171260733623, 0.000146660924656, 7.44424032746e-05, 9.40625905059e-05, 5.14854145877e-05, 6.48537170491e-05, 4.5814911573e-05, 4.70426311949e-05, 5.69360199734e-05, 5.95175370108e-05, 2.5117833502e-05, 4.52167696494e-05, 3.58500074071e-05, 2.64197151409e-05, 1.39002358992e-05, 1.2727316971e-05, 1.56649493874e-05, 1.17540230349e-05, 8.61128137331e-06, 9.27267501538e-06, 5.64462334296e-06, 3.81242580261e-06, 2.13656926462e-06, 1.93979894902e-06, 3.15678289553e-06, 2.97014548778e-06, 3.70145107809e-06, 3.42380644724e-06, 2.39871178564e-06, 1.82917256097e-06, 1.16943226658e-06]
    },
    "melbands128": {
        "mean": [0.000179779774044, 0.00106878182851, 0.00271481950767, 0.00416254671291, 0.00364799844101, 0.00239953375421, 0.00218843854964, 0.00222230609506, 0.00160602841061, 0.00179862778168, 0.00130081630778, 0.000753366213758, 0.000344741274603, 0.000414472800912, 0.000327751302393, 0.000255216873484, 0.000404969672672, 0.000340707920259, 0.00025996111799, 0.000320090184687, 0.000146000733366, 0.000133660549182, 9.57468291745e-05, 0.000179369264515, 0.000169498918694, 0.000152073436766, 0.000230071920669, 0.000107317966467, 0.000141744181747, 7.28639352019e-05, 3.53799296136e-05, 9.53973503783e-05, 0.000140650678077, 4.52660242445e-05, 7.02389588696e-05, 4.09071544709e-05, 4.07949191867e-05, 6.94198679412e-05, 8.92100433703e-05, 4.37540402345e-05, 2.41874895437e-05, 6.64184044581e-05, 3.37163728545e-05, 2.66901970463e-05, 0.000109368353151, 4.03199082939e-05, 2.63905785687e-05, 0.000102388527011, 4.10103893955e-05, 2.88558694592e-05, 1.76195808308e-05, 2.23438855755e-05, 6.52183807688e-05, 4.91531900479e-05, 2.31112644542e-05, 4.364083361e-05, 3.07629888994e-05, 3.58752040484e-05, 2.21313857764e-05, 1.49156012412e-05, 1.21507182484e-05, 1.46582970046e-05, 1.20237064039e-05, 1.11642548291e-05, 1.60158433573e-05, 1.63563745446e-05, 1.49230027091e-05, 1.48411090777e-05, 1.06477373265e-05, 7.95529649622e-06, 7.31414229449e-06, 9.88819101622e-06, 1.09477905426e-05, 1.01173291114e-05, 5.97790085521e-06, 4.81951201436e-06, 6.42944451101e-06, 5.23743256053e-06, 3.27378370457e-06, 2.5045997063e-06, 2.35529273596e-06, 1.83066367754e-06, 1.88755245745e-06, 1.72301849943e-06, 2.13170756069e-06, 2.9308869216e-06, 3.552615226e-06, 3.70460747945e-06, 2.72249485533e-06, 2.65121002485e-06, 2.98196641779e-06, 3.89926708522e-06, 5.14662860951e-06, 3.2331086004e-06, 2.81048255601e-06, 2.26808765547e-06, 2.44968077823e-06, 2.3163354399e-06, 1.89386639704e-06, 1.57488148034e-06, 1.33808657665e-06, 1.0700009625e-06, 1.01842874756e-06, 8.17354646188e-07, 5.82360144108e-07, 5.16765396696e-07, 4.99947475419e-07, 6.77740217725e-07, 5.10347433647e-07, 3.8597605112e-07, 2.57157665828e-07, 2.09713007848e-07, 1.59569793823e-07, 1.06598683658e-07, 8.33994135974e-08, 6.36615098415e-08, 4.83888058511e-08, 4.54951738504e-08, 4.17859453705e-08, 3.76548499048e-08, 2.85591443827e-08, 2.10987316507e-08, 1.72069825055e-08, 1.32325927993e-08, 1.20906644696e-08, 1.16121441351e-08, 9.66259694479e-09, 4.70386529727e-09]
    },
    "mfcc": {
        "mean": [-638.229736328, 129.675384521, 8.08138084412, 29.0399360657, 14.8540210724, 2.17570257187, 0.799256622791, 3.62215733528, -2.67361044884, 6.00314950943, -8.26500701904, -0.492580682039, -2.91468000412],
        "cov": [[10477.2753906, -1571.89611816, 124.579170227, 6.34021568298, -123.533493042, 210.031036377, 171.839935303, 123.149856567, -74.9578781128, 42.2012367249, -59.5903930664, 173.006652832, -123.044715881], [-1571.89611816, 1873.94543457, -428.980438232, -51.5631370544, 72.2232208252, -143.045944214, -38.0152130127, 67.3075180054, 10.1269416809, 12.3982582092, -5.10292625427, -92.6173934937, 80.7787322998], [124.579170227, -428.980438232, 776.385986328, -15.6642417908, -18.9725589752, 68.4584350586, -18.5144824982, -42.0198554993, 24.0346603394, -19.8741264343, -16.7606563568, -2.76072430611, 11.3563337326], [6.34021568298, -51.5631370544, -15.6642417908, 334.653656006, 71.2287826538, -17.8830795288, -31.8730983734, 26.3539638519, 17.0295333862, 15.7429122925, -3.04794001579, 20.8385353088, 13.1645097733], [-123.533493042, 72.2232208252, -18.9725589752, 71.2287826538, 219.996322632, -40.0852203369, -34.9104156494, 11.9898481369, 15.0262508392, 16.7345161438, 11.8410758972, 13.322432518, 19.8579521179], [210.031036377, -143.045944214, 68.4584350586, -17.8830795288, -40.0852203369, 252.080429077, 51.7372093201, -21.9122943878, 40.7664146423, 18.977148056, 8.64992427826, 19.9928817749, -13.3515233994], [171.839935303, -38.0152130127, -18.5144824982, -31.8730983734, -34.9104156494, 51.7372093201, 145.685409546, 39.3980331421, 3.38217616081, -6.5672249794, 19.9419498444, 19.9657382965, -4.72387742996], [123.149856567, 67.3075180054, -42.0198554993, 26.3539638519, 11.9898481369, -21.9122943878, 39.3980331421, 131.120513916, 20.3187732697, -0.610986232758, 7.40214538574, 17.0405864716, 12.9917449951], [-74.9578781128, 10.1269416809, 24.0346603394, 17.0295333862, 15.0262508392, 40.7664146423, 3.38217616081, 20.3187732697, 114.139335632, 29.1143379211, -4.86406755447, -3.19757390022, 8.25626754761], [42.2012367249, 12.3982582092, -19.8741264343, 15.7429122925, 16.7345161438, 18.977148056, -6.5672249794, -0.610986232758, 29.1143379211, 96.2378845215, 19.9857349396, -5.61074781418, -3.88754177094], [-59.5903930664, -5.10292625427, -16.7606563568, -3.04794001579, 11.8410758972, 8.64992427826, 19.9419498444, 7.40214538574, -4.86406755447, 19.9857349396, 82.5851974487, 26.2110977173, -3.36206960678], [173.006652832, -92.6173934937, -2.76072430611, 20.8385353088, 13.322432518, 19.9928817749, 19.9657382965, 17.0405864716, -3.19757390022, -5.61074781418, 26.2110977173, 99.1106643677, 16.092212677], [-123.044715881, 80.7787322998, 11.3563337326, 13.1645097733, 19.8579521179, -13.3515233994, -4.72387742996, 12.9917449951, 8.25626754761, -3.88754177094, -3.36206960678, 16.092212677, 76.789100647]],
        "icov": [[0.000120966520626, 9.58086457103e-05, 2.18243803829e-05, 2.48398391705e-05, 9.24319465412e-06, -5.54642429051e-05, -5.53323916392e-05, -0.000183284006198, 0.000153317538206, -0.000160465628142, 0.000236307852902, -0.000159810457262, 0.000120360746223], [9.58086457103e-05, 0.000822059053462, 0.000421177799581, 0.000216738233576, -0.000154704728629, 9.68558961176e-05, 0.000118407544505, -0.000445647048764, 3.18901547871e-05, -7.91169077274e-05, -1.69765335158e-05, 0.000758290290833, -0.00083825137699], [2.18243803829e-05, 0.000421177799581, 0.00159871811047, 0.000140952281072, -1.91673389054e-05, -0.000310864881612, 0.00031327016768, 0.000172348125488, -0.000347692344803, 0.000430841842899, 7.6393080235e-06, 0.000478857982671, -0.000768491474446], [2.48398391705e-05, 0.000216738233576, 0.000140952281072, 0.00344294030219, -0.000910211238079, 4.70238910566e-06, 0.000795468338765, -0.00084205204621, -0.000163595657796, -0.000458530557808, 0.000473971595056, -0.000573046912905, -0.000236470630625], [9.24319465412e-06, -0.000154704728629, -1.91673389054e-05, -0.000910211238079, 0.0054291356355, 0.000688457570504, 0.00102110777516, -0.000126102415379, -0.000675028713886, -0.000545847637113, -0.000826448202133, -0.000743126962334, -0.000699215801433], [-5.54642429051e-05, 9.68558961176e-05, -0.000310864881612, 4.70238910566e-06, 0.000688457570504, 0.00533046247438, -0.00195516110398, 0.00172318832483, -0.00210826657712, -0.000746965873986, -5.56716213396e-06, -0.00110052525997, 0.000610619201325], [-5.53323916392e-05, 0.000118407544505, 0.00031327016768, 0.000795468338765, 0.00102110777516, -0.00195516110398, 0.00935096479952, -0.00317382044159, 0.000237265310716, 0.00108039751649, -0.00194547709543, -0.000474144238979, 0.000155652698595], [-0.000183284006198, -0.000445647048764, 0.000172348125488, -0.00084205204621, -0.000126102415379, 0.00172318832483, -0.00317382044159, 0.010135628283, -0.00243861041963, 0.000563355453778, -0.000401901692385, -0.00116464099847, -0.000766670738813], [0.000153317538206, 3.18901547871e-05, -0.000347692344803, -0.000163595657796, -0.000675028713886, -0.00210826657712, 0.000237265310716, -0.00243861041963, 0.0112370075658, -0.00335922115482, 0.00178983644582, 0.000516517204233, -0.000881367712282], [-0.000160465628142, -7.91169077274e-05, 0.000430841842899, -0.000458530557808, -0.000545847637113, -0.000746965873986, 0.00108039751649, 0.000563355453778, -0.00335922115482, 0.0129498373717, -0.00412857858464, 0.00189822970424, 0.000261644163402], [0.000236307852902, -1.69765335158e-05, 7.6393080235e-06, 0.000473971595056, -0.000826448202133, -5.56716213396e-06, -0.00194547709543, -0.000401901692385, 0.00178983644582, -0.00412857858464, 0.0155281946063, -0.00451310863718, 0.00169939803891], [-0.000159810457262, 0.000758290290833, 0.000478857982671, -0.000573046912905, -0.000743126962334, -0.00110052525997, -0.000474144238979, -0.00116464099847, 0.000516517204233, 0.00189822970424, -0.00451310863718, 0.0137800863013, -0.00390248163603], [0.000120360746223, -0.00083825137699, -0.000768491474446, -0.000236470630625, -0.000699215801433, 0.000610619201325, 0.000155652698595, -0.000766670738813, -0.000881367712282, 0.000261644163402, 0.00169939803891, -0.00390248163603, 0.0156780499965]]
    },
    "spectral_contrast_coeffs": {
        "mean": [-0.688319683075, -0.739380717278, -0.737582504749, -0.755652427673, -0.765677154064, -0.787947237492]
    },
    "spectral_contrast_valleys": {
        "mean": [-6.29798841476, -6.78795146942, -7.68906021118, -7.8510723114, -7.78313207626, -10.2231988907]
    }
},
"rhythm": {
    "beats_count": 639,
    "beats_loudness": {
        "mean": 0.0491642132401
    },
    "bpm": 144.867248535,
    "bpm_histogram_first_peak_bpm": 144,
    "bpm_histogram_first_peak_weight": 0.53205126524,
    "bpm_histogram_second_peak_bpm": 152,
    "bpm_histogram_second_peak_spread": 0,
    "bpm_histogram_second_peak_weight": 0.15673981607,
    "danceability": 1.15785217285,
    "onset_rate": 3.50968837738,
    "beats_loudness_band_ratio": {
        "mean": [0.552972733974, 0.210515886545, 0.107351630926, 0.0588325001299, 0.0689535662532, 0.0460391379893]
    },
    "beats_position": [0.452789098024, 0.882358253002, 1.31192743778, 1.74149656296, 2.15945577621, 2.57741498947, 3.00698399544, 3.43655323982, 3.85451245308, 4.27247142792, 4.7020406723, 5.13160991669, 5.54956912994, 5.9675283432, 6.39709758759, 6.82666635513, 7.24462556839, 7.67419481277, 8.12698364258, 8.55655288696, 8.98612213135, 9.41569137573, 9.84526062012, 10.2748298645, 10.71600914, 11.1687984467, 11.6099767685, 12.051156044, 12.4923353195, 12.9219045639, 13.3514738083, 13.7810430527, 14.2106122971, 14.6517915726, 15.0813598633, 15.5225391388, 15.9637184143, 16.4048976898, 16.8576869965, 17.3104763031, 17.786485672, 18.2392749786, 18.7152824402, 19.1680717468, 19.6208610535, 20.062040329, 20.5032196045, 20.94439888, 21.3971881866, 21.8499774933, 22.2911567688, 22.7207260132, 23.1502952576, 23.5682544708, 23.9978218079, 24.4273910522, 24.8453502655, 25.2516994476, 25.6928787231, 26.1224479675, 26.563627243, 26.9931964874, 27.4343757629, 27.8639450073, 28.3051242828, 28.7230834961, 29.1410427094, 29.5590019226, 29.9653511047, 30.3717002869, 30.778049469, 31.1843986511, 31.6023578644, 32.0203170776, 32.4382743835, 32.8562355042, 33.2741928101, 33.6921539307, 34.1101112366, 34.5280723572, 34.9460296631, 35.3639907837, 35.7703399658, 36.1766891479, 36.5946464539, 37.0126075745, 37.4305648804, 37.848526001, 38.2664833069, 38.6844444275, 39.1024017334, 39.520362854, 39.9267120361, 40.3330612183, 40.7394104004, 41.1457595825, 41.5637168884, 41.981678009, 42.4112472534, 42.8292045593, 43.2355537415, 43.6535148621, 44.071472168, 44.4778213501, 44.8841705322, 45.3021316528, 45.708480835, 46.1264381409, 46.5443992615, 46.9507484436, 47.3687057495, 47.7866668701, 48.204624176, 48.6225852966, 49.0405426025, 49.4468917847, 49.8532409668, 50.2595901489, 50.6659393311, 51.0839004517, 51.5018577576, 51.9198188782, 52.3261680603, 52.7325172424, 53.1504745483, 53.5568237305, 53.9747848511, 54.3811340332, 54.7990913391, 55.2054405212, 55.6117897034, 56.0181388855, 56.4244880676, 56.819229126, 57.2371864319, 57.6551475525, 58.0731048584, 58.491065979, 58.8974151611, 59.3037643433, 59.7101135254, 60.1164627075, 60.5228118896, 60.9291610718, 61.3471183777, 61.7650794983, 62.1946487427, 62.6126060486, 63.042175293, 63.4717445374, 63.9129257202, 64.3424911499, 64.7372360229, 65.1435852051, 65.5499343872, 65.9562835693, 66.3626327515, 66.7573699951, 67.1637191772, 67.5584564209, 67.964805603, 68.3827667236, 68.8007278442, 69.2186813354, 69.6366424561, 70.0546035767, 70.4609527588, 70.8673019409, 71.273651123, 71.7032165527, 72.1211776733, 72.5391387939, 72.9570999146, 73.3866653442, 73.8162307739, 74.2341918945, 74.6521530151, 75.0701141357, 75.488067627, 75.917640686, 76.3472061157, 76.7651672363, 77.1831283569, 77.6010894775, 78.0190429688, 78.4370040894, 78.85496521, 79.2613143921, 79.6792755127, 80.0972290039, 80.5151901245, 80.9563674927, 81.3743286133, 81.7922897339, 82.198638916, 82.6049880981, 83.0113372803, 83.4176864624, 83.8240356445, 84.2419967651, 84.6599502563, 85.077911377, 85.4958724976, 85.9022216797, 86.3085708618, 86.7149200439, 87.1212692261, 87.5392303467, 87.9455795288, 88.36353302, 88.7698822021, 89.1878433228, 89.5941925049, 90.000541687, 90.4068908691, 90.8132400513, 91.2312011719, 91.6491622925, 92.0555114746, 92.4618606567, 92.8682098389, 93.274559021, 93.6925125122, 94.1104736328, 94.5168228149, 94.9231719971, 95.3411331177, 95.7590942383, 96.1654434204, 96.5717926025, 96.9781417847, 97.3844909668, 97.802444458, 98.2087936401, 98.6151428223, 99.0331039429, 99.439453125, 99.8458023071, 100.240539551, 100.658500671, 101.076461792, 101.482810974, 101.889160156, 102.307121277, 102.725074768, 103.143035889, 103.549385071, 103.955734253, 104.373695374, 104.768432617, 105.174781799, 105.59274292, 105.999092102, 106.417053223, 106.823402405, 107.252967834, 107.670928955, 108.077278137, 108.483627319, 108.889976501, 109.307937622, 109.714286804, 110.132240295, 110.550201416, 110.94493866, 111.351287842, 111.757637024, 112.175598145, 112.593559265, 112.999908447, 113.406257629, 113.82421875, 114.242172241, 114.660133362, 115.054870605, 115.472831726, 115.890792847, 116.297142029, 116.703491211, 117.121452332, 117.527801514, 117.934150696, 118.352104187, 118.770065308, 119.188026428, 119.59437561, 120.012336731, 120.418685913, 120.836639404, 121.242988586, 121.649337769, 122.067298889, 122.48526001, 122.90322113, 123.309570312, 123.715919495, 124.133872986, 124.551834106, 124.969795227, 125.387756348, 125.805709839, 126.212059021, 126.618408203, 127.036369324, 127.454330444, 127.860679626, 128.267028809, 128.6849823, 129.10295105, 129.520904541, 129.927261353, 130.333602905, 130.751556396, 131.169525146, 131.587478638, 131.993835449, 132.400177002, 132.806533813, 133.212875366, 133.630844116, 134.048797607, 134.466751099, 134.884719849, 135.30267334, 135.720626831, 136.138595581, 136.556549072, 136.974502563, 137.392471313, 137.798812866, 138.205169678, 138.623123169, 139.052688599, 139.470657349, 139.876998901, 140.294967651, 140.712921143, 141.130874634, 141.548843384, 141.966796875, 142.384765625, 142.791107178, 143.197463989, 143.61541748, 144.033370972, 144.451339722, 144.869293213, 145.287246704, 145.705215454, 146.123168945, 146.541137695, 146.959091187, 147.377044678, 147.795013428, 148.212966919, 148.63092041, 149.04888916, 149.466842651, 149.884811401, 150.302764893, 150.720718384, 151.138687134, 151.556640625, 151.974594116, 152.392562866, 152.798904419, 153.20526123, 153.623214722, 154.041183472, 154.447525024, 154.877090454, 155.306671143, 155.736236572, 156.154190063, 156.572158813, 157.001724243, 157.431289673, 157.849243164, 158.267211914, 158.685165405, 159.103118896, 159.521087646, 159.939041138, 160.357009888, 160.798187256, 161.239364624, 161.680541992, 162.12171936, 162.562896729, 163.004074097, 163.445251465, 163.886444092, 164.32762146, 164.768798828, 165.209976196, 165.639541626, 166.080718994, 166.533508301, 166.997909546, 167.462310791, 167.915100098, 168.391113281, 168.855514526, 169.319900513, 169.772689819, 170.225479126, 170.70149231, 171.142669678, 171.583847046, 172.036636353, 172.489425659, 172.942214966, 173.371795654, 173.801361084, 174.219314575, 174.637283325, 175.055236816, 175.449981689, 175.856323242, 176.262680054, 176.669021606, 177.086975098, 177.493331909, 177.888076782, 178.294418335, 178.700775146, 179.118728638, 179.52507019, 179.94303894, 180.349380493, 180.767349243, 181.173690796, 181.580047607, 181.998001099, 182.41595459, 182.810699463, 183.205444336, 183.60017395, 184.0181427, 184.412872314, 184.807617188, 185.21395874, 185.620315552, 186.015060425, 186.421401978, 186.827758789, 187.222488403, 187.617233276, 188.035186768, 188.453155518, 188.85949707, 189.254241943, 189.648971558, 190.055328369, 190.461669922, 190.868026733, 191.274368286, 191.680725098, 192.08706665, 192.481811523, 192.888153076, 193.306121826, 193.724075317, 194.11882019, 194.513549805, 194.931518555, 195.337860107, 195.744216919, 196.150558472, 196.568527222, 196.974868774, 197.369613647, 197.764343262, 198.170700073, 198.577041626, 198.971786499, 199.378143311, 199.784484863, 200.190841675, 200.597183228, 201.003540039, 201.409881592, 201.816238403, 202.222579956, 202.617324829, 203.023666382, 203.430023193, 203.824752808, 204.231109619, 204.637451172, 205.032196045, 205.438537598, 205.844894409, 206.2628479, 206.657592773, 207.052337646, 207.447067261, 207.865036011, 208.259765625, 208.654510498, 209.060852051, 209.467208862, 209.885162354, 210.279907227, 210.6746521, 211.069381714, 211.475738525, 211.87046814, 212.265213013, 212.671554565, 213.066299438, 213.461044312, 213.867385864, 214.273742676, 214.66847229, 215.063217163, 215.457962036, 215.85269165, 216.247436523, 216.665390015, 217.060134888, 217.478088379, 217.872833252, 218.267562866, 218.650695801, 219.057052612, 219.451782227, 219.8465271, 220.241271973, 220.636001587, 221.019134521, 221.402267456, 221.79699707, 222.203353882, 222.598098755, 222.992828369, 223.387573242, 223.793914795, 224.177047729, 224.560180664, 224.954910278, 225.349655151, 225.744400024, 226.139129639, 226.533874512, 226.940216064, 227.334960938, 227.741317749, 228.136047363, 228.530792236, 228.925521851, 229.320266724, 229.726623535, 230.132965088, 230.527709961, 230.922439575, 231.317184448, 231.711929321, 232.118270874, 232.513015747, 232.9193573, 233.314102173, 233.720443726, 234.126800537, 234.53314209, 234.939498901, 235.345840454, 235.752197266, 236.14692688, 236.56489563, 236.959625244, 237.354370117, 237.74911499, 238.120635986, 238.515365601, 238.910110474, 239.304855347, 239.699584961, 240.094329834, 240.489059448, 240.89541626, 241.301757812, 241.696502686, 242.091247559, 242.485977173, 242.880722046, 243.275466919, 243.670196533, 244.076553345, 244.482894897, 244.877639771, 245.272369385, 245.667114258, 246.073471069, 246.479812622, 246.874557495, 247.269287109, 247.675643921, 248.081985474, 248.476730347, 248.87147522, 249.266204834, 249.660949707, 250.05569458, 250.462036133, 250.868392944, 251.263122559, 251.66947937, 252.075820923, 252.493789673, 252.911743164, 253.329696655, 253.747665405, 254.165618896, 254.583572388, 254.989929199, 255.396270752, 255.814239502, 256.232208252, 256.638549805, 257.044891357, 257.462860107, 257.88079834, 258.29876709, 258.72833252, 259.157897949, 259.587463379, 260.017059326, 260.423400879, 260.829742432, 261.236083984, 261.596008301, 261.9559021, 262.315826416, 262.675720215, 263.035644531, 263.39553833, 263.755462646, 264.115356445],
    "bpm_histogram": [0, 0, 0, 0, 0, 0, 0, 0, 0, 0, 0, 0, 0, 0, 0, 0, 0, 0, 0, 0, 0, 0, 0, 0, 0, 0, 0, 0, 0, 0, 0, 0, 0, 0, 0, 0, 0, 0, 0, 0, 0, 0, 0, 0, 0, 0, 0, 0, 0, 0, 0, 0, 0, 0, 0, 0, 0, 0, 0, 0, 0, 0, 0, 0, 0, 0, 0, 0, 0, 0, 0, 0, 0, 0, 0, 0, 0, 0, 0, 0, 0, 0, 0, 0, 0, 0, 0, 0, 0, 0, 0, 0, 0, 0, 0, 0, 0, 0, 0, 0, 0, 0, 0, 0, 0, 0, 0, 0, 0, 0, 0, 0, 0, 0, 0, 0, 0, 0, 0, 0, 0, 0, 0, 0, 0, 0, 0.00626959232613, 0, 0, 0.00626959232613, 0, 0, 0, 0.0250783693045, 0, 0, 0.0501567386091, 0, 0, 0, 0.0799373015761, 0, 0, 0, 0.343260198832, 0, 0, 0, 0.310344815254, 0, 0, 0, 0.15673981607, 0, 0, 0, 0, 0.00783699098974, 0, 0, 0, 0.00156739808153, 0, 0, 0, 0, 0, 0.0125391846523, 0, 0, 0, 0, 0, 0, 0, 0, 0, 0, 0, 0, 0, 0, 0, 0, 0, 0, 0, 0, 0, 0, 0, 0, 0, 0, 0, 0, 0, 0, 0, 0, 0, 0, 0, 0, 0, 0, 0, 0, 0, 0, 0, 0, 0, 0, 0, 0, 0, 0, 0, 0, 0, 0, 0, 0, 0, 0, 0, 0, 0, 0, 0, 0, 0, 0, 0, 0, 0, 0, 0, 0, 0, 0, 0, 0, 0, 0, 0, 0, 0, 0]
},
"tonal": {
    "chords_changes_rate": 0.0506928600371,
    "chords_number_rate": 0.00210489379242,
    "chords_strength": {
        "mean": 0.522474527359
    },
    "hpcp_crest": {
        "mean": 13.249876976
    },
    "hpcp_entropy": {
        "mean": 1.98459112644
    },
    "key_edma": {
        "strength": 0.832998931408,
        "key": "E",
        "scale": "major"
    },
    "key_krumhansl": {
        "strength": 0.847236216068,
        "key": "E",
        "scale": "major"
    },
    "key_temperley": {
        "strength": 0.858104467392,
        "key": "E",
        "scale": "major"
    },
    "tuning_diatonic_strength": 0.668259501457,
    "tuning_equal_tempered_deviation": 0.0142166074365,
    "tuning_frequency": 440.508636475,
    "tuning_nontempered_energy_ratio": 0.654277145863,
    "hpcp": {
        "mean": [0.199681460857, 0.101577840745, 0.0688065066934, 0.0830298960209, 0.0747700333595, 0.193593457341, 0.320387363434, 0.188831150532, 0.0558872371912, 0.0476272180676, 0.0493474900723, 0.113971658051, 0.163334786892, 0.10309804976, 0.0567833781242, 0.051872421056, 0.0500305518508, 0.0919822305441, 0.124529756606, 0.129954963923, 0.25953567028, 0.368358194828, 0.247692286968, 0.115064263344, 0.0764681771398, 0.0607166513801, 0.0952380672097, 0.138548836112, 0.107710383832, 0.0694121494889, 0.0594590008259, 0.0648445412517, 0.181977570057, 0.262713879347, 0.191894441843, 0.198335051537]
    },
    "chords_histogram": [40.9928092957, 5.54288721085, 7.80564832687, 0.0526223480701, 1.89440453053, 0.1754078269, 1.17523241043, 1.5786703825, 2.17505693436, 0, 0, 0, 0, 0, 0.10524469614, 0.0877039134502, 0, 1.36818099022, 0.01754078269, 2.6311173439, 0.10524469614, 5.22715330124, 10.3139801025, 18.7510967255],
    "thpcp": [1, 0.672422349453, 0.312370568514, 0.20759190619, 0.164830461144, 0.25854742527, 0.376125305891, 0.292406648397, 0.188436552882, 0.161416262388, 0.176036641002, 0.494023412466, 0.713202238083, 0.520945250988, 0.5384298563, 0.542085051537, 0.275758326054, 0.186792388558, 0.225405320525, 0.202981859446, 0.525557637215, 0.869771242142, 0.512629151344, 0.151719808578, 0.129295930266, 0.133966043591, 0.309404432774, 0.443412929773, 0.279885321856, 0.154152616858, 0.140820592642, 0.135820388794, 0.249708652496, 0.338067024946, 0.352795094252, 0.704574167728],
    "chords_key": "E",
    "chords_scale": "major"
}
}