{
"metadata": {
    "version": {
        "essentia": "2.1-beta6-dev",
        "essentia_git_sha": "v2.1_beta5-1177-g1d1cc983",
        "extractor": "music 2.0"
    },
    "audio_properties": {
        "analysis": {
            "equal_loudness": 0,
            "length": 122.186668396,
            "sample_rate": 44100,
            "start_time": 0,
            "downmix": "mix"
        },
        "bit_rate": 1411200,
        "length": 122.186668396,
        "lossless": 1,
        "number_channels": 2,
        "replay_gain": -15.6537380219,
        "sample_rate": 44100,
        "codec": "pcm_s16le",
        "md5_encoded": "1130bb891fb20edd630c32dc01ca98cd"
    },
    "tags": {
        "file_name": "03 - The Front Bottoms - Looking Like You Just Woke Up.wav",
        "album": ["The Front Bottoms"],
        "albumartist": ["The Front Bottoms"],
        "artist": ["The Front Bottoms"],
        "copyright": ["2011 Bar None Records 2011 Bar None Records"],
        "date": ["2011"],
        "discnumber": ["1"],
        "disctotal": ["1"],
        "genre": ["Rock"],
        "isrc": ["US37V1120703"],
        "title": ["Looking Like You Just Woke Up"],
        "tracknumber": ["3"],
        "tracktotal": ["12"]
    }
},
"lowlevel": {
    "average_loudness": 0.971390068531,
    "barkbands_crest": {
        "mean": 9.19348335266
    },
    "barkbands_flatness_db": {
        "mean": 0.119864858687
    },
    "barkbands_kurtosis": {
        "mean": 1.30812549591
    },
    "barkbands_skewness": {
        "mean": 0.745812952518
    },
    "barkbands_spread": {
        "mean": 28.9116191864
    },
    "dissonance": {
        "mean": 0.475955814123
    },
    "dynamic_complexity": 2.7913210392,
    "erbbands_crest": {
        "mean": 8.66433048248
    },
    "erbbands_flatness_db": {
        "mean": 0.162982448936
    },
    "erbbands_kurtosis": {
        "mean": 0.567323505878
    },
    "erbbands_skewness": {
        "mean": -0.279640674591
    },
    "erbbands_spread": {
        "mean": 34.3636283875
    },
    "hfc": {
        "mean": 30.2100143433
    },
    "loudness_ebu128": {
        "integrated": -6.60645866394,
        "loudness_range": 1.66338300705,
        "momentary": {
            "mean": -8.43879985809
        },
        "short_term": {
            "mean": -7.07705259323
        }
    },
    "melbands_crest": {
        "mean": 11.9127159119
    },
    "melbands_flatness_db": {
        "mean": 0.167496502399
    },
    "melbands_kurtosis": {
        "mean": 6.67331027985
    },
    "melbands_skewness": {
        "mean": 1.99789643288
    },
    "melbands_spread": {
        "mean": 35.4764556885
    },
    "pitch_salience": {
        "mean": 0.569271862507
    },
    "silence_rate_20dB": {
        "mean": 1
    },
    "silence_rate_30dB": {
        "mean": 1
    },
    "silence_rate_60dB": {
        "mean": 0.066109418869
    },
    "spectral_centroid": {
        "mean": 1807.31018066
    },
    "spectral_complexity": {
        "mean": 25.3381462097
    },
    "spectral_decrease": {
        "mean": -8.11265987721e-09
    },
    "spectral_energy": {
        "mean": 0.0333591885865
    },
    "spectral_energyband_high": {
        "mean": 0.0011809761636
    },
    "spectral_energyband_low": {
        "mean": 0.0114609263837
    },
    "spectral_energyband_middle_high": {
        "mean": 0.00986930914223
    },
    "spectral_energyband_middle_low": {
        "mean": 0.0120101328939
    },
    "spectral_entropy": {
        "mean": 7.73589992523
    },
    "spectral_flux": {
        "mean": 0.100328311324
    },
    "spectral_kurtosis": {
        "mean": 4.23137807846
    },
    "spectral_rms": {
        "mean": 0.00535286823288
    },
    "spectral_rolloff": {
        "mean": 2564.72583008
    },
    "spectral_skewness": {
        "mean": 1.37802612782
    },
    "spectral_spread": {
        "mean": 4345427.5
    },
    "spectral_strongpeak": {
        "mean": 1.16029691696
    },
    "zerocrossingrate": {
        "mean": 0.0872763767838
    },
    "barkbands": {
        "mean": [0.000146885868162, 0.00791718810797, 0.00240837875754, 0.00192222534679, 0.00519666448236, 0.000634836847894, 0.00122238299809, 0.0013324955944, 0.00129661010578, 0.00133246229962, 0.000788584467955, 0.00129231065512, 0.0012429151684, 0.00101520284079, 0.0012228928972, 0.000808271754067, 0.000920749153011, 0.00070703815436, 0.000519633700605, 0.000403101061238, 0.000248347554589, 0.000297496211715, 0.000168866172316, 0.000175270091859, 0.000120470387628, 1.49240913743e-05, 2.85466308014e-06]
    },
    "erbbands": {
        "mean": [0.169210210443, 1.9384958744, 3.28926539421, 5.12189722061, 15.1217241287, 15.9809894562, 6.8559794426, 5.20667409897, 12.779001236, 25.9762210846, 27.5144462585, 25.7366123199, 41.3778343201, 44.3237991333, 32.8240394592, 59.2976303101, 58.7151031494, 59.3816413879, 67.0371398926, 51.542881012, 41.1215019226, 51.6140632629, 44.4439811707, 23.6277732849, 29.7679958344, 18.2217235565, 10.325504303, 10.6236944199, 11.2599067688, 7.16666698456, 4.32983160019, 3.52702903748, 3.0154747963, 1.70137059689, 0.651944637299, 0.127220973372, 0.0176555477083, 0.00381035567261, 0.000480444636196, 6.61204685457e-05]
    },
    "gfcc": {
        "mean": [-0.250075668097, 76.0434112549, -133.277206421, 41.0811767578, -43.1416816711, 22.1560897827, -31.0389289856, 4.87552499771, -24.0332927704, -4.63081932068, -17.4441738129, -3.31901693344, -9.0246257782],
        "cov": [[28281.3515625, 4929.41113281, -1262.54736328, 1213.78808594, -629.626464844, 1067.28735352, -619.151794434, 281.015136719, -527.655029297, -49.5279998779, -371.848266602, -263.11227417, -296.425384521], [4929.41113281, 2548.35888672, -154.492507935, 9.4556016922, 203.410751343, 66.1789703369, -2.70286870003, 42.04454422, 17.4043521881, -86.2959213257, 4.58164930344, -153.437316895, -63.2847251892], [-1262.54736328, -154.492507935, 883.819396973, 204.752761841, 225.513259888, 199.021636963, 57.7229728699, -4.56622838974, 13.2329797745, 52.7635040283, -55.6924285889, 63.4061203003, 18.1186695099], [1213.78808594, 9.4556016922, 204.752761841, 566.458496094, 130.390518188, 171.059371948, -17.214635849, 6.53068876266, -16.049987793, -0.45928260684, -34.9768714905, 44.5870742798, 20.1442470551], [-629.626464844, 203.410751343, 225.513259888, 130.390518188, 453.553619385, 41.9812507629, 25.0495300293, 10.6496629715, 32.6838722229, 4.60223960876, -12.8113365173, 28.7753448486, 21.8721256256], [1067.28735352, 66.1789703369, 199.021636963, 171.059371948, 41.9812507629, 354.009796143, 53.6276664734, -8.70708560944, -46.4768714905, 14.6687030792, -45.1298179626, 4.41545200348, 14.5049753189], [-619.151794434, -2.70286870003, 57.7229728699, -17.214635849, 25.0495300293, 53.6276664734, 225.599060059, 21.9595756531, -13.837934494, -13.042804718, 10.9328632355, 19.1698360443, -5.25273752213], [281.015136719, 42.04454422, -4.56622838974, 6.53068876266, 10.6496629715, -8.70708560944, 21.9595756531, 147.001937866, 47.2465515137, 7.35730218887, 6.10929012299, -24.6621990204, -8.38150119781], [-527.655029297, 17.4043521881, 13.2329797745, -16.049987793, 32.6838722229, -46.4768714905, -13.837934494, 47.2465515137, 146.555084229, 47.231338501, 18.2097091675, -23.5810260773, -2.12989330292], [-49.5279998779, -86.2959213257, 52.7635040283, -0.45928260684, 4.60223960876, 14.6687030792, -13.042804718, 7.35730218887, 47.231338501, 94.4190368652, 15.2681570053, 6.10281038284, -12.6393766403], [-371.848266602, 4.58164930344, -55.6924285889, -34.9768714905, -12.8113365173, -45.1298179626, 10.9328632355, 6.10929012299, 18.2097091675, 15.2681570053, 97.6848602295, 11.3482456207, -2.47659826279], [-263.11227417, -153.437316895, 63.4061203003, 44.5870742798, 28.7753448486, 4.41545200348, 19.1698360443, -24.6621990204, -23.5810260773, 6.10281038284, 11.3482456207, 94.782409668, 15.2852954865], [-296.425384521, -63.2847251892, 18.1186695099, 20.1442470551, 21.8721256256, 14.5049753189, -5.25273752213, -8.38150119781, -2.12989330292, -12.6393766403, -2.47659826279, 15.2852954865, 59.5601501465]],
        "icov": [[0.000300468644127, -0.000626983703114, 0.000553209043574, -0.000579711864702, 0.00059747567866, -0.000744069227949, 0.000888155191205, -0.00102528417483, 0.00118333601858, -0.0010387027869, 0.00103157851845, -0.000764887896366, 0.000813918828499], [-0.000626983703114, 0.00182280410081, -0.00104335683864, 0.00121599913109, -0.00160019041505, 0.00131631747354, -0.00178911734838, 0.00217117834836, -0.00257299118675, 0.00276825274341, -0.00241974671371, 0.00233081565239, -0.00106605084147], [0.000553209043574, -0.00104335683864, 0.00268296245486, -0.00123411940876, 0.000430355750723, -0.00203988840804, 0.00139766617212, -0.00183484086301, 0.00190075265709, -0.00256211333908, 0.00264663435519, -0.00210424861871, 0.0016240311088], [-0.000579711864702, 0.00121599913109, -0.00123411940876, 0.00351745681837, -0.00160165620036, 0.000290769181447, -0.00100636330899, 0.00155241950415, -0.00247566774487, 0.00260304380208, -0.00178162485827, 0.000272426201263, -0.00144042843021], [0.00059747567866, -0.00160019041505, 0.000430355750723, -0.00160165620036, 0.00415789149702, -0.00114294292871, 0.00148649106268, -0.00207257829607, 0.00163997127675, -0.00201496412046, 0.00229942239821, -0.00235042441636, 0.000604868284427], [-0.000744069227949, 0.00131631747354, -0.00203988840804, 0.000290769181447, -0.00114294292871, 0.00635171914473, -0.00345927337185, 0.00263591879047, -0.00102215236984, 0.000358420045814, -0.00127642194275, 0.00319841317832, -0.00367801054381], [0.000888155191205, -0.00178911734838, 0.00139766617212, -0.00100636330899, 0.00148649106268, -0.00345927337185, 0.00791653152555, -0.00414073374122, 0.00348563422449, -0.00139682681765, 0.00196814071387, -0.00373885896988, 0.00371609604917], [-0.00102528417483, 0.00217117834836, -0.00183484086301, 0.00155241950415, -0.00207257829607, 0.00263591879047, -0.00414073374122, 0.0116458078846, -0.00661773560569, 0.00405517779291, -0.00377834099345, 0.00441302591935, -0.00203559547663], [0.00118333601858, -0.00257299118675, 0.00190075265709, -0.00247566774487, 0.00163997127675, -0.00102215236984, 0.00348563422449, -0.00661773560569, 0.0155323324725, -0.00989615637809, 0.00325602618977, 8.48972631502e-05, 0.00100633571856], [-0.0010387027869, 0.00276825274341, -0.00256211333908, 0.00260304380208, -0.00201496412046, 0.000358420045814, -0.00139682681765, 0.00405517779291, -0.00989615637809, 0.0197356790304, -0.00606988975778, 0.000661994447, 0.00218296004459], [0.00103157851845, -0.00241974671371, 0.00264663435519, -0.00178162485827, 0.00229942239821, -0.00127642194275, 0.00196814071387, -0.00377834099345, 0.00325602618977, -0.00606988975778, 0.0158639773726, -0.00506830494851, 0.00225746282376], [-0.000764887896366, 0.00233081565239, -0.00210424861871, 0.000272426201263, -0.00235042441636, 0.00319841317832, -0.00373885896988, 0.00441302591935, 8.48972631502e-05, 0.000661994447, -0.00506830494851, 0.0173278357834, -0.004920901265], [0.000813918828499, -0.00106605084147, 0.0016240311088, -0.00144042843021, 0.000604868284427, -0.00367801054381, 0.00371609604917, -0.00203559547663, 0.00100633571856, 0.00218296004459, 0.00225746282376, -0.004920901265, 0.0222718287259]]
    },
    "melbands": {
        "mean": [0.00192527275067, 0.00206107040867, 0.00113952194806, 0.00126019143499, 0.000297661463264, 0.000117082112411, 0.000210215846892, 0.000285520858597, 0.000206962315133, 0.000176537098014, 0.000206158307265, 0.000179097638465, 0.000110138673335, 0.000131350374431, 0.000148408085806, 0.000126330167404, 0.000103220176243, 0.000103440012026, 7.57746383897e-05, 6.19865240878e-05, 4.57234273199e-05, 5.17377593496e-05, 5.41771914868e-05, 2.92343829642e-05, 1.69805571204e-05, 2.20643596549e-05, 1.94553031179e-05, 1.02889007394e-05, 6.35687047179e-06, 5.85494763072e-06, 6.3711340772e-06, 6.94315258443e-06, 4.91610353492e-06, 3.5980622215e-06, 2.42083706326e-06, 2.23891856876e-06, 2.16339572034e-06, 2.17206525122e-06, 1.88393005374e-06, 1.28025021695e-06]
    },
    "melbands128": {
        "mean": [0.000133657144033, 0.0009777470259, 0.00285393511876, 0.00342237157747, 0.00203945045359, 0.00110908178613, 0.000994185335003, 0.000937656790484, 0.00166009366512, 0.0016637747176, 0.000761532050092, 0.000358845165465, 0.000211167134694, 0.000146566831972, 0.000112544890726, 9.47109292611e-05, 0.000140880074468, 0.000253913109191, 0.000247366842814, 0.000348296831362, 0.000246717041591, 0.000252288969932, 0.000234808627283, 0.000113983704068, 0.000134174581035, 0.00018183485372, 0.000320936116623, 0.000187727695447, 0.000122950761579, 0.00022946477111, 0.00018110453675, 0.000119215677842, 0.000131902386784, 7.15899877832e-05, 8.75858604559e-05, 0.000158848430146, 0.000196084627532, 0.000137508352054, 0.000134698100737, 0.000121155215311, 0.000120468372188, 0.000140837670187, 0.00011642791651, 8.15347011667e-05, 5.62347922823e-05, 0.000124228303321, 0.000147463884787, 4.91813225381e-05, 5.65098162042e-05, 8.8800843514e-05, 5.79410079808e-05, 4.31902517448e-05, 4.58530521428e-05, 4.37686030637e-05, 5.21102374478e-05, 4.9058773584e-05, 5.39295942872e-05, 6.43309904262e-05, 5.28540294908e-05, 3.87519576179e-05, 2.90229108941e-05, 2.14380215766e-05, 1.71125975612e-05, 1.54532808665e-05, 1.65875990206e-05, 2.38251104747e-05, 2.47570842475e-05, 2.06387612707e-05, 2.07417542697e-05, 1.39573148772e-05, 9.78127081908e-06, 8.90867249836e-06, 7.12869405106e-06, 5.85710768064e-06, 5.45297916688e-06, 6.27381859886e-06, 5.64727452002e-06, 5.30943407284e-06, 6.86625799062e-06, 6.32567116554e-06, 9.06460354599e-06, 5.65970367461e-06, 5.65745312997e-06, 5.32646299689e-06, 3.74152500626e-06, 4.16540478909e-06, 3.62038667845e-06, 2.33238301917e-06, 2.45948058364e-06, 2.20919196181e-06, 2.56508451457e-06, 2.15761247091e-06, 1.86631325505e-06, 2.20214519686e-06, 2.31525473282e-06, 2.22958897211e-06, 2.169527761e-06, 2.04697153094e-06, 1.97696931536e-06, 1.79103290066e-06, 1.46202421547e-06, 1.18219782053e-06, 1.10381370177e-06, 9.01797648112e-07, 7.92986213582e-07, 5.49669380234e-07, 3.9222291548e-07, 2.76231332919e-07, 1.79968083103e-07, 1.14247647787e-07, 6.68885391519e-08, 5.48436140946e-08, 4.35787903541e-08, 3.75983510992e-08, 3.20112540919e-08, 3.07810843481e-08, 2.91300317201e-08, 2.53358898306e-08, 1.93472278198e-08, 1.37072877493e-08, 1.03874082669e-08, 8.04576494318e-09, 7.2595187639e-09, 5.61998492188e-09, 4.20495549491e-09, 3.21165272155e-09, 2.38558550691e-09, 1.55979340555e-09]
    },
    "mfcc": {
        "mean": [-629.570007324, 101.383682251, -20.1848182678, 23.6873226166, 10.3263587952, 16.4147415161, 6.3439116478, 10.0250654221, 1.90450739861, 0.177642866969, 0.465124994516, -5.63440036774, -4.26165294647],
        "cov": [[17340.84375, 3408.85766602, 396.620269775, 152.57711792, 190.154449463, 309.37097168, 111.987937927, 130.78515625, -37.0820045471, 70.3383102417, 74.5180587769, -35.8719406128, -151.272781372], [3408.85766602, 2172.11181641, -153.411758423, 41.4351348877, 178.977996826, -3.86900448799, 60.6470718384, 58.4024429321, 0.803584098816, 92.8743515015, 50.7910842896, -21.1612815857, -1.9941573143], [396.620269775, -153.411758423, 641.560302734, 85.0376434326, 99.9046020508, 220.596359253, 77.3196411133, 38.5580749512, 84.6337280273, -15.3938798904, 10.0415897369, 44.0793380737, -19.4129695892], [152.57711792, 41.4351348877, 85.0376434326, 396.558929443, 170.827957153, 79.6503677368, 22.5044612885, 61.4938850403, 27.6984634399, 2.92678666115, -25.5022563934, 29.9810180664, 21.3184242249], [190.154449463, 178.977996826, 99.9046020508, 170.827957153, 392.691467285, 109.931907654, 9.33123493195, 16.0989646912, 56.4935874939, 36.021522522, -17.3253154755, 14.9463653564, -1.55433320999], [309.37097168, -3.86900448799, 220.596359253, 79.6503677368, 109.931907654, 333.4168396, 108.023368835, 38.5141983032, 57.3371238708, -31.7773227692, -6.40970420837, 10.9137191772, -30.8461704254], [111.987937927, 60.6470718384, 77.3196411133, 22.5044612885, 9.33123493195, 108.023368835, 194.330337524, 76.7207717896, 26.1701469421, -21.7426319122, 10.581609726, -0.137907937169, -16.738571167], [130.78515625, 58.4024429321, 38.5580749512, 61.4938850403, 16.0989646912, 38.5141983032, 76.7207717896, 126.138633728, 36.3568992615, 2.73117828369, 5.53942012787, 0.101908951998, -3.33948850632], [-37.0820045471, 0.803584098816, 84.6337280273, 27.6984634399, 56.4935874939, 57.3371238708, 26.1701469421, 36.3568992615, 120.932640076, 40.381942749, 11.8708162308, -1.67777132988, -6.28289175034], [70.3383102417, 92.8743515015, -15.3938798904, 2.92678666115, 36.021522522, -31.7773227692, -21.7426319122, 2.73117828369, 40.381942749, 122.360023499, 35.8082008362, 6.6715722084, 14.4678249359], [74.5180587769, 50.7910842896, 10.0415897369, -25.5022563934, -17.3253154755, -6.40970420837, 10.581609726, 5.53942012787, 11.8708162308, 35.8082008362, 81.2997131348, 25.71443367, 16.482427597], [-35.8719406128, -21.1612815857, 44.0793380737, 29.9810180664, 14.9463653564, 10.9137191772, -0.137907937169, 0.101908951998, -1.67777132988, 6.6715722084, 25.71443367, 76.9075622559, 30.4518661499], [-151.272781372, -1.9941573143, -19.4129695892, 21.3184242249, -1.55433320999, -30.8461704254, -16.738571167, -3.33948850632, -6.28289175034, 14.4678249359, 16.482427597, 30.4518661499, 76.7738494873]],
        "icov": [[9.35796051635e-05, -0.000158373382874, -9.73257483565e-05, -3.17358826578e-05, 6.81020173943e-05, -7.07215076545e-05, 9.20878301258e-05, -4.97791297676e-05, 0.000119726682897, -1.66472236742e-05, -3.32011550199e-05, 1.29993713927e-05, 0.000170258615981], [-0.000158373382874, 0.000800260109827, 0.000318646227242, 8.46971524879e-05, -0.000430945161497, 0.000112506422738, -0.000333841162501, -0.00013261238928, 8.53046731208e-05, -0.000303568056552, -0.000298464990919, 0.000219036388444, -0.000234904320678], [-9.73257483565e-05, 0.000318646227242, 0.00237015634775, -6.56266347505e-05, -0.000203583520488, -0.00103931687772, -0.000182647592737, 6.0335471062e-05, -0.00115845352411, 0.000333282514475, -0.000186821911484, -0.00123293069191, 0.000346685439581], [-3.17358826578e-05, 8.46971524879e-05, -6.56266347505e-05, 0.00369799369946, -0.00138354918454, -0.000350765476469, 0.000387661799323, -0.00191705755424, 0.000292936747428, -4.56139532616e-05, 0.00145561655518, -0.00110991601832, -0.00111128063872], [6.81020173943e-05, -0.000430945161497, -0.000203583520488, -0.00138354918454, 0.00390221551061, -0.000974274473265, 0.000388286192901, 0.000669431407005, -0.000895860488527, -0.0011107622413, 0.00116530375089, -0.000498788722325, 0.000340700527886], [-7.07215076545e-05, 0.000112506422738, -0.00103931687772, -0.000350765476469, -0.000974274473265, 0.00532342493534, -0.0023265464697, 0.000846797775012, -0.00146325968672, 0.00145732285455, -5.17724183737e-05, -0.000431311462307, 0.00113469839562], [9.20878301258e-05, -0.000333841162501, -0.000182647592737, 0.000387661799323, 0.000388286192901, -0.0023265464697, 0.0085984673351, -0.00466751400381, 0.00028148695128, 0.00132319924887, -0.00149657484144, 0.000276054313872, 0.000749181723222], [-4.97791297676e-05, -0.00013261238928, 6.0335471062e-05, -0.00191705755424, 0.000669431407005, 0.000846797775012, -0.00466751400381, 0.0123392660171, -0.00306191458367, 0.000169581559021, -0.000245952513069, 0.000407457031542, -7.24142519175e-05], [0.000119726682897, 8.53046731208e-05, -0.00115845352411, 0.000292936747428, -0.000895860488527, -0.00146325968672, 0.00028148695128, -0.00306191458367, 0.0126057509333, -0.00442501483485, -0.000585470290389, 0.00166546995752, 0.000516579195391], [-1.66472236742e-05, -0.000303568056552, 0.000333282514475, -4.56139532616e-05, -0.0011107622413, 0.00145732285455, 0.00132319924887, 0.000169581559021, -0.00442501483485, 0.0123858032748, -0.00496563129127, 0.000615802477114, -0.000959236756898], [-3.32011550199e-05, -0.000298464990919, -0.000186821911484, 0.00145561655518, 0.00116530375089, -5.17724183737e-05, -0.00149657484144, -0.000245952513069, -0.000585470290389, -0.00496563129127, 0.017845466733, -0.00572124915197, -0.00153286417481], [1.29993713927e-05, 0.000219036388444, -0.00123293069191, -0.00110991601832, -0.000498788722325, -0.000431311462307, 0.000276054313872, 0.000407457031542, 0.00166546995752, 0.000615802477114, -0.00572124915197, 0.0187421478331, -0.00626315735281], [0.000170258615981, -0.000234904320678, 0.000346685439581, -0.00111128063872, 0.000340700527886, 0.00113469839562, 0.000749181723222, -7.24142519175e-05, 0.000516579195391, -0.000959236756898, -0.00153286417481, -0.00626315735281, 0.0174102373421]]
    },
    "spectral_contrast_coeffs": {
        "mean": [-0.705488741398, -0.752402842045, -0.758976876736, -0.777932047844, -0.77024948597, -0.747209429741]
    },
    "spectral_contrast_valleys": {
        "mean": [-6.92058992386, -7.43633937836, -7.32059383392, -7.29102325439, -7.35870504379, -10.1127691269]
    }
},
"rhythm": {
    "beats_count": 180,
    "beats_loudness": {
        "mean": 0.0398156046867
    },
    "bpm": 89.0101089478,
    "bpm_histogram_first_peak_bpm": 89,
    "bpm_histogram_first_peak_weight": 0.196629166603,
    "bpm_histogram_second_peak_bpm": 83,
    "bpm_histogram_second_peak_spread": 0,
    "bpm_histogram_second_peak_weight": 0.00558659201488,
    "danceability": 1.13897192478,
    "onset_rate": 4.01778554916,
    "beats_loudness_band_ratio": {
        "mean": [0.388411641121, 0.171979263425, 0.115537509322, 0.162922844291, 0.127705365419, 0.0995061248541]
    },
    "beats_position": [0.615328788757, 1.26548755169, 1.92725622654, 2.60063481331, 3.27401351929, 3.94739222527, 4.62077093124, 5.2941493988, 5.9675283432, 6.64090681076, 7.31428575516, 7.98766422272, 8.68426322937, 9.35764122009, 10.0310201645, 10.7043991089, 11.3777770996, 12.051156044, 12.7245349884, 13.3979139328, 14.0712919235, 14.7446708679, 15.4180498123, 16.0914287567, 16.7764167786, 17.4614048004, 18.1347846985, 18.8081626892, 19.4931507111, 20.154920578, 20.8166885376, 21.4900684357, 22.1634464264, 22.8368244171, 23.4985942841, 24.1719722748, 24.8569602966, 25.5419502258, 26.2153282166, 26.8887062073, 27.5504760742, 28.2238540649, 28.8856239319, 29.5473918915, 30.2091598511, 30.870929718, 31.5559177399, 32.2292976379, 32.9142837524, 33.5992736816, 34.2842636108, 34.9808616638, 35.6542396545, 36.3392295837, 37.000995636, 37.6627655029, 38.3361434937, 39.0095214844, 39.6829032898, 40.3562812805, 41.006439209, 41.6798171997, 42.3531951904, 43.0265769958, 43.7115631104, 44.3965530396, 45.0699310303, 45.743309021, 46.4166870117, 47.0900688171, 47.7750549316, 48.4600448608, 49.1334228516, 49.8068008423, 50.480178833, 51.1535606384, 51.8269386292, 52.5003166199, 53.1736946106, 53.8586845398, 54.5436706543, 55.2170524597, 55.8904304504, 56.5638084412, 57.2371864319, 57.9105644226, 58.583946228, 59.2573242188, 59.9307022095, 60.6040802002, 61.2774581909, 61.9508361816, 62.6242179871, 63.2975959778, 63.95936203, 64.6327438354, 65.2945098877, 65.9794998169, 66.6644897461, 67.3494796753, 68.0344696045, 68.7078475952, 69.3812255859, 70.0662155151, 70.7628097534, 71.4710159302, 72.1908340454, 72.8990478516, 73.6072540283, 74.2690200806, 74.9307937622, 75.5925598145, 76.2543258667, 76.9277114868, 77.5894775391, 78.2512435913, 78.924621582, 79.5979995728, 80.2713851929, 80.9563674927, 81.6529693604, 82.3379592896, 83.0113372803, 83.6963272095, 84.3813171387, 85.0546951294, 85.7280731201, 86.4014511108, 87.0748291016, 87.7482070923, 88.4099731445, 89.0717468262, 89.7567367554, 90.4417190552, 91.1150970459, 91.788482666, 92.4618606567, 93.1352386475, 93.7970046997, 94.458770752, 95.1321487427, 95.8055343628, 96.4789123535, 97.1638946533, 97.8488845825, 98.5222625732, 99.1956481934, 99.8690261841, 100.542404175, 101.215782166, 101.889160156, 102.562538147, 103.235916138, 103.89768219, 104.571060181, 105.244445801, 105.929428101, 106.602806091, 107.276191711, 107.937957764, 108.622947693, 109.296325684, 109.969703674, 110.643081665, 111.316459656, 111.989837646, 112.663215637, 113.336593628, 113.99836731, 114.6717453, 115.345123291, 116.03011322, 116.715103149, 117.400085449, 118.07346344, 118.74684906, 119.420227051, 120.093605042, 120.766983032, 121.440361023],
    "bpm_histogram": [0, 0, 0, 0, 0, 0, 0, 0, 0, 0, 0, 0, 0, 0, 0, 0, 0, 0, 0, 0, 0, 0, 0, 0, 0, 0, 0, 0, 0, 0, 0, 0, 0, 0, 0, 0, 0, 0, 0, 0, 0, 0, 0, 0, 0, 0, 0, 0, 0, 0, 0, 0, 0, 0, 0, 0, 0, 0, 0, 0, 0, 0, 0, 0, 0, 0, 0, 0, 0, 0, 0, 0, 0, 0, 0, 0, 0, 0, 0, 0, 0, 0, 0, 0.00558659201488, 0, 0.0167597774416, 0.0223463680595, 0, 0.189944133162, 0.608938574791, 0, 0.145251393318, 0.0111731840298, 0, 0, 0, 0, 0, 0, 0, 0, 0, 0, 0, 0, 0, 0, 0, 0, 0, 0, 0, 0, 0, 0, 0, 0, 0, 0, 0, 0, 0, 0, 0, 0, 0, 0, 0, 0, 0, 0, 0, 0, 0, 0, 0, 0, 0, 0, 0, 0, 0, 0, 0, 0, 0, 0, 0, 0, 0, 0, 0, 0, 0, 0, 0, 0, 0, 0, 0, 0, 0, 0, 0, 0, 0, 0, 0, 0, 0, 0, 0, 0, 0, 0, 0, 0, 0, 0, 0, 0, 0, 0, 0, 0, 0, 0, 0, 0, 0, 0, 0, 0, 0, 0, 0, 0, 0, 0, 0, 0, 0, 0, 0, 0, 0, 0, 0, 0, 0, 0, 0, 0, 0, 0, 0, 0, 0, 0, 0, 0, 0, 0, 0, 0, 0, 0, 0, 0, 0, 0, 0, 0, 0, 0, 0, 0, 0, 0, 0, 0, 0, 0, 0, 0, 0, 0, 0, 0, 0]
},
"tonal": {
    "chords_changes_rate": 0.0736802145839,
    "chords_number_rate": 0.00455753877759,
    "chords_strength": {
        "mean": 0.51929718256
    },
    "hpcp_crest": {
        "mean": 12.4764232635
    },
    "hpcp_entropy": {
        "mean": 2.1639995575
    },
    "key_edma": {
        "strength": 0.798723876476,
        "key": "G",
        "scale": "major"
    },
    "key_krumhansl": {
        "strength": 0.808795928955,
        "key": "G",
        "scale": "major"
    },
    "key_temperley": {
        "strength": 0.824077010155,
        "key": "G",
        "scale": "major"
    },
    "tuning_diatonic_strength": 0.731336116791,
    "tuning_equal_tempered_deviation": 0.124135158956,
    "tuning_frequency": 439.745910645,
    "tuning_nontempered_energy_ratio": 0.805554270744,
    "hpcp": {
        "mean": [0.256153762341, 0.199595734477, 0.099121466279, 0.065870039165, 0.0605213753879, 0.0833137184381, 0.138224557042, 0.154792174697, 0.157921507955, 0.173652678728, 0.127047255635, 0.0830967053771, 0.0816371738911, 0.0937037169933, 0.142163917422, 0.249881610274, 0.245658546686, 0.14860124886, 0.113023690879, 0.0990079119802, 0.115904442966, 0.161477714777, 0.161800354719, 0.119128458202, 0.102889843285, 0.092738263309, 0.117935486138, 0.170526146889, 0.158945068717, 0.198049858212, 0.286523640156, 0.216368287802, 0.115182451904, 0.0909633338451, 0.096297390759, 0.176183357835]
    },
    "chords_histogram": [20.8887195587, 10.1785039902, 34.9791107178, 1.13938474655, 0.569692373276, 0.341815412045, 1.55715918541, 0, 0.721610307693, 0, 0.037979491055, 0, 0, 0.037979491055, 0, 3.83592867851, 1.13938474655, 2.01291298866, 0, 3.26623630524, 0.113938473165, 3.7599697113, 7.25408267975, 8.16559028625],
    "thpcp": [1, 0.755149841309, 0.4019998312, 0.317472338676, 0.336088806391, 0.614899873734, 0.894005656242, 0.696611762047, 0.34594514966, 0.229893907905, 0.211226463318, 0.290774315596, 0.482419371605, 0.540242254734, 0.551163971424, 0.606067538261, 0.443409323692, 0.290016919374, 0.284922987223, 0.327036589384, 0.496168196201, 0.872115135193, 0.857376217842, 0.518635213375, 0.394465506077, 0.345548838377, 0.40451964736, 0.563575565815, 0.564701616764, 0.415771842003, 0.359097212553, 0.323667049408, 0.411608219147, 0.595155596733, 0.554736316204, 0.691216468811],
    "chords_key": "D",
    "chords_scale": "major"
}
}