{
"metadata": {
    "version": {
        "essentia": "2.1-beta6-dev",
        "essentia_git_sha": "v2.1_beta5-1177-g1d1cc983",
        "extractor": "music 2.0"
    },
    "audio_properties": {
        "analysis": {
            "equal_loudness": 0,
            "length": 280.773345947,
            "sample_rate": 44100,
            "start_time": 0,
            "downmix": "mix"
        },
        "bit_rate": 1411200,
        "length": 280.773345947,
        "lossless": 1,
        "number_channels": 2,
        "replay_gain": -13.7539043427,
        "sample_rate": 44100,
        "codec": "pcm_s16le",
        "md5_encoded": "f8cc374a16b0cc6a36cf8bdf33b876b2"
    },
    "tags": {
        "file_name": "12 - The Front Bottoms - Hooped Earings.wav",
        "album": ["The Front Bottoms"],
        "albumartist": ["The Front Bottoms"],
        "artist": ["The Front Bottoms"],
        "copyright": ["2011 Bar None Records 2011 Bar None Records"],
        "date": ["2011"],
        "discnumber": ["1"],
        "disctotal": ["1"],
        "genre": ["Rock"],
        "isrc": ["US37V1120712"],
        "title": ["Hooped Earings"],
        "tracknumber": ["12"],
        "tracktotal": ["12"]
    }
},
"lowlevel": {
    "average_loudness": 0.801068544388,
    "barkbands_crest": {
        "mean": 11.1360235214
    },
    "barkbands_flatness_db": {
        "mean": 0.162032812834
    },
    "barkbands_kurtosis": {
        "mean": 13.5725212097
    },
    "barkbands_skewness": {
        "mean": 2.40907883644
    },
    "barkbands_spread": {
        "mean": 23.3619422913
    },
    "dissonance": {
        "mean": 0.467166364193
    },
    "dynamic_complexity": 4.05949115753,
    "erbbands_crest": {
        "mean": 8.28578186035
    },
    "erbbands_flatness_db": {
        "mean": 0.14776289463
    },
    "erbbands_kurtosis": {
        "mean": 1.07252395153
    },
    "erbbands_skewness": {
        "mean": 0.0726232528687
    },
    "erbbands_spread": {
        "mean": 53.5216331482
    },
    "hfc": {
        "mean": 21.4066829681
    },
    "loudness_ebu128": {
        "integrated": -9.12602519989,
        "loudness_range": 6.40128135681,
        "momentary": {
            "mean": -11.0578050613
        },
        "short_term": {
            "mean": -10.2259206772
        }
    },
    "melbands_crest": {
        "mean": 15.8281841278
    },
    "melbands_flatness_db": {
        "mean": 0.232220873237
    },
    "melbands_kurtosis": {
        "mean": 35.8119087219
    },
    "melbands_skewness": {
        "mean": 4.26595020294
    },
    "melbands_spread": {
        "mean": 20.689540863
    },
    "pitch_salience": {
        "mean": 0.511445403099
    },
    "silence_rate_20dB": {
        "mean": 1
    },
    "silence_rate_30dB": {
        "mean": 0.941371023655
    },
    "silence_rate_60dB": {
        "mean": 0.0852559357882
    },
    "spectral_centroid": {
        "mean": 1343.18017578
    },
    "spectral_complexity": {
        "mean": 17.0619373322
    },
    "spectral_decrease": {
        "mean": -8.601456436e-09
    },
    "spectral_energy": {
        "mean": 0.0344053991139
    },
    "spectral_energyband_high": {
        "mean": 0.00122627452947
    },
    "spectral_energyband_low": {
        "mean": 0.0199536401778
    },
    "spectral_energyband_middle_high": {
        "mean": 0.00475396309048
    },
    "spectral_energyband_middle_low": {
        "mean": 0.0112167699262
    },
    "spectral_entropy": {
        "mean": 7.52475690842
    },
    "spectral_flux": {
        "mean": 0.0945269465446
    },
    "spectral_kurtosis": {
        "mean": 4.1879401207
    },
    "spectral_rms": {
        "mean": 0.0051497654058
    },
    "spectral_rolloff": {
        "mean": 1371.02648926
    },
    "spectral_skewness": {
        "mean": 1.36744177341
    },
    "spectral_spread": {
        "mean": 4999611
    },
    "spectral_strongpeak": {
        "mean": 0.694224178791
    },
    "zerocrossingrate": {
        "mean": 0.0592933669686
    },
    "barkbands": {
        "mean": [0.000292528333375, 0.0108325248584, 0.00617495924234, 0.00458846613765, 0.00336008123122, 0.000868490315042, 0.00075211917283, 0.000693853595294, 0.000769021688029, 0.00062550714938, 0.00051915057702, 0.000411114626331, 0.000475499575259, 0.000560974236578, 0.000561205262784, 0.000336800148943, 0.000472664076369, 0.000393857451854, 0.000370872818166, 0.000229564218898, 0.000312172400299, 0.000334201322403, 0.000217820794205, 0.000119692624139, 6.96376373526e-05, 5.848427827e-05, 3.50069444721e-06]
    },
    "erbbands": {
        "mean": [0.266243487597, 2.57703590393, 6.55491495132, 13.1387901306, 14.1857738495, 9.66225337982, 5.89771223068, 7.63802909851, 9.94920444489, 15.0713844299, 14.9708414078, 18.938785553, 15.9395418167, 20.4054851532, 20.434299469, 18.7694759369, 22.5216732025, 26.6710987091, 30.6484928131, 25.5090103149, 20.106426239, 25.4920482635, 24.0714645386, 16.8389911652, 18.3044605255, 10.91726017, 11.0859251022, 13.7079572678, 12.4365034103, 8.04574966431, 6.24701595306, 3.31202411652, 1.67176926136, 0.945070981979, 0.426316738129, 0.396504968405, 0.0668766200542, 0.00619681924582, 0.000577660044655, 7.4775874964e-05]
    },
    "gfcc": {
        "mean": [-21.9480361938, 85.7412109375, -105.476234436, 52.0508728027, -48.5543022156, 16.0276432037, -35.7283058167, -0.645360350609, -23.4691238403, -2.68352150917, -18.0225868225, -3.02995252609, -13.9696798325],
        "cov": [[18708.7480469, -784.198791504, 208.086090088, 712.692260742, -365.643310547, 2587.13061523, 346.228759766, 1259.60070801, 35.0068283081, 551.773254395, -533.389709473, -17.9432182312, -715.514038086], [-784.198791504, 1553.59594727, -38.2454681396, -106.283790588, 353.289978027, -217.042037964, 97.8737487793, -105.096511841, 110.270713806, -91.6876831055, 130.20350647, -91.8492889404, 56.0349807739], [208.086090088, -38.2454681396, 1306.65966797, 218.612121582, 129.642059326, 196.922058105, 137.111846924, 209.683502197, -60.6996192932, 237.190475464, -30.4589195251, 69.7161941528, -124.215614319], [712.692260742, -106.283790588, 218.612121582, 495.065155029, 22.149477005, 26.2249164581, -1.50900924206, 33.5106811523, -11.2260713577, -0.914891004562, 22.8269252777, -3.91910910606, -23.0168609619], [-365.643310547, 353.289978027, 129.642059326, 22.149477005, 434.929534912, 34.8187408447, 25.7008075714, 54.4433364868, 52.220905304, -18.6712589264, -19.762298584, -19.5784683228, -1.49120080471], [2587.13061523, -217.042037964, 196.922058105, 26.2249164581, 34.8187408447, 828.00994873, 215.019958496, 262.529144287, 53.6603088379, 130.411865234, -129.356323242, -20.8384628296, -139.285812378], [346.228759766, 97.8737487793, 137.111846924, -1.50900924206, 25.7008075714, 215.019958496, 249.903839111, 110.636528015, 24.1177310944, 39.7528762817, 1.52466106415, -10.3703079224, -38.167766571], [1259.60070801, -105.096511841, 209.683502197, 33.5106811523, 54.4433364868, 262.529144287, 110.636528015, 318.735473633, 58.2529602051, 70.4379806519, -55.2208061218, 0.994775056839, -86.3064651489], [35.0068283081, 110.270713806, -60.6996192932, -11.2260713577, 52.220905304, 53.6603088379, 24.1177310944, 58.2529602051, 175.467483521, 33.5114707947, -6.81383609772, -2.03313875198, 4.12496137619], [551.773254395, -91.6876831055, 237.190475464, -0.914891004562, -18.6712589264, 130.411865234, 39.7528762817, 70.4379806519, 33.5114707947, 191.244873047, 8.54769515991, 34.5556488037, -45.6899185181], [-533.389709473, 130.20350647, -30.4589195251, 22.8269252777, -19.762298584, -129.356323242, 1.52466106415, -55.2208061218, -6.81383609772, 8.54769515991, 144.943130493, 20.2082996368, 37.7779006958], [-17.9432182312, -91.8492889404, 69.7161941528, -3.91910910606, -19.5784683228, -20.8384628296, -10.3703079224, 0.994775056839, -2.03313875198, 34.5556488037, 20.2082996368, 113.623687744, 17.60505867], [-715.514038086, 56.0349807739, -124.215614319, -23.0168609619, -1.49120080471, -139.285812378, -38.167766571, -86.3064651489, 4.12496137619, -45.6899185181, 37.7779006958, 17.60505867, 120.668136597]],
        "icov": [[0.000235233805142, -0.000333310686983, 0.000383171864087, -0.00051359878853, 0.000396079325583, -0.000588583527133, 0.000468350743176, -0.000743024167605, 0.000643473525997, -0.000669191707857, 0.000595028104726, -0.000426601269282, 0.000388867105357], [-0.000333310686983, 0.0016900098417, -0.000752698222641, 0.0011224122718, -0.00143714970909, 0.00105099147186, -0.00130723684561, 0.00162646232639, -0.00179389305413, 0.00158325454686, -0.00201354315504, 0.00151769025251, -0.000306946632918], [0.000383171864087, -0.000752698222641, 0.0021560031455, -0.00152182846796, 0.000234505831031, -0.000601108127739, 0.000205614982406, -0.00178059260361, 0.00233820430003, -0.0030761025846, 0.00181559228804, -0.00146736425813, 0.00105223117862], [-0.00051359878853, 0.0011224122718, -0.00152182846796, 0.00361280608922, -0.00103597727139, 0.00106545502786, -0.0006786530721, 0.00172267551534, -0.00197551795281, 0.00266450643539, -0.00263918959536, 0.00153029162902, -0.000530176679604], [0.000396079325583, -0.00143714970909, 0.000234505831031, -0.00103597727139, 0.00398436468095, -0.00124801846687, 0.00135794770904, -0.00186533294618, 0.000618585909251, -0.000488968682475, 0.00181344093289, -0.000861520587932, 0.000115453905892], [-0.000588583527133, 0.00105099147186, -0.000601108127739, 0.00106545502786, -0.00124801846687, 0.00399267952889, -0.00292044016533, 0.00113972928375, -0.00155544164591, 0.000347101566149, 0.000178098896868, 0.00123159307986, 4.02008372475e-05], [0.000468350743176, -0.00130723684561, 0.000205614982406, -0.0006786530721, 0.00135794770904, -0.00292044016533, 0.00737851532176, -0.00279533024877, 0.0012477634009, -0.000634687545244, -0.000448442267952, -0.000499341869727, 0.00037693840568], [-0.000743024167605, 0.00162646232639, -0.00178059260361, 0.00172267551534, -0.00186533294618, 0.00113972928375, -0.00279533024877, 0.00808610767126, -0.0040471223183, 0.00259721232578, -0.00174445041921, 0.00120113801677, 0.00101903255563], [0.000643473525997, -0.00179389305413, 0.00233820430003, -0.00197551795281, 0.000618585909251, -0.00155544164591, 0.0012477634009, -0.0040471223183, 0.00990777183324, -0.00498005794361, 0.00305545190349, -0.00164707144722, -0.000549689575564], [-0.000669191707857, 0.00158325454686, -0.0030761025846, 0.00266450643539, -0.000488968682475, 0.000347101566149, -0.000634687545244, 0.00259721232578, -0.00498005794361, 0.0119322510436, -0.00489324890077, 6.49530848023e-05, 0.000900676939636], [0.000595028104726, -0.00201354315504, 0.00181559228804, -0.00263918959536, 0.00181344093289, 0.000178098896868, -0.000448442267952, -0.00174445041921, 0.00305545190349, -0.00489324890077, 0.0124881574884, -0.00297895353287, -0.000765000237152], [-0.000426601269282, 0.00151769025251, -0.00146736425813, 0.00153029162902, -0.000861520587932, 0.00123159307986, -0.000499341869727, 0.00120113801677, -0.00164707144722, 6.49530848023e-05, -0.00297895353287, 0.0118899308145, -0.00306200585328], [0.000388867105357, -0.000306946632918, 0.00105223117862, -0.000530176679604, 0.000115453905892, 4.02008372475e-05, 0.00037693840568, 0.00101903255563, -0.000549689575564, 0.000900676939636, -0.000765000237152, -0.00306200585328, 0.0136595619842]]
    },
    "melbands": {
        "mean": [0.00274719716981, 0.00352483359165, 0.00228287419304, 0.000855975667946, 0.000240677589318, 0.000173097621882, 0.000153623623191, 0.000165531950188, 0.000128254789161, 0.000109818167402, 7.79164402047e-05, 8.28475895105e-05, 7.51745683374e-05, 4.5310403948e-05, 5.13778832101e-05, 4.63895412395e-05, 5.05785792484e-05, 5.06631513417e-05, 3.70555753761e-05, 2.71156823146e-05, 2.35737188632e-05, 2.52549489232e-05, 2.78190636891e-05, 1.76530884346e-05, 1.24503485495e-05, 1.6231677364e-05, 9.21074843063e-06, 6.62811316943e-06, 6.68981010676e-06, 6.87456031301e-06, 8.45639442559e-06, 7.28009626982e-06, 5.85710722589e-06, 3.90341438106e-06, 3.58793295163e-06, 2.89807530862e-06, 1.8044548824e-06, 1.19939295473e-06, 9.38515995585e-07, 7.56556460146e-07]
    },
    "melbands128": {
        "mean": [0.00027214398142, 0.00177175807767, 0.00392315117642, 0.0043833446689, 0.00334345875308, 0.00315932021476, 0.00282883853652, 0.00207470171154, 0.00140048610047, 0.000866201182362, 0.000452838256024, 0.000314541888656, 0.000170636587427, 0.000164828932611, 0.000154994399054, 0.000204658994335, 0.000173304855707, 0.000134294168674, 0.000130023283418, 0.000198841909878, 0.000163485616213, 0.000129655221826, 9.5308147138e-05, 0.000160675801453, 0.000165113102412, 5.51167431695e-05, 7.40197428968e-05, 8.56231417856e-05, 6.78691940266e-05, 0.000109645385237, 6.16488250671e-05, 8.07428514236e-05, 0.000103252023109, 4.97810433444e-05, 3.44285544998e-05, 5.04043491674e-05, 5.20766079717e-05, 4.47182865173e-05, 6.19326820015e-05, 4.70168997708e-05, 3.84202794521e-05, 5.14270468557e-05, 4.72096726298e-05, 5.04328381794e-05, 5.85874913668e-05, 4.76167260786e-05, 5.2291819884e-05, 2.6319277822e-05, 3.8135003706e-05, 4.10722204833e-05, 2.12627746805e-05, 1.82928542927e-05, 2.34811268456e-05, 2.52499630733e-05, 2.61176264758e-05, 2.19650191866e-05, 2.56695038843e-05, 3.63779072359e-05, 2.51773253694e-05, 1.98798697966e-05, 1.90627542906e-05, 1.41950185935e-05, 1.19149444799e-05, 1.14233389468e-05, 1.35877990033e-05, 2.10645048355e-05, 1.43642182593e-05, 9.42413953453e-06, 8.67772723723e-06, 8.09011089586e-06, 5.84602366871e-06, 6.52987409921e-06, 6.43183511784e-06, 6.55573012409e-06, 7.64171272749e-06, 5.63766752748e-06, 7.38181324778e-06, 7.86298369349e-06, 9.35234220378e-06, 8.20869263407e-06, 7.19416448192e-06, 7.30894134904e-06, 6.25290067546e-06, 6.38106939732e-06, 4.91550053994e-06, 3.68917312699e-06, 4.04631691708e-06, 3.19869604937e-06, 3.15522333949e-06, 4.19599700763e-06, 4.07451580031e-06, 2.11587826016e-06, 1.75679724634e-06, 1.92715765479e-06, 1.79539551937e-06, 1.30231842377e-06, 1.07567836949e-06, 1.00646548162e-06, 1.01797093066e-06, 8.55558141666e-07, 7.67603637541e-07, 7.85876977716e-07, 6.88324064413e-07, 5.62525769965e-07, 4.67308296948e-07, 3.47788216004e-07, 2.94979798809e-07, 3.5965027223e-07, 9.23320271795e-07, 1.19848505165e-06, 3.9989618017e-07, 2.12440255609e-07, 1.19560723988e-07, 6.76358382634e-08, 5.45059641865e-08, 4.35471321225e-08, 3.95169266199e-08, 3.31019585076e-08, 2.02575467512e-08, 1.31348549814e-08, 1.22229470989e-08, 1.02010924152e-08, 7.16582837512e-09, 6.56089094164e-09, 5.92448312631e-09, 7.52112505609e-09, 1.14437002097e-08, 1.04191331118e-08]
    },
    "mfcc": {
        "mean": [-665.601135254, 106.41973877, 8.44818401337, 36.2232589722, 12.0629053116, 18.1359767914, -0.507750749588, 5.0037560463, -3.60641908646, -1.23385667801, -1.47985804081, -3.82622075081, -5.52386331558],
        "cov": [[18255.9257812, -354.173583984, 368.773864746, -349.312530518, -23.4666900635, 942.676635742, 639.991088867, 1091.27416992, 911.98223877, 971.245788574, 917.712097168, 693.160949707, 343.850585938], [-354.173583984, 1592.66040039, -76.3605041504, 29.4600868225, 174.385940552, 68.9629211426, 113.448356628, 80.6606521606, 101.042236328, 125.002914429, 121.514526367, 84.8740234375, 69.525138855], [368.773864746, -76.3605041504, 937.408203125, 201.958282471, 56.5328903198, 159.739089966, 214.135467529, 47.6515350342, 84.6945877075, 118.31439209, 132.895202637, 124.407905579, 80.8781967163], [-349.312530518, 29.4600868225, 201.958282471, 430.485595703, 134.905334473, -38.1137771606, 14.2685728073, -17.9786510468, -46.0839805603, -22.0196056366, -22.073764801, 3.51119732857, 13.9728879929], [-23.4666900635, 174.385940552, 56.5328903198, 134.905334473, 324.705596924, 24.674829483, 24.0075073242, 44.4822540283, 65.0756988525, 40.6776161194, 29.2672195435, 14.5135059357, 2.09048461914], [942.676635742, 68.9629211426, 159.739089966, -38.1137771606, 24.674829483, 343.358917236, 134.831451416, 103.422729492, 124.581367493, 117.241851807, 117.004249573, 83.0629348755, 16.2873344421], [639.991088867, 113.448356628, 214.135467529, 14.2685728073, 24.0075073242, 134.831451416, 289.640258789, 108.914665222, 70.0402450562, 122.753318787, 90.5322341919, 52.5932655334, 37.8912773132], [1091.27416992, 80.6606521606, 47.6515350342, -17.9786510468, 44.4822540283, 103.422729492, 108.914665222, 284.454711914, 176.365951538, 116.927452087, 138.312728882, 87.0807266235, 27.1749610901], [911.98223877, 101.042236328, 84.6945877075, -46.0839805603, 65.0756988525, 124.581367493, 70.0402450562, 176.365951538, 256.12020874, 155.435012817, 131.671707153, 94.1846542358, 29.3283939362], [971.245788574, 125.002914429, 118.31439209, -22.0196056366, 40.6776161194, 117.241851807, 122.753318787, 116.927452087, 155.435012817, 238.714477539, 147.059570312, 80.3791351318, 56.1634979248], [917.712097168, 121.514526367, 132.895202637, -22.073764801, 29.2672195435, 117.004249573, 90.5322341919, 138.312728882, 131.671707153, 147.059570312, 204.544433594, 123.527435303, 48.0093040466], [693.160949707, 84.8740234375, 124.407905579, 3.51119732857, 14.5135059357, 83.0629348755, 52.5932655334, 87.0807266235, 94.1846542358, 80.3791351318, 123.527435303, 164.095443726, 68.541595459], [343.850585938, 69.525138855, 80.8781967163, 13.9728879929, 2.09048461914, 16.2873344421, 37.8912773132, 27.1749610901, 29.3283939362, 56.1634979248, 48.0093040466, 68.541595459, 110.70627594]],
        "icov": [[9.21750179259e-05, 6.56624979456e-05, 5.42447596672e-05, 1.4117333194e-05, 2.33280534303e-05, -0.000113048321509, -1.52577958943e-05, -0.000193824409507, 2.55239228864e-05, -0.000190278951777, -6.17304103798e-05, -0.000135162670631, -9.972564294e-05], [6.56624979456e-05, 0.000796822481789, 0.000303807639284, -4.58660833829e-05, -0.000354986346792, -6.21478902758e-05, -0.000360389472917, 0.000101010889921, -9.56169242272e-05, -0.000121053170005, -0.000441822252469, -0.000171128471266, -0.000421826029196], [5.42447596672e-05, 0.000303807639284, 0.00181769684423, -0.000892465410288, 9.56512230914e-05, -0.000349135283614, -0.00121919042431, 0.000852632918395, -0.000643189589027, 0.000287085713353, -0.000923070067074, -0.000462257739855, -0.000605777138844], [1.4117333194e-05, -4.58660833829e-05, -0.000892465410288, 0.0034006012138, -0.00148400967009, 0.000388683838537, 0.000294677098282, -0.000706101825926, 0.00138089130633, -0.000282147753751, 0.000886851048563, -0.000526672112755, -3.01467607642e-05], [2.33280534303e-05, -0.000354986346792, 9.56512230914e-05, -0.00148400967009, 0.00414672121406, -8.75926052686e-05, 3.53348696081e-05, 5.86904134252e-05, -0.00142821797635, -2.31613576034e-05, -0.000148669438204, 0.000484261399833, 0.000330755778123], [-0.000113048321509, -6.21478902758e-05, -0.000349135283614, 0.000388683838537, -8.75926052686e-05, 0.00458398694173, -0.00136223004665, 0.000527559313923, -0.00108626263682, -2.47068073804e-05, -0.00064931192901, -0.000832578574773, 0.0013575257035], [-1.52577958943e-05, -0.000360389472917, -0.00121919042431, 0.000294677098282, 3.53348696081e-05, -0.00136223004665, 0.00627533718944, -0.00240551424213, 0.00219319132157, -0.00264503085054, 0.000947934924625, 0.000531319878064, -0.000209585210541], [-0.000193824409507, 0.000101010889921, 0.000852632918395, -0.000706101825926, 5.86904134252e-05, 0.000527559313923, -0.00240551424213, 0.00847085658461, -0.00497502321377, 0.00234157335944, -0.00362030277029, 0.000563635025173, 2.11600799958e-05], [2.55239228864e-05, -9.56169242272e-05, -0.000643189589027, 0.00138089130633, -0.00142821797635, -0.00108626263682, 0.00219319132157, -0.00497502321377, 0.0112404152751, -0.00524437567219, 0.00149741163477, -0.00267485994846, 0.00162317999639], [-0.000190278951777, -0.000121053170005, 0.000287085713353, -0.000282147753751, -2.31613576034e-05, -2.47068073804e-05, -0.00264503085054, 0.00234157335944, -0.00524437567219, 0.0119449505582, -0.00624645315111, 0.00351966568269, -0.00331333745271], [-6.17304103798e-05, -0.000441822252469, -0.000923070067074, 0.000886851048563, -0.000148669438204, -0.00064931192901, 0.000947934924625, -0.00362030277029, 0.00149741163477, -0.00624645315111, 0.0163067691028, -0.00790083780885, 0.00228643743321], [-0.000135162670631, -0.000171128471266, -0.000462257739855, -0.000526672112755, 0.000484261399833, -0.000832578574773, 0.000531319878064, 0.000563635025173, -0.00267485994846, 0.00351966568269, -0.00790083780885, 0.0155103225261, -0.00652896799147], [-9.972564294e-05, -0.000421826029196, -0.000605777138844, -3.01467607642e-05, 0.000330755778123, 0.0013575257035, -0.000209585210541, 2.11600799958e-05, 0.00162317999639, -0.00331333745271, 0.00228643743321, -0.00652896799147, 0.0142161510885]]
    },
    "spectral_contrast_coeffs": {
        "mean": [-0.677926182747, -0.744547605515, -0.769750237465, -0.785217285156, -0.781551063061, -0.747801482677]
    },
    "spectral_contrast_valleys": {
        "mean": [-6.83063554764, -7.45680809021, -8.04607105255, -7.94922494888, -7.86759757996, -10.3398580551]
    }
},
"rhythm": {
    "beats_count": 646,
    "beats_loudness": {
        "mean": 0.0545272193849
    },
    "bpm": 142.036834717,
    "bpm_histogram_first_peak_bpm": 144,
    "bpm_histogram_first_peak_weight": 0.391304314137,
    "bpm_histogram_second_peak_bpm": 136,
    "bpm_histogram_second_peak_spread": 0.375,
    "bpm_histogram_second_peak_weight": 0.0232558138669,
    "danceability": 1.16146743298,
    "onset_rate": 4.42327690125,
    "beats_loudness_band_ratio": {
        "mean": [0.660047352314, 0.12791736424, 0.0576320253313, 0.0648118928075, 0.075082667172, 0.0604656040668]
    },
    "beats_position": [0.719818592072, 1.43963718414, 2.17106580734, 2.90249419212, 3.58748292923, 4.27247142792, 4.96907043457, 5.66566896439, 6.3622674942, 7.05886602402, 7.6858048439, 8.28952407837, 8.893242836, 9.50857162476, 10.1239004135, 10.7508392334, 11.3777770996, 11.9350566864, 12.4807252884, 13.0380039215, 13.6068935394, 14.1757822037, 14.7678909302, 15.2787294388, 15.8127889633, 16.3352375031, 16.7764167786, 17.2292060852, 17.693605423, 18.1580047607, 18.5991840363, 19.0403633118, 19.4699325562, 19.8994998932, 20.3290691376, 20.758638382, 21.1882076263, 21.6177768707, 22.035736084, 22.4536952972, 22.8716545105, 23.2896137238, 23.707572937, 24.1255321503, 24.5551013947, 24.984670639, 25.4026298523, 25.8205890656, 26.2385482788, 26.6565074921, 27.0860767365, 27.5156459808, 27.9452152252, 28.3747844696, 28.7927436829, 29.2107028961, 29.6286621094, 30.0582313538, 30.4878005981, 30.9057598114, 31.3237190247, 31.7416782379, 32.1596374512, 32.5892066956, 33.0187759399, 33.4367332458, 33.8546943665, 34.2726516724, 34.7022209167, 35.1317901611, 35.5497512817, 35.9677085876, 36.397277832, 36.8268470764, 37.244808197, 37.6627655029, 38.0807266235, 38.5102958679, 38.9398651123, 39.3578224182, 39.7757797241, 40.1937408447, 40.6116981506, 41.0296592712, 41.4592285156, 41.88879776, 42.3067550659, 42.7363243103, 43.1658935547, 43.5838546753, 44.0018119812, 44.4197731018, 44.8377304077, 45.2672996521, 45.6968688965, 46.1148300171, 46.532787323, 46.9507484436, 47.380317688, 47.8098869324, 48.2278442383, 48.6458053589, 49.0637626648, 49.4933319092, 49.9229011536, 50.3408622742, 50.7588195801, 51.1883888245, 51.6179580688, 52.0359191895, 52.4538764954, 52.871837616, 53.2897949219, 53.7077522278, 54.1373214722, 54.5668907166, 54.9848518372, 55.4028091431, 55.8207702637, 56.2387275696, 56.6566886902, 57.0862579346, 57.515827179, 57.9453964233, 58.3749656677, 58.7929229736, 59.2108840942, 59.6288414001, 60.0468025208, 60.4763717651, 60.894329071, 61.3238983154, 61.7534675598, 62.1714286804, 62.5893859863, 63.0189552307, 63.4485244751, 63.8780937195, 64.2960510254, 64.714012146, 65.1319732666, 65.5499343872, 65.9678878784, 66.385848999, 66.8038101196, 67.2217712402, 67.6629486084, 68.0925140381, 68.5220870972, 68.9400405884, 69.358001709, 69.7875747681, 70.2171401978, 70.6351013184, 71.053062439, 71.4710159302, 71.8889770508, 72.3069381714, 72.724899292, 73.1544647217, 73.5840377808, 74.001991272, 74.4199523926, 74.8495254517, 75.2790908813, 75.697052002, 76.1150131226, 76.5329666138, 76.9625396729, 77.3921051025, 77.8100662231, 78.2280273438, 78.6459884644, 79.0639419556, 79.4819030762, 79.8998641968, 80.3294296265, 80.7590026855, 81.1769561768, 81.5949172974, 82.0244903564, 82.4424438477, 82.8720169067, 83.3131942749, 83.7311553955, 84.1491165161, 84.5670700073, 84.9850311279, 85.4029922485, 85.8209533691, 86.2389068604, 86.6684799194, 87.0980453491, 87.5160064697, 87.9339675903, 88.36353302, 88.7931060791, 89.2110671997, 89.6290206909, 90.0469818115, 90.4765548706, 90.9061203003, 91.3240814209, 91.7420425415, 92.1599960327, 92.5779571533, 93.0075302124, 93.4370956421, 93.8550567627, 94.2730178833, 94.6909713745, 95.1205444336, 95.5501098633, 95.9680709839, 96.3860321045, 96.8039855957, 97.2335586548, 97.6631240845, 98.0810852051, 98.4990463257, 98.9170074463, 99.346572876, 99.7761459351, 100.194099426, 100.612060547, 101.041633606, 101.471199036, 101.889160156, 102.307121277, 102.725074768, 103.143035889, 103.560997009, 103.990562439, 104.420135498, 104.838096619, 105.25605011, 105.685623169, 106.115188599, 106.533149719, 106.95111084, 107.36907196, 107.79863739, 108.22820282, 108.64616394, 109.064125061, 109.482086182, 109.900039673, 110.318000793, 110.747573853, 111.177139282, 111.595100403, 112.013061523, 112.442626953, 112.872200012, 113.290153503, 113.708114624, 114.126075745, 114.544036865, 114.973602295, 115.403175354, 115.821128845, 116.239089966, 116.657051086, 117.086616516, 117.516189575, 117.934150696, 118.363716125, 118.793289185, 119.211242676, 119.640815735, 120.070381165, 120.488342285, 120.906303406, 121.335868835, 121.765441895, 122.183395386, 122.601356506, 123.019317627, 123.437278748, 123.855232239, 124.273193359, 124.702766418, 125.132331848, 125.550292969, 125.968254089, 126.397819519, 126.827392578, 127.245346069, 127.674919128, 128.092880249, 128.522445679, 128.94039917, 129.35836792, 129.776321411, 130.194290161, 130.612243652, 131.030197144, 131.459777832, 131.889343262, 132.307296753, 132.736862183, 133.166442871, 133.584396362, 134.002349854, 134.420318604, 134.849884033, 135.279449463, 135.697418213, 136.126983643, 136.556549072, 136.974502563, 137.392471313, 137.810424805, 138.228393555, 138.646347046, 139.075912476, 139.505477905, 139.923446655, 140.341400146, 140.770965576, 141.200546265, 141.618499756, 142.036453247, 142.454421997, 142.883987427, 143.313552856, 143.731521606, 144.149475098, 144.567428589, 145.008621216, 145.426574707, 145.844528198, 146.262496948, 146.680450439, 147.098403931, 147.527984619, 147.94593811, 148.37550354, 148.79347229, 149.211425781, 149.629379272, 150.058959961, 150.488525391, 150.906478882, 151.324447632, 151.742401123, 152.160354614, 152.578323364, 153.007888794, 153.437454224, 153.855422974, 154.273376465, 154.714553833, 155.178955078, 155.643356323, 156.107757568, 156.572158813, 157.048156738, 157.512557983, 157.976959229, 158.429748535, 158.89414978, 159.346939087, 159.788116455, 160.229293823, 160.670471191, 161.123260498, 161.564437866, 161.994003296, 162.446792603, 162.911193848, 163.375595093, 163.828384399, 164.281173706, 164.722351074, 165.175140381, 165.627929688, 166.092330933, 166.533508301, 166.951477051, 167.38104248, 167.798995972, 168.228561401, 168.646530151, 169.076095581, 169.494049072, 169.923629761, 170.341583252, 170.759536743, 171.177505493, 171.595458984, 172.025024414, 172.454605103, 172.872558594, 173.290512085, 173.708480835, 174.138046265, 174.555999756, 174.985580444, 175.403533936, 175.821487427, 176.239456177, 176.669021606, 177.086975098, 177.516555786, 177.934509277, 178.352462769, 178.782043457, 179.211608887, 179.629562378, 180.047531128, 180.477096558, 180.895050049, 181.324615479, 181.742584229, 182.16053772, 182.590103149, 183.019683838, 183.437637329, 183.85559082, 184.27355957, 184.703125, 185.121078491, 185.55065918, 185.968612671, 186.386566162, 186.804534912, 187.234100342, 187.663665771, 188.081634521, 188.499588013, 188.917541504, 189.347122192, 189.776687622, 190.194641113, 190.612609863, 191.042175293, 191.471740723, 191.889694214, 192.307662964, 192.725616455, 193.143585205, 193.573150635, 194.002716064, 194.420669556, 194.850250244, 195.279815674, 195.697769165, 196.115737915, 196.533691406, 196.951644897, 197.369613647, 197.787567139, 198.217132568, 198.646713257, 199.064666748, 199.494232178, 199.923812866, 200.341766357, 200.759719849, 201.177688599, 201.607254028, 202.036819458, 202.454788208, 202.872741699, 203.29069519, 203.70866394, 204.13822937, 204.5677948, 204.985748291, 205.403717041, 205.821670532, 206.239639282, 206.669204712, 207.098770142, 207.516723633, 207.934692383, 208.352645874, 208.770614624, 209.188568115, 209.606521606, 210.036102295, 210.465667725, 210.883621216, 211.301589966, 211.731155396, 212.160720825, 212.578674316, 213.008255005, 213.437820435, 213.855773926, 214.273742676, 214.691696167, 215.109649658, 215.539230347, 215.957183838, 216.375137329, 216.804718018, 217.234283447, 217.663848877, 218.081817627, 218.499771118, 218.929336548, 219.358901978, 219.776870728, 220.194824219, 220.61277771, 221.042358398, 221.471923828, 221.889877319, 222.307846069, 222.737411499, 223.166976929, 223.584945679, 224.00289917, 224.420852661, 224.838821411, 225.256774902, 225.686340332, 226.104309082, 226.533874512, 226.951828003, 227.369796753, 227.799362183, 228.228927612, 228.646896362, 229.064849854, 229.494415283, 229.912384033, 230.341949463, 230.759902954, 231.177871704, 231.595825195, 232.025390625, 232.454956055, 232.872924805, 233.290878296, 233.708831787, 234.126800537, 234.556365967, 234.985931396, 235.403900146, 235.821853638, 236.251419067, 236.680999756, 237.098953247, 237.516906738, 237.934875488, 238.364440918, 238.794006348, 239.211975098, 239.629928589, 240.04788208, 240.46585083, 240.89541626, 241.324981689, 241.742950439, 242.160903931, 242.578857422, 242.996826172, 243.414779663, 243.844345093, 244.273925781, 244.691879272, 245.109832764, 245.527801514, 245.957366943, 246.375320435, 246.804885864, 247.234466553, 247.652420044, 248.081985474, 248.499954224, 248.917907715, 249.347473145, 249.777053833, 250.195007324, 250.612960815, 251.030929565, 251.448883057, 251.878448486, 252.308029175, 252.725982666, 253.143936157, 253.561904907, 253.979858398, 254.409423828, 254.839004517, 255.256958008, 255.674911499, 256.09286499, 256.52243042, 256.952026367, 257.3699646, 257.78793335, 258.217498779, 258.635467529, 259.065032959, 259.483001709, 259.912567139, 260.342132568, 260.760070801, 261.178039551, 261.596008301, 262.02557373, 262.45513916, 262.87310791, 263.30267334, 263.72064209, 264.15020752, 264.568145752, 264.986114502, 265.404083252, 265.833648682, 266.251617432, 266.681182861, 267.099121094, 267.517089844, 267.935058594, 268.364624023, 268.794189453, 269.212158203, 269.630096436, 270.048065186, 270.466033936, 270.895599365, 271.325164795, 271.743133545, 272.161071777, 272.590667725, 273.008605957, 273.438171387, 273.856140137, 274.274108887, 274.703674316, 275.133239746, 275.574401855, 276.015594482, 276.491607666, 276.979217529, 277.46685791, 277.954467773, 278.442077637, 278.9296875, 279.428924561, 279.928161621],
    "bpm_histogram": [0, 0, 0, 0, 0, 0, 0, 0, 0, 0, 0, 0, 0, 0, 0, 0, 0, 0, 0, 0, 0, 0, 0, 0, 0, 0, 0, 0, 0, 0, 0, 0, 0, 0, 0, 0, 0, 0, 0, 0, 0, 0, 0, 0, 0, 0, 0, 0, 0, 0, 0, 0, 0, 0, 0, 0, 0, 0, 0, 0, 0, 0, 0, 0, 0, 0, 0, 0, 0, 0, 0, 0, 0, 0, 0, 0, 0, 0, 0, 0, 0, 0, 0.00310077518225, 0.00155038759112, 0, 0, 0.00620155036449, 0, 0.00310077518225, 0, 0, 0, 0, 0, 0, 0, 0.00465116277337, 0, 0.00310077518225, 0.00310077518225, 0, 0.00155038759112, 0, 0, 0, 0.00310077518225, 0, 0, 0.00310077518225, 0, 0.00155038759112, 0, 0.00155038759112, 0, 0, 0.00155038759112, 0, 0.00155038759112, 0, 0, 0.00310077518225, 0, 0, 0.00775193795562, 0, 0, 0.00310077518225, 0, 0, 0.0186046510935, 0, 0, 0, 0.0139534883201, 0, 0, 0.0232558138669, 0, 0, 0, 0.348837196827, 0, 0, 0, 0.542635679245, 0, 0, 0, 0, 0, 0, 0, 0, 0, 0, 0, 0, 0, 0, 0, 0, 0, 0, 0, 0, 0, 0, 0, 0, 0, 0, 0, 0, 0, 0, 0, 0, 0, 0, 0, 0, 0, 0, 0, 0, 0, 0, 0, 0, 0, 0, 0, 0, 0, 0, 0, 0, 0, 0, 0, 0, 0, 0, 0, 0, 0, 0, 0, 0, 0, 0, 0, 0, 0, 0, 0, 0, 0, 0, 0, 0, 0, 0, 0, 0, 0, 0, 0, 0, 0, 0, 0, 0, 0, 0, 0, 0, 0, 0, 0, 0, 0, 0, 0, 0, 0, 0, 0, 0, 0]
},
"tonal": {
    "chords_changes_rate": 0.0682983323932,
    "chords_number_rate": 0.00248056882992,
    "chords_strength": {
        "mean": 0.484808772802
    },
    "hpcp_crest": {
        "mean": 12.3819742203
    },
    "hpcp_entropy": {
        "mean": 2.16723394394
    },
    "key_edma": {
        "strength": 0.668123662472,
        "key": "A",
        "scale": "minor"
    },
    "key_krumhansl": {
        "strength": 0.667304933071,
        "key": "A",
        "scale": "minor"
    },
    "key_temperley": {
        "strength": 0.655858337879,
        "key": "A",
        "scale": "minor"
    },
    "tuning_diatonic_strength": 0.509873509407,
    "tuning_equal_tempered_deviation": 0.0499176643789,
    "tuning_frequency": 439.745910645,
    "tuning_nontempered_energy_ratio": 0.710991740227,
    "hpcp": {
        "mean": [0.175842612982, 0.107677489519, 0.0507093071938, 0.0448244288564, 0.0491459071636, 0.114899583161, 0.210618138313, 0.174157246947, 0.154408574104, 0.19569927454, 0.125344708562, 0.0746192112565, 0.0990478247404, 0.0997275561094, 0.110576875508, 0.18205396831, 0.162969425321, 0.0828597247601, 0.0652324929833, 0.0688029080629, 0.173297166824, 0.287460952997, 0.211487919092, 0.112165659666, 0.092318251729, 0.06564193964, 0.0681466236711, 0.0996926575899, 0.100318923593, 0.129932165146, 0.161472171545, 0.109314627945, 0.0731104686856, 0.0743008628488, 0.0832389444113, 0.143455117941]
    },
    "chords_histogram": [13.3619976044, 14.9330244064, 10.9475774765, 6.97866725922, 5.27534294128, 5.95336532593, 0.446502387524, 9.60807037354, 1.43873000145, 16.8513317108, 1.15759885311, 4.58078384399, 0, 0.314205378294, 0, 1.10798740387, 0.264594018459, 0.115759879351, 0.330742508173, 0, 2.05060362816, 0.942616164684, 1.22374725342, 2.11675214767],
    "thpcp": [1, 0.735710084438, 0.390194416046, 0.321150571108, 0.228350803256, 0.237063929439, 0.346804171801, 0.348982781172, 0.451999366283, 0.561718642712, 0.380276441574, 0.254331827164, 0.258472889662, 0.289566099644, 0.499042093754, 0.611709535122, 0.37458127737, 0.176404163241, 0.155932232738, 0.170965507627, 0.399705022573, 0.732684314251, 0.605846643448, 0.537146270275, 0.680785596371, 0.436040818691, 0.259580343962, 0.344560980797, 0.346925586462, 0.38466745615, 0.633317232132, 0.566927194595, 0.288246899843, 0.226926445961, 0.239346966147, 0.602854609489],
    "chords_key": "E",
    "chords_scale": "major"
}
}