{
"metadata": {
    "version": {
        "essentia": "2.1-beta6-dev",
        "essentia_git_sha": "v2.1_beta5-1177-g1d1cc983",
        "extractor": "music 2.0"
    },
    "audio_properties": {
        "analysis": {
            "equal_loudness": 0,
            "length": 193.839996338,
            "sample_rate": 44100,
            "start_time": 0,
            "downmix": "mix"
        },
        "bit_rate": 1411200,
        "length": 193.839996338,
        "lossless": 1,
        "number_channels": 2,
        "replay_gain": -14.3960819244,
        "sample_rate": 44100,
        "codec": "pcm_s16le",
        "md5_encoded": "12d5577d96458e78a959c24c5f8ed071"
    },
    "tags": {
        "file_name": "01 - The Front Bottoms - Flying Model Rockets.wav",
        "album": ["Rose"],
        "albumartist": ["The Front Bottoms"],
        "artist": ["The Front Bottoms"],
        "copyright": ["2014 Bar None Records 2014 Bar None Records"],
        "date": ["2014"],
        "discnumber": ["1"],
        "disctotal": ["1"],
        "genre": ["Rock"],
        "isrc": ["US37V1422701"],
        "title": ["Flying Model Rockets"],
        "tracknumber": ["1"],
        "tracktotal": ["6"]
    }
},
"lowlevel": {
    "average_loudness": 0.954999923706,
    "barkbands_crest": {
        "mean": 11.0563430786
    },
    "barkbands_flatness_db": {
        "mean": 0.161621928215
    },
    "barkbands_kurtosis": {
        "mean": 19.1015319824
    },
    "barkbands_skewness": {
        "mean": 2.40444421768
    },
    "barkbands_spread": {
        "mean": 18.616268158
    },
    "dissonance": {
        "mean": 0.448157548904
    },
    "dynamic_complexity": 4.29630613327,
    "erbbands_crest": {
        "mean": 10.6047019958
    },
    "erbbands_flatness_db": {
        "mean": 0.141886144876
    },
    "erbbands_kurtosis": {
        "mean": 3.04811000824
    },
    "erbbands_skewness": {
        "mean": 0.797529101372
    },
    "erbbands_spread": {
        "mean": 46.3141784668
    },
    "hfc": {
        "mean": 22.4682998657
    },
    "loudness_ebu128": {
        "integrated": -7.38686418533,
        "loudness_range": 8.49426364899,
        "momentary": {
            "mean": -9.81794452667
        },
        "short_term": {
            "mean": -9.01633167267
        }
    },
    "melbands_crest": {
        "mean": 16.0173664093
    },
    "melbands_flatness_db": {
        "mean": 0.246199697256
    },
    "melbands_kurtosis": {
        "mean": 32.4304351807
    },
    "melbands_skewness": {
        "mean": 3.77193641663
    },
    "melbands_spread": {
        "mean": 17.3018798828
    },
    "pitch_salience": {
        "mean": 0.511569082737
    },
    "silence_rate_20dB": {
        "mean": 1
    },
    "silence_rate_30dB": {
        "mean": 0.981554687023
    },
    "silence_rate_60dB": {
        "mean": 0.120852798223
    },
    "spectral_centroid": {
        "mean": 969.77532959
    },
    "spectral_complexity": {
        "mean": 15.875793457
    },
    "spectral_decrease": {
        "mean": -1.06791029353e-08
    },
    "spectral_energy": {
        "mean": 0.0423433631659
    },
    "spectral_energyband_high": {
        "mean": 0.000951501657255
    },
    "spectral_energyband_low": {
        "mean": 0.0197210106999
    },
    "spectral_energyband_middle_high": {
        "mean": 0.00411098403856
    },
    "spectral_energyband_middle_low": {
        "mean": 0.0214494615793
    },
    "spectral_entropy": {
        "mean": 7.35871124268
    },
    "spectral_flux": {
        "mean": 0.0968314781785
    },
    "spectral_kurtosis": {
        "mean": 7.02211999893
    },
    "spectral_rms": {
        "mean": 0.00590566918254
    },
    "spectral_rolloff": {
        "mean": 1243.29541016
    },
    "spectral_skewness": {
        "mean": 1.91374993324
    },
    "spectral_spread": {
        "mean": 5888839
    },
    "spectral_strongpeak": {
        "mean": 0.853408634663
    },
    "zerocrossingrate": {
        "mean": 0.0623894669116
    },
    "barkbands": {
        "mean": [0.000280209933408, 0.00689311791211, 0.00896638073027, 0.00726768374443, 0.00556280650198, 0.00257119722664, 0.000980582670309, 0.00214963336475, 0.00229850155301, 0.00111370708328, 0.000511248246767, 0.000486249628011, 0.000435507361544, 0.00038217290421, 0.00032952951733, 0.000259659544099, 0.000440506119048, 0.000216389147681, 0.000170781713678, 0.00014980690321, 0.000150747742737, 0.000143852608744, 0.000151133019244, 0.000187068551895, 0.000152056440129, 6.64250474074e-05, 2.608599425e-05]
    },
    "erbbands": {
        "mean": [0.11101450026, 1.92175161839, 9.34133338928, 18.4987773895, 23.5885219574, 15.1172218323, 19.5415992737, 21.6342906952, 13.6327428818, 27.1496677399, 49.9264526367, 62.5136489868, 39.2327690125, 23.6734619141, 21.6803188324, 22.7454090118, 21.2298946381, 18.7883358002, 18.4371623993, 16.8368625641, 17.0346031189, 21.0269737244, 14.1668224335, 8.24208831787, 8.97794532776, 6.84162712097, 6.66744041443, 5.68854665756, 5.29571723938, 4.35020494461, 4.16933822632, 3.86291027069, 3.2204272747, 2.00211572647, 0.903923928738, 0.352293819189, 0.106235869229, 0.0300575569272, 0.00479262275621, 0.000215471081901]
    },
    "gfcc": {
        "mean": [-12.1739521027, 79.5849227905, -75.4090957642, 25.4720478058, -52.5399093628, 8.73182582855, -39.2824134827, 4.33427381516, -23.8748550415, -3.94081664085, -21.2190971375, -5.47872304916, -14.2537899017],
        "cov": [[28770.28125, 259.598022461, -2702.93945312, 833.082763672, -565.685974121, 822.523010254, -312.833312988, 842.868347168, -341.833374023, 137.264465332, -632.723876953, -130.18687439, -587.091674805], [259.598022461, 1965.14440918, -50.8634185791, -337.458679199, 260.265350342, 17.1470985413, 90.4082870483, -62.5852546692, 34.6783714294, -121.20942688, -8.4821023941, -98.7993011475, -45.3860435486], [-2702.93945312, -50.8634185791, 891.792114258, 49.1669578552, 40.1616744995, -76.1727676392, -16.6361103058, -141.364761353, -6.50258970261, 36.088760376, 46.3364143372, 31.9599266052, 63.3187599182], [833.082763672, -337.458679199, 49.1669578552, 520.654174805, 18.2294139862, 39.6408348083, -63.5896263123, 44.4105377197, 51.1810874939, 56.9686050415, -16.5863075256, 11.1123104095, -9.91237354279], [-565.685974121, 260.265350342, 40.1616744995, 18.2294139862, 469.195220947, 149.953262329, 52.4868240356, 36.352935791, 97.2569198608, 27.3357830048, 12.3542966843, -60.8584823608, -58.4808616638], [822.523010254, 17.1470985413, -76.1727676392, 39.6408348083, 149.953262329, 292.623382568, 128.334854126, 72.0972442627, 26.9553356171, 37.831943512, 11.0175170898, -45.8611984253, -71.9102630615], [-312.833312988, 90.4082870483, -16.6361103058, -63.5896263123, 52.4868240356, 128.334854126, 225.122650146, 54.597694397, -2.77952337265, -6.68590831757, 32.7150268555, -9.27550983429, -24.8023376465], [842.868347168, -62.5852546692, -141.364761353, 44.4105377197, 36.352935791, 72.0972442627, 54.597694397, 165.904678345, 50.0771636963, 6.10796022415, -10.2723121643, -4.34621524811, -18.4070453644], [-341.833374023, 34.6783714294, -6.50258970261, 51.1810874939, 97.2569198608, 26.9553356171, -2.77952337265, 50.0771636963, 138.945022583, 37.7627487183, 1.75575852394, -19.6267986298, -1.2968287468], [137.264465332, -121.20942688, 36.088760376, 56.9686050415, 27.3357830048, 37.831943512, -6.68590831757, 6.10796022415, 37.7627487183, 101.462242126, 35.4206771851, 6.06709814072, -5.24854660034], [-632.723876953, -8.4821023941, 46.3364143372, -16.5863075256, 12.3542966843, 11.0175170898, 32.7150268555, -10.2723121643, 1.75575852394, 35.4206771851, 105.368988037, 41.1442642212, 24.2598114014], [-130.18687439, -98.7993011475, 31.9599266052, 11.1123104095, -60.8584823608, -45.8611984253, -9.27550983429, -4.34621524811, -19.6267986298, 6.06709814072, 41.1442642212, 102.623970032, 58.4198570251], [-587.091674805, -45.3860435486, 63.3187599182, -9.91237354279, -58.4808616638, -71.9102630615, -24.8023376465, -18.4070453644, -1.2968287468, -5.24854660034, 24.2598114014, 58.4198570251, 105.359405518]],
        "icov": [[0.000162202515639, -0.000213681370951, 0.000303354230709, -0.000204695767025, 0.000290850235615, -0.000522615446243, 0.000564784742892, -0.000749410828575, 0.000872921838891, -0.000866664922796, 0.000943403807469, -0.000539667787962, 0.000466571305878], [-0.000213681370951, 0.00100140878931, -0.000332923751557, 0.000603039516136, -0.000747538695578, 0.000795407919213, -0.00093022803776, 0.00141427514609, -0.00155465281568, 0.00203067949042, -0.00149548810441, 0.00110477418639, -0.000532644568011], [0.000303354230709, -0.000332923751557, 0.00204003811814, -0.000644565268885, 0.000172883475898, -0.000575594778638, 0.000503059010953, -1.70016592165e-05, 0.00158461835235, -0.00208703591488, 0.00168903800659, -0.000931261456572, 0.000121845478134], [-0.000204695767025, 0.000603039516136, -0.000644565268885, 0.00278958980925, -0.000385274091968, 6.46153930575e-05, 0.000235132931266, 0.00040537249879, -0.00174734753091, 0.000580176361836, -0.000589132483583, 1.44948057823e-06, -0.000132361572469], [0.000290850235615, -0.000747538695578, 0.000172883475898, -0.000385274091968, 0.00392364384606, -0.00247603119351, 0.00142620364204, -0.00134818314109, -0.000448756676633, -0.00113735999912, 0.000942391168792, -0.000442017568275, 0.00171255948953], [-0.000522615446243, 0.000795407919213, -0.000575594778638, 6.46153930575e-05, -0.00247603119351, 0.00865859631449, -0.00516783026978, 0.00137680687476, -0.00174065714236, 0.000391497829696, -0.00301104015671, 0.00286553031765, 0.000444333738415], [0.000564784742892, -0.00093022803776, 0.000503059010953, 0.000235132931266, 0.00142620364204, -0.00516783026978, 0.00957868620753, -0.00490204943344, 0.00356274284422, -0.00103871908505, 0.000584781111684, -0.00178273394704, 0.00197509443387], [-0.000749410828575, 0.00141427514609, -1.70016592165e-05, 0.00040537249879, -0.00134818314109, 0.00137680687476, -0.00490204943344, 0.0133925015107, -0.00784696079791, 0.00500620063394, -0.00288388482295, 0.000621868064627, -0.00166914251167], [0.000872921838891, -0.00155465281568, 0.00158461835235, -0.00174734753091, -0.000448756676633, -0.00174065714236, 0.00356274284422, -0.00784696079791, 0.0164168998599, -0.0091606490314, 0.00540892733261, -1.81623126991e-05, -0.000381260237191], [-0.000866664922796, 0.00203067949042, -0.00208703591488, 0.000580176361836, -0.00113735999912, 0.000391497829696, -0.00103871908505, 0.00500620063394, -0.0091606490314, 0.0206839125603, -0.0108817974105, 0.00271088862792, -0.000459577800939], [0.000943403807469, -0.00149548810441, 0.00168903800659, -0.000589132483583, 0.000942391168792, -0.00301104015671, 0.000584781111684, -0.00288388482295, 0.00540892733261, -0.0108817974105, 0.0206920020282, -0.00896060932428, 0.00137248612009], [-0.000539667787962, 0.00110477418639, -0.000931261456572, 1.44948057823e-06, -0.000442017568275, 0.00286553031765, -0.00178273394704, 0.000621868064627, -1.81623126991e-05, 0.00271088862792, -0.00896060932428, 0.0201648902148, -0.00955503527075], [0.000466571305878, -0.000532644568011, 0.000121845478134, -0.000132361572469, 0.00171255948953, 0.000444333738415, 0.00197509443387, -0.00166914251167, -0.000381260237191, -0.000459577800939, 0.00137248612009, -0.00955503527075, 0.0181577187032]]
    },
    "melbands": {
        "mean": [0.00146549823694, 0.00415194500238, 0.0034362077713, 0.00132869766094, 0.000692098517902, 0.000470214465167, 0.00020297858282, 0.000331444403855, 0.000429502135376, 0.000358414225047, 0.000182112969924, 9.27324508666e-05, 7.15139685781e-05, 6.11053983448e-05, 5.14150851814e-05, 3.91329194827e-05, 3.53127870767e-05, 3.05495887005e-05, 2.36138293985e-05, 2.0158226107e-05, 2.16681110032e-05, 2.37730910158e-05, 1.81233990588e-05, 8.98395774129e-06, 6.2102026277e-06, 6.92066714691e-06, 5.69737767364e-06, 4.19964771936e-06, 4.32154865848e-06, 3.5853972804e-06, 3.17854460263e-06, 3.1446943467e-06, 2.51277378993e-06, 2.40842905441e-06, 2.21196387429e-06, 2.72810120805e-06, 2.19829507841e-06, 2.2368358259e-06, 2.136761168e-06, 1.54827944243e-06]
    },
    "melbands128": {
        "mean": [0.000235714673181, 0.000616332690697, 0.00168619293254, 0.00360706052743, 0.00470933876932, 0.00430648261681, 0.00373856956139, 0.00363847822882, 0.00239683478139, 0.00108620221727, 0.000691731635015, 0.000779137539212, 0.00065392680699, 0.000639351084828, 0.000608968141023, 0.000295952137094, 0.000177410372999, 0.000217566383071, 0.000174150758539, 0.000309982016915, 0.000407667335821, 0.000397531461203, 0.00042685031076, 0.000427735416451, 0.000563529378269, 0.000222926188144, 0.000157642673003, 0.00026602629805, 9.54028655542e-05, 0.000109456879727, 8.5841078544e-05, 6.67358035571e-05, 7.89222540334e-05, 7.58535752539e-05, 4.03666708735e-05, 7.24094206817e-05, 6.97041105013e-05, 2.88196515612e-05, 6.567616947e-05, 4.86355456815e-05, 2.91384112643e-05, 2.978253724e-05, 3.36690063705e-05, 4.17713890783e-05, 3.34314136126e-05, 2.81035117951e-05, 2.75467045867e-05, 2.30563364312e-05, 2.11981150642e-05, 2.54768474406e-05, 2.06430777325e-05, 1.56601236085e-05, 1.04323489722e-05, 3.09056486003e-05, 3.38764402841e-05, 2.06593522307e-05, 1.48443532453e-05, 2.48559481406e-05, 1.81655377673e-05, 1.00575980468e-05, 8.29057898954e-06, 8.32344994706e-06, 5.63088451599e-06, 5.9285343923e-06, 6.00954990659e-06, 7.7070790212e-06, 6.94183654559e-06, 6.09702874499e-06, 5.61606611882e-06, 4.79731852465e-06, 3.92378660763e-06, 4.0595923565e-06, 4.32119986726e-06, 4.68780763185e-06, 3.96948644266e-06, 3.31009164256e-06, 3.73099078388e-06, 3.31728574565e-06, 2.86396107185e-06, 3.21516358781e-06, 3.58091665476e-06, 2.89743161375e-06, 2.72887177744e-06, 2.54364113061e-06, 2.18924196815e-06, 2.46357103606e-06, 2.51181108979e-06, 2.29596730605e-06, 1.91426283891e-06, 2.27324062507e-06, 3.07760342366e-06, 2.70240070677e-06, 2.46670128945e-06, 2.18579521061e-06, 2.03216404771e-06, 2.1257753815e-06, 2.35091124523e-06, 2.30340560847e-06, 2.25978646995e-06, 2.01904549613e-06, 1.66008976521e-06, 1.48682306644e-06, 1.3798994587e-06, 1.26107283904e-06, 1.05084973256e-06, 7.93736603555e-07, 6.62187630951e-07, 6.25430743639e-07, 6.67326560233e-07, 5.5631056739e-07, 4.14237774748e-07, 3.52119741365e-07, 3.17942237871e-07, 2.83462213702e-07, 2.44183468112e-07, 2.41168578441e-07, 2.26167429673e-07, 2.13459003362e-07, 2.38234107997e-07, 1.99782803634e-07, 1.04422539948e-07, 6.50711839967e-08, 4.45253398595e-08, 3.18957518175e-08, 2.29606627045e-08, 1.44077825226e-08, 7.82384912412e-09, 3.8038696637e-09]
    },
    "mfcc": {
        "mean": [-665.495666504, 118.771240234, 28.806728363, 23.8402938843, 11.2950773239, 4.02956867218, -2.0992937088, 1.55492007732, -0.205337181687, 0.215059459209, -3.07960176468, -2.73331260681, -5.83997488022],
        "cov": [[20995.3476562, -148.338424683, -1397.97473145, -285.682281494, 238.36932373, 137.736068726, 156.685211182, 405.624603271, 311.892913818, 336.33972168, 267.420501709, 247.135314941, -109.714797974], [-148.338424683, 1798.03686523, -85.3745346069, -188.107772827, 45.003326416, 27.2256717682, 53.6689033508, 45.7705307007, -1.46673882008, -18.6130828857, -0.708509027958, -23.6702194214, -5.99064731598], [-1397.97473145, -85.3745346069, 695.977111816, 152.540481567, -62.3725967407, 10.9544305801, -30.7447338104, -104.179283142, -47.3958740234, -75.8738708496, -59.6191368103, -46.8228492737, 6.89749717712], [-285.682281494, -188.107772827, 152.540481567, 320.798431396, 98.8328857422, 10.7900629044, -56.3021850586, -21.1426410675, 16.5406742096, -10.6318187714, -22.3414478302, 16.588312149, 23.4491691589], [238.36932373, 45.003326416, -62.3725967407, 98.8328857422, 334.31628418, 98.5570678711, 2.18531799316, 12.0738563538, 63.001914978, 67.6753387451, 38.786895752, 55.3647041321, 32.3911361694], [137.736068726, 27.2256717682, 10.9544305801, 10.7900629044, 98.5570678711, 214.91734314, 94.8426971436, 25.0333461761, 24.189496994, 54.4236526489, 61.6826210022, 37.4500007629, 12.4361763], [156.685211182, 53.6689033508, -30.7447338104, -56.3021850586, 2.18531799316, 94.8426971436, 205.857055664, 81.5650024414, 8.078373909, 30.5887413025, 57.4728736877, 22.9006900787, 20.4058589935], [405.624603271, 45.7705307007, -104.179283142, -21.1426410675, 12.0738563538, 25.0333461761, 81.5650024414, 150.243881226, 56.3543243408, 29.3400363922, 37.0392990112, 41.5675773621, 4.16703748703], [311.892913818, -1.46673882008, -47.3958740234, 16.5406742096, 63.001914978, 24.189496994, 8.078373909, 56.3543243408, 110.39855957, 53.870967865, 23.6637859344, 22.8486289978, 3.53992795944], [336.33972168, -18.6130828857, -75.8738708496, -10.6318187714, 67.6753387451, 54.4236526489, 30.5887413025, 29.3400363922, 53.870967865, 127.273086548, 64.6592712402, 26.916557312, 8.42958831787], [267.420501709, -0.708509027958, -59.6191368103, -22.3414478302, 38.786895752, 61.6826210022, 57.4728736877, 37.0392990112, 23.6637859344, 64.6592712402, 106.338798523, 47.2615318298, 8.22696304321], [247.135314941, -23.6702194214, -46.8228492737, 16.588312149, 55.3647041321, 37.4500007629, 22.9006900787, 41.5675773621, 22.8486289978, 26.916557312, 47.2615318298, 96.7911071777, 28.7886562347], [-109.714797974, -5.99064731598, 6.89749717712, 23.4491691589, 32.3911361694, 12.4361763, 20.4058589935, 4.16703748703, 3.53992795944, 8.42958831787, 8.22696304321, 28.7886562347, 71.5265426636]],
        "icov": [[5.83490837016e-05, 9.82124493021e-06, 9.55103241722e-05, 6.4337814365e-06, 2.23148867917e-06, -1.06305315057e-05, -8.05650597613e-06, -3.00303508993e-05, -7.20963143976e-05, -4.22420453106e-05, 2.23626125262e-06, -9.49493405642e-05, 0.000130395928863], [9.82124493021e-06, 0.000626648252364, -2.3268190489e-05, 0.000468571466627, -0.000308252841933, -7.21081160009e-05, 4.59609655081e-05, -0.000310572446324, 5.9741181758e-05, 0.000261203298578, 3.79950688512e-06, 0.000298884551739, -8.11853897176e-05], [9.55103241722e-05, -2.3268190489e-05, 0.00219999183901, -0.00110548979137, 0.000704998616129, -0.000602862273809, -0.000489970494527, 0.00138338282704, -0.000534635211807, 0.000709684100002, 0.000250916258665, 0.000166293626535, -1.33976109282e-05], [6.4337814365e-06, 0.000468571466627, -0.00110548979137, 0.0047526601702, -0.00159755931236, -0.000176797431777, 0.00137523841113, -0.000919118348975, -0.000154818088049, 0.000503052549902, 0.000557790102903, -0.000280932552414, -0.000989689840935], [2.23148867917e-06, -0.000308252841933, 0.000704998616129, -0.00159755931236, 0.00497754151002, -0.00188123376574, 0.000441715790657, 0.00122181652114, -0.00178810080979, -0.00109251181129, 0.00042777962517, -0.00141406722832, -0.00095365953166], [-1.06305315057e-05, -7.21081160009e-05, -0.000602862273809, -0.000176797431777, -0.00188123376574, 0.0079425368458, -0.00370579748414, 0.00145910785068, -0.000242898764554, -0.00111146119889, -0.00158965610899, -0.0012639965862, 0.00137154455297], [-8.05650597613e-06, 4.59609655081e-05, -0.000489970494527, 0.00137523841113, 0.000441715790657, -0.00370579748414, 0.00987880583853, -0.00582106597722, 0.0024668299593, 0.000268526491709, -0.00292837270536, 0.00266854767688, -0.00333800702356], [-3.00303508993e-05, -0.000310572446324, 0.00138338282704, -0.000919118348975, 0.00122181652114, 0.00145910785068, -0.00582106597722, 0.0138612305745, -0.0066226394847, 0.00118866015691, 0.000292622717097, -0.00455492734909, 0.00212933286093], [-7.20963143976e-05, 5.9741181758e-05, -0.000534635211807, -0.000154818088049, -0.00178810080979, -0.000242898764554, 0.0024668299593, -0.0066226394847, 0.0156351290643, -0.00550993904471, 0.00122875603847, 0.000575340469368, 3.34321703122e-05], [-4.22420453106e-05, 0.000261203298578, 0.000709684100002, 0.000503052549902, -0.00109251181129, -0.00111146119889, 0.000268526491709, 0.00118866015691, -0.00550993904471, 0.0150568382815, -0.00769045809284, 0.00213902350515, -0.00121231004596], [2.23626125262e-06, 3.79950688512e-06, 0.000250916258665, 0.000557790102903, 0.00042777962517, -0.00158965610899, -0.00292837270536, 0.000292622717097, 0.00122875603847, -0.00769045809284, 0.0193902943283, -0.00733454152942, 0.00226507964544], [-9.49493405642e-05, 0.000298884551739, 0.000166293626535, -0.000280932552414, -0.00141406722832, -0.0012639965862, 0.00266854767688, -0.00455492734909, 0.000575340469368, 0.00213902350515, -0.00733454152942, 0.0181605070829, -0.00642671156675], [0.000130395928863, -8.11853897176e-05, -1.33976109282e-05, -0.000989689840935, -0.00095365953166, 0.00137154455297, -0.00333800702356, 0.00212933286093, 3.34321703122e-05, -0.00121231004596, 0.00226507964544, -0.00642671156675, 0.017988814041]]
    },
    "spectral_contrast_coeffs": {
        "mean": [-0.664988398552, -0.724718749523, -0.751868247986, -0.794964253902, -0.803484022617, -0.803250908852]
    },
    "spectral_contrast_valleys": {
        "mean": [-6.59836339951, -7.04196119308, -8.03588676453, -8.17910575867, -8.06495285034, -10.0081195831]
    }
},
"rhythm": {
    "beats_count": 466,
    "beats_loudness": {
        "mean": 0.0633067190647
    },
    "bpm": 144.943832397,
    "bpm_histogram_first_peak_bpm": 144,
    "bpm_histogram_first_peak_weight": 0.42477875948,
    "bpm_histogram_second_peak_bpm": 152,
    "bpm_histogram_second_peak_spread": 0,
    "bpm_histogram_second_peak_weight": 0.0129032256082,
    "danceability": 1.13971972466,
    "onset_rate": 3.92567944527,
    "beats_loudness_band_ratio": {
        "mean": [0.651007533073, 0.173247784376, 0.0910208374262, 0.0411972627044, 0.0319112874568, 0.0552051924169]
    },
    "beats_position": [0.46439909935, 0.893968224525, 1.3235373497, 1.74149656296, 2.15945577621, 2.57741498947, 2.9837641716, 3.39011335373, 3.80807256699, 4.22603178024, 4.63238096237, 5.0387301445, 5.45668935776, 5.87464857101, 6.29260778427, 6.71056699753, 7.12852573395, 7.53487491608, 7.94122457504, 8.35918331146, 8.76553249359, 9.17188167572, 9.58984088898, 9.99619007111, 10.4025392532, 10.8204984665, 11.2384576797, 11.656416893, 12.0743761063, 12.4923353195, 12.9102945328, 13.328253746, 13.7462129593, 14.1525621414, 14.5589113235, 14.9768705368, 15.3948297501, 15.8127889633, 16.2307472229, 16.637096405, 17.0434455872, 17.4497947693, 17.8561439514, 18.2741031647, 18.6920623779, 19.1100215912, 19.5163707733, 19.9227199554, 20.3406791687, 20.758638382, 21.1765975952, 21.5945568085, 22.0009059906, 22.4072551727, 22.825214386, 23.2315635681, 23.6379127502, 24.0558719635, 24.4738311768, 24.89179039, 25.3097496033, 25.7277088165, 26.1456680298, 26.563627243, 26.9815864563, 27.3879356384, 27.7942848206, 28.2006340027, 28.6069831848, 29.0249423981, 29.4312915802, 29.8376407623, 30.2555999756, 30.6735591888, 31.0915184021, 31.5094776154, 31.9274368286, 32.3337860107, 32.7401351929, 33.1580963135, 33.5760536194, 33.9824028015, 34.3887519836, 34.8067131042, 35.2246704102, 35.6426315308, 36.0605888367, 36.4785499573, 36.8965072632, 37.3144645691, 37.7324256897, 38.1503829956, 38.5683441162, 38.9863014221, 39.4042625427, 39.8106117249, 40.216960907, 40.6349182129, 41.0528793335, 41.4592285156, 41.8655776978, 42.2835350037, 42.6898841858, 43.1078453064, 43.5258026123, 43.9321517944, 44.350112915, 44.7564620972, 45.1628112793, 45.5691604614, 45.9871177673, 46.4050788879, 46.8114280701, 47.229385376, 47.6589546204, 48.076915741, 48.4832649231, 48.901222229, 49.3075714111, 49.7139205933, 50.1318817139, 50.5498390198, 50.9561882019, 51.362537384, 51.7804985046, 52.1984558105, 52.6164169312, 53.0343742371, 53.4523353577, 53.8702926636, 54.2766418457, 54.6829910278, 55.1009521484, 55.5189094543, 55.9252586365, 56.3316078186, 56.7495689392, 57.1675262451, 57.5738754272, 57.9802246094, 58.3865737915, 58.7929229736, 59.1992721558, 59.6056213379, 60.0235824585, 60.4415397644, 60.859500885, 61.2658500671, 61.6721992493, 62.0901565552, 62.5081176758, 62.9260749817, 63.3440361023, 63.7619934082, 64.1799545288, 64.5979156494, 65.0042648315, 65.4106140137, 65.8285675049, 66.2465286255, 66.6644897461, 67.0824508667, 67.5004043579, 67.90675354, 68.3131027222, 68.7310638428, 69.1490249634, 69.566986084, 69.9733352661, 70.3796844482, 70.7976379395, 71.2155990601, 71.6219482422, 72.0282974243, 72.4462585449, 72.8642196655, 73.2705688477, 73.6769180298, 74.094871521, 74.5128326416, 74.9424057007, 75.3719711304, 75.789932251, 76.2078933716, 76.6258468628, 77.0438079834, 77.461769104, 77.8797302246, 78.2976837158, 78.7156448364, 79.1219940186, 79.5283432007, 79.9463043213, 80.3642578125, 80.7706069946, 81.1769561768, 81.5833053589, 81.9896621704, 82.4076156616, 82.8255767822, 83.2435379028, 83.649887085, 84.0562362671, 84.4741897583, 84.8805389404, 85.2868881226, 85.7048492432, 86.1228103638, 86.5291595459, 86.935508728, 87.3534698486, 87.7714233398, 88.1893844604, 88.6189575195, 89.0369110107, 89.4432601929, 89.8612213135, 90.2791824341, 90.6855316162, 91.0918807983, 91.5098419189, 91.9277954102, 92.3457565308, 92.7521057129, 93.158454895, 93.5764160156, 93.9943771362, 94.4123306274, 94.830291748, 95.2482528687, 95.6662139893, 96.0725631714, 96.4789123535, 96.8968658447, 97.3148269653, 97.7327880859, 98.1391372681, 98.5454864502, 98.9518356323, 99.3581848145, 99.7761459351, 100.194099426, 100.612060547, 101.018409729, 101.424758911, 101.842720032, 102.260681152, 102.667030334, 103.073379517, 103.491333008, 103.909294128, 104.327255249, 104.733604431, 105.139953613, 105.557914734, 105.975868225, 106.393829346, 106.800178528, 107.20652771, 107.612876892, 108.019226074, 108.437187195, 108.855148315, 109.261497498, 109.66784668, 110.085800171, 110.492149353, 110.898498535, 111.304847717, 111.711196899, 112.12915802, 112.535507202, 112.941856384, 113.359817505, 113.777778625, 114.195732117, 114.613693237, 115.043266296, 115.472831726, 115.890792847, 116.297142029, 116.726707458, 117.144668579, 117.5626297, 117.957366943, 118.386940002, 118.816505432, 119.234466553, 119.640815735, 120.058776855, 120.476730347, 120.883079529, 121.301040649, 121.71900177, 122.136962891, 122.543312073, 122.949661255, 123.367614746, 123.785575867, 124.203536987, 124.609886169, 125.016235352, 125.422584534, 125.828933716, 126.223670959, 126.653244019, 127.082809448, 127.500770569, 127.91872406, 128.336685181, 128.754638672, 129.172607422, 129.590560913, 130.008529663, 130.414871216, 130.821228027, 131.239181519, 131.65713501, 132.07510376, 132.493057251, 132.911010742, 133.317367554, 133.723709106, 134.141677856, 134.559631348, 134.977600098, 135.38394165, 135.790298462, 136.196640015, 136.602996826, 137.009338379, 137.41569519, 137.833648682, 138.239990234, 138.646347046, 139.064300537, 139.482269287, 139.900222778, 140.31817627, 140.73614502, 141.142486572, 141.548843384, 141.966796875, 142.384765625, 142.802719116, 143.220672607, 143.638641357, 144.04498291, 144.46295166, 144.869293213, 145.287246704, 145.693603516, 146.099945068, 146.517913818, 146.93586731, 147.342224121, 147.748565674, 148.166534424, 148.572875977, 148.979232788, 149.397186279, 149.815139771, 150.233108521, 150.651062012, 151.057418823, 151.463760376, 151.881713867, 152.288070679, 152.694412231, 153.12399292, 153.55355835, 153.971511841, 154.389480591, 154.807434082, 155.225387573, 155.643356323, 156.061309814, 156.479278564, 156.897232056, 157.303573608, 157.721542358, 158.127883911, 158.545852661, 158.963806152, 159.381759644, 159.799728394, 160.217681885, 160.635650635, 161.041992188, 161.448348999, 161.86630249, 162.284255981, 162.690612793, 163.096954346, 163.514923096, 163.921264648, 164.32762146, 164.745574951, 165.163528442, 165.569885254, 165.976226807, 166.394195557, 166.812149048, 167.218505859, 167.624847412, 168.042816162, 168.449157715, 168.855514526, 169.273468018, 169.691421509, 170.109390259, 170.538955688, 170.968521118, 171.363265991, 171.757995605, 172.175964355, 172.582305908, 173.000274658, 173.406616211, 173.824569702, 174.242538452, 174.660491943, 175.066848755, 175.473190308, 175.891159058, 176.309112549, 176.715454102, 177.121810913, 177.528152466, 177.946121216, 178.352462769, 178.770431519, 179.18838501, 179.606338501, 180.024307251, 180.442260742, 180.837005615, 181.254959106, 181.661315918, 182.079269409, 182.485626221, 182.903579712, 183.309921265, 183.716278076, 184.111022949, 184.52897644, 184.946929932, 185.364898682, 185.840896606, 186.31690979, 186.792922974, 187.24571228, 187.710113525, 188.174514771, 188.638900757, 189.045257568, 189.46321106, 189.88117981, 190.299133301, 190.717086792, 191.135055542, 191.553009033, 191.970977783, 192.400543213, 192.830108643, 193.259674072],
    "bpm_histogram": [0, 0, 0, 0, 0, 0, 0, 0, 0, 0, 0, 0, 0, 0, 0, 0, 0, 0, 0, 0, 0, 0, 0, 0, 0, 0, 0, 0, 0, 0, 0, 0, 0, 0, 0, 0, 0, 0, 0, 0, 0, 0, 0, 0, 0, 0, 0, 0, 0, 0, 0, 0, 0, 0, 0, 0, 0, 0, 0, 0, 0, 0, 0, 0, 0, 0, 0, 0, 0, 0, 0, 0, 0, 0, 0, 0, 0, 0, 0, 0, 0, 0, 0, 0, 0, 0, 0, 0, 0, 0, 0, 0, 0, 0, 0, 0, 0, 0, 0, 0, 0, 0, 0, 0, 0, 0, 0, 0, 0, 0, 0, 0, 0, 0, 0, 0, 0, 0, 0, 0, 0, 0, 0, 0, 0, 0, 0.00645161280409, 0, 0, 0.00645161280409, 0, 0, 0, 0.00215053767897, 0, 0, 0, 0, 0, 0, 0.0430107526481, 0, 0, 0, 0.559139788151, 0, 0, 0, 0.369892477989, 0, 0, 0, 0.0129032256082, 0, 0, 0, 0, 0, 0, 0, 0, 0, 0, 0, 0, 0, 0, 0, 0, 0, 0, 0, 0, 0, 0, 0, 0, 0, 0, 0, 0, 0, 0, 0, 0, 0, 0, 0, 0, 0, 0, 0, 0, 0, 0, 0, 0, 0, 0, 0, 0, 0, 0, 0, 0, 0, 0, 0, 0, 0, 0, 0, 0, 0, 0, 0, 0, 0, 0, 0, 0, 0, 0, 0, 0, 0, 0, 0, 0, 0, 0, 0, 0, 0, 0, 0, 0, 0, 0, 0, 0, 0, 0, 0, 0, 0, 0, 0, 0, 0]
},
"tonal": {
    "chords_changes_rate": 0.0632335320115,
    "chords_number_rate": 0.00335329351947,
    "chords_strength": {
        "mean": 0.535419940948
    },
    "hpcp_crest": {
        "mean": 14.118309021
    },
    "hpcp_entropy": {
        "mean": 1.8788690567
    },
    "key_edma": {
        "strength": 0.74624556303,
        "key": "C",
        "scale": "major"
    },
    "key_krumhansl": {
        "strength": 0.758245885372,
        "key": "C",
        "scale": "major"
    },
    "key_temperley": {
        "strength": 0.770114600658,
        "key": "C",
        "scale": "major"
    },
    "tuning_diatonic_strength": 0.666029989719,
    "tuning_equal_tempered_deviation": 0.0535690672696,
    "tuning_frequency": 442.03793335,
    "tuning_nontempered_energy_ratio": 0.731571733952,
    "hpcp": {
        "mean": [0.160129576921, 0.0815113857388, 0.0367413572967, 0.0287246629596, 0.034662399441, 0.0655681192875, 0.108779162169, 0.109324373305, 0.17852987349, 0.234708458185, 0.133126065135, 0.0597159788013, 0.0705359056592, 0.0958159863949, 0.158733487129, 0.19872546196, 0.137862458825, 0.0693469941616, 0.0504701882601, 0.0644821971655, 0.170256778598, 0.227749988437, 0.163467228413, 0.203185349703, 0.208950355649, 0.103785566986, 0.0570302419364, 0.0534504838288, 0.0678764283657, 0.146882385015, 0.224689826369, 0.157299458981, 0.0675956010818, 0.0567001923919, 0.0726546347141, 0.145115420222]
    },
    "chords_histogram": [27.3772449493, 2.63473057747, 16.5269470215, 2.41916155815, 0.742514967918, 0, 3.6646707058, 2.73053884506, 0.814371228218, 1.12574851513, 0.742514967918, 0, 0, 0, 0, 6.94610786438, 1.46107780933, 2.22754502296, 0, 1.02994012833, 0.742514967918, 5.00598812103, 11.4011974335, 12.4071855545],
    "thpcp": [1, 0.567197561264, 0.254426181316, 0.300525635481, 0.408234059811, 0.676300644875, 0.846690654755, 0.587377488613, 0.295460134745, 0.215033531189, 0.274733155966, 0.725396871567, 0.970352709293, 0.696469247341, 0.8656924963, 0.890254914761, 0.442189306021, 0.242983326316, 0.227731391788, 0.289194643497, 0.625807821751, 0.957314550877, 0.670190870762, 0.287998139858, 0.241577118635, 0.309552699327, 0.618279457092, 0.682248830795, 0.347287803888, 0.156540408731, 0.122384436429, 0.147682785988, 0.279359847307, 0.463465034962, 0.465787947178, 0.760645270348],
    "chords_key": "C",
    "chords_scale": "major"
}
}