{
"metadata": {
    "version": {
        "essentia": "2.1-beta6-dev",
        "essentia_git_sha": "v2.1_beta5-1177-g1d1cc983",
        "extractor": "music 2.0"
    },
    "audio_properties": {
        "analysis": {
            "equal_loudness": 0,
            "length": 225.253326416,
            "sample_rate": 44100,
            "start_time": 0,
            "downmix": "mix"
        },
        "bit_rate": 1411200,
        "length": 225.253326416,
        "lossless": 1,
        "number_channels": 2,
        "replay_gain": -13.5990848541,
        "sample_rate": 44100,
        "codec": "pcm_s16le",
        "md5_encoded": "c8bbc78b83e21b66f5ff13d0efdc6c91"
    },
    "tags": {
        "file_name": "03 - The Front Bottoms - 12 Feet Deep.wav",
        "album": ["Rose"],
        "albumartist": ["The Front Bottoms"],
        "artist": ["The Front Bottoms"],
        "copyright": ["2014 Bar None Records 2014 Bar None Records"],
        "date": ["2014"],
        "discnumber": ["1"],
        "disctotal": ["1"],
        "genre": ["Rock"],
        "isrc": ["US37V1422703"],
        "title": ["12 Feet Deep"],
        "tracknumber": ["3"],
        "tracktotal": ["6"]
    }
},
"lowlevel": {
    "average_loudness": 0.949294924736,
    "barkbands_crest": {
        "mean": 10.1085710526
    },
    "barkbands_flatness_db": {
        "mean": 0.12727022171
    },
    "barkbands_kurtosis": {
        "mean": 8.36312866211
    },
    "barkbands_skewness": {
        "mean": 1.5503436327
    },
    "barkbands_spread": {
        "mean": 26.0978851318
    },
    "dissonance": {
        "mean": 0.467850089073
    },
    "dynamic_complexity": 2.59994864464,
    "erbbands_crest": {
        "mean": 8.62271976471
    },
    "erbbands_flatness_db": {
        "mean": 0.134308382869
    },
    "erbbands_kurtosis": {
        "mean": 0.15209838748
    },
    "erbbands_skewness": {
        "mean": 0.0713980942965
    },
    "erbbands_spread": {
        "mean": 45.9437637329
    },
    "hfc": {
        "mean": 29.6143283844
    },
    "loudness_ebu128": {
        "integrated": -8.73645210266,
        "loudness_range": 2.54814386368,
        "momentary": {
            "mean": -9.91644382477
        },
        "short_term": {
            "mean": -9.27553749084
        }
    },
    "melbands_crest": {
        "mean": 14.193444252
    },
    "melbands_flatness_db": {
        "mean": 0.197165727615
    },
    "melbands_kurtosis": {
        "mean": 19.6797027588
    },
    "melbands_skewness": {
        "mean": 3.14614748955
    },
    "melbands_spread": {
        "mean": 23.7654132843
    },
    "pitch_salience": {
        "mean": 0.528989851475
    },
    "silence_rate_20dB": {
        "mean": 1
    },
    "silence_rate_30dB": {
        "mean": 0.98443621397
    },
    "silence_rate_60dB": {
        "mean": 0.0213358066976
    },
    "spectral_centroid": {
        "mean": 1420.34851074
    },
    "spectral_complexity": {
        "mean": 24.0484428406
    },
    "spectral_decrease": {
        "mean": -1.04109156851e-08
    },
    "spectral_energy": {
        "mean": 0.0419792979956
    },
    "spectral_energyband_high": {
        "mean": 0.00142873753794
    },
    "spectral_energyband_low": {
        "mean": 0.0189994387329
    },
    "spectral_energyband_middle_high": {
        "mean": 0.0068211206235
    },
    "spectral_energyband_middle_low": {
        "mean": 0.0165379550308
    },
    "spectral_entropy": {
        "mean": 7.66076898575
    },
    "spectral_flux": {
        "mean": 0.106614410877
    },
    "spectral_kurtosis": {
        "mean": 4.02891206741
    },
    "spectral_rms": {
        "mean": 0.00610759248957
    },
    "spectral_rolloff": {
        "mean": 1727.78588867
    },
    "spectral_skewness": {
        "mean": 1.47414684296
    },
    "spectral_spread": {
        "mean": 5115713.5
    },
    "spectral_strongpeak": {
        "mean": 0.914124727249
    },
    "zerocrossingrate": {
        "mean": 0.0688081458211
    },
    "barkbands": {
        "mean": [0.000279249303276, 0.011197604239, 0.0058362078853, 0.00330604659393, 0.0055691585876, 0.00157101964578, 0.00187444780022, 0.00182425533421, 0.00212697987445, 0.00104719272349, 0.00081428908743, 0.000614749384113, 0.000765314034652, 0.000613484531641, 0.000635192031041, 0.000692669127602, 0.00069908995647, 0.00047524907859, 0.00038303094334, 0.000445669895271, 0.000270473537967, 0.000170130108017, 0.000250343466178, 0.000286916212644, 0.000145354482811, 7.58531241445e-05, 9.13236272027e-06]
    },
    "erbbands": {
        "mean": [0.231728360057, 2.79123902321, 7.45835018158, 8.82830810547, 14.4640474319, 19.6649799347, 16.4829521179, 12.1215000153, 19.9892978668, 37.6000328064, 39.5016555786, 44.7256317139, 44.2169342041, 28.2213230133, 33.9645767212, 25.8284435272, 37.0371780396, 28.7765083313, 29.3967761993, 40.3495101929, 38.2890815735, 40.3708305359, 30.1487541199, 18.6367664337, 21.4458293915, 20.4821949005, 14.9356060028, 8.70920848846, 6.11428356171, 5.5990190506, 7.33382844925, 6.60062885284, 4.42862510681, 2.05708599091, 0.851784050465, 0.549176692963, 0.0722896680236, 0.0112435827032, 0.0018512448296, 0.000119492629892]
    },
    "gfcc": {
        "mean": [28.8672828674, 85.9757995605, -105.056137085, 37.9135246277, -50.6916465759, 13.1510257721, -36.5596885681, 12.1196403503, -22.9090709686, 0.889669656754, -17.1281013489, -5.37382555008, -10.1372117996],
        "cov": [[17814.21875, 891.178100586, -1136.49108887, 272.260406494, -828.532592773, 192.764846802, -637.630371094, 154.472640991, -603.367980957, 80.8991851807, -524.288574219, 119.449645996, -271.408050537], [891.178100586, 1228.50158691, -549.945739746, -63.8777503967, 32.9764556885, -166.679824829, 30.1169910431, -2.57673621178, 27.8123836517, -85.1150131226, 25.2220554352, -78.2735595703, 45.4585533142], [-1136.49108887, -549.945739746, 760.63494873, 121.70715332, 74.4444732666, 127.011070251, 73.4351425171, 25.0052623749, 58.5025138855, 122.47379303, 22.763299942, 85.9132003784, 0.386415064335], [272.260406494, -63.8777503967, 121.70715332, 397.248138428, 82.68699646, -8.53493404388, -5.45259571075, 48.9018478394, 53.8018836975, 35.9169769287, 35.7778778076, 5.8770647049, 7.87418889999], [-828.532592773, 32.9764556885, 74.4444732666, 82.68699646, 276.544921875, -18.4410133362, 44.8666954041, 41.7579193115, 90.5518035889, 53.0069580078, 43.5636405945, 21.0207252502, 4.47118711472], [192.764846802, -166.679824829, 127.011070251, -8.53493404388, -18.4410133362, 189.29776001, 58.7067756653, -14.8154172897, -21.0182514191, 41.080871582, -0.596079468727, 11.2504310608, -7.37670326233], [-637.630371094, 30.1169910431, 73.4351425171, -5.45259571075, 44.8666954041, 58.7067756653, 231.047698975, 28.2581119537, 20.9430618286, 22.6875839233, 24.9424686432, 15.2203626633, 9.1043920517], [154.472640991, -2.57673621178, 25.0052623749, 48.9018478394, 41.7579193115, -14.8154172897, 28.2581119537, 136.429840088, 50.1587791443, 13.7955446243, 8.15029621124, 11.036781311, 0.43603733182], [-603.367980957, 27.8123836517, 58.5025138855, 53.8018836975, 90.5518035889, -21.0182514191, 20.9430618286, 50.1587791443, 144.207855225, 45.2628707886, 24.5880584717, -8.03627586365, 10.8198490143], [80.8991851807, -85.1150131226, 122.47379303, 35.9169769287, 53.0069580078, 41.080871582, 22.6875839233, 13.7955446243, 45.2628707886, 120.979278564, 19.8108654022, 23.2940940857, -14.782377243], [-524.288574219, 25.2220554352, 22.763299942, 35.7778778076, 43.5636405945, -0.596079468727, 24.9424686432, 8.15029621124, 24.5880584717, 19.8108654022, 94.8771591187, 14.9207201004, 10.5493268967], [119.449645996, -78.2735595703, 85.9132003784, 5.8770647049, 21.0207252502, 11.2504310608, 15.2203626633, 11.036781311, -8.03627586365, 23.2940940857, 14.9207201004, 89.6249542236, 9.37521362305], [-271.408050537, 45.4585533142, 0.386415064335, 7.87418889999, 4.47118711472, -7.37670326233, 9.1043920517, 0.43603733182, 10.8198490143, -14.782377243, 10.5493268967, 9.37521362305, 65.1111373901]],
        "icov": [[0.000300465530017, -0.000447158090537, 0.000441074575065, -0.000620318809524, 0.000702574499883, -0.000811137491837, 0.000818269792944, -0.000928564928472, 0.00100434548222, -0.00113726081327, 0.00151402608026, -0.00122062372975, 0.000894064200111], [-0.000447158090537, 0.00210350449197, 0.000317362486385, 0.000962582882494, -0.00124680576846, 0.00193376862444, -0.0018163722707, 0.00156667607371, -0.00175329437479, 0.00158478703815, -0.00254028663039, 0.00231201131828, -0.00217279861681], [0.000441074575065, 0.000317362486385, 0.00325247156434, -0.00136120570824, 0.000911654438823, -0.00171770702582, 0.000620988605078, -0.00106169597711, 0.000658518518321, -0.00273577170447, 0.0023766157683, -0.00301550491713, 0.0007439738838], [-0.000620318809524, 0.000962582882494, -0.00136120570824, 0.0042746886611, -0.00201413384639, 0.001870492124, -0.00122812006157, 0.00106765632518, -0.00212912377901, 0.00211834185757, -0.00393980182707, 0.00315462052822, -0.00223300536163], [0.000702574499883, -0.00124680576846, 0.000911654438823, -0.00201413384639, 0.00681815249845, -0.00132589589339, 0.00128051918, -0.00221918243915, -7.80214177212e-05, -0.00350512261502, 0.00254930835217, -0.003939058166, 0.00262595992535], [-0.000811137491837, 0.00193376862444, -0.00171770702582, 0.001870492124, -0.00132589589339, 0.00985262263566, -0.00424480624497, 0.00316276820377, -0.00102746707853, 0.000600291590672, -0.00401188805699, 0.00441692117602, -0.00284653319977], [0.000818269792944, -0.0018163722707, 0.000620988605078, -0.00122812006157, 0.00128051918, -0.00424480624497, 0.00771839078516, -0.00370279233903, 0.00270433281548, -0.0028225237038, 0.0032123432029, -0.00359303853475, 0.00210722303018], [-0.000928564928472, 0.00156667607371, -0.00106169597711, 0.00106765632518, -0.00221918243915, 0.00316276820377, -0.00370279233903, 0.0119861848652, -0.00627543684095, 0.00410268362612, -0.00406782981008, 0.00206663249992, -0.0018032649532], [0.00100434548222, -0.00175329437479, 0.000658518518321, -0.00212912377901, -7.80214177212e-05, -0.00102746707853, 0.00270433281548, -0.00627543684095, 0.0153643283993, -0.00769528141245, 0.00415070867166, -0.000243142261752, 0.000279260071693], [-0.00113726081327, 0.00158478703815, -0.00273577170447, 0.00211834185757, -0.00350512261502, 0.000600291590672, -0.0028225237038, 0.00410268362612, -0.00769528141245, 0.0173763055354, -0.0068609341979, 0.00197321013547, 0.000640221696813], [0.00151402608026, -0.00254028663039, 0.0023766157683, -0.00393980182707, 0.00254930835217, -0.00401188805699, 0.0032123432029, -0.00406782981008, 0.00415070867166, -0.0068609341979, 0.020058048889, -0.0079071521759, 0.00313674029894], [-0.00122062372975, 0.00231201131828, -0.00301550491713, 0.00315462052822, -0.003939058166, 0.00441692117602, -0.00359303853475, 0.00206663249992, -0.000243142261752, 0.00197321013547, -0.0079071521759, 0.0197133943439, -0.00687531242147], [0.000894064200111, -0.00217279861681, 0.0007439738838, -0.00223300536163, 0.00262595992535, -0.00284653319977, 0.00210722303018, -0.0018032649532, 0.000279260071693, 0.000640221696813, 0.00313674029894, -0.00687531242147, 0.0206630658358]]
    },
    "melbands": {
        "mean": [0.00261004059575, 0.00383686088026, 0.00169091648422, 0.00130115693901, 0.000629338610452, 0.000275642581983, 0.00032309992821, 0.000426759332186, 0.000314649107167, 0.000284323148662, 0.000221573456656, 0.000116669645649, 0.000124228216009, 7.35548965167e-05, 7.39305469324e-05, 7.14331108611e-05, 5.19914246979e-05, 4.81130482513e-05, 4.95301683259e-05, 4.9911912356e-05, 4.34385583503e-05, 4.05087812396e-05, 3.77028190996e-05, 1.98899415409e-05, 1.4060086869e-05, 1.56779224199e-05, 1.54532208398e-05, 1.3031148228e-05, 1.04328582893e-05, 6.33765603197e-06, 4.63762989966e-06, 3.62063860848e-06, 2.84195039058e-06, 3.24257484863e-06, 4.0231998355e-06, 4.71276371172e-06, 3.76857315132e-06, 3.26515441884e-06, 2.41061502493e-06, 1.5099593611e-06]
    },
    "melbands128": {
        "mean": [0.000266804388957, 0.00148877338506, 0.00337238586508, 0.0051539177075, 0.00450184568763, 0.00246967095882, 0.00173307221849, 0.00162654835731, 0.00131637230515, 0.00159476092085, 0.00103930174373, 0.00072694249684, 0.000572030839976, 0.000422807963332, 0.000274899619399, 0.000176622343133, 0.000242542446358, 0.000372444541426, 0.00036460175761, 0.0004683706793, 0.00041623332072, 0.000449993181974, 0.000205871998332, 0.000310443370836, 0.000331752264174, 0.000208118435694, 0.000360204518074, 0.000158421476954, 0.000210626822081, 0.000130771877593, 5.7897555962e-05, 0.000126389844809, 0.000177233785507, 7.09623491275e-05, 8.75245677889e-05, 7.43481505197e-05, 5.53896461497e-05, 5.23232629348e-05, 0.000111082168587, 9.17153738555e-05, 5.07345721417e-05, 5.96739118919e-05, 4.72736064694e-05, 4.80432972836e-05, 6.62140519125e-05, 4.34502326243e-05, 3.57889730367e-05, 3.79383855034e-05, 6.5988584538e-05, 6.15217068116e-05, 4.42208111053e-05, 3.94836351916e-05, 5.29319222551e-05, 4.16828224843e-05, 2.99649691442e-05, 4.38791648776e-05, 4.31097905675e-05, 4.67928730359e-05, 3.32266827172e-05, 2.63892343355e-05, 1.80835122592e-05, 1.68931055669e-05, 1.34315278046e-05, 1.31779470394e-05, 1.5155453184e-05, 1.58753264259e-05, 1.59272676683e-05, 1.5549316231e-05, 1.47988066601e-05, 1.65675264725e-05, 1.23842664834e-05, 1.17777890409e-05, 1.22283536257e-05, 1.06048355519e-05, 8.19835986476e-06, 6.02245017944e-06, 6.1813384491e-06, 4.63207334178e-06, 4.22360153607e-06, 4.94037522003e-06, 3.8767479964e-06, 2.90887714982e-06, 3.20944786836e-06, 2.75663001048e-06, 2.57010060523e-06, 3.09236020257e-06, 3.31616001858e-06, 3.9439878492e-06, 3.82770895158e-06, 4.18133595304e-06, 5.1252668527e-06, 4.76425884699e-06, 4.26577025792e-06, 3.73369994122e-06, 3.54657231583e-06, 3.28636565428e-06, 3.35061918122e-06, 3.00247188534e-06, 2.54623614637e-06, 2.04293996831e-06, 1.7424622456e-06, 1.43258660046e-06, 1.2367280533e-06, 9.98893938231e-07, 8.051474083e-07, 7.62560205203e-07, 9.10766289053e-07, 1.44028763316e-06, 1.41793941566e-06, 5.00053545238e-07, 2.34093747054e-07, 2.24110564773e-07, 1.94410091581e-07, 1.43486914794e-07, 1.13798961365e-07, 7.94748302724e-08, 6.22795184313e-08, 7.32041343099e-08, 7.32453386831e-08, 7.11369168016e-08, 5.41517728436e-08, 2.5922069824e-08, 1.63321605129e-08, 1.21324674751e-08, 9.23605991687e-09, 5.83127413023e-09, 3.6358651645e-09, 1.74908054706e-09]
    },
    "mfcc": {
        "mean": [-612.035095215, 116.029273987, 5.72089767456, 28.2992706299, 10.2692184448, 3.46128892899, 2.66123580933, 3.56802272797, 2.82666897774, 5.68660116196, -4.91845273972, 2.1759417057, 0.128162428737],
        "cov": [[9399.69238281, 453.366241455, 112.938308716, -49.4931297302, -50.9522628784, 51.4177818298, -23.9157981873, 20.1841335297, -41.0462913513, -44.1498222351, -131.655944824, -47.2520942688, -76.9838409424], [453.366241455, 1067.95837402, -334.575073242, -13.759636879, -44.113609314, -79.916305542, -13.1403722763, 7.14077472687, 18.6443042755, -11.491563797, -0.642483353615, -9.62891578674, 13.2592287064], [112.938308716, -334.575073242, 515.556518555, 40.5243415833, 2.27529001236, 103.385543823, 35.2978057861, -5.54516887665, 20.9623432159, 16.6935939789, -5.40318870544, 31.6364364624, 15.2741422653], [-49.4931297302, -13.759636879, 40.5243415833, 357.538757324, 119.882598877, -8.47111225128, -4.316177845, 37.3115158081, 22.7264270782, 50.3969802856, 25.1381435394, 22.9898262024, 44.8781776428], [-50.9522628784, -44.113609314, 2.27529001236, 119.882598877, 234.743667603, -9.63363170624, -44.7386322021, -8.98385047913, 0.238658502698, 39.042137146, 23.2981243134, 21.7590713501, 15.7394857407], [51.4177818298, -79.916305542, 103.385543823, -8.47111225128, -9.63363170624, 193.228012085, 49.6417655945, -15.5825653076, 13.0945339203, 10.0548458099, 23.5345172882, 8.4638710022, 9.97867774963], [-23.9157981873, -13.1403722763, 35.2978057861, -4.316177845, -44.7386322021, 49.6417655945, 143.500289917, 34.0150222778, 5.73175430298, -4.37418937683, 16.9607105255, 8.63673591614, 7.20963430405], [20.1841335297, 7.14077472687, -5.54516887665, 37.3115158081, -8.98385047913, -15.5825653076, 34.0150222778, 102.777412415, 24.3889923096, 5.41496658325, 7.07010698318, 7.88487243652, 7.70763301849], [-41.0462913513, 18.6443042755, 20.9623432159, 22.7264270782, 0.238658502698, 13.0945339203, 5.73175430298, 24.3889923096, 95.7366409302, 36.8911628723, 11.6702003479, 4.13425588608, 8.01708221436], [-44.1498222351, -11.491563797, 16.6935939789, 50.3969802856, 39.042137146, 10.0548458099, -4.37418937683, 5.41496658325, 36.8911628723, 109.647277832, 38.0191383362, 8.61485004425, 8.37252426147], [-131.655944824, -0.642483353615, -5.40318870544, 25.1381435394, 23.2981243134, 23.5345172882, 16.9607105255, 7.07010698318, 11.6702003479, 38.0191383362, 88.3904724121, 29.0412483215, 13.9091100693], [-47.2520942688, -9.62891578674, 31.6364364624, 22.9898262024, 21.7590713501, 8.4638710022, 8.63673591614, 7.88487243652, 4.13425588608, 8.61485004425, 29.0412483215, 75.1410980225, 28.9214382172], [-76.9838409424, 13.2592287064, 15.2741422653, 44.8781776428, 15.7394857407, 9.97867774963, 7.20963430405, 7.70763301849, 8.01708221436, 8.37252426147, 13.9091100693, 28.9214382172, 72.7422790527]],
        "icov": [[0.000115442977403, -7.93112121755e-05, -6.92325702403e-05, 2.70072632702e-06, -7.82053575676e-06, -7.69870675867e-05, 4.30634063378e-05, -8.95169432624e-05, 9.28251465666e-05, -3.76495954697e-05, 0.000175310211489, -1.35850041261e-05, 0.000132955014124], [-7.93112121755e-05, 0.00127769960091, 0.000860774947796, -9.61119367275e-05, 0.000291954260319, 0.000207740304177, -9.60469042184e-05, 0.000264022644842, -0.000534926599357, 0.000107868931082, -2.14668070839e-05, -0.000149722603965, -0.000438229064457], [-6.92325702403e-05, 0.000860774947796, 0.0029167693574, -0.000371742091374, 0.000291100353934, -0.00108181673568, -0.000322499283357, 0.000416646682424, -0.000637838034891, -0.000300515588606, 0.00109425792471, -0.00132469413802, -0.000117708608741], [2.70072632702e-06, -9.61119367275e-05, -0.000371742091374, 0.00394642539322, -0.00184285338037, 0.00028888657107, -0.000103874299384, -0.00136788655072, -7.33915749151e-06, -0.000946115003899, -4.61410163553e-05, 0.000445585377747, -0.00188058603089], [-7.82053575676e-06, 0.000291954260319, 0.000291100353934, -0.00184285338037, 0.00595236988738, -6.16619945504e-05, 0.00169719767291, 0.000658336794004, 0.000595748017076, -0.00115696399007, -0.000598458398599, -0.00124246126506, 0.000172808227944], [-7.69870675867e-05, 0.000207740304177, -0.00108181673568, 0.00028888657107, -6.16619945504e-05, 0.00693693757057, -0.00235283537768, 0.00203600269742, -0.00105116143823, 0.000221094465815, -0.00186282629147, 0.000709155749064, -0.000826564093586], [4.30634063378e-05, -9.60469042184e-05, -0.000322499283357, -0.000103874299384, 0.00169719767291, -0.00235283537768, 0.00937266461551, -0.00336142885499, 0.000737952650525, 0.000564744987059, -0.00151703786105, -0.000213077350054, -0.00019390086527], [-8.95169432624e-05, 0.000264022644842, 0.000416646682424, -0.00136788655072, 0.000658336794004, 0.00203600269742, -0.00336142885499, 0.012575625442, -0.00331715191714, 0.000696465955116, -0.000358559307642, -0.000846302486025, -0.000117038674944], [9.28251465666e-05, -0.000534926599357, -0.000637838034891, -7.33915749151e-06, 0.000595748017076, -0.00105116143823, 0.000737952650525, -0.00331715191714, 0.0133783388883, -0.00449920399114, 0.000512325903401, 0.000254744139966, -0.000528016360477], [-3.76495954697e-05, 0.000107868931082, -0.000300515588606, -0.000946115003899, -0.00115696399007, 0.000221094465815, 0.000564744987059, 0.000696465955116, -0.00449920399114, 0.0131991254166, -0.00525136990473, 0.00128548266366, 0.000147229613503], [0.000175310211489, -2.14668070839e-05, 0.00109425792471, -4.61410163553e-05, -0.000598458398599, -0.00186282629147, -0.00151703786105, -0.000358559307642, 0.000512325903401, -0.00525136990473, 0.0166557524353, -0.00567743042484, 0.000181999945198], [-1.35850041261e-05, -0.000149722603965, -0.00132469413802, 0.000445585377747, -0.00124246126506, 0.000709155749064, -0.000213077350054, -0.000846302486025, 0.000254744139966, 0.00128548266366, -0.00567743042484, 0.0184930544347, -0.00614454736933], [0.000132955014124, -0.000438229064457, -0.000117708608741, -0.00188058603089, 0.000172808227944, -0.000826564093586, -0.00019390086527, -0.000117038674944, -0.000528016360477, 0.000147229613503, 0.000181999945198, -0.00614454736933, 0.0177097488195]]
    },
    "spectral_contrast_coeffs": {
        "mean": [-0.700342357159, -0.740175426006, -0.745812416077, -0.768801808357, -0.772731125355, -0.780199170113]
    },
    "spectral_contrast_valleys": {
        "mean": [-6.27737522125, -6.64099168777, -7.42768001556, -7.49548435211, -7.37286376953, -9.82560825348]
    }
},
"rhythm": {
    "beats_count": 392,
    "beats_loudness": {
        "mean": 0.0417861975729
    },
    "bpm": 102.780609131,
    "bpm_histogram_first_peak_bpm": 103,
    "bpm_histogram_first_peak_weight": 0.6213991642,
    "bpm_histogram_second_peak_bpm": 98,
    "bpm_histogram_second_peak_spread": 0.487804889679,
    "bpm_histogram_second_peak_weight": 0.107416883111,
    "danceability": 1.17555570602,
    "onset_rate": 4.72325468063,
    "beats_loudness_band_ratio": {
        "mean": [0.444112896919, 0.180449530482, 0.153011873364, 0.0829180032015, 0.0892313718796, 0.0946916788816]
    },
    "beats_position": [0.66176867485, 1.3235373497, 1.97369611263, 2.62385487556, 3.27401351929, 3.90095233917, 4.52789115906, 5.15482997894, 5.75854873657, 6.37387752533, 6.98920631409, 7.60453510284, 8.2198638916, 8.84680271149, 9.47374153137, 10.0890703201, 10.7043991089, 11.3197278976, 11.9350566864, 12.5503854752, 13.1657142639, 13.7694330215, 14.3731517792, 14.9768705368, 15.5921993256, 16.2075271606, 16.8228569031, 17.426574707, 18.0419044495, 18.6456241608, 19.2609519958, 19.8762817383, 20.4799995422, 21.0837192535, 21.6874370575, 22.3143768311, 22.9413146973, 23.5682544708, 24.195192337, 24.8221302032, 25.4258499146, 26.0295696259, 26.6448974609, 27.2602272034, 27.8871650696, 28.4908847809, 29.1178226471, 29.7447605133, 30.3484802246, 30.9521980286, 31.5559177399, 32.1596374512, 32.7749671936, 33.3902931213, 33.99401474, 34.5977325439, 35.2014503479, 35.8167800903, 36.4321098328, 37.0358276367, 37.6511573792, 38.2664833069, 38.8934249878, 39.4971427917, 40.1008605957, 40.7045783997, 41.3083000183, 41.923625946, 42.5389556885, 43.1658935547, 43.7812232971, 44.4081611633, 45.0234909058, 45.650428772, 46.2773704529, 46.9043083191, 47.5312461853, 48.1581840515, 48.7851219177, 49.4120635986, 50.0390014648, 50.6659393311, 51.2928771973, 51.931427002, 52.5699768066, 53.2201347351, 53.8470726013, 54.4740142822, 55.0777320862, 55.7046699524, 56.3316078186, 56.9585494995, 57.5854873657, 58.2008171082, 58.8161430359, 59.4430847168, 60.070022583, 60.6853485107, 61.3006782532, 61.9160079956, 62.531337738, 63.1582756042, 63.7852134705, 64.4121551514, 65.0390930176, 65.6544189453, 66.2697525024, 66.8850784302, 67.4888000488, 68.1041259766, 68.7078475952, 69.299949646, 69.8920593262, 70.4957809448, 71.0995025635, 71.7032165527, 72.3185501099, 72.9338760376, 73.5375976562, 74.1413116455, 74.7334213257, 75.3255310059, 75.9060287476, 76.4981384277, 77.0902481079, 77.6707458496, 78.2512435913, 78.8433532715, 79.4354629517, 80.0391845703, 80.6428985596, 81.2350082397, 81.8271179199, 82.4192276001, 83.0113372803, 83.6034469604, 84.1955566406, 84.7760543823, 85.356552124, 85.9370498657, 86.5175476074, 87.1096572876, 87.7017669678, 88.2822647095, 88.8627624512, 89.4432601929, 90.023765564, 90.6158676147, 91.2079772949, 91.8116989136, 92.4154205322, 93.0075302124, 93.5996322632, 94.1917419434, 94.7838516235, 95.3643493652, 95.9564590454, 96.5485687256, 97.1406784058, 97.7327880859, 98.3132858276, 98.8937835693, 99.474281311, 100.054779053, 100.635284424, 101.215782166, 101.796279907, 102.36516571, 102.934059143, 103.502944946, 104.083442688, 104.652336121, 105.232833862, 105.813331604, 106.393829346, 106.974327087, 107.554824829, 108.1353302, 108.727432251, 109.296325684, 109.876823425, 110.445709229, 111.014602661, 111.595100403, 112.175598145, 112.744483948, 113.31337738, 113.893875122, 114.462760925, 115.031654358, 115.600540161, 116.169433594, 116.738319397, 117.3072052, 117.887710571, 118.468208313, 119.037094116, 119.605987549, 120.186485291, 120.755371094, 121.335868835, 121.916366577, 122.496871948, 123.065757751, 123.623039246, 124.191925049, 124.760810852, 125.329704285, 125.898590088, 126.467483521, 127.036369324, 127.593650818, 128.150924683, 128.708206177, 129.265487671, 129.845977783, 130.426483154, 131.006988525, 131.610702515, 132.214416504, 132.794921875, 133.375411987, 133.955917358, 134.559631348, 135.163360596, 135.767074585, 136.359176636, 136.951293945, 137.531784058, 138.123901367, 138.716003418, 139.296508789, 139.900222778, 140.503936768, 141.096054077, 141.688156128, 142.268661499, 142.872375488, 143.464492798, 144.04498291, 144.63710022, 145.240814209, 145.856140137, 146.459854126, 147.051971436, 147.644073486, 148.236190796, 148.839904785, 149.455230713, 150.047348022, 150.651062012, 151.231567383, 151.823669434, 152.415786743, 153.019500732, 153.623214722, 154.226928711, 154.830657959, 155.434371948, 156.038085938, 156.630203247, 157.222305298, 157.802810669, 158.383300781, 158.987030029, 159.567520142, 160.159637451, 160.751739502, 161.332244873, 161.912734985, 162.493240356, 163.073745728, 163.665847778, 164.246353149, 164.826843262, 165.395736694, 165.953018188, 166.510284424, 167.090789795, 167.671295166, 168.263397217, 168.855514526, 169.436004639, 170.01651001, 170.597000122, 171.177505493, 171.757995605, 172.338500977, 172.919006348, 173.49949646, 174.080001831, 174.637283325, 175.217773438, 175.798278809, 176.378768921, 176.959274292, 177.539764404, 178.120269775, 178.700775146, 179.26965332, 179.838546753, 180.419036865, 180.999542236, 181.568435669, 182.137313843, 182.717819214, 183.275100708, 183.832382202, 184.412872314, 184.970153809, 185.55065918, 186.107940674, 186.688430786, 187.268936157, 187.84942627, 188.429931641, 189.010421753, 189.590927124, 190.171432495, 190.740310669, 191.309204102, 191.878097534, 192.446975708, 193.027481079, 193.584762573, 194.165252686, 194.734146118, 195.303039551, 195.871917725, 196.440811157, 197.00970459, 197.578598022, 198.159088135, 198.751205444, 199.331695557, 199.900588989, 200.469467163, 201.038360596, 201.59564209, 202.164535522, 202.733413696, 203.302307129, 203.871200562, 204.428482056, 204.985748291, 205.566253662, 206.146759033, 206.645980835, 207.121994019, 207.598007202, 208.085617065, 208.561630249, 209.037643433, 209.513641357, 209.978042603, 210.454055786, 210.93006897, 211.406066895, 211.87046814, 212.346481323, 212.834106445, 213.321716309, 213.809341431, 214.296951294, 214.796188354, 215.295410156, 215.666931152, 216.02684021, 216.386749268, 216.758270264, 217.12979126, 217.489700317, 217.849609375, 218.197906494, 218.546203613, 218.894515991, 219.231201172, 219.567886353, 219.916183472, 220.264480591, 220.61277771, 220.961090088, 221.309387207, 221.657684326, 222.005981445, 222.354278564, 222.714187622, 223.07409668, 223.434005737, 223.793914795, 224.153823853, 224.51373291],
    "bpm_histogram": [0, 0, 0, 0, 0, 0, 0, 0, 0, 0, 0, 0, 0, 0, 0, 0, 0, 0, 0, 0, 0, 0, 0, 0, 0, 0, 0, 0, 0, 0, 0, 0, 0, 0, 0, 0, 0, 0, 0, 0, 0, 0, 0, 0, 0, 0, 0, 0, 0, 0, 0, 0, 0, 0, 0, 0, 0, 0, 0, 0, 0, 0, 0, 0, 0, 0, 0, 0, 0, 0, 0, 0, 0, 0, 0, 0, 0, 0, 0, 0, 0, 0, 0, 0, 0, 0, 0, 0, 0, 0, 0, 0.00255754473619, 0.0102301789448, 0, 0.00511508947238, 0, 0.0971866995096, 0, 0.107416883111, 0.140664964914, 0, 0.125319689512, 0, 0.235294118524, 0, 0.120204605162, 0, 0, 0.0409207157791, 0, 0, 0, 0, 0, 0, 0, 0, 0, 0, 0, 0.00767263444141, 0, 0, 0.0127877239138, 0, 0, 0.0230179019272, 0, 0, 0.00511508947238, 0, 0, 0, 0, 0, 0, 0, 0, 0, 0, 0, 0, 0, 0, 0, 0, 0, 0, 0, 0, 0, 0, 0, 0, 0, 0, 0, 0, 0, 0, 0, 0.00767263444141, 0, 0, 0, 0, 0, 0.0255754478276, 0, 0, 0, 0, 0.0281329918653, 0, 0, 0, 0, 0, 0.00511508947238, 0, 0, 0, 0, 0, 0, 0, 0, 0, 0, 0, 0, 0, 0, 0, 0, 0, 0, 0, 0, 0, 0, 0, 0, 0, 0, 0, 0, 0, 0, 0, 0, 0, 0, 0, 0, 0, 0, 0, 0, 0, 0, 0, 0, 0, 0, 0, 0, 0, 0, 0, 0, 0, 0, 0, 0, 0, 0, 0, 0, 0, 0, 0, 0, 0, 0, 0, 0, 0, 0, 0]
},
"tonal": {
    "chords_changes_rate": 0.0711046978831,
    "chords_number_rate": 0.00288540800102,
    "chords_strength": {
        "mean": 0.530488669872
    },
    "hpcp_crest": {
        "mean": 12.7826318741
    },
    "hpcp_entropy": {
        "mean": 2.09152531624
    },
    "key_edma": {
        "strength": 0.840623378754,
        "key": "A",
        "scale": "major"
    },
    "key_krumhansl": {
        "strength": 0.84947770834,
        "key": "A",
        "scale": "major"
    },
    "key_temperley": {
        "strength": 0.862147212029,
        "key": "A",
        "scale": "major"
    },
    "tuning_diatonic_strength": 0.682970225811,
    "tuning_equal_tempered_deviation": 0.223854660988,
    "tuning_frequency": 434.193115234,
    "tuning_nontempered_energy_ratio": 0.928247332573,
    "hpcp": {
        "mean": [0.268556714058, 0.245923683047, 0.0970922634006, 0.0605336166918, 0.0582378618419, 0.0756642743945, 0.164279788733, 0.192520990968, 0.109280481935, 0.0664519071579, 0.0623760186136, 0.0685671269894, 0.122782573104, 0.147456288338, 0.105424240232, 0.129600316286, 0.145546600223, 0.0931494385004, 0.0764451175928, 0.0785106867552, 0.102509394288, 0.210422635078, 0.267941683531, 0.182211264968, 0.107938572764, 0.0919318795204, 0.0945856198668, 0.155625715852, 0.188866794109, 0.150597214699, 0.110964842141, 0.0822722092271, 0.0824792981148, 0.133991733193, 0.15541242063, 0.155289456248]
    },
    "chords_histogram": [21.3520202637, 11.9744434357, 20.4657878876, 0.0412201136351, 5.93569660187, 1.17477333546, 2.14344596863, 0, 2.41137671471, 0.515251457691, 0, 0, 0, 0, 0, 2.34954667091, 0.0412201136351, 4.16323184967, 1.50453424454, 1.77246499062, 0.700741946697, 4.08079147339, 12.0981035233, 7.27535057068],
    "thpcp": [1, 0.915723443031, 0.361533552408, 0.225403472781, 0.216854989529, 0.281744122505, 0.611713588238, 0.716872751713, 0.406917691231, 0.247440874577, 0.232263863087, 0.255317121744, 0.457194209099, 0.549069464207, 0.392558574677, 0.482580810785, 0.541958510876, 0.346852004528, 0.28465166688, 0.292343050241, 0.381704837084, 0.783531486988, 0.997709870338, 0.678483366966, 0.401920974255, 0.342318296432, 0.352199792862, 0.57948923111, 0.703265964985, 0.560765028, 0.413189589977, 0.306349486113, 0.307120591402, 0.498932719231, 0.578694999218, 0.578237116337],
    "chords_key": "A",
    "chords_scale": "major"
}
}