{
"metadata": {
    "version": {
        "essentia": "2.1-beta6-dev",
        "essentia_git_sha": "v2.1_beta5-1177-g1d1cc983",
        "extractor": "music 2.0"
    },
    "audio_properties": {
        "analysis": {
            "equal_loudness": 0,
            "length": 258.799987793,
            "sample_rate": 44100,
            "start_time": 0,
            "downmix": "mix"
        },
        "bit_rate": 1411200,
        "length": 258.799987793,
        "lossless": 1,
        "number_channels": 2,
        "replay_gain": -14.3204746246,
        "sample_rate": 44100,
        "codec": "pcm_s16le",
        "md5_encoded": "129e3fc1d33247a3e42a6f2b2b78a331"
    },
    "tags": {
        "file_name": "09 - The Front Bottoms - The Boredom Is The Reason I Started Swimming. It's Also The Reason I Started Sinking.wav",
        "album": ["The Front Bottoms"],
        "albumartist": ["The Front Bottoms"],
        "artist": ["The Front Bottoms"],
        "copyright": ["2011 Bar None Records 2011 Bar None Records"],
        "date": ["2011"],
        "discnumber": ["1"],
        "disctotal": ["1"],
        "genre": ["Rock"],
        "isrc": ["US37V1120709"],
        "title": ["The Boredom Is The Reason I Started Swimming. It's Also The Reason I Started Sinking"],
        "tracknumber": ["9"],
        "tracktotal": ["12"]
    }
},
"lowlevel": {
    "average_loudness": 0.942977070808,
    "barkbands_crest": {
        "mean": 12.8178606033
    },
    "barkbands_flatness_db": {
        "mean": 0.157296925783
    },
    "barkbands_kurtosis": {
        "mean": 8.03530883789
    },
    "barkbands_skewness": {
        "mean": 2.1047372818
    },
    "barkbands_spread": {
        "mean": 25.7682056427
    },
    "dissonance": {
        "mean": 0.468576401472
    },
    "dynamic_complexity": 3.32267832756,
    "erbbands_crest": {
        "mean": 8.63953781128
    },
    "erbbands_flatness_db": {
        "mean": 0.145028606057
    },
    "erbbands_kurtosis": {
        "mean": 0.643773496151
    },
    "erbbands_skewness": {
        "mean": -0.151552185416
    },
    "erbbands_spread": {
        "mean": 52.9483032227
    },
    "hfc": {
        "mean": 24.4653072357
    },
    "loudness_ebu128": {
        "integrated": -8.23250007629,
        "loudness_range": 2.74960851669,
        "momentary": {
            "mean": -9.35894012451
        },
        "short_term": {
            "mean": -8.80836486816
        }
    },
    "melbands_crest": {
        "mean": 16.2734107971
    },
    "melbands_flatness_db": {
        "mean": 0.226066380739
    },
    "melbands_kurtosis": {
        "mean": 29.3687057495
    },
    "melbands_skewness": {
        "mean": 4.02545642853
    },
    "melbands_spread": {
        "mean": 22.0800380707
    },
    "pitch_salience": {
        "mean": 0.475632280111
    },
    "silence_rate_20dB": {
        "mean": 1
    },
    "silence_rate_30dB": {
        "mean": 0.962142288685
    },
    "silence_rate_60dB": {
        "mean": 0.051403965801
    },
    "spectral_centroid": {
        "mean": 1474.38549805
    },
    "spectral_complexity": {
        "mean": 18.0818157196
    },
    "spectral_decrease": {
        "mean": -9.59680690471e-09
    },
    "spectral_energy": {
        "mean": 0.0384395979345
    },
    "spectral_energyband_high": {
        "mean": 0.00159672100563
    },
    "spectral_energyband_low": {
        "mean": 0.0223769824952
    },
    "spectral_energyband_middle_high": {
        "mean": 0.00548164360225
    },
    "spectral_energyband_middle_low": {
        "mean": 0.0103012146428
    },
    "spectral_entropy": {
        "mean": 7.60196208954
    },
    "spectral_flux": {
        "mean": 0.097207903862
    },
    "spectral_kurtosis": {
        "mean": 3.44958782196
    },
    "spectral_rms": {
        "mean": 0.00564186647534
    },
    "spectral_rolloff": {
        "mean": 1388.9720459
    },
    "spectral_skewness": {
        "mean": 1.25645434856
    },
    "spectral_spread": {
        "mean": 4794154.5
    },
    "spectral_strongpeak": {
        "mean": 0.769296646118
    },
    "zerocrossingrate": {
        "mean": 0.05786043033
    },
    "barkbands": {
        "mean": [0.000321700499626, 0.0170380137861, 0.00381796061993, 0.00235771853477, 0.00450608180836, 0.00108493899461, 0.000620114209596, 0.000695925205946, 0.000837589381263, 0.00111375842243, 0.00043621979421, 0.00041721019079, 0.000658379052766, 0.000598731974605, 0.000593108881731, 0.000425801583333, 0.000444691104349, 0.000395726558054, 0.000338221201673, 0.000309417810058, 0.000351672177203, 0.000424397469033, 0.000326744018821, 0.00022533351148, 7.89759360487e-05, 1.76441462827e-05, 3.41424106409e-06]
    },
    "erbbands": {
        "mean": [0.390502393246, 4.05609321594, 5.81107091904, 6.37455892563, 12.3790779114, 15.2873153687, 9.77843379974, 9.22668361664, 8.17821407318, 11.9792518616, 15.0081834793, 18.384103775, 30.3648986816, 26.5345783234, 18.5696487427, 18.1363601685, 32.0526504517, 27.2690963745, 31.7198905945, 30.1602840424, 24.4618988037, 26.8307933807, 23.9489574432, 13.7548208237, 19.1496639252, 14.8174638748, 14.6840639114, 14.5208492279, 14.5932664871, 10.8039979935, 10.4836368561, 5.89839696884, 2.59153485298, 1.28613638878, 0.372642040253, 0.112027093768, 0.0255195256323, 0.00490141799673, 0.000589085684624, 7.70332917455e-05]
    },
    "gfcc": {
        "mean": [-3.24563527107, 90.788269043, -107.884857178, 56.7012481689, -48.6135902405, 21.8418178558, -31.2017917633, 2.939047575, -18.2068824768, -4.44210577011, -15.5261659622, -2.72491550446, -7.83954334259],
        "cov": [[9021.28320312, -696.644287109, -408.000030518, 748.882080078, -555.222412109, 402.557342529, 230.450424194, 375.358093262, 17.098865509, 197.595596313, 27.4197673798, 111.579994202, 99.1633758545], [-696.644287109, 1443.86303711, -226.472686768, -162.200500488, 302.034729004, -90.9202957153, 232.329483032, -14.6598596573, 162.021865845, -75.8415603638, 173.307312012, -73.8882751465, 30.2296218872], [-408.000030518, -226.472686768, 836.022094727, 181.277282715, 68.7905731201, 149.411346436, 3.47833871841, 0.849578738213, -35.1493225098, 89.7708816528, -8.83324241638, 66.444229126, 7.52005147934], [748.882080078, -162.200500488, 181.277282715, 598.9609375, -69.6023406982, 82.0332107544, -4.83227968216, 24.0248432159, 56.0812950134, 7.35128068924, 38.1792945862, 32.4796333313, 82.9973907471], [-555.222412109, 302.034729004, 68.7905731201, -69.6023406982, 402.697570801, -35.7232284546, 54.1735153198, 62.3640670776, 75.5947799683, 19.9171676636, 15.0018320084, -5.73242139816, -25.5269622803], [402.557342529, -90.9202957153, 149.411346436, 82.0332107544, -35.7232284546, 263.763183594, 95.1343765259, 10.7833786011, -2.51063466072, 34.7403717041, 12.0089845657, 6.29970741272, 20.7272815704], [230.450424194, 232.329483032, 3.47833871841, -4.83227968216, 54.1735153198, 95.1343765259, 269.498168945, 84.1065826416, 29.9970169067, -7.7417011261, 33.5616378784, 14.956278801, -1.60047411919], [375.358093262, -14.6598596573, 0.849578738213, 24.0248432159, 62.3640670776, 10.7833786011, 84.1065826416, 207.046524048, 71.6083908081, 13.9437942505, -1.06412148476, 8.28648757935, -2.04829525948], [17.098865509, 162.021865845, -35.1493225098, 56.0812950134, 75.5947799683, -2.51063466072, 29.9970169067, 71.6083908081, 169.555877686, 28.9117984772, 31.2409915924, -13.1703605652, 23.9932842255], [197.595596313, -75.8415603638, 89.7708816528, 7.35128068924, 19.9171676636, 34.7403717041, -7.7417011261, 13.9437942505, 28.9117984772, 108.236724854, 16.833404541, 12.404838562, -5.70340394974], [27.4197673798, 173.307312012, -8.83324241638, 38.1792945862, 15.0018320084, 12.0089845657, 33.5616378784, -1.06412148476, 31.2409915924, 16.833404541, 114.359924316, 18.776222229, 22.7794589996], [111.579994202, -73.8882751465, 66.444229126, 32.4796333313, -5.73242139816, 6.29970741272, 14.956278801, 8.28648757935, -13.1703605652, 12.404838562, 18.776222229, 86.3203887939, 18.2453289032], [99.1633758545, 30.2296218872, 7.52005147934, 82.9973907471, -25.5269622803, 20.7272815704, -1.60047411919, -2.04829525948, 23.9932842255, -5.70340394974, 22.7794589996, 18.2453289032, 95.2825927734]],
        "icov": [[0.000204524505534, -7.81223061495e-05, 0.000278379506199, -0.000305859488435, 0.000246453244472, -0.00027480951394, 9.62761532719e-06, -0.00046643379028, 0.000332527037244, -0.000623768602964, 0.000217288499698, -0.000268518953817, 5.07242002641e-05], [-7.81223061495e-05, 0.00201763119549, -0.000148927749251, 0.000641131191514, -0.00111304188613, 0.00106499518733, -0.00186502619181, 0.00154388905503, -0.00148588651791, 0.00169827672653, -0.00266420166008, 0.00202552648261, -0.000908637302928], [0.000278379506199, -0.000148927749251, 0.00214072992094, -0.000970544409938, -0.00025925875525, -0.00125352689065, 0.000310258066747, -0.000611308263615, 0.00121680973098, -0.00205051642843, 0.000871981785167, -0.00145731167868, 0.00027072566445], [-0.000305859488435, 0.000641131191514, -0.000970544409938, 0.00285803317092, -0.000125430276967, 0.000244825496338, -0.000136849281262, 0.000781186681706, -0.00176901742816, 0.00200137495995, -0.00149239541497, 0.000637390709016, -0.00157039635815], [0.000246453244472, -0.00111304188613, -0.00025925875525, -0.000125430276967, 0.00403509382159, -3.76839416276e-05, 0.000356559612555, -0.00156768376473, -0.00041931468877, -0.00140819535591, 0.00125909992494, -0.00105646112934, 0.00121045380365], [-0.00027480951394, 0.00106499518733, -0.00125352689065, 0.000244825496338, -3.76839416276e-05, 0.00654464680701, -0.00344518921338, 0.0017165626632, -0.000591998221353, -0.000331546354573, -0.00127335917205, 0.00268557132222, -0.00170155859087], [9.62761532719e-06, -0.00186502619181, 0.000310258066747, -0.000136849281262, 0.000356559612555, -0.00344518921338, 0.00746744126081, -0.00336947548203, 0.0010996729834, 0.000447553757112, 0.000759046291932, -0.00291253463365, 0.00170049595181], [-0.00046643379028, 0.00154388905503, -0.000611308263615, 0.000781186681706, -0.00156768376473, 0.0017165626632, -0.00336947548203, 0.00877717602998, -0.00432449532673, 0.00190877588466, -0.000658272067085, 0.000842856243253, -9.87332095974e-05], [0.000332527037244, -0.00148588651791, 0.00121680973098, -0.00176901742816, -0.00041931468877, -0.000591998221353, 0.0010996729834, -0.00432449532673, 0.0109932105988, -0.00485754897818, 0.000541111687198, 0.000916267104913, -0.00185160920955], [-0.000623768602964, 0.00169827672653, -0.00205051642843, 0.00200137495995, -0.00140819535591, -0.000331546354573, 0.000447553757112, 0.00190877588466, -0.00485754897818, 0.0152857284993, -0.00442163133994, 0.000488762743771, 0.00137394387275], [0.000217288499698, -0.00266420166008, 0.000871981785167, -0.00149239541497, 0.00125909992494, -0.00127335917205, 0.000759046291932, -0.000658272067085, 0.000541111687198, -0.00442163133994, 0.0144305257127, -0.00488825840876, -0.000451645784779], [-0.000268518953817, 0.00202552648261, -0.00145731167868, 0.000637390709016, -0.00105646112934, 0.00268557132222, -0.00291253463365, 0.000842856243253, 0.000916267104913, 0.000488762743771, -0.00488825840876, 0.0166677925736, -0.0039258832112], [5.07242002641e-05, -0.000908637302928, 0.00027072566445, -0.00157039635815, 0.00121045380365, -0.00170155859087, 0.00170049595181, -9.87332095974e-05, -0.00185160920955, 0.00137394387275, -0.000451645784779, -0.0039258832112, 0.0142062418163]]
    },
    "melbands": {
        "mean": [0.00424058223143, 0.00390605023131, 0.00125690887216, 0.00108369521331, 0.000395612849388, 0.00020086033328, 0.000125163438497, 0.000143817422213, 0.000119737349451, 0.000115994029329, 0.000159809409524, 0.000119457879919, 6.64851104375e-05, 4.63264004793e-05, 5.93883196416e-05, 6.57040000078e-05, 4.83564617753e-05, 5.3209852922e-05, 4.04650636483e-05, 3.22974956362e-05, 2.77386570815e-05, 2.62064677372e-05, 2.85393507511e-05, 1.5882516891e-05, 9.89802174445e-06, 1.4780548554e-05, 1.15393995657e-05, 9.55692030402e-06, 9.09033860808e-06, 8.27035091788e-06, 8.82486983755e-06, 8.19770775706e-06, 7.93923663878e-06, 5.34241598871e-06, 6.3787047111e-06, 5.56581244382e-06, 2.65782546194e-06, 1.57720671723e-06, 1.66292500126e-06, 9.72089878815e-07]
    },
    "melbands128": {
        "mean": [0.000295573147014, 0.00240506767295, 0.0062778936699, 0.0070821698755, 0.00385774113238, 0.00166146527044, 0.0012470750371, 0.00115196953993, 0.00120796042029, 0.00138450122904, 0.000786318385508, 0.000450547813671, 0.000291996839223, 0.00030407414306, 0.000243223097641, 0.000123721110867, 9.41152466112e-05, 0.000157368864166, 0.000108703876322, 0.000128213490825, 0.000167277234141, 0.000182009811397, 6.92802132107e-05, 0.000117580748338, 0.000132681467221, 9.52491027419e-05, 0.000137803639518, 0.000126079423353, 0.000243653557845, 0.000161271498655, 5.31945879629e-05, 7.13828194421e-05, 9.38065568334e-05, 3.29597714881e-05, 5.2374387451e-05, 5.11936668772e-05, 3.67280044884e-05, 4.9573231081e-05, 8.1308404333e-05, 8.59312713146e-05, 5.04569106852e-05, 5.42069828953e-05, 5.09191049787e-05, 3.55365045834e-05, 6.64715771563e-05, 5.63189350942e-05, 4.41118463641e-05, 2.70845575869e-05, 4.76487657579e-05, 5.22638874827e-05, 2.04036332434e-05, 2.26271040447e-05, 3.7754765799e-05, 2.44863604166e-05, 1.93167088582e-05, 2.89059371426e-05, 2.80547865259e-05, 3.10987124976e-05, 3.01911368297e-05, 2.11334136111e-05, 1.4712129996e-05, 1.27767971208e-05, 9.05141223484e-06, 8.46757575346e-06, 1.18380921776e-05, 1.60764811881e-05, 1.59639675985e-05, 1.38051582326e-05, 9.95355458144e-06, 9.59038879955e-06, 8.49381922308e-06, 1.13193937068e-05, 8.36801336845e-06, 8.55123835208e-06, 1.00238185041e-05, 8.47048977448e-06, 7.26440293874e-06, 7.64617925597e-06, 8.96908477444e-06, 1.07507530629e-05, 7.45785064282e-06, 7.06435412212e-06, 9.51308447839e-06, 8.71814336278e-06, 6.11171117271e-06, 4.98016379424e-06, 3.75408808395e-06, 8.50679771247e-06, 6.35120522929e-06, 5.39707025382e-06, 5.30090665052e-06, 6.86345310896e-06, 4.53509710496e-06, 2.13072507904e-06, 1.71756937561e-06, 1.12437840016e-06, 1.06357242657e-06, 3.1366487292e-06, 1.43439035583e-06, 1.49523202708e-06, 6.60448392864e-07, 1.37836684644e-06, 5.10890629357e-07, 4.48065634373e-07, 3.9310080524e-07, 3.39928476478e-07, 2.25124821895e-07, 1.92581893543e-07, 1.84806921766e-07, 1.94007157006e-07, 1.14865351009e-07, 8.58915996105e-08, 6.72154953918e-08, 5.73407277216e-08, 4.83134705576e-08, 4.34641833635e-08, 3.37226353508e-08, 2.76407075006e-08, 2.15735500575e-08, 1.65456057744e-08, 1.4448504615e-08, 1.11671099035e-08, 8.79906636442e-09, 6.97893520751e-09, 5.64165025807e-09, 4.28918545126e-09, 2.81587064777e-09, 1.45908352067e-09]
    },
    "mfcc": {
        "mean": [-644.598144531, 109.447990417, 8.90932178497, 37.9443588257, 11.4589624405, 20.5767269135, 1.91617071629, 11.1534996033, 1.34464943409, 3.92685246468, -1.79010486603, -2.82576370239, -3.38480830193],
        "cov": [[9397.19628906, -1036.68554688, -117.332824707, 256.691467285, -411.547058105, 92.2383346558, 61.4171180725, 220.526855469, 115.283409119, 241.616699219, 80.6579055786, -6.66336631775, -63.0923271179], [-1036.68554688, 1471.6697998, -407.017211914, -65.1903915405, 89.8734970093, -22.9219150543, 80.1188583374, 75.3275680542, -1.94989073277, 44.8579025269, 127.071929932, 34.0266571045, 49.7155036926], [-117.332824707, -407.017211914, 746.588134766, 110.307731628, 24.0235176086, 164.485733032, 60.9571914673, -17.8969402313, 23.2496776581, -14.243268013, -47.6077957153, 21.5527553558, 20.2271633148], [256.691467285, -65.1903915405, 110.307731628, 368.744873047, 95.0242233276, 10.9318208694, -16.7592544556, 56.6905097961, 25.46276474, 27.5501365662, -11.1648216248, 28.9836483002, 45.0478858948], [-411.547058105, 89.8734970093, 24.0235176086, 95.0242233276, 270.309173584, 10.0369148254, -19.1053142548, -23.2880821228, 34.7281494141, 16.4992828369, 26.5489864349, 29.9173297882, 24.2470092773], [92.2383346558, -22.9219150543, 164.485733032, 10.9318208694, 10.0369148254, 226.368713379, 62.4907646179, 2.13315582275, 0.420997798443, 16.4539012909, 2.62205266953, 4.31256008148, -2.45856738091], [61.4171180725, 80.1188583374, 60.9571914673, -16.7592544556, -19.1053142548, 62.4907646179, 180.965209961, 73.0561676025, 25.3035507202, -4.22825336456, 38.5083618164, 21.6754817963, -3.30159211159], [220.526855469, 75.3275680542, -17.8969402313, 56.6905097961, -23.2880821228, 2.13315582275, 73.0561676025, 171.519226074, 60.6533126831, 35.2945022583, 35.1171264648, 17.2647457123, 29.6215763092], [115.283409119, -1.94989073277, 23.2496776581, 25.46276474, 34.7281494141, 0.420997798443, 25.3035507202, 60.6533126831, 135.29826355, 55.2222595215, 22.2390594482, 11.6165161133, 10.7644386292], [241.616699219, 44.8579025269, -14.243268013, 27.5501365662, 16.4992828369, 16.4539012909, -4.22825336456, 35.2945022583, 55.2222595215, 134.431503296, 38.8115119934, 14.9381761551, 8.61989307404], [80.6579055786, 127.071929932, -47.6077957153, -11.1648216248, 26.5489864349, 2.62205266953, 38.5083618164, 35.1171264648, 22.2390594482, 38.8115119934, 122.210479736, 23.6377067566, 14.6484947205], [-6.66336631775, 34.0266571045, 21.5527553558, 28.9836483002, 29.9173297882, 4.31256008148, 21.6754817963, 17.2647457123, 11.6165161133, 14.9381761551, 23.6377067566, 88.1550750732, 28.7385444641], [-63.0923271179, 49.7155036926, 20.2271633148, 45.0478858948, 24.2470092773, -2.45856738091, -3.30159211159, 29.6215763092, 10.7644386292, 8.61989307404, 14.6484947205, 28.7385444641, 84.9917297363]],
        "icov": [[0.000149786035763, 0.000139216994285, 0.000128395229694, -0.000170922052348, 0.000255863880739, -0.000111516412289, -4.54274122603e-05, -4.97356850246e-05, -4.18828203692e-05, -0.000211537684663, -0.000165713994647, -2.22667949856e-05, 9.19916346902e-05], [0.000139216994285, 0.00108987744898, 0.00067676283652, 4.25207645094e-06, -0.000175873952685, -0.00024722024682, -0.000554044439923, -0.000200898954063, 0.000310642499244, -0.00039071336505, -0.000558629108127, 1.2891771803e-05, -0.000513766426593], [0.000128395229694, 0.00067676283652, 0.00228563323617, -0.000646331813186, 0.000170849059941, -0.0013772562379, -0.000943357474171, 0.000701670185663, -0.00054315343732, 5.13107625011e-05, 0.00035970369936, -0.000274010992143, -0.000777471577749], [-0.000170922052348, 4.25207645094e-06, -0.000646331813186, 0.00397428357974, -0.00176970113534, 0.000212607134017, 0.000876323378179, -0.0019915564917, 0.000771608029027, -0.00035188649781, 0.00106108631007, -0.000416295020841, -0.000947012333199], [0.000255863880739, -0.000175873952685, 0.000170849059941, -0.00176970113534, 0.0055142021738, -0.000523585185874, 0.000427866791142, 0.00205817003734, -0.00208617956378, 0.000249871169217, -0.00146576226689, -0.00101505289786, -0.000264102418441], [-0.000111516412289, -0.00024722024682, -0.0013772562379, 0.000212607134017, -0.000523585185874, 0.00610993057489, -0.00209755636752, 0.000562795961741, 0.000989107764326, -0.00140810245648, 0.000437443988631, 0.00060901849065, 6.16119723418e-05], [-4.54274122603e-05, -0.000554044439923, -0.000943357474171, 0.000876323378179, 0.000427866791142, -0.00209755636752, 0.00952737405896, -0.00412958860397, -0.000725895166397, 0.00255115027539, -0.00213890452869, -0.00202199444175, 0.00256256083958], [-4.97356850246e-05, -0.000200898954063, 0.000701670185663, -0.0019915564917, 0.00205817003734, 0.000562795961741, -0.00412958860397, 0.0108352825046, -0.00367750343867, -0.000792760925833, -0.000756691326387, 0.000538511609193, -0.00304397358559], [-4.18828203692e-05, 0.000310642499244, -0.00054315343732, 0.000771608029027, -0.00208617956378, 0.000989107764326, -0.000725895166397, -0.00367750343867, 0.0111897150055, -0.00392919313163, 0.000405470462283, 0.000337586767273, 0.00018201887724], [-0.000211537684663, -0.00039071336505, 5.13107625011e-05, -0.00035188649781, 0.000249871169217, -0.00140810245648, 0.00255115027539, -0.000792760925833, -0.00392919313163, 0.0109244640917, -0.0026961627882, -0.00110024388414, 0.000735590467229], [-0.000165713994647, -0.000558629108127, 0.00035970369936, 0.00106108631007, -0.00146576226689, 0.000437443988631, -0.00213890452869, -0.000756691326387, 0.000405470462283, -0.0026961627882, 0.0114973848686, -0.00139801762998, -0.00111959385686], [-2.22667949856e-05, 1.2891771803e-05, -0.000274010992143, -0.000416295020841, -0.00101505289786, 0.00060901849065, -0.00202199444175, 0.000538511609193, 0.000337586767273, -0.00110024388414, -0.00139801762998, 0.0141209373251, -0.00416222168133], [9.19916346902e-05, -0.000513766426593, -0.000777471577749, -0.000947012333199, -0.000264102418441, 6.16119723418e-05, 0.00256256083958, -0.00304397358559, 0.00018201887724, 0.000735590467229, -0.00111959385686, -0.00416222168133, 0.0155618973076]]
    },
    "spectral_contrast_coeffs": {
        "mean": [-0.70840883255, -0.746992170811, -0.764873564243, -0.778087556362, -0.783918023109, -0.739815890789]
    },
    "spectral_contrast_valleys": {
        "mean": [-6.42325162888, -7.32088422775, -7.75917053223, -7.76106882095, -7.60753440857, -10.1963024139]
    }
},
"rhythm": {
    "beats_count": 581,
    "beats_loudness": {
        "mean": 0.0558221638203
    },
    "bpm": 135.076049805,
    "bpm_histogram_first_peak_bpm": 136,
    "bpm_histogram_first_peak_weight": 0.304577469826,
    "bpm_histogram_second_peak_bpm": 129,
    "bpm_histogram_second_peak_spread": 0.111111104488,
    "bpm_histogram_second_peak_weight": 0.0137931033969,
    "danceability": 1.33414626122,
    "onset_rate": 4.43935775757,
    "beats_loudness_band_ratio": {
        "mean": [0.596395432949, 0.178875237703, 0.0570252723992, 0.0851203501225, 0.069649040699, 0.066738076508]
    },
    "beats_position": [0.46439909935, 0.940408170223, 1.42802715302, 1.91564619541, 2.40326523781, 2.85605430603, 3.30884337425, 3.76163268089, 4.20281171799, 4.6439909935, 5.08516979218, 5.52634906769, 5.9675283432, 6.40870714188, 6.84988641739, 7.2910656929, 7.74385452271, 8.19664382935, 8.64943313599, 9.10222244263, 9.54340076447, 9.98458003998, 10.4257593155, 10.866938591, 11.3081178665, 11.7609071732, 12.202085495, 12.6548748016, 13.0960540771, 13.5488433838, 13.9900226593, 14.4428119659, 14.8839902878, 15.3251695633, 15.7663488388, 16.2075271606, 16.6603164673, 17.1131057739, 17.5542850494, 17.995464325, 18.4366436005, 18.877822876, 19.3190021515, 19.760181427, 20.2013607025, 20.6541500092, 21.1069393158, 21.548116684, 21.9892959595, 22.430475235, 22.8716545105, 23.3244438171, 23.7656230927, 24.2184123993, 24.6595916748, 25.1007709503, 25.5419502258, 25.9947395325, 26.4475269318, 26.8887062073, 27.3298854828, 27.7710647583, 28.2122440338, 28.6534233093, 29.0946025848, 29.5473918915, 29.988571167, 30.4413604736, 30.8941497803, 31.3469390869, 31.7881164551, 32.2409057617, 32.6936950684, 33.1348762512, 33.5760536194, 34.0172348022, 34.4584121704, 34.8995895386, 35.3407707214, 35.7819480896, 36.2231292725, 36.6643066406, 37.1054878235, 37.5466651917, 37.9878463745, 38.4406356812, 38.8818130493, 39.334602356, 39.7757797241, 40.216960907, 40.6581382751, 41.099319458, 41.5404968262, 41.9932861328, 42.4344673157, 42.8872566223, 43.3284339905, 43.7696151733, 44.2107925415, 44.6519737244, 45.0931510925, 45.5459403992, 45.9871177673, 46.4282989502, 46.8810882568, 47.322265625, 47.7634468079, 48.204624176, 48.6458053589, 49.0985946655, 49.5513839722, 49.9925613403, 50.445350647, 50.8981399536, 51.3393173218, 51.7804985046, 52.2216758728, 52.6628570557, 53.1040344238, 53.5452156067, 53.9980049133, 54.45079422, 54.8919715881, 55.333152771, 55.7743301392, 56.2155075073, 56.6566886902, 57.0978660583, 57.550655365, 58.0034446716, 58.4562339783, 58.8974151611, 59.3502044678, 59.8029937744, 60.2441711426, 60.6969604492, 61.1265296936, 61.5793190002, 62.0204963684, 62.4616775513, 62.9028549194, 63.3440361023, 63.7852134705, 64.2263946533, 64.6675720215, 65.1087493896, 65.5499343872, 65.9911117554, 66.4322891235, 66.8850784302, 67.3378677368, 67.779045105, 68.2202224731, 68.6614074707, 69.1025848389, 69.543762207, 69.9965515137, 70.4493408203, 70.8905181885, 71.3316955566, 71.7844848633, 72.2256698608, 72.6784591675, 73.1312484741, 73.5840377808, 74.0252151489, 74.4663925171, 74.9307937622, 75.3719711304, 75.8015441895, 76.2311096191, 76.6722869873, 77.1134643555, 77.554649353, 77.9958267212, 78.4486160278, 78.9014053345, 79.3425827026, 79.7837600708, 80.2249450684, 80.6661224365, 81.1189117432, 81.5717010498, 82.012878418, 82.4540557861, 82.8952331543, 83.3364181519, 83.77759552, 84.2187728882, 84.6599502563, 85.112739563, 85.5655288696, 86.0067138672, 86.4478912354, 86.900680542, 87.3418579102, 87.7830352783, 88.235824585, 88.6770019531, 89.1297912598, 89.5709762573, 90.023765564, 90.4649429321, 90.9061203003, 91.3472976685, 91.788482666, 92.2296600342, 92.6824493408, 93.123626709, 93.5648040771, 93.9943771362, 94.4355545044, 94.888343811, 95.3411331177, 95.7823104858, 96.223487854, 96.6646728516, 97.1174621582, 97.5586395264, 98.011428833, 98.4526062012, 98.8937835693, 99.3349609375, 99.7761459351, 100.217323303, 100.67011261, 101.09967804, 101.540863037, 101.982040405, 102.434829712, 102.87600708, 103.328796387, 103.769973755, 104.211151123, 104.652336121, 105.093513489, 105.546302795, 105.999092102, 106.44026947, 106.881446838, 107.322631836, 107.775421143, 108.216598511, 108.669387817, 109.110565186, 109.551742554, 109.992919922, 110.434104919, 110.875282288, 111.316459656, 111.757637024, 112.198822021, 112.651611328, 113.104400635, 113.545578003, 113.986755371, 114.427932739, 114.892333984, 115.333511353, 115.774688721, 116.215873718, 116.680267334, 117.121452332, 117.5626297, 118.015419006, 118.468208313, 118.909385681, 119.350563049, 119.791740417, 120.232925415, 120.674102783, 121.115280151, 121.55645752, 122.009246826, 122.462036133, 122.90322113, 123.344398499, 123.785575867, 124.226753235, 124.667930603, 125.12071991, 125.573509216, 126.014694214, 126.455871582, 126.89704895, 127.349838257, 127.791015625, 128.243804932, 128.696594238, 129.149383545, 129.602172852, 130.04335022, 130.472915649, 130.914108276, 131.343673706, 131.796463013, 132.237640381, 132.678817749, 133.119995117, 133.572784424, 134.02557373, 134.466751099, 134.907928467, 135.349105835, 135.790298462, 136.219863892, 136.649429321, 137.102218628, 137.555007935, 137.996185303, 138.448974609, 138.901763916, 139.342941284, 139.784118652, 140.225296021, 140.666488647, 141.107666016, 141.560455322, 142.013244629, 142.454421997, 142.895599365, 143.336776733, 143.777954102, 144.21913147, 144.671920776, 145.124710083, 145.565887451, 146.018676758, 146.471466064, 146.912643433, 147.35383606, 147.795013428, 148.236190796, 148.677368164, 149.118545532, 149.5597229, 150.000900269, 150.442077637, 150.894866943, 151.34765625, 151.788833618, 152.230026245, 152.671203613, 153.112380981, 153.565170288, 154.017959595, 154.459136963, 154.900314331, 155.341491699, 155.782669067, 156.223846436, 156.665023804, 157.11781311, 157.559005737, 158.011795044, 158.452972412, 158.905761719, 159.335327148, 159.776504517, 160.229293823, 160.68208313, 161.123260498, 161.564437866, 162.005615234, 162.446792603, 162.887985229, 163.329162598, 163.770339966, 164.211517334, 164.652694702, 165.09387207, 165.558273315, 165.999450684, 166.440628052, 166.905029297, 167.346206665, 167.787384033, 168.228561401, 168.669754028, 169.122543335, 169.575332642, 170.01651001, 170.457687378, 170.898864746, 171.340042114, 171.781219482, 172.222396851, 172.663574219, 173.104751587, 173.557540894, 174.0103302, 174.451522827, 174.892700195, 175.333877563, 175.775054932, 176.2162323, 176.657409668, 177.098587036, 177.551376343, 177.992553711, 178.433731079, 178.886520386, 179.327713013, 179.768890381, 180.210067749, 180.662857056, 181.115646362, 181.55682373, 181.998001099, 182.439178467, 182.891967773, 183.34475708, 183.785934448, 184.227111816, 184.668289185, 185.109481812, 185.55065918, 185.991836548, 186.433013916, 186.885803223, 187.338592529, 187.779769897, 188.220947266, 188.685348511, 189.126525879, 189.567703247, 190.008880615, 190.450057983, 190.89125061, 191.332427979, 191.773605347, 192.214782715, 192.667572021, 193.120361328, 193.561538696, 194.002716064, 194.46711731, 194.919906616, 195.372695923, 195.813873291, 196.255050659, 196.696228027, 197.137405396, 197.578598022, 198.019775391, 198.460952759, 198.902130127, 199.343307495, 199.784484863, 200.225662231, 200.6668396, 201.108016968, 201.560806274, 202.013595581, 202.466384888, 202.895965576, 203.337142944, 203.778320312, 204.219497681, 204.672286987, 205.125076294, 205.566253662, 206.00743103, 206.448608398, 206.901397705, 207.342575073, 207.7837677, 208.236557007, 208.677734375, 209.118911743, 209.560089111, 210.024490356, 210.465667725, 210.906845093, 211.348022461, 211.789199829, 212.230377197, 212.671554565, 213.112747192, 213.553924561, 213.995101929, 214.436279297, 214.889068604, 215.330245972, 215.783035278, 216.224212646, 216.665390015, 217.118179321, 217.570968628, 218.012145996, 218.453323364, 218.894515991, 219.335693359, 219.776870728, 220.229660034, 220.670837402, 221.123626709, 221.564804077, 222.005981445, 222.447158813, 222.888336182, 223.341125488, 223.793914795, 224.235092163, 224.676269531, 225.117462158, 225.558639526, 225.999816895, 226.440994263, 226.882171631, 227.334960938, 227.776138306, 228.228927612, 228.681716919, 229.134506226, 229.575683594, 230.016860962, 230.45803833, 230.899230957, 231.340408325, 231.781585693, 232.234375, 232.687164307, 233.128341675, 233.569519043, 234.010696411, 234.451873779, 234.893051147, 235.334228516, 235.775421143, 236.216598511, 236.669387817, 237.122177124, 237.563354492, 238.00453186, 238.445709229, 238.886886597, 239.328063965, 239.780853271, 240.233642578, 240.674819946, 241.115997314, 241.557189941, 241.99836731, 242.439544678, 242.880722046, 243.333511353, 243.786300659, 244.227478027, 244.668655396, 245.109832764, 245.551010132, 245.9921875, 246.433380127, 246.886169434, 247.33895874, 247.780136108, 248.221313477, 248.662490845, 249.103668213, 249.544845581, 249.986022949, 250.427200317, 250.879989624, 251.332778931, 251.773956299, 252.215148926, 252.667938232, 253.120727539, 253.561904907, 254.003082275, 254.444259644, 254.885437012, 255.32661438, 255.779403687, 256.220581055, 256.661773682, 257.114562988, 257.555725098, 258.008514404, 258.461303711],
    "bpm_histogram": [0, 0, 0, 0, 0, 0, 0, 0, 0, 0, 0, 0, 0, 0, 0, 0, 0, 0, 0, 0, 0, 0, 0, 0, 0, 0, 0, 0, 0, 0, 0, 0, 0, 0, 0, 0, 0, 0, 0, 0, 0, 0, 0, 0, 0, 0, 0, 0, 0, 0, 0, 0, 0, 0, 0, 0, 0, 0, 0, 0, 0, 0, 0, 0, 0, 0, 0, 0, 0, 0, 0, 0, 0, 0, 0, 0, 0, 0, 0, 0, 0, 0, 0, 0, 0, 0, 0, 0, 0, 0, 0, 0, 0, 0, 0, 0, 0, 0, 0, 0, 0, 0, 0, 0, 0, 0, 0, 0, 0, 0, 0, 0, 0, 0, 0, 0, 0, 0, 0, 0, 0, 0, 0, 0.00517241377383, 0, 0, 0.00172413792461, 0, 0, 0.0137931033969, 0, 0, 0, 0.27931034565, 0, 0, 0.681034505367, 0, 0, 0, 0.018965518102, 0, 0, 0, 0, 0, 0, 0, 0, 0, 0, 0, 0, 0, 0, 0, 0, 0, 0, 0, 0, 0, 0, 0, 0, 0, 0, 0, 0, 0, 0, 0, 0, 0, 0, 0, 0, 0, 0, 0, 0, 0, 0, 0, 0, 0, 0, 0, 0, 0, 0, 0, 0, 0, 0, 0, 0, 0, 0, 0, 0, 0, 0, 0, 0, 0, 0, 0, 0, 0, 0, 0, 0, 0, 0, 0, 0, 0, 0, 0, 0, 0, 0, 0, 0, 0, 0, 0, 0, 0, 0, 0, 0, 0, 0, 0, 0, 0, 0, 0, 0, 0, 0, 0, 0, 0, 0, 0, 0, 0]
},
"tonal": {
    "chords_changes_rate": 0.0726587697864,
    "chords_number_rate": 0.00197344808839,
    "chords_strength": {
        "mean": 0.477276712656
    },
    "hpcp_crest": {
        "mean": 12.6591053009
    },
    "hpcp_entropy": {
        "mean": 2.09286022186
    },
    "key_edma": {
        "strength": 0.82997751236,
        "key": "A",
        "scale": "major"
    },
    "key_krumhansl": {
        "strength": 0.841443479061,
        "key": "A",
        "scale": "major"
    },
    "key_temperley": {
        "strength": 0.854803979397,
        "key": "A",
        "scale": "major"
    },
    "tuning_diatonic_strength": 0.717893302441,
    "tuning_equal_tempered_deviation": 0.267609238625,
    "tuning_frequency": 434.193115234,
    "tuning_nontempered_energy_ratio": 0.952081918716,
    "hpcp": {
        "mean": [0.234866306186, 0.238817334175, 0.107413925231, 0.0543257445097, 0.0454078018665, 0.0520848222077, 0.113322123885, 0.145921468735, 0.091755092144, 0.0526720248163, 0.0515671893954, 0.0611525848508, 0.102113641798, 0.120281152427, 0.089379735291, 0.119641847908, 0.175925016403, 0.154243379831, 0.104306891561, 0.0915989503264, 0.105606354773, 0.205707728863, 0.244205489755, 0.150360405445, 0.0922981724143, 0.0652899220586, 0.0541335232556, 0.0943854674697, 0.12124799192, 0.0834165066481, 0.0637289509177, 0.069881811738, 0.0790806859732, 0.100232727826, 0.106262400746, 0.122605621815]
    },
    "chords_histogram": [28.0409049988, 9.7954788208, 17.3125228882, 0.48439180851, 3.33692145348, 0, 0.125583067536, 0, 0.825260162354, 0.0179404374212, 0, 0, 0, 0.466451376677, 0, 4.09041976929, 0, 3.5163257122, 0.358808755875, 2.36813783646, 1.29171156883, 9.86724090576, 11.4998207092, 6.60208129883],
    "thpcp": [1, 0.61571264267, 0.377952903509, 0.267356485128, 0.221672013402, 0.386500179768, 0.496499866247, 0.341583251953, 0.26096445322, 0.286159873009, 0.323828458786, 0.410444200039, 0.435135185719, 0.502059221268, 0.961756885052, 0.97793596983, 0.439850568771, 0.222459152341, 0.185940951109, 0.213282763958, 0.464044123888, 0.597535550594, 0.37572902441, 0.215687304735, 0.21116310358, 0.250414460897, 0.418146371841, 0.492540746927, 0.366002142429, 0.489922851324, 0.720397472382, 0.631613075733, 0.427127540112, 0.375089645386, 0.432448744774, 0.842355072498],
    "chords_key": "A",
    "chords_scale": "major"
}
}