{
"metadata": {
    "version": {
        "essentia": "2.1-beta6-dev",
        "essentia_git_sha": "v2.1_beta5-1177-g1d1cc983",
        "extractor": "music 2.0"
    },
    "audio_properties": {
        "analysis": {
            "equal_loudness": 0,
            "length": 227.626663208,
            "sample_rate": 44100,
            "start_time": 0,
            "downmix": "mix"
        },
        "bit_rate": 1411200,
        "length": 227.626663208,
        "lossless": 1,
        "number_channels": 2,
        "replay_gain": -15.2997207642,
        "sample_rate": 44100,
        "codec": "pcm_s16le",
        "md5_encoded": "8379f12a6689ffd3c458148b2183b95f"
    },
    "tags": {
        "file_name": "05 - The Front Bottoms - Laugh Till I Cry.wav",
        "album": ["Back on Top"],
        "albumartist": ["The Front Bottoms"],
        "artist": ["The Front Bottoms"],
        "copyright": ["© 2015 Fueled By Ramen LLC for the United States and WEA International Inc. for the world outside of the United States. A Warner Music Group Company ℗ 2015 Fueled By Ramen LLC"],
        "date": ["2015"],
        "discnumber": ["1"],
        "disctotal": ["1"],
        "genre": ["Alternative & Indie"],
        "isrc": ["USAT21502132"],
        "title": ["Laugh Till I Cry"],
        "tracknumber": ["5"],
        "tracktotal": ["11"]
    }
},
"lowlevel": {
    "average_loudness": 0.923950493336,
    "barkbands_crest": {
        "mean": 11.9440259933
    },
    "barkbands_flatness_db": {
        "mean": 0.130906924605
    },
    "barkbands_kurtosis": {
        "mean": 5.10865688324
    },
    "barkbands_skewness": {
        "mean": 1.64430344105
    },
    "barkbands_spread": {
        "mean": 30.7531681061
    },
    "dissonance": {
        "mean": 0.472574323416
    },
    "dynamic_complexity": 3.95925045013,
    "erbbands_crest": {
        "mean": 8.65760421753
    },
    "erbbands_flatness_db": {
        "mean": 0.139375269413
    },
    "erbbands_kurtosis": {
        "mean": 0.977081120014
    },
    "erbbands_skewness": {
        "mean": -0.217096716166
    },
    "erbbands_spread": {
        "mean": 40.6858825684
    },
    "hfc": {
        "mean": 28.0180358887
    },
    "loudness_ebu128": {
        "integrated": -6.74423551559,
        "loudness_range": 3.63248205185,
        "momentary": {
            "mean": -8.81077480316
        },
        "short_term": {
            "mean": -8.29106521606
        }
    },
    "melbands_crest": {
        "mean": 16.889705658
    },
    "melbands_flatness_db": {
        "mean": 0.201765328646
    },
    "melbands_kurtosis": {
        "mean": 18.859167099
    },
    "melbands_skewness": {
        "mean": 3.26130151749
    },
    "melbands_spread": {
        "mean": 27.9331951141
    },
    "pitch_salience": {
        "mean": 0.460760653019
    },
    "silence_rate_20dB": {
        "mean": 1
    },
    "silence_rate_30dB": {
        "mean": 0.968791425228
    },
    "silence_rate_60dB": {
        "mean": 0.0683324858546
    },
    "spectral_centroid": {
        "mean": 1825.1348877
    },
    "spectral_complexity": {
        "mean": 24.9563484192
    },
    "spectral_decrease": {
        "mean": -9.62728030629e-09
    },
    "spectral_energy": {
        "mean": 0.0388770364225
    },
    "spectral_energyband_high": {
        "mean": 0.00147153472062
    },
    "spectral_energyband_low": {
        "mean": 0.022364154458
    },
    "spectral_energyband_middle_high": {
        "mean": 0.00676331156865
    },
    "spectral_energyband_middle_low": {
        "mean": 0.009013812989
    },
    "spectral_entropy": {
        "mean": 7.7147102356
    },
    "spectral_flux": {
        "mean": 0.0983628481627
    },
    "spectral_kurtosis": {
        "mean": 4.47234725952
    },
    "spectral_rms": {
        "mean": 0.00565789593384
    },
    "spectral_rolloff": {
        "mean": 1846.42199707
    },
    "spectral_skewness": {
        "mean": 1.35869050026
    },
    "spectral_spread": {
        "mean": 4523927
    },
    "spectral_strongpeak": {
        "mean": 0.697475552559
    },
    "zerocrossingrate": {
        "mean": 0.0672063753009
    },
    "barkbands": {
        "mean": [0.000305150693748, 0.0173736829311, 0.00403389567509, 0.00165652832948, 0.00305718951859, 0.00111197005026, 0.000544309790712, 0.000810249475762, 0.00161407142878, 0.000701086188201, 0.000473528285511, 0.000728716666345, 0.00068068067776, 0.00067055929685, 0.000647077395115, 0.000835675687995, 0.000893073738553, 0.000484337768285, 0.000537140236702, 0.00044877579785, 0.000363088329323, 0.000281314511085, 0.000229103694437, 0.000222061804379, 9.19209123822e-05, 5.51783377887e-05, 2.43344056798e-05]
    },
    "erbbands": {
        "mean": [0.427413612604, 4.06434392929, 6.20460987091, 4.39914894104, 10.6105241776, 8.02895927429, 8.28349781036, 8.9902305603, 8.05723285675, 8.6260175705, 22.748298645, 34.0201072693, 31.0109806061, 23.0205898285, 24.0592403412, 29.2470359802, 31.2254142761, 37.630241394, 28.5813236237, 36.6756782532, 55.4726715088, 46.2780723572, 30.3320465088, 25.316783905, 26.8089332581, 20.4772090912, 17.3271598816, 12.5176105499, 10.376543045, 8.14641189575, 6.23090457916, 5.85333871841, 2.77860045433, 1.10775756836, 0.638939499855, 0.256459474564, 0.100155286491, 0.0240388270468, 0.00397570198402, 0.000311738724122]
    },
    "gfcc": {
        "mean": [6.76267194748, 76.7064819336, -111.971992493, 46.7652168274, -37.1627845764, 13.8575201035, -25.3944549561, 9.77420043945, -14.2884893417, 0.688227295876, -14.6404209137, -1.95807242393, -6.63756370544],
        "cov": [[19921.5605469, -991.722229004, -1697.76696777, 689.034606934, -147.8230896, 1708.38818359, 6.26444387436, 811.860717773, -222.994949341, 366.560882568, -328.280303955, 405.899078369, -465.226837158], [-991.722229004, 1578.51391602, -441.882904053, -64.0088424683, 66.2726364136, -225.561920166, 77.4323196411, -111.809799194, 88.9297637939, -163.363861084, 142.241638184, -104.343688965, 115.417648315], [-1697.76696777, -441.882904053, 970.402282715, 13.7001371384, 66.5837783813, -153.308609009, -67.1451416016, -62.0301361084, -24.1316242218, 32.5938949585, -30.143787384, 7.24818611145, -8.28593063354], [689.034606934, -64.0088424683, 13.7001371384, 479.23638916, 53.7927322388, 160.298034668, -6.57755327225, 48.1658325195, 67.751663208, 21.0935611725, 58.3050994873, 24.3580799103, 9.5290184021], [-147.8230896, 66.2726364136, 66.5837783813, 53.7927322388, 320.950958252, 27.3624286652, 89.0792160034, 13.5699472427, 13.2860851288, 33.0577011108, 15.3441963196, 34.6118392944, 31.9046154022], [1708.38818359, -225.561920166, -153.308609009, 160.298034668, 27.3624286652, 435.274902344, 106.594863892, 153.440582275, 19.5546340942, 64.2935714722, 5.49709320068, 60.4156990051, -42.4903373718], [6.26444387436, 77.4323196411, -67.1451416016, -6.57755327225, 89.0792160034, 106.594863892, 219.603256226, 71.4721298218, 11.8830966949, 14.2398366928, 9.35768222809, 18.8864459991, 13.9869747162], [811.860717773, -111.809799194, -62.0301361084, 48.1658325195, 13.5699472427, 153.440582275, 71.4721298218, 186.921844482, 47.1476325989, 37.1673126221, -1.56690835953, 18.1314868927, -30.2030582428], [-222.994949341, 88.9297637939, -24.1316242218, 67.751663208, 13.2860851288, 19.5546340942, 11.8830966949, 47.1476325989, 119.855278015, 19.3820590973, 32.145072937, -20.5395317078, 14.3766498566], [366.560882568, -163.363861084, 32.5938949585, 21.0935611725, 33.0577011108, 64.2935714722, 14.2398366928, 37.1673126221, 19.3820590973, 110.700057983, -4.74500894547, 26.1075687408, -18.1229400635], [-328.280303955, 142.241638184, -30.143787384, 58.3050994873, 15.3441963196, 5.49709320068, 9.35768222809, -1.56690835953, 32.145072937, -4.74500894547, 115.861793518, 6.65150642395, 19.7434215546], [405.899078369, -104.343688965, 7.24818611145, 24.3580799103, 34.6118392944, 60.4156990051, 18.8864459991, 18.1314868927, -20.5395317078, 26.1075687408, 6.65150642395, 84.4597473145, 16.0102462769], [-465.226837158, 115.417648315, -8.28593063354, 9.5290184021, 31.9046154022, -42.4903373718, 13.9869747162, -30.2030582428, 14.3766498566, -18.1229400635, 19.7434215546, 16.0102462769, 80.0650787354]],
        "icov": [[0.000161264862982, -0.000134383895784, 0.000215518288314, -0.000195710803382, 2.2374370019e-05, -0.000340591330314, 0.000382244354114, -0.000422835495556, 0.000455594883533, -0.000285429996438, 0.000547881238163, -0.000621797691565, 0.000603234162554], [-0.000134383895784, 0.00148070603609, 0.000431902619312, 0.0003071797546, -0.000447057798738, 0.000776233850047, -0.000893792835996, 0.000909046735615, -0.00117284059525, 0.00150525476784, -0.00163679360412, 0.00158419332001, -0.00117991724983], [0.000215518288314, 0.000431902619312, 0.00176469120197, -0.000439836148871, -0.000451542495284, 0.000377750169719, 0.000417141738581, -0.000231269252254, 0.000399984302931, -0.000302290689433, 0.00051943550352, -0.000686572049744, 0.000953903712798], [-0.000195710803382, 0.0003071797546, -0.000439836148871, 0.00319828395732, -0.00055567297386, -0.00100520311389, 0.000452845502878, 0.000801734684501, -0.00203739688732, 0.000964833074249, -0.00178894551937, 0.000684661150444, -0.00120641826652], [2.2374370019e-05, -0.000447057798738, -0.000451542495284, -0.00055567297386, 0.0041535673663, 0.000138514311402, -0.00154399638996, 5.3699943237e-05, 0.000229393161135, -0.00146256643347, 0.000416144059272, -0.00131882948335, -0.000708909064997], [-0.000340591330314, 0.000776233850047, 0.000377750169719, -0.00100520311389, 0.000138514311402, 0.00575229758397, -0.00256617786363, -0.00107812217902, -0.000701448007021, 1.29619975269e-05, -0.00129393395036, -0.000716620939784, 0.000691099499818], [0.000382244354114, -0.000893792835996, 0.000417141738581, 0.000452845502878, -0.00154399638996, -0.00256617786363, 0.00796787533909, -0.00333047984168, 0.0020482474938, -0.000940747093409, 0.0012464937754, -0.000900748418644, -0.000604110478889], [-0.000422835495556, 0.000909046735615, -0.000231269252254, 0.000801734684501, 5.3699943237e-05, -0.00107812217902, -0.00333047984168, 0.011208422482, -0.00611326517537, 0.00132951990236, -0.000890488969162, -0.000171753636096, 0.00198229542002], [0.000455594883533, -0.00117284059525, 0.000399984302931, -0.00203739688732, 0.000229393161135, -0.000701448007021, 0.0020482474938, -0.00611326517537, 0.0156956613064, -0.00513491453603, -0.000652584247291, 0.0042338417843, -0.00317208003253], [-0.000285429996438, 0.00150525476784, -0.000302290689433, 0.000964833074249, -0.00146256643347, 1.29619975269e-05, -0.000940747093409, 0.00132951990236, -0.00513491453603, 0.0139689939097, -0.00116293935571, -0.00238456530496, 0.0021285910625], [0.000547881238163, -0.00163679360412, 0.00051943550352, -0.00178894551937, 0.000416144059272, -0.00129393395036, 0.0012464937754, -0.000890488969162, -0.000652584247291, -0.00116293935571, 0.0131943449378, -0.00472401361912, 0.00194848072715], [-0.000621797691565, 0.00158419332001, -0.000686572049744, 0.000684661150444, -0.00131882948335, -0.000716620939784, -0.000900748418644, -0.000171753636096, 0.0042338417843, -0.00238456530496, -0.00472401361912, 0.0220395997167, -0.0103537067771], [0.000603234162554, -0.00117991724983, 0.000953903712798, -0.00120641826652, -0.000708909064997, 0.000691099499818, -0.000604110478889, 0.00198229542002, -0.00317208003253, 0.0021285910625, 0.00194848072715, -0.0103537067771, 0.0220820792019]]
    },
    "melbands": {
        "mean": [0.00443558581173, 0.00393685279414, 0.000985920312814, 0.000705568760168, 0.000288276554784, 0.000200230977498, 0.00012316039647, 0.000101390847703, 0.000190466802451, 0.000228192991926, 0.000151499538333, 9.09713417059e-05, 7.70679689595e-05, 9.02888423298e-05, 5.79597326578e-05, 7.63272691984e-05, 6.63149403408e-05, 4.27303530159e-05, 4.93835759698e-05, 4.74846783618e-05, 6.89418739057e-05, 4.89883532282e-05, 3.75086456188e-05, 2.21908449021e-05, 1.98420893867e-05, 2.10616344702e-05, 1.75122258952e-05, 1.23927611639e-05, 1.14342001325e-05, 8.61260650709e-06, 6.87648935127e-06, 6.017591204e-06, 5.02686725667e-06, 4.33142804468e-06, 3.36982611771e-06, 3.90275909012e-06, 3.42786688634e-06, 2.11204155676e-06, 1.22397693758e-06, 8.32059356526e-07]
    },
    "melbands128": {
        "mean": [0.000296276673907, 0.00276079168543, 0.00660302909091, 0.00689517753199, 0.0041623278521, 0.00156817457173, 0.000730505911633, 0.000925356172957, 0.00122653949074, 0.00074807961937, 0.000352791277692, 0.000291183358058, 0.000294103141641, 0.000250944023719, 0.000208196317544, 0.000185487617273, 0.000112752619316, 0.000133536042995, 9.85615406535e-05, 8.98133730516e-05, 7.81160197221e-05, 0.000196723762201, 0.000219262728933, 0.000154459878104, 0.000220640940825, 0.000240462177317, 0.00030416471418, 0.000105020211777, 5.94610100961e-05, 0.000126533894218, 7.88296383689e-05, 6.71145244269e-05, 0.000102319565485, 4.37074158981e-05, 0.000105938372144, 0.000105753591924, 7.19539821148e-05, 3.01992695313e-05, 7.6124946645e-05, 7.05913917045e-05, 5.19782115589e-05, 0.000128733940073, 6.66057603667e-05, 3.51483504346e-05, 4.95348685945e-05, 3.81900063076e-05, 4.50026236649e-05, 5.0843009376e-05, 4.77339126519e-05, 5.60869120818e-05, 3.6055502278e-05, 4.40251242253e-05, 9.42352780839e-05, 6.25032917014e-05, 5.96257086727e-05, 4.47843704023e-05, 3.94248381781e-05, 5.39369320904e-05, 3.13290838676e-05, 1.94822896447e-05, 2.48601518251e-05, 2.08806577575e-05, 1.50896403284e-05, 2.01117654797e-05, 2.75277980109e-05, 1.88018057088e-05, 1.91104627447e-05, 2.04511379707e-05, 1.56443402375e-05, 1.65945311892e-05, 1.19192864076e-05, 9.573403986e-06, 1.37749766509e-05, 1.08598851511e-05, 1.05000417534e-05, 9.48215165408e-06, 7.51905281504e-06, 6.72108535582e-06, 7.18583896742e-06, 6.43404700895e-06, 6.24645099379e-06, 5.49420292373e-06, 6.01127203481e-06, 4.77965022583e-06, 4.44080387751e-06, 4.85792497784e-06, 4.24026893597e-06, 3.52696361006e-06, 3.09707456836e-06, 3.40374731422e-06, 3.75106264983e-06, 4.04548381994e-06, 4.19840080212e-06, 3.56477153218e-06, 2.94121741717e-06, 2.39229393628e-06, 1.99314763449e-06, 1.61051821124e-06, 1.33739331432e-06, 9.33931346481e-07, 8.13990197912e-07, 7.59087185997e-07, 9.45140357089e-07, 9.18142461614e-07, 7.50840740693e-07, 5.85200609748e-07, 5.37336291018e-07, 4.40287010406e-07, 3.81455464549e-07, 4.30683343211e-07, 4.62374913468e-07, 3.47688455804e-07, 3.09374172502e-07, 2.67573255996e-07, 2.18614701453e-07, 2.06429760397e-07, 1.60591682175e-07, 1.60355824619e-07, 1.64983347872e-07, 1.2577005748e-07, 9.18863491961e-08, 1.07650784287e-07, 9.82625394386e-08, 7.24286550735e-08, 5.3950557799e-08, 3.7131162145e-08, 3.30042624341e-08, 2.9972980542e-08]
    },
    "mfcc": {
        "mean": [-634.928222656, 103.93473053, -5.30234289169, 37.2865753174, 13.2362327576, 13.3439588547, 3.6356780529, 9.50871753693, 7.15529155731, 6.67099618912, 0.118746995926, 2.92105174065, 0.246870592237],
        "cov": [[17334.4941406, -508.560424805, -1379.33227539, 127.162559509, 88.7764587402, 535.839599609, 420.615692139, 520.621337891, 393.176574707, 244.893585205, 261.412231445, 300.542724609, 80.0479812622], [-508.560424805, 1269.27490234, -307.366699219, 39.0110168457, -45.4316368103, -116.64491272, -20.6295661926, -23.2895202637, -34.6322402954, -36.3449554443, -18.1144371033, -51.9776954651, -2.92612409592], [-1379.33227539, -307.366699219, 737.255554199, 18.4844093323, 51.83984375, -46.8406448364, -78.9628372192, -63.4410972595, -69.3926239014, -11.7425498962, -49.4632034302, -7.60857963562, -4.10543680191], [127.162559509, 39.0110168457, 18.4844093323, 301.265197754, 97.9813537598, 48.6327323914, 0.82134860754, 13.9828672409, 10.3134126663, 8.99991512299, 1.73816514015, 2.32606101036, 34.5859985352], [88.7764587402, -45.4316368103, 51.83984375, 97.9813537598, 204.343093872, 49.7773971558, 5.68124818802, 14.862200737, 3.64708399773, 24.918050766, 4.66762113571, 20.0080165863, 15.0170469284], [535.839599609, -116.64491272, -46.8406448364, 48.6327323914, 49.7773971558, 210.261734009, 93.8779296875, 50.6609573364, 55.3359336853, 17.2517471313, 26.8956394196, 34.4170150757, 27.2601490021], [420.615692139, -20.6295661926, -78.9628372192, 0.82134860754, 5.68124818802, 93.8779296875, 181.005935669, 90.4815139771, 50.0246696472, 13.8938217163, 45.28282547, 24.9158935547, 25.1788825989], [520.621337891, -23.2895202637, -63.4410972595, 13.9828672409, 14.862200737, 50.6609573364, 90.4815139771, 152.193283081, 54.9276695251, 41.739112854, 28.2249011993, 30.9318199158, 18.2118415833], [393.176574707, -34.6322402954, -69.3926239014, 10.3134126663, 3.64708399773, 55.3359336853, 50.0246696472, 54.9276695251, 137.081069946, 39.6280670166, 34.5394134521, 18.6092166901, 17.626914978], [244.893585205, -36.3449554443, -11.7425498962, 8.99991512299, 24.918050766, 17.2517471313, 13.8938217163, 41.739112854, 39.6280670166, 115.014801025, 43.8494567871, 27.5788936615, 6.22770404816], [261.412231445, -18.1144371033, -49.4632034302, 1.73816514015, 4.66762113571, 26.8956394196, 45.28282547, 28.2249011993, 34.5394134521, 43.8494567871, 91.1435394287, 37.8325004578, 11.9389257431], [300.542724609, -51.9776954651, -7.60857963562, 2.32606101036, 20.0080165863, 34.4170150757, 24.9158935547, 30.9318199158, 18.6092166901, 27.5788936615, 37.8325004578, 84.4268951416, 31.2367458344], [80.0479812622, -2.92612409592, -4.10543680191, 34.5859985352, 15.0170469284, 27.2601490021, 25.1788825989, 18.2118415833, 17.626914978, 6.22770404816, 11.9389257431, 31.2367458344, 70.7756958008]],
        "icov": [[8.2246857346e-05, 5.33307720616e-05, 0.000157188507728, -3.84113118344e-05, -2.0794182376e-07, -8.07301112218e-05, 1.92119223357e-05, -0.000141931930557, -3.85627427022e-05, -2.99214589177e-05, 1.36538865263e-05, -0.00018665616517, 9.02107203729e-05], [5.33307720616e-05, 0.0010332147358, 0.000583816319704, -0.000284650246613, 2.5041787012e-05, 0.000614609976765, -0.000152797656483, -7.34923560231e-07, 0.000183246855158, 6.76107374602e-05, 7.91607744759e-05, 0.000279135507299, -0.000220262649236], [0.000157188507728, 0.000583816319704, 0.00206210813485, -0.000193671527086, -0.000394572649384, 0.000297121121548, 0.000163549324498, 0.00013535330072, 0.000501782342326, -0.000298215512885, 0.000749280152377, -0.000450250838185, -8.95265402505e-05], [-3.84113118344e-05, -0.000284650246613, -0.000193671527086, 0.00439388258383, -0.00187575642485, -0.000888511945959, 0.00090971350437, -0.00046508005471, 3.09091556119e-05, 0.000170003506355, -0.000519463210367, 0.00151364470366, -0.00219354219735], [-2.0794182376e-07, 2.5041787012e-05, -0.000394572649384, -0.00187575642485, 0.0064097312279, -0.00120840920135, 0.000236645821133, -0.000132409462822, 0.000553148682229, -0.00123714632355, 0.000584762077779, -0.00111116433982, 0.000313187541906], [-8.07301112218e-05, 0.000614609976765, 0.000297121121548, -0.000888511945959, -0.00120840920135, 0.00784366577864, -0.00369020737708, 0.000965658924542, -0.0016457864549, 0.000211060774745, 0.000999926938675, -0.0015257212799, -0.000236197854974], [1.92119223357e-05, -0.000152797656483, 0.000163549324498, 0.00090971350437, 0.000236645821133, -0.00369020737708, 0.0111162886024, -0.00548074720427, -3.133176142e-05, 0.00234315590933, -0.00443325797096, 0.00195178599097, -0.00194834568538], [-0.000141931930557, -7.34923560231e-07, 0.00013535330072, -0.00046508005471, -0.000132409462822, 0.000965658924542, -0.00548074720427, 0.0116281630471, -0.00201374362223, -0.00303793465719, 0.00245383684523, -0.00227490882389, 0.000368394685211], [-3.85627427022e-05, 0.000183246855158, 0.000501782342326, 3.09091556119e-05, 0.000553148682229, -0.0016457864549, -3.133176142e-05, -0.00201374362223, 0.0102162584662, -0.00205080793239, -0.00172547088005, 0.00134867685847, -0.00155706855003], [-2.99214589177e-05, 6.76107374602e-05, -0.000298215512885, 0.000170003506355, -0.00123714632355, 0.000211060774745, 0.00234315590933, -0.00303793465719, -0.00205080793239, 0.0127050615847, -0.00538250850514, -0.000808592885733, 0.000723232107703], [1.36538865263e-05, 7.91607744759e-05, 0.000749280152377, -0.000519463210367, 0.000584762077779, 0.000999926938675, -0.00443325797096, 0.00245383684523, -0.00172547088005, -0.00538250850514, 0.0182979051024, -0.00666308170184, 0.00147915259004], [-0.00018665616517, 0.000279135507299, -0.000450250838185, 0.00151364470366, -0.00111116433982, -0.0015257212799, 0.00195178599097, -0.00227490882389, 0.00134867685847, -0.000808592885733, -0.00666308170184, 0.019496338442, -0.00757415825501], [9.02107203729e-05, -0.000220262649236, -8.95265402505e-05, -0.00219354219735, 0.000313187541906, -0.000236197854974, -0.00194834568538, 0.000368394685211, -0.00155706855003, 0.000723232107703, 0.00147915259004, -0.00757415825501, 0.0191250834614]]
    },
    "spectral_contrast_coeffs": {
        "mean": [-0.734407067299, -0.755250096321, -0.745448708534, -0.764266550541, -0.780551254749, -0.747590482235]
    },
    "spectral_contrast_valleys": {
        "mean": [-6.59415626526, -7.19351577759, -7.81684970856, -7.62394046783, -7.33345460892, -10.1397323608]
    }
},
"rhythm": {
    "beats_count": 383,
    "beats_loudness": {
        "mean": 0.0533896163106
    },
    "bpm": 99.9757461548,
    "bpm_histogram_first_peak_bpm": 99,
    "bpm_histogram_first_peak_weight": 0.489675521851,
    "bpm_histogram_second_peak_bpm": 94,
    "bpm_histogram_second_peak_spread": 0.16666662693,
    "bpm_histogram_second_peak_weight": 0.0261780098081,
    "danceability": 1.16827785969,
    "onset_rate": 3.69868564606,
    "beats_loudness_band_ratio": {
        "mean": [0.565797448158, 0.185144692659, 0.0818248614669, 0.069941394031, 0.0901758670807, 0.0876033976674]
    },
    "beats_position": [0.615328788757, 1.24226760864, 1.88081634045, 2.50775504112, 3.14630389214, 3.79646253586, 4.43501138687, 5.05034017563, 5.66566896439, 6.26938772202, 6.86149644852, 7.45360517502, 8.05732440948, 8.66104316711, 9.25315189362, 9.84526062012, 10.4489793777, 11.0643081665, 11.6796369553, 12.2833557129, 12.8870744705, 13.4907932281, 14.0945119858, 14.6982307434, 15.301949501, 15.9056682587, 16.50938797, 17.1131057739, 17.7168254852, 18.3205432892, 18.9242630005, 19.5279808044, 20.1433105469, 20.7470283508, 21.3623580933, 21.9660758972, 22.5697956085, 23.1851234436, 23.800453186, 24.40417099, 25.0078907013, 25.6116104126, 26.2153282166, 26.8190479279, 27.4227657318, 28.0264854431, 28.6302032471, 29.2339229584, 29.8376407623, 30.4413604736, 31.0450782776, 31.6487979889, 32.2525177002, 32.8446235657, 33.4367332458, 34.0404510498, 34.6441726685, 35.2478904724, 35.8516082764, 36.455329895, 37.059047699, 37.6511573792, 38.2432632446, 38.8469848633, 39.4507026672, 40.0544204712, 40.6465301514, 41.2386398315, 41.8423576355, 42.4460754395, 43.0497932434, 43.6419029236, 44.2340126038, 44.8377304077, 45.4414520264, 46.0451698303, 46.6488876343, 47.2526054382, 47.8447151184, 48.4368247986, 49.0405426025, 49.6442604065, 50.2479820251, 50.8516998291, 51.4554176331, 52.0475273132, 52.6396369934, 53.2433547974, 53.8470726013, 54.45079422, 55.0429000854, 55.6350097656, 56.2387275696, 56.8424491882, 57.4461669922, 58.0498847961, 58.6536026001, 59.2573242188, 59.8494338989, 60.4415397644, 61.0452613831, 61.648979187, 62.2410888672, 62.8331947327, 63.4369163513, 64.0406341553, 64.6443557739, 65.2480697632, 65.8517913818, 66.443901062, 67.0360107422, 67.6397247314, 68.2434463501, 68.8355560303, 69.4276657104, 70.0313796997, 70.6234893799, 71.2155990601, 71.8077087402, 72.3998184204, 72.9919281006, 73.5840377808, 74.18775177, 74.7798614502, 75.3719711304, 75.9640808105, 76.5561904907, 77.15990448, 77.7520141602, 78.3441238403, 78.947845459, 79.5515594482, 80.1552810669, 80.7590026855, 81.3511123657, 81.9432220459, 82.5469360352, 83.1506576538, 83.7543716431, 84.3580932617, 84.9502029419, 85.5423126221, 86.1460266113, 86.74974823, 87.3534698486, 87.9571838379, 88.5609054565, 89.1530151367, 89.7451248169, 90.3488388062, 90.9525604248, 91.5562820435, 92.1599960327, 92.7521057129, 93.3442153931, 93.9479370117, 94.551651001, 95.1553726196, 95.7590942383, 96.3628082275, 96.9549179077, 97.5470275879, 98.1507492065, 98.7544631958, 99.3581848145, 99.9502944946, 100.542404175, 101.146118164, 101.749839783, 102.341949463, 102.945663452, 103.537773132, 104.141494751, 104.74521637, 105.348930359, 105.952651978, 106.556373596, 107.148475647, 107.740585327, 108.344306946, 108.948028564, 109.551742554, 110.155464172, 110.759178162, 111.36289978, 111.966621399, 112.581947327, 113.208885193, 113.835823059, 114.462760925, 115.10131073, 115.728248596, 116.355194092, 116.993736267, 117.620681763, 118.23600769, 118.839729309, 119.443443298, 120.035552979, 120.627662659, 121.219772339, 121.811882019, 122.415596008, 122.99609375, 123.599815369, 124.191925049, 124.784034729, 125.387756348, 125.968254089, 126.571968079, 127.164077759, 127.756187439, 128.348297119, 128.94039917, 129.544128418, 130.147842407, 130.763168335, 131.390106201, 132.017044067, 132.655593872, 133.294143677, 133.94430542, 134.559631348, 135.163360596, 135.767074585, 136.370788574, 136.962905884, 137.555007935, 138.147125244, 138.739227295, 139.342941284, 139.935058594, 140.527160645, 141.130874634, 141.722991943, 142.315093994, 142.907211304, 143.499313354, 144.091430664, 144.683532715, 145.275650024, 145.867752075, 146.471466064, 147.063583374, 147.655685425, 148.247802734, 148.839904785, 149.443618774, 150.035736084, 150.627838135, 151.219955444, 151.812057495, 152.404174805, 152.996276855, 153.588394165, 154.180496216, 154.784210205, 155.376327515, 155.968429565, 156.560546875, 157.152648926, 157.744766235, 158.336868286, 158.940582275, 159.544311523, 160.159637451, 160.774963379, 161.390289307, 162.098495483, 162.80670166, 163.503311157, 164.199905396, 164.884887695, 165.51184082, 166.138778687, 166.765716553, 167.404266357, 168.019592285, 168.600082397, 169.180587769, 169.795913696, 170.411239624, 171.014968872, 171.607070923, 172.199172974, 172.791290283, 173.383392334, 173.975509644, 174.567611694, 175.171340942, 175.763442993, 176.355545044, 176.947662354, 177.539764404, 178.143493652, 178.735595703, 179.327713013, 179.919815063, 180.511917114, 181.104034424, 181.696136475, 182.299865723, 182.891967773, 183.484085083, 184.076187134, 184.668289185, 185.260406494, 185.852508545, 186.444625854, 187.036727905, 187.640457153, 188.232559204, 188.824661255, 189.428390503, 190.032104492, 190.624221802, 191.216323853, 191.808425903, 192.400543213, 193.004257202, 193.596374512, 194.188476562, 194.780578613, 195.384307861, 195.976409912, 196.556915283, 197.160629272, 197.7759552, 198.402893066, 199.029830933, 199.656768799, 200.272109985, 200.899047852, 201.537597656, 202.176147461, 202.77986145, 203.383575439, 203.987304688, 204.579406738, 205.171508789, 205.775238037, 206.367340088, 206.959457397, 207.551559448, 208.143676758, 208.735778809, 209.327880859, 209.919998169, 210.523712158, 211.115829468, 211.707931519, 212.300048828, 212.88053894, 213.48425293, 214.087982178, 214.680084229, 215.295410156, 215.85269165, 216.398361206, 216.9556427, 217.489700317, 218.023757935, 218.499771118, 218.975784302, 219.451782227, 219.92779541, 220.334152222, 220.728881836, 221.123626709, 221.518356323, 221.913101196, 222.307846069, 222.702575684, 223.108932495, 223.515274048, 223.921630859, 224.327972412, 224.757553101, 225.175506592, 225.593460083, 226.011428833, 226.440994263, 226.858947754],
    "bpm_histogram": [0, 0, 0, 0, 0, 0, 0, 0, 0, 0, 0, 0, 0, 0, 0, 0, 0, 0, 0, 0, 0, 0, 0, 0, 0, 0, 0, 0, 0, 0, 0, 0, 0, 0, 0, 0, 0, 0, 0, 0, 0, 0, 0, 0, 0, 0, 0, 0, 0, 0, 0, 0, 0, 0, 0, 0, 0, 0, 0, 0, 0, 0, 0, 0, 0, 0, 0, 0, 0, 0, 0, 0, 0, 0, 0, 0, 0, 0, 0, 0, 0, 0, 0, 0, 0, 0.00523560214788, 0.00523560214788, 0, 0.00261780107394, 0, 0, 0, 0.00523560214788, 0, 0.0261780098081, 0, 0.0445026196539, 0, 0.054973822087, 0.397905766964, 0, 0.374345541, 0, 0.0157068055123, 0, 0, 0, 0, 0.00523560214788, 0, 0.00261780107394, 0, 0.00523560214788, 0, 0, 0, 0, 0, 0, 0, 0, 0, 0, 0, 0, 0, 0.0104712042958, 0, 0, 0, 0, 0, 0, 0, 0, 0, 0, 0, 0, 0, 0.00523560214788, 0, 0, 0, 0.0104712042958, 0, 0, 0, 0.013089004904, 0, 0, 0, 0.0157068055123, 0, 0, 0, 0, 0, 0, 0, 0, 0, 0, 0, 0, 0, 0, 0, 0, 0, 0, 0, 0, 0, 0, 0, 0, 0, 0, 0, 0, 0, 0, 0, 0, 0, 0, 0, 0, 0, 0, 0, 0, 0, 0, 0, 0, 0, 0, 0, 0, 0, 0, 0, 0, 0, 0, 0, 0, 0, 0, 0, 0, 0, 0, 0, 0, 0, 0, 0, 0, 0, 0, 0, 0, 0, 0, 0, 0, 0, 0, 0, 0, 0, 0, 0, 0, 0, 0, 0, 0, 0, 0, 0, 0, 0, 0, 0, 0, 0]
},
"tonal": {
    "chords_changes_rate": 0.061594940722,
    "chords_number_rate": 0.00203956756741,
    "chords_strength": {
        "mean": 0.501637339592
    },
    "hpcp_crest": {
        "mean": 13.9464530945
    },
    "hpcp_entropy": {
        "mean": 1.95812571049
    },
    "key_edma": {
        "strength": 0.799088597298,
        "key": "G",
        "scale": "major"
    },
    "key_krumhansl": {
        "strength": 0.793024718761,
        "key": "G",
        "scale": "major"
    },
    "key_temperley": {
        "strength": 0.786453127861,
        "key": "G",
        "scale": "major"
    },
    "tuning_diatonic_strength": 0.5594227314,
    "tuning_equal_tempered_deviation": 0.259728550911,
    "tuning_frequency": 434.193115234,
    "tuning_nontempered_energy_ratio": 0.958343148232,
    "hpcp": {
        "mean": [0.138607099652, 0.142009347677, 0.0700545087457, 0.0500495359302, 0.0476184561849, 0.0586871132255, 0.108670599759, 0.138431936502, 0.100488416851, 0.0613760091364, 0.0580424852669, 0.0683369860053, 0.0984446182847, 0.105831995606, 0.0894358456135, 0.198355793953, 0.272405445576, 0.153456956148, 0.0628927946091, 0.0476919412613, 0.0491002872586, 0.100958883762, 0.134096845984, 0.0971033722162, 0.0691398754716, 0.0688251331449, 0.0815900936723, 0.177199140191, 0.233993053436, 0.177626371384, 0.194812804461, 0.168953314424, 0.0788692831993, 0.0663582086563, 0.0680726990104, 0.0750841274858]
    },
    "chords_histogram": [16.8468284607, 27.5749549866, 24.8215370178, 6.28186845779, 7.8727312088, 2.34550285339, 0.550683259964, 0.367122173309, 3.01856017113, 0, 2.65143799782, 0, 0, 0, 0, 0, 0.24474811554, 2.7126250267, 0, 0.489496231079, 0, 0, 0.530287563801, 3.69161748886],
    "thpcp": [1, 0.563340246677, 0.230879351497, 0.175077050924, 0.180247083306, 0.370619922876, 0.492269337177, 0.35646635294, 0.253812372684, 0.252656966448, 0.299517124891, 0.650497794151, 0.858988165855, 0.652066171169, 0.71515750885, 0.620227396488, 0.289529025555, 0.24360089004, 0.249894782901, 0.275633722544, 0.508826434612, 0.521316111088, 0.257169991732, 0.183731779456, 0.174807280302, 0.215440303087, 0.39892962575, 0.508183419704, 0.368892848492, 0.225311234593, 0.21307387948, 0.250864982605, 0.361390054226, 0.388509094715, 0.328318864107, 0.728163838387],
    "chords_key": "B",
    "chords_scale": "minor"
}
}