{
"metadata": {
    "version": {
        "essentia": "2.1-beta6-dev",
        "essentia_git_sha": "v2.1_beta5-1177-g1d1cc983",
        "extractor": "music 2.0"
    },
    "audio_properties": {
        "analysis": {
            "equal_loudness": 0,
            "length": 192.279998779,
            "sample_rate": 44100,
            "start_time": 0,
            "downmix": "mix"
        },
        "bit_rate": 1411200,
        "length": 192.279998779,
        "lossless": 1,
        "number_channels": 2,
        "replay_gain": -14.1854114532,
        "sample_rate": 44100,
        "codec": "pcm_s16le",
        "md5_encoded": "bad877b755fa4f3748f4a90a21f44cee"
    },
    "tags": {
        "file_name": "02 - The Front Bottoms - Peace Sign.wav",
        "album": ["Going Grey"],
        "albumartist": ["The Front Bottoms"],
        "artist": ["The Front Bottoms"],
        "copyright": ["© 2017 Fueled By Ramen LLC for the United States and WEA International Inc. for the world outside of the United States. A Warner Music Group Company ℗ 2017 Fueled By Ramen LLC"],
        "date": ["2017"],
        "discnumber": ["1"],
        "disctotal": ["1"],
        "genre": ["Alternative & Indie"],
        "isrc": ["USAT21703356"],
        "title": ["Peace Sign"],
        "tracknumber": ["2"],
        "tracktotal": ["11"]
    }
},
"lowlevel": {
    "average_loudness": 0.944078922272,
    "barkbands_crest": {
        "mean": 12.424943924
    },
    "barkbands_flatness_db": {
        "mean": 0.147945985198
    },
    "barkbands_kurtosis": {
        "mean": 3.37913417816
    },
    "barkbands_skewness": {
        "mean": 1.56494915485
    },
    "barkbands_spread": {
        "mean": 29.0466918945
    },
    "dissonance": {
        "mean": 0.46105247736
    },
    "dynamic_complexity": 2.36085224152,
    "erbbands_crest": {
        "mean": 8.98444652557
    },
    "erbbands_flatness_db": {
        "mean": 0.156537786126
    },
    "erbbands_kurtosis": {
        "mean": 0.465807855129
    },
    "erbbands_skewness": {
        "mean": 0.0372825935483
    },
    "erbbands_spread": {
        "mean": 44.0188903809
    },
    "hfc": {
        "mean": 28.8686618805
    },
    "loudness_ebu128": {
        "integrated": -7.61263227463,
        "loudness_range": 5.18059015274,
        "momentary": {
            "mean": -8.82866096497
        },
        "short_term": {
            "mean": -8.04459667206
        }
    },
    "melbands_crest": {
        "mean": 17.2125606537
    },
    "melbands_flatness_db": {
        "mean": 0.206005170941
    },
    "melbands_kurtosis": {
        "mean": 15.4645023346
    },
    "melbands_skewness": {
        "mean": 3.09245371819
    },
    "melbands_spread": {
        "mean": 23.8357658386
    },
    "pitch_salience": {
        "mean": 0.454823076725
    },
    "silence_rate_20dB": {
        "mean": 1
    },
    "silence_rate_30dB": {
        "mean": 0.977300167084
    },
    "silence_rate_60dB": {
        "mean": 0.0294614825398
    },
    "spectral_centroid": {
        "mean": 1621.6661377
    },
    "spectral_complexity": {
        "mean": 22.9699344635
    },
    "spectral_decrease": {
        "mean": -9.72697566937e-09
    },
    "spectral_energy": {
        "mean": 0.0393302924931
    },
    "spectral_energyband_high": {
        "mean": 0.00173114787322
    },
    "spectral_energyband_low": {
        "mean": 0.0217982269824
    },
    "spectral_energyband_middle_high": {
        "mean": 0.00606171460822
    },
    "spectral_energyband_middle_low": {
        "mean": 0.0113952821121
    },
    "spectral_entropy": {
        "mean": 7.7194685936
    },
    "spectral_flux": {
        "mean": 0.0905176922679
    },
    "spectral_kurtosis": {
        "mean": 8.39733409882
    },
    "spectral_rms": {
        "mean": 0.00584273971617
    },
    "spectral_rolloff": {
        "mean": 1640.13293457
    },
    "spectral_skewness": {
        "mean": 1.58658385277
    },
    "spectral_spread": {
        "mean": 5056064.5
    },
    "spectral_strongpeak": {
        "mean": 0.694126307964
    },
    "zerocrossingrate": {
        "mean": 0.0651012957096
    },
    "barkbands": {
        "mean": [0.000125359452795, 0.0165240541101, 0.00377526436932, 0.00253141438589, 0.0023229944054, 0.0016700567212, 0.00217542913742, 0.00128055852838, 0.000799146364443, 0.0010199357057, 0.000790259742644, 0.000624866224825, 0.000425714533776, 0.000704355654307, 0.000778601912316, 0.000492378545459, 0.000425729027484, 0.000370029156329, 0.000540824315976, 0.0003339642426, 0.000293220160529, 0.000400694145355, 0.00033347675344, 0.000384197395761, 0.000168477898114, 3.44628970197e-05, 4.53925576949e-06]
    },
    "erbbands": {
        "mean": [0.315802842379, 4.16530036926, 6.22867298126, 6.27405977249, 8.0263671875, 7.50105857849, 9.50104808807, 13.9421691895, 28.8458652496, 28.7571640015, 30.7984104156, 20.1096572876, 35.5714302063, 25.1298217773, 28.8184242249, 29.0429229736, 21.542591095, 37.2553443909, 39.4510231018, 34.5183105469, 26.4309520721, 23.137298584, 21.927406311, 21.2280368805, 29.7502441406, 14.5690889359, 10.8044786453, 12.5638961792, 15.3902235031, 10.2030076981, 9.84713554382, 8.99025917053, 5.66921377182, 2.66290688515, 0.777571201324, 0.233918637037, 0.0404184572399, 0.00836363621056, 0.000658043602016, 9.40166719374e-05]
    },
    "gfcc": {
        "mean": [11.4822263718, 84.7097396851, -121.553878784, 37.9964485168, -59.6265411377, 23.5634403229, -35.1016235352, 10.7267589569, -13.4458694458, 4.98009347916, -6.99121427536, -1.61719322205, -7.70956707001],
        "cov": [[17886.7578125, -1425.43920898, 2349.8059082, 4162.73876953, 110.988677979, 1987.97399902, -436.765441895, 883.08984375, -176.749832153, 531.678344727, -70.1898727417, 18.2561664581, -618.981933594], [-1425.43920898, 1342.21264648, -687.472290039, -841.492980957, 62.1898460388, -469.128967285, 147.200653076, -181.711212158, 160.794937134, -110.969261169, 111.517333984, -28.301153183, 169.187713623], [2349.8059082, -687.472290039, 1189.96679688, 1176.29101562, 178.011703491, 600.727355957, -83.301399231, 193.211151123, -90.7548370361, 173.723587036, -57.2262916565, 23.0438213348, -188.285247803], [4162.73876953, -841.492980957, 1176.29101562, 2057.60620117, 230.729522705, 895.478942871, -106.080108643, 293.947540283, -91.0722732544, 190.327789307, -3.00121331215, -15.5982046127, -243.949676514], [110.988677979, 62.1898460388, 178.011703491, 230.729522705, 360.404541016, 129.690292358, 51.923866272, 49.5090065002, 18.5033416748, 30.5603904724, -16.845867157, 23.7089881897, -21.2304973602], [1987.97399902, -469.128967285, 600.727355957, 895.478942871, 129.690292358, 612.011291504, -3.47276997566, 161.362243652, -58.156211853, 104.680381775, -15.865811348, -7.7895731926, -117.634796143], [-436.765441895, 147.200653076, -83.301399231, -106.080108643, 51.923866272, -3.47276997566, 189.897491455, 7.20025920868, 17.6908283234, -22.8576507568, 4.54436397552, 15.0571098328, 21.8047561646], [883.08984375, -181.711212158, 193.211151123, 293.947540283, 49.5090065002, 161.362243652, 7.20025920868, 197.605957031, 42.7602882385, 53.9182014465, 6.25180149078, 3.68177199364, -37.411075592], [-176.749832153, 160.794937134, -90.7548370361, -91.0722732544, 18.5033416748, -58.156211853, 17.6908283234, 42.7602882385, 132.073608398, 39.8406486511, 32.0691680908, -10.7268819809, 22.5256996155], [531.678344727, -110.969261169, 173.723587036, 190.327789307, 30.5603904724, 104.680381775, -22.8576507568, 53.9182014465, 39.8406486511, 131.602371216, 29.2275676727, 8.8215637207, -44.3195114136], [-70.1898727417, 111.517333984, -57.2262916565, -3.00121331215, -16.845867157, -15.865811348, 4.54436397552, 6.25180149078, 32.0691680908, 29.2275676727, 130.457473755, 31.7386569977, 25.7206192017], [18.2561664581, -28.301153183, 23.0438213348, -15.5982046127, 23.7089881897, -7.7895731926, 15.0571098328, 3.68177199364, -10.7268819809, 8.8215637207, 31.7386569977, 94.3856582642, 30.2646217346], [-618.981933594, 169.187713623, -188.285247803, -243.949676514, -21.2304973602, -117.634796143, 21.8047561646, -37.411075592, 22.5256996155, -44.3195114136, 25.7206192017, 30.2646217346, 119.513793945]],
        "icov": [[0.00018029435887, -0.000353313429514, 0.000140437594382, -0.000309529190417, 0.000356131669832, -0.000273306563031, 0.000405992352171, -0.000604869390372, 0.000399051205022, -0.000387480016798, 0.000542553374544, -0.000599033432081, 0.000370250258129], [-0.000353313429514, 0.00263337651268, -0.000230509773246, 0.000737415975891, -0.00161070702597, 0.0011085125152, -0.00169631605968, 0.00253686471842, -0.00262555852532, 0.00180633319542, -0.00278077879921, 0.00262325280346, -0.00140829535667], [0.000140437594382, -0.000230509773246, 0.00282454909757, -0.00107979134191, -1.92908410099e-05, -0.000891312840395, 0.000759192800615, -0.000837720290292, 0.00132356071845, -0.00205092760734, 0.00172747427132, -0.00170250760857, 0.00106736412272], [-0.000309529190417, 0.000737415975891, -0.00107979134191, 0.00245439982973, -0.000966658408288, -0.00120247830637, -2.44580187427e-05, 0.000561494671274, -0.000756245979574, 0.00133471295703, -0.00202201865613, 0.0014863879187, 0.000182919931831], [0.000356131669832, -0.00161070702597, -1.92908410099e-05, -0.000966658408288, 0.0046103191562, -0.00108690885827, 0.000189938727999, -0.00148637965322, 0.000301840278553, -0.00106420763768, 0.00276035955176, -0.00307527300902, 0.00110350979958], [-0.000273306563031, 0.0011085125152, -0.000891312840395, -0.00120247830637, -0.00108690885827, 0.00622542994097, -0.00235230871476, -0.000120389886433, 0.00110272725578, -0.000817330321297, -0.00126085057855, 0.00265490799211, -0.00142935710028], [0.000405992352171, -0.00169631605968, 0.000759192800615, -2.44580187427e-05, 0.000189938727999, -0.00235230871476, 0.0078256605193, -0.00242357887328, 0.00073964567855, 0.00025606143754, 0.00182031968143, -0.0032253516838, 0.001562762307], [-0.000604869390372, 0.00253686471842, -0.000837720290292, 0.000561494671274, -0.00148637965322, -0.000120389886433, -0.00242357887328, 0.0113898506388, -0.00720551470295, 0.00261042034253, -0.00254657282494, 0.0015258762287, -0.0007849202957], [0.000399051205022, -0.00262555852532, 0.00132356071845, -0.000756245979574, 0.000301840278553, 0.00110272725578, 0.00073964567855, -0.00720551470295, 0.0172110460699, -0.00866009667516, 0.00117622630205, 0.00191532063764, -0.00211983639747], [-0.000387480016798, 0.00180633319542, -0.00205092760734, 0.00133471295703, -0.00106420763768, -0.000817330321297, 0.00025606143754, 0.00261042034253, -0.00866009667516, 0.0163602437824, -0.00510963657871, -0.000570227392018, 0.00364944874309], [0.000542553374544, -0.00278077879921, 0.00172747427132, -0.00202201865613, 0.00276035955176, -0.00126085057855, 0.00182031968143, -0.00254657282494, 0.00117622630205, -0.00510963657871, 0.0137848248705, -0.00673385383561, 8.28782576718e-05], [-0.000599033432081, 0.00262325280346, -0.00170250760857, 0.0014863879187, -0.00307527300902, 0.00265490799211, -0.0032253516838, 0.0015258762287, 0.00191532063764, -0.000570227392018, -0.00673385383561, 0.0184235051274, -0.00711994199082], [0.000370250258129, -0.00140829535667, 0.00106736412272, 0.000182919931831, 0.00110350979958, -0.00142935710028, 0.001562762307, -0.0007849202957, -0.00211983639747, 0.00364944874309, 8.28782576718e-05, -0.00711994199082, 0.016129732132]]
    },
    "melbands": {
        "mean": [0.00388244423084, 0.00410345941782, 0.00113854021765, 0.000551476783585, 0.000325816567056, 0.00032389772241, 0.000450200721389, 0.000287795759505, 0.000234371909755, 0.000119349402667, 0.000174277374754, 9.4941642601e-05, 0.000114036192826, 6.7706387199e-05, 6.08085756539e-05, 4.35883302998e-05, 7.22531694919e-05, 6.15000608377e-05, 4.79484515381e-05, 4.18439594796e-05, 2.78927782347e-05, 2.31476478803e-05, 2.34903982346e-05, 1.7570970158e-05, 1.60552590387e-05, 2.39445016632e-05, 1.71619576577e-05, 7.66511584516e-06, 6.30245858702e-06, 7.02336228642e-06, 7.25131667423e-06, 8.75362002262e-06, 7.52783807911e-06, 5.09031497131e-06, 5.39846132597e-06, 6.17580644757e-06, 5.21756555827e-06, 4.08827736464e-06, 3.29788281306e-06, 1.86910915545e-06]
    },
    "melbands128": {
        "mean": [0.000119434553199, 0.00157038192265, 0.00592161202803, 0.00746992137283, 0.00429897243157, 0.00147959520109, 0.00125230336562, 0.00119992892724, 0.000759379647207, 0.000552421610337, 0.000383829232305, 0.00031560723437, 0.000332927738782, 0.000311206793413, 0.000253746344242, 0.000391521403799, 0.000417606817791, 0.000524955510627, 0.000377532036509, 0.000376176059945, 0.000147451282828, 0.000272848934401, 0.000300303159747, 0.000116838185932, 0.000136760281748, 7.03301775502e-05, 0.000193531959667, 0.000256546452874, 7.1666065196e-05, 0.000101312078186, 7.07225408405e-05, 0.000139852971188, 0.000171125910128, 4.54167930002e-05, 4.23293604399e-05, 8.68256902322e-05, 9.68717431533e-05, 4.7184574214e-05, 5.35492981726e-05, 4.36448644905e-05, 2.81501452264e-05, 6.47782653687e-05, 8.25764218462e-05, 7.88958495832e-05, 3.55935189873e-05, 7.28554296074e-05, 7.54268257879e-05, 3.27314373862e-05, 4.30026084359e-05, 5.97775142523e-05, 3.21907828038e-05, 3.71246605937e-05, 3.45427652064e-05, 1.90380233107e-05, 2.49476033787e-05, 2.22974140343e-05, 2.14396059164e-05, 3.01664404105e-05, 2.19949251914e-05, 1.6143436369e-05, 2.08573474083e-05, 1.47135115185e-05, 1.2525953025e-05, 1.75794884854e-05, 1.98432426259e-05, 2.67591931333e-05, 2.40013669099e-05, 2.16120624827e-05, 1.54267199832e-05, 1.13661235446e-05, 7.31396994524e-06, 6.30593103779e-06, 5.61497517992e-06, 6.65532934363e-06, 6.54586847304e-06, 6.75251658322e-06, 7.3480341598e-06, 7.37640311854e-06, 7.11482834959e-06, 7.26526468497e-06, 7.81415837992e-06, 1.01339883258e-05, 9.62293779594e-06, 7.41026633477e-06, 5.83790506425e-06, 4.345663001e-06, 5.30534043719e-06, 5.42804718862e-06, 4.90859429192e-06, 5.73850684304e-06, 6.42942768536e-06, 6.21209255769e-06, 6.04963042861e-06, 5.32826561539e-06, 4.62230855192e-06, 4.38692359239e-06, 3.89333126805e-06, 3.80707797376e-06, 3.49332572114e-06, 3.05344860863e-06, 2.35568563767e-06, 1.71733245224e-06, 1.17898025565e-06, 1.03027525711e-06, 8.04691069334e-07, 6.13853330833e-07, 7.00784653418e-07, 5.48437014913e-07, 2.73863975053e-07, 3.15293533504e-07, 3.08912234459e-07, 1.18327363907e-07, 7.2070612589e-08, 6.91927724006e-08, 6.99723941011e-08, 9.77216600972e-08, 6.40947135366e-08, 3.92788486181e-08, 2.09040571519e-08, 1.32622508531e-08, 1.05509636583e-08, 1.20865282227e-08, 1.70348819495e-08, 1.45804257556e-08, 5.7110889351e-09, 4.78294204243e-09, 5.8243241341e-09, 3.8482532716e-09]
    },
    "mfcc": {
        "mean": [-622.826171875, 106.17755127, 2.82510519028, 16.4533653259, 6.09372091293, 9.23047065735, -1.39991402626, 5.27062511444, -0.564984738827, 8.30307579041, 3.30848503113, 1.67981362343, 3.47387290001],
        "cov": [[13146.0302734, -2421.80200195, 2487.53222656, 2244.67895508, 1621.41125488, 1425.7019043, 795.765808105, 669.391296387, 115.944030762, 446.316192627, 584.58026123, 405.361450195, -31.5511169434], [-2421.80200195, 1869.05883789, -991.859069824, -682.110717773, -490.480529785, -469.082550049, -293.080444336, -185.661697388, -18.9813251495, -65.105682373, -157.845993042, -105.209060669, 48.3199615479], [2487.53222656, -991.859069824, 1050.16760254, 627.039306641, 453.628723145, 457.988189697, 258.069244385, 151.51322937, 13.8782129288, 84.6523971558, 163.87600708, 126.99356842, -18.6810245514], [2244.67895508, -682.110717773, 627.039306641, 857.650634766, 477.613220215, 444.59173584, 243.375335693, 198.299331665, 32.2048225403, 107.083381653, 141.780303955, 110.40612793, 21.9515838623], [1621.41125488, -490.480529785, 453.628723145, 477.613220215, 523.494140625, 326.987060547, 176.498352051, 136.037918091, 32.5912857056, 103.88458252, 105.697265625, 80.9036712646, 5.70996189117], [1425.7019043, -469.082550049, 457.988189697, 444.59173584, 326.987060547, 474.107788086, 231.63444519, 136.163375854, 35.5898399353, 59.3998603821, 96.0855407715, 82.0578384399, -2.79273700714], [795.765808105, -293.080444336, 258.069244385, 243.375335693, 176.498352051, 231.63444519, 232.816680908, 129.767669678, 27.3099269867, 25.7544288635, 53.26379776, 47.6786422729, 9.87894630432], [669.391296387, -185.661697388, 151.51322937, 198.299331665, 136.037918091, 136.163375854, 129.767669678, 175.48135376, 51.9956588745, 37.3012886047, 32.305431366, 34.5480575562, 11.0519618988], [115.944030762, -18.9813251495, 13.8782129288, 32.2048225403, 32.5912857056, 35.5898399353, 27.3099269867, 51.9956588745, 107.199546814, 47.641330719, 11.1563501358, 3.59899020195, -9.27948856354], [446.316192627, -65.105682373, 84.6523971558, 107.083381653, 103.88458252, 59.3998603821, 25.7544288635, 37.3012886047, 47.641330719, 131.810180664, 73.4101486206, 27.8874111176, -8.04915332794], [584.58026123, -157.845993042, 163.87600708, 141.780303955, 105.697265625, 96.0855407715, 53.26379776, 32.305431366, 11.1563501358, 73.4101486206, 141.486114502, 65.3935852051, 6.95373392105], [405.361450195, -105.209060669, 126.99356842, 110.40612793, 80.9036712646, 82.0578384399, 47.6786422729, 34.5480575562, 3.59899020195, 27.8874111176, 65.3935852051, 112.871307373, 40.6670265198], [-31.5511169434, 48.3199615479, -18.6810245514, 21.9515838623, 5.70996189117, -2.79273700714, 9.87894630432, 11.0519618988, -9.27948856354, -8.04915332794, 6.95373392105, 40.6670265198, 92.4181442261]],
        "icov": [[0.000181377443369, -1.98600901058e-05, -0.000230874109548, -0.000172475716681, -0.000122796045616, -2.10747857636e-05, 7.44394783396e-05, -0.000243635862716, 0.00010671079508, -0.000126162936795, -0.000130459011416, -3.46831038769e-05, 0.000119536889542], [-1.98600901058e-05, 0.00114565191325, 0.000906808942091, 0.000212835118873, 0.000191966159036, -0.000159164599609, 0.000243343209149, 0.000154395733261, 3.12117954309e-05, -0.00044854733278, 0.00023247981153, -8.83422617335e-05, -0.000548725249246], [-0.000230874109548, 0.000906808942091, 0.00319573027082, -0.000393308408093, -0.000289605755825, -0.000710003601853, -0.000504231546074, 0.000767866091337, 0.000176533591002, 0.000328988186084, -0.000430044543464, -0.0008949834737, 0.000617525191046], [-0.000172475716681, 0.000212835118873, -0.000393308408093, 0.00367579981685, -0.00116534123663, -0.00138348212931, 0.000473370455438, -0.00135126989335, 0.000632530078292, -0.000430084823165, -0.000276648002909, 0.00035971077159, -0.00109298643656], [-0.000122796045616, 0.000191966159036, -0.000289605755825, -0.00116534123663, 0.00495618442073, -0.00122655543964, -3.79014672944e-05, -0.000382213067496, 0.000494057661854, -0.00208839005791, 0.000596879050136, -0.000172867657966, -0.0003186747781], [-2.10747857636e-05, -0.000159164599609, -0.000710003601853, -0.00138348212931, -0.00122655543964, 0.00668466277421, -0.004003808368, 0.00111897045281, -0.0010359021835, 0.000739616109058, -0.000109087130113, -0.00110254925676, 0.00128683832008], [7.44394783396e-05, 0.000243343209149, -0.000504231546074, 0.000473370455438, -3.79014672944e-05, -0.004003808368, 0.0117106810212, -0.00592556968331, 0.000558720901608, 0.00129892828409, -0.00115867448039, 0.000548098643776, -0.000962778169196], [-0.000243635862716, 0.000154395733261, 0.000767866091337, -0.00135126989335, -0.000382213067496, 0.00111897045281, -0.00592556968331, 0.0127763366327, -0.0044495202601, -0.000157962014782, 0.00131464807782, -0.000784958421718, -0.000738801318221], [0.00010671079508, 3.12117954309e-05, 0.000176533591002, 0.000632530078292, 0.000494057661854, -0.0010359021835, 0.000558720901608, -0.0044495202601, 0.0135831087828, -0.0054933023639, 0.00165948248468, -8.53436795296e-05, 0.00111420464236], [-0.000126162936795, -0.00044854733278, 0.000328988186084, -0.000430084823165, -0.00208839005791, 0.000739616109058, 0.00129892828409, -0.000157962014782, -0.0054933023639, 0.0148402201012, -0.00691506452858, 0.000551199598704, 0.00141022156458], [-0.000130459011416, 0.00023247981153, -0.000430044543464, -0.000276648002909, 0.000596879050136, -0.000109087130113, -0.00115867448039, 0.00131464807782, 0.00165948248468, -0.00691506452858, 0.0145397894084, -0.00587659934536, 0.00079541321611], [-3.46831038769e-05, -8.83422617335e-05, -0.0008949834737, 0.00035971077159, -0.000172867657966, -0.00110254925676, 0.000548098643776, -0.000784958421718, -8.53436795296e-05, 0.000551199598704, -0.00587659934536, 0.0162431262434, -0.00688526034355], [0.000119536889542, -0.000548725249246, 0.000617525191046, -0.00109298643656, -0.0003186747781, 0.00128683832008, -0.000962778169196, -0.000738801318221, 0.00111420464236, 0.00141022156458, 0.00079541321611, -0.00688526034355, 0.0149869583547]]
    },
    "spectral_contrast_coeffs": {
        "mean": [-0.720004677773, -0.727349221706, -0.742273449898, -0.779031693935, -0.784633636475, -0.765777826309]
    },
    "spectral_contrast_valleys": {
        "mean": [-6.79602861404, -6.80382013321, -7.41349935532, -7.45516824722, -7.48753881454, -9.82095909119]
    }
},
"rhythm": {
    "beats_count": 518,
    "beats_loudness": {
        "mean": 0.0532651208341
    },
    "bpm": 162.113189697,
    "bpm_histogram_first_peak_bpm": 161,
    "bpm_histogram_first_peak_weight": 0.0199556350708,
    "bpm_histogram_second_peak_bpm": 167,
    "bpm_histogram_second_peak_spread": 0,
    "bpm_histogram_second_peak_weight": 0.114119924605,
    "danceability": 1.01529300213,
    "onset_rate": 3.21379446983,
    "beats_loudness_band_ratio": {
        "mean": [0.604145169258, 0.0828784331679, 0.150458231568, 0.0875038057566, 0.0508864112198, 0.0513529404998]
    },
    "beats_position": [0.394739210606, 0.812698423862, 1.19582760334, 1.57895684242, 1.95047616959, 2.32199549675, 2.69351458549, 3.06503391266, 3.43655323982, 3.80807256699, 4.17959165573, 4.55111122131, 4.92263031006, 5.2941493988, 5.66566896439, 6.03718805313, 6.40870714188, 6.76861667633, 7.12852573395, 7.50004529953, 7.87156438828, 8.24308395386, 8.6146030426, 8.98612213135, 9.35764122009, 9.72916126251, 10.1006803513, 10.4605894089, 10.8321084976, 11.1920175552, 11.5635375977, 11.9350566864, 12.3065757751, 12.6780948639, 13.0496139526, 13.4211339951, 13.7926530838, 14.1641721725, 14.5356912613, 14.90721035, 15.2787294388, 15.6618595123, 16.0333786011, 16.4048976898, 16.7764167786, 17.1363258362, 17.5078449249, 17.8793640137, 18.2508831024, 18.6224040985, 18.9939231873, 19.365442276, 19.7369613647, 20.1084804535, 20.4799995422, 20.851518631, 21.2230377197, 21.5829467773, 21.942855835, 22.3143768311, 22.6858959198, 23.0458049774, 23.4173240662, 23.7888431549, 24.1719722748, 24.5434913635, 24.9150104523, 25.286529541, 25.6580486298, 26.0295696259, 26.4010887146, 26.7726078033, 27.1441268921, 27.5156459808, 27.8871650696, 28.2586841583, 28.6302032471, 29.0017223358, 29.3732414246, 29.7447605133, 30.1046714783, 30.4645805359, 30.8360996246, 31.2076187134, 31.5791378021, 31.9506568909, 32.322177887, 32.6936950684, 33.0652160645, 33.4251251221, 33.7850341797, 34.1565513611, 34.5280723572, 34.8995895386, 35.2711105347, 35.6426315308, 36.0141487122, 36.3856697083, 36.7571868896, 37.1287078857, 37.5002250671, 37.8717460632, 38.2432632446, 38.6147842407, 38.9863014221, 39.3578224182, 39.7293434143, 40.1008605957, 40.4723815918, 40.8438987732, 41.2154197693, 41.5869369507, 41.9584579468, 42.3183670044, 42.6898841858, 43.0497932434, 43.4213142395, 43.7928352356, 44.1759643555, 44.5590934753, 44.9306106567, 45.2905197144, 45.650428772, 46.0219497681, 46.3934669495, 46.7649879456, 47.1365089417, 47.508026123, 47.8795471191, 48.2510643005, 48.6225852966, 48.994102478, 49.3656234741, 49.7371406555, 50.1086616516, 50.480178833, 50.8516998291, 51.2116088867, 51.5831298828, 51.9546470642, 52.3261680603, 52.6976852417, 53.0692062378, 53.4407234192, 53.8006324768, 54.1721534729, 54.5436706543, 54.9151916504, 55.2867126465, 55.6582298279, 56.029750824, 56.3896598816, 56.7495689392, 57.1210861206, 57.4926071167, 57.8641242981, 58.2356452942, 58.6071662903, 58.9786834717, 59.3502044678, 59.7217216492, 60.0932426453, 60.4647598267, 60.8362808228, 61.2077980042, 61.5793190002, 61.9508361816, 62.3223571777, 62.6938781738, 63.0653953552, 63.4369163513, 63.8084335327, 64.1683425903, 64.5398635864, 64.9113845825, 65.2828979492, 65.6428070068, 66.0143280029, 66.385848999, 66.7573699951, 67.1288909912, 67.5004043579, 67.871925354, 68.2434463501, 68.6149673462, 68.9864807129, 69.358001709, 69.7295227051, 70.1010437012, 70.4725646973, 70.844078064, 71.2155990601, 71.5871200562, 71.9470291138, 72.3069381714, 72.6784591675, 73.0499725342, 73.4214935303, 73.7930145264, 74.1645355225, 74.5360565186, 74.9075698853, 75.2790908813, 75.6506118774, 76.0221328735, 76.3936462402, 76.7651672363, 77.1366882324, 77.5082092285, 77.8913345337, 78.2512435913, 78.6227645874, 78.9942855835, 79.3658065796, 79.7373199463, 80.1088409424, 80.4803619385, 80.8518829346, 81.2233963013, 81.5949172974, 81.954826355, 82.3263473511, 82.6862564087, 83.0577774048, 83.4292984009, 83.8008117676, 84.1723327637, 84.5438537598, 84.9153747559, 85.2868881226, 85.6584091187, 86.0299301147, 86.3898391724, 86.74974823, 87.1212692261, 87.4927902222, 87.8643035889, 88.235824585, 88.6073455811, 88.9788665771, 89.3503875732, 89.7219009399, 90.093421936, 90.4649429321, 90.8364639282, 91.2079772949, 91.579498291, 91.9510192871, 92.3225402832, 92.6940536499, 93.065574646, 93.4370956421, 93.8086166382, 94.1801376343, 94.551651001, 94.9231719971, 95.2830810547, 95.6429901123, 96.0145111084, 96.3860321045, 96.7575454712, 97.1290664673, 97.5005874634, 97.8837203979, 98.2552337646, 98.6151428223, 98.9866638184, 99.3581848145, 99.7297058105, 100.101219177, 100.472740173, 100.844261169, 101.215782166, 101.587303162, 101.958816528, 102.330337524, 102.701858521, 103.061767578, 103.421676636, 103.793197632, 104.164710999, 104.536231995, 104.907752991, 105.279273987, 105.650794983, 106.02230835, 106.393829346, 106.765350342, 107.136871338, 107.508384705, 107.879905701, 108.251426697, 108.622947693, 108.994468689, 109.365982056, 109.725891113, 110.085800171, 110.457321167, 110.828842163, 111.200363159, 111.571876526, 111.943397522, 112.314918518, 112.686439514, 113.05796051, 113.429473877, 113.800994873, 114.172515869, 114.544036865, 114.915550232, 115.287071228, 115.658592224, 116.03011322, 116.390022278, 116.761543274, 117.121452332, 117.492965698, 117.864486694, 118.23600769, 118.607528687, 118.979042053, 119.350563049, 119.722084045, 120.093605042, 120.465126038, 120.836639404, 121.2081604, 121.579681396, 121.951202393, 122.322715759, 122.694236755, 123.065757751, 123.437278748, 123.808792114, 124.18031311, 124.551834106, 124.923355103, 125.28326416, 125.643173218, 126.014694214, 126.386207581, 126.757728577, 127.129249573, 127.500770569, 127.872291565, 128.243804932, 128.615325928, 128.986846924, 129.35836792, 129.729888916, 130.101409912, 130.472915649, 130.844436646, 131.215957642, 131.587478638, 131.958999634, 132.33052063, 132.702041626, 133.061950684, 133.43347168, 133.804992676, 134.176498413, 134.536407471, 134.907928467, 135.279449463, 135.650970459, 136.022491455, 136.394012451, 136.765533447, 137.137054443, 137.508575439, 137.880081177, 138.251602173, 138.623123169, 138.994644165, 139.366165161, 139.737686157, 140.109207153, 140.480728149, 140.840637207, 141.200546265, 141.572067261, 141.943572998, 142.315093994, 142.68661499, 143.058135986, 143.429656982, 143.801177979, 144.172698975, 144.544219971, 144.915740967, 145.287246704, 145.6587677, 146.018676758, 146.390197754, 146.76171875, 147.133239746, 147.516372681, 147.887893677, 148.259414673, 148.63092041, 149.002441406, 149.373962402, 149.745483398, 150.117004395, 150.476913452, 150.83682251, 151.208343506, 151.579864502, 151.951385498, 152.322906494, 152.694412231, 153.065933228, 153.437454224, 153.80897522, 154.180496216, 154.552017212, 154.923538208, 155.295059204, 155.6665802, 156.038085938, 156.409606934, 156.769515991, 157.129425049, 157.500946045, 157.872467041, 158.243988037, 158.615509033, 158.987030029, 159.358551025, 159.730072021, 160.101577759, 160.473098755, 160.844619751, 161.216140747, 161.587661743, 161.959182739, 162.330703735, 162.702224731, 163.062133789, 163.422042847, 163.793563843, 164.16506958, 164.536590576, 164.908111572, 165.279632568, 165.651153564, 166.022674561, 166.394195557, 166.765716553, 167.137237549, 167.508743286, 167.880264282, 168.251785278, 168.623306274, 168.994827271, 169.366348267, 169.737869263, 170.109390259, 170.469299316, 170.840820312, 171.20072937, 171.572235107, 171.943756104, 172.3152771, 172.686798096, 173.058319092, 173.429840088, 173.801361084, 174.17288208, 174.544403076, 174.915908813, 175.28742981, 175.658950806, 176.030471802, 176.401992798, 176.773513794, 177.14503479, 177.516555786, 177.888076782, 178.25958252, 178.631103516, 179.002624512, 179.374145508, 179.745666504, 180.1171875, 180.477096558, 180.837005615, 181.208526611, 181.580047607, 181.951568604, 182.323074341, 182.694595337, 183.066116333, 183.437637329, 183.809158325, 184.180679321, 184.552200317, 184.923721313, 185.29524231, 185.666748047, 186.038269043, 186.409790039, 186.781311035, 187.152832031, 187.524353027, 187.895874023, 188.244171143, 188.592468262, 188.940765381, 189.2890625, 189.637359619, 189.985671997, 190.345581055, 190.705490112, 191.06539917, 191.425308228, 191.796829224],
    "bpm_histogram": [0, 0, 0, 0, 0, 0, 0, 0, 0, 0, 0, 0, 0, 0, 0, 0, 0, 0, 0, 0, 0, 0, 0, 0, 0, 0, 0, 0, 0, 0, 0, 0, 0, 0, 0, 0, 0, 0, 0, 0, 0, 0, 0, 0, 0, 0, 0, 0, 0, 0, 0, 0, 0, 0, 0, 0, 0, 0, 0, 0, 0, 0, 0, 0, 0, 0, 0, 0, 0, 0, 0, 0, 0, 0, 0, 0, 0, 0, 0, 0, 0, 0, 0, 0, 0, 0, 0, 0, 0, 0, 0, 0, 0, 0, 0, 0, 0, 0, 0, 0, 0, 0, 0, 0, 0, 0, 0, 0, 0, 0, 0, 0, 0, 0, 0, 0, 0, 0, 0, 0, 0, 0, 0, 0, 0, 0, 0, 0, 0, 0, 0, 0, 0, 0, 0, 0, 0, 0, 0, 0, 0, 0, 0, 0, 0.00193423603196, 0, 0, 0, 0, 0, 0, 0, 0, 0, 0, 0, 0, 0.0174081232399, 0, 0, 0, 0.758220493793, 0.0967117995024, 0, 0, 0, 0, 0.114119924605, 0, 0, 0, 0, 0.0116054154932, 0, 0, 0, 0, 0, 0, 0, 0, 0, 0, 0, 0, 0, 0, 0, 0, 0, 0, 0, 0, 0, 0, 0, 0, 0, 0, 0, 0, 0, 0, 0, 0, 0, 0, 0, 0, 0, 0, 0, 0, 0, 0, 0, 0, 0, 0, 0, 0, 0, 0, 0, 0, 0, 0, 0, 0, 0, 0, 0, 0, 0, 0, 0, 0, 0, 0, 0, 0, 0, 0, 0, 0, 0, 0, 0, 0, 0]
},
"tonal": {
    "chords_changes_rate": 0.0540801547468,
    "chords_number_rate": 0.00217286334373,
    "chords_strength": {
        "mean": 0.541486799717
    },
    "hpcp_crest": {
        "mean": 14.1399784088
    },
    "hpcp_entropy": {
        "mean": 1.92366194725
    },
    "key_edma": {
        "strength": 0.76498490572,
        "key": "C",
        "scale": "major"
    },
    "key_krumhansl": {
        "strength": 0.751122295856,
        "key": "C",
        "scale": "major"
    },
    "key_temperley": {
        "strength": 0.757279157639,
        "key": "G",
        "scale": "major"
    },
    "tuning_diatonic_strength": 0.662922918797,
    "tuning_equal_tempered_deviation": 0.0897154808044,
    "tuning_frequency": 437.971466064,
    "tuning_nontempered_energy_ratio": 0.739556729794,
    "hpcp": {
        "mean": [0.109712995589, 0.088056884706, 0.0348174385726, 0.0242878384888, 0.0212209746242, 0.0590372122824, 0.145325377584, 0.128350064158, 0.103498317301, 0.143875196576, 0.101934164762, 0.0533938445151, 0.0457790270448, 0.0502999015152, 0.102074630558, 0.237939849496, 0.20733858645, 0.0788857936859, 0.0769290030003, 0.0794447138906, 0.106818929315, 0.22894795239, 0.194065019488, 0.0541043244302, 0.0341772437096, 0.0278819054365, 0.0416718833148, 0.0791630074382, 0.0822129175067, 0.177035674453, 0.313724935055, 0.195193186402, 0.0499106608331, 0.0468690656126, 0.0455841384828, 0.0640294253826]
    },
    "chords_histogram": [38.2423934937, 3.9594399929, 4.46644115448, 0, 2.00386285782, 0.603573143482, 0.676001906395, 0, 0.289715111256, 0, 0, 0, 0, 0, 0, 1.42443263531, 0, 1.49686145782, 0, 0.241429254413, 0, 8.4500246048, 11.9990339279, 26.1467895508],
    "thpcp": [1, 0.622179389, 0.159090518951, 0.149395406246, 0.145299702883, 0.204094156623, 0.349710792303, 0.280681818724, 0.110980778933, 0.0774176195264, 0.0676419734955, 0.188181445003, 0.463225454092, 0.409116566181, 0.329901456833, 0.45860299468, 0.324915736914, 0.170193180442, 0.145920902491, 0.160331219435, 0.325363457203, 0.758434593678, 0.660892903805, 0.251448899508, 0.24521163106, 0.25323048234, 0.340485930443, 0.729772865772, 0.618583321571, 0.172457844019, 0.108940154314, 0.0888737291098, 0.132829368114, 0.252332538366, 0.262054145336, 0.564302206039],
    "chords_key": "G",
    "chords_scale": "major"
}
}