{
"metadata": {
    "version": {
        "essentia": "2.1-beta6-dev",
        "essentia_git_sha": "v2.1_beta5-1177-g1d1cc983",
        "extractor": "music 2.0"
    },
    "audio_properties": {
        "analysis": {
            "equal_loudness": 0,
            "length": 209.573348999,
            "sample_rate": 44100,
            "start_time": 0,
            "downmix": "mix"
        },
        "bit_rate": 1411200,
        "length": 209.573348999,
        "lossless": 1,
        "number_channels": 2,
        "replay_gain": -14.5783100128,
        "sample_rate": 44100,
        "codec": "pcm_s16le",
        "md5_encoded": "886f62d4eba09ed1fedb5260b7b3eeff"
    },
    "tags": {
        "file_name": "02 - The Front Bottoms - Tighten Up.wav",
        "album": ["Needy When I'm Needy"],
        "albumartist": ["The Front Bottoms"],
        "artist": ["The Front Bottoms"],
        "copyright": ["© 2016 Fueled By Ramen LLC for the United States and WEA International Inc. for the world outside of the United States. A Warner Music Group Company ℗ 2016 Fueled By Ramen LLC"],
        "date": ["2016"],
        "discnumber": ["1"],
        "disctotal": ["1"],
        "genre": ["Alternative & Indie"],
        "isrc": ["USAT21602103"],
        "title": ["Tighten Up"],
        "tracknumber": ["2"],
        "tracktotal": ["2"]
    }
},
"lowlevel": {
    "average_loudness": 0.900613605976,
    "barkbands_crest": {
        "mean": 11.5151481628
    },
    "barkbands_flatness_db": {
        "mean": 0.136858165264
    },
    "barkbands_kurtosis": {
        "mean": 8.52655410767
    },
    "barkbands_skewness": {
        "mean": 1.81586766243
    },
    "barkbands_spread": {
        "mean": 29.4808769226
    },
    "dissonance": {
        "mean": 0.470503896475
    },
    "dynamic_complexity": 3.36088204384,
    "erbbands_crest": {
        "mean": 8.40409946442
    },
    "erbbands_flatness_db": {
        "mean": 0.144734233618
    },
    "erbbands_kurtosis": {
        "mean": 0.553372979164
    },
    "erbbands_skewness": {
        "mean": -0.327537924051
    },
    "erbbands_spread": {
        "mean": 46.7733039856
    },
    "hfc": {
        "mean": 25.2190647125
    },
    "loudness_ebu128": {
        "integrated": -7.74818897247,
        "loudness_range": 9.39417457581,
        "momentary": {
            "mean": -9.60032558441
        },
        "short_term": {
            "mean": -8.9363155365
        }
    },
    "melbands_crest": {
        "mean": 17.3039073944
    },
    "melbands_flatness_db": {
        "mean": 0.200710713863
    },
    "melbands_kurtosis": {
        "mean": 24.5546684265
    },
    "melbands_skewness": {
        "mean": 3.57442998886
    },
    "melbands_spread": {
        "mean": 26.3519020081
    },
    "pitch_salience": {
        "mean": 0.460920989513
    },
    "silence_rate_20dB": {
        "mean": 1
    },
    "silence_rate_30dB": {
        "mean": 0.944167494774
    },
    "silence_rate_60dB": {
        "mean": 0.0876260101795
    },
    "spectral_centroid": {
        "mean": 1788.88085938
    },
    "spectral_complexity": {
        "mean": 21.7892990112
    },
    "spectral_decrease": {
        "mean": -9.60289181506e-09
    },
    "spectral_energy": {
        "mean": 0.0385309271514
    },
    "spectral_energyband_high": {
        "mean": 0.00141701416578
    },
    "spectral_energyband_low": {
        "mean": 0.0251985043287
    },
    "spectral_energyband_middle_high": {
        "mean": 0.00556391431019
    },
    "spectral_energyband_middle_low": {
        "mean": 0.00824936106801
    },
    "spectral_entropy": {
        "mean": 7.69772005081
    },
    "spectral_flux": {
        "mean": 0.0906004756689
    },
    "spectral_kurtosis": {
        "mean": 3.56269025803
    },
    "spectral_rms": {
        "mean": 0.00546332960948
    },
    "spectral_rolloff": {
        "mean": 1791.12548828
    },
    "spectral_skewness": {
        "mean": 1.21528828144
    },
    "spectral_spread": {
        "mean": 4811258
    },
    "spectral_strongpeak": {
        "mean": 0.678781926632
    },
    "zerocrossingrate": {
        "mean": 0.0670473948121
    },
    "barkbands": {
        "mean": [0.000129623920657, 0.0139030469581, 0.00935591757298, 0.00297176884487, 0.00256481021643, 0.00058341777185, 0.000738643982913, 0.000663891201839, 0.000540624198038, 0.000645161606371, 0.000469085847726, 0.000361397280358, 0.000551809789613, 0.000491666549351, 0.000392702757381, 0.000652100308798, 0.000827079697046, 0.000418837269535, 0.000597365316935, 0.000446902384283, 0.00036784101394, 0.000269293203019, 0.000217078675632, 0.000194772539544, 0.000111634195491, 5.24623465026e-05, 1.09399488792e-05]
    },
    "erbbands": {
        "mean": [0.261974394321, 3.63935542107, 10.9804725647, 10.653799057, 9.85271453857, 7.23960208893, 6.24329805374, 4.02512025833, 6.88339948654, 15.8008441925, 14.7687940598, 12.5140285492, 15.8118972778, 22.6945877075, 17.6890773773, 18.4913253784, 24.8528671265, 29.2107944489, 18.2388954163, 24.7252159119, 45.5056915283, 41.2731361389, 24.8948631287, 22.3970451355, 34.9712600708, 19.7289543152, 19.4752979279, 11.2774181366, 9.67666721344, 7.65747213364, 5.87546920776, 4.18507957458, 3.25969028473, 1.50053977966, 0.681045770645, 0.31213748455, 0.0743135735393, 0.0145989861339, 0.00179743557237, 0.000156992420671]
    },
    "gfcc": {
        "mean": [4.09504032135, 71.8048095703, -116.33505249, 49.6059379578, -47.5989570618, 17.0957584381, -28.5586566925, 10.5297527313, -21.4541702271, -5.40672826767, -17.4654998779, -7.17863941193, -15.3500127792],
        "cov": [[11636.6806641, -642.773681641, 94.575592041, 1256.90185547, 118.781715393, 975.854858398, 14.4013309479, 411.908691406, -276.352722168, 361.078521729, -143.806350708, 321.213104248, 14.6892004013], [-642.773681641, 1035.32739258, -360.060394287, -61.4602813721, 69.3280792236, -106.964668274, 122.985649109, -95.4150238037, 68.4967422485, -54.9008865356, 64.5074539185, -70.0648422241, 18.8182220459], [94.575592041, -360.060394287, 1089.83947754, 170.22076416, 167.35874939, 270.522155762, 130.008087158, 111.463294983, 21.5423145294, 155.167404175, 38.3260345459, 118.027198792, 64.1698532104], [1256.90185547, -61.4602813721, 170.22076416, 949.433654785, 282.521453857, 272.035552979, 130.282989502, 15.0293626785, 47.5475463867, 107.557891846, 80.0126953125, 103.407226562, 98.8556137085], [118.781715393, 69.3280792236, 167.35874939, 282.521453857, 461.357147217, 197.677032471, 139.15625, 21.950548172, 76.8247528076, 91.5225372314, 45.8605003357, 54.182636261, 68.5714187622], [975.854858398, -106.964668274, 270.522155762, 272.035552979, 197.677032471, 412.623199463, 179.015731812, 86.5239181519, -4.29730939865, 105.300415039, 50.6684417725, 69.3223495483, 50.7686157227], [14.4013309479, 122.985649109, 130.008087158, 130.282989502, 139.15625, 179.015731812, 277.518341064, 44.1465072632, 10.1753091812, 47.6146125793, 61.0533103943, 32.8532981873, 26.9158821106], [411.908691406, -95.4150238037, 111.463294983, 15.0293626785, 21.950548172, 86.5239181519, 44.1465072632, 174.407455444, 23.1530475616, 36.2280921936, 8.36582279205, 31.2326335907, 6.45651197433], [-276.352722168, 68.4967422485, 21.5423145294, 47.5475463867, 76.8247528076, -4.29730939865, 10.1753091812, 23.1530475616, 122.929466248, 45.6213722229, 11.202832222, -4.59629821777, 19.9715099335], [361.078521729, -54.9008865356, 155.167404175, 107.557891846, 91.5225372314, 105.300415039, 47.6146125793, 36.2280921936, 45.6213722229, 134.391708374, 38.2629318237, 31.8839988708, 16.4535732269], [-143.806350708, 64.5074539185, 38.3260345459, 80.0126953125, 45.8605003357, 50.6684417725, 61.0533103943, 8.36582279205, 11.202832222, 38.2629318237, 99.9181671143, 30.7560558319, 16.254781723], [321.213104248, -70.0648422241, 118.027198792, 103.407226562, 54.182636261, 69.3223495483, 32.8532981873, 31.2326335907, -4.59629821777, 31.8839988708, 30.7560558319, 97.1617431641, 41.1582565308], [14.6892004013, 18.8182220459, 64.1698532104, 98.8556137085, 68.5714187622, 50.7686157227, 26.9158821106, 6.45651197433, 19.9715099335, 16.4535732269, 16.254781723, 41.1582565308, 82.6630706787]],
        "icov": [[0.000247576797847, -0.000174407847226, 0.000206014927244, -0.000315354991471, 0.000170614031958, -0.0005306408857, 0.000388291751733, -0.000500236463267, 0.000804261944722, -0.000872718752362, 0.00103631371167, -0.000742327945773, 0.000455150264315], [-0.000174407847226, 0.00171860947739, 0.000280823383946, 0.000394777947804, -0.000342866231222, 0.00077117147157, -0.00135807949118, 0.000955545576289, -0.00141025555786, 0.00117514748126, -0.00182301935274, 0.00145061989315, -0.00112897320651], [0.000206014927244, 0.000280823383946, 0.00157891621348, -9.94483052636e-05, 5.43926580576e-05, -0.000723905628547, -0.000108171472675, -0.00049913697876, 0.000595583231188, -0.00164803734515, 0.00102618266828, -0.00132450950332, -9.17814904824e-05], [-0.000315354991471, 0.000394777947804, -9.94483052636e-05, 0.00199349597096, -0.000666642328724, -2.65600065177e-05, -0.000496041728184, 0.0011499999091, -0.00140789023135, 0.000962533289567, -0.0018187960377, 0.00027116574347, -0.00132842815947], [0.000170614031958, -0.000342866231222, 5.43926580576e-05, -0.000666642328724, 0.00381735851988, -0.00140521547291, -0.000471830106108, 0.000329157017404, -0.00127655884717, -0.00113367731683, 0.00119831762277, -0.00108080997597, -0.000536342267878], [-0.0005306408857, 0.00077117147157, -0.000723905628547, -2.65600065177e-05, -0.00140521547291, 0.00676473788917, -0.00309163867496, -0.000466927536763, 0.000754400331061, -0.00043660227675, -0.00203414889984, 0.00211847154424, -0.00218355678953], [0.000388291751733, -0.00135807949118, -0.000108171472675, -0.000496041728184, -0.000471830106108, -0.00309163867496, 0.00710748694837, -0.00165648758411, 0.00182433624286, -0.00083643355174, -0.000305321154883, -0.00112858600914, 0.00137032242492], [-0.000500236463267, 0.000955545576289, -0.00049913697876, 0.0011499999091, 0.000329157017404, -0.000466927536763, -0.00165648758411, 0.008644153364, -0.00431115599349, 0.00189369358122, -0.0017475283239, -0.000656979391351, 9.68914391706e-05], [0.000804261944722, -0.00141025555786, 0.000595583231188, -0.00140789023135, -0.00127655884717, 0.000754400331061, 0.00182433624286, -0.00431115599349, 0.0155156310648, -0.00782323256135, 0.0036686710082, 0.00086091569392, -0.00160370022058], [-0.000872718752362, 0.00117514748126, -0.00164803734515, 0.000962533289567, -0.00113367731683, -0.00043660227675, -0.00083643355174, 0.00189369358122, -0.00782323256135, 0.0165361855179, -0.00707854935899, 0.00152675167192, 0.000579247309361], [0.00103631371167, -0.00182301935274, 0.00102618266828, -0.0018187960377, 0.00119831762277, -0.00203414889984, -0.000305321154883, -0.0017475283239, 0.0036686710082, -0.00707854935899, 0.0186207201332, -0.00704792002216, 0.00247070402838], [-0.000742327945773, 0.00145061989315, -0.00132450950332, 0.00027116574347, -0.00108080997597, 0.00211847154424, -0.00112858600914, -0.000656979391351, 0.00086091569392, 0.00152675167192, -0.00704792002216, 0.0202474109828, -0.00868739932775], [0.000455150264315, -0.00112897320651, -9.17814904824e-05, -0.00132842815947, -0.000536342267878, -0.00218355678953, 0.00137032242492, 9.68914391706e-05, -0.00160370022058, 0.000579247309361, 0.00247070402838, -0.00868739932775, 0.0193773545325]]
    },
    "melbands": {
        "mean": [0.00318801449612, 0.00537532195449, 0.00183618196752, 0.000609911687206, 0.00023094889184, 9.5817806141e-05, 0.000117538322229, 0.000163506250829, 0.000114870425023, 7.65226213844e-05, 7.82405550126e-05, 9.18082878343e-05, 6.65509214741e-05, 3.98501142627e-05, 5.74275873078e-05, 5.02631737618e-05, 5.43813330296e-05, 2.77670151263e-05, 2.63929669018e-05, 3.74162445951e-05, 5.85051529924e-05, 4.53706343251e-05, 3.07912414428e-05, 1.86158194992e-05, 1.70555740624e-05, 2.41109228227e-05, 2.2689879188e-05, 1.07613359432e-05, 1.40275406011e-05, 7.92521859694e-06, 6.09976223132e-06, 5.59553700441e-06, 4.84463816974e-06, 4.04779575547e-06, 3.38830591318e-06, 3.03807564705e-06, 2.37534595726e-06, 2.37931885749e-06, 1.87158036624e-06, 1.05234130388e-06]
    },
    "melbands128": {
        "mean": [0.000122725454275, 0.001386935357, 0.00455079879612, 0.00648834602907, 0.00629524420947, 0.00411979202181, 0.00221326155588, 0.00129456829745, 0.00100671045948, 0.000610408722423, 0.000341047270922, 0.000277429440757, 0.000233750470215, 0.000129535255837, 7.09717205609e-05, 9.41885373322e-05, 9.74218564807e-05, 9.94160509435e-05, 0.000156228168635, 0.000238126987824, 0.000106827777927, 0.000120949640404, 0.000135143884108, 7.94987863628e-05, 8.6699386884e-05, 5.67522256461e-05, 9.86091181403e-05, 8.12629732536e-05, 4.45936857432e-05, 0.000131929584313, 7.8855708125e-05, 7.38344097044e-05, 9.34658237384e-05, 3.7711681216e-05, 2.4145041607e-05, 4.85512500745e-05, 5.50055046915e-05, 3.61712955055e-05, 9.40405152505e-05, 4.18592317146e-05, 2.52077261393e-05, 8.58380080899e-05, 5.64013716939e-05, 4.45455334557e-05, 2.27245091082e-05, 2.81617849396e-05, 3.05069479509e-05, 1.6836607756e-05, 2.84839916276e-05, 4.18965755671e-05, 3.29058748321e-05, 3.42023304256e-05, 6.50438159937e-05, 6.50119618513e-05, 6.12329968135e-05, 3.69223453163e-05, 3.74104820366e-05, 4.20738433604e-05, 2.55689847108e-05, 1.57609174494e-05, 1.97250683414e-05, 1.79780181497e-05, 1.80685983651e-05, 1.5409594198e-05, 1.85733078979e-05, 2.08507917705e-05, 2.89197814709e-05, 3.4289467294e-05, 1.74759225047e-05, 1.50591895363e-05, 8.03862167231e-06, 8.32681689644e-06, 1.69822360476e-05, 1.6041989511e-05, 1.00618217402e-05, 8.40790926304e-06, 6.64362642055e-06, 6.09917060501e-06, 5.84920189795e-06, 6.37424045635e-06, 5.87630574955e-06, 4.82157929582e-06, 5.89158662478e-06, 4.62605021312e-06, 4.37425660493e-06, 4.06745721193e-06, 4.24499103246e-06, 3.52882420884e-06, 3.18949605571e-06, 3.39284929396e-06, 3.34277683578e-06, 2.89211379823e-06, 2.52081554208e-06, 2.29460692935e-06, 2.33613741329e-06, 2.45203227678e-06, 2.37875769926e-06, 2.33972605201e-06, 2.01727925742e-06, 1.58547857154e-06, 1.23797474316e-06, 9.79883566288e-07, 8.00189468464e-07, 7.7586162206e-07, 7.91378738541e-07, 7.32412331672e-07, 6.43493422103e-07, 6.21164645054e-07, 5.89643889271e-07, 4.66962490009e-07, 3.36254117883e-07, 2.46503105927e-07, 1.9826791231e-07, 1.83481176919e-07, 1.56857026923e-07, 1.34474746005e-07, 9.70153237745e-08, 7.46152792885e-08, 6.32586534266e-08, 5.63610669246e-08, 4.61103297766e-08, 3.61283305494e-08, 3.44738033675e-08, 3.16096588904e-08, 2.03245473784e-08, 1.90599322991e-08, 1.60283999406e-08, 1.30686093058e-08]
    },
    "mfcc": {
        "mean": [-635.685119629, 95.7412033081, -1.80637383461, 34.5533676147, 8.68250083923, 9.72219562531, 5.58748006821, 12.0426149368, 2.55226683617, 4.46453762054, -1.88683879375, 3.17360591888, -1.48509001732],
        "cov": [[10504.5537109, -949.216918945, 176.489456177, 675.097167969, 421.939208984, 698.267272949, 455.372192383, 283.874389648, 196.91835022, 201.71736145, 73.743309021, 48.7837562561, 151.621627808], [-949.216918945, 990.891967773, -259.059783936, -213.696472168, -148.514038086, -130.913421631, -56.6590423584, -52.4806480408, -24.1564064026, -31.8057098389, 8.82266330719, -7.14950847626, -35.1750869751], [176.489456177, -259.059783936, 785.773925781, 68.0364608765, 87.394859314, 126.286811829, 154.11151123, 56.6899414062, 73.2970581055, 52.1456413269, 46.655418396, 63.6326599121, 26.6924037933], [675.097167969, -213.696472168, 68.0364608765, 570.142333984, 189.44418335, 252.735839844, 82.0243606567, 69.0373077393, 49.1204147339, 31.8957519531, 32.1067657471, 37.3240470886, 72.0086364746], [421.939208984, -148.514038086, 87.394859314, 189.44418335, 343.622558594, 186.221710205, 75.7682723999, 46.7370109558, 89.2672424316, 65.7238998413, 29.6594657898, 39.62915802, 44.8195152283], [698.267272949, -130.913421631, 126.286811829, 252.735839844, 186.221710205, 427.882049561, 213.037017822, 80.9826126099, 84.9192581177, 77.4226303101, 68.7777862549, 38.226600647, 50.931022644], [455.372192383, -56.6590423584, 154.11151123, 82.0243606567, 75.7682723999, 213.037017822, 294.05657959, 126.168319702, 60.3746109009, 61.2798805237, 66.7280731201, 34.4571762085, 44.7823257446], [283.874389648, -52.4806480408, 56.6899414062, 69.0373077393, 46.7370109558, 80.9826126099, 126.168319702, 146.670410156, 59.1824188232, 18.611907959, 25.3367919922, 26.7216148376, 30.7011413574], [196.91835022, -24.1564064026, 73.2970581055, 49.1204147339, 89.2672424316, 84.9192581177, 60.3746109009, 59.1824188232, 135.542190552, 58.7995567322, 29.4802722931, 25.995759964, 27.6137714386], [201.71736145, -31.8057098389, 52.1456413269, 31.8957519531, 65.7238998413, 77.4226303101, 61.2798805237, 18.611907959, 58.7995567322, 120.168762207, 49.9370422363, 15.6706476212, 20.8270950317], [73.743309021, 8.82266330719, 46.655418396, 32.1067657471, 29.6594657898, 68.7777862549, 66.7280731201, 25.3367919922, 29.4802722931, 49.9370422363, 92.529006958, 41.2975502014, 22.7675266266], [48.7837562561, -7.14950847626, 63.6326599121, 37.3240470886, 39.62915802, 38.226600647, 34.4571762085, 26.7216148376, 25.995759964, 15.6706476212, 41.2975502014, 86.5144271851, 41.3458251953], [151.621627808, -35.1750869751, 26.6924037933, 72.0086364746, 44.8195152283, 50.931022644, 44.7823257446, 30.7011413574, 27.6137714386, 20.8270950317, 22.7675266266, 41.3458251953, 85.6840286255]],
        "icov": [[0.000118800773635, 8.93758333405e-05, 4.35273796029e-05, -4.75332890346e-05, 2.36049868363e-06, -9.4337585324e-05, -7.06163482391e-05, -7.39824172342e-05, -1.32445038616e-05, -0.000104045087937, 9.39632882364e-05, 1.30641865326e-05, -3.06026522594e-05], [8.93758333405e-05, 0.00133673753589, 0.000470463768579, 0.000248273572652, 0.000334453827236, 5.363694072e-05, -0.00036504471791, 0.000449453480542, -0.000529371143784, 0.000260364147834, -0.00039099357673, -0.000387432257412, 0.000256475323113], [4.35273796029e-05, 0.000470463768579, 0.00169623421971, -1.85421504284e-05, 4.37546950707e-05, 0.000135212030727, -0.00108923914377, 0.000640966522042, -0.000726577010937, -1.04322516563e-05, 0.000206794924452, -0.0012450524373, 0.000622176157776], [-4.75332890346e-05, 0.000248273572652, -1.85421504284e-05, 0.00296010402963, -0.000735950830858, -0.00167169456836, 0.001222189283, -0.00109784654342, 0.000651702808682, 0.000430683983723, -0.000310398114379, 0.000328742084093, -0.00155350123532], [2.36049868363e-06, 0.000334453827236, 4.37546950707e-05, -0.000735950830858, 0.00476609077305, -0.00125817139633, 0.000341417558957, 0.000262333633145, -0.00179854792077, -0.00112535443623, 0.00104801519774, -0.00123699742835, -0.000108040949272], [-9.4337585324e-05, 5.363694072e-05, 0.000135212030727, -0.00167169456836, -0.00125817139633, 0.00585882179439, -0.00382652971894, 0.0019005658105, -0.00123526691459, 2.8261788998e-07, -0.000949100474827, 0.000123868885566, 0.000636705837678], [-7.06163482391e-05, -0.00036504471791, -0.00108923914377, 0.001222189283, 0.000341417558957, -0.00382652971894, 0.00970846880227, -0.0066845822148, 0.00213894015178, -0.00140471488703, -0.00243769725785, 0.00164695165586, -0.00179060432129], [-7.39824172342e-05, 0.000449453480542, 0.000640966522042, -0.00109784654342, 0.000262333633145, 0.0019005658105, -0.0066845822148, 0.0139923654497, -0.00520170340315, 0.00267718406394, 0.00054898444796, -0.00169896928128, -4.88602272526e-05], [-1.32445038616e-05, -0.000529371143784, -0.000726577010937, 0.000651702808682, -0.00179854792077, -0.00123526691459, 0.00213894015178, -0.00520170340315, 0.0130134234205, -0.00480984244496, 0.000473830936244, -0.000427438848419, -0.00103871745523], [-0.000104045087937, 0.000260364147834, -1.04322516563e-05, 0.000430683983723, -0.00112535443623, 2.8261788998e-07, -0.00140471488703, 0.00267718406394, -0.00480984244496, 0.0142989642918, -0.00654058763757, 0.00269785593264, -0.00119372911286], [9.39632882364e-05, -0.00039099357673, 0.000206794924452, -0.000310398114379, 0.00104801519774, -0.000949100474827, -0.00243769725785, 0.00054898444796, 0.000473830936244, -0.00654058763757, 0.0194948334247, -0.00818537548184, 0.0011697509326], [1.30641865326e-05, -0.000387432257412, -0.0012450524373, 0.000328742084093, -0.00123699742835, 0.000123868885566, 0.00164695165586, -0.00169896928128, -0.000427438848419, 0.00269785593264, -0.00818537548184, 0.0198979396373, -0.00769373355433], [-3.06026522594e-05, 0.000256475323113, 0.000622176157776, -0.00155350123532, -0.000108040949272, 0.000636705837678, -0.00179060432129, -4.88602272526e-05, -0.00103871745523, -0.00119372911286, 0.0011697509326, -0.00769373355433, 0.0175999850035]]
    },
    "spectral_contrast_coeffs": {
        "mean": [-0.674008309841, -0.746882915497, -0.735562622547, -0.755988836288, -0.768582522869, -0.754207909107]
    },
    "spectral_contrast_valleys": {
        "mean": [-6.98046875, -7.30923700333, -7.88060283661, -7.8730969429, -7.34613847733, -9.96860218048]
    }
},
"rhythm": {
    "beats_count": 483,
    "beats_loudness": {
        "mean": 0.0540854372084
    },
    "bpm": 140.17855835,
    "bpm_histogram_first_peak_bpm": 140,
    "bpm_histogram_first_peak_weight": 0.617866039276,
    "bpm_histogram_second_peak_bpm": 133,
    "bpm_histogram_second_peak_spread": 0.344262301922,
    "bpm_histogram_second_peak_weight": 0.0829875543714,
    "danceability": 1.12912917137,
    "onset_rate": 3.85028409958,
    "beats_loudness_band_ratio": {
        "mean": [0.619146227837, 0.0986597687006, 0.105120025575, 0.0754250660539, 0.0859160721302, 0.0681646838784]
    },
    "beats_position": [0.452789098024, 0.9287981987, 1.40480720997, 1.88081634045, 2.34521532059, 2.80961441994, 3.28562355042, 3.75002264977, 4.22603178024, 4.71365070343, 5.20126962662, 5.6888885498, 6.17650794983, 6.65251684189, 7.12852573395, 7.59292507172, 8.05732440948, 8.52172279358, 8.97451210022, 9.42730140686, 9.86848068237, 10.3096599579, 10.7624483109, 11.2152376175, 11.6680269241, 12.1208162308, 12.5736055374, 13.0147848129, 13.479183197, 13.9435825348, 14.4079818726, 14.8607711792, 15.3251695633, 15.7895689011, 16.242357254, 16.7067565918, 17.1595458984, 17.6239452362, 18.0767345428, 18.5295238495, 18.9823131561, 19.4351024628, 19.8878898621, 20.3406791687, 20.7934684753, 21.246257782, 21.6874370575, 22.1402263641, 22.6046257019, 23.0690250397, 23.5334243774, 23.9862117767, 24.4390010834, 24.89179039, 25.3445796967, 25.7973690033, 26.2385482788, 26.6913375854, 27.1441268921, 27.6085262299, 28.0729255676, 28.5257129669, 28.9785022736, 29.4196815491, 29.8608608246, 30.3020401001, 30.7432193756, 31.1843986511, 31.6255779266, 32.0783653259, 32.5079345703, 32.9491157532, 33.3902931213, 33.8314743042, 34.2726516724, 34.7138328552, 35.1666221619, 35.6194114685, 36.0722007751, 36.5249862671, 36.96616745, 37.4073448181, 37.848526001, 38.2897033691, 38.7424926758, 39.1836738586, 39.6248512268, 40.0660324097, 40.5188217163, 40.9599990845, 41.4127883911, 41.8539657593, 42.2951469421, 42.7363243103, 43.1775054932, 43.6302947998, 44.071472168, 44.5126533508, 44.953830719, 45.3950119019, 45.83618927, 46.2773704529, 46.718547821, 47.1597251892, 47.6009063721, 48.0420837402, 48.4832649231, 48.9244422913, 49.3656234741, 49.8068008423, 50.2479820251, 50.6891593933, 51.1303405762, 51.5599098206, 51.9894790649, 52.4306564331, 52.871837616, 53.3130149841, 53.7541923523, 54.1953735352, 54.6365509033, 55.0777320862, 55.5189094543, 55.9600906372, 56.4012680054, 56.8424491882, 57.2836265564, 57.7248077393, 58.1659851074, 58.6071662903, 59.0483436584, 59.4895210266, 59.9307022095, 60.3718795776, 60.8130607605, 61.2426300049, 61.6721992493, 62.1133766174, 62.5545578003, 62.9725151062, 63.4136962891, 63.831653595, 64.2496109009, 64.6675720215, 65.0855331421, 65.5150985718, 65.9446716309, 66.3626327515, 66.7805862427, 67.1985473633, 67.6165084839, 68.0344696045, 68.4640350342, 68.8936004639, 69.3115615845, 69.7411346436, 70.1707000732, 70.5886611938, 71.0066223145, 71.4245758057, 71.8425369263, 72.2604980469, 72.6784591675, 73.1080245972, 73.5375976562, 73.9555511475, 74.3735122681, 74.7914733887, 75.2094345093, 75.638999939, 76.068572998, 76.4865264893, 76.9044876099, 77.3224487305, 77.7404098511, 78.1699752808, 78.5995483398, 79.0175018311, 79.4470748901, 79.8766403198, 80.2946014404, 80.712562561, 81.1305236816, 81.5600891113, 81.9896621704, 82.4192276001, 82.8487930298, 83.2667541504, 83.684715271, 84.1026763916, 84.5206298828, 84.9385910034, 85.3681640625, 85.7861175537, 86.2040786743, 86.6220397949, 87.0516052246, 87.4695663452, 87.8875274658, 88.3054885864, 88.7234420776, 89.1530151367, 89.5825805664, 90.000541687, 90.4301147461, 90.8480682373, 91.2776412964, 91.695602417, 92.1251678467, 92.5547409058, 92.972694397, 93.3906555176, 93.8086166382, 94.2265777588, 94.64453125, 95.0624923706, 95.4804534912, 95.9100189209, 96.33959198, 96.7575454712, 97.1871185303, 97.61668396, 98.046257019, 98.4642181396, 98.8821716309, 99.3117446899, 99.7297058105, 100.147659302, 100.577232361, 100.995193481, 101.424758911, 101.85433197, 102.2838974, 102.701858521, 103.13142395, 103.560997009, 103.97895813, 104.396911621, 104.814872742, 105.232833862, 105.662399292, 106.091972351, 106.521537781, 106.939498901, 107.36907196, 107.787025452, 108.22820282, 108.64616394, 109.087341309, 109.505302429, 109.934875488, 110.364440918, 110.782402039, 111.200363159, 111.641540527, 112.059501648, 112.489067078, 112.918640137, 113.336593628, 113.754554749, 114.195732117, 114.613693237, 115.043266296, 115.472831726, 115.890792847, 116.320358276, 116.749931335, 117.179496765, 117.597457886, 118.015419006, 118.444984436, 118.874557495, 119.304122925, 119.733695984, 120.163261414, 120.581222534, 121.010787964, 121.428749084, 121.846710205, 122.264671326, 122.694236755, 123.112197876, 123.541763306, 123.971336365, 124.389297485, 124.807250977, 125.236824036, 125.666389465, 126.107574463, 126.548751831, 126.966712952, 127.384666443, 127.802627563, 128.220581055, 128.650161743, 129.079727173, 129.509292603, 129.938858032, 130.368438721, 130.79800415, 131.215957642, 131.633926392, 132.051879883, 132.481445312, 132.911010742, 133.340591431, 133.77015686, 134.188110352, 134.606079102, 135.035644531, 135.465209961, 135.883178711, 136.312744141, 136.74230957, 137.171875, 137.601455688, 138.01940918, 138.437362671, 138.855331421, 139.273284912, 139.702850342, 140.13243103, 140.56199646, 140.979949951, 141.409515381, 141.839096069, 142.268661499, 142.68661499, 143.10458374, 143.522537231, 143.940490723, 144.370071411, 144.811248779, 145.240814209, 145.681991577, 146.123168945, 146.564346313, 146.993927002, 147.423492432, 147.8646698, 148.305847168, 148.735412598, 149.164993286, 149.606170654, 150.035736084, 150.465301514, 150.894866943, 151.324447632, 151.754013062, 152.183578491, 152.624755859, 153.054321289, 153.495513916, 153.925079346, 154.354644775, 154.784210205, 155.213790894, 155.643356323, 156.072921753, 156.502487183, 156.943664551, 157.384857178, 157.814422607, 158.232376099, 158.661941528, 159.091522217, 159.521087646, 159.950653076, 160.380218506, 160.809799194, 161.239364624, 161.657318115, 162.086883545, 162.504852295, 162.934417725, 163.375595093, 163.816772461, 164.246353149, 164.675918579, 165.105484009, 165.535049438, 165.964630127, 166.394195557, 166.835372925, 167.253326416, 167.694503784, 168.135681152, 168.565261841, 168.994827271, 169.4243927, 169.865570068, 170.295150757, 170.736328125, 171.165893555, 171.583847046, 172.013427734, 172.442993164, 172.872558594, 173.302124023, 173.731704712, 174.17288208, 174.60244751, 175.032012939, 175.461578369, 175.891159058, 176.309112549, 176.750289917, 177.191467285, 177.632644653, 178.062225342, 178.491790771, 178.909744263, 179.339309692, 179.757278442, 180.198455811, 180.639633179, 181.069198608, 181.498779297, 181.928344727, 182.369522095, 182.810699463, 183.228652954, 183.658233643, 184.087799072, 184.517364502, 184.946929932, 185.364898682, 185.794464111, 186.224029541, 186.641998291, 187.071563721, 187.477905273, 187.895874023, 188.313827515, 188.731781006, 189.149749756, 189.567703247, 189.985671997, 190.403625488, 190.821578979, 191.239547729, 191.657501221, 192.075454712, 192.481811523, 192.899765015, 193.306121826, 193.724075317, 194.142044067, 194.559997559, 194.97795105, 195.3959198, 195.802261353, 196.220230103, 196.626571655, 197.044525146, 197.462493896, 197.880447388, 198.298416138, 198.716369629, 199.13432312, 199.55229187, 199.958633423, 200.364990234, 200.782943726, 201.200897217, 201.618865967, 202.036819458, 202.454788208, 202.872741699, 203.29069519, 203.70866394, 204.126617432, 204.544570923, 204.962539673, 205.392105103, 205.821670532, 206.2628479, 206.715637207, 207.180038452, 207.644439697, 208.097229004, 208.561630249, 209.014419556],
    "bpm_histogram": [0, 0, 0, 0, 0, 0, 0, 0, 0, 0, 0, 0, 0, 0, 0, 0, 0, 0, 0, 0, 0, 0, 0, 0, 0, 0, 0, 0, 0, 0, 0, 0, 0, 0, 0, 0, 0, 0, 0, 0, 0, 0, 0, 0, 0, 0, 0, 0, 0, 0, 0, 0, 0, 0, 0, 0, 0, 0, 0, 0, 0, 0, 0, 0, 0, 0, 0, 0, 0, 0, 0, 0, 0, 0, 0, 0, 0, 0, 0, 0, 0, 0, 0, 0, 0, 0, 0, 0, 0, 0, 0, 0, 0, 0, 0, 0, 0, 0, 0, 0, 0, 0, 0, 0, 0, 0, 0, 0, 0, 0, 0, 0, 0, 0, 0, 0, 0, 0, 0, 0, 0, 0, 0, 0.0082987556234, 0, 0, 0.0145228216425, 0, 0, 0.0435684658587, 0, 0, 0, 0.0829875543714, 0, 0, 0.209543570876, 0, 0, 0, 0.319502085447, 0, 0, 0, 0.307053953409, 0, 0, 0, 0.0145228216425, 0, 0, 0, 0, 0, 0, 0, 0, 0, 0, 0, 0, 0, 0, 0, 0, 0, 0, 0, 0, 0, 0, 0, 0, 0, 0, 0, 0, 0, 0, 0, 0, 0, 0, 0, 0, 0, 0, 0, 0, 0, 0, 0, 0, 0, 0, 0, 0, 0, 0, 0, 0, 0, 0, 0, 0, 0, 0, 0, 0, 0, 0, 0, 0, 0, 0, 0, 0, 0, 0, 0, 0, 0, 0, 0, 0, 0, 0, 0, 0, 0, 0, 0, 0, 0, 0, 0, 0, 0, 0, 0, 0, 0, 0, 0, 0, 0, 0, 0, 0, 0]
},
"tonal": {
    "chords_changes_rate": 0.0613646432757,
    "chords_number_rate": 0.00221533002332,
    "chords_strength": {
        "mean": 0.501126587391
    },
    "hpcp_crest": {
        "mean": 14.0451612473
    },
    "hpcp_entropy": {
        "mean": 1.90917432308
    },
    "key_edma": {
        "strength": 0.766084551811,
        "key": "G",
        "scale": "major"
    },
    "key_krumhansl": {
        "strength": 0.782579898834,
        "key": "G",
        "scale": "major"
    },
    "key_temperley": {
        "strength": 0.801970183849,
        "key": "G",
        "scale": "major"
    },
    "tuning_diatonic_strength": 0.660344183445,
    "tuning_equal_tempered_deviation": 0.014331609942,
    "tuning_frequency": 439.491973877,
    "tuning_nontempered_energy_ratio": 0.68364328146,
    "hpcp": {
        "mean": [0.153488412499, 0.089080363512, 0.0400567129254, 0.0407101474702, 0.0466493852437, 0.0989932641387, 0.160476729274, 0.131933689117, 0.142628997564, 0.16670806706, 0.0975148677826, 0.063151858747, 0.071046859026, 0.0795292556286, 0.142380133271, 0.227503225207, 0.182817161083, 0.0939248800278, 0.0684544220567, 0.0598411522806, 0.148084282875, 0.191068321466, 0.106431081891, 0.063293389976, 0.0544957369566, 0.0458184592426, 0.0665787681937, 0.0962806269526, 0.0861022472382, 0.148860991001, 0.21961158514, 0.128304287791, 0.0436131358147, 0.039431117475, 0.0425607599318, 0.108557969332]
    },
    "chords_histogram": [23.9255657196, 11.3867969513, 11.8077096939, 0.0221533011645, 8.2631816864, 0.132919803262, 1.9716438055, 0.620292425156, 0.908285319805, 0.708905637264, 1.57288432121, 0.553832530975, 0, 0, 0.0221533011645, 0.376606106758, 0, 0.243686303496, 0, 1.37350463867, 0, 11.3646430969, 10.7443504333, 14.0008859634],
    "thpcp": [1, 0.803580522537, 0.412850767374, 0.300894290209, 0.263034313917, 0.650910675526, 0.839848875999, 0.467822313309, 0.278208762407, 0.239538311958, 0.201396971941, 0.292649775743, 0.423205554485, 0.378466039896, 0.654324769974, 0.965311944485, 0.563966870308, 0.191703379154, 0.173321142793, 0.187077611685, 0.477171123028, 0.674664795399, 0.391556471586, 0.176070973277, 0.178943172097, 0.205049335957, 0.43512904644, 0.705382227898, 0.579920053482, 0.626931786537, 0.732772350311, 0.428630709648, 0.277586638927, 0.312289446592, 0.349574178457, 0.625837862492],
    "chords_key": "G",
    "chords_scale": "major"
}
}