{
"metadata": {
    "version": {
        "essentia": "2.1-beta6-dev",
        "essentia_git_sha": "v2.1_beta5-1177-g1d1cc983",
        "extractor": "music 2.0"
    },
    "audio_properties": {
        "analysis": {
            "equal_loudness": 0,
            "length": 234.552124023,
            "sample_rate": 44100,
            "start_time": 0,
            "downmix": "mix"
        },
        "bit_rate": 1411200,
        "length": 234.552124023,
        "lossless": 1,
        "number_channels": 2,
        "replay_gain": -14.6565113068,
        "sample_rate": 44100,
        "codec": "pcm_s16le",
        "md5_encoded": "2fd8889b0ccdaa9ef84fd93728223cdd"
    },
    "tags": {
        "file_name": "03 - The Front Bottoms - I Think Your Nose Is Bleeding.wav",
        "album": ["Ann"],
        "albumartist": ["The Front Bottoms"],
        "artist": ["The Front Bottoms"],
        "copyright": ["© 2018 Wuakaskole Records under the exclusive license to Fueled By Ramen, LLC for the United States and WEA International Inc. for the world outside of the United States. ℗ 2018 Wuakaskole Records under the exclusive license to Fueled By Ramen, LLC"],
        "date": ["2018"],
        "discnumber": ["1"],
        "disctotal": ["1"],
        "genre": ["Alternative & Indie"],
        "isrc": ["USAT21801003"],
        "title": ["I Think Your Nose Is Bleeding"],
        "tracknumber": ["3"],
        "tracktotal": ["6"]
    }
},
"lowlevel": {
    "average_loudness": 0.914853394032,
    "barkbands_crest": {
        "mean": 11.6797800064
    },
    "barkbands_flatness_db": {
        "mean": 0.143955975771
    },
    "barkbands_kurtosis": {
        "mean": 6.84235048294
    },
    "barkbands_skewness": {
        "mean": 1.99267888069
    },
    "barkbands_spread": {
        "mean": 21.4593467712
    },
    "dissonance": {
        "mean": 0.461746782064
    },
    "dynamic_complexity": 1.85563790798,
    "erbbands_crest": {
        "mean": 9.3419380188
    },
    "erbbands_flatness_db": {
        "mean": 0.144147053361
    },
    "erbbands_kurtosis": {
        "mean": 0.688261628151
    },
    "erbbands_skewness": {
        "mean": 0.388282477856
    },
    "erbbands_spread": {
        "mean": 43.182762146
    },
    "hfc": {
        "mean": 25.9842643738
    },
    "loudness_ebu128": {
        "integrated": -7.06502914429,
        "loudness_range": 4.38765525818,
        "momentary": {
            "mean": -7.57167863846
        },
        "short_term": {
            "mean": -7.31369686127
        }
    },
    "melbands_crest": {
        "mean": 17.5443649292
    },
    "melbands_flatness_db": {
        "mean": 0.21273393929
    },
    "melbands_kurtosis": {
        "mean": 21.5086803436
    },
    "melbands_skewness": {
        "mean": 3.32983708382
    },
    "melbands_spread": {
        "mean": 19.8676567078
    },
    "pitch_salience": {
        "mean": 0.464224487543
    },
    "silence_rate_20dB": {
        "mean": 1
    },
    "silence_rate_30dB": {
        "mean": 0.943680107594
    },
    "silence_rate_60dB": {
        "mean": 0.0203899834305
    },
    "spectral_centroid": {
        "mean": 1227.19384766
    },
    "spectral_complexity": {
        "mean": 20.5320205688
    },
    "spectral_decrease": {
        "mean": -1.28061348192e-08
    },
    "spectral_energy": {
        "mean": 0.0506899133325
    },
    "spectral_energyband_high": {
        "mean": 0.00116440525744
    },
    "spectral_energyband_low": {
        "mean": 0.0284640230238
    },
    "spectral_energyband_middle_high": {
        "mean": 0.00630990229547
    },
    "spectral_energyband_middle_low": {
        "mean": 0.0159439817071
    },
    "spectral_entropy": {
        "mean": 7.68844270706
    },
    "spectral_flux": {
        "mean": 0.103306762874
    },
    "spectral_kurtosis": {
        "mean": 3.43147754669
    },
    "spectral_rms": {
        "mean": 0.00663769571111
    },
    "spectral_rolloff": {
        "mean": 1175.18139648
    },
    "spectral_skewness": {
        "mean": 1.45913767815
    },
    "spectral_spread": {
        "mean": 5337325
    },
    "spectral_strongpeak": {
        "mean": 0.956807851791
    },
    "zerocrossingrate": {
        "mean": 0.0545538663864
    },
    "barkbands": {
        "mean": [0.00190090597607, 0.0194540899247, 0.00608768733218, 0.00264437007718, 0.00581029616296, 0.00169106491376, 0.00053670356283, 0.00248948764056, 0.0024999869056, 0.00122346717399, 0.000929789326619, 0.000872033357155, 0.000739756273106, 0.000568590359762, 0.000582557171583, 0.000431376451161, 0.000350825750502, 0.00030560590676, 0.000277587154415, 0.000219151741476, 0.000185779223102, 0.000239187851548, 0.000227493452257, 0.000270309479674, 0.000124477621284, 2.57689680438e-05, 1.68650342403e-06]
    },
    "erbbands": {
        "mean": [0.588845610619, 4.08394813538, 8.77383327484, 6.91383600235, 17.1224765778, 14.8524370193, 19.3771648407, 14.1392860413, 7.90030193329, 23.4002532959, 58.5928611755, 59.1156692505, 41.6669960022, 37.747013092, 36.0619316101, 31.0288333893, 35.4285125732, 27.1093921661, 31.5532855988, 28.5696582794, 23.8186016083, 22.054983139, 16.9805603027, 13.8356370926, 14.2739162445, 10.3559560776, 7.58904695511, 7.65257549286, 8.64542865753, 7.23659181595, 6.4769115448, 6.19253778458, 3.95303368568, 1.72073829174, 0.732309401035, 0.194846227765, 0.0327891372144, 0.00393858458847, 0.000331322866259, 7.17346119927e-05]
    },
    "gfcc": {
        "mean": [29.5817432404, 88.7550506592, -111.301765442, 37.2707252502, -58.4473304749, 30.6671772003, -33.6872596741, 12.2341585159, -20.7449951172, -2.84800100327, -16.2545318604, -5.68319606781, -9.36013221741],
        "cov": [[5019.859375, -610.587585449, 500.987823486, 624.297302246, -2.45837020874, 287.901000977, -50.4054145813, 383.158477783, -63.789478302, 118.777404785, -140.771560669, 108.90120697, -151.926940918], [-610.587585449, 1041.08032227, -122.633590698, -106.331062317, 250.320114136, -118.513648987, 216.843811035, -38.9957427979, 172.545257568, -30.2041511536, 132.278152466, -71.3895111084, 73.1161804199], [500.987823486, -122.633590698, 674.091552734, 282.667510986, 67.2782897949, 184.285171509, 19.4747333527, 95.9349975586, 15.1600885391, 47.0592498779, 6.19249296188, 40.6497955322, -35.5764160156], [624.297302246, -106.331062317, 282.667510986, 427.034942627, 113.881828308, 97.4730987549, 41.7896461487, 62.5159873962, 38.105178833, 11.8640680313, -2.54333019257, 22.644203186, -6.66469764709], [-2.45837020874, 250.320114136, 67.2782897949, 113.881828308, 353.503204346, 69.9067611694, 132.223724365, 36.047870636, 100.284439087, 47.4971466064, 34.4021911621, 10.3840608597, 24.863609314], [287.901000977, -118.513648987, 184.285171509, 97.4730987549, 69.9067611694, 295.561798096, 95.5127182007, 61.6954307556, 20.556055069, 32.1041641235, 10.7732648849, -2.82254385948, -15.5408763885], [-50.4054145813, 216.843811035, 19.4747333527, 41.7896461487, 132.223724365, 95.5127182007, 302.37109375, 65.8041687012, 64.7019119263, 38.4847106934, 35.7019805908, -3.74728631973, -1.35003864765], [383.158477783, -38.9957427979, 95.9349975586, 62.5159873962, 36.047870636, 61.6954307556, 65.8041687012, 186.005615234, 63.9681358337, 30.7214298248, 15.884428978, 19.0280971527, -5.9638915062], [-63.789478302, 172.545257568, 15.1600885391, 38.105178833, 100.284439087, 20.556055069, 64.7019119263, 63.9681358337, 161.677825928, 48.1635971069, 45.5485038757, -14.5771179199, 18.3703422546], [118.777404785, -30.2041511536, 47.0592498779, 11.8640680313, 47.4971466064, 32.1041641235, 38.4847106934, 30.7214298248, 48.1635971069, 108.384307861, 26.1018829346, 16.2488918304, -11.6611728668], [-140.771560669, 132.278152466, 6.19249296188, -2.54333019257, 34.4021911621, 10.7732648849, 35.7019805908, 15.884428978, 45.5485038757, 26.1018829346, 110.477630615, 24.7644996643, 22.9816303253], [108.90120697, -71.3895111084, 40.6497955322, 22.644203186, 10.3840608597, -2.82254385948, -3.74728631973, 19.0280971527, -14.5771179199, 16.2488918304, 24.7644996643, 95.9908828735, 27.8576793671], [-151.926940918, 73.1161804199, -35.5764160156, -6.66469764709, 24.863609314, -15.5408763885, -1.35003864765, -5.9638915062, 18.3703422546, -11.6611728668, 22.9816303253, 27.8576793671, 90.3757400513]],
        "icov": [[0.000409198255511, -0.000420629687142, 0.000271296012215, -0.000743694545235, 0.00029307519435, -0.000494431995321, 0.000550946511794, -0.000989964581095, 0.000690814456902, -0.000843783083837, 0.000858466839418, -0.000693943584338, 0.000603701337241], [-0.000420629687142, 0.00372608844191, -0.00112205534242, 0.00207373988815, -0.00212183757685, 0.00270488299429, -0.00274035148323, 0.00228952849284, -0.00279520545155, 0.00370460189879, -0.00405818037689, 0.00351694202982, -0.00185728876386], [0.000271296012215, -0.00112205534242, 0.00293463654816, -0.00218755565584, 0.000671403948218, -0.00199434650131, 0.00143457390368, -0.00154679233674, 0.00127512065228, -0.00183515704703, 0.00123398937285, -0.00189380766824, 0.00152341718785], [-0.000743694545235, 0.00207373988815, -0.00218755565584, 0.00547865405679, -0.00210931897163, 0.00160251383204, -0.00186784227844, 0.00208951346576, -0.00268955039792, 0.00357879698277, -0.00222229468636, 0.00177105003968, -0.0013914987212], [0.00029307519435, -0.00212183757685, 0.000671403948218, -0.00210931897163, 0.0055263005197, -0.00189757032786, 0.000223339302465, -0.000550663215108, -0.000429838517448, -0.00278379395604, 0.00265528215095, -0.00259676133282, 0.000291777367238], [-0.000494431995321, 0.00270488299429, -0.00199434650131, 0.00160251383204, -0.00189757032786, 0.00682828575373, -0.00327767455019, 0.00125890341587, -0.00131048657931, 0.00224082544446, -0.00341465091333, 0.0038710127119, -0.00172543153167], [0.000550946511794, -0.00274035148323, 0.00143457390368, -0.00186784227844, 0.000223339302465, -0.00327767455019, 0.00684790778905, -0.00328850769438, 0.00218064314686, -0.00337644456886, 0.00236165849492, -0.00233918149024, 0.00207195710391], [-0.000989964581095, 0.00228952849284, -0.00154679233674, 0.00208951346576, -0.000550663215108, 0.00125890341587, -0.00328850769438, 0.0105333980173, -0.0060640941374, 0.0033948647324, -0.00247137877159, 0.00022098638874, -0.000726335507352], [0.000690814456902, -0.00279520545155, 0.00127512065228, -0.00268955039792, -0.000429838517448, -0.00131048657931, 0.00218064314686, -0.0060640941374, 0.0143960127607, -0.00716736773029, 3.94456474169e-05, 0.00229886407033, -0.00131805625279], [-0.000843783083837, 0.00370460189879, -0.00183515704703, 0.00357879698277, -0.00278379395604, 0.00224082544446, -0.00337644456886, 0.0033948647324, -0.00716736773029, 0.0170042738318, -0.00548705644906, 0.000243719041464, 0.0014218443539], [0.000858466839418, -0.00405818037689, 0.00123398937285, -0.00222229468636, 0.00265528215095, -0.00341465091333, 0.00236165849492, -0.00247137877159, 3.94456474169e-05, -0.00548705644906, 0.0167395547032, -0.00744842225686, 0.00092590082204], [-0.000693943584338, 0.00351694202982, -0.00189380766824, 0.00177105003968, -0.00259676133282, 0.0038710127119, -0.00233918149024, 0.00022098638874, 0.00229886407033, 0.000243719041464, -0.00744842225686, 0.0189103595912, -0.00763780670241], [0.000603701337241, -0.00185728876386, 0.00152341718785, -0.0013914987212, 0.000291777367238, -0.00172543153167, 0.00207195710391, -0.000726335507352, -0.00131805625279, 0.0014218443539, 0.00092590082204, -0.00763780670241, 0.0162557195872]]
    },
    "melbands": {
        "mean": [0.00527714472264, 0.00481375027448, 0.00155618309509, 0.00117384118494, 0.000703610479832, 0.000303856737446, 0.000112240457383, 0.000340970582329, 0.00047686061589, 0.000366115709767, 0.000204576208489, 0.000157444330398, 0.000113153277198, 0.000100396180642, 7.63722637203e-05, 8.00675697974e-05, 4.64854456368e-05, 5.21981819475e-05, 4.55786903331e-05, 3.21110201185e-05, 2.56271741819e-05, 2.36543692154e-05, 1.74550878e-05, 1.27197463371e-05, 1.09460634121e-05, 1.06804118332e-05, 9.62001013249e-06, 6.10222286923e-06, 4.55790814158e-06, 4.52843733001e-06, 4.46447756985e-06, 5.14652447237e-06, 4.20806236434e-06, 3.95226652472e-06, 3.65122332369e-06, 3.83652422897e-06, 3.77803576157e-06, 3.03124852508e-06, 1.93850178221e-06, 1.28126782784e-06]
    },
    "melbands128": {
        "mean": [0.00179815269075, 0.0050487741828, 0.00582647509873, 0.00741053279489, 0.00573467090726, 0.00233560800552, 0.00117664120626, 0.00143668579403, 0.00202785735019, 0.00112115463708, 0.000626365770586, 0.000965311657637, 0.000719013856724, 0.00038477659109, 0.000386308034649, 0.000201042887056, 0.000126402097521, 9.16945937206e-05, 9.60448160185e-05, 0.000173265099875, 0.000561664637644, 0.000606739078648, 0.000440799631178, 0.000405993923778, 0.00036054031807, 0.000437685346697, 0.000134227593662, 0.000174277665792, 0.000293886201689, 0.000110104643682, 0.00017045403365, 0.000120386539493, 6.87887804816e-05, 0.000145969956066, 0.000138439063448, 6.49034045637e-05, 6.46448679618e-05, 0.000107863495941, 4.95796084579e-05, 8.34821403259e-05, 0.000104526821815, 4.22404118581e-05, 4.07670122513e-05, 4.02498772019e-05, 7.69629477873e-05, 4.65045413875e-05, 3.62354294339e-05, 5.58722058486e-05, 4.74189182569e-05, 2.76131631836e-05, 3.40576298186e-05, 2.8201546229e-05, 3.43039428117e-05, 1.85576573131e-05, 1.8960550733e-05, 3.14893113682e-05, 2.04268089874e-05, 1.39307157951e-05, 2.0175395548e-05, 1.65743986145e-05, 9.60446595855e-06, 1.24705356939e-05, 1.23723712022e-05, 8.91160652827e-06, 1.15825287139e-05, 1.01114883364e-05, 1.13358328235e-05, 9.82362416835e-06, 9.62932426773e-06, 9.05257002159e-06, 5.44301246919e-06, 5.37730147698e-06, 4.40133453594e-06, 4.31970374848e-06, 4.71979183203e-06, 4.94593859912e-06, 4.20232345277e-06, 3.98529527956e-06, 4.41439578935e-06, 4.94180721944e-06, 5.5805271586e-06, 5.08580023961e-06, 4.52151607533e-06, 4.01288934881e-06, 4.14944179283e-06, 3.85399926017e-06, 4.0765603444e-06, 3.70529323845e-06, 3.64876132153e-06, 3.52051620212e-06, 3.71056535187e-06, 3.9673595893e-06, 4.02937484978e-06, 3.71748205907e-06, 3.74295814254e-06, 3.45520629708e-06, 2.88543765237e-06, 2.44330658461e-06, 2.00740078071e-06, 1.67188943578e-06, 1.38573511776e-06, 1.27405758121e-06, 1.05222648017e-06, 1.00356112398e-06, 8.88438137281e-07, 6.60518026052e-07, 5.18971887686e-07, 4.12077923784e-07, 3.15622656899e-07, 2.2073834316e-07, 1.59195352012e-07, 1.17187298088e-07, 8.659879569e-08, 5.97615468223e-08, 4.24361950024e-08, 3.11236831863e-08, 2.2976594849e-08, 1.70029945679e-08, 1.21565433275e-08, 8.29102475564e-09, 5.61858604087e-09, 3.52399309733e-09, 2.16190332303e-09, 1.41805567289e-09, 9.91900117597e-10, 7.23987647611e-10, 5.37776323473e-10, 4.32675506534e-10]
    },
    "mfcc": {
        "mean": [-611.578125, 112.937171936, 10.2497854233, 14.4602775574, 7.7291226387, 12.9329156876, 5.44850540161, 11.9790277481, 3.30478262901, 6.74362754822, 0.521427154541, -2.2380335331, -4.89833927155],
        "cov": [[3993.02075195, -803.667785645, 374.973937988, 312.318939209, 218.954559326, 28.2003002167, 92.5208511353, 186.149475098, 132.051315308, 97.5571975708, 59.8035163879, 31.7905578613, 90.2914886475], [-803.667785645, 1049.5098877, -285.649810791, 19.8187408447, -28.5595741272, 0.77725058794, 37.6748886108, 10.0338563919, 28.0122585297, 56.0664215088, 74.0820846558, 23.5298519135, 35.6840553284], [374.973937988, -285.649810791, 627.698425293, 78.3910980225, 114.072921753, 78.4918899536, 53.3224716187, 71.4536743164, 5.06628799438, 29.6666908264, 1.66194427013, 46.2166404724, 9.38714981079], [312.318939209, 19.8187408447, 78.3910980225, 350.325592041, 95.9140930176, 44.0959358215, 28.5403823853, 50.0475502014, 52.8275756836, 21.2661380768, 22.6929988861, 28.7568397522, 50.3389053345], [218.954559326, -28.5595741272, 114.072921753, 95.9140930176, 270.181060791, 58.3141517639, 5.18658494949, 37.5218772888, 32.016746521, 47.1171455383, -0.341012507677, 35.7502784729, 27.2906112671], [28.2003002167, 0.77725058794, 78.4918899536, 44.0959358215, 58.3141517639, 232.747131348, 99.8726959229, 39.0279693604, 45.077381134, 42.5321998596, 40.8705482483, 27.8155899048, 13.2809085846], [92.5208511353, 37.6748886108, 53.3224716187, 28.5403823853, 5.18658494949, 99.8726959229, 178.679611206, 84.0941238403, 49.5653533936, 28.3577823639, 50.9609718323, 28.7455711365, 26.7993869781], [186.149475098, 10.0338563919, 71.4536743164, 50.0475502014, 37.5218772888, 39.0279693604, 84.0941238403, 150.171005249, 63.1803855896, 41.3503074646, 33.3757133484, 31.5103168488, 32.7363319397], [132.051315308, 28.0122585297, 5.06628799438, 52.8275756836, 32.016746521, 45.077381134, 49.5653533936, 63.1803855896, 131.005340576, 59.2492256165, 33.2141113281, 20.8498439789, 27.3932323456], [97.5571975708, 56.0664215088, 29.6666908264, 21.2661380768, 47.1171455383, 42.5321998596, 28.3577823639, 41.3503074646, 59.2492256165, 133.66078186, 65.057723999, 29.7307300568, 14.7780122757], [59.8035163879, 74.0820846558, 1.66194427013, 22.6929988861, -0.341012507677, 40.8705482483, 50.9609718323, 33.3757133484, 33.2141113281, 65.057723999, 127.223442078, 43.2017059326, 26.1509113312], [31.7905578613, 23.5298519135, 46.2166404724, 28.7568397522, 35.7502784729, 27.8155899048, 28.7455711365, 31.5103168488, 20.8498439789, 29.7307300568, 43.2017059326, 93.6627807617, 41.6179237366], [90.2914886475, 35.6840553284, 9.38714981079, 50.3389053345, 27.2906112671, 13.2809085846, 26.7993869781, 32.7363319397, 27.3932323456, 14.7780122757, 26.1509113312, 41.6179237366, 104.438339233]],
        "icov": [[0.000364618754247, 0.000307747162879, -1.6063442672e-05, -0.000236148684053, -0.000156073147082, 0.000195307351532, -0.000115946357255, -0.000212458035094, -9.34797353693e-05, -0.000162316064234, -0.000203910924029, 0.000238494671066, -0.000189310710994], [0.000307747162879, 0.0014404776739, 0.000592127966229, -0.000332363240886, -0.000130321146571, 0.000233462211327, -0.000391295558074, -0.000177572772373, 0.000132901011966, -0.000594858254772, -0.000476303335745, 3.14670505759e-05, -0.000334787997417], [-1.6063442672e-05, 0.000592127966229, 0.00223864940926, -0.000303172098938, -0.00050668005133, -0.000355344091076, -0.000341559702065, -0.000785306445323, 0.000869779440109, -0.000502654060256, 0.000392083107727, -0.000859672611114, 0.000355260708602], [-0.000236148684053, -0.000332363240886, -0.000303172098938, 0.00369228445925, -0.000885341491085, -0.000338397861924, 0.000388691929402, -0.00023533651256, -0.000993221299723, 0.000909350521397, -0.000381524296245, 0.000136624468723, -0.00101336289663], [-0.000156073147082, -0.000130321146571, -0.00050668005133, -0.000885341491085, 0.00513404933736, -0.00118531740736, 0.00115978030954, -0.000504016526975, 0.000122050980281, -0.00165582983755, 0.00171396660153, -0.0013077321928, -0.000384488230338], [0.000195307351532, 0.000233462211327, -0.000355344091076, -0.000338397861924, -0.00118531740736, 0.00654435576871, -0.00378553243354, 0.00136497139465, -0.000886211928446, -0.000753954343963, -0.000538330874406, -0.000176727087819, 0.000511829566676], [-0.000115946357255, -0.000391295558074, -0.000341559702065, 0.000388691929402, 0.00115978030954, -0.00378553243354, 0.0106960004196, -0.00460586277768, -0.000864685629494, 0.00171677046455, -0.00219317269512, 2.67482337222e-05, -0.000522937742062], [-0.000212458035094, -0.000177572772373, -0.000785306445323, -0.00023533651256, -0.000504016526975, 0.00136497139465, -0.00460586277768, 0.0116234188899, -0.00319833611138, -0.00091036723461, 0.000405200087698, -0.000950504676439, -0.000829973432701], [-9.34797353693e-05, 0.000132901011966, 0.000869779440109, -0.000993221299723, 0.000122050980281, -0.000886211928446, -0.000864685629494, -0.00319833611138, 0.0121596744284, -0.00430994248018, 0.000785141601227, 0.000232167803915, -0.0011274627177], [-0.000162316064234, -0.000594858254772, -0.000502654060256, 0.000909350521397, -0.00165582983755, -0.000753954343963, 0.00171677046455, -0.00091036723461, -0.00430994248018, 0.013177969493, -0.00569072412327, -0.000292701472063, 0.00113118707668], [-0.000203910924029, -0.000476303335745, 0.000392083107727, -0.000381524296245, 0.00171396660153, -0.000538330874406, -0.00219317269512, 0.000405200087698, 0.000785141601227, -0.00569072412327, 0.0134880580008, -0.00418271915987, -0.000567232666072], [0.000238494671066, 3.14670505759e-05, -0.000859672611114, 0.000136624468723, -0.0013077321928, -0.000176727087819, 2.67482337222e-05, -0.000950504676439, 0.000232167803915, -0.000292701472063, -0.00418271915987, 0.0159759130329, -0.00488868495449], [-0.000189310710994, -0.000334787997417, 0.000355260708602, -0.00101336289663, -0.000384488230338, 0.000511829566676, -0.000522937742062, -0.000829973432701, -0.0011274627177, 0.00113118707668, -0.000567232666072, -0.00488868495449, 0.0129651166499]]
    },
    "spectral_contrast_coeffs": {
        "mean": [-0.692136883736, -0.72885030508, -0.740651011467, -0.782138288021, -0.794847071171, -0.772685885429]
    },
    "spectral_contrast_valleys": {
        "mean": [-6.38710594177, -6.74340248108, -7.1576962471, -7.35469436646, -7.43256235123, -9.63618183136]
    }
},
"rhythm": {
    "beats_count": 487,
    "beats_loudness": {
        "mean": 0.0713483095169
    },
    "bpm": 124.982688904,
    "bpm_histogram_first_peak_bpm": 126,
    "bpm_histogram_first_peak_weight": 0.410901486874,
    "bpm_histogram_second_peak_bpm": 117,
    "bpm_histogram_second_peak_spread": 0.444444417953,
    "bpm_histogram_second_peak_weight": 0.0102880662307,
    "danceability": 1.04468643665,
    "onset_rate": 3.43610405922,
    "beats_loudness_band_ratio": {
        "mean": [0.66720533371, 0.164756089449, 0.10155069083, 0.0732984095812, 0.0452765971422, 0.0320793502033]
    },
    "beats_position": [0.49922901392, 1.01006805897, 1.53251695633, 2.02013611794, 2.50775504112, 2.9837641716, 3.47138309479, 3.94739222527, 4.43501138687, 4.91102027893, 5.38702917099, 5.87464857101, 6.3622674942, 6.83827638626, 7.31428575516, 7.79029464722, 8.26630401611, 8.74231243134, 9.21832180023, 9.70594120026, 10.1703395844, 10.6579589844, 11.1455783844, 11.6331968307, 12.1208162308, 12.5968255997, 13.0728340149, 13.5488433838, 14.0248527527, 14.4892511368, 14.9768705368, 15.4644899368, 15.9404983521, 16.4165077209, 16.904127121, 17.391746521, 17.8793640137, 18.3553733826, 18.8313827515, 19.3073921204, 19.7834014893, 20.2594108582, 20.7354183197, 21.2230377197, 21.6990470886, 22.1866664886, 22.6626758575, 23.1502952576, 23.614692688, 24.102312088, 24.589931488, 25.0659408569, 25.5419502258, 26.0179595947, 26.4939670563, 26.9815864563, 27.4692058563, 27.9452152252, 28.4212245941, 28.9088420868, 29.3964614868, 29.8840808868, 30.3484802246, 30.8360996246, 31.3237190247, 31.7997264862, 32.2757377625, 32.7517471313, 33.2277526855, 33.7153739929, 34.1913833618, 34.6790008545, 35.1550102234, 35.6426315308, 36.118637085, 36.5946464539, 37.0706558228, 37.5582771301, 38.034286499, 38.5219039917, 39.0095214844, 39.4855308533, 39.9615402222, 40.4375495911, 40.91355896, 41.3779602051, 41.8655776978, 42.3531951904, 42.8408164978, 43.3168258667, 43.7928352356, 44.2688446045, 44.7448501587, 45.2208595276, 45.6968688965, 46.1844902039, 46.6721076965, 47.1481170654, 47.6241264343, 48.1001358032, 48.5761451721, 49.0637626648, 49.5513839722, 50.0390014648, 50.5150108337, 50.9910202026, 51.4554176331, 51.9430389404, 52.4306564331, 52.906665802, 53.3826751709, 53.8586845398, 54.3463020325, 54.8223114014, 55.3099327087, 55.7859382629, 56.2619476318, 56.7495689392, 57.2255783081, 57.701587677, 58.1892051697, 58.6652145386, 59.1412239075, 59.6288414001, 60.104850769, 60.5808601379, 61.0452613831, 61.5328788757, 62.0204963684, 62.5081176758, 62.9841270447, 63.4601364136, 63.9477539062, 64.4237594604, 64.899772644, 65.3873901367, 65.8750076294, 66.351020813, 66.8270263672, 67.3146438599, 67.7906570435, 68.2666625977, 68.7426757812, 69.2186813354, 69.7062988281, 70.1939239502, 70.6815414429, 71.1575469971, 71.6335601807, 72.1095657349, 72.5855789185, 73.0731964111, 73.5492019653, 74.0368270874, 74.5128326416, 74.9888458252, 75.4648513794, 75.9524688721, 76.4284820557, 76.9044876099, 77.3921051025, 77.8797302246, 78.3557357788, 78.831741333, 79.3077545166, 79.7837600708, 80.2597732544, 80.7473907471, 81.2233963013, 81.7110214233, 82.198638916, 82.6746444702, 83.1506576538, 83.626663208, 84.1026763916, 84.5902938843, 85.0662994385, 85.5539245605, 86.0299301147, 86.5059356689, 86.9819488525, 87.4695663452, 87.9455795288, 88.421585083, 88.9092025757, 89.3968200684, 89.872833252, 90.3488388062, 90.8248519897, 91.3124694824, 91.788482666, 92.2761001587, 92.7521057129, 93.2281188965, 93.7157363892, 94.1917419434, 94.667755127, 95.1553726196, 95.6429901123, 96.1190032959, 96.5950088501, 97.0710220337, 97.5470275879, 98.0346450806, 98.5106582642, 98.9866638184, 99.462677002, 99.9386825562, 100.426300049, 100.913917542, 101.389930725, 101.865936279, 102.341949463, 102.817955017, 103.305580139, 103.793197632, 104.280815125, 104.756820679, 105.232833862, 105.720451355, 106.196456909, 106.672470093, 107.160087585, 107.636100769, 108.112106323, 108.588119507, 109.064125061, 109.551742554, 110.039360046, 110.51537323, 110.991378784, 111.479003906, 111.95500946, 112.431015015, 112.918640137, 113.394645691, 113.870658875, 114.346664429, 114.834281921, 115.310295105, 115.786300659, 116.262313843, 116.738319397, 117.214332581, 117.701950073, 118.189567566, 118.677185059, 119.153198242, 119.629203796, 120.10521698, 120.581222534, 121.068840027, 121.55645752, 122.032470703, 122.508476257, 122.99609375, 123.460494995, 123.948112488, 124.424125671, 124.900131226, 125.387756348, 125.863761902, 126.339767456, 126.827392578, 127.315010071, 127.802627563, 128.278640747, 128.754638672, 129.230651855, 129.706665039, 130.182678223, 130.658676147, 131.14630127, 131.622314453, 132.098312378, 132.574325562, 133.050338745, 133.537963867, 134.02557373, 134.513198853, 134.989196777, 135.465209961, 135.941223145, 136.417236328, 136.904846191, 137.380859375, 137.856872559, 138.332870483, 138.820495605, 139.296508789, 139.784118652, 140.271743774, 140.747756958, 141.223754883, 141.699768066, 142.17578125, 142.663391113, 143.151016235, 143.638641357, 144.114639282, 144.590652466, 145.066665649, 145.554275513, 146.030288696, 146.50630188, 146.993927002, 147.469924927, 147.94593811, 148.421951294, 148.909561157, 149.397186279, 149.873199463, 150.360809326, 150.848434448, 151.324447632, 151.800445557, 152.27645874, 152.752471924, 153.228485107, 153.716094971, 154.192108154, 154.679718018, 155.155731201, 155.620132446, 156.09614563, 156.572158813, 157.059768677, 157.547393799, 158.023391724, 158.499404907, 158.987030029, 159.474639893, 159.939041138, 160.42666626, 160.902679443, 161.378677368, 161.86630249, 162.353912354, 162.829925537, 163.305938721, 163.793563843, 164.269561768, 164.745574951, 165.233200073, 165.709197998, 166.185211182, 166.672836304, 167.160446167, 167.624847412, 168.112472534, 168.588470459, 169.064483643, 169.552108765, 170.028121948, 170.515731812, 170.991744995, 171.467758179, 171.943756104, 172.431381226, 172.907394409, 173.383392334, 173.871017456, 174.358642578, 174.834640503, 175.310653687, 175.798278809, 176.274276733, 176.750289917, 177.226303101, 177.713912964, 178.189926147, 178.67755127, 179.153549194, 179.629562378, 180.105575562, 180.581588745, 181.069198608, 181.55682373, 182.032836914, 182.508834839, 182.996459961, 183.472473145, 183.948471069, 184.424484253, 184.912109375, 185.3881073, 185.864120483, 186.340133667, 186.827758789, 187.303756714, 187.779769897, 188.255783081, 188.731781006, 189.219406128, 189.695419312, 190.183029175, 190.659042358, 191.14666748, 191.622665405, 192.098678589, 192.586303711, 193.062316895, 193.538314819, 194.025939941, 194.501953125, 194.97795105, 195.465576172, 195.953201294, 196.429199219, 196.905212402, 197.381225586, 197.857223511, 198.344848633, 198.820861816, 199.296859741, 199.784484863, 200.260498047, 200.74810791, 201.224121094, 201.711746216, 202.199356079, 202.663757324, 203.128158569, 203.615783691, 204.103393555, 204.579406738, 205.06703186, 205.554641724, 206.030654907, 206.518280029, 206.994277954, 207.470291138, 207.946304321, 208.422302246, 208.89831543, 209.385940552, 209.861953735, 210.349563599, 210.825576782, 211.301589966, 211.777587891, 212.253601074, 212.741226196, 213.217224121, 213.693237305, 214.180862427, 214.656860352, 215.132873535, 215.608886719, 216.084899902, 216.572509766, 217.060134888, 217.547744751, 218.023757935, 218.499771118, 218.987380981, 219.475006104, 219.951019287, 220.427032471, 220.914642334, 221.402267456, 221.878265381, 222.354278564, 222.841903687, 223.31791687, 223.793914795, 224.269927979, 224.757553101, 225.233551025, 225.721176147, 226.197189331, 226.673187256, 227.160812378, 227.6484375, 228.124435425, 228.612060547, 229.111282349, 229.622131348, 230.132965088, 230.643798828, 231.154647827, 231.653869629, 232.153106689, 232.640716553, 233.128341675, 233.615966797, 234.10357666],
    "bpm_histogram": [0, 0, 0, 0, 0, 0, 0, 0, 0, 0, 0, 0, 0, 0, 0, 0, 0, 0, 0, 0, 0, 0, 0, 0, 0, 0, 0, 0, 0, 0, 0, 0, 0, 0, 0, 0, 0, 0, 0, 0, 0, 0, 0, 0, 0, 0, 0, 0, 0, 0, 0, 0, 0, 0, 0, 0, 0, 0, 0, 0, 0, 0, 0, 0, 0, 0, 0, 0, 0, 0, 0, 0, 0, 0, 0, 0, 0, 0, 0, 0, 0, 0, 0, 0, 0, 0, 0, 0, 0, 0, 0, 0, 0, 0, 0, 0, 0, 0, 0, 0, 0, 0, 0, 0, 0, 0, 0, 0, 0, 0, 0, 0, 0, 0, 0, 0.00205761310644, 0, 0.0102880662307, 0, 0, 0.00617283955216, 0, 0, 0.376543223858, 0, 0, 0.578189313412, 0, 0, 0.0267489720136, 0, 0, 0, 0, 0, 0, 0, 0, 0, 0, 0, 0, 0, 0, 0, 0, 0, 0, 0, 0, 0, 0, 0, 0, 0, 0, 0, 0, 0, 0, 0, 0, 0, 0, 0, 0, 0, 0, 0, 0, 0, 0, 0, 0, 0, 0, 0, 0, 0, 0, 0, 0, 0, 0, 0, 0, 0, 0, 0, 0, 0, 0, 0, 0, 0, 0, 0, 0, 0, 0, 0, 0, 0, 0, 0, 0, 0, 0, 0, 0, 0, 0, 0, 0, 0, 0, 0, 0, 0, 0, 0, 0, 0, 0, 0, 0, 0, 0, 0, 0, 0, 0, 0, 0, 0, 0, 0, 0, 0, 0, 0, 0, 0, 0, 0, 0, 0, 0, 0, 0]
},
"tonal": {
    "chords_changes_rate": 0.0585906580091,
    "chords_number_rate": 0.00197941414081,
    "chords_strength": {
        "mean": 0.523219823837
    },
    "hpcp_crest": {
        "mean": 14.4066801071
    },
    "hpcp_entropy": {
        "mean": 1.85105407238
    },
    "key_edma": {
        "strength": 0.745635867119,
        "key": "C#",
        "scale": "major"
    },
    "key_krumhansl": {
        "strength": 0.751712799072,
        "key": "C#",
        "scale": "major"
    },
    "key_temperley": {
        "strength": 0.753721833229,
        "key": "C#",
        "scale": "major"
    },
    "tuning_diatonic_strength": 0.696657538414,
    "tuning_equal_tempered_deviation": 0.234808072448,
    "tuning_frequency": 434.193115234,
    "tuning_nontempered_energy_ratio": 0.940009355545,
    "hpcp": {
        "mean": [0.042494032532, 0.0311029814184, 0.0304453950375, 0.0577327534556, 0.0684391483665, 0.0480257682502, 0.0360891334713, 0.0330152586102, 0.0423384979367, 0.0813818722963, 0.104397393763, 0.127521112561, 0.248371884227, 0.264683097601, 0.126869022846, 0.0638687610626, 0.0675245597959, 0.0875391289592, 0.151122048497, 0.161540850997, 0.0968724787235, 0.0716490373015, 0.0743220150471, 0.0926146581769, 0.190483525395, 0.197844073176, 0.109136924148, 0.158836394548, 0.19657728076, 0.134172692895, 0.0903504639864, 0.0690224170685, 0.0689614787698, 0.186511516571, 0.227528959513, 0.105262361467]
    },
    "chords_histogram": [37.3911323547, 8.11559772491, 14.3309583664, 1.4251781702, 0.0197941400111, 0, 0.554235935211, 0, 2.59303236008, 0, 0, 0, 0, 0, 0, 2.13776731491, 0, 5.8788599968, 0, 0, 0.197941407561, 4.39429950714, 14.9643707275, 7.9968328476],
    "thpcp": [1, 0.479324221611, 0.241302758455, 0.255114734173, 0.330731838942, 0.570954680443, 0.61031794548, 0.365994215012, 0.270697444677, 0.280796229839, 0.349907726049, 0.719666361809, 0.747475266457, 0.412330538034, 0.600100278854, 0.742689192295, 0.506918251514, 0.341353356838, 0.260773807764, 0.260543555021, 0.704659700394, 0.859627842903, 0.39769205451, 0.160546824336, 0.117510266602, 0.1150258407, 0.218120291829, 0.258570164442, 0.181446298957, 0.136348456144, 0.124735049903, 0.159959211946, 0.30746909976, 0.394424110651, 0.481787890196, 0.938374578953],
    "chords_key": "C#",
    "chords_scale": "major"
}
}