{
"metadata": {
    "version": {
        "essentia": "2.1-beta6-dev",
        "essentia_git_sha": "v2.1_beta5-1177-g1d1cc983",
        "extractor": "music 2.0"
    },
    "audio_properties": {
        "analysis": {
            "equal_loudness": 0,
            "length": 186.57333374,
            "sample_rate": 44100,
            "start_time": 0,
            "downmix": "mix"
        },
        "bit_rate": 1411200,
        "length": 186.57333374,
        "lossless": 1,
        "number_channels": 2,
        "replay_gain": -15.6564445496,
        "sample_rate": 44100,
        "codec": "pcm_s16le",
        "md5_encoded": "2ae305da87b1f62cc45cb663b7c5b4ae"
    },
    "tags": {
        "file_name": "01 - The Front Bottoms - Joanie.wav",
        "album": ["Needy When I'm Needy"],
        "albumartist": ["The Front Bottoms"],
        "artist": ["The Front Bottoms"],
        "copyright": ["© 2016 Fueled By Ramen LLC for the United States and WEA International Inc. for the world outside of the United States. A Warner Music Group Company ℗ 2016 Fueled By Ramen LLC"],
        "date": ["2016"],
        "discnumber": ["1"],
        "disctotal": ["1"],
        "genre": ["Alternative & Indie"],
        "isrc": ["USAT21602102"],
        "title": ["Joanie"],
        "tracknumber": ["1"],
        "tracktotal": ["2"]
    }
},
"lowlevel": {
    "average_loudness": 0.94591742754,
    "barkbands_crest": {
        "mean": 11.8031253815
    },
    "barkbands_flatness_db": {
        "mean": 0.145504400134
    },
    "barkbands_kurtosis": {
        "mean": 9.16670131683
    },
    "barkbands_skewness": {
        "mean": 1.89221179485
    },
    "barkbands_spread": {
        "mean": 29.4179077148
    },
    "dissonance": {
        "mean": 0.473165512085
    },
    "dynamic_complexity": 2.66547060013,
    "erbbands_crest": {
        "mean": 8.10212135315
    },
    "erbbands_flatness_db": {
        "mean": 0.151086047292
    },
    "erbbands_kurtosis": {
        "mean": 0.214903116226
    },
    "erbbands_skewness": {
        "mean": -0.348979443312
    },
    "erbbands_spread": {
        "mean": 50.2597007751
    },
    "hfc": {
        "mean": 26.1906871796
    },
    "loudness_ebu128": {
        "integrated": -6.44032859802,
        "loudness_range": 3.74692630768,
        "momentary": {
            "mean": -7.61162519455
        },
        "short_term": {
            "mean": -6.78654336929
        }
    },
    "melbands_crest": {
        "mean": 17.1564331055
    },
    "melbands_flatness_db": {
        "mean": 0.208464488387
    },
    "melbands_kurtosis": {
        "mean": 27.3216629028
    },
    "melbands_skewness": {
        "mean": 3.78202319145
    },
    "melbands_spread": {
        "mean": 26.2594795227
    },
    "pitch_salience": {
        "mean": 0.465284466743
    },
    "silence_rate_20dB": {
        "mean": 1
    },
    "silence_rate_30dB": {
        "mean": 0.980838596821
    },
    "silence_rate_60dB": {
        "mean": 0.0568620115519
    },
    "spectral_centroid": {
        "mean": 1873.27929688
    },
    "spectral_complexity": {
        "mean": 24.3337059021
    },
    "spectral_decrease": {
        "mean": -9.22295217975e-09
    },
    "spectral_energy": {
        "mean": 0.0371850952506
    },
    "spectral_energyband_high": {
        "mean": 0.00163273478393
    },
    "spectral_energyband_low": {
        "mean": 0.0221899412572
    },
    "spectral_energyband_middle_high": {
        "mean": 0.00547901308164
    },
    "spectral_energyband_middle_low": {
        "mean": 0.00898072123528
    },
    "spectral_entropy": {
        "mean": 7.6906003952
    },
    "spectral_flux": {
        "mean": 0.0908599421382
    },
    "spectral_kurtosis": {
        "mean": 3.64563512802
    },
    "spectral_rms": {
        "mean": 0.00557857286185
    },
    "spectral_rolloff": {
        "mean": 1707.93884277
    },
    "spectral_skewness": {
        "mean": 1.08015024662
    },
    "spectral_spread": {
        "mean": 4429339
    },
    "spectral_strongpeak": {
        "mean": 0.724723279476
    },
    "zerocrossingrate": {
        "mean": 0.0660483464599
    },
    "barkbands": {
        "mean": [0.000230160818319, 0.013049447909, 0.00798217020929, 0.00226080114953, 0.0031366313342, 0.00082768878201, 0.000793820014223, 0.00105519068893, 0.000596831145231, 0.000736879708711, 0.00047359263408, 0.00050644041039, 0.000383965583751, 0.000352760398528, 0.000396901741624, 0.000490515492857, 0.000828429998364, 0.000534109363798, 0.000635176082142, 0.000525304232724, 0.000533663085662, 0.000235088155023, 0.000277007377008, 0.000210925223655, 8.81278974703e-05, 3.16902805935e-05, 9.6430630947e-06]
    },
    "erbbands": {
        "mean": [0.269523411989, 3.29511809349, 9.62911701202, 7.64675664902, 10.7546653748, 9.25387763977, 8.87933826447, 6.0679268837, 9.56001186371, 18.3443069458, 19.6909790039, 15.2801609039, 20.7622299194, 22.9007587433, 18.3258132935, 22.494146347, 18.3067550659, 18.2592449188, 20.4938201904, 22.7391452789, 30.4264526367, 42.2304382324, 33.3525352478, 25.746465683, 35.1912345886, 23.2566184998, 24.7083721161, 17.1309738159, 9.38255786896, 8.32782363892, 7.31103277206, 4.94506788254, 3.14722013474, 1.15229463577, 0.583051323891, 0.18310444057, 0.0513549745083, 0.0112875057384, 0.00145111582242, 0.000153895438416]
    },
    "gfcc": {
        "mean": [4.08405590057, 77.9542617798, -119.101890564, 56.397983551, -48.1412582397, 8.37451171875, -24.4777240753, 8.51982402802, -16.3309135437, -2.35871648788, -13.4036054611, -2.97565102577, -11.8303642273],
        "cov": [[13800.7880859, -365.086486816, 688.565368652, 959.267089844, -655.380615234, 918.190368652, -635.154418945, 239.711364746, -648.508605957, 46.4655303955, -582.541442871, -67.1671676636, -368.815917969], [-365.086486816, 1219.42163086, -666.764526367, -157.960800171, -20.0391902924, -234.655975342, 186.405334473, -80.3503494263, 148.479446411, -25.8286514282, 166.135345459, -12.0955114365, 80.6823120117], [688.565368652, -666.764526367, 1627.8326416, 902.409606934, 289.915435791, 465.662902832, -76.0359649658, 18.6128902435, -161.51953125, 10.7947788239, -199.847061157, -21.6043777466, -136.26260376], [959.267089844, -157.960800171, 902.409606934, 1178.62463379, 218.424636841, 332.251312256, -8.41631221771, -81.3616638184, -72.8805084229, -31.9588813782, -116.805152893, -64.414680481, -85.2770767212], [-655.380615234, -20.0391902924, 289.915435791, 218.424636841, 343.143981934, 59.6065788269, 42.6839790344, -7.19703817368, 45.3064804077, 12.1069355011, -17.5571594238, 4.11258554459, 1.62103784084], [918.190368652, -234.655975342, 465.662902832, 332.251312256, 59.6065788269, 398.611236572, 23.7363471985, 39.0301933289, -94.0684051514, -0.746661186218, -57.0697517395, -26.8783073425, -76.0132293701], [-635.154418945, 186.405334473, -76.0359649658, -8.41631221771, 42.6839790344, 23.7363471985, 309.123046875, -2.01627254486, 35.4568748474, 11.7652359009, 55.3735580444, 14.2752065659, 19.1205463409], [239.711364746, -80.3503494263, 18.6128902435, -81.3616638184, -7.19703817368, 39.0301933289, -2.01627254486, 171.849868774, 39.0586357117, 7.38518714905, -3.57973480225, 6.27812767029, -1.81947350502], [-648.508605957, 148.479446411, -161.51953125, -72.8805084229, 45.3064804077, -94.0684051514, 35.4568748474, 39.0586357117, 162.149307251, 40.7977180481, 51.4234733582, -3.87751722336, 44.485080719], [46.4655303955, -25.8286514282, 10.7947788239, -31.9588813782, 12.1069355011, -0.746661186218, 11.7652359009, 7.38518714905, 40.7977180481, 102.99319458, 24.7896080017, 12.7592391968, 0.999891102314], [-582.541442871, 166.135345459, -199.847061157, -116.805152893, -17.5571594238, -57.0697517395, 55.3735580444, -3.57973480225, 51.4234733582, 24.7896080017, 138.404998779, 32.6308059692, 26.6482200623], [-67.1671676636, -12.0955114365, -21.6043777466, -64.414680481, 4.11258554459, -26.8783073425, 14.2752065659, 6.27812767029, -3.87751722336, 12.7592391968, 32.6308059692, 76.7121582031, 31.6014060974], [-368.815917969, 80.6823120117, -136.26260376, -85.2770767212, 1.62103784084, -76.0132293701, 19.1205463409, -1.81947350502, 44.485080719, 0.999891102314, 26.6482200623, 31.6014060974, 98.9171218872]],
        "icov": [[0.000269739830401, -0.000351247814251, 0.000305870460579, -0.00034143976518, 0.000452908832813, -0.000512939004693, 0.000520665256772, -0.00069496728247, 0.000891481351573, -0.000983507372439, 0.00127645162866, -0.000769082049374, 0.00041505479021], [-0.000351247814251, 0.00190270121675, 7.71136255935e-05, 0.000151366912178, -0.000690901768394, 0.00095397507539, -0.00125036004465, 0.00137644622009, -0.00175009190571, 0.00194073282182, -0.00263317441568, 0.00160952354781, -0.000650837144349], [0.000305870460579, 7.71136255935e-05, 0.00228215241805, -0.00137277820613, -0.000393963884562, -0.00121481972747, 0.000708772684447, -0.00120487622917, 0.00169823446777, -0.00177248916589, 0.00234742742032, -0.00175255048089, 0.00113327312283], [-0.00034143976518, 0.000151366912178, -0.00137277820613, 0.0023843171075, -0.000742296979297, -0.000223180206376, -0.000573723576963, 0.0021115152631, -0.00199312902987, 0.00200631516054, -0.00139009393752, 0.00159965490457, -0.000502145674545], [0.000452908832813, -0.000690901768394, -0.000393963884562, -0.000742296979297, 0.00499994354323, -0.0010099101346, 0.000376518873964, -0.000388680200558, -0.00104087055661, -0.00110731238965, 0.00261123524979, -0.00235820119269, 0.000660857418552], [-0.000512939004693, 0.00095397507539, -0.00121481972747, -0.000223180206376, -0.0010099101346, 0.00621105358005, -0.00198652804829, -0.000795000058133, 0.00122140010353, 0.000913131865673, -0.00340323778801, 0.0032227486372, -6.89420776325e-05], [0.000520665256772, -0.00125036004465, 0.000708772684447, -0.000573723576963, 0.000376518873964, -0.00198652804829, 0.00499103451148, -0.00125488289632, 0.00142930843867, -0.00205313041806, 0.00165614369325, -0.00206860247999, 0.000515031977557], [-0.00069496728247, 0.00137644622009, -0.00120487622917, 0.0021115152631, -0.000388680200558, -0.000795000058133, -0.00125488289632, 0.0101078702137, -0.00716874096543, 0.00427730428055, -0.00227542151697, 6.72827954986e-05, 4.28024759458e-05], [0.000891481351573, -0.00175009190571, 0.00169823446777, -0.00199312902987, -0.00104087055661, 0.00122140010353, 0.00142930843867, -0.00716874096543, 0.0172612667084, -0.00865105353296, 0.00121999206021, 0.00318365986459, -0.00310106575489], [-0.000983507372439, 0.00194073282182, -0.00177248916589, 0.00200631516054, -0.00110731238965, 0.000913131865673, -0.00205313041806, 0.00427730428055, -0.00865105353296, 0.0163578167558, -0.00603772327304, 0.000242843132582, 0.000507540011313], [0.00127645162866, -0.00263317441568, 0.00234742742032, -0.00139009393752, 0.00261123524979, -0.00340323778801, 0.00165614369325, -0.00227542151697, 0.00121999206021, -0.00603772327304, 0.0183616485447, -0.00944696832448, 0.00350613822229], [-0.000769082049374, 0.00160952354781, -0.00175255048089, 0.00159965490457, -0.00235820119269, 0.0032227486372, -0.00206860247999, 6.72827954986e-05, 0.00318365986459, 0.000242843132582, -0.00944696832448, 0.0227193757892, -0.00844667758793], [0.00041505479021, -0.000650837144349, 0.00113327312283, -0.000502145674545, 0.000660857418552, -6.89420776325e-05, 0.000515031977557, 4.28024759458e-05, -0.00310106575489, 0.000507540011313, 0.00350613822229, -0.00844667758793, 0.0162969529629]]
    },
    "melbands": {
        "mean": [0.00304692005739, 0.00473372265697, 0.00150499865413, 0.000702032877598, 0.000337803881848, 0.000139674608363, 0.000155395609909, 0.000214632891584, 0.00014695135178, 9.46259242482e-05, 0.000101526020444, 9.10414455575e-05, 5.81358690397e-05, 6.03377629886e-05, 4.67060817755e-05, 3.74220471713e-05, 3.40809856425e-05, 3.17984122375e-05, 3.05257526634e-05, 3.60808480764e-05, 3.6137727875e-05, 4.46017984359e-05, 4.09617132391e-05, 2.22585858864e-05, 1.94411131815e-05, 2.82331948256e-05, 2.10018697544e-05, 1.37711276693e-05, 1.68064598256e-05, 1.13427540782e-05, 9.20815273275e-06, 5.38744143341e-06, 3.94578273699e-06, 5.12086671733e-06, 4.50498691862e-06, 3.33131174557e-06, 2.92687263936e-06, 2.39973428506e-06, 1.48986782733e-06, 7.88606826063e-07]
    },
    "melbands128": {
        "mean": [0.000220644200454, 0.00167408166453, 0.00407735956833, 0.00595562160015, 0.00567637011409, 0.00343188201077, 0.00138406676706, 0.00124181457795, 0.00118506571744, 0.000585537112784, 0.000488586199936, 0.000441454380052, 0.000326417648466, 0.000172033192939, 0.000122051489598, 0.000135651964229, 0.000123906487715, 0.000159087852808, 0.000202225230169, 0.000191061248188, 0.000254981830949, 0.000181090959813, 0.000154939451022, 7.67449091654e-05, 8.69936266099e-05, 0.000113870730274, 7.52736450522e-05, 0.000138136630994, 6.97487048456e-05, 9.54042916419e-05, 0.000109388143755, 6.35996257188e-05, 4.07735751651e-05, 7.4459676398e-05, 4.36870468548e-05, 6.66361956974e-05, 7.15039641364e-05, 3.51281123585e-05, 4.46315461886e-05, 3.80878736905e-05, 3.94941052946e-05, 2.82687560684e-05, 3.00438878185e-05, 4.34605608461e-05, 2.9489854569e-05, 2.82205346593e-05, 3.50827649527e-05, 3.72220893041e-05, 2.36212836171e-05, 2.36109499383e-05, 4.81848364871e-05, 3.7193443859e-05, 2.22867474804e-05, 4.21565418947e-05, 5.36887273483e-05, 3.85851708415e-05, 4.17914270656e-05, 5.15503597853e-05, 3.7173023884e-05, 2.92171862384e-05, 1.96813416551e-05, 1.94857111637e-05, 1.73713524418e-05, 1.91351919057e-05, 2.26889369515e-05, 3.33846001013e-05, 2.85157584585e-05, 2.21723003051e-05, 2.14490428334e-05, 1.47489372466e-05, 1.15617731353e-05, 1.55382240337e-05, 1.46844558913e-05, 1.97159806703e-05, 1.62743763212e-05, 8.90059163794e-06, 1.04860864667e-05, 1.224323114e-05, 9.58246255323e-06, 5.56452687306e-06, 5.51011453354e-06, 5.46966384718e-06, 4.38621327703e-06, 3.61270599569e-06, 3.67769325749e-06, 4.66176970804e-06, 5.64212314202e-06, 6.00717339694e-06, 4.27578515882e-06, 3.6075641674e-06, 3.86549572795e-06, 2.91234141514e-06, 2.99069802168e-06, 3.09030974677e-06, 2.83821509584e-06, 2.59560920313e-06, 2.33259379456e-06, 2.07828975363e-06, 1.66725703821e-06, 1.07403820948e-06, 8.75906380315e-07, 7.08038044195e-07, 7.34625700716e-07, 7.65213371778e-07, 7.15999249223e-07, 6.08499931332e-07, 4.83179405819e-07, 3.2760667068e-07, 2.55712137687e-07, 2.77015175243e-07, 2.44230534463e-07, 1.80926903681e-07, 1.4791761771e-07, 1.1736864991e-07, 1.11824761007e-07, 1.01585492018e-07, 8.27240640433e-08, 6.08899455301e-08, 5.99494427433e-08, 4.16861816177e-08, 3.34378462696e-08, 3.02411500286e-08, 3.49846303038e-08, 3.0318261679e-08, 2.4826480427e-08, 2.32967316549e-08, 2.77308043195e-08, 3.15383701377e-08]
    },
    "mfcc": {
        "mean": [-634.314758301, 98.304901123, -4.51310825348, 45.5523834229, 4.73663377762, 9.40228557587, 2.58570766449, 11.0157804489, 2.52717041969, 4.58531665802, -0.659334361553, 5.38527536392, 0.507019877434],
        "cov": [[12894.6054688, -520.232299805, 737.968811035, 504.458251953, 87.1479263306, 465.086395264, 3.76506543159, 55.0123786926, -200.257843018, 98.1238174438, -289.44229126, -214.280059814, -320.18850708], [-520.232299805, 976.882080078, -602.513122559, -161.987991333, -273.549163818, -207.785827637, -77.3630142212, -30.7697200775, -10.059835434, -29.6501674652, 31.0749340057, 73.0637435913, 103.657066345], [737.968811035, -602.513122559, 1179.46166992, 451.599822998, 424.822296143, 430.895843506, 190.548904419, 115.194854736, -14.6721916199, 102.148429871, -49.0600547791, -79.3972549438, -115.112411499], [504.458251953, -161.987991333, 451.599822998, 700.375183105, 231.804901123, 319.411712646, 57.1294441223, 48.7861061096, 18.2649326324, 40.1851387024, -37.4862442017, -14.4486856461, -29.7151660919], [87.1479263306, -273.549163818, 424.822296143, 231.804901123, 489.274200439, 175.12588501, 24.2910633087, 51.622051239, -1.38423299789, 79.6421203613, -19.7135486603, -65.4821243286, -67.1508636475], [465.086395264, -207.785827637, 430.895843506, 319.411712646, 175.12588501, 413.931640625, 154.57383728, 54.5795860291, -0.799983799458, 53.0930213928, -3.43047952652, -23.6313495636, -62.9802856445], [3.76506543159, -77.3630142212, 190.548904419, 57.1294441223, 24.2910633087, 154.57383728, 200.653137207, 93.3510360718, 12.7765712738, 19.7619571686, 23.4644832611, 1.82143044472, -19.7037715912], [55.0123786926, -30.7697200775, 115.194854736, 48.7861061096, 51.622051239, 54.5795860291, 93.3510360718, 144.38961792, 22.8625583649, 35.4937057495, 8.61232376099, -7.4128036499, -17.5699768066], [-200.257843018, -10.059835434, -14.6721916199, 18.2649326324, -1.38423299789, -0.799983799458, 12.7765712738, 22.8625583649, 132.288467407, 26.6943359375, 19.5419654846, 10.0563716888, 16.123884201], [98.1238174438, -29.6501674652, 102.148429871, 40.1851387024, 79.6421203613, 53.0930213928, 19.7619571686, 35.4937057495, 26.6943359375, 121.989547729, 31.6281356812, -10.1133270264, -24.2091445923], [-289.44229126, 31.0749340057, -49.0600547791, -37.4862442017, -19.7135486603, -3.43047952652, 23.4644832611, 8.61232376099, 19.5419654846, 31.6281356812, 97.1950912476, 39.9281959534, 15.4093360901], [-214.280059814, 73.0637435913, -79.3972549438, -14.4486856461, -65.4821243286, -23.6313495636, 1.82143044472, -7.4128036499, 10.0563716888, -10.1133270264, 39.9281959534, 109.190299988, 62.5129852295], [-320.18850708, 103.657066345, -115.112411499, -29.7151660919, -67.1508636475, -62.9802856445, -19.7037715912, -17.5699768066, 16.123884201, -24.2091445923, 15.4093360901, 62.5129852295, 111.014968872]],
        "icov": [[9.64353384916e-05, 2.89061645162e-05, -1.20959321066e-05, -2.8025238862e-05, 0.000113910442451, -9.32511975407e-05, 0.000112731482659, -6.82322424836e-05, 0.000121636650874, -0.000143843339174, 0.000264391506789, -2.92867644021e-05, 0.000187071273103], [2.89061645162e-05, 0.00166748813353, 0.000839019252453, -0.000278205203358, 0.000381260790164, 2.55928753177e-05, -3.13434939017e-05, -0.000380028068321, 0.000577202008571, -0.00071575876791, 0.000249361764872, -6.61999438307e-05, -0.000735905312467], [-1.20959321066e-05, 0.000839019252453, 0.00235534831882, -0.000532222911716, -0.00081887311535, -0.000709724845365, -0.00109490589239, -0.000177277470357, 0.000545568356756, -0.000891178380698, 0.0009770054603, -6.48277491564e-05, -1.15077382361e-05], [-2.8025238862e-05, -0.000278205203358, -0.000532222911716, 0.00276213372126, -0.000425089121563, -0.00215968722478, 0.00154181348626, -0.000740088522434, -0.000624535314273, 0.000508368364535, 0.000575407058932, -0.000464628945338, -0.000576088496018], [0.000113910442451, 0.000381260790164, -0.00081887311535, -0.000425089121563, 0.00375504861586, -0.000558592844754, 0.00159038696438, -0.000990754459053, 0.000394500064431, -0.00130461144727, -6.20974242338e-05, 0.00116062245797, 0.000102872676507], [-9.32511975407e-05, 2.55928753177e-05, -0.000709724845365, -0.00215968722478, -0.000558592844754, 0.00703277438879, -0.00492105446756, 0.00243930355646, 0.000224211224122, -0.000955651164986, -0.000129396328703, -0.000580266176257, 0.00166143639944], [0.000112731482659, -3.13434939017e-05, -0.00109490589239, 0.00154181348626, 0.00159038696438, -0.00492105446756, 0.0123806456104, -0.00675581302494, -0.000215819221921, 0.002010170836, -0.00248828344047, 0.000199863614398, -0.000367268017726], [-6.82322424836e-05, -0.000380028068321, -0.000177277470357, -0.000740088522434, -0.000990754459053, 0.00243930355646, -0.00675581302494, 0.0118478266522, -0.001225017244, -0.00221731211059, 0.000918514153454, -0.000212762257433, 0.000923436775338], [0.000121636650874, 0.000577202008571, 0.000545568356756, -0.000624535314273, 0.000394500064431, 0.000224211224122, -0.000215819221921, -0.001225017244, 0.0088683962822, -0.0022625667043, -0.000520304136444, 0.000468695390737, -0.00162910250947], [-0.000143843339174, -0.00071575876791, -0.000891178380698, 0.000508368364535, -0.00130461144727, -0.000955651164986, 0.002010170836, -0.00221731211059, -0.0022625667043, 0.0125215863809, -0.00526571273804, 0.000931649759877, 0.00140551372897], [0.000264391506789, 0.000249361764872, 0.0009770054603, 0.000575407058932, -6.20974242338e-05, -0.000129396328703, -0.00248828344047, 0.000918514153454, -0.000520304136444, -0.00526571273804, 0.01627452299, -0.0059689572081, 0.00131900969427], [-2.92867644021e-05, -6.61999438307e-05, -6.48277491564e-05, -0.000464628945338, 0.00116062245797, -0.000580266176257, 0.000199863614398, -0.000212762257433, 0.000468695390737, 0.000931649759877, -0.0059689572081, 0.0164865124971, -0.00815961230546], [0.000187071273103, -0.000735905312467, -1.15077382361e-05, -0.000576088496018, 0.000102872676507, 0.00166143639944, -0.000367268017726, 0.000923436775338, -0.00162910250947, 0.00140551372897, 0.00131900969427, -0.00815961230546, 0.0161088276654]]
    },
    "spectral_contrast_coeffs": {
        "mean": [-0.706682801247, -0.741610646248, -0.754226386547, -0.786292672157, -0.779817640781, -0.723401665688]
    },
    "spectral_contrast_valleys": {
        "mean": [-6.73960494995, -7.19929981232, -7.80776357651, -7.72701787949, -7.11484003067, -10.1859588623]
    }
},
"rhythm": {
    "beats_count": 403,
    "beats_loudness": {
        "mean": 0.0608960837126
    },
    "bpm": 130.059951782,
    "bpm_histogram_first_peak_bpm": 129,
    "bpm_histogram_first_peak_weight": 0.463806986809,
    "bpm_histogram_second_peak_bpm": 136,
    "bpm_histogram_second_peak_spread": 0,
    "bpm_histogram_second_peak_weight": 0.0373134315014,
    "danceability": 1.0398876667,
    "onset_rate": 3.32805371284,
    "beats_loudness_band_ratio": {
        "mean": [0.661350905895, 0.116247467697, 0.0847069397569, 0.0582574047148, 0.0803874880075, 0.0702791586518]
    },
    "beats_position": [0.476009070873, 0.96362811327, 1.45124709606, 1.92725622654, 2.39165520668, 2.85605430603, 3.32045340538, 3.7732424736, 4.22603178024, 4.69043064117, 5.14321994781, 5.60761880875, 6.06040811539, 6.52480697632, 6.98920631409, 7.45360517502, 7.90639448166, 8.35918331146, 8.8119726181, 9.27637195587, 9.72916126251, 10.1819496155, 10.6463489532, 11.0991382599, 11.5403175354, 12.0047159195, 12.4691152573, 12.9219045639, 13.3746938705, 13.8274831772, 14.2802715302, 14.7330608368, 15.1858501434, 15.6502494812, 16.114648819, 16.5674381256, 17.0202255249, 17.4846248627, 17.9490242004, 18.4018135071, 18.8546028137, 19.3190021515, 19.7834014893, 20.247800827, 20.7121982574, 21.1649875641, 21.6177768707, 22.0821762085, 22.5465755463, 23.010974884, 23.4869842529, 23.9629936218, 24.4506111145, 24.9382305145, 25.4490699768, 25.9599094391, 26.4591369629, 26.9699764252, 27.4692058563, 27.9568252563, 28.4444446564, 28.932062149, 29.4080715179, 29.8840808868, 30.3484802246, 30.8128795624, 31.2540588379, 31.7068481445, 32.1596374512, 32.6124267578, 33.0652160645, 33.5180053711, 33.9707946777, 34.4351921082, 34.9112014771, 35.3988189697, 35.8516082764, 36.304397583, 36.7571868896, 37.2215881348, 37.6975975037, 38.1619949341, 38.6147842407, 39.0791816711, 39.55519104, 40.0312004089, 40.4956016541, 40.9716110229, 41.4476165771, 41.9120178223, 42.3764152527, 42.8408164978, 43.3168258667, 43.7928352356, 44.257232666, 44.7216300964, 45.1976394653, 45.6736488342, 46.1380500793, 46.6024475098, 47.0668487549, 47.5196380615, 47.9724235535, 48.4368247986, 48.901222229, 49.3656234741, 49.8300209045, 50.2944221497, 50.7704315186, 51.2464370728, 51.7108383179, 52.1752357483, 52.6396369934, 53.1040344238, 53.5684356689, 54.0328330994, 54.485622406, 54.9384117126, 55.4028091431, 55.8672103882, 56.3316078186, 56.7960090637, 57.2604064941, 57.7248077393, 58.1892051697, 58.6419944763, 59.094783783, 59.5475730896, 60.01197052, 60.4879798889, 60.952381134, 61.4167785645, 61.8811798096, 62.34557724, 62.7867546082, 63.227935791, 63.6923332214, 64.1567306519, 64.6443557739, 65.1087493896, 65.5499343872, 66.0143280029, 66.478729248, 66.9431304932, 67.4075241089, 67.8835372925, 68.3595428467, 68.8239440918, 69.2883453369, 69.7527389526, 70.2171401978, 70.6931533813, 71.1691589355, 71.6335601807, 72.0979614258, 72.5623550415, 73.0267562866, 73.4911575317, 73.9555511475, 74.4199523926, 74.8959655762, 75.3719711304, 75.8363723755, 76.3123779297, 76.7767791748, 77.2411804199, 77.7055740356, 78.1815872192, 78.6459884644, 79.1219940186, 79.5863952637, 80.0624008179, 80.526802063, 81.0028076172, 81.4672088623, 81.9199981689, 82.3843994141, 82.8487930298, 83.3131942749, 83.77759552, 84.2419967651, 84.7063903809, 85.1591796875, 85.6119689941, 86.0763702393, 86.5291595459, 86.9819488525, 87.4347381592, 87.8875274658, 88.3519287109, 88.8163223267, 89.2691116333, 89.7219009399, 90.1863021851, 90.6507034302, 91.1150970459, 91.5678863525, 92.0206756592, 92.4850769043, 92.9378662109, 93.3906555176, 93.8318328857, 94.2730178833, 94.737411499, 95.2018127441, 95.6662139893, 96.130607605, 96.5950088501, 97.0594100952, 97.5238113403, 97.976600647, 98.4293823242, 98.8821716309, 99.3349609375, 99.7993621826, 100.263763428, 100.716552734, 101.169342041, 101.633743286, 102.098136902, 102.562538147, 103.026939392, 103.479728699, 103.932518005, 104.385307312, 104.838096619, 105.290885925, 105.755279541, 106.208068848, 106.672470093, 107.125259399, 107.578048706, 108.042449951, 108.495239258, 108.948028564, 109.41242218, 109.865211487, 110.329612732, 110.782402039, 111.235191345, 111.711196899, 112.163986206, 112.616775513, 113.081176758, 113.545578003, 114.009971619, 114.451156616, 114.915550232, 115.356735229, 115.809524536, 116.262313843, 116.726707458, 117.191108704, 117.64389801, 118.108299255, 118.561088562, 119.013877869, 119.466667175, 119.931060791, 120.395462036, 120.848251343, 121.301040649, 121.765441895, 122.218231201, 122.671020508, 123.135414124, 123.58820343, 124.040992737, 124.505393982, 124.969795227, 125.434196472, 125.886978149, 126.339767456, 126.780952454, 127.245346069, 127.709747314, 128.17414856, 128.638549805, 129.114562988, 129.567337036, 130.031738281, 130.472915649, 130.937316895, 131.40171814, 131.854507446, 132.307296753, 132.771697998, 133.236099243, 133.68888855, 134.141677856, 134.606079102, 135.070480347, 135.523269653, 135.97605896, 136.440444946, 136.904846191, 137.357635498, 137.810424805, 138.27482605, 138.739227295, 139.192016602, 139.644805908, 140.097595215, 140.550384521, 141.003173828, 141.479187012, 141.943572998, 142.407974243, 142.883987427, 143.36000061, 143.824401855, 144.288803101, 144.753189087, 145.205978394, 145.670379639, 146.146392822, 146.610794067, 147.075195312, 147.539596558, 148.003982544, 148.468383789, 148.932785034, 149.397186279, 149.861587524, 150.32598877, 150.790390015, 151.254776001, 151.719177246, 152.183578491, 152.647979736, 153.112380981, 153.576782227, 154.041183472, 154.505569458, 154.969970703, 155.434371948, 155.887161255, 156.363174438, 156.815963745, 157.268753052, 157.721542358, 158.185943604, 158.63873291, 159.103118896, 159.567520142, 160.031921387, 160.484710693, 160.9375, 161.390289307, 161.854690552, 162.307479858, 162.771881104, 163.236282349, 163.700683594, 164.1534729, 164.617858887, 165.070648193, 165.5234375, 165.976226807, 166.417419434, 166.858596802, 167.29977417, 167.752563477, 168.216964722, 168.692962646, 169.16897583, 169.644989014, 170.109390259, 170.573776245, 171.026565552, 171.479354858, 171.943756104, 172.408157349, 172.860946655, 173.313735962, 173.766525269, 174.219314575, 174.68371582, 175.136505127, 175.589294434, 176.04208374, 176.494873047, 176.947662354, 177.40045166, 177.864852905, 178.317642212, 178.770431519, 179.234832764, 179.69921875, 180.163619995, 180.62802124, 181.080810547, 181.533599854, 181.998001099, 182.462402344, 182.926803589, 183.379592896, 183.832382202, 184.27355957, 184.737960815, 185.202362061, 185.666748047, 186.131149292],
    "bpm_histogram": [0, 0, 0, 0, 0, 0, 0, 0, 0, 0, 0, 0, 0, 0, 0, 0, 0, 0, 0, 0, 0, 0, 0, 0, 0, 0, 0, 0, 0, 0, 0, 0, 0, 0, 0, 0, 0, 0, 0, 0, 0, 0, 0, 0, 0, 0, 0, 0, 0, 0, 0, 0, 0, 0, 0, 0, 0, 0, 0, 0, 0, 0, 0, 0, 0, 0, 0, 0, 0, 0, 0, 0, 0, 0, 0, 0, 0, 0, 0, 0, 0, 0, 0, 0, 0, 0, 0, 0, 0, 0, 0, 0, 0, 0, 0, 0, 0, 0, 0, 0, 0, 0, 0, 0, 0, 0, 0, 0, 0, 0, 0, 0, 0, 0, 0, 0, 0, 0.00746268639341, 0, 0, 0.00497512426227, 0, 0, 0.0223880596459, 0, 0, 0.097014926374, 0, 0, 0.497512429953, 0, 0, 0, 0.333333343267, 0, 0, 0.0373134315014, 0, 0, 0, 0, 0, 0, 0, 0, 0, 0, 0, 0, 0, 0, 0, 0, 0, 0, 0, 0, 0, 0, 0, 0, 0, 0, 0, 0, 0, 0, 0, 0, 0, 0, 0, 0, 0, 0, 0, 0, 0, 0, 0, 0, 0, 0, 0, 0, 0, 0, 0, 0, 0, 0, 0, 0, 0, 0, 0, 0, 0, 0, 0, 0, 0, 0, 0, 0, 0, 0, 0, 0, 0, 0, 0, 0, 0, 0, 0, 0, 0, 0, 0, 0, 0, 0, 0, 0, 0, 0, 0, 0, 0, 0, 0, 0, 0, 0, 0, 0, 0, 0, 0, 0, 0, 0, 0, 0, 0, 0, 0, 0, 0]
},
"tonal": {
    "chords_changes_rate": 0.0838517025113,
    "chords_number_rate": 0.00348345353268,
    "chords_strength": {
        "mean": 0.4992172122
    },
    "hpcp_crest": {
        "mean": 13.64884758
    },
    "hpcp_entropy": {
        "mean": 2.00112771988
    },
    "key_edma": {
        "strength": 0.754307210445,
        "key": "Eb",
        "scale": "major"
    },
    "key_krumhansl": {
        "strength": 0.742437720299,
        "key": "Eb",
        "scale": "major"
    },
    "key_temperley": {
        "strength": 0.760264456272,
        "key": "Bb",
        "scale": "major"
    },
    "tuning_diatonic_strength": 0.627074539661,
    "tuning_equal_tempered_deviation": 0.109168335795,
    "tuning_frequency": 438.224517822,
    "tuning_nontempered_energy_ratio": 0.772010564804,
    "hpcp": {
        "mean": [0.0909712389112, 0.0835829079151, 0.112928405404, 0.281960576773, 0.250901609659, 0.0818211063743, 0.0591080747545, 0.0528864972293, 0.0902903154492, 0.148314476013, 0.119620040059, 0.0639232248068, 0.0496838502586, 0.0390209555626, 0.0641089379787, 0.121997907758, 0.128436625004, 0.143892660737, 0.162218824029, 0.0982484295964, 0.0542001500726, 0.0585142597556, 0.065212868154, 0.12489028275, 0.201482951641, 0.158703356981, 0.0952027291059, 0.0879170671105, 0.0778043493629, 0.113161548972, 0.16279707849, 0.116854667664, 0.0586910173297, 0.0530290529132, 0.0529407560825, 0.0678806751966]
    },
    "chords_histogram": [30.1318740845, 2.88629007339, 7.6138343811, 2.01542663574, 7.43966150284, 0.1492908746, 1.81637227535, 1.36849963665, 0.1244090572, 0.049763623625, 0.920626997948, 0.0248818118125, 0, 0.273699939251, 0.348345369101, 5.29982566833, 0.696690738201, 3.184871912, 0.547399878502, 3.35904455185, 1.46802687645, 9.28091526031, 9.60437965393, 11.3958692551],
    "thpcp": [1, 0.88984644413, 0.290186345577, 0.209632411599, 0.187566995621, 0.32022318244, 0.526011407375, 0.424243837595, 0.226709797978, 0.176208496094, 0.138391524553, 0.227368444204, 0.432677179575, 0.455512702465, 0.510329008102, 0.575324475765, 0.348447412252, 0.19222599268, 0.207526385784, 0.231283634901, 0.44293525815, 0.714578449726, 0.562856554985, 0.337645530701, 0.311806231737, 0.275940537453, 0.40133818984, 0.577375292778, 0.41443619132, 0.208153277636, 0.188072577119, 0.187759429216, 0.240745276213, 0.32263815403, 0.296434730291, 0.400511324406],
    "chords_key": "Bb",
    "chords_scale": "major"
}
}