{
"metadata": {
    "version": {
        "essentia": "2.1-beta6-dev",
        "essentia_git_sha": "v2.1_beta5-1177-g1d1cc983",
        "extractor": "music 2.0"
    },
    "audio_properties": {
        "analysis": {
            "equal_loudness": 0,
            "length": 216.946670532,
            "sample_rate": 44100,
            "start_time": 0,
            "downmix": "mix"
        },
        "bit_rate": 1411200,
        "length": 216.946670532,
        "lossless": 1,
        "number_channels": 2,
        "replay_gain": -15.3044338226,
        "sample_rate": 44100,
        "codec": "pcm_s16le",
        "md5_encoded": "1e11a6d0696e8c5077ea3053e5dddb3c"
    },
    "tags": {
        "file_name": "08 - The Front Bottoms - Swimming Pool.wav",
        "album": ["The Front Bottoms"],
        "albumartist": ["The Front Bottoms"],
        "artist": ["The Front Bottoms"],
        "copyright": ["2011 Bar None Records 2011 Bar None Records"],
        "date": ["2011"],
        "discnumber": ["1"],
        "disctotal": ["1"],
        "genre": ["Rock"],
        "isrc": ["US37V1120708"],
        "title": ["Swimming Pool"],
        "tracknumber": ["8"],
        "tracktotal": ["12"]
    }
},
"lowlevel": {
    "average_loudness": 0.857592821121,
    "barkbands_crest": {
        "mean": 9.04021453857
    },
    "barkbands_flatness_db": {
        "mean": 0.136447563767
    },
    "barkbands_kurtosis": {
        "mean": 2.80935668945
    },
    "barkbands_skewness": {
        "mean": 1.14150977135
    },
    "barkbands_spread": {
        "mean": 22.9851398468
    },
    "dissonance": {
        "mean": 0.458884418011
    },
    "dynamic_complexity": 4.0038356781,
    "erbbands_crest": {
        "mean": 8.96312713623
    },
    "erbbands_flatness_db": {
        "mean": 0.167674705386
    },
    "erbbands_kurtosis": {
        "mean": 0.798321068287
    },
    "erbbands_skewness": {
        "mean": 0.18693061173
    },
    "erbbands_spread": {
        "mean": 34.8622093201
    },
    "hfc": {
        "mean": 22.5865936279
    },
    "loudness_ebu128": {
        "integrated": -8.06708049774,
        "loudness_range": 6.73268413544,
        "momentary": {
            "mean": -9.9898443222
        },
        "short_term": {
            "mean": -9.01681137085
        }
    },
    "melbands_crest": {
        "mean": 12.382724762
    },
    "melbands_flatness_db": {
        "mean": 0.194533228874
    },
    "melbands_kurtosis": {
        "mean": 8.94172954559
    },
    "melbands_skewness": {
        "mean": 2.08568477631
    },
    "melbands_spread": {
        "mean": 27.4080142975
    },
    "pitch_salience": {
        "mean": 0.565014123917
    },
    "silence_rate_20dB": {
        "mean": 1
    },
    "silence_rate_30dB": {
        "mean": 0.998929917812
    },
    "silence_rate_60dB": {
        "mean": 0.0797217786312
    },
    "spectral_centroid": {
        "mean": 1401.96020508
    },
    "spectral_complexity": {
        "mean": 19.7745323181
    },
    "spectral_decrease": {
        "mean": -6.5427014917e-09
    },
    "spectral_energy": {
        "mean": 0.0267422888428
    },
    "spectral_energyband_high": {
        "mean": 0.000832661404274
    },
    "spectral_energyband_low": {
        "mean": 0.0096924956888
    },
    "spectral_energyband_middle_high": {
        "mean": 0.00767174689099
    },
    "spectral_energyband_middle_low": {
        "mean": 0.00923995301127
    },
    "spectral_entropy": {
        "mean": 7.51650524139
    },
    "spectral_flux": {
        "mean": 0.083525493741
    },
    "spectral_kurtosis": {
        "mean": 5.6111741066
    },
    "spectral_rms": {
        "mean": 0.00462738936767
    },
    "spectral_rolloff": {
        "mean": 1627.05737305
    },
    "spectral_skewness": {
        "mean": 1.6472517252
    },
    "spectral_spread": {
        "mean": 4235843
    },
    "spectral_strongpeak": {
        "mean": 1.08913576603
    },
    "zerocrossingrate": {
        "mean": 0.0621119886637
    },
    "barkbands": {
        "mean": [0.000147429396748, 0.00545882666484, 0.00352455745451, 0.00120878976304, 0.0016858226154, 0.0019491504645, 0.00196167011745, 0.000757666421123, 0.0014471639879, 0.00113503471948, 0.00116739992518, 0.00107760028914, 0.000967178028077, 0.000871505355462, 0.000700106204022, 0.000452659092844, 0.000436512200395, 0.00032467636629, 0.00046647794079, 0.000245955015998, 0.000172266474692, 0.000188560923561, 0.000171598163433, 0.000122580386233, 7.57778034313e-05, 2.41539000854e-05, 1.21156631394e-06]
    },
    "erbbands": {
        "mean": [0.094072945416, 1.43686175346, 4.45856952667, 3.68148946762, 4.67389917374, 6.4973897934, 8.49327659607, 18.7258472443, 25.7140483856, 24.9345111847, 20.9320392609, 27.1464080811, 37.5226325989, 37.2120056152, 48.1683616638, 42.2796859741, 43.2467041016, 43.9739646912, 42.7996330261, 30.947303772, 25.4836387634, 24.6712608337, 19.8009929657, 17.0660305023, 25.6130580902, 10.6019001007, 7.05465316772, 7.10496330261, 6.97869300842, 5.34558677673, 4.89932107925, 2.99496865273, 1.80308949947, 1.02532887459, 0.447799533606, 0.15426325798, 0.0333497337997, 0.00527080474421, 0.000176163899596, 3.82960970455e-05]
    },
    "gfcc": {
        "mean": [-15.2753915787, 101.11895752, -124.717376709, 30.8773612976, -58.0170211792, 16.3652763367, -38.4710502625, 8.20190143585, -19.4074611664, 4.34943342209, -9.10432243347, -0.382547140121, -12.4455776215],
        "cov": [[11436.2792969, -1510.11901855, -1014.93865967, 552.975769043, -547.671386719, 581.975402832, 45.4816894531, 233.192337036, -138.821350098, 66.8937301636, -240.861618042, -82.3503417969, -269.413391113], [-1510.11901855, 1642.26611328, -12.3776111603, -196.344833374, 399.196929932, -137.927963257, 189.147506714, -101.247428894, 176.229507446, -131.389419556, 187.898162842, -59.2916297913, 121.597625732], [-1014.93865967, -12.3776111603, 1101.11193848, 322.608520508, 59.1990966797, 195.523193359, 95.104850769, -9.79620742798, 24.1970214844, 138.504379272, -108.555503845, 85.1328048706, 27.7939682007], [552.975769043, -196.344833374, 322.608520508, 474.07208252, 41.934337616, 89.5691986084, 27.9966907501, 23.0432014465, 49.5688819885, 63.5364456177, -52.8986854553, 14.171122551, -7.61431360245], [-547.671386719, 399.196929932, 59.1990966797, 41.934337616, 358.179290771, 7.39074134827, 31.9900245667, 5.85853242874, 76.7992858887, 6.08042240143, 41.3310012817, -10.5344200134, 28.1588344574], [581.975402832, -137.927963257, 195.523193359, 89.5691986084, 7.39074134827, 298.646362305, 134.321670532, 21.9314575195, -6.87878322601, 47.2662010193, -34.777179718, 7.40851688385, -11.9198007584], [45.4816894531, 189.147506714, 95.104850769, 27.9966907501, 31.9900245667, 134.321670532, 274.869354248, 52.8373069763, -10.5822324753, -33.8584327698, 23.3031463623, 0.0682022050023, 6.82967281342], [233.192337036, -101.247428894, -9.79620742798, 23.0432014465, 5.85853242874, 21.9314575195, 52.8373069763, 148.059432983, 19.6175327301, -3.96057724953, 9.18614673615, 7.67632198334, -13.2896575928], [-138.821350098, 176.229507446, 24.1970214844, 49.5688819885, 76.7992858887, -6.87878322601, -10.5822324753, 19.6175327301, 140.938140869, 30.1999073029, 21.1876182556, -14.726764679, 19.1768188477], [66.8937301636, -131.389419556, 138.504379272, 63.5364456177, 6.08042240143, 47.2662010193, -33.8584327698, -3.96057724953, 30.1999073029, 119.981124878, -10.9537162781, 8.45787525177, -14.472571373], [-240.861618042, 187.898162842, -108.555503845, -52.8986854553, 41.3310012817, -34.777179718, 23.3031463623, 9.18614673615, 21.1876182556, -10.9537162781, 131.146911621, 10.3300991058, 3.95252513885], [-82.3503417969, -59.2916297913, 85.1328048706, 14.171122551, -10.5344200134, 7.40851688385, 0.0682022050023, 7.67632198334, -14.726764679, 8.45787525177, 10.3300991058, 79.3360748291, 15.342587471], [-269.413391113, 121.597625732, 27.7939682007, -7.61431360245, 28.1588344574, -11.9198007584, 6.82967281342, -13.2896575928, 19.1768188477, -14.472571373, 3.95252513885, 15.342587471, 71.3653717041]],
        "icov": [[0.000215029795072, -0.000262096640654, 0.000533447077032, -0.000526371295564, 0.000403041543905, -0.000668286229484, 0.00028348271735, -0.000451759056887, 0.000354972406058, -0.000387352658436, 0.00060052232584, -0.000355876225512, 0.000481831491925], [-0.000262096640654, 0.00301203946583, -0.00149920908734, 0.00186545914039, -0.0023551415652, 0.00230013928376, -0.00262355688028, 0.00317914271727, -0.00332557619549, 0.0029219663702, -0.00302689266391, 0.00227719801478, -0.00201785448007], [0.000533447077032, -0.00149920908734, 0.0032708758954, -0.00236706947908, 0.00132497062441, -0.00229033338837, 0.000650043308269, -0.00150545453653, 0.00179328978993, -0.00327032478526, 0.00349357840605, -0.00310957315378, 0.00112390855793], [-0.000526371295564, 0.00186545914039, -0.00236706947908, 0.00471971463412, -0.00198426120915, 0.0020504987333, -0.00173197651748, 0.00200237846002, -0.00314061413519, 0.00182371947449, -0.00178891711403, 0.00156578305177, -0.00109990302008], [0.000403041543905, -0.0023551415652, 0.00132497062441, -0.00198426120915, 0.00544688617811, -0.0023341877386, 0.0019194065826, -0.00256373360753, 0.00118242611643, -0.00212614936754, 0.00160753284581, -0.00118242355529, 0.00102276413236], [-0.000668286229484, 0.00230013928376, -0.00229033338837, 0.0020504987333, -0.0023341877386, 0.00844075251371, -0.00524133071303, 0.00303832790814, -0.00233891722746, -1.74966153281e-05, -0.0016174869379, 0.00181868497748, -0.00160948548], [0.00028348271735, -0.00262355688028, 0.000650043308269, -0.00173197651748, 0.0019194065826, -0.00524133071303, 0.00876663252711, -0.00473652547225, 0.00368874752894, 0.000678085663822, 0.000367561704479, -0.000484258052893, 0.000978702795692], [-0.000451759056887, 0.00317914271727, -0.00150545453653, 0.00200237846002, -0.00256373360753, 0.00303832790814, -0.00473652547225, 0.0115736881271, -0.00555124785751, 0.00349277816713, -0.00302388193086, 0.000398984120693, 8.69570212672e-05], [0.000354972406058, -0.00332557619549, 0.00179328978993, -0.00314061413519, 0.00118242611643, -0.00233891722746, 0.00368874752894, -0.00555124785751, 0.0140733942389, -0.00617122510448, 0.00156992673874, 0.000797175627667, -0.00156258430798], [-0.000387352658436, 0.0029219663702, -0.00327032478526, 0.00182371947449, -0.00212614936754, -1.74966153281e-05, 0.000678085663822, 0.00349277816713, -0.00617122510448, 0.0161540340632, -0.00440269708633, 0.00181225687265, 0.00123728788458], [0.00060052232584, -0.00302689266391, 0.00349357840605, -0.00178891711403, 0.00160753284581, -0.0016174869379, 0.000367561704479, -0.00302388193086, 0.00156992673874, -0.00440269708633, 0.0142040215433, -0.00619641598314, 0.0036010411568], [-0.000355876225512, 0.00227719801478, -0.00310957315378, 0.00156578305177, -0.00118242355529, 0.00181868497748, -0.000484258052893, 0.000398984120693, 0.000797175627667, 0.00181225687265, -0.00619641598314, 0.01864108257, -0.00646555097774], [0.000481831491925, -0.00201785448007, 0.00112390855793, -0.00109990302008, 0.00102276413236, -0.00160948548, 0.000978702795692, 8.69570212672e-05, -0.00156258430798, 0.00123728788458, 0.0036010411568, -0.00646555097774, 0.0198259931058]]
    },
    "melbands": {
        "mean": [0.00118909403682, 0.00216539227404, 0.000691733846907, 0.000390456116293, 0.000303682987578, 0.00042332164594, 0.000386066007195, 0.000241324320086, 0.00018483166059, 0.000177000023541, 0.000192831197637, 0.000152251304826, 0.000171172621776, 0.000117223258712, 0.000108035928861, 9.52681948547e-05, 7.83724317444e-05, 7.21362885088e-05, 5.17430271429e-05, 3.09295537591e-05, 3.00156007143e-05, 2.60324832198e-05, 2.16318476305e-05, 1.46456950461e-05, 1.28181200125e-05, 2.00575232157e-05, 1.47653299791e-05, 5.15831925441e-06, 4.19578100264e-06, 4.27848317486e-06, 4.1275006879e-06, 4.13090538132e-06, 3.2312680105e-06, 2.92496451948e-06, 3.01510726786e-06, 2.22141488848e-06, 1.67677012541e-06, 1.27785904169e-06, 1.06206960027e-06, 8.06852483493e-07]
    },
    "melbands128": {
        "mean": [0.000125907958136, 0.000540007313248, 0.00145564158447, 0.00274675851688, 0.00271262065507, 0.00144852558151, 0.000692996429279, 0.000616655161139, 0.000445525103714, 0.000362037098967, 0.000391413166653, 0.000259358756011, 0.000202101873583, 0.000470308499644, 0.000438668968854, 0.000363167899195, 0.000468175305286, 0.000364348554285, 0.000311906012939, 0.000331213377649, 0.00015556938888, 0.000140076328535, 0.000181414739927, 0.000255998136709, 0.000144598947372, 0.000155133282533, 0.00022960609931, 0.00014828730491, 0.000245568575338, 0.000137297145557, 0.000110742970719, 0.000183404175914, 0.000212398343137, 0.000121773548017, 0.000140073214425, 0.000100404453406, 0.000106175604742, 0.000122114332044, 0.00010547691636, 7.622949488e-05, 9.39966848819e-05, 0.000123827485368, 6.43853491056e-05, 5.89806950302e-05, 9.53650014708e-05, 7.04252088326e-05, 5.28006712557e-05, 6.15061071585e-05, 4.42583732365e-05, 3.93715599785e-05, 2.75335405604e-05, 2.39561486524e-05, 3.22172199958e-05, 3.22241212416e-05, 2.6305202482e-05, 2.84505986201e-05, 2.08937472053e-05, 2.54429178312e-05, 2.0448167561e-05, 1.66775134858e-05, 1.67147809407e-05, 1.08113999886e-05, 1.00811148513e-05, 1.40189085869e-05, 1.60629606398e-05, 2.16189673665e-05, 2.07955563383e-05, 2.04809130082e-05, 1.30385496959e-05, 8.00234920462e-06, 4.5109209168e-06, 3.98844485971e-06, 4.31710441262e-06, 3.94623066313e-06, 4.62852221972e-06, 4.22919401899e-06, 4.31979196946e-06, 3.79012749363e-06, 3.89837077819e-06, 4.87671786686e-06, 3.93153095501e-06, 4.12519148085e-06, 3.88167745768e-06, 3.04877676172e-06, 2.73784189631e-06, 2.85520900434e-06, 2.8531303542e-06, 3.38745962836e-06, 3.02357648252e-06, 2.78866014014e-06, 2.57077431343e-06, 1.92224797502e-06, 1.95882648768e-06, 1.72663601461e-06, 1.51659128278e-06, 1.26386657939e-06, 1.24788766698e-06, 1.23849042666e-06, 1.12010638986e-06, 9.3942702506e-07, 8.76995329691e-07, 8.16090391709e-07, 6.83352823216e-07, 5.88194154716e-07, 5.00065141296e-07, 4.18457375417e-07, 3.61172368457e-07, 3.23836161442e-07, 2.63021462388e-07, 2.11470364775e-07, 1.48943570366e-07, 1.13142029079e-07, 8.81737207692e-08, 7.83078135669e-08, 6.79573659568e-08, 5.49990062382e-08, 3.86508531847e-08, 9.83603953841e-09, 2.98135760524e-09, 1.55704515947e-09, 3.93457710857e-10, 3.17991161181e-10, 1.7390883178e-10, 1.27459306998e-10, 6.15907325141e-11, 3.9893567616e-11, 2.80946672176e-11, 1.9101479079e-11]
    },
    "mfcc": {
        "mean": [-654.224365234, 127.992332458, -4.90912532806, 17.0033187866, 3.979585886, 6.3849401474, -2.62413477898, 3.64101910591, -7.03258991241, 5.25570678711, 1.46954607964, -0.656559884548, 1.76642608643],
        "cov": [[12384.9873047, -1914.40087891, -648.613769531, -216.038345337, -399.819976807, 154.207565308, 60.0259513855, 188.278106689, 38.6969108582, 178.555282593, 72.9274902344, 55.8552398682, -65.1136932373], [-1914.40087891, 1675.34960938, -270.940490723, -4.78119516373, 129.670394897, -15.1714334488, 39.4790267944, 53.0643577576, -32.4071350098, 0.815997004509, -2.67075562477, -2.45635724068, 58.6697807312], [-648.613769531, -270.940490723, 950.50201416, 206.513839722, 3.52565312386, 253.44883728, 78.3444824219, -2.64818120003, 165.880264282, -1.48346698284, 2.29389858246, 59.8731002808, -5.88273620605], [-216.038345337, -4.78119516373, 206.513839722, 370.408233643, 125.34967804, 65.5010681152, -14.1534862518, 11.765458107, 60.4778785706, 20.7611560822, -2.15645432472, 31.6066455841, 19.9572620392], [-399.819976807, 129.670394897, 3.52565312386, 125.34967804, 286.615142822, 45.0206336975, -52.7230224609, -27.7187137604, 24.2960510254, 38.7283096313, 8.99222564697, 31.8907318115, 27.3767566681], [154.207565308, -15.1714334488, 253.44883728, 65.5010681152, 45.0206336975, 290.383605957, 86.339515686, -2.41243720055, 95.0060501099, 18.3610782623, 17.1129589081, 59.4972114563, -21.8750267029], [60.0259513855, 39.4790267944, 78.3444824219, -14.1534862518, -52.7230224609, 86.339515686, 218.673446655, 100.00667572, 32.7589263916, 10.9664478302, 26.022354126, 10.3955545425, -1.44675278664], [188.278106689, 53.0643577576, -2.64818120003, 11.765458107, -27.7187137604, -2.41243720055, 100.00667572, 170.471862793, 36.3381767273, 18.5422058105, 17.4672794342, 1.74068903923, 15.317773819], [38.6969108582, -32.4071350098, 165.880264282, 60.4778785706, 24.2960510254, 95.0060501099, 32.7589263916, 36.3381767273, 152.479263306, 36.2952079773, -3.78555202484, 19.1971740723, -17.4210834503], [178.555282593, 0.815997004509, -1.48346698284, 20.7611560822, 38.7283096313, 18.3610782623, 10.9664478302, 18.5422058105, 36.2952079773, 119.084388733, 37.403717041, 4.05601024628, 7.66271781921], [72.9274902344, -2.67075562477, 2.29389858246, -2.15645432472, 8.99222564697, 17.1129589081, 26.022354126, 17.4672794342, -3.78555202484, 37.403717041, 91.6740112305, 22.6246948242, -3.95206952095], [55.8552398682, -2.45635724068, 59.8731002808, 31.6066455841, 31.8907318115, 59.4972114563, 10.3955545425, 1.74068903923, 19.1971740723, 4.05601024628, 22.6246948242, 103.092178345, 22.2910346985], [-65.1136932373, 58.6697807312, -5.88273620605, 19.9572620392, 27.3767566681, -21.8750267029, -1.44675278664, 15.317773819, -17.4210834503, 7.66271781921, -3.95206952095, 22.2910346985, 90.467590332]],
        "icov": [[0.000134986054036, 0.0001770680974, 0.000218989735004, -2.57516276179e-05, 0.00020515700453, -0.000299512932543, 0.000129064064822, -0.000222890274017, 6.56934798826e-06, -0.000200019901968, 3.18018210237e-05, -7.67289820942e-05, -5.39552675036e-05], [0.0001770680974, 0.000915822049137, 0.000519487599377, -1.53506953211e-05, -8.52556040627e-05, -0.000524504634086, -2.50949069596e-05, -0.000435779511463, 6.17965099536e-07, -7.72532512201e-05, 6.67765780236e-05, 5.58331994398e-05, -0.000461134855868], [0.000218989735004, 0.000519487599377, 0.00217877328396, -0.000849332544021, 0.000816724263132, -0.00152016058564, -6.43371604383e-05, 0.000194194493815, -0.00137451768387, 0.000346564309439, -0.000280025531538, -5.80514642934e-06, -0.000803718809038], [-2.57516276179e-05, -1.53506953211e-05, -0.000849332544021, 0.00381354079582, -0.00161506549921, 0.000106173560198, 0.000479482667288, -0.000723452190869, -0.00030781244277, -4.22499724664e-05, 0.000318776670611, -0.000217323511606, -0.000248726690188], [0.00020515700453, -8.52556040627e-05, 0.000816724263132, -0.00161506549921, 0.00547813298181, -0.00149657600559, 0.00153096404392, 0.000282593566226, -0.000383724167477, -0.00143884727731, -0.00029993665521, -0.000619741447736, -0.00124307197984], [-0.000299512932543, -0.000524504634086, -0.00152016058564, 0.000106173560198, -0.00149657600559, 0.00753477169201, -0.0033182206098, 0.00258804741316, -0.00231572403572, 0.000328752037603, -5.52933634026e-05, -0.00258504319936, 0.00194658339024], [0.000129064064822, -2.50949069596e-05, -6.43371604383e-05, 0.000479482667288, 0.00153096404392, -0.0033182206098, 0.00854572467506, -0.00502118980512, 0.000932573224418, -0.000198609108338, -0.00113887211774, 0.000630774302408, -0.000288353825454], [-0.000222890274017, -0.000435779511463, 0.000194194493815, -0.000723452190869, 0.000282593566226, 0.00258804741316, -0.00502118980512, 0.0102985054255, -0.00335610588081, 0.000384572340408, -0.00134258239996, 0.000262627116172, -0.0017915496137], [6.56934798826e-06, 6.17965099536e-07, -0.00137451768387, -0.00030781244277, -0.000383724167477, -0.00231572403572, 0.000932573224418, -0.00335610588081, 0.011784681119, -0.00386180193163, 0.00334877334535, -0.00115135975648, 0.00314861861989], [-0.000200019901968, -7.72532512201e-05, 0.000346564309439, -4.22499724664e-05, -0.00143884727731, 0.000328752037603, -0.000198609108338, 0.000384572340408, -0.00386180193163, 0.0120475776494, -0.00547401839867, 0.00209517613985, -0.00213487143628], [3.18018210237e-05, 6.67765780236e-05, -0.000280025531538, 0.000318776670611, -0.00029993665521, -5.52933634026e-05, -0.00113887211774, -0.00134258239996, 0.00334877334535, -0.00547401839867, 0.0150097711012, -0.00402512028813, 0.00293355970643], [-7.67289820942e-05, 5.58331994398e-05, -5.80514642934e-06, -0.000217323511606, -0.000619741447736, -0.00258504319936, 0.000630774302408, 0.000262627116172, -0.00115135975648, 0.00209517613985, -0.00402512028813, 0.0133932614699, -0.00439085811377], [-5.39552675036e-05, -0.000461134855868, -0.000803718809038, -0.000248726690188, -0.00124307197984, 0.00194658339024, -0.000288353825454, -0.0017915496137, 0.00314861861989, -0.00213487143628, 0.00293355970643, -0.00439085811377, 0.0144592905417]]
    },
    "spectral_contrast_coeffs": {
        "mean": [-0.726456999779, -0.738228976727, -0.751853466034, -0.772415578365, -0.768919110298, -0.773827135563]
    },
    "spectral_contrast_valleys": {
        "mean": [-6.81935453415, -6.78017759323, -7.4618678093, -7.66699266434, -7.88496351242, -10.3839206696]
    }
},
"rhythm": {
    "beats_count": 486,
    "beats_loudness": {
        "mean": 0.0415973588824
    },
    "bpm": 134.769699097,
    "bpm_histogram_first_peak_bpm": 136,
    "bpm_histogram_first_peak_weight": 0.400000035763,
    "bpm_histogram_second_peak_bpm": 129,
    "bpm_histogram_second_peak_spread": 0.118644058704,
    "bpm_histogram_second_peak_weight": 0.107216492295,
    "danceability": 1.05463504791,
    "onset_rate": 3.83468008041,
    "beats_loudness_band_ratio": {
        "mean": [0.437947422266, 0.153443619609, 0.149017348886, 0.15687289834, 0.0853748321533, 0.0537594817579]
    },
    "beats_position": [0.336689323187, 0.684988677502, 1.04489791393, 1.40480720997, 1.764716506, 2.12462592125, 2.47292518616, 2.82122445107, 3.15791368484, 3.50621318817, 3.83129239082, 4.17959165573, 4.52789115906, 4.88780021667, 5.24770975113, 5.60761880875, 6.06040811539, 6.5015873909, 6.94276618958, 7.39555549622, 7.85995435715, 8.31274318695, 8.76553249359, 9.21832180023, 9.65950107574, 10.1006803513, 10.5418596268, 10.9946479797, 11.4474372864, 11.9118366241, 12.3762359619, 12.840634346, 13.3050336838, 13.7694330215, 14.2222223282, 14.6750106812, 15.1161899567, 15.5689792633, 16.0217685699, 16.4861679077, 16.9505672455, 17.4033565521, 17.8793640137, 18.3669834137, 18.8546028137, 19.3422222137, 19.8182315826, 20.2942390442, 20.758638382, 21.2230377197, 21.6758270264, 22.128616333, 22.5697956085, 23.010974884, 23.4521541595, 23.8933334351, 24.3461227417, 24.7989120483, 25.2516994476, 25.6928787231, 26.1456680298, 26.5868473053, 27.0280265808, 27.4692058563, 27.921995163, 28.3747844696, 28.8159637451, 29.2571430206, 29.6983222961, 30.1394996643, 30.5806789398, 31.0218582153, 31.4630374908, 31.9042167664, 32.3453979492, 32.7865753174, 33.2277526855, 33.6805419922, 34.1333312988, 34.5745124817, 35.0156898499, 35.4568710327, 35.8980484009, 36.3392295837, 36.7920188904, 37.244808197, 37.6859855652, 38.1271629333, 38.5683441162, 39.0095214844, 39.4507026672, 39.8918800354, 40.3330612183, 40.7858505249, 41.2270278931, 41.6798171997, 42.1209983826, 42.5737876892, 43.0265769958, 43.4793624878, 43.9205436707, 44.3733329773, 44.8029022217, 45.2324714661, 45.6736488342, 46.1148300171, 46.5676193237, 47.0204086304, 47.4615859985, 47.9027671814, 48.3323364258, 48.7619056702, 49.2146911621, 49.6674804688, 50.1086616516, 50.5498390198, 50.9910202026, 51.4321975708, 51.8733787537, 52.3145561218, 52.7557373047, 53.1969146729, 53.6380958557, 54.0792732239, 54.5204544067, 54.9732398987, 55.4144210815, 55.8555984497, 56.3083877563, 56.7495689392, 57.2023582458, 57.6551475525, 58.0963249207, 58.5375061035, 58.9786834717, 59.4314727783, 59.8610420227, 60.3138313293, 60.766620636, 61.2077980042, 61.6605873108, 62.1133766174, 62.5545578003, 63.0073471069, 63.4601364136, 63.924533844, 64.3657150269, 64.806892395, 65.2480697632, 65.6892471313, 66.1304321289, 66.5716094971, 67.0243988037, 67.4771881104, 67.9183654785, 68.3595428467, 68.8007278442, 69.2419052124, 69.6714706421, 70.1242599487, 70.5654373169, 71.0066223145, 71.4594116211, 71.9122009277, 72.3649902344, 72.817779541, 73.2589569092, 73.7001342773, 74.1413116455, 74.5824966431, 75.0236740112, 75.4648513794, 75.9060287476, 76.3472061157, 76.7883911133, 77.2295684814, 77.6707458496, 78.1119232178, 78.5531082153, 79.005897522, 79.4470748901, 79.8998641968, 80.3410415649, 80.7938308716, 81.2466201782, 81.6877975464, 82.1289749146, 82.5701599121, 83.0113372803, 83.4525146484, 83.8936920166, 84.3348770142, 84.7760543823, 85.2172317505, 85.6584091187, 86.1111984253, 86.5523757935, 86.993560791, 87.4347381592, 87.8875274658, 88.3403167725, 88.7931060791, 89.2342834473, 89.6754608154, 90.116645813, 90.5578231812, 90.9990005493, 91.451789856, 91.9045791626, 92.3457565308, 92.7869338989, 93.2281188965, 93.6692962646, 94.1336975098, 94.5748748779, 95.0160522461, 95.4572296143, 95.8984146118, 96.33959198, 96.7807693481, 97.2219467163, 97.6631240845, 98.104309082, 98.5570983887, 99.0098876953, 99.4510650635, 99.8922424316, 100.3334198, 100.774604797, 101.215782166, 101.668571472, 102.121360779, 102.562538147, 103.003715515, 103.444892883, 103.886077881, 104.327255249, 104.768432617, 105.209609985, 105.650794983, 106.091972351, 106.533149719, 106.974327087, 107.415504456, 107.868293762, 108.321083069, 108.773872375, 109.226661682, 109.66784668, 110.109024048, 110.550201416, 110.991378784, 111.432563782, 111.87374115, 112.314918518, 112.756095886, 113.197273254, 113.638458252, 114.091247559, 114.544036865, 114.985214233, 115.426391602, 115.879180908, 116.331970215, 116.773147583, 117.22593689, 117.667114258, 118.108299255, 118.561088562, 119.00226593, 119.443443298, 119.884620667, 120.325805664, 120.778594971, 121.231384277, 121.672561646, 122.113739014, 122.56652832, 123.019317627, 123.460494995, 123.901672363, 124.35446167, 124.807250977, 125.248435974, 125.689613342, 126.13079071, 126.571968079, 127.013153076, 127.454330444, 127.895507812, 128.348297119, 128.801086426, 129.242263794, 129.683441162, 130.12461853, 130.577407837, 131.030197144, 131.471374512, 131.912567139, 132.353744507, 132.794921875, 133.236099243, 133.677276611, 134.130065918, 134.582855225, 135.024032593, 135.465209961, 135.906387329, 136.347564697, 136.788757324, 137.241546631, 137.682723999, 138.123901367, 138.576690674, 139.017868042, 139.45904541, 139.900222778, 140.341400146, 140.782577515, 141.223754883, 141.676544189, 142.129333496, 142.570526123, 143.011703491, 143.452880859, 143.894058228, 144.346847534, 144.799636841, 145.252426147, 145.705215454, 146.169616699, 146.634017944, 147.086807251, 147.562805176, 148.015594482, 148.479995728, 148.932785034, 149.397186279, 149.849975586, 150.314376831, 150.778778076, 151.254776001, 151.742401123, 152.230026245, 152.694412231, 153.158813477, 153.623214722, 154.076004028, 154.540405273, 155.004806519, 155.469207764, 155.933609009, 156.397994995, 156.850784302, 157.315185547, 157.779586792, 158.243988037, 158.708389282, 159.172790527, 159.648788452, 160.113189697, 160.577590942, 161.041992188, 161.494781494, 161.959182739, 162.423583984, 162.887985229, 163.352371216, 163.816772461, 164.281173706, 164.745574951, 165.209976196, 165.662765503, 166.11555481, 166.579956055, 167.032745361, 167.485534668, 167.938323975, 168.391113281, 168.855514526, 169.308303833, 169.761077881, 170.213867188, 170.666656494, 171.107849121, 171.549026489, 171.990203857, 172.454605103, 172.907394409, 173.360183716, 173.801361084, 174.254150391, 174.706939697, 175.159729004, 175.612518311, 176.076919556, 176.541305542, 177.005706787, 177.458496094, 177.922897339, 178.375686646, 178.828475952, 179.281265259, 179.734054565, 180.186843872, 180.639633179, 181.092422485, 181.545211792, 181.98638916, 182.439178467, 182.891967773, 183.333145142, 183.785934448, 184.227111816, 184.668289185, 185.109481812, 185.562271118, 186.003448486, 186.444625854, 186.897415161, 187.338592529, 187.791381836, 188.244171143, 188.685348511, 189.184570312, 189.683807373, 190.194641113, 190.682266235, 191.181488037, 191.680725098, 192.133514404, 192.574691772, 193.039093018, 193.480270386, 193.944671631, 194.409072876, 194.885070801, 195.326248169, 195.767440796, 196.208618164, 196.649795532, 197.0909729, 197.543762207, 197.996551514, 198.437728882, 198.87890625, 199.320083618, 199.761260986, 200.202438354, 200.655227661, 201.108016968, 201.549209595, 202.001998901, 202.454788208, 202.895965576, 203.348754883, 203.778320312, 204.219497681, 204.672286987, 205.125076294, 205.554641724, 205.995819092, 206.43699646, 206.866577148, 207.307754517, 207.748931885, 208.190109253, 208.64289856, 209.095687866, 209.536865234, 209.978042603, 210.419219971, 210.860397339, 211.301589966, 211.742767334, 212.183944702, 212.590286255, 213.008255005, 213.426208496, 213.844161987, 214.262130737, 214.680084229, 215.098052979, 215.51600647, 215.933959961, 216.351928711],
    "bpm_histogram": [0, 0, 0, 0, 0, 0, 0, 0, 0, 0, 0, 0, 0, 0, 0, 0, 0, 0, 0, 0, 0, 0, 0, 0, 0, 0, 0, 0, 0, 0, 0, 0, 0, 0, 0, 0, 0, 0, 0, 0, 0, 0, 0, 0, 0, 0, 0, 0, 0, 0, 0, 0, 0, 0, 0, 0, 0, 0, 0, 0, 0, 0, 0, 0, 0, 0, 0, 0, 0, 0, 0, 0, 0, 0, 0, 0, 0, 0, 0, 0, 0, 0, 0, 0, 0, 0, 0, 0, 0, 0, 0, 0, 0, 0, 0, 0, 0, 0, 0, 0, 0, 0, 0, 0, 0, 0, 0, 0, 0, 0, 0, 0, 0, 0, 0, 0, 0, 0.00206185574643, 0, 0, 0.00824742298573, 0, 0, 0.0123711340129, 0, 0, 0.0144329899922, 0, 0, 0.107216492295, 0, 0, 0, 0.303092777729, 0, 0, 0.48247423768, 0, 0, 0, 0.0185567010194, 0, 0, 0, 0.0185567010194, 0, 0, 0, 0.00206185574643, 0, 0, 0, 0, 0, 0, 0, 0, 0, 0, 0, 0, 0, 0, 0, 0, 0, 0, 0.0144329899922, 0, 0, 0, 0, 0.0123711340129, 0, 0, 0, 0, 0, 0.00206185574643, 0, 0, 0, 0, 0, 0, 0.00206185574643, 0, 0, 0, 0, 0, 0, 0, 0, 0, 0, 0, 0, 0, 0, 0, 0, 0, 0, 0, 0, 0, 0, 0, 0, 0, 0, 0, 0, 0, 0, 0, 0, 0, 0, 0, 0, 0, 0, 0, 0, 0, 0, 0, 0, 0, 0, 0, 0, 0, 0, 0, 0, 0, 0, 0, 0, 0, 0, 0, 0, 0, 0, 0, 0]
},
"tonal": {
    "chords_changes_rate": 0.0714744254947,
    "chords_number_rate": 0.0025679434184,
    "chords_strength": {
        "mean": 0.48580211401
    },
    "hpcp_crest": {
        "mean": 13.0743312836
    },
    "hpcp_entropy": {
        "mean": 2.09393191338
    },
    "key_edma": {
        "strength": 0.828265845776,
        "key": "E",
        "scale": "major"
    },
    "key_krumhansl": {
        "strength": 0.834847450256,
        "key": "E",
        "scale": "major"
    },
    "key_temperley": {
        "strength": 0.835990130901,
        "key": "E",
        "scale": "major"
    },
    "tuning_diatonic_strength": 0.647061049938,
    "tuning_equal_tempered_deviation": 0.0253595430404,
    "tuning_frequency": 440.508636475,
    "tuning_nontempered_energy_ratio": 0.708998978138,
    "hpcp": {
        "mean": [0.202500417829, 0.120093464851, 0.0836917757988, 0.0930780023336, 0.10360570997, 0.182937517762, 0.246033713222, 0.170225143433, 0.0894284769893, 0.0695917233825, 0.0645398125052, 0.100553929806, 0.134144514799, 0.0990028008819, 0.0677508935332, 0.0671342760324, 0.0745568200946, 0.137590587139, 0.178875684738, 0.148075267673, 0.21557918191, 0.321055173874, 0.225120961666, 0.101386874914, 0.0879759192467, 0.0967539027333, 0.167135581374, 0.218495801091, 0.150658845901, 0.0894442200661, 0.0914705097675, 0.109186157584, 0.200862690806, 0.275485098362, 0.202133253217, 0.185976848006]
    },
    "chords_histogram": [34.8812332153, 11.6199445724, 10.3787717819, 0.534988224506, 1.43376851082, 0.25679436326, 0.299593418837, 0.427990585566, 2.86753702164, 0.577787280083, 0.920179784298, 0, 0.0213995296508, 0.171196237206, 0.106997646391, 3.1029317379, 0.12839718163, 2.16135239601, 0.0641985908151, 2.01155567169, 2.80333828926, 4.38690328598, 6.09886598587, 14.7442760468],
    "thpcp": [1, 0.701190888882, 0.315792679787, 0.274021178484, 0.301362216473, 0.520582139492, 0.680555284023, 0.469261527061, 0.278594553471, 0.28490588069, 0.340085327625, 0.625632941723, 0.858061552048, 0.629590392113, 0.579267561436, 0.630734026432, 0.374058663845, 0.26067724824, 0.28991279006, 0.322703748941, 0.569800853729, 0.766328454018, 0.530205249786, 0.278545498848, 0.216759383678, 0.201024055481, 0.313198298216, 0.417823880911, 0.308366924524, 0.211025699973, 0.209105104208, 0.232224315405, 0.42855745554, 0.557149350643, 0.461214393377, 0.671470820904],
    "chords_key": "E",
    "chords_scale": "major"
}
}