{
"metadata": {
    "version": {
        "essentia": "2.1-beta6-dev",
        "essentia_git_sha": "v2.1_beta5-1177-g1d1cc983",
        "extractor": "music 2.0"
    },
    "audio_properties": {
        "analysis": {
            "equal_loudness": 0,
            "length": 183.253326416,
            "sample_rate": 44100,
            "start_time": 0,
            "downmix": "mix"
        },
        "bit_rate": 1411200,
        "length": 183.253326416,
        "lossless": 1,
        "number_channels": 2,
        "replay_gain": -14.8746623993,
        "sample_rate": 44100,
        "codec": "pcm_s16le",
        "md5_encoded": "b4dc3cd77182b7424145ae6105f4aa5b"
    },
    "tags": {
        "file_name": "08 - The Front Bottoms - Raining.wav",
        "album": ["Going Grey"],
        "albumartist": ["The Front Bottoms"],
        "artist": ["The Front Bottoms"],
        "copyright": ["© 2017 Fueled By Ramen LLC for the United States and WEA International Inc. for the world outside of the United States. A Warner Music Group Company ℗ 2017 Fueled By Ramen LLC"],
        "date": ["2017"],
        "discnumber": ["1"],
        "disctotal": ["1"],
        "genre": ["Alternative & Indie"],
        "isrc": ["USAT21703201"],
        "title": ["Raining"],
        "tracknumber": ["8"],
        "tracktotal": ["11"]
    }
},
"lowlevel": {
    "average_loudness": 0.95465618372,
    "barkbands_crest": {
        "mean": 10.2048664093
    },
    "barkbands_flatness_db": {
        "mean": 0.142092555761
    },
    "barkbands_kurtosis": {
        "mean": 4.31425237656
    },
    "barkbands_skewness": {
        "mean": 1.79623246193
    },
    "barkbands_spread": {
        "mean": 20.3484745026
    },
    "dissonance": {
        "mean": 0.461403846741
    },
    "dynamic_complexity": 2.2507891655,
    "erbbands_crest": {
        "mean": 8.80184936523
    },
    "erbbands_flatness_db": {
        "mean": 0.156408548355
    },
    "erbbands_kurtosis": {
        "mean": 0.0964429676533
    },
    "erbbands_skewness": {
        "mean": 0.450602591038
    },
    "erbbands_spread": {
        "mean": 42.4627876282
    },
    "hfc": {
        "mean": 21.7666625977
    },
    "loudness_ebu128": {
        "integrated": -7.41176891327,
        "loudness_range": 4.01445627213,
        "momentary": {
            "mean": -8.42106056213
        },
        "short_term": {
            "mean": -7.78535318375
        }
    },
    "melbands_crest": {
        "mean": 14.9843921661
    },
    "melbands_flatness_db": {
        "mean": 0.20481094718
    },
    "melbands_kurtosis": {
        "mean": 13.6825723648
    },
    "melbands_skewness": {
        "mean": 2.87461709976
    },
    "melbands_spread": {
        "mean": 19.3818054199
    },
    "pitch_salience": {
        "mean": 0.538013994694
    },
    "silence_rate_20dB": {
        "mean": 1
    },
    "silence_rate_30dB": {
        "mean": 1
    },
    "silence_rate_60dB": {
        "mean": 0.025082340464
    },
    "spectral_centroid": {
        "mean": 1217.77490234
    },
    "spectral_complexity": {
        "mean": 21.2125663757
    },
    "spectral_decrease": {
        "mean": -8.93585472284e-09
    },
    "spectral_energy": {
        "mean": 0.0357002466917
    },
    "spectral_energyband_high": {
        "mean": 0.000876579550095
    },
    "spectral_energyband_low": {
        "mean": 0.0144908744842
    },
    "spectral_energyband_middle_high": {
        "mean": 0.00517999147996
    },
    "spectral_energyband_middle_low": {
        "mean": 0.0164714343846
    },
    "spectral_entropy": {
        "mean": 7.55740356445
    },
    "spectral_flux": {
        "mean": 0.089038528502
    },
    "spectral_kurtosis": {
        "mean": 4.34779071808
    },
    "spectral_rms": {
        "mean": 0.00560713652521
    },
    "spectral_rolloff": {
        "mean": 1202.16296387
    },
    "spectral_skewness": {
        "mean": 1.49435174465
    },
    "spectral_spread": {
        "mean": 4589307
    },
    "spectral_strongpeak": {
        "mean": 0.818924546242
    },
    "zerocrossingrate": {
        "mean": 0.0535313114524
    },
    "barkbands": {
        "mean": [0.000317259749863, 0.00648905010894, 0.00647682137787, 0.00308154849336, 0.00468141585588, 0.00231984327547, 0.00302654644474, 0.00133241468575, 0.00182724406477, 0.00109457608778, 0.000783831172157, 0.000588575319853, 0.000466522120405, 0.000456930487417, 0.00032247431227, 0.000326717825374, 0.00024106822093, 0.000352288101567, 0.000410024629673, 0.000334750162438, 0.000173407854163, 0.000165354824276, 0.000162956377608, 0.000170643485035, 7.60978800827e-05, 2.02356986847e-05, 1.66599193108e-06]
    },
    "erbbands": {
        "mean": [0.154829591513, 1.60575473309, 7.33349895477, 8.1635055542, 14.8608808517, 16.0829143524, 10.7351427078, 24.0890388489, 41.2011222839, 40.6349487305, 30.7734260559, 42.568031311, 34.8459625244, 27.9335041046, 32.4663009644, 22.1457824707, 22.2861347198, 17.8982200623, 21.5992355347, 18.7662696838, 17.0647907257, 14.5538110733, 18.6545276642, 16.9951534271, 25.4012622833, 14.1670742035, 8.33135509491, 6.24243783951, 6.02832746506, 5.46010637283, 4.46271944046, 3.84881258011, 2.54177522659, 1.06833052635, 0.446325719357, 0.138788163662, 0.0278237983584, 0.00373455719091, 0.000314889213769, 5.12347214681e-05]
    },
    "gfcc": {
        "mean": [9.13207149506, 100.902275085, -121.698310852, 33.7855033875, -67.5706710815, 8.21815395355, -39.7183609009, 7.14520597458, -24.2717494965, -5.41897296906, -13.9419212341, -7.3828754425, -11.0527963638],
        "cov": [[11299.4931641, -779.845031738, 514.570800781, 1232.56921387, -95.9983901978, 1258.72290039, 62.4806632996, 622.771118164, -2.14767861366, 230.360870361, -25.8731899261, -28.9028244019, -209.250991821], [-779.845031738, 1318.56494141, -245.557098389, -137.488449097, 309.744720459, -215.753433228, 226.817596436, -90.333442688, 155.076599121, -101.055366516, 78.5373458862, -61.6515235901, 103.885452271], [514.570800781, -245.557098389, 852.524719238, 340.585723877, 183.726516724, 381.706604004, 79.7773513794, 250.379623413, 81.3227310181, 138.459732056, 5.92723178864, 103.538269043, -30.3852176666], [1232.56921387, -137.488449097, 340.585723877, 497.367980957, 98.5480422974, 296.977386475, 77.9789733887, 189.787139893, 79.467590332, 57.0343475342, 53.5352630615, 39.4468383789, -2.05960845947], [-95.9983901978, 309.744720459, 183.726516724, 98.5480422974, 346.580505371, 141.671340942, 159.439331055, 93.3720397949, 92.6222305298, 47.3040618896, 11.4150180817, 45.4788818359, 41.5968208313], [1258.72290039, -215.753433228, 381.706604004, 296.977386475, 141.671340942, 496.13973999, 152.445205688, 222.429794312, 70.1345596313, 98.3800735474, 13.9580450058, 48.2991256714, -20.3578052521], [62.4806632996, 226.817596436, 79.7773513794, 77.9789733887, 159.439331055, 152.445205688, 243.547470093, 118.47013855, 90.0999069214, 30.5728797913, 28.9064598083, 21.9615039825, 10.6384725571], [622.771118164, -90.333442688, 250.379623413, 189.787139893, 93.3720397949, 222.429794312, 118.47013855, 283.385650635, 104.287483215, 72.318031311, 55.1740989685, 38.8298301697, -19.6823139191], [-2.14767861366, 155.076599121, 81.3227310181, 79.467590332, 92.6222305298, 70.1345596313, 90.0999069214, 104.287483215, 142.113540649, 44.3921203613, 38.0960006714, 2.48536014557, 8.99434757233], [230.360870361, -101.055366516, 138.459732056, 57.0343475342, 47.3040618896, 98.3800735474, 30.5728797913, 72.318031311, 44.3921203613, 102.805168152, 15.2310914993, 22.9038181305, -12.0708446503], [-25.8731899261, 78.5373458862, 5.92723178864, 53.5352630615, 11.4150180817, 13.9580450058, 28.9064598083, 55.1740989685, 38.0960006714, 15.2310914993, 110.283027649, 14.5474948883, 5.66390705109], [-28.9028244019, -61.6515235901, 103.538269043, 39.4468383789, 45.4788818359, 48.2991256714, 21.9615039825, 38.8298301697, 2.48536014557, 22.9038181305, 14.5474948883, 87.0145950317, 21.6813983917], [-209.250991821, 103.885452271, -30.3852176666, -2.05960845947, 41.5968208313, -20.3578052521, 10.6384725571, -19.6823139191, 8.99434757233, -12.0708446503, 5.66390705109, 21.6813983917, 79.6758346558]],
        "icov": [[0.000265156675596, -0.000529043609276, 0.000462385098217, -0.000671508314554, 0.000530526041985, -0.000828695774544, 0.000696355942637, -0.000684739847202, 0.000852467434015, -0.000893043819815, 0.000786733115092, -0.000286559254164, 0.000584827852435], [-0.000529043609276, 0.00398512650281, -0.00125457008835, 0.00183912040666, -0.00346420612186, 0.00300141237676, -0.00361844920553, 0.00308034196496, -0.00420213583857, 0.00479244301096, -0.0038938364014, 0.00314115500078, -0.00257434276864], [0.000462385098217, -0.00125457008835, 0.00350897782482, -0.00204517412931, 0.000371349829948, -0.00239815958776, 0.00250044488348, -0.00222069304436, 0.00167852162849, -0.00314986798912, 0.00262161158025, -0.00272546312772, 0.00233498541638], [-0.000671508314554, 0.00183912040666, -0.00204517412931, 0.00565387308598, -0.00174584472552, 0.000518395681866, -0.00138028187212, 0.00140872504562, -0.00341727212071, 0.00407275930047, -0.00379403564148, 0.00154455611482, -0.0023669055663], [0.000530526041985, -0.00346420612186, 0.000371349829948, -0.00174584472552, 0.00829066243023, -0.00283426744863, 0.000482046016259, -0.00207939906977, 0.00217058556154, -0.0046972814016, 0.00418092729524, -0.00342010031454, 5.28422970092e-05], [-0.000828695774544, 0.00300141237676, -0.00239815958776, 0.000518395681866, -0.00283426744863, 0.00847561564296, -0.0054025342688, 0.00120962818619, -0.00192775554024, 0.00202202028595, -0.00225307419896, 0.00255191582255, -0.00233579566702], [0.000696355942637, -0.00361844920553, 0.00250044488348, -0.00138028187212, 0.000482046016259, -0.0054025342688, 0.0118310684338, -0.00449742935598, 0.00137322733644, -0.00304373633116, 0.00330141745508, -0.00351328961551, 0.00324708060361], [-0.000684739847202, 0.00308034196496, -0.00222069304436, 0.00140872504562, -0.00207939906977, 0.00120962818619, -0.00449742935598, 0.0113405967131, -0.00730831967667, 0.00371887604706, -0.00541322864592, 0.000640685437247, -0.000229563956964], [0.000852467434015, -0.00420213583857, 0.00167852162849, -0.00341727212071, 0.00217058556154, -0.00192775554024, 0.00137322733644, -0.00730831967667, 0.0187991894782, -0.00951519422233, 0.00272487592883, 0.00106892094482, 0.000606763409451], [-0.000893043819815, 0.00479244301096, -0.00314986798912, 0.00407275930047, -0.0046972814016, 0.00202202028595, -0.00304373633116, 0.00371887604706, -0.00951519422233, 0.0215400699526, -0.00607218267396, 0.00130377605092, -0.000981595832855], [0.000786733115092, -0.0038938364014, 0.00262161158025, -0.00379403564148, 0.00418092729524, -0.00225307419896, 0.00330141745508, -0.00541322864592, 0.00272487592883, -0.00607218267396, 0.015849661082, -0.00500551844016, 0.00251625338569], [-0.000286559254164, 0.00314115500078, -0.00272546312772, 0.00154455611482, -0.00342010031454, 0.00255191582255, -0.00351328961551, 0.000640685437247, 0.00106892094482, 0.00130377605092, -0.00500551844016, 0.0195088554174, -0.00765875726938], [0.000584827852435, -0.00257434276864, 0.00233498541638, -0.0023669055663, 5.28422970092e-05, -0.00233579566702, 0.00324708060361, -0.000229563956964, 0.000606763409451, -0.000981595832855, 0.00251625338569, -0.00765875726938, 0.018845980987]]
    },
    "melbands": {
        "mean": [0.00154585880227, 0.00315682240762, 0.00169469229877, 0.00114126689732, 0.000448309670901, 0.000549950054847, 0.00059918302577, 0.00041106439312, 0.000266145711066, 0.000249005039223, 0.000176093599293, 0.000121138735267, 0.0001192694981, 6.77983771311e-05, 6.02357140451e-05, 3.80695128115e-05, 3.37775090884e-05, 3.91158828279e-05, 2.43431095441e-05, 2.36298292293e-05, 1.92130446521e-05, 1.45329659063e-05, 1.65834535437e-05, 1.58758048201e-05, 1.26069153339e-05, 1.85393873835e-05, 1.71591000253e-05, 7.31854788683e-06, 5.68985888094e-06, 3.85361363442e-06, 3.40557289746e-06, 3.40995757142e-06, 3.18385355058e-06, 3.03283468384e-06, 2.6268126021e-06, 2.40828876485e-06, 2.31950843954e-06, 1.92691209122e-06, 1.26033251036e-06, 7.82621214057e-07]
    },
    "melbands128": {
        "mean": [0.000301010644762, 0.00121238606516, 0.00165782426484, 0.00293004512787, 0.00407783035189, 0.00277085509151, 0.00145542621613, 0.00172388681676, 0.00150368374307, 0.0011855798075, 0.000888895185199, 0.000547127390746, 0.000240301800659, 0.00043590675341, 0.000525807437953, 0.00055447925115, 0.00084174546646, 0.000547290896066, 0.000347666267771, 0.000581248372328, 0.000328225432895, 0.000289364776108, 0.000159264134709, 0.000375937292119, 0.000372348265955, 0.000127544015413, 0.000164423472597, 0.000138352639624, 0.00027338747168, 0.000118108328024, 5.56675950065e-05, 0.000127370309201, 0.000166519035702, 6.52151356917e-05, 9.548804519e-05, 5.98674050707e-05, 3.7690748286e-05, 6.66225896566e-05, 7.63702046243e-05, 4.08371706726e-05, 2.515165761e-05, 3.93951850128e-05, 2.55642935372e-05, 2.44634193223e-05, 7.29288440198e-05, 3.07422997139e-05, 2.01781131182e-05, 2.63586116489e-05, 2.0964851501e-05, 3.13866039505e-05, 2.21782083827e-05, 1.9939187041e-05, 1.93412033695e-05, 2.23791212193e-05, 1.2065568626e-05, 1.62068390637e-05, 1.17466670417e-05, 1.56661608344e-05, 1.81777013495e-05, 1.90605733223e-05, 1.55682864715e-05, 1.35029040393e-05, 1.38631185109e-05, 1.16039036584e-05, 1.22156989164e-05, 2.08441979339e-05, 2.02061728487e-05, 1.92105890164e-05, 1.8367118173e-05, 1.17547515401e-05, 6.10464257988e-06, 5.52940264242e-06, 6.59819079374e-06, 6.15235740042e-06, 4.16322018282e-06, 3.67711709259e-06, 3.49858919435e-06, 4.27421991844e-06, 3.10173095386e-06, 3.04035961562e-06, 3.43583133144e-06, 3.5352179566e-06, 3.41131931236e-06, 3.15165880238e-06, 3.01315617435e-06, 2.92697654913e-06, 3.06435822495e-06, 3.22029063682e-06, 2.56285647993e-06, 2.20655965677e-06, 2.38987809098e-06, 2.45438377533e-06, 2.52067775364e-06, 2.307370778e-06, 2.27520786211e-06, 2.00148315344e-06, 1.93626829059e-06, 1.68372685039e-06, 1.32143907194e-06, 1.01887758319e-06, 8.57580687352e-07, 7.4189733823e-07, 6.91728871516e-07, 6.20190519385e-07, 5.04170202476e-07, 4.01418958518e-07, 3.39273668715e-07, 2.82574433186e-07, 2.28950199244e-07, 1.85604790204e-07, 1.38713517117e-07, 1.01542248387e-07, 7.4742345646e-08, 5.47683711716e-08, 3.90159407004e-08, 2.8977698463e-08, 2.3145878103e-08, 1.86256574608e-08, 1.48427981017e-08, 8.70990035651e-09, 4.50832660093e-09, 2.46614617616e-09, 1.31896860101e-09, 6.54234277864e-10, 3.29140409372e-10, 1.73405539927e-10, 1.05639330616e-10, 8.11055528294e-11]
    },
    "mfcc": {
        "mean": [-626.118591309, 123.618263245, 2.0089673996, 21.4687137604, -1.80249261856, -2.37023496628, -3.36530566216, 2.82280445099, -5.9161028862, 2.01374340057, -5.11313915253, -5.25273990631, -3.15617084503],
        "cov": [[7444.08154297, -877.939758301, 786.090393066, 262.027252197, 405.767883301, 419.846832275, 411.538726807, 456.446166992, 174.302627563, 454.928955078, 276.19631958, 208.083892822, 151.153671265], [-877.939758301, 1337.13391113, -410.279907227, 65.842666626, -31.1451396942, -18.0199966431, -9.44338417053, -18.0363178253, 62.6906089783, -25.1731700897, -16.8882198334, -7.27593135834, -5.86349964142], [786.090393066, -410.279907227, 701.212097168, 103.840629578, 219.045593262, 149.663833618, 136.77520752, 178.280700684, 104.262390137, 122.731262207, 116.485298157, 91.6086807251, 65.6824111938], [262.027252197, 65.842666626, 103.840629578, 249.338638306, 105.674377441, 57.2111434937, 51.9624595642, 87.3133773804, 57.6651649475, 46.5880508423, 36.0683479309, 52.6366882324, 45.1663093567], [405.767883301, -31.1451396942, 219.045593262, 105.674377441, 257.631713867, 112.377578735, 101.710189819, 116.254753113, 93.0584487915, 90.8759536743, 65.4858779907, 53.6576690674, 44.6377105713], [419.846832275, -18.0199966431, 149.663833618, 57.2111434937, 112.377578735, 260.194915771, 121.646865845, 95.5195236206, 119.838005066, 44.4283027649, 59.9775505066, 62.1626358032, 9.82369232178], [411.538726807, -9.44338417053, 136.77520752, 51.9624595642, 101.710189819, 121.646865845, 196.88180542, 147.490402222, 97.3573455811, 74.8284225464, 84.9439926147, 71.2478561401, 45.6963233948], [456.446166992, -18.0363178253, 178.280700684, 87.3133773804, 116.254753113, 95.5195236206, 147.490402222, 235.383239746, 119.474754333, 101.779319763, 99.1688232422, 81.9623718262, 59.1511001587], [174.302627563, 62.6906089783, 104.262390137, 57.6651649475, 93.0584487915, 119.838005066, 97.3573455811, 119.474754333, 193.99041748, 71.9112243652, 74.6420974731, 69.0110397339, 28.1259899139], [454.928955078, -25.1731700897, 122.731262207, 46.5880508423, 90.8759536743, 44.4283027649, 74.8284225464, 101.779319763, 71.9112243652, 171.244506836, 89.7677688599, 46.4421463013, 38.4319534302], [276.19631958, -16.8882198334, 116.485298157, 36.0683479309, 65.4858779907, 59.9775505066, 84.9439926147, 99.1688232422, 74.6420974731, 89.7677688599, 146.071624756, 80.3081970215, 38.5257911682], [208.083892822, -7.27593135834, 91.6086807251, 52.6366882324, 53.6576690674, 62.1626358032, 71.2478561401, 81.9623718262, 69.0110397339, 46.4421463013, 80.3081970215, 138.107269287, 54.2693252563], [151.153671265, -5.86349964142, 65.6824111938, 45.1663093567, 44.6377105713, 9.82369232178, 45.6963233948, 59.1511001587, 28.1259899139, 38.4319534302, 38.5257911682, 54.2693252563, 89.569732666]],
        "icov": [[0.000196471126401, 0.000105967199488, -1.20277518363e-05, -8.96739584277e-05, 5.43256601304e-06, -0.000233643324464, -0.000116586765216, -0.000120984484965, 0.000236389998463, -0.000418168317992, 7.04621197656e-05, -2.44570292125e-05, -1.85784265341e-05], [0.000105967199488, 0.00109838380013, 0.000806124648079, -0.000457333546365, -0.000206815020647, -5.4500746046e-05, -0.000139377021696, -3.03601918858e-05, -0.000460999057395, -0.000131394350319, -0.000103246871731, 9.93621506495e-05, -8.19021224743e-05], [-1.20277518363e-05, 0.000806124648079, 0.0028205094859, -0.000245716801146, -0.00142400711775, -0.000517041655257, 0.000199760266696, -0.000757632951718, 4.28491475759e-05, -0.000141801050631, -0.000639107602183, -4.61788476969e-05, -0.000356281845598], [-8.96739584277e-05, -0.000457333546365, -0.000245716801146, 0.00554197933525, -0.00155150529463, -0.00024608449894, 0.000982363708317, -0.00126129214186, 5.4479965911e-05, 0.000167852616869, 0.000711209431756, -0.00090571079636, -0.00120732525829], [5.43256601304e-06, -0.000206815020647, -0.00142400711775, -0.00155150529463, 0.00735501619056, -0.0012647646945, -0.00083848356735, -0.00013218926324, -0.000632350973319, -0.00172656425275, 0.000531812082045, 0.000685363716912, -0.000912355724722], [-0.000233643324464, -5.4500746046e-05, -0.000517041655257, -0.00024608449894, -0.0012647646945, 0.00752178719267, -0.0031977542676, 0.00117396540008, -0.00312326499261, 0.00146411929745, 0.00010500553617, -0.00115504930727, 0.00256263767369], [-0.000116586765216, -0.000139377021696, 0.000199760266696, 0.000982363708317, -0.00083848356735, -0.0031977542676, 0.0123536800966, -0.0051798322238, 6.40264406684e-05, 0.000164325654623, -0.00168795627542, -0.000287513044896, -0.00175786658656], [-0.000120984484965, -3.03601918858e-05, -0.000757632951718, -0.00126129214186, -0.00013218926324, 0.00117396540008, -0.0051798322238, 0.0113193076104, -0.00291968346573, -0.00127372704446, -0.00118300504982, -0.000239345768932, -0.001384461415], [0.000236389998463, -0.000460999057395, 4.28491475759e-05, 5.4479965911e-05, -0.000632350973319, -0.00312326499261, 6.40264406684e-05, -0.00291968346573, 0.0103764235973, -0.00164472486358, -0.000625674962066, -0.00165472459048, 0.000784240779467], [-0.000418168317992, -0.000131394350319, -0.000141801050631, 0.000167852616869, -0.00172656425275, 0.00146411929745, 0.000164325654623, -0.00127372704446, -0.00164472486358, 0.0112652061507, -0.00492237275466, 0.00163068971597, -0.00101432262454], [7.04621197656e-05, -0.000103246871731, -0.000639107602183, 0.000711209431756, 0.000531812082045, 0.00010500553617, -0.00168795627542, -0.00118300504982, -0.000625674962066, -0.00492237275466, 0.0147315459326, -0.00549395708367, 0.000651129055768], [-2.44570292125e-05, 9.93621506495e-05, -4.61788476969e-05, -0.00090571079636, 0.000685363716912, -0.00115504930727, -0.000287513044896, -0.000239345768932, -0.00165472459048, 0.00163068971597, -0.00549395708367, 0.0138744413853, -0.00559516670182], [-1.85784265341e-05, -8.19021224743e-05, -0.000356281845598, -0.00120732525829, -0.000912355724722, 0.00256263767369, -0.00175786658656, -0.001384461415, 0.000784240779467, -0.00101432262454, 0.000651129055768, -0.00559516670182, 0.0173442158848]]
    },
    "spectral_contrast_coeffs": {
        "mean": [-0.659154713154, -0.728537559509, -0.751758217812, -0.791916668415, -0.779383897781, -0.770273804665]
    },
    "spectral_contrast_valleys": {
        "mean": [-6.74657869339, -6.4422287941, -7.24698781967, -7.50699090958, -7.50049877167, -10.1015787125]
    }
},
"rhythm": {
    "beats_count": 307,
    "beats_loudness": {
        "mean": 0.0426687709987
    },
    "bpm": 101.590667725,
    "bpm_histogram_first_peak_bpm": 101,
    "bpm_histogram_first_peak_weight": 0.465517222881,
    "bpm_histogram_second_peak_bpm": 89,
    "bpm_histogram_second_peak_spread": 0.333333313465,
    "bpm_histogram_second_peak_weight": 0.0196078438312,
    "danceability": 1.08148884773,
    "onset_rate": 3.30650472641,
    "beats_loudness_band_ratio": {
        "mean": [0.539442658424, 0.204988673329, 0.171961069107, 0.077394336462, 0.0377064757049, 0.0371416211128]
    },
    "beats_position": [0.754648506641, 1.46285712719, 2.17106580734, 2.89088439941, 3.49460315704, 4.09832191467, 4.71365070343, 5.31736946106, 5.92108821869, 6.52480697632, 7.11691617966, 7.70902490616, 8.28952407837, 8.87002277374, 9.45052146912, 10.0310201645, 10.6115188599, 11.1920175552, 11.7841272354, 12.3762359619, 12.9567346573, 13.5372333527, 14.1293420792, 14.7214508057, 15.3251695633, 15.9172782898, 16.5209980011, 17.1131057739, 17.693605423, 18.2857131958, 18.877822876, 19.4815406799, 20.1084804535, 20.7238082886, 21.339138031, 21.942855835, 22.5465755463, 23.1386852264, 23.7307929993, 24.3345127106, 24.9382305145, 25.5419502258, 26.1456680298, 26.7493877411, 27.3647155762, 27.9684352875, 28.5605430603, 29.1526527405, 29.7447605133, 30.3368701935, 30.9289798737, 31.5094776154, 32.0899772644, 32.6820869446, 33.2741928101, 33.8663024902, 34.4584121704, 35.0505218506, 35.6426315308, 36.2231292725, 36.8152389526, 37.4073448181, 37.9878463745, 38.5683441162, 39.1604537964, 39.7525634766, 40.344669342, 40.9251708984, 41.5172767639, 42.0977783203, 42.678276062, 43.2703857422, 43.8624954224, 44.4546012878, 45.046710968, 45.6272087097, 46.2193183899, 46.8114280701, 47.3919258118, 47.9840354919, 48.5761451721, 49.1566429138, 49.748752594, 50.3408622742, 50.9329681396, 51.5250778198, 52.1055755615, 52.6860771179, 53.2665748596, 53.8586845398, 54.45079422, 55.0429000854, 55.6234016418, 56.2155075073, 56.8076171875, 57.3997268677, 57.9802246094, 58.5723342896, 59.1644439697, 59.7449417114, 60.3370513916, 60.9291610718, 61.5096588135, 62.0901565552, 62.6822662354, 63.2743759155, 63.8548736572, 64.4353713989, 65.0274810791, 65.6195907593, 66.200088501, 66.7921981812, 67.3843078613, 67.98802948, 68.5685272217, 69.1606369019, 69.7527389526, 70.3448486328, 70.936958313, 71.5290679932, 72.1211776733, 72.701675415, 73.2821731567, 73.8742828369, 74.4663925171, 75.0468902588, 75.638999939, 76.2311096191, 76.8116073608, 77.403717041, 77.9958267212, 78.5763244629, 79.1568222046, 79.7373199463, 80.3178253174, 80.9099273682, 81.5020370483, 82.105758667, 82.6978683472, 83.2783660889, 83.870475769, 84.4625854492, 85.0546951294, 85.6351928711, 86.2273025513, 86.8194122314, 87.3999099731, 87.9804077148, 88.572517395, 89.1646270752, 89.7451248169, 90.3256225586, 90.9177322388, 91.5098419189, 92.0903396606, 92.6824493408, 93.274559021, 93.8666687012, 94.458770752, 95.039276123, 95.6313781738, 96.223487854, 96.8155975342, 97.4077072144, 97.9882049561, 98.5687026978, 99.1608123779, 99.7529220581, 100.356643677, 100.960357666, 101.51763916, 102.074920654, 102.632194519, 103.201087952, 103.769973755, 104.338867188, 104.907752991, 105.511474609, 106.115188599, 106.730522156, 107.334236145, 107.949569702, 108.553283691, 109.15700531, 109.74911499, 110.34122467, 110.933334351, 111.525436401, 112.105941772, 112.698051453, 113.290153503, 113.870658875, 114.474372864, 115.054870605, 115.635368347, 116.227478027, 116.819587708, 117.400085449, 118.003807068, 118.58430481, 119.164802551, 119.745300293, 120.337409973, 120.929519653, 121.521629333, 122.113739014, 122.694236755, 123.274734497, 123.866844177, 124.458953857, 125.051063538, 125.643173218, 126.223670959, 126.81578064, 127.40789032, 127.988388062, 128.568893433, 129.160995483, 129.741500854, 130.321990967, 130.914108276, 131.494598389, 132.07510376, 132.667205811, 133.25932312, 133.851425171, 134.44354248, 135.035644531, 135.627746582, 136.219863892, 136.823577881, 137.450515747, 138.077453613, 138.692779541, 139.296508789, 139.900222778, 140.515548706, 141.130874634, 141.74621582, 142.361541748, 142.965255737, 143.557373047, 144.149475098, 144.741577148, 145.333694458, 145.914199829, 146.50630188, 147.098403931, 147.678909302, 148.271011353, 148.863128662, 149.443618774, 150.024124146, 150.616226196, 151.208343506, 151.800445557, 152.392562866, 152.973052979, 153.55355835, 154.1456604, 154.73777771, 155.329879761, 155.92199707, 156.514099121, 157.106216431, 157.686706543, 158.267211914, 158.859313965, 159.451431274, 160.031921387, 160.612426758, 161.204528809, 161.796646118, 162.388748169, 162.980865479, 163.561355591, 164.141860962, 164.733963013, 165.326080322, 165.906570435, 166.498687744, 167.090789795, 167.671295166, 168.263397217, 168.855514526, 169.436004639, 170.028121948, 170.620223999, 171.21232605, 171.804443359, 172.384933472, 172.965438843, 173.569152832, 174.149658203, 174.741760254, 175.333877563, 175.925979614, 176.529708862, 177.14503479, 177.760360718, 178.433731079, 179.107116699, 179.780502319, 180.442260742, 181.115646362, 181.789016724, 182.462402344],
    "bpm_histogram": [0, 0, 0, 0, 0, 0, 0, 0, 0, 0, 0, 0, 0, 0, 0, 0, 0, 0, 0, 0, 0, 0, 0, 0, 0, 0, 0, 0, 0, 0, 0, 0, 0, 0, 0, 0, 0, 0, 0, 0, 0, 0, 0, 0, 0, 0, 0, 0, 0, 0, 0, 0, 0, 0, 0, 0, 0, 0, 0, 0, 0, 0, 0, 0, 0, 0, 0, 0, 0, 0, 0, 0, 0, 0, 0, 0, 0, 0, 0, 0, 0, 0, 0, 0.00326797389425, 0, 0.00653594778851, 0, 0, 0, 0.0196078438312, 0, 0.00326797389425, 0, 0, 0, 0, 0.00980392191559, 0, 0.0424836613238, 0.107843138278, 0, 0.506535947323, 0, 0.277777791023, 0, 0.013071895577, 0, 0, 0.00980392191559, 0, 0, 0, 0, 0, 0, 0, 0, 0, 0, 0, 0, 0, 0, 0, 0, 0, 0, 0, 0, 0, 0, 0, 0, 0, 0, 0, 0, 0, 0, 0, 0, 0, 0, 0, 0, 0, 0, 0, 0, 0, 0, 0, 0, 0, 0, 0, 0, 0, 0, 0, 0, 0, 0, 0, 0, 0, 0, 0, 0, 0, 0, 0, 0, 0, 0, 0, 0, 0, 0, 0, 0, 0, 0, 0, 0, 0, 0, 0, 0, 0, 0, 0, 0, 0, 0, 0, 0, 0, 0, 0, 0, 0, 0, 0, 0, 0, 0, 0, 0, 0, 0, 0, 0, 0, 0, 0, 0, 0, 0, 0, 0, 0, 0, 0, 0, 0, 0, 0, 0, 0, 0, 0, 0, 0, 0, 0, 0, 0, 0, 0, 0, 0, 0, 0, 0, 0, 0, 0, 0, 0]
},
"tonal": {
    "chords_changes_rate": 0.0344478227198,
    "chords_number_rate": 0.00177304958925,
    "chords_strength": {
        "mean": 0.558607280254
    },
    "hpcp_crest": {
        "mean": 13.9402656555
    },
    "hpcp_entropy": {
        "mean": 1.93361210823
    },
    "key_edma": {
        "strength": 0.662717342377,
        "key": "E",
        "scale": "major"
    },
    "key_krumhansl": {
        "strength": 0.667034327984,
        "key": "E",
        "scale": "major"
    },
    "key_temperley": {
        "strength": 0.661748588085,
        "key": "E",
        "scale": "major"
    },
    "tuning_diatonic_strength": 0.582756102085,
    "tuning_equal_tempered_deviation": 0.234562292695,
    "tuning_frequency": 434.193115234,
    "tuning_nontempered_energy_ratio": 0.962697386742,
    "hpcp": {
        "mean": [0.257469922304, 0.199386522174, 0.0493021197617, 0.0313171073794, 0.0302766300738, 0.0476118549705, 0.216723978519, 0.307735294104, 0.141327247024, 0.040572360158, 0.0352064035833, 0.0399713478982, 0.0926700606942, 0.107164055109, 0.0572545304894, 0.0276060327888, 0.0205705240369, 0.0234372280538, 0.0435526929796, 0.0543380267918, 0.0616279616952, 0.188536822796, 0.278430342674, 0.185768440366, 0.115210935473, 0.109239332378, 0.11714476347, 0.172576576471, 0.176986590028, 0.0998275727034, 0.0600405372679, 0.0583465732634, 0.0866442769766, 0.257460057735, 0.321167260408, 0.210710704327]
    },
    "chords_histogram": [54.1286735535, 5.5471124649, 1.03850054741, 0, 0.101317122579, 0, 2.33029389381, 0.0506585612893, 0.709219872952, 0, 0, 0, 0, 0, 0, 0, 0, 0.455927044153, 0, 0, 0, 7.21884489059, 12.5633230209, 15.8561296463],
    "thpcp": [1, 0.656077802181, 0.801669239998, 0.620818316936, 0.153509169817, 0.0975102707744, 0.0942706018686, 0.1482462883, 0.674800992012, 0.958177685738, 0.440042495728, 0.126327827573, 0.109620153904, 0.124456480145, 0.288541436195, 0.333670556545, 0.17827013135, 0.0859553143382, 0.0640492588282, 0.0729751437902, 0.135607510805, 0.169189184904, 0.191887438297, 0.587036252022, 0.86693251133, 0.578416466713, 0.358725667, 0.340132206678, 0.364746898413, 0.53734177351, 0.551072955132, 0.310827374458, 0.186944767833, 0.181670367718, 0.269779294729, 0.801638543606],
    "chords_key": "E",
    "chords_scale": "major"
}
}