{
"metadata": {
    "version": {
        "essentia": "2.1-beta6-dev",
        "essentia_git_sha": "v2.1_beta5-1177-g1d1cc983",
        "extractor": "music 2.0"
    },
    "audio_properties": {
        "analysis": {
            "equal_loudness": 0,
            "length": 225.63999939,
            "sample_rate": 44100,
            "start_time": 0,
            "downmix": "mix"
        },
        "bit_rate": 1411200,
        "length": 225.63999939,
        "lossless": 1,
        "number_channels": 2,
        "replay_gain": -15.2649459839,
        "sample_rate": 44100,
        "codec": "pcm_s16le",
        "md5_encoded": "e47bbd232d30793ad89e1a9c2279b6f5"
    },
    "tags": {
        "file_name": "04 - The Front Bottoms - HELP.wav",
        "album": ["Back on Top"],
        "albumartist": ["The Front Bottoms"],
        "artist": ["The Front Bottoms"],
        "copyright": ["© 2015 Fueled By Ramen LLC for the United States and WEA International Inc. for the world outside of the United States. A Warner Music Group Company ℗ 2015 Fueled By Ramen LLC"],
        "date": ["2015"],
        "discnumber": ["1"],
        "disctotal": ["1"],
        "genre": ["Alternative & Indie"],
        "isrc": ["USAT21502131"],
        "title": ["HELP"],
        "tracknumber": ["4"],
        "tracktotal": ["11"]
    }
},
"lowlevel": {
    "average_loudness": 0.955979764462,
    "barkbands_crest": {
        "mean": 11.1741724014
    },
    "barkbands_flatness_db": {
        "mean": 0.130961745977
    },
    "barkbands_kurtosis": {
        "mean": 8.36724472046
    },
    "barkbands_skewness": {
        "mean": 1.72004759312
    },
    "barkbands_spread": {
        "mean": 30.4043273926
    },
    "dissonance": {
        "mean": 0.476812690496
    },
    "dynamic_complexity": 1.63315093517,
    "erbbands_crest": {
        "mean": 8.09594345093
    },
    "erbbands_flatness_db": {
        "mean": 0.139687761664
    },
    "erbbands_kurtosis": {
        "mean": 0.582311213017
    },
    "erbbands_skewness": {
        "mean": -0.333380699158
    },
    "erbbands_spread": {
        "mean": 43.1539993286
    },
    "hfc": {
        "mean": 30.4741382599
    },
    "loudness_ebu128": {
        "integrated": -6.39220714569,
        "loudness_range": 2.23751449585,
        "momentary": {
            "mean": -6.73465442657
        },
        "short_term": {
            "mean": -6.48213243484
        }
    },
    "melbands_crest": {
        "mean": 16.5321655273
    },
    "melbands_flatness_db": {
        "mean": 0.203254014254
    },
    "melbands_kurtosis": {
        "mean": 21.0581092834
    },
    "melbands_skewness": {
        "mean": 3.39095330238
    },
    "melbands_spread": {
        "mean": 25.8802471161
    },
    "pitch_salience": {
        "mean": 0.464569091797
    },
    "silence_rate_20dB": {
        "mean": 1
    },
    "silence_rate_30dB": {
        "mean": 0.977878391743
    },
    "silence_rate_60dB": {
        "mean": 0.0089515382424
    },
    "spectral_centroid": {
        "mean": 1737.8203125
    },
    "spectral_complexity": {
        "mean": 27.1901435852
    },
    "spectral_decrease": {
        "mean": -1.07974269525e-08
    },
    "spectral_energy": {
        "mean": 0.0435161478817
    },
    "spectral_energyband_high": {
        "mean": 0.00146905286238
    },
    "spectral_energyband_low": {
        "mean": 0.0249911043793
    },
    "spectral_energyband_middle_high": {
        "mean": 0.00704934401438
    },
    "spectral_energyband_middle_low": {
        "mean": 0.0113168591633
    },
    "spectral_entropy": {
        "mean": 7.72084617615
    },
    "spectral_flux": {
        "mean": 0.0988618209958
    },
    "spectral_kurtosis": {
        "mean": 3.83386874199
    },
    "spectral_rms": {
        "mean": 0.0062775737606
    },
    "spectral_rolloff": {
        "mean": 1665.52941895
    },
    "spectral_skewness": {
        "mean": 1.27164447308
    },
    "spectral_spread": {
        "mean": 4426177.5
    },
    "spectral_strongpeak": {
        "mean": 0.577475130558
    },
    "zerocrossingrate": {
        "mean": 0.0613935180008
    },
    "barkbands": {
        "mean": [0.000212455241126, 0.0170024298131, 0.00663767941296, 0.00222537270747, 0.0041027488187, 0.00114922120702, 0.00136183551513, 0.00123310927302, 0.000879089813679, 0.000856348488014, 0.000466626923298, 0.000629890710115, 0.000424802303314, 0.000631329603493, 0.000656949356198, 0.00102385261562, 0.00107068184298, 0.000568777497392, 0.000665772764478, 0.00040398343117, 0.000345388514688, 0.000201358474442, 0.000223104885663, 0.000310146424454, 0.00016052662977, 5.48094903934e-05, 1.5813160644e-05]
    },
    "erbbands": {
        "mean": [0.345368891954, 4.25333690643, 8.84861373901, 7.32928991318, 11.7503814697, 12.7815284729, 10.6226673126, 8.71537971497, 17.467004776, 22.735452652, 29.4751396179, 20.9102935791, 26.3782730103, 24.290933609, 19.1434822083, 28.1247615814, 21.4312992096, 34.6820640564, 26.1079139709, 44.7750358582, 66.4019470215, 54.0211181641, 35.012046814, 28.0003738403, 34.3664207458, 18.9846668243, 15.5892791748, 11.3835172653, 7.71314477921, 6.13650751114, 6.18612957001, 6.70272874832, 4.98903465271, 2.32633113861, 0.872158408165, 0.30948677659, 0.0876267775893, 0.0185269862413, 0.00251541123725, 0.000216633314267]
    },
    "gfcc": {
        "mean": [35.9505233765, 87.3194885254, -114.92427063, 52.2707023621, -37.5261573792, 13.505232811, -29.8976974487, 12.2534685135, -14.3615264893, 0.963960826397, -13.6733102798, -3.73807191849, -9.0910358429],
        "cov": [[5865.88818359, -672.824768066, -355.677398682, -71.5978622437, -379.577423096, 171.641586304, -286.063720703, 177.162597656, -190.901489258, 86.618812561, -199.006454468, 103.228317261, -118.649551392], [-672.824768066, 1185.9552002, -523.68359375, 95.7813034058, 72.717880249, -163.246322632, 187.091964722, -53.0060768127, 116.273719788, -64.1973114014, 129.419235229, -76.3310775757, 47.2127304077], [-355.677398682, -523.68359375, 823.416503906, 22.7021865845, -14.082859993, 58.3437232971, -92.8344955444, -11.4389667511, -57.977809906, 39.5172348022, -30.0762252808, 40.4244422913, -16.2663288116], [-71.5978622437, 95.7813034058, 22.7021865845, 369.991577148, 24.9254951477, -0.128359377384, 0.598410844803, -62.9054718018, 45.566242218, 0.317578196526, 18.033662796, -3.97906422615, 43.6495246887], [-379.577423096, 72.717880249, -14.082859993, 24.9254951477, 303.422698975, -7.18362569809, 89.8104324341, -0.381141662598, 52.251663208, 28.3928890228, 3.78725886345, 8.86089801788, 11.1019649506], [171.641586304, -163.246322632, 58.3437232971, -0.128359377384, -7.18362569809, 198.850585938, 9.5562210083, 52.3468322754, -18.6959323883, -3.40160775185, 1.86687719822, 4.94150495529, 4.50093317032], [-286.063720703, 187.091964722, -92.8344955444, 0.598410844803, 89.8104324341, 9.5562210083, 243.817169189, 3.64099764824, 35.9807624817, -11.9468650818, 12.8722190857, 4.34345149994, 10.1269569397], [177.162597656, -53.0060768127, -11.4389667511, -62.9054718018, -0.381141662598, 52.3468322754, 3.64099764824, 143.580886841, 16.7405757904, 8.5432138443, 10.4592580795, -8.70875549316, -6.29776239395], [-190.901489258, 116.273719788, -57.977809906, 45.566242218, 52.251663208, -18.6959323883, 35.9807624817, 16.7405757904, 101.513641357, 27.1376056671, 23.6689434052, -15.0615148544, 13.4732103348], [86.618812561, -64.1973114014, 39.5172348022, 0.317578196526, 28.3928890228, -3.40160775185, -11.9468650818, 8.5432138443, 27.1376056671, 85.4294662476, 11.4710817337, 15.1526451111, -4.84779596329], [-199.006454468, 129.419235229, -30.0762252808, 18.033662796, 3.78725886345, 1.86687719822, 12.8722190857, 10.4592580795, 23.6689434052, 11.4710817337, 91.8804397583, 7.82762098312, 11.9175615311], [103.228317261, -76.3310775757, 40.4244422913, -3.97906422615, 8.86089801788, 4.94150495529, 4.34345149994, -8.70875549316, -15.0615148544, 15.1526451111, 7.82762098312, 70.8602523804, 19.2751064301], [-118.649551392, 47.2127304077, -16.2663288116, 43.6495246887, 11.1019649506, 4.50093317032, 10.1269569397, -6.29776239395, 13.4732103348, -4.84779596329, 11.9175615311, 19.2751064301, 64.4265823364]],
        "icov": [[0.000320074206684, -1.62300275406e-05, 0.00032206173637, -0.000246342591709, 0.00032407528488, -0.000221518421313, 0.000256884552073, -0.000506913522258, 0.000447579775937, -0.000579414772801, 0.000823088921607, -0.000841755827423, 0.000681647332385], [-1.62300275406e-05, 0.00231474475004, 0.000888400478289, -0.000151276632096, -0.000151499305503, 0.00148787570652, -0.00114414980635, 0.000663793238346, -0.000644715793896, 0.00136455870233, -0.00296624749899, 0.00227398285642, -0.00112661567982], [0.00032206173637, 0.000888400478289, 0.00211376533844, -0.000543403206393, 0.000167196121765, -5.3725358157e-05, 0.00025618163636, -0.000196080000023, 0.000889182207175, -0.000772615894675, 5.73804754822e-05, -0.00064765237039, 0.000698495423421], [-0.000246342591709, -0.000151276632096, -0.000543403206393, 0.00373617606238, -0.000297171471175, -0.000521954265423, 0.00018103797629, 0.00226134434342, -0.00215096375905, 0.000690693210345, -0.000809875549749, 0.00120431883261, -0.00243974034674], [0.00032407528488, -0.000151499305503, 0.000167196121765, -0.000297171471175, 0.00442192936316, -0.000262999732513, -0.00105479056947, -0.000390230416087, -0.00109087768942, -0.00167913723271, 0.00158387899864, -0.00147209409624, 0.000584655092098], [-0.000221518421313, 0.00148787570652, -5.3725358157e-05, -0.000521954265423, -0.000262999732513, 0.00719591183588, -0.0015268920688, -0.00197945581749, 0.00126634573098, 0.00118908844888, -0.00259617529809, 0.00212683808059, -0.00190053088591], [0.000256884552073, -0.00114414980635, 0.00025618163636, 0.00018103797629, -0.00105479056947, -0.0015268920688, 0.00592392589897, -0.000386276980862, -0.00109770696145, 0.00061067880597, 0.00177607592195, -0.00284825917333, 0.00137218716554], [-0.000506913522258, 0.000663793238346, -0.000196080000023, 0.00226134434342, -0.000390230416087, -0.00197945581749, -0.000386276980862, 0.0102246617898, -0.00356952799484, 0.00101803103462, -0.00288438540883, 0.00283561833203, -0.00122757442296], [0.000447579775937, -0.000644715793896, 0.000889182207175, -0.00215096375905, -0.00109087768942, 0.00126634573098, -0.00109770696145, -0.00356952799484, 0.0174842793494, -0.00697875395417, -0.000473992113257, 0.00357866450213, -0.0022628470324], [-0.000579414772801, 0.00136455870233, -0.000772615894675, 0.000690693210345, -0.00167913723271, 0.00118908844888, 0.00061067880597, 0.00101803103462, -0.00697875395417, 0.0175258275121, -0.00414181593806, -0.00222486606799, 0.0016896991292], [0.000823088921607, -0.00296624749899, 5.73804754822e-05, -0.000809875549749, 0.00158387899864, -0.00259617529809, 0.00177607592195, -0.00288438540883, -0.000473992113257, -0.00414181593806, 0.0180336050689, -0.00672109611332, 0.00206247507595], [-0.000841755827423, 0.00227398285642, -0.00064765237039, 0.00120431883261, -0.00147209409624, 0.00212683808059, -0.00284825917333, 0.00283561833203, 0.00357866450213, -0.00222486606799, -0.00672109611332, 0.0235020965338, -0.0100699625909], [0.000681647332385, -0.00112661567982, 0.000698495423421, -0.00243974034674, 0.000584655092098, -0.00190053088591, 0.00137218716554, -0.00122757442296, -0.0022628470324, 0.0016896991292, 0.00206247507595, -0.0100699625909, 0.0223596915603]]
    },
    "melbands": {
        "mean": [0.00401918031275, 0.00497642625123, 0.00142036518082, 0.000903177657165, 0.000417527538957, 0.000211498248973, 0.000272160890745, 0.000238175984123, 0.000231891783187, 0.000124499507365, 0.000129445339553, 9.73049973254e-05, 6.69994769851e-05, 6.5885236836e-05, 6.03019507253e-05, 4.60129558633e-05, 6.62738530082e-05, 3.95236274926e-05, 4.4249703933e-05, 7.12568944436e-05, 7.8908764408e-05, 5.98554506723e-05, 4.26280639658e-05, 2.47746775131e-05, 2.11525129998e-05, 2.80759832094e-05, 1.8961065507e-05, 1.07609048428e-05, 9.45317879086e-06, 8.84275868884e-06, 5.87378917771e-06, 4.54554992757e-06, 3.39827965945e-06, 3.42549401466e-06, 3.21125435221e-06, 4.37314429291e-06, 3.95265351472e-06, 3.62188870895e-06, 2.83528402178e-06, 1.67101268289e-06]
    },
    "melbands128": {
        "mean": [0.00020341220079, 0.00196182960644, 0.00580687681213, 0.00762004684657, 0.00554040307179, 0.00282506132498, 0.00140352721792, 0.00109251437243, 0.00128313270397, 0.000929274829105, 0.00065896572778, 0.000581501168199, 0.00037973219878, 0.000183569834917, 0.000121240249428, 0.000292944809189, 0.000318123988109, 0.000242050737143, 0.000232600767049, 0.000317313300911, 0.000155722038471, 0.000242045643972, 0.000299366074614, 0.000138808783959, 0.00013978361676, 8.50973592605e-05, 0.000164824334206, 0.000156759429956, 6.31663715467e-05, 0.000130720858579, 8.70870499057e-05, 7.56000299589e-05, 8.59209831106e-05, 4.08929081459e-05, 4.47793136118e-05, 7.91828351794e-05, 9.68030362856e-05, 5.01728027302e-05, 5.11686266691e-05, 4.07440966228e-05, 3.05554312945e-05, 7.88791730884e-05, 7.11399552529e-05, 6.84527913108e-05, 2.58136442426e-05, 4.30791951658e-05, 4.3237603677e-05, 2.33285991271e-05, 5.40522196388e-05, 7.89737241575e-05, 5.42494490219e-05, 9.0957066277e-05, 7.97965258243e-05, 7.59644608479e-05, 7.82772767707e-05, 5.83305700275e-05, 3.88467742596e-05, 5.53573518118e-05, 4.51901723864e-05, 2.00486956601e-05, 2.73828063655e-05, 2.05191390705e-05, 2.28624448937e-05, 1.90200753423e-05, 2.31310859817e-05, 3.13888122037e-05, 3.02141834254e-05, 2.12363065657e-05, 1.58027196449e-05, 1.66620775417e-05, 9.98670566332e-06, 8.22236052045e-06, 9.49146033236e-06, 8.75702335179e-06, 1.06538736873e-05, 1.05540393633e-05, 7.1172380558e-06, 6.80689163346e-06, 5.79988000027e-06, 4.70392569696e-06, 4.95120229971e-06, 4.28264911534e-06, 3.98459815187e-06, 3.04065542878e-06, 3.16820637636e-06, 3.60812487088e-06, 3.41662007486e-06, 3.31653791363e-06, 2.91641617878e-06, 3.20953586197e-06, 4.49691196991e-06, 4.60570481664e-06, 4.34342155131e-06, 4.07314064432e-06, 3.66039353139e-06, 3.48816774931e-06, 3.77423430109e-06, 3.58167517334e-06, 2.95538393402e-06, 2.48754554377e-06, 1.92360562323e-06, 1.55792406531e-06, 1.3119746427e-06, 1.12939846986e-06, 9.63081333794e-07, 8.08059041901e-07, 6.97220286838e-07, 6.28500686162e-07, 5.3248174936e-07, 4.07255782875e-07, 3.54326829211e-07, 3.25783958033e-07, 2.62154344455e-07, 2.19454818762e-07, 1.68229377095e-07, 1.56536486884e-07, 1.33681822945e-07, 1.18505681712e-07, 8.86905056063e-08, 7.06470686396e-08, 6.75322340271e-08, 5.98727751822e-08, 5.16824840702e-08, 3.86510627948e-08, 3.8348041187e-08, 3.08648040459e-08, 2.67407127552e-08, 2.96858200244e-08]
    },
    "mfcc": {
        "mean": [-605.02746582, 111.523895264, -6.40632390976, 41.8256912231, 17.2332992554, 10.4909620285, 2.96878027916, 8.72437000275, 6.29855918884, 7.26077461243, 0.334053307772, 4.1766910553, 1.99633467197],
        "cov": [[4730.76123047, -449.526763916, -230.108169556, -227.778610229, -108.622879028, -99.1178359985, -90.8518600464, -24.5556926727, -4.77000570297, -47.7982749939, -42.084072113, -7.28767490387, -55.6949462891], [-449.526763916, 866.892272949, -372.046783447, 114.7889328, -100.562477112, -36.0819244385, 25.5632324219, 30.4918556213, -10.0543556213, 21.6952362061, 54.4191017151, 10.6204280853, 41.6559791565], [-230.108169556, -372.046783447, 699.459472656, -36.5051422119, 71.3740768433, 2.20826148987, -6.75120735168, -30.8667907715, -50.9785766602, -10.3431282043, -54.203502655, -3.43883538246, -24.2426109314], [-227.778610229, 114.7889328, -36.5051422119, 361.347076416, 13.9104404449, 93.1242446899, -38.2841873169, -17.0517501831, 15.3952102661, -7.81283998489, 0.0322347730398, 7.59600353241, 22.8706111908], [-108.622879028, -100.562477112, 71.3740768433, 13.9104404449, 228.588088989, 9.49767303467, -4.02965450287, -18.605140686, 5.83310222626, 26.2783660889, -3.75423312187, 11.0819139481, 2.40482664108], [-99.1178359985, -36.0819244385, 2.20826148987, 93.1242446899, 9.49767303467, 178.190078735, 29.5443248749, 10.8393201828, 25.2020149231, -10.4661388397, 2.11453461647, 5.32112360001, 5.98547935486], [-90.8518600464, 25.5632324219, -6.75120735168, -38.2841873169, -4.02965450287, 29.5443248749, 127.847717285, 61.2203979492, 24.3343257904, 4.01965761185, 20.9915790558, 3.23084020615, 6.90158319473], [-24.5556926727, 30.4918556213, -30.8667907715, -17.0517501831, -18.605140686, 10.8393201828, 61.2203979492, 106.753356934, 29.8757400513, 13.213224411, 9.29373550415, -5.69133615494, 4.18753814697], [-4.77000570297, -10.0543556213, -50.9785766602, 15.3952102661, 5.83310222626, 25.2020149231, 24.3343257904, 29.8757400513, 99.5202102661, 25.2998447418, 15.4243965149, 1.72621524334, 1.97220242023], [-47.7982749939, 21.6952362061, -10.3431282043, -7.81283998489, 26.2783660889, -10.4661388397, 4.01965761185, 13.213224411, 25.2998447418, 81.6988220215, 24.5385856628, 6.21637439728, 0.548139870167], [-42.084072113, 54.4191017151, -54.203502655, 0.0322347730398, -3.75423312187, 2.11453461647, 20.9915790558, 9.29373550415, 15.4243965149, 24.5385856628, 72.2831802368, 25.8641338348, 9.68438148499], [-7.28767490387, 10.6204280853, -3.43883538246, 7.59600353241, 11.0819139481, 5.32112360001, 3.23084020615, -5.69133615494, 1.72621524334, 6.21637439728, 25.8641338348, 69.8180999756, 24.9786262512], [-55.6949462891, 41.6559791565, -24.2426109314, 22.8706111908, 2.40482664108, 5.98547935486, 6.90158319473, 4.18753814697, 1.97220242023, 0.548139870167, 9.68438148499, 24.9786262512, 66.6300811768]],
        "icov": [[0.000256996368989, 0.000213614708628, 0.000203804665944, 9.0623369033e-05, 0.000141739277751, 0.000104351274786, 0.000145632991917, -3.69266308553e-05, 3.18254205922e-05, 6.04833803663e-05, 0.000113899688586, -0.000141295007779, 0.000132037734147], [0.000213614708628, 0.00201806309633, 0.00104267091956, -0.000736281275749, 0.000700030010194, 0.0008088540053, -0.000624989916105, -0.000103526341263, 0.00102476088796, -0.000632551673334, -0.000355305091944, 2.13967286982e-05, -0.000459201284684], [0.000203804665944, 0.00104267091956, 0.00224188994616, -0.000172111656866, -6.02824002272e-05, 0.000251702644164, -0.000604596687481, 0.000246407405939, 0.00126069760881, -0.000563989276998, 0.00121115113143, -0.00054850790184, 0.000416879804106], [9.0623369033e-05, -0.000736281275749, -0.000172111656866, 0.00398207642138, -0.000382283382351, -0.00233268039301, 0.00212430628017, -3.42908861057e-05, -0.000797707180027, 0.000588408613112, -4.01795186917e-05, 0.000124952348415, -0.000910166127142], [0.000141739277751, 0.000700030010194, -6.02824002272e-05, -0.000382283382351, 0.00517481053248, 6.6428547143e-05, -0.000602517975494, 0.00114708533511, 2.40978806687e-05, -0.00215891236439, 0.000849088537507, -0.000803199945949, -0.000217560766032], [0.000104351274786, 0.0008088540053, 0.000251702644164, -0.00233268039301, 6.6428547143e-05, 0.00767351919785, -0.00254104216583, 0.00032264762558, -0.00112740835175, 0.00102763937321, 0.000157538350322, -0.000495568034239, 0.000212813785765], [0.000145632991917, -0.000624989916105, -0.000604596687481, 0.00212430628017, -0.000602517975494, -0.00254104216583, 0.0131007479504, -0.00655202148482, -0.0012488119537, 0.0020031966269, -0.00324622937478, 0.000325950066326, -0.00076175108552], [-3.69266308553e-05, -0.000103526341263, 0.000246407405939, -3.42908861057e-05, 0.00114708533511, 0.00032264762558, -0.00655202148482, 0.0142987435684, -0.00240301340818, -0.00198532757349, 0.00115377653856, 0.00136604998261, -0.000747432291973], [3.18254205922e-05, 0.00102476088796, 0.00126069760881, -0.000797707180027, 2.40978806687e-05, -0.00112740835175, -0.0012488119537, -0.00240301340818, 0.013302853331, -0.00378384185024, -0.000735657988116, 0.000154433611897, 0.000185627519386], [6.04833803663e-05, -0.000632551673334, -0.000563989276998, 0.000588408613112, -0.00215891236439, 0.00102763937321, 0.0020031966269, -0.00198532757349, -0.00378384185024, 0.0162042845041, -0.00530487857759, 0.00044942117529, 0.000522984133568], [0.000113899688586, -0.000355305091944, 0.00121115113143, -4.01795186917e-05, 0.000849088537507, 0.000157538350322, -0.00324622937478, 0.00115377653856, -0.000735657988116, -0.00530487857759, 0.0202973261476, -0.00707209389657, 0.000757244008128], [-0.000141295007779, 2.13967286982e-05, -0.00054850790184, 0.000124952348415, -0.000803199945949, -0.000495568034239, 0.000325950066326, 0.00136604998261, 0.000154433611897, 0.00044942117529, -0.00707209389657, 0.0195031613111, -0.00671186530963], [0.000132037734147, -0.000459201284684, 0.000416879804106, -0.000910166127142, -0.000217560766032, 0.000212813785765, -0.00076175108552, -0.000747432291973, 0.000185627519386, 0.000522984133568, 0.000757244008128, -0.00671186530963, 0.0183807089925]]
    },
    "spectral_contrast_coeffs": {
        "mean": [-0.715737640858, -0.739488303661, -0.75675714016, -0.763042509556, -0.77596694231, -0.745598912239]
    },
    "spectral_contrast_valleys": {
        "mean": [-6.21692371368, -6.83720827103, -7.42803001404, -7.25039243698, -6.97955656052, -9.93945217133]
    }
},
"rhythm": {
    "beats_count": 502,
    "beats_loudness": {
        "mean": 0.0639451742172
    },
    "bpm": 133.9815979,
    "bpm_histogram_first_peak_bpm": 133,
    "bpm_histogram_first_peak_weight": 0.456740438938,
    "bpm_histogram_second_peak_bpm": 117,
    "bpm_histogram_second_peak_spread": 0,
    "bpm_histogram_second_peak_weight": 0.00399201596156,
    "danceability": 1.33117604256,
    "onset_rate": 4.19208908081,
    "beats_loudness_band_ratio": {
        "mean": [0.685524880886, 0.0973003357649, 0.0740320459008, 0.0499241426587, 0.0738169178367, 0.0556587576866]
    },
    "beats_position": [0.487619042397, 0.99845802784, 1.50929701328, 1.97369611263, 2.42648530006, 2.87927436829, 3.32045340538, 3.76163268089, 4.21442174911, 4.66721057892, 5.10838985443, 5.56117916107, 6.01396799088, 6.45514726639, 6.90793657303, 7.36072540283, 7.80190467834, 8.24308395386, 8.6958732605, 9.14866161346, 9.58984088898, 10.0426301956, 10.4954195023, 10.9365987778, 11.3777770996, 11.8305664062, 12.2833557129, 12.7245349884, 13.1657142639, 13.6185035706, 14.0712919235, 14.512471199, 14.9652605057, 15.4064397812, 15.8592290878, 16.3120174408, 16.7648067474, 17.2059860229, 17.6471652985, 18.0999546051, 18.5527439117, 18.9939231873, 19.4351024628, 19.8878898621, 20.3406791687, 20.7818584442, 21.2230377197, 21.6642169952, 22.128616333, 22.5697956085, 23.0225849152, 23.4637641907, 23.9165534973, 24.3577327728, 24.8105201721, 25.2516994476, 25.7044887543, 26.1572780609, 26.6100673676, 27.0512466431, 27.5040359497, 27.9568252563, 28.3980045319, 28.8391838074, 29.291973114, 29.7447605133, 30.1859397888, 30.6387290955, 31.0915184021, 31.5326976776, 31.9738769531, 32.4266662598, 32.8794555664, 33.332244873, 33.7850341797, 34.2262115479, 34.6673927307, 35.1085700989, 35.5497512817, 36.0025405884, 36.455329895, 36.908115387, 37.3609046936, 37.8020858765, 38.2432632446, 38.6960525513, 39.1488418579, 39.5900230408, 40.0428123474, 40.4956016541, 40.9367790222, 41.3779602051, 41.830745697, 42.2835350037, 42.7247161865, 43.1775054932, 43.6302947998, 44.071472168, 44.5126533508, 44.9654426575, 45.4182319641, 45.8594093323, 46.3005905151, 46.7533760071, 47.2061653137, 47.6589546204, 48.111743927, 48.5529251099, 48.994102478, 49.4468917847, 49.8996810913, 50.3408622742, 50.7820396423, 51.234828949, 51.6876182556, 52.1287956238, 52.5699768066, 53.0227661133, 53.4755554199, 53.9167327881, 54.3579139709, 54.7990913391, 55.240272522, 55.7046699524, 56.157459259, 56.6102485657, 57.0514259338, 57.5042152405, 57.9570045471, 58.39818573, 58.8393630981, 59.280544281, 59.7217216492, 60.1861228943, 60.6389122009, 61.0916976929, 61.5328788757, 61.9740562439, 62.4268455505, 62.8796348572, 63.32081604, 63.7736053467, 64.2147827148, 64.6675720215, 65.1087493896, 65.5615386963, 66.0143280029, 66.4555053711, 66.8966903687, 67.3494796753, 67.8022689819, 68.2434463501, 68.6962356567, 69.1490249634, 69.5902023315, 70.0313796997, 70.4841690063, 70.936958313, 71.3781356812, 71.8309249878, 72.2837142944, 72.7365036011, 73.1892929077, 73.6304779053, 74.0716552734, 74.5244445801, 74.9772338867, 75.4184112549, 75.859588623, 76.3007659912, 76.7535552979, 77.1947402954, 77.6475296021, 78.1003189087, 78.5531082153, 78.9942855835, 79.4470748901, 79.8882522583, 80.3410415649, 80.7822189331, 81.2233963013, 81.6761856079, 82.1289749146, 82.5817642212, 83.0345535278, 83.4757385254, 83.9169158936, 84.3697052002, 84.8224945068, 85.263671875, 85.7048492432, 86.1460266113, 86.598815918, 87.0516052246, 87.4927902222, 87.9455795288, 88.3983688354, 88.8395462036, 89.2923355103, 89.7451248169, 90.1863021851, 90.6274795532, 91.0802688599, 91.521446228, 91.9742355347, 92.4270248413, 92.8798141479, 93.3209991455, 93.7621765137, 94.2149658203, 94.667755127, 95.1089324951, 95.5617218018, 96.0145111084, 96.4556884766, 96.9084777832, 97.3612670898, 97.802444458, 98.2436294556, 98.6848068237, 99.1259841919, 99.5787734985, 100.019950867, 100.472740173, 100.92552948, 101.366706848, 101.819496155, 102.272285461, 102.725074768, 103.166259766, 103.607437134, 104.06022644, 104.513015747, 104.954193115, 105.406982422, 105.859771729, 106.300949097, 106.753738403, 107.20652771, 107.647705078, 108.100494385, 108.553283691, 108.994468689, 109.435646057, 109.888435364, 110.34122467, 110.782402039, 111.235191345, 111.676368713, 112.117546082, 112.570335388, 113.023124695, 113.475914001, 113.917098999, 114.358276367, 114.811065674, 115.26385498, 115.705032349, 116.146209717, 116.587387085, 117.028572083, 117.492965698, 117.945755005, 118.398544312, 118.839729309, 119.292518616, 119.745300293, 120.186485291, 120.627662659, 121.080451965, 121.533241272, 121.97441864, 122.415596008, 122.868385315, 123.309570312, 123.762359619, 124.215148926, 124.667930603, 125.109115601, 125.561904907, 126.014694214, 126.455871582, 126.89704895, 127.349838257, 127.802627563, 128.243804932, 128.6849823, 129.137771606, 129.590560913, 130.031738281, 130.484527588, 130.937316895, 131.378494263, 131.81968689, 132.272476196, 132.725265503, 133.166442871, 133.619232178, 134.072021484, 134.513198853, 134.954376221, 135.395553589, 135.859954834, 136.301132202, 136.753921509, 137.206710815, 137.647888184, 138.10067749, 138.553466797, 138.994644165, 139.447433472, 139.88861084, 140.341400146, 140.782577515, 141.223754883, 141.676544189, 142.129333496, 142.570526123, 143.011703491, 143.464492798, 143.917282104, 144.370071411, 144.822860718, 145.264038086, 145.705215454, 146.158004761, 146.610794067, 147.051971436, 147.493148804, 147.934326172, 148.387115479, 148.828292847, 149.281082153, 149.722259521, 150.175048828, 150.627838135, 151.069015503, 151.51020813, 151.962997437, 152.415786743, 152.856964111, 153.309753418, 153.762542725, 154.203720093, 154.656509399, 155.109298706, 155.562088013, 156.003265381, 156.456054688, 156.908843994, 157.350021362, 157.79119873, 158.243988037, 158.685165405, 159.137954712, 159.590744019, 160.031921387, 160.484710693, 160.925888062, 161.378677368, 161.819854736, 162.272644043, 162.72543335, 163.166610718, 163.619400024, 164.072189331, 164.513381958, 164.966171265, 165.418960571, 165.860137939, 166.301315308, 166.754104614, 167.206893921, 167.659683228, 168.100860596, 168.553649902, 168.994827271, 169.447616577, 169.888793945, 170.329971313, 170.78276062, 171.235549927, 171.688339233, 172.129516602, 172.57069397, 173.023483276, 173.476272583, 173.917449951, 174.370239258, 174.823028564, 175.264221191, 175.70539856, 176.158187866, 176.610977173, 177.052154541, 177.504943848, 177.957733154, 178.398910522, 178.840087891, 179.292877197, 179.745666504, 180.186843872, 180.62802124, 181.080810547, 181.533599854, 181.974777222, 182.427566528, 182.868743896, 183.321533203, 183.762710571, 184.215499878, 184.656692505, 185.109481812, 185.562271118, 186.015060425, 186.456237793, 186.9090271, 187.361816406, 187.802993774, 188.244171143, 188.696960449, 189.149749756, 189.590927124, 190.032104492, 190.484893799, 190.937683105, 191.378860474, 191.820037842, 192.272827148, 192.725616455, 193.178405762, 193.631195068, 194.072372437, 194.513549805, 194.954742432, 195.407531738, 195.860321045, 196.301498413, 196.75428772, 197.207077026, 197.648254395, 198.089431763, 198.542221069, 198.995010376, 199.436187744, 199.888977051, 200.341766357, 200.782943726, 201.235733032, 201.688522339, 202.129699707, 202.570877075, 203.023666382, 203.476455688, 203.917633057, 204.358810425, 204.800003052, 205.252792358, 205.705581665, 206.158370972, 206.611160278, 207.052337646, 207.505126953, 207.95791626, 208.399093628, 208.840270996, 209.293060303, 209.734237671, 210.187026978, 210.628204346, 211.080993652, 211.533782959, 211.974960327, 212.427749634, 212.88053894, 213.321716309, 213.762893677, 214.215682983, 214.66847229, 215.109649658, 215.562438965, 216.015228271, 216.45640564, 216.897598267, 217.350387573, 217.80317688, 218.244354248, 218.697143555, 219.149932861, 219.591110229, 220.032287598, 220.485076904, 220.937866211, 221.379043579, 221.831832886, 222.284622192, 222.725799561, 223.190200806, 223.654602051, 224.119003296, 224.606613159, 225.094238281],
    "bpm_histogram": [0, 0, 0, 0, 0, 0, 0, 0, 0, 0, 0, 0, 0, 0, 0, 0, 0, 0, 0, 0, 0, 0, 0, 0, 0, 0, 0, 0, 0, 0, 0, 0, 0, 0, 0, 0, 0, 0, 0, 0, 0, 0, 0, 0, 0, 0, 0, 0, 0, 0, 0, 0, 0, 0, 0, 0, 0, 0, 0, 0, 0, 0, 0, 0, 0, 0, 0, 0, 0, 0, 0, 0, 0, 0, 0, 0, 0, 0, 0, 0, 0, 0, 0, 0, 0, 0, 0, 0, 0, 0, 0, 0, 0, 0, 0, 0, 0, 0, 0, 0, 0, 0, 0, 0, 0, 0, 0, 0, 0, 0, 0, 0, 0, 0, 0, 0, 0, 0.00399201596156, 0, 0, 0, 0, 0, 0.00399201596156, 0, 0, 0, 0, 0, 0.0179640725255, 0, 0, 0, 0.538922131062, 0, 0, 0.435129731894, 0, 0, 0, 0, 0, 0, 0, 0, 0, 0, 0, 0, 0, 0, 0, 0, 0, 0, 0, 0, 0, 0, 0, 0, 0, 0, 0, 0, 0, 0, 0, 0, 0, 0, 0, 0, 0, 0, 0, 0, 0, 0, 0, 0, 0, 0, 0, 0, 0, 0, 0, 0, 0, 0, 0, 0, 0, 0, 0, 0, 0, 0, 0, 0, 0, 0, 0, 0, 0, 0, 0, 0, 0, 0, 0, 0, 0, 0, 0, 0, 0, 0, 0, 0, 0, 0, 0, 0, 0, 0, 0, 0, 0, 0, 0, 0, 0, 0, 0, 0, 0, 0, 0, 0, 0, 0, 0, 0, 0, 0, 0, 0, 0]
},
"tonal": {
    "chords_changes_rate": 0.0633744820952,
    "chords_number_rate": 0.00164609053172,
    "chords_strength": {
        "mean": 0.4955971241
    },
    "hpcp_crest": {
        "mean": 12.5802345276
    },
    "hpcp_entropy": {
        "mean": 2.17346572876
    },
    "key_edma": {
        "strength": 0.893405914307,
        "key": "C",
        "scale": "major"
    },
    "key_krumhansl": {
        "strength": 0.89526873827,
        "key": "C",
        "scale": "major"
    },
    "key_temperley": {
        "strength": 0.893180131912,
        "key": "C",
        "scale": "major"
    },
    "tuning_diatonic_strength": 0.637693405151,
    "tuning_equal_tempered_deviation": 0.133919715881,
    "tuning_frequency": 437.718536377,
    "tuning_nontempered_energy_ratio": 0.790243327618,
    "hpcp": {
        "mean": [0.091265372932, 0.0773511603475, 0.0421507582068, 0.0356021858752, 0.0344231165946, 0.0698636770248, 0.146561667323, 0.142998144031, 0.192272007465, 0.326619893312, 0.240308493376, 0.0932722315192, 0.0648764297366, 0.0525917522609, 0.0801787823439, 0.180084958673, 0.171304047108, 0.0783747956157, 0.0562330000103, 0.0480009168386, 0.0705410838127, 0.155491292477, 0.156929418445, 0.0874548107386, 0.0666932016611, 0.05648862198, 0.0620643943548, 0.0879204422235, 0.0851282253861, 0.155631452799, 0.289495259523, 0.200955599546, 0.065046235919, 0.0551127046347, 0.0490553230047, 0.0607122555375]
    },
    "chords_histogram": [32.5720176697, 8.5596704483, 28.5802459717, 5.04115247726, 4.09465026855, 0.967078208923, 1.62551438808, 0.0617283955216, 0, 0, 0.288065850735, 0.0411522649229, 0, 0, 0.144032925367, 0.452674895525, 0, 12.6337451935, 0, 0.740740716457, 0, 0.493827164173, 0.925925910473, 2.77777767181],
    "thpcp": [1, 0.735743582249, 0.285568118095, 0.198629751801, 0.16101822257, 0.245480403304, 0.551359415054, 0.524475216866, 0.239957198501, 0.172166481614, 0.146962627769, 0.2159730196, 0.476061910391, 0.480464965105, 0.267757147551, 0.204192101955, 0.172949120402, 0.190020248294, 0.269182741642, 0.260633915663, 0.476491034031, 0.886336863041, 0.615258276463, 0.199149638414, 0.168736517429, 0.150190860033, 0.185880452394, 0.279423803091, 0.236823171377, 0.129051417112, 0.109001889825, 0.105391979218, 0.213899031281, 0.448722422123, 0.437812119722, 0.588672041893],
    "chords_key": "C",
    "chords_scale": "major"
}
}