{
"metadata": {
    "version": {
        "essentia": "2.1-beta6-dev",
        "essentia_git_sha": "v2.1_beta5-1177-g1d1cc983",
        "extractor": "music 2.0"
    },
    "audio_properties": {
        "analysis": {
            "equal_loudness": 0,
            "length": 178.117752075,
            "sample_rate": 44100,
            "start_time": 0,
            "downmix": "mix"
        },
        "bit_rate": 1411200,
        "length": 178.117752075,
        "lossless": 1,
        "number_channels": 2,
        "replay_gain": -13.6172866821,
        "sample_rate": 44100,
        "codec": "pcm_s16le",
        "md5_encoded": "8616e82fec131a971d87f40cea589301"
    },
    "tags": {
        "file_name": "01 - The Front Bottoms - Today Is Not Real.wav",
        "album": ["Ann"],
        "albumartist": ["The Front Bottoms"],
        "artist": ["The Front Bottoms"],
        "copyright": ["© 2018 Wuakaskole Records under the exclusive license to Fueled By Ramen, LLC for the United States and WEA International Inc. for the world outside of the United States. ℗ 2018 Wuakaskole Records under the exclusive license to Fueled By Ramen, LLC"],
        "date": ["2018"],
        "discnumber": ["1"],
        "disctotal": ["1"],
        "genre": ["Alternative & Indie"],
        "isrc": ["USAT21801001"],
        "title": ["Today Is Not Real"],
        "tracknumber": ["1"],
        "tracktotal": ["6"]
    }
},
"lowlevel": {
    "average_loudness": 0.914021670818,
    "barkbands_crest": {
        "mean": 10.2827157974
    },
    "barkbands_flatness_db": {
        "mean": 0.170931622386
    },
    "barkbands_kurtosis": {
        "mean": 4.91569662094
    },
    "barkbands_skewness": {
        "mean": 1.53361678123
    },
    "barkbands_spread": {
        "mean": 20.9644069672
    },
    "dissonance": {
        "mean": 0.466968208551
    },
    "dynamic_complexity": 2.71948838234,
    "erbbands_crest": {
        "mean": 9.52460861206
    },
    "erbbands_flatness_db": {
        "mean": 0.185082614422
    },
    "erbbands_kurtosis": {
        "mean": 0.602853775024
    },
    "erbbands_skewness": {
        "mean": -0.188225626945
    },
    "erbbands_spread": {
        "mean": 33.8929290771
    },
    "hfc": {
        "mean": 21.9884815216
    },
    "loudness_ebu128": {
        "integrated": -7.7659239769,
        "loudness_range": 6.13747167587,
        "momentary": {
            "mean": -9.72746086121
        },
        "short_term": {
            "mean": -8.78820419312
        }
    },
    "melbands_crest": {
        "mean": 15.6954603195
    },
    "melbands_flatness_db": {
        "mean": 0.226110100746
    },
    "melbands_kurtosis": {
        "mean": 16.0606651306
    },
    "melbands_skewness": {
        "mean": 2.80360150337
    },
    "melbands_spread": {
        "mean": 23.3089485168
    },
    "pitch_salience": {
        "mean": 0.473718762398
    },
    "silence_rate_20dB": {
        "mean": 1
    },
    "silence_rate_30dB": {
        "mean": 1
    },
    "silence_rate_60dB": {
        "mean": 0.0629562065005
    },
    "spectral_centroid": {
        "mean": 1348.62036133
    },
    "spectral_complexity": {
        "mean": 20.8275547028
    },
    "spectral_decrease": {
        "mean": -9.35423916104e-09
    },
    "spectral_energy": {
        "mean": 0.0372993387282
    },
    "spectral_energyband_high": {
        "mean": 0.000456999929156
    },
    "spectral_energyband_low": {
        "mean": 0.0191508159041
    },
    "spectral_energyband_middle_high": {
        "mean": 0.00813543517143
    },
    "spectral_energyband_middle_low": {
        "mean": 0.0110050700605
    },
    "spectral_entropy": {
        "mean": 7.42471265793
    },
    "spectral_flux": {
        "mean": 0.0722820907831
    },
    "spectral_kurtosis": {
        "mean": 7.18057346344
    },
    "spectral_rms": {
        "mean": 0.00567898293957
    },
    "spectral_rolloff": {
        "mean": 1417.19555664
    },
    "spectral_skewness": {
        "mean": 1.62943851948
    },
    "spectral_spread": {
        "mean": 3569798.25
    },
    "spectral_strongpeak": {
        "mean": 0.9237408638
    },
    "zerocrossingrate": {
        "mean": 0.0507983714342
    },
    "barkbands": {
        "mean": [6.73430622555e-05, 0.0112414844334, 0.00656003970653, 0.00243697804399, 0.00349023472518, 0.00135600531939, 0.0014908957528, 0.00115620100405, 0.000700959237292, 0.000935331743676, 0.000835314742289, 0.00122404587455, 0.00113101257011, 0.000905792228878, 0.000818617874756, 0.000746432400774, 0.000862654007506, 0.000374328548787, 0.000381635793019, 0.000193349580513, 0.000128674219013, 0.000110610264528, 7.88456454757e-05, 4.86810859002e-05, 1.97285462491e-05, 3.8468965613e-06, 3.21401529391e-07]
    },
    "erbbands": {
        "mean": [0.128514051437, 3.14098834991, 8.95069980621, 7.23412179947, 11.0234546661, 10.552570343, 11.2065191269, 9.80493450165, 14.9112195969, 31.9290504456, 23.4573745728, 14.9456548691, 27.5692386627, 29.6424980164, 40.7771568298, 49.8521308899, 52.5404510498, 54.9989738464, 34.3265762329, 45.2001228333, 50.0773048401, 47.8675689697, 22.4260387421, 16.5947971344, 19.5371341705, 8.53127861023, 5.66316604614, 4.77488470078, 4.03186178207, 3.12362098694, 2.09602856636, 1.34111952782, 0.623655378819, 0.282444506884, 0.108172670007, 0.0270006209612, 0.00561853777617, 0.000718246388715, 7.91927886894e-05, 4.56724665128e-05]
    },
    "gfcc": {
        "mean": [-18.7194156647, 117.816719055, -138.10609436, 38.0081253052, -45.5542030334, 13.5317955017, -33.2407684326, 1.36457371712, -18.2172222137, -5.43119001389, -9.39670944214, -6.33515024185, -9.23074436188],
        "cov": [[17589.71875, 407.346435547, -290.126373291, 1890.89123535, 332.392364502, 1294.33605957, -100.824157715, 590.641479492, 60.8524246216, 216.028030396, -1.18818986416, 111.622924805, -150.046707153], [407.346435547, 1999.51062012, -3.82728123665, -272.368469238, 406.347747803, -199.310012817, 347.228088379, -151.80480957, 117.318466187, -224.690185547, 114.301391602, -102.481338501, 149.072357178], [-290.126373291, -3.82728123665, 1015.72540283, 398.871185303, 156.839447021, 352.042022705, 141.147796631, 92.7640380859, 19.2533493042, 63.0267715454, -44.9236526489, 142.463012695, 20.0367183685], [1890.89123535, -272.368469238, 398.871185303, 768.067626953, 220.747451782, 407.242523193, 41.1521453857, 169.896987915, 87.7022094727, 110.069282532, 7.35152053833, 100.826690674, 1.98987066746], [332.392364502, 406.347747803, 156.839447021, 220.747451782, 447.770263672, 155.625534058, 146.776260376, 52.6721572876, 111.769241333, 12.6536502838, 42.1642417908, 18.7843990326, 44.0355491638], [1294.33605957, -199.310012817, 352.042022705, 407.242523193, 155.625534058, 462.844116211, 109.584815979, 124.323646545, 33.4691619873, 83.1418228149, 2.40734958649, 75.0531921387, -10.6828460693], [-100.824157715, 347.228088379, 141.147796631, 41.1521453857, 146.776260376, 109.584815979, 242.975372314, 37.4590377808, 29.1169872284, -41.1528511047, 32.4601402283, 4.79749202728, 27.3809928894], [590.641479492, -151.80480957, 92.7640380859, 169.896987915, 52.6721572876, 124.323646545, 37.4590377808, 182.074874878, 48.6430740356, 40.2454910278, 10.2876596451, 46.390171051, -9.85809898376], [60.8524246216, 117.318466187, 19.2533493042, 87.7022094727, 111.769241333, 33.4691619873, 29.1169872284, 48.6430740356, 147.374130249, 46.1165847778, 22.3955898285, -10.0401411057, 15.6470165253], [216.028030396, -224.690185547, 63.0267715454, 110.069282532, 12.6536502838, 83.1418228149, -41.1528511047, 40.2454910278, 46.1165847778, 145.529312134, 19.9849853516, 17.4790630341, -30.5728797913], [-1.18818986416, 114.301391602, -44.9236526489, 7.35152053833, 42.1642417908, 2.40734958649, 32.4601402283, 10.2876596451, 22.3955898285, 19.9849853516, 106.969047546, 12.7119016647, 10.8075456619], [111.622924805, -102.481338501, 142.463012695, 100.826690674, 18.7843990326, 75.0531921387, 4.79749202728, 46.390171051, -10.0401411057, 17.4790630341, 12.7119016647, 101.973846436, 26.734287262], [-150.046707153, 149.072357178, 20.0367183685, 1.98987066746, 44.0355491638, -10.6828460693, 27.3809928894, -9.85809898376, 15.6470165253, -30.5728797913, 10.8075456619, 26.734287262, 81.7754058838]],
        "icov": [[0.000304245593725, -0.000895140634384, 0.00077137775952, -0.000839168613311, 0.000567474635318, -0.00113932962995, 0.00103095930535, -0.000915570242796, 0.000830304634292, -0.000528402044438, 0.000823143229354, -0.000523080409039, 0.000817267515231], [-0.000895140634384, 0.00413315417245, -0.00263829738833, 0.00273652607575, -0.00261883856729, 0.00399205088615, -0.0042395000346, 0.00357531686313, -0.00330274389125, 0.00303891859949, -0.00369126186706, 0.00275166099891, -0.00345852202736], [0.00077137775952, -0.00263829738833, 0.00385093013756, -0.00261088716798, 0.0016634959029, -0.00349351251498, 0.00177457439713, -0.00188070698641, 0.00221344153397, -0.00224953540601, 0.00383343570866, -0.00382687617093, 0.00265167793259], [-0.000839168613311, 0.00273652607575, -0.00261088716798, 0.00555017357692, -0.00254915631376, 0.00108705891762, -0.00158426375128, 0.00161411962472, -0.00311983074062, 0.00177651958074, -0.00267090136185, 0.00123415153939, -0.00257323146798], [0.000567474635318, -0.00261883856729, 0.0016634959029, -0.00254915631376, 0.00555130559951, -0.00284569314681, 0.00102417392191, -0.00161265255883, -0.00012241609511, -0.00153362937272, 0.00176971592009, -0.00161380390637, 0.0013150133891], [-0.00113932962995, 0.00399205088615, -0.00349351251498, 0.00108705891762, -0.00284569314681, 0.0102397957817, -0.00673479354009, 0.00300914258696, -0.00203970982693, 0.000451018247986, -0.00276964087971, 0.00177711364813, -0.0027064695023], [0.00103095930535, -0.0042395000346, 0.00177457439713, -0.00158426375128, 0.00102417392191, -0.00673479354009, 0.0123972781003, -0.00536108063534, 0.00313332327642, 0.000551292381715, 0.000908817630261, -0.000249307689955, 0.0025631650351], [-0.000915570242796, 0.00357531686313, -0.00188070698641, 0.00161411962472, -0.00161265255883, 0.00300914258696, -0.00536108063534, 0.0122385565192, -0.00620391545817, 0.00260849739425, -0.00262658717111, -0.00234515592456, 3.20149811159e-05], [0.000830304634292, -0.00330274389125, 0.00221344153397, -0.00311983074062, -0.00012241609511, -0.00203970982693, 0.00313332327642, -0.00620391545817, 0.0147072179243, -0.00677255215123, 0.00244062277488, 0.00264903460629, -0.00145445961971], [-0.000528402044438, 0.00303891859949, -0.00224953540601, 0.00177651958074, -0.00153362937272, 0.000451018247986, 0.000551292381715, 0.00260849739425, -0.00677255215123, 0.0146307926625, -0.0057757506147, 0.000694982125424, 0.00231517432258], [0.000823143229354, -0.00369126186706, 0.00383343570866, -0.00267090136185, 0.00176971592009, -0.00276964087971, 0.000908817630261, -0.00262658717111, 0.00244062277488, -0.0057757506147, 0.0154304262251, -0.00585607625544, 0.00267816451378], [-0.000523080409039, 0.00275166099891, -0.00382687617093, 0.00123415153939, -0.00161380390637, 0.00177711364813, -0.000249307689955, -0.00234515592456, 0.00264903460629, 0.000694982125424, -0.00585607625544, 0.0209607239813, -0.0104919811711], [0.000817267515231, -0.00345852202736, 0.00265167793259, -0.00257323146798, 0.0013150133891, -0.0027064695023, 0.0025631650351, 3.20149811159e-05, -0.00145445961971, 0.00231517432258, 0.00267816451378, -0.0104919811711, 0.0217497181147]]
    },
    "melbands": {
        "mean": [0.00216505909339, 0.00453989114612, 0.00139179592952, 0.000781806302257, 0.000401135679567, 0.000232977283304, 0.000249957141932, 0.000325133063598, 0.000172281244886, 9.47823355091e-05, 0.000136672024382, 0.000115294271382, 0.0001329495135, 0.000125162914628, 0.000146936785313, 0.000105658786197, 9.84783837339e-05, 5.23810667801e-05, 5.27338306711e-05, 5.32142694283e-05, 6.09021662967e-05, 5.5570690165e-05, 2.83519420918e-05, 1.5373714632e-05, 1.25895885503e-05, 1.56949245138e-05, 1.06556235551e-05, 4.41443762611e-06, 3.50153277395e-06, 3.24179222844e-06, 2.63331685346e-06, 2.39125188273e-06, 1.8975358671e-06, 1.65344522429e-06, 1.21869572922e-06, 1.04328239559e-06, 7.38550284041e-07, 4.57941268905e-07, 3.28187240939e-07, 2.04577020213e-07]
    },
    "melbands128": {
        "mean": [6.40971047687e-05, 0.000414949114202, 0.00254808575846, 0.00637202709913, 0.00572509830818, 0.00260828016326, 0.00138083053753, 0.0011799359927, 0.00119333143812, 0.000771945458837, 0.000534008722752, 0.00046630972065, 0.000431112886872, 0.000239916218561, 0.000161890464369, 0.000295347796055, 0.000243434347794, 0.000185468496056, 0.000290456751827, 0.000504634168465, 0.000207638091524, 0.000197119443328, 0.000209489837289, 9.12097020773e-05, 8.14858794911e-05, 7.08866791683e-05, 0.000179464375833, 0.000161367235705, 6.89982261974e-05, 0.000149411469465, 9.91855704342e-05, 0.00011035829084, 0.000169398394064, 0.000101704405097, 0.000154765555635, 0.000108739026473, 0.000115186732728, 0.000188572055777, 0.000139590396429, 8.90692026587e-05, 9.01391249499e-05, 0.000143091063364, 0.000115796392492, 7.26213766029e-05, 3.55004303856e-05, 6.57781929476e-05, 4.97688270116e-05, 2.91759915854e-05, 6.45484105917e-05, 8.8795706688e-05, 3.03828874166e-05, 4.06317085435e-05, 7.53066051402e-05, 5.90510244365e-05, 5.83883011132e-05, 7.17301954865e-05, 3.27245288645e-05, 3.36571465596e-05, 3.03410088236e-05, 1.00552197182e-05, 1.87305577128e-05, 1.3876589037e-05, 1.05110375443e-05, 1.39737767313e-05, 1.21570328702e-05, 1.74350734596e-05, 1.66921472555e-05, 1.3469408259e-05, 9.26971642912e-06, 6.82302561472e-06, 3.73088687411e-06, 3.67549091607e-06, 3.94261996917e-06, 3.18572051583e-06, 3.28183273268e-06, 3.89340266338e-06, 2.74580679616e-06, 2.66843198915e-06, 2.68334838438e-06, 2.48654237112e-06, 2.63910078502e-06, 2.36873415815e-06, 1.84818270554e-06, 1.86731608665e-06, 1.93403002413e-06, 1.70051691839e-06, 1.71308295194e-06, 1.19658170661e-06, 1.27317935039e-06, 1.09482436983e-06, 1.1446040844e-06, 1.04421133074e-06, 8.80579193563e-07, 6.91192497015e-07, 7.15512669558e-07, 5.51120990622e-07, 3.64666817632e-07, 3.83095226653e-07, 3.41344190247e-07, 3.12730065843e-07, 2.26421349225e-07, 1.986047522e-07, 1.53026718408e-07, 1.47169799902e-07, 1.37890694418e-07, 9.01375756257e-08, 7.14644627919e-08, 5.40978106756e-08, 4.14691321282e-08, 3.1436421466e-08, 2.64016719598e-08, 2.02864640642e-08, 1.63468172332e-08, 1.15364020559e-08, 8.26109580743e-09, 5.50208412164e-09, 4.01207600476e-09, 3.16614712226e-09, 2.45979503433e-09, 1.7126500218e-09, 1.2158452023e-09, 7.33798910524e-10, 4.15700918133e-10, 2.51242554539e-10, 1.67881708535e-10, 1.09318991359e-10, 6.90658780167e-11, 4.81330426905e-11]
    },
    "mfcc": {
        "mean": [-647.954711914, 137.618011475, -20.1054000854, 26.2112312317, 8.68650531769, 11.0337095261, -0.0110171763226, 6.10122919083, -3.26178646088, 0.750891983509, -2.46449971199, 2.5301015377, 1.39144992828],
        "cov": [[12152.4257812, -781.051696777, -23.1881084442, 873.266601562, 716.395812988, 807.379760742, 414.741912842, 576.95526123, 317.327697754, 310.285491943, 307.629302979, 297.323272705, 288.327575684], [-781.051696777, 1983.10778809, -305.984222412, -31.8657627106, -33.8498535156, -41.2093200684, 97.6462097168, 65.2965164185, 12.8045005798, -54.9721183777, -63.8403816223, -38.204158783, -31.1610889435], [-23.1881084442, -305.984222412, 930.066345215, 145.603912354, 142.805633545, 235.901443481, 132.256210327, 140.827941895, 98.925743103, 0.724302947521, 26.3123435974, 20.8886795044, 35.3101615906], [873.266601562, -31.8657627106, 145.603912354, 385.823577881, 241.508132935, 199.004882812, 92.4521408081, 134.98916626, 117.20438385, 54.1377105713, 60.3832397461, 77.393989563, 76.7340545654], [716.395812988, -33.8498535156, 142.805633545, 241.508132935, 340.613220215, 221.93132019, 78.2849197388, 117.257904053, 114.336006165, 72.8547286987, 65.5642852783, 76.8777923584, 71.7442398071], [807.379760742, -41.2093200684, 235.901443481, 199.004882812, 221.93132019, 382.681732178, 163.036987305, 133.584838867, 124.779083252, 68.6703186035, 79.3748092651, 63.4541244507, 48.128162384], [414.741912842, 97.6462097168, 132.256210327, 92.4521408081, 78.2849197388, 163.036987305, 224.87197876, 151.755081177, 53.4704818726, 24.2500858307, 46.5820465088, 31.7808074951, 29.0627574921], [576.95526123, 65.2965164185, 140.827941895, 134.98916626, 117.257904053, 133.584838867, 151.755081177, 234.217422485, 105.646057129, 23.731584549, 36.5830726624, 38.3158607483, 41.6232566833], [317.327697754, 12.8045005798, 98.925743103, 117.20438385, 114.336006165, 124.779083252, 53.4704818726, 105.646057129, 151.758377075, 56.7245788574, 30.9207038879, 32.4834823608, 34.1074523926], [310.285491943, -54.9721183777, 0.724302947521, 54.1377105713, 72.8547286987, 68.6703186035, 24.2500858307, 23.731584549, 56.7245788574, 115.606491089, 68.5100708008, 34.6640129089, 20.8614730835], [307.629302979, -63.8403816223, 26.3123435974, 60.3832397461, 65.5642852783, 79.3748092651, 46.5820465088, 36.5830726624, 30.9207038879, 68.5100708008, 125.216445923, 55.6825904846, 24.4045162201], [297.323272705, -38.204158783, 20.8886795044, 77.393989563, 76.8777923584, 63.4541244507, 31.7808074951, 38.3158607483, 32.4834823608, 34.6640129089, 55.6825904846, 97.3126678467, 49.3824310303], [288.327575684, -31.1610889435, 35.3101615906, 76.7340545654, 71.7442398071, 48.128162384, 29.0627574921, 41.6232566833, 34.1074523926, 20.8614730835, 24.4045162201, 49.3824310303, 86.5680160522]],
        "icov": [[0.000122515368275, 5.86963942624e-05, 0.000112764588266, -0.000149878891534, 1.32168361233e-05, -0.000201950970222, 5.84351291764e-05, -0.000282798544504, 0.000198067733436, -0.000162608033861, 2.45105620706e-05, 5.06231110364e-08, -0.000128181723994], [5.86963942624e-05, 0.000624682987109, 0.000321902858559, -3.70688940166e-05, -0.000102469006379, 3.44997351931e-05, -0.000509352597874, -0.00012507440988, -0.000235204570345, 0.000256690284004, 0.000237019907217, 7.66538432799e-05, 0.000148067920236], [0.000112764588266, 0.000321902858559, 0.00157234747894, -0.000158533264766, -8.1696860434e-05, -0.00082202773774, -0.000281256187009, -0.000512668746524, -0.000263905647444, 0.000650186033454, 1.65993442351e-05, 0.000404562713811, -0.000183050651685], [-0.000149878891534, -3.70688940166e-05, -0.000158533264766, 0.00554430717602, -0.0025179265067, -0.000272263889201, 5.43247006135e-06, -0.000458274967968, -0.00127415673342, 0.000835203565657, -0.000262580811977, -0.000747192010749, -0.00110632006545], [1.32168361233e-05, -0.000102469006379, -8.1696860434e-05, -0.0025179265067, 0.00730408495292, -0.00265260855667, 0.00176944991108, -0.00125832308549, 2.88537412416e-05, -0.00171169464011, 0.0004033066798, -0.00105650303885, -0.00149321067147], [-0.000201950970222, 3.44997351931e-05, -0.00082202773774, -0.000272263889201, -0.00265260855667, 0.00724558159709, -0.0042185857892, 0.00246738968417, -0.00322572048753, 0.000571350858081, -0.00116511713713, -0.000322861043969, 0.00130760064349], [5.84351291764e-05, -0.000509352597874, -0.000281256187009, 5.43247006135e-06, 0.00176944991108, -0.0042185857892, 0.0114574860781, -0.00712120626122, 0.00396818853915, -0.00118746864609, -0.00104686489794, 0.000271331489785, -0.000948649889324], [-0.000282798544504, -0.00012507440988, -0.000512668746524, -0.000458274967968, -0.00125832308549, 0.00246738968417, -0.00712120626122, 0.0123384818435, -0.0068041193299, 0.0031001442112, -0.000821919646114, -0.000172549916897, -9.46471263887e-05], [0.000198067733436, -0.000235204570345, -0.000263905647444, -0.00127415673342, 2.88537412416e-05, -0.00322572048753, 0.00396818853915, -0.0068041193299, 0.0154566233978, -0.00648400001228, 0.00249912519939, 0.00011151113722, -0.00109398050699], [-0.000162608033861, 0.000256690284004, 0.000650186033454, 0.000835203565657, -0.00171169464011, 0.000571350858081, -0.00118746864609, 0.0031001442112, -0.00648400001228, 0.0167812723666, -0.00777515908703, 0.000568241346627, 1.58728453243e-05], [2.45105620706e-05, 0.000237019907217, 1.65993442351e-05, -0.000262580811977, 0.0004033066798, -0.00116511713713, -0.00104686489794, -0.000821919646114, 0.00249912519939, -0.00777515908703, 0.0154990386218, -0.00632149493322, 0.00141558039468], [5.06231110364e-08, 7.66538432799e-05, 0.000404562713811, -0.000747192010749, -0.00105650303885, -0.000322861043969, 0.000271331489785, -0.000172549916897, 0.00011151113722, 0.000568241346627, -0.00632149493322, 0.0191485211253, -0.00775030022487], [-0.000128181723994, 0.000148067920236, -0.000183050651685, -0.00110632006545, -0.00149321067147, 0.00130760064349, -0.000948649889324, -9.46471263887e-05, -0.00109398050699, 1.58728453243e-05, 0.00141558039468, -0.00775030022487, 0.0184109434485]]
    },
    "spectral_contrast_coeffs": {
        "mean": [-0.676198303699, -0.74914509058, -0.748320519924, -0.764718830585, -0.767848789692, -0.752657353878]
    },
    "spectral_contrast_valleys": {
        "mean": [-6.8496594429, -6.91071510315, -7.37552118301, -7.51342535019, -7.71175956726, -10.7796564102]
    }
},
"rhythm": {
    "beats_count": 269,
    "beats_loudness": {
        "mean": 0.0411053821445
    },
    "bpm": 80.829574585,
    "bpm_histogram_first_peak_bpm": 81,
    "bpm_histogram_first_peak_weight": 0.0541872382164,
    "bpm_histogram_second_peak_bpm": 161,
    "bpm_histogram_second_peak_spread": 0.363636374474,
    "bpm_histogram_second_peak_weight": 0.0783582106233,
    "danceability": 0.91287279129,
    "onset_rate": 2.7451570034,
    "beats_loudness_band_ratio": {
        "mean": [0.499580085278, 0.198348850012, 0.13771378994, 0.139149084687, 0.0861164554954, 0.0359335318208]
    },
    "beats_position": [0.754648506641, 1.53251695633, 2.31038546562, 3.08825397491, 3.85451245308, 4.62077093124, 5.38702917099, 6.1648979187, 6.94276618958, 7.72063493729, 8.498503685, 9.24154186249, 9.98458003998, 10.7276191711, 11.4706573486, 12.202085495, 12.933514595, 13.6881628036, 14.4195919037, 15.1626300812, 15.9056682587, 16.6487064362, 17.391746521, 18.1347846985, 18.8662128448, 19.6092510223, 20.3406791687, 21.0837192535, 21.826757431, 22.5697956085, 23.312833786, 24.0558719635, 24.7873020172, 25.5303401947, 26.2617683411, 27.0048065186, 27.747844696, 28.5024929047, 29.2339229584, 29.9769611359, 30.7199993134, 31.4630374908, 32.2060775757, 32.9491157532, 33.6805419922, 34.4235839844, 35.1550102234, 35.8980484009, 36.6410865784, 37.3957366943, 38.1271629333, 38.8702049255, 39.613243103, 40.3562812805, 41.099319458, 41.8423576355, 42.5737876892, 43.3168258667, 44.0482521057, 44.7912902832, 45.5343284607, 46.2773704529, 47.0087966919, 47.7518348694, 48.4948730469, 49.2379112244, 49.9693412781, 50.7123794556, 51.4554176331, 52.1984558105, 52.941493988, 53.6845359802, 54.4275741577, 55.1706123352, 55.9020385742, 56.6334686279, 57.3765068054, 58.1195449829, 58.8625831604, 59.6056213379, 60.3486595154, 61.0916976929, 61.8347396851, 62.5777778625, 63.3092041016, 64.0522460938, 64.7836685181, 65.5267105103, 66.2697525024, 67.0127868652, 67.7558288574, 68.4988632202, 69.2419052124, 69.9849395752, 70.7163696289, 71.4594116211, 72.1908340454, 72.9338760376, 73.6769180298, 74.4199523926, 75.1629943848, 75.9060287476, 76.6490707397, 77.3921051025, 78.1351470947, 78.8665771484, 79.5979995728, 80.3410415649, 81.0840835571, 81.8271179199, 82.5701599121, 83.3131942749, 84.0562362671, 84.8108825684, 85.5423126221, 86.2737426758, 87.0051651001, 87.7482070923, 88.4912490845, 89.2342834473, 89.9773254395, 90.7203598022, 91.4634017944, 92.2064361572, 92.9494781494, 93.6925125122, 94.4123306274, 95.1553726196, 95.8984146118, 96.6414489746, 97.3844909668, 98.1275253296, 98.8705673218, 99.6136016846, 100.345031738, 101.076461792, 101.819496155, 102.562538147, 103.305580139, 104.048614502, 104.791656494, 105.534690857, 106.277732849, 107.020767212, 107.763809204, 108.506843567, 109.238273621, 109.969703674, 110.712738037, 111.455780029, 112.198822021, 112.941856384, 113.684898376, 114.427932739, 115.170974731, 115.914009094, 116.657051086, 117.38848114, 118.119903564, 118.862945557, 119.605987549, 120.349021912, 121.080451965, 121.823486328, 122.554916382, 123.297958374, 124.040992737, 124.784034729, 125.527069092, 126.270111084, 127.013153076, 127.7445755, 128.487609863, 129.230651855, 129.962081909, 130.705123901, 131.448165894, 132.191192627, 132.934234619, 133.677276611, 134.420318604, 135.163360596, 135.906387329, 136.637817383, 137.380859375, 138.123901367, 138.855331421, 139.598358154, 140.341400146, 141.0728302, 141.804260254, 142.547302246, 143.290344238, 144.033370972, 144.776412964, 145.519454956, 146.262496948, 147.005523682, 147.748565674, 148.491607666, 149.234649658, 149.97769165, 150.720718384, 151.463760376, 152.044265747, 152.624755859, 153.065933228, 153.472290039, 153.878631592, 154.284988403, 154.679718018, 155.074462891, 155.457595825, 155.852325439, 156.223846436, 156.60697937, 156.978500366, 157.361633301, 157.733154297, 158.104675293, 158.47618103, 158.847702026, 159.219223022, 159.590744019, 159.962265015, 160.333786011, 160.693695068, 161.065216064, 161.436737061, 161.819854736, 162.191375732, 162.562896729, 162.946029663, 163.317550659, 163.689071655, 164.048980713, 164.420501709, 164.780410767, 165.140319824, 165.51184082, 165.883346558, 166.254867554, 166.614776611, 166.997909546, 167.369430542, 167.752563477, 168.135681152, 168.530426025, 168.936782837, 169.331512451, 169.737869263, 170.132598877, 170.515731812, 170.898864746, 171.281997681, 171.665115356, 172.059860229, 172.454605103, 172.860946655, 173.267303467, 173.662033081, 174.103210449, 174.555999756, 175.008789062, 175.461578369, 175.914367676, 176.367156982, 176.819946289, 177.272735596],
    "bpm_histogram": [0, 0, 0, 0, 0, 0, 0, 0, 0, 0, 0, 0, 0, 0, 0, 0, 0, 0, 0, 0, 0, 0, 0, 0, 0, 0, 0, 0, 0, 0, 0, 0, 0, 0, 0, 0, 0, 0, 0, 0, 0, 0, 0, 0, 0, 0, 0, 0, 0, 0, 0, 0, 0, 0, 0, 0, 0, 0, 0, 0, 0, 0, 0, 0, 0, 0, 0, 0, 0, 0, 0, 0, 0, 0, 0, 0, 0, 0.0261194035411, 0.0111940298229, 0, 0.0149253727868, 0.552238821983, 0.149253726006, 0.0037313431967, 0, 0, 0, 0, 0, 0, 0, 0, 0, 0, 0, 0, 0, 0, 0, 0, 0, 0, 0, 0.00746268639341, 0, 0, 0, 0, 0, 0, 0, 0, 0, 0, 0, 0, 0, 0, 0, 0, 0, 0, 0, 0, 0, 0, 0, 0, 0, 0, 0, 0, 0, 0.0261194035411, 0, 0, 0.00746268639341, 0, 0, 0, 0, 0, 0, 0, 0, 0, 0, 0, 0.0261194035411, 0, 0, 0, 0.0335820913315, 0, 0, 0, 0, 0.0447761192918, 0, 0, 0, 0.0708955228329, 0.00746268639341, 0, 0, 0, 0, 0.0186567157507, 0, 0, 0, 0, 0, 0, 0, 0, 0, 0, 0, 0, 0, 0, 0, 0, 0, 0, 0, 0, 0, 0, 0, 0, 0, 0, 0, 0, 0, 0, 0, 0, 0, 0, 0, 0, 0, 0, 0, 0, 0, 0, 0, 0, 0, 0, 0, 0, 0, 0, 0, 0, 0, 0, 0, 0, 0, 0, 0, 0, 0, 0, 0, 0, 0, 0, 0, 0, 0, 0, 0, 0, 0, 0, 0, 0, 0, 0, 0, 0, 0, 0]
},
"tonal": {
    "chords_changes_rate": 0.0602032840252,
    "chords_number_rate": 0.00338806351647,
    "chords_strength": {
        "mean": 0.490621507168
    },
    "hpcp_crest": {
        "mean": 13.519203186
    },
    "hpcp_entropy": {
        "mean": 1.94431686401
    },
    "key_edma": {
        "strength": 0.7675973773,
        "key": "G",
        "scale": "major"
    },
    "key_krumhansl": {
        "strength": 0.785197615623,
        "key": "G",
        "scale": "major"
    },
    "key_temperley": {
        "strength": 0.807399213314,
        "key": "G",
        "scale": "major"
    },
    "tuning_diatonic_strength": 0.611759126186,
    "tuning_equal_tempered_deviation": 0.0801783278584,
    "tuning_frequency": 442.03793335,
    "tuning_nontempered_energy_ratio": 0.720094203949,
    "hpcp": {
        "mean": [0.120214402676, 0.0706228688359, 0.0404055640101, 0.0345498137176, 0.0318484306335, 0.0989120751619, 0.145576551557, 0.101765044034, 0.163548141718, 0.17938837409, 0.0832002535462, 0.0754634663463, 0.0760132521391, 0.0581406131387, 0.173249989748, 0.279485136271, 0.169525831938, 0.0768676623702, 0.0695955380797, 0.0586596988142, 0.136770695448, 0.213090986013, 0.137846037745, 0.0585965327919, 0.0685231015086, 0.0717194229364, 0.0992924273014, 0.138741955161, 0.134365037084, 0.274024307728, 0.2698751688, 0.0783591940999, 0.0331656821072, 0.031182218343, 0.0445258133113, 0.0979719981551]
    },
    "chords_histogram": [23.117017746, 18.816783905, 8.65259361267, 0.156372159719, 7.58405017853, 0.96429502964, 0.912170946598, 1.09460520744, 0.521240532398, 0.833984911442, 1.48553562164, 1.58978366852, 0.23455825448, 0.10424811393, 0, 3.72687005997, 0, 0.260620266199, 0.521240532398, 2.44983053207, 4.24811029434, 3.85718011856, 7.19311952591, 11.6757879257],
    "thpcp": [1, 0.606564760208, 0.275033086538, 0.249013379216, 0.209884867072, 0.489366620779, 0.762441217899, 0.493214190006, 0.209658846259, 0.245176196098, 0.256612658501, 0.35526907444, 0.496419787407, 0.480759143829, 0.980461120605, 0.965615451336, 0.280369818211, 0.118667066097, 0.111570224166, 0.159313708544, 0.350544571877, 0.430128067732, 0.252689182758, 0.144571423531, 0.123619504273, 0.11395393312, 0.35390818119, 0.520874023438, 0.364116132259, 0.5851765275, 0.641852974892, 0.297691166401, 0.270008862019, 0.271976023912, 0.20802757144, 0.61988979578],
    "chords_key": "G",
    "chords_scale": "major"
}
}