{
"metadata": {
    "version": {
        "essentia": "2.1-beta6-dev",
        "essentia_git_sha": "v2.1_beta5-1177-g1d1cc983",
        "extractor": "music 2.0"
    },
    "audio_properties": {
        "analysis": {
            "equal_loudness": 0,
            "length": 213.802124023,
            "sample_rate": 44100,
            "start_time": 0,
            "downmix": "mix"
        },
        "bit_rate": 1411200,
        "length": 213.802124023,
        "lossless": 1,
        "number_channels": 2,
        "replay_gain": -14.4673156738,
        "sample_rate": 44100,
        "codec": "pcm_s16le",
        "md5_encoded": "85991874f44ec72c755b8d08cba52e66"
    },
    "tags": {
        "file_name": "08 - The Front Bottoms - Funny You Should Ask.wav",
        "album": ["Talon Of The Hawk"],
        "albumartist": ["The Front Bottoms"],
        "artist": ["The Front Bottoms"],
        "copyright": ["2013 Bar None Records 2013 Bar None Records"],
        "date": ["2013"],
        "discnumber": ["1"],
        "disctotal": ["1"],
        "genre": ["Rock"],
        "isrc": ["US37V1322208"],
        "title": ["Funny You Should Ask"],
        "tracknumber": ["8"],
        "tracktotal": ["12"]
    }
},
"lowlevel": {
    "average_loudness": 0.953412294388,
    "barkbands_crest": {
        "mean": 10.0175056458
    },
    "barkbands_flatness_db": {
        "mean": 0.132475227118
    },
    "barkbands_kurtosis": {
        "mean": 9.70691204071
    },
    "barkbands_skewness": {
        "mean": 2.0253777504
    },
    "barkbands_spread": {
        "mean": 21.7156734467
    },
    "dissonance": {
        "mean": 0.465640932322
    },
    "dynamic_complexity": 2.82694387436,
    "erbbands_crest": {
        "mean": 8.17477607727
    },
    "erbbands_flatness_db": {
        "mean": 0.131242603064
    },
    "erbbands_kurtosis": {
        "mean": 0.201465889812
    },
    "erbbands_skewness": {
        "mean": 0.261958003044
    },
    "erbbands_spread": {
        "mean": 45.7051086426
    },
    "hfc": {
        "mean": 24.3770484924
    },
    "loudness_ebu128": {
        "integrated": -7.66068267822,
        "loudness_range": 2.96458721161,
        "momentary": {
            "mean": -9.10911941528
        },
        "short_term": {
            "mean": -8.60545444489
        }
    },
    "melbands_crest": {
        "mean": 13.9722261429
    },
    "melbands_flatness_db": {
        "mean": 0.215592518449
    },
    "melbands_kurtosis": {
        "mean": 23.6675186157
    },
    "melbands_skewness": {
        "mean": 3.35030937195
    },
    "melbands_spread": {
        "mean": 19.013343811
    },
    "pitch_salience": {
        "mean": 0.545094132423
    },
    "silence_rate_20dB": {
        "mean": 1
    },
    "silence_rate_30dB": {
        "mean": 0.993158876896
    },
    "silence_rate_60dB": {
        "mean": 0.0643935278058
    },
    "spectral_centroid": {
        "mean": 1197.31433105
    },
    "spectral_complexity": {
        "mean": 22.6316642761
    },
    "spectral_decrease": {
        "mean": -1.04523198985e-08
    },
    "spectral_energy": {
        "mean": 0.0416604876518
    },
    "spectral_energyband_high": {
        "mean": 0.000989534426481
    },
    "spectral_energyband_low": {
        "mean": 0.019292132929
    },
    "spectral_energyband_middle_high": {
        "mean": 0.00569620728493
    },
    "spectral_energyband_middle_low": {
        "mean": 0.017938233912
    },
    "spectral_entropy": {
        "mean": 7.57933473587
    },
    "spectral_flux": {
        "mean": 0.102041885257
    },
    "spectral_kurtosis": {
        "mean": 4.53524255753
    },
    "spectral_rms": {
        "mean": 0.00599976954982
    },
    "spectral_rolloff": {
        "mean": 1165.05639648
    },
    "spectral_skewness": {
        "mean": 1.60837900639
    },
    "spectral_spread": {
        "mean": 4993648
    },
    "spectral_strongpeak": {
        "mean": 0.66479498148
    },
    "zerocrossingrate": {
        "mean": 0.0549315065145
    },
    "barkbands": {
        "mean": [0.000234090533922, 0.0112919248641, 0.00579144433141, 0.00418748566881, 0.00592990033329, 0.00249764299951, 0.00167124310974, 0.00199557328597, 0.00109258689918, 0.00109198794235, 0.000637651886791, 0.000421317527071, 0.00053864432266, 0.000714812427759, 0.000567164213862, 0.000501604983583, 0.000695417984389, 0.000312268035486, 0.000345401582308, 0.000305860012304, 0.000216984481085, 0.00011196116975, 0.000165149031091, 0.000170782470377, 9.64529754128e-05, 6.40496291453e-05, 1.05227827589e-05]
    },
    "erbbands": {
        "mean": [0.23238992691, 2.81962609291, 7.12176513672, 10.6118526459, 18.4168148041, 18.7418861389, 18.1788139343, 20.824760437, 24.9777240753, 32.4444580078, 41.8772315979, 29.0156745911, 33.8746871948, 25.8933677673, 24.6933956146, 20.926197052, 25.5141239166, 36.1431007385, 33.0778312683, 24.9648246765, 35.0828933716, 31.631319046, 20.3974494934, 16.2704944611, 17.975353241, 13.4881305695, 11.2935762405, 6.8612704277, 4.04601049423, 4.15643930435, 4.75886821747, 4.11520814896, 2.4987347126, 1.25068223476, 0.621289014816, 0.381322085857, 0.0901797190309, 0.0139367738739, 0.00188769726083, 0.000135835842229]
    },
    "gfcc": {
        "mean": [22.2520008087, 90.6165542603, -95.9338760376, 37.5801506042, -47.1948928833, 10.123500824, -38.8569412231, 10.0434799194, -21.5862751007, 2.75657987595, -14.8051958084, -2.86239314079, -10.1703262329],
        "cov": [[14921.5, -704.429870605, -1561.77697754, -959.411621094, -713.623718262, 695.58001709, -393.722015381, 335.227935791, -472.683258057, 7.11506175995, -603.356628418, -99.8424758911, -371.492858887], [-704.429870605, 1314.3704834, -72.9975509644, -30.0950698853, 147.960418701, -169.569320679, 116.211433411, -36.7836875916, 142.553955078, -24.4546165466, 173.64491272, -26.1804504395, 80.932182312], [-1561.77697754, -72.9975509644, 714.768981934, 238.172790527, 62.1010246277, -81.6089782715, 39.8450698853, -62.1049232483, 42.8561058044, 49.6432533264, 30.5482215881, 42.3265113831, 13.2443323135], [-959.411621094, -30.0950698853, 238.172790527, 403.670837402, 54.0269546509, -60.4869537354, 7.80214309692, -34.3649291992, 24.5493850708, -7.18804311752, 36.6448440552, 8.27146148682, 28.8477916718], [-713.623718262, 147.960418701, 62.1010246277, 54.0269546509, 272.587188721, -45.6375236511, 58.1857299805, 9.93398094177, 69.3002853394, 37.3114509583, 38.1458091736, 28.5641460419, 29.0521221161], [695.58001709, -169.569320679, -81.6089782715, -60.4869537354, -45.6375236511, 229.845245361, 24.3721866608, 36.0380783081, -42.6177940369, -4.28390884399, -22.4609451294, -21.3702335358, -20.9896888733], [-393.722015381, 116.211433411, 39.8450698853, 7.80214309692, 58.1857299805, 24.3721866608, 169.737380981, 26.8297786713, 21.1861381531, 11.4796476364, 41.0551757812, 7.7422375679, 11.7925367355], [335.227935791, -36.7836875916, -62.1049232483, -34.3649291992, 9.93398094177, 36.0380783081, 26.8297786713, 107.782089233, 25.0873260498, -0.855066895485, -4.71069478989, -3.79260396957, -5.59928178787], [-472.683258057, 142.553955078, 42.8561058044, 24.5493850708, 69.3002853394, -42.6177940369, 21.1861381531, 25.0873260498, 127.724861145, 39.8474998474, 45.1148033142, -1.41482770443, 25.3761405945], [7.11506175995, -24.4546165466, 49.6432533264, -7.18804311752, 37.3114509583, -4.28390884399, 11.4796476364, -0.855066895485, 39.8474998474, 85.8123092651, 15.6536026001, 12.8525285721, -2.60553598404], [-603.356628418, 173.64491272, 30.5482215881, 36.6448440552, 38.1458091736, -22.4609451294, 41.0551757812, -4.71069478989, 45.1148033142, 15.6536026001, 119.828857422, 20.7243270874, 36.6515884399], [-99.8424758911, -26.1804504395, 42.3265113831, 8.27146148682, 28.5641460419, -21.3702335358, 7.7422375679, -3.79260396957, -1.41482770443, 12.8525285721, 20.7243270874, 70.2004547119, 22.6437568665], [-371.492858887, 80.932182312, 13.2443323135, 28.8477916718, 29.0521221161, -20.9896888733, 11.7925367355, -5.59928178787, 25.3761405945, -2.60553598404, 36.6515884399, 22.6437568665, 69.6679534912]],
        "icov": [[0.000199626898393, -0.000232183650951, 0.000275791011518, -8.9979121185e-06, 0.000329127273289, -0.000409742613556, 0.000389453285607, -0.000618622405455, 0.000505839241669, -0.000751074403524, 0.000796931912191, -0.000536234001629, 0.000451852421975], [-0.000232183650951, 0.00169762014411, -0.000101051133242, 0.000495702493936, -0.000797921791673, 0.00135376572143, -0.00124434742611, 0.00163358869031, -0.00161608064082, 0.00208498165011, -0.00245002144948, 0.00189037574455, -0.00097256351728], [0.000275791011518, -0.000101051133242, 0.00246172375046, -0.00106988311745, 0.00054977677064, -0.000198515263037, -0.000222967399168, 0.000311226438498, -4.83435505885e-05, -0.00170570181217, 0.00128912983928, -0.00169036479201, 0.00116173434071], [-8.9979121185e-06, 0.000495702493936, -0.00106988311745, 0.00355575885624, -0.000668127438985, 0.000603756576311, 2.16620373976e-05, 0.000587711285334, -0.000290055613732, 0.00152192020323, -0.00124638993293, 0.00128542224411, -0.000988217070699], [0.000329127273289, -0.000797921791673, 0.00054977677064, -0.000668127438985, 0.00559081463143, -0.000417832023231, -0.000602552550845, -0.00122178287711, -0.000857197563164, -0.00258757919073, 0.00221191160381, -0.00279696844518, 0.000361457670806], [-0.000409742613556, 0.00135376572143, -0.000198515263037, 0.000603756576311, -0.000417832023231, 0.00698773562908, -0.00230867951177, -0.000150815860252, 0.000820810440928, 0.000931719259825, -0.0025525058154, 0.00356245110743, -0.00139077927452], [0.000389453285607, -0.00124434742611, -0.000222967399168, 2.16620373976e-05, -0.000602552550845, -0.00230867951177, 0.00871333945543, -0.00364471133798, 0.00226126704365, -0.00211412832141, -0.000210595913813, -0.00120303605217, 0.000942629994825], [-0.000618622405455, 0.00163358869031, 0.000311226438498, 0.000587711285334, -0.00122178287711, -0.000150815860252, -0.00364471133798, 0.0148340417072, -0.00705079222098, 0.00507179973647, -0.00172606785782, 0.000473657855764, 0.000286282331217], [0.000505839241669, -0.00161608064082, -4.83435505885e-05, -0.000290055613732, -0.000857197563164, 0.000820810440928, 0.00226126704365, -0.00705079222098, 0.0168348699808, -0.00874388404191, -0.000502268550918, 0.00316019472666, -0.00286262738518], [-0.000751074403524, 0.00208498165011, -0.00170570181217, 0.00152192020323, -0.00258757919073, 0.000931719259825, -0.00211412832141, 0.00507179973647, -0.00874388404191, 0.0200210455805, -0.0047400710173, -0.000700651318766, 0.00204734853469], [0.000796931912191, -0.00245002144948, 0.00128912983928, -0.00124638993293, 0.00221191160381, -0.0025525058154, -0.000210595913813, -0.00172606785782, -0.000502268550918, -0.0047400710173, 0.0170604884624, -0.00585447112098, -0.00149463000707], [-0.000536234001629, 0.00189037574455, -0.00169036479201, 0.00128542224411, -0.00279696844518, 0.00356245110743, -0.00120303605217, 0.000473657855764, 0.00316019472666, -0.000700651318766, -0.00585447112098, 0.0219409540296, -0.00801359396428], [0.000451852421975, -0.00097256351728, 0.00116173434071, -0.000988217070699, 0.000361457670806, -0.00139077927452, 0.000942629994825, 0.000286282331217, -0.00286262738518, 0.00204734853469, -0.00149463000707, -0.00801359396428, 0.0218852739781]]
    },
    "melbands": {
        "mean": [0.00264835078269, 0.00377826718614, 0.00210823025554, 0.00132621591911, 0.000700674019754, 0.000479310925584, 0.000368209963199, 0.000365008891094, 0.000331238843501, 0.000160922514624, 0.000164495082572, 0.000101851132058, 8.85525005287e-05, 5.16516010975e-05, 5.80160703976e-05, 4.85510718136e-05, 7.18269366189e-05, 5.34138125659e-05, 3.75774252461e-05, 3.10380200972e-05, 4.59076945845e-05, 3.44330874213e-05, 2.79737232631e-05, 1.33773864945e-05, 1.2650669305e-05, 1.3842424778e-05, 1.12330271804e-05, 8.44980513648e-06, 7.91228922026e-06, 5.09523943037e-06, 3.5470138755e-06, 2.25910775953e-06, 2.05201308745e-06, 2.44710508923e-06, 2.72155807579e-06, 2.83372060039e-06, 2.37135986936e-06, 1.84197097042e-06, 1.33678645398e-06, 9.58957230068e-07]
    },
    "melbands128": {
        "mean": [0.000216603511944, 0.00142580096144, 0.00358487432823, 0.005139158573, 0.00415835436434, 0.00261653587222, 0.00205149268731, 0.00215250370093, 0.00196053041145, 0.00122151209507, 0.00098946550861, 0.00091152935056, 0.00058034574613, 0.00051116355462, 0.000443638069555, 0.00050164636923, 0.000481613707962, 0.000320900726365, 0.000234658917179, 0.000417873612605, 0.000380116485758, 0.000350828457158, 0.000375824718503, 0.000225609561312, 0.000228969962336, 7.4460178439e-05, 0.000143269207911, 0.000244567141635, 9.73076312221e-05, 0.000117706207675, 9.22848266782e-05, 8.70679650689e-05, 0.00011190969235, 7.7040582255e-05, 3.23282765748e-05, 5.58732099307e-05, 6.34834432276e-05, 3.46442320733e-05, 8.76107878867e-05, 5.04658819409e-05, 3.05614921672e-05, 5.95955643803e-05, 6.87071369612e-05, 9.05520719243e-05, 4.90283200634e-05, 4.65755692858e-05, 6.13246593275e-05, 3.37095843861e-05, 2.88254996121e-05, 3.57814060408e-05, 2.8214753911e-05, 2.88758583338e-05, 4.00124372391e-05, 5.71265227336e-05, 5.61752967769e-05, 2.12035665754e-05, 2.29546749324e-05, 4.49975304946e-05, 2.31396606978e-05, 1.22119563457e-05, 1.28920628413e-05, 1.25564411064e-05, 1.54489862325e-05, 1.11528406705e-05, 1.12010420708e-05, 1.55847865244e-05, 1.41929785968e-05, 1.22313604152e-05, 1.08546109914e-05, 9.29871112021e-06, 7.15282521924e-06, 9.06913646759e-06, 9.48859269556e-06, 7.68164045439e-06, 6.1930186348e-06, 5.03366936755e-06, 5.04850140715e-06, 3.91843832404e-06, 3.60033141078e-06, 2.78217294181e-06, 2.2772740067e-06, 2.02177761821e-06, 2.10414623325e-06, 1.98871680368e-06, 2.07662833418e-06, 2.26402676162e-06, 2.44953093897e-06, 3.07748587147e-06, 2.61773357124e-06, 2.60748015535e-06, 2.8698443657e-06, 2.89480976789e-06, 2.78702555079e-06, 2.39805194724e-06, 2.14695455725e-06, 1.90037462744e-06, 1.85572525879e-06, 1.63473180237e-06, 1.36169660436e-06, 1.1739632555e-06, 1.06674667677e-06, 9.03131990526e-07, 8.68335348514e-07, 7.52078392452e-07, 6.1761983261e-07, 6.41700125925e-07, 5.91824971252e-07, 8.71236522926e-07, 8.32544230889e-07, 5.27423935637e-07, 3.24147009678e-07, 3.47668787981e-07, 2.8448903322e-07, 1.9799573181e-07, 1.34514095862e-07, 1.02310060868e-07, 8.24225878659e-08, 9.0367656469e-08, 7.3788122279e-08, 6.82265905994e-08, 4.66412579669e-08, 3.14685237868e-08, 2.21799734135e-08, 1.76034209431e-08, 1.5915604834e-08, 1.47454422006e-08, 1.19358940509e-08, 6.7664633896e-09]
    },
    "mfcc": {
        "mean": [-625.535644531, 122.289596558, 11.6155090332, 30.931558609, 14.811589241, 3.80246949196, 0.49257722497, 1.78985321522, -0.356087863445, 6.05645847321, -4.43485975266, 1.9425971508, -0.897918105125],
        "cov": [[11662.5703125, -178.978149414, -1157.16259766, -988.15423584, -450.079223633, -56.6267662048, -71.3310928345, 40.7701568604, 66.3818054199, 93.647895813, -107.749664307, -82.877822876, -170.520965576], [-178.978149414, 1153.79943848, -148.009780884, 9.50697612762, 14.5233459473, -63.2285995483, -8.39015007019, -2.85179805756, -7.07055997849, 20.1205329895, 52.5363044739, 36.1228256226, 62.6179466248], [-1157.16259766, -148.009780884, 617.612670898, 218.118331909, 35.0536880493, 55.0443878174, 3.73763442039, -28.4453601837, -22.8177318573, -26.0379734039, -1.30835580826, 6.83186674118, 18.2256164551], [-988.15423584, 9.50697612762, 218.118331909, 380.882171631, 102.25818634, 1.95669162273, -15.5169706345, -6.78968667984, -0.916003644466, -18.2359657288, 5.45072841644, 8.61386966705, 16.697013855], [-450.079223633, 14.5233459473, 35.0536880493, 102.25818634, 187.66583252, 16.1558933258, -19.2261009216, -8.43095970154, 12.7549324036, 9.4619808197, 6.92924690247, 14.7615528107, 14.7181625366], [-56.6267662048, -63.2285995483, 55.0443878174, 1.95669162273, 16.1558933258, 130.223693848, 43.6847381592, -1.57854402065, 8.8367023468, 3.90343618393, 8.88324642181, 1.18894731998, -0.010604435578], [-71.3310928345, -8.39015007019, 3.73763442039, -15.5169706345, -19.2261009216, 43.6847381592, 136.082595825, 47.1366195679, 6.84449005127, -1.72953653336, 12.6219816208, 6.49276542664, 15.0669870377], [40.7701568604, -2.85179805756, -28.4453601837, -6.78968667984, -8.43095970154, -1.57854402065, 47.1366195679, 95.2506484985, 19.6388587952, 7.78167009354, 1.84137737751, 4.51854324341, 4.28828859329], [66.3818054199, -7.07055997849, -22.8177318573, -0.916003644466, 12.7549324036, 8.8367023468, 6.84449005127, 19.6388587952, 83.8982162476, 29.0173091888, 14.1570749283, 7.0650677681, 4.04865789413], [93.647895813, 20.1205329895, -26.0379734039, -18.2359657288, 9.4619808197, 3.90343618393, -1.72953653336, 7.78167009354, 29.0173091888, 81.170501709, 27.4633693695, 8.92330551147, -4.87183761597], [-107.749664307, 52.5363044739, -1.30835580826, 5.45072841644, 6.92924690247, 8.88324642181, 12.6219816208, 1.84137737751, 14.1570749283, 27.4633693695, 74.4244232178, 29.4556598663, 8.60390853882], [-82.877822876, 36.1228256226, 6.83186674118, 8.61386966705, 14.7615528107, 1.18894731998, 6.49276542664, 4.51854324341, 7.0650677681, 8.92330551147, 29.4556598663, 67.3215408325, 28.5297336578], [-170.520965576, 62.6179466248, 18.2256164551, 16.697013855, 14.7181625366, -0.010604435578, 15.0669870377, 4.28828859329, 4.04865789413, -4.87183761597, 8.60390853882, 28.5297336578, 68.4000701904]],
        "icov": [[0.000131127875648, 2.09109675779e-05, 0.000170311119291, 0.000181314433576, 0.000196415639948, -7.44325807318e-05, 0.000113256472105, -1.39189451147e-05, -8.30804710859e-05, -9.69793545664e-05, 0.000199231333681, -7.34499844839e-05, 0.000155351328431], [2.09109675779e-05, 0.00101641181391, 0.000323570682667, -0.000123397549032, 3.33033058268e-05, 0.00037997221807, 4.18149793404e-05, 0.000102255296952, 0.000293858000077, -0.000185030381544, -0.000657102908008, 0.00012531982793, -0.00095737160882], [0.000170311119291, 0.000323570682667, 0.00252716476098, -0.00115530623589, 0.000680694298353, -0.000995691632852, 0.000163290620549, 0.000507997698151, 0.000452819862403, -4.5185934141e-05, 0.000225493189646, -0.00020313335699, -0.000451092928415], [0.000181314433576, -0.000123397549032, -0.00115530623589, 0.00425978470594, -0.00172583351377, 0.000549007498194, 0.000366018502973, -0.00044387957314, -0.000421923061367, 0.000867946364451, -0.000277678540442, 0.000194026302779, 0.000192415289348], [0.000196415639948, 3.33033058268e-05, 0.000680694298353, -0.00172583351377, 0.00711200386286, -0.0014640748268, 0.00138507236261, 0.000222586808377, -0.00069575587986, -0.00108316540718, 0.000714797002729, -0.00104668422136, -0.000839842658024], [-7.44325807318e-05, 0.00037997221807, -0.000995691632852, 0.000549007498194, -0.0014640748268, 0.00990281812847, -0.00395870488137, 0.00196704943664, -0.00100481440313, -0.000140842734254, -0.00082142977044, 0.000326687440975, 0.000679649645463], [0.000113256472105, 4.18149793404e-05, 0.000163290620549, 0.000366018502973, 0.00138507236261, -0.00395870488137, 0.0112132951617, -0.00555532239377, 0.000572009070311, 0.000976338749751, -0.00178320053965, 0.000692871632054, -0.0023381987121], [-1.39189451147e-05, 0.000102255296952, 0.000507997698151, -0.00044387957314, 0.000222586808377, 0.00196704943664, -0.00555532239377, 0.0140793770552, -0.0028108318802, -0.000897548277862, 0.0014940603869, -0.000997978146188, 0.000468879792606], [-8.30804710859e-05, 0.000293858000077, 0.000452819862403, -0.000421923061367, -0.00069575587986, -0.00100481440313, 0.000572009070311, -0.0028108318802, 0.0147589435801, -0.00449484307319, -0.00120757881086, 0.000234747552895, -0.00143377727363], [-9.69793545664e-05, -0.000185030381544, -4.5185934141e-05, 0.000867946364451, -0.00108316540718, -0.000140842734254, 0.000976338749751, -0.000897548277862, -0.00449484307319, 0.016502732411, -0.0055451891385, -3.95272945752e-05, 0.00195752037689], [0.000199231333681, -0.000657102908008, 0.000225493189646, -0.000277678540442, 0.000714797002729, -0.00082142977044, -0.00178320053965, 0.0014940603869, -0.00120757881086, -0.0055451891385, 0.0197425391525, -0.0079892873764, 0.00177661434282], [-7.34499844839e-05, 0.00012531982793, -0.00020313335699, 0.000194026302779, -0.00104668422136, 0.000326687440975, 0.000692871632054, -0.000997978146188, 0.000234747552895, -3.95272945752e-05, -0.0079892873764, 0.021912895143, -0.00830749981105], [0.000155351328431, -0.00095737160882, -0.000451092928415, 0.000192415289348, -0.000839842658024, 0.000679649645463, -0.0023381987121, 0.000468879792606, -0.00143377727363, 0.00195752037689, 0.00177661434282, -0.00830749981105, 0.0200891830027]]
    },
    "spectral_contrast_coeffs": {
        "mean": [-0.707833707333, -0.732778966427, -0.763634026051, -0.780426204205, -0.787668824196, -0.788736224174]
    },
    "spectral_contrast_valleys": {
        "mean": [-6.17089414597, -6.65347957611, -7.50110960007, -7.57759571075, -7.43736076355, -9.92308807373]
    }
},
"rhythm": {
    "beats_count": 499,
    "beats_loudness": {
        "mean": 0.0593208000064
    },
    "bpm": 140.930328369,
    "bpm_histogram_first_peak_bpm": 140,
    "bpm_histogram_first_peak_weight": 0.520430088043,
    "bpm_histogram_second_peak_bpm": 148,
    "bpm_histogram_second_peak_spread": 0,
    "bpm_histogram_second_peak_weight": 0.0341365449131,
    "danceability": 1.09563994408,
    "onset_rate": 4.10623931885,
    "beats_loudness_band_ratio": {
        "mean": [0.629190862179, 0.165995508432, 0.109261512756, 0.056605309248, 0.0551942549646, 0.0392438061535]
    },
    "beats_position": [0.394739210606, 0.801088392735, 1.20743763447, 1.6137868166, 2.02013611794, 2.43809509277, 2.85605430603, 3.26240348816, 3.68036270142, 4.08671188354, 4.49306106567, 4.91102027893, 5.32897949219, 5.74693870544, 6.1648979187, 6.57124710083, 6.98920631409, 7.40716552734, 7.8251247406, 8.24308395386, 8.66104316711, 9.06739234924, 9.47374153137, 9.89170074463, 10.3096599579, 10.7276191711, 11.1455783844, 11.5635375977, 11.9814968109, 12.4110651016, 12.840634346, 13.2585935593, 13.6765527725, 14.1061220169, 14.5240812302, 14.9536504745, 15.3716096878, 15.7895689011, 16.2075271606, 16.6254863739, 17.0434455872, 17.4730148315, 17.9025840759, 18.3205432892, 18.7385025024, 19.1564617157, 19.574420929, 19.9923801422, 20.4103393555, 20.8399085999, 21.2578678131, 21.6874370575, 22.1053962708, 22.523355484, 22.9529247284, 23.3824939728, 23.800453186, 24.2184123993, 24.6363716125, 25.0543308258, 25.4722900391, 25.8902492523, 26.3082084656, 26.7261676788, 27.1441268921, 27.5620861053, 27.9800453186, 28.3980045319, 28.8159637451, 29.2339229584, 29.6518821716, 30.0698413849, 30.4878005981, 30.9289798737, 31.3469390869, 31.7648983002, 32.1828575134, 32.6008148193, 33.0187759399, 33.4367332458, 33.8546943665, 34.2726516724, 34.6790008545, 35.0969619751, 35.5033111572, 35.9328804016, 36.3392295837, 36.7571868896, 37.186756134, 37.6163253784, 38.0458946228, 38.4754638672, 38.8934249878, 39.3113822937, 39.7177314758, 40.1473007202, 40.5536499023, 40.9716110229, 41.3779602051, 41.795917511, 42.2254867554, 42.6550559998, 43.0730133057, 43.4909744263, 43.9205436707, 44.350112915, 44.7680702209, 45.1860313416, 45.6156005859, 46.0451698303, 46.4631271362, 46.8810882568, 47.287437439, 47.7053947449, 48.1233558655, 48.5529251099, 48.9708824158, 49.3888435364, 49.8068008423, 50.2247619629, 50.6427192688, 51.0839004517, 51.513469696, 51.9430389404, 52.3609962463, 52.7905654907, 53.2201347351, 53.6497039795, 54.0792732239, 54.5204544067, 54.9500198364, 55.3795890808, 55.7975502014, 56.2271194458, 56.6566886902, 57.0978660583, 57.5274353027, 57.9570045471, 58.3865737915, 58.8161430359, 59.2341041565, 59.6636734009, 60.0932426453, 60.5228118896, 60.952381134, 61.3819503784, 61.8115196228, 62.2410888672, 62.6706581116, 63.0886154175, 63.5065765381, 63.924533844, 64.3541030884, 64.7836685181, 65.2132415771, 65.6312026978, 66.0607681274, 66.4903411865, 66.9199066162, 67.3494796753, 67.779045105, 68.1970062256, 68.6381835938, 69.0561447144, 69.485710144, 69.9152832031, 70.3332443237, 70.7511978149, 71.1691589355, 71.5871200562, 72.0282974243, 72.4462585449, 72.8758239746, 73.3053970337, 73.7349624634, 74.1645355225, 74.5824966431, 75.0004501343, 75.4300231934, 75.859588623, 76.2775497437, 76.7071151733, 77.1366882324, 77.5662536621, 77.9958267212, 78.4137878418, 78.85496521, 79.2729263306, 79.6908798218, 80.1204528809, 80.5384140015, 80.9679794312, 81.3859405518, 81.8039016724, 82.2334671021, 82.6630401611, 83.0809936523, 83.5105667114, 83.928527832, 84.3580932617, 84.7760543823, 85.1940155029, 85.6119689941, 86.0299301147, 86.4595031738, 86.8890686035, 87.3070297241, 87.7249908447, 88.1429443359, 88.5609054565, 88.9788665771, 89.3968200684, 89.814781189, 90.2327423096, 90.6507034302, 91.0918807983, 91.521446228, 91.9510192871, 92.3689804077, 92.7869338989, 93.216506958, 93.6460723877, 94.0640335083, 94.4936065674, 94.9231719971, 95.3411331177, 95.7590942383, 96.1770477295, 96.5950088501, 97.0129699707, 97.4309310913, 97.860496521, 98.2784576416, 98.7080230713, 99.1259841919, 99.555557251, 99.9851226807, 100.41469574, 100.844261169, 101.26222229, 101.680175781, 102.098136902, 102.516098022, 102.934059143, 103.352012634, 103.769973755, 104.187934875, 104.629112244, 105.047073364, 105.465034485, 105.882987976, 106.300949097, 106.718910217, 107.160087585, 107.589660645, 108.019226074, 108.437187195, 108.866752625, 109.296325684, 109.737503052, 110.167076111, 110.596641541, 111.037818909, 111.467391968, 111.896957397, 112.338134766, 112.767707825, 113.197273254, 113.638458252, 114.068023682, 114.497596741, 114.938774109, 115.379951477, 115.821128845, 116.250701904, 116.680267334, 117.109840393, 117.539405823, 117.968978882, 118.398544312, 118.828117371, 119.2576828, 119.698867798, 120.128433228, 120.557998657, 120.987571716, 121.417137146, 121.846710205, 122.276275635, 122.694236755, 123.123809814, 123.553375244, 123.994552612, 124.412513733, 124.830474854, 125.260040283, 125.689613342, 126.119178772, 126.548751831, 126.966712952, 127.384666443, 127.814239502, 128.243804932, 128.661773682, 129.091339111, 129.520904541, 129.938858032, 130.356826782, 130.786392212, 131.215957642, 131.645523071, 132.07510376, 132.493057251, 132.911010742, 133.328979492, 133.746932983, 134.164901733, 134.594467163, 135.024032593, 135.465209961, 135.883178711, 136.301132202, 136.730697632, 137.160263062, 137.58984375, 138.01940918, 138.448974609, 138.878540039, 139.308120728, 139.737686157, 140.155639648, 140.585220337, 141.014785767, 141.444351196, 141.873916626, 142.291885376, 142.721450806, 143.151016235, 143.568969727, 143.986938477, 144.404891968, 144.846069336, 145.264038086, 145.693603516, 146.123168945, 146.541137695, 146.970703125, 147.400268555, 147.829833984, 148.259414673, 148.677368164, 149.106933594, 149.536499023, 149.954467773, 150.384033203, 150.813598633, 151.254776001, 151.672744751, 152.102310181, 152.53187561, 152.973052979, 153.391021729, 153.820587158, 154.250152588, 154.679718018, 155.109298706, 155.538864136, 155.956817627, 156.386398315, 156.827575684, 157.257141113, 157.686706543, 158.116271973, 158.545852661, 158.987030029, 159.428207397, 159.869384766, 160.310562134, 160.76335144, 161.216140747, 161.657318115, 162.098495483, 162.539672852, 162.980865479, 163.422042847, 163.851608276, 164.292785645, 164.733963013, 165.163528442, 165.604721069, 166.045898438, 166.487075806, 166.916641235, 167.346206665, 167.775772095, 168.205352783, 168.623306274, 169.052871704, 169.482452393, 169.923629761, 170.35319519, 170.78276062, 171.21232605, 171.641906738, 172.059860229, 172.501037598, 172.930603027, 173.360183716, 173.778137207, 174.196090698, 174.625671387, 175.055236816, 175.484802246, 175.914367676, 176.332336426, 176.750289917, 177.179855347, 177.609436035, 178.039001465, 178.468566895, 178.898132324, 179.327713013, 179.745666504, 180.175231934, 180.604797363, 181.034378052, 181.452331543, 181.881896973, 182.299865723, 182.717819214, 183.135772705, 183.553741455, 183.983306885, 184.412872314, 184.830841064, 185.272018433, 185.701583862, 186.131149292, 186.549118042, 186.967071533, 187.396636963, 187.826202393, 188.244171143, 188.673736572, 189.103302002, 189.53288269, 189.96244812, 190.380401611, 190.809967041, 191.239547729, 191.669113159, 192.098678589, 192.528244019, 192.957824707, 193.387390137, 193.816955566, 194.246520996, 194.676101685, 195.105667114, 195.535232544, 195.953201294, 196.371154785, 196.789108276, 197.207077026, 197.636642456, 198.066207886, 198.484161377, 198.925354004, 199.343307495, 199.784484863, 200.214050293, 200.643630981, 201.061584473, 201.479537964, 201.909118652, 202.338684082, 202.768249512, 203.20942688, 203.63899231, 204.05696106, 204.486526489, 204.927703857, 205.368881226, 205.798446655, 206.239639282, 206.750473022, 207.249694824, 207.760543823, 208.259765625, 208.759002686, 209.258224487, 209.745849609, 210.233459473, 210.732696533, 211.231918335, 211.719543457, 212.207168579, 212.706390381, 213.205612183],
    "bpm_histogram": [0, 0, 0, 0, 0, 0, 0, 0, 0, 0, 0, 0, 0, 0, 0, 0, 0, 0, 0, 0, 0, 0, 0, 0, 0, 0, 0, 0, 0, 0, 0, 0, 0, 0, 0, 0, 0, 0, 0, 0, 0, 0, 0, 0, 0, 0, 0, 0, 0, 0, 0, 0, 0, 0, 0, 0, 0, 0, 0, 0, 0, 0, 0, 0, 0, 0, 0, 0, 0, 0, 0, 0, 0, 0, 0, 0, 0, 0, 0, 0, 0, 0, 0, 0, 0, 0, 0, 0, 0, 0, 0, 0, 0, 0, 0, 0, 0, 0, 0, 0, 0, 0, 0, 0, 0, 0, 0, 0, 0, 0, 0, 0, 0, 0, 0, 0, 0, 0.00401606410742, 0, 0, 0.0160642564297, 0, 0, 0.00803212821484, 0, 0, 0, 0, 0, 0, 0, 0, 0, 0.00401606410742, 0, 0, 0.0943775102496, 0, 0, 0, 0.447791159153, 0, 0, 0, 0.39156627655, 0, 0, 0, 0.0341365449131, 0, 0, 0, 0, 0, 0, 0, 0, 0, 0, 0, 0, 0, 0, 0, 0, 0, 0, 0, 0, 0, 0, 0, 0, 0, 0, 0, 0, 0, 0, 0, 0, 0, 0, 0, 0, 0, 0, 0, 0, 0, 0, 0, 0, 0, 0, 0, 0, 0, 0, 0, 0, 0, 0, 0, 0, 0, 0, 0, 0, 0, 0, 0, 0, 0, 0, 0, 0, 0, 0, 0, 0, 0, 0, 0, 0, 0, 0, 0, 0, 0, 0, 0, 0, 0, 0, 0, 0, 0, 0, 0, 0, 0, 0, 0, 0, 0, 0, 0, 0, 0]
},
"tonal": {
    "chords_changes_rate": 0.0642779618502,
    "chords_number_rate": 0.00238870782778,
    "chords_strength": {
        "mean": 0.504518210888
    },
    "hpcp_crest": {
        "mean": 13.4497623444
    },
    "hpcp_entropy": {
        "mean": 1.9967662096
    },
    "key_edma": {
        "strength": 0.817221641541,
        "key": "C",
        "scale": "major"
    },
    "key_krumhansl": {
        "strength": 0.826456129551,
        "key": "C",
        "scale": "major"
    },
    "key_temperley": {
        "strength": 0.83389878273,
        "key": "C",
        "scale": "major"
    },
    "tuning_diatonic_strength": 0.683669745922,
    "tuning_equal_tempered_deviation": 0.00841389596462,
    "tuning_frequency": 439.745910645,
    "tuning_nontempered_energy_ratio": 0.691035449505,
    "hpcp": {
        "mean": [0.187058568001, 0.113213337958, 0.0551828630269, 0.0498394556344, 0.050035212189, 0.109594143927, 0.17761670053, 0.134290769696, 0.187723457813, 0.260149776936, 0.150013208389, 0.0680793970823, 0.0599917471409, 0.0628173425794, 0.120749808848, 0.187990188599, 0.146399989724, 0.0850474685431, 0.0752453580499, 0.0865585952997, 0.16415694356, 0.247176796198, 0.219951093197, 0.197797372937, 0.193178728223, 0.122473940253, 0.0875506624579, 0.0931525602937, 0.0878051668406, 0.191522926092, 0.295246690512, 0.179408788681, 0.0749650523067, 0.0732175335288, 0.0748600438237, 0.145401149988]
    },
    "chords_histogram": [33.9630851746, 16.4603691101, 13.246471405, 0.781758964062, 2.38870787621, 0.0217155274004, 1.54180240631, 0.0868621096015, 2.06297492981, 0, 0.173724219203, 0, 0, 0, 0, 6.16720962524, 0.0217155274004, 0.608034729958, 0, 3.12703585625, 0.0868621096015, 6.01520109177, 4.38653659821, 8.85993480682],
    "thpcp": [1, 0.607657253742, 0.253906488419, 0.247987657785, 0.253550827503, 0.492473423481, 0.633567035198, 0.383453369141, 0.186904251575, 0.168806150556, 0.169469177723, 0.371195167303, 0.601587414742, 0.454842597246, 0.635819017887, 0.881126821041, 0.508094489574, 0.230584800243, 0.203191936016, 0.212762221694, 0.408979386091, 0.636722445488, 0.495856493711, 0.288055628538, 0.254855901003, 0.293173789978, 0.555999279022, 0.837187349796, 0.744973957539, 0.669939339161, 0.65429598093, 0.414819002151, 0.296533942223, 0.315507560968, 0.297395944595, 0.648687779903],
    "chords_key": "C",
    "chords_scale": "major"
}
}