{
"metadata": {
    "version": {
        "essentia": "2.1-beta6-dev",
        "essentia_git_sha": "v2.1_beta5-1177-g1d1cc983",
        "extractor": "music 2.0"
    },
    "audio_properties": {
        "analysis": {
            "equal_loudness": 0,
            "length": 176.266662598,
            "sample_rate": 44100,
            "start_time": 0,
            "downmix": "mix"
        },
        "bit_rate": 1411200,
        "length": 176.266662598,
        "lossless": 1,
        "number_channels": 2,
        "replay_gain": -15.0111103058,
        "sample_rate": 44100,
        "codec": "pcm_s16le",
        "md5_encoded": "0af806f7cd0f2b74b0b00f523486bee0"
    },
    "tags": {
        "file_name": "03 - The Front Bottoms - Bae.wav",
        "album": ["Going Grey"],
        "albumartist": ["The Front Bottoms"],
        "artist": ["The Front Bottoms"],
        "copyright": ["© 2017 Fueled By Ramen LLC for the United States and WEA International Inc. for the world outside of the United States. A Warner Music Group Company ℗ 2017 Fueled By Ramen LLC"],
        "date": ["2017"],
        "discnumber": ["1"],
        "disctotal": ["1"],
        "genre": ["Alternative & Indie"],
        "isrc": ["USAT21703357"],
        "title": ["Bae"],
        "tracknumber": ["3"],
        "tracktotal": ["11"]
    }
},
"lowlevel": {
    "average_loudness": 0.931689441204,
    "barkbands_crest": {
        "mean": 9.80934238434
    },
    "barkbands_flatness_db": {
        "mean": 0.130334973335
    },
    "barkbands_kurtosis": {
        "mean": 5.01294946671
    },
    "barkbands_skewness": {
        "mean": 1.68057227135
    },
    "barkbands_spread": {
        "mean": 23.9740409851
    },
    "dissonance": {
        "mean": 0.477284610271
    },
    "dynamic_complexity": 2.7512178421,
    "erbbands_crest": {
        "mean": 7.28009557724
    },
    "erbbands_flatness_db": {
        "mean": 0.148507922888
    },
    "erbbands_kurtosis": {
        "mean": -0.0985451191664
    },
    "erbbands_skewness": {
        "mean": -0.0374714620411
    },
    "erbbands_spread": {
        "mean": 42.8190345764
    },
    "hfc": {
        "mean": 20.7242183685
    },
    "loudness_ebu128": {
        "integrated": -7.59656953812,
        "loudness_range": 5.18130493164,
        "momentary": {
            "mean": -9.82377624512
        },
        "short_term": {
            "mean": -8.20070075989
        }
    },
    "melbands_crest": {
        "mean": 15.3168010712
    },
    "melbands_flatness_db": {
        "mean": 0.190511003137
    },
    "melbands_kurtosis": {
        "mean": 18.5543193817
    },
    "melbands_skewness": {
        "mean": 3.10288167
    },
    "melbands_spread": {
        "mean": 25.6569976807
    },
    "pitch_salience": {
        "mean": 0.523437619209
    },
    "silence_rate_20dB": {
        "mean": 1
    },
    "silence_rate_30dB": {
        "mean": 0.999868273735
    },
    "silence_rate_60dB": {
        "mean": 0.0651916265488
    },
    "spectral_centroid": {
        "mean": 1516.94030762
    },
    "spectral_complexity": {
        "mean": 22.9273014069
    },
    "spectral_decrease": {
        "mean": -7.94305510254e-09
    },
    "spectral_energy": {
        "mean": 0.0318586230278
    },
    "spectral_energyband_high": {
        "mean": 0.000656477466691
    },
    "spectral_energyband_low": {
        "mean": 0.01530298125
    },
    "spectral_energyband_middle_high": {
        "mean": 0.00651195319369
    },
    "spectral_energyband_middle_low": {
        "mean": 0.0110984519124
    },
    "spectral_entropy": {
        "mean": 7.72581624985
    },
    "spectral_flux": {
        "mean": 0.0877010300756
    },
    "spectral_kurtosis": {
        "mean": 3.56131386757
    },
    "spectral_rms": {
        "mean": 0.00520316697657
    },
    "spectral_rolloff": {
        "mean": 1511.40161133
    },
    "spectral_skewness": {
        "mean": 1.33384859562
    },
    "spectral_spread": {
        "mean": 4432181
    },
    "spectral_strongpeak": {
        "mean": 0.628909647465
    },
    "zerocrossingrate": {
        "mean": 0.0580282993615
    },
    "barkbands": {
        "mean": [0.000390704110032, 0.00790428277105, 0.00539137609303, 0.00361187825911, 0.00274472101592, 0.00102352933027, 0.0012656521285, 0.000702147604898, 0.00157715508249, 0.000877185200807, 0.000877888465766, 0.000845226051752, 0.00051176227862, 0.000533208716661, 0.00081076141214, 0.000434170186054, 0.000507815333549, 0.000370219699107, 0.000605729059316, 0.000316830322845, 0.000146168080391, 0.000136322545586, 0.000125780832605, 0.000112176232506, 2.92343138426e-05, 6.22028119324e-06, 5.04896604525e-07]
    },
    "erbbands": {
        "mean": [0.204809769988, 1.82252931595, 5.86743688583, 9.55797386169, 12.5961990356, 7.67313337326, 5.3108716011, 10.714132309, 17.7754764557, 15.5543060303, 17.3177223206, 29.2660923004, 37.2412376404, 38.081489563, 29.5645313263, 30.302116394, 23.3991069794, 23.1598949432, 44.1747245789, 30.6525211334, 26.7494506836, 27.1238193512, 21.1747283936, 21.9683914185, 33.9628067017, 13.7555093765, 7.37231826782, 4.9991106987, 4.91647005081, 4.41071176529, 3.41406798363, 2.86187005043, 1.4493970871, 0.434503525496, 0.165750339627, 0.0471982546151, 0.00838773325086, 0.0010947334813, 0.000109497603262, 4.13510133512e-05]
    },
    "gfcc": {
        "mean": [-2.75916218758, 98.6091003418, -129.15385437, 46.7113647461, -53.2845153809, 20.8359584808, -34.4377174377, 8.95484447479, -22.662946701, -9.31638145447, -14.8667554855, -10.3482313156, -9.69990062714],
        "cov": [[17894.703125, 832.99597168, -1346.96972656, 379.013458252, -686.760314941, 622.806091309, -243.063583374, 525.269104004, -87.529800415, 93.073600769, 2.824426651, -65.8003311157, -123.075035095], [832.99597168, 942.400024414, -221.933364868, -31.2734661102, 204.905609131, 0.742087185383, 217.723571777, 3.33256316185, 114.858772278, -60.9412612915, 94.6915359497, -43.0237083435, 97.4126358032], [-1346.96972656, -221.933364868, 655.75201416, 125.719459534, 168.017990112, 123.924629211, 76.935546875, 14.5114803314, 4.51634883881, 100.748306274, -19.6286830902, 86.5335159302, -10.2254209518], [379.013458252, -31.2734661102, 125.719459534, 261.779541016, 48.5867424011, 60.9396476746, 7.39050149918, 1.51968610287, 46.0928573608, 18.9925117493, 10.9940624237, 5.69379281998, 7.37290811539], [-686.760314941, 204.905609131, 168.017990112, 48.5867424011, 360.226165771, 82.5226364136, 182.867782593, 27.5275211334, 39.3557739258, 46.1862068176, 3.74938154221, 51.2506790161, 61.9047737122], [622.806091309, 0.742087185383, 123.924629211, 60.9396476746, 82.5226364136, 254.409957886, 126.14616394, 77.5244598389, 39.4407234192, 49.4719390869, 9.56057071686, 29.7872028351, 14.2476854324], [-243.063583374, 217.723571777, 76.935546875, 7.39050149918, 182.867782593, 126.14616394, 257.516296387, 59.7906913757, 53.9239044189, 22.2104892731, 20.4139995575, 39.2583770752, 49.8599967957], [525.269104004, 3.33256316185, 14.5114803314, 1.51968610287, 27.5275211334, 77.5244598389, 59.7906913757, 162.272506714, 59.9159851074, 50.1419258118, 47.6444854736, 20.468662262, 11.2885103226], [-87.529800415, 114.858772278, 4.51634883881, 46.0928573608, 39.3557739258, 39.4407234192, 53.9239044189, 59.9159851074, 132.911071777, 28.4867076874, 65.3206939697, -13.4212799072, 23.371635437], [93.073600769, -60.9412612915, 100.748306274, 18.9925117493, 46.1862068176, 49.4719390869, 22.2104892731, 50.1419258118, 28.4867076874, 106.945381165, 30.9200820923, 47.455619812, 3.5050842762], [2.824426651, 94.6915359497, -19.6286830902, 10.9940624237, 3.74938154221, 9.56057071686, 20.4139995575, 47.6444854736, 65.3206939697, 30.9200820923, 126.777915955, 13.2860174179, 17.680639267], [-65.8003311157, -43.0237083435, 86.5335159302, 5.69379281998, 51.2506790161, 29.7872028351, 39.2583770752, 20.468662262, -13.4212799072, 47.455619812, 13.2860174179, 101.780319214, 31.1778583527], [-123.075035095, 97.4126358032, -10.2254209518, 7.37290811539, 61.9047737122, 14.2476854324, 49.8599967957, 11.2885103226, 23.371635437, 3.5050842762, 17.680639267, 31.1778583527, 76.0003433228]],
        "icov": [[0.000307720474666, -0.000906988920178, 0.000723709585145, -0.000976219889708, 0.000721686694305, -0.00117457797751, 0.000932540278882, -0.00132528878748, 0.00126532604918, -0.000976210052613, 0.000821538094897, -0.000579989748076, 0.000773054780439], [-0.000906988920178, 0.00497376872227, -0.0013887763489, 0.00307583785616, -0.00314448354766, 0.00382892857306, -0.0043307854794, 0.00473146233708, -0.00451017310843, 0.00380704062991, -0.00388397998177, 0.00289076962508, -0.00341811543331], [0.000723709585145, -0.0013887763489, 0.00438473373652, -0.00303787225857, 0.000496267923154, -0.00321920658462, 0.00175291008782, -0.00232187868096, 0.00259390822612, -0.00326797505841, 0.00207136501558, -0.00256490451284, 0.00315419398248], [-0.000976219889708, 0.00307583785616, -0.00303787225857, 0.00804295763373, -0.00292959832586, 0.0024215169251, -0.00166976975743, 0.00514556514099, -0.00634022708982, 0.00391054851934, -0.00268635689281, 0.00171365798451, -0.00275749061257], [0.000721686694305, -0.00314448354766, 0.000496267923154, -0.00292959832586, 0.00758603168651, -0.00212582270615, -0.000712935230695, -0.00300746178254, 0.00351178809069, -0.00445262668654, 0.00331148342229, -0.00118644954637, -0.000474289001431], [-0.00117457797751, 0.00382892857306, -0.00321920658462, 0.0024215169251, -0.00212582270615, 0.0112043824047, -0.00708720320836, 0.00313367974013, -0.00446214107797, 0.00222993153147, -0.00249457731843, 0.00298323226161, -0.00303678680211], [0.000932540278882, -0.0043307854794, 0.00175291008782, -0.00166976975743, -0.000712935230695, -0.00708720320836, 0.0128049449995, -0.00539165502414, 0.00204141507857, -0.00077388988575, 0.0034515792504, -0.00455345725641, 0.00224134232849], [-0.00132528878748, 0.00473146233708, -0.00232187868096, 0.00514556514099, -0.00300746178254, 0.00313367974013, -0.00539165502414, 0.0156548637897, -0.00867089629173, 0.00180249824189, -0.0052387425676, 0.00196206825785, -0.00295092607848], [0.00126532604918, -0.00451017310843, 0.00259390822612, -0.00634022708982, 0.00351178809069, -0.00446214107797, 0.00204141507857, -0.00867089629173, 0.0208071805537, -0.00775010883808, -0.00173393217847, 0.00435452256352, -0.000705493963324], [-0.000976210052613, 0.00380704062991, -0.00326797505841, 0.00391054851934, -0.00445262668654, 0.00222993153147, -0.00077388988575, 0.00180249824189, -0.00775010883808, 0.0207490604371, -0.00489633344114, -0.00526830134913, 0.000895875040442], [0.000821538094897, -0.00388397998177, 0.00207136501558, -0.00268635689281, 0.00331148342229, -0.00249457731843, 0.0034515792504, -0.0052387425676, -0.00173393217847, -0.00489633344114, 0.0150773702189, -0.00453827809542, 0.00224520987831], [-0.000579989748076, 0.00289076962508, -0.00256490451284, 0.00171365798451, -0.00118644954637, 0.00298323226161, -0.00455345725641, 0.00196206825785, 0.00435452256352, -0.00526830134913, -0.00453827809542, 0.0207096524537, -0.0105889225379], [0.000773054780439, -0.00341811543331, 0.00315419398248, -0.00275749061257, -0.000474289001431, -0.00303678680211, 0.00224134232849, -0.00295092607848, -0.000705493963324, 0.000895875040442, 0.00224520987831, -0.0105889225379, 0.0234034843743]]
    },
    "melbands": {
        "mean": [0.0019744259771, 0.00288855866529, 0.00181842013262, 0.000698147690855, 0.00021125774947, 0.000236298175878, 0.000272842647973, 0.000169814840774, 0.000138735485962, 0.000211196413147, 0.000187862780876, 0.000152939755935, 0.000103905847936, 9.91743727354e-05, 6.02418367635e-05, 5.10558056703e-05, 4.05888495152e-05, 7.22522163414e-05, 5.67552415305e-05, 3.05100475089e-05, 3.21961524605e-05, 2.9860117138e-05, 2.11544574995e-05, 1.71013452928e-05, 1.67623711604e-05, 2.64673890342e-05, 1.93106188817e-05, 6.72021997161e-06, 4.96368011227e-06, 3.27420821122e-06, 2.68392773251e-06, 2.77568869933e-06, 2.65415519607e-06, 2.40760141423e-06, 2.00457930077e-06, 1.81900543339e-06, 1.72213788119e-06, 1.15253772037e-06, 5.62363936751e-07, 2.95083026458e-07]
    },
    "melbands128": {
        "mean": [0.000371756672394, 0.00161214196123, 0.0022926714737, 0.0033210136462, 0.00312579702586, 0.00261386693455, 0.00186241662595, 0.0019044240471, 0.0013008560054, 0.000549461168703, 0.000396902731154, 0.000271516066277, 0.000166442114278, 0.000118466108688, 0.000214412371861, 0.000315231794957, 0.000307779002469, 0.000257381936535, 0.000259945139987, 0.000134199595777, 0.000157023896463, 0.000181644776603, 0.000112108042231, 0.000138167757541, 0.00013366182975, 0.000276331295026, 0.000312878517434, 0.000113169015094, 0.000178438727744, 0.000110175162263, 0.000186199715245, 0.000156927329954, 7.84277290222e-05, 6.66263804305e-05, 0.000138561052154, 9.43085833569e-05, 6.18498525e-05, 7.28472077753e-05, 4.88143923576e-05, 4.1782946937e-05, 6.01027459197e-05, 4.92311701237e-05, 2.71764693025e-05, 3.6312481825e-05, 7.66318480601e-05, 8.48500640132e-05, 5.81663589401e-05, 7.81800263212e-05, 4.22810408054e-05, 2.89517392957e-05, 3.26112094626e-05, 2.61523910012e-05, 3.00493138639e-05, 3.41093000316e-05, 3.903277684e-05, 2.69699030468e-05, 2.67961695499e-05, 2.11602946365e-05, 1.95553275262e-05, 1.98090583581e-05, 1.70776511368e-05, 1.55280868057e-05, 1.34782649184e-05, 1.70141993294e-05, 2.24989307753e-05, 2.63534966507e-05, 2.9963457564e-05, 2.62475587078e-05, 1.67526231962e-05, 9.92720106296e-06, 6.44448891762e-06, 4.91491255161e-06, 5.44369368072e-06, 5.47613808521e-06, 3.83818905902e-06, 3.20930530506e-06, 2.93356060865e-06, 3.1907045468e-06, 2.42204214373e-06, 2.51620917879e-06, 2.83157305603e-06, 2.81248753708e-06, 2.78474885818e-06, 2.73533328254e-06, 2.47845241574e-06, 2.34522281062e-06, 2.46561103268e-06, 2.34808931054e-06, 1.99949727175e-06, 1.70381190401e-06, 1.79180926807e-06, 1.8446029344e-06, 1.91067056221e-06, 1.7859632635e-06, 1.60333354415e-06, 1.34535946472e-06, 1.09434824935e-06, 8.16875058263e-07, 5.92967069224e-07, 4.09109929933e-07, 3.36005570034e-07, 2.78255583908e-07, 2.43486027784e-07, 2.11431682828e-07, 1.77023778747e-07, 1.63817858834e-07, 1.52372436446e-07, 9.68251683275e-08, 7.32908418399e-08, 5.13555384885e-08, 3.69367576525e-08, 2.81279852743e-08, 2.37431212469e-08, 1.84965553984e-08, 1.16900169544e-08, 7.99964983145e-09, 6.56208509753e-09, 5.11749220777e-09, 3.76489150966e-09, 2.53252019355e-09, 1.80292303309e-09, 1.2462321175e-09, 7.15988379696e-10, 3.97326532786e-10, 2.1342992651e-10, 1.07372638558e-10, 6.41253022904e-11, 4.94080887314e-11]
    },
    "mfcc": {
        "mean": [-630.410095215, 115.970489502, -7.95954465866, 25.7494716644, 8.53879833221, 8.48485851288, 4.35032272339, 11.3335914612, -1.2122606039, 7.53745174408, -6.40465307236, -4.76602506638, -3.46952986717],
        "cov": [[8927.13671875, 336.44720459, -78.5762863159, -222.348388672, -32.6590232849, -60.9550170898, 107.547294617, 261.196716309, 13.3637800217, 342.036804199, 108.355453491, 94.6164016724, 101.160133362], [336.44720459, 940.445373535, -245.629501343, 58.0334091187, 12.003695488, 65.795753479, 133.401626587, 91.1460266113, 89.5277786255, 35.6280784607, 13.2185897827, 8.88971328735, 51.2206954956], [-78.5762863159, -245.629501343, 431.963256836, 48.7056770325, 66.3702926636, 90.4401245117, 8.70134925842, 4.16137647629, 8.59638786316, -0.460148751736, 44.5378990173, 47.0807342529, 5.56711006165], [-222.348388672, 58.0334091187, 48.7056770325, 230.907974243, 76.9955978394, 64.6756515503, 9.89208602905, 2.93950080872, 31.5207595825, -18.4693660736, 1.17861425877, 6.20168972015, 20.1663074493], [-32.6590232849, 12.003695488, 66.3702926636, 76.9955978394, 161.138397217, 58.6792869568, 33.2989654541, 15.5911569595, 30.2824935913, 35.2570152283, 22.0543861389, 19.4692955017, 23.0173530579], [-60.9550170898, 65.795753479, 90.4401245117, 64.6756515503, 58.6792869568, 236.673110962, 105.043457031, 52.2671966553, 92.4844055176, -11.93501091, 38.8727645874, 22.3490276337, -0.686123728752], [107.547294617, 133.401626587, 8.70134925842, 9.89208602905, 33.2989654541, 105.043457031, 173.270889282, 81.4383544922, 85.7557907104, 8.30102348328, 40.7067832947, 25.8284168243, 28.7124919891], [261.196716309, 91.1460266113, 4.16137647629, 2.93950080872, 15.5911569595, 52.2671966553, 81.4383544922, 127.295127869, 65.5877914429, 47.4598236084, 34.1543540955, 22.6504764557, 24.9947872162], [13.3637800217, 89.5277786255, 8.59638786316, 31.5207595825, 30.2824935913, 92.4844055176, 85.7557907104, 65.5877914429, 142.445266724, 20.0967216492, 32.3642921448, 11.371099472, 11.4658031464], [342.036804199, 35.6280784607, -0.460148751736, -18.4693660736, 35.2570152283, -11.93501091, 8.30102348328, 47.4598236084, 20.0967216492, 137.460235596, 50.554599762, 25.8022670746, 16.2057971954], [108.355453491, 13.2185897827, 44.5378990173, 1.17861425877, 22.0543861389, 38.8727645874, 40.7067832947, 34.1543540955, 32.3642921448, 50.554599762, 92.3979187012, 44.4899635315, 23.4646396637], [94.6164016724, 8.88971328735, 47.0807342529, 6.20168972015, 19.4692955017, 22.3490276337, 25.8284168243, 22.6504764557, 11.371099472, 25.8022670746, 44.4899635315, 76.1478347778, 38.7504920959], [101.160133362, 51.2206954956, 5.56711006165, 20.1663074493, 23.0173530579, -0.686123728752, 28.7124919891, 24.9947872162, 11.4658031464, 16.2057971954, 23.4646396637, 38.7504920959, 77.5382919312]],
        "icov": [[0.000132698158268, -3.2000723877e-05, -1.68667065736e-05, 9.35059142648e-05, 6.60232035443e-05, -1.12455918497e-05, -2.04053376365e-05, -0.000190009028302, 0.000113530550152, -0.000290397671051, 7.94004372437e-05, -2.60445140157e-05, -9.30916066864e-05], [-3.2000723877e-05, 0.00158155243844, 0.000997029826976, -0.000532372912858, 0.00018674734747, -0.000323835993186, -0.00085558090359, -0.000179572118213, -0.000128499130369, -0.0003715310595, 0.000297157675959, -5.85224915994e-05, -0.000583745306358], [-1.68667065736e-05, 0.000997029826976, 0.0035576694645, -0.000400724617066, -0.000849561474752, -0.00123841443565, 0.000288410810754, -0.000301909312839, 0.000426504353527, 0.000442609074526, -0.000838080653921, -0.00158339436166, 0.000333287141984], [9.35059142648e-05, -0.000532372912858, -0.000400724617066, 0.00612573744729, -0.00265604932792, -0.00112621102016, 0.00184285093565, -0.000239281187532, -0.00085286272224, 0.00145212991629, 0.0001223654981, 0.000555971113499, -0.00165379350074], [6.60232035443e-05, 0.00018674734747, -0.000849561474752, -0.00265604932792, 0.00943023245782, -0.00143650651444, -0.0015520369634, 0.00169924763031, -4.64326603833e-06, -0.00388561887667, 0.00125177192967, 0.000235616374994, -0.00192660756875], [-1.12455918497e-05, -0.000323835993186, -0.00123841443565, -0.00112621102016, -0.00143650651444, 0.0084590986371, -0.00298780063167, -0.00050059473142, -0.00276141799986, 0.00222080037929, -0.00158207607456, -0.00118792417925, 0.00339607894421], [-2.04053376365e-05, -0.00085558090359, 0.000288410810754, 0.00184285093565, -0.0015520369634, -0.00298780063167, 0.0129166487604, -0.00484914099798, -0.00286799250171, 0.00312769203447, -0.00246313377284, 6.40027574264e-05, -0.00221000635065], [-0.000190009028302, -0.000179572118213, -0.000301909312839, -0.000239281187532, 0.00169924763031, -0.00050059473142, -0.00484914099798, 0.0149725591764, -0.00323087861761, -0.00449474155903, 0.000992779270746, -0.000273551151622, -0.00183580024168], [0.000113530550152, -0.000128499130369, 0.000426504353527, -0.00085286272224, -4.64326603833e-06, -0.00276141799986, -0.00286799250171, -0.00323087861761, 0.0125685995445, -0.000963406229857, -0.00137312081642, 0.00158922269475, 0.000172515894519], [-0.000290397671051, -0.0003715310595, 0.000442609074526, 0.00145212991629, -0.00388561887667, 0.00222080037929, 0.00312769203447, -0.00449474155903, -0.000963406229857, 0.0133607145399, -0.00659360270947, -0.000565973808989, 0.0013068865519], [7.94004372437e-05, 0.000297157675959, -0.000838080653921, 0.0001223654981, 0.00125177192967, -0.00158207607456, -0.00246313377284, 0.000992779270746, -0.00137312081642, -0.00659360270947, 0.0202927179635, -0.00805182754993, -0.000600926578045], [-2.60445140157e-05, -5.85224915994e-05, -0.00158339436166, 0.000555971113499, 0.000235616374994, -0.00118792417925, 6.40027574264e-05, -0.000273551151622, 0.00158922269475, -0.000565973808989, -0.00805182754993, 0.0240296572447, -0.00966336578131], [-9.30916066864e-05, -0.000583745306358, 0.000333287141984, -0.00165379350074, -0.00192660756875, 0.00339607894421, -0.00221000635065, -0.00183580024168, 0.000172515894519, 0.0013068865519, -0.000600926578045, -0.00966336578131, 0.0205347798765]]
    },
    "spectral_contrast_coeffs": {
        "mean": [-0.690957307816, -0.780427992344, -0.771812677383, -0.797076523304, -0.786742389202, -0.767394006252]
    },
    "spectral_contrast_valleys": {
        "mean": [-6.76303243637, -6.87721824646, -7.19317102432, -7.40255594254, -7.38843584061, -10.204252243]
    }
},
"rhythm": {
    "beats_count": 395,
    "beats_loudness": {
        "mean": 0.0399672016501
    },
    "bpm": 135.044586182,
    "bpm_histogram_first_peak_bpm": 136,
    "bpm_histogram_first_peak_weight": 0.305699527264,
    "bpm_histogram_second_peak_bpm": 129,
    "bpm_histogram_second_peak_spread": 0.124999940395,
    "bpm_histogram_second_peak_weight": 0.0177664980292,
    "danceability": 1.16183149815,
    "onset_rate": 3.52268695831,
    "beats_loudness_band_ratio": {
        "mean": [0.652877390385, 0.0893880724907, 0.0873225182295, 0.082770138979, 0.0721362903714, 0.0467242375016]
    },
    "beats_position": [0.476009070873, 0.9287981987, 1.38158726692, 1.83437633514, 2.27555561066, 2.71673464775, 3.15791368484, 3.59909296036, 4.05188179016, 4.5046710968, 4.94585037231, 5.39863920212, 5.83981847763, 6.29260778427, 6.73378658295, 7.17496585846, 7.61614513397, 8.05732440948, 8.498503685, 8.95129203796, 9.39247131348, 9.84526062012, 10.2864398956, 10.7276191711, 11.1687984467, 11.6099767685, 12.051156044, 12.5039453506, 12.9567346573, 13.3979139328, 13.8390922546, 14.2802715302, 14.7214508057, 15.1626300812, 15.6038093567, 16.0565986633, 16.50938797, 16.9505672455, 17.391746521, 17.8329238892, 18.2741031647, 18.7268924713, 19.179681778, 19.6208610535, 20.062040329, 20.5032196045, 20.94439888, 21.3855781555, 21.826757431, 22.2795467377, 22.7323360443, 23.1735134125, 23.614692688, 24.0558719635, 24.497051239, 24.9382305145, 25.3910198212, 25.8438091278, 26.2849884033, 26.7261676788, 27.1673469543, 27.6085262299, 28.0497055054, 28.4908847809, 28.9436721802, 29.3964614868, 29.8376407623, 30.2788200378, 30.7199993134, 31.1611785889, 31.6023578644, 32.0435371399, 32.4847145081, 32.9258956909, 33.3786849976, 33.8198623657, 34.2726516724, 34.7138328552, 35.1550102234, 35.5961914062, 36.0489807129, 36.4901580811, 36.9429473877, 37.3957366943, 37.8369140625, 38.2897033691, 38.730884552, 39.1604537964, 39.6016311646, 40.0428123474, 40.4956016541, 40.9483909607, 41.4011802673, 41.8423576355, 42.2835350037, 42.7247161865, 43.1658935547, 43.6070747375, 44.0482521057, 44.5010414124, 44.953830719, 45.3950119019, 45.83618927, 46.2773704529, 46.718547821, 47.1597251892, 47.6009063721, 48.0536956787, 48.5064849854, 48.9476623535, 49.3888435364, 49.8300209045, 50.2828102112, 50.723991394, 51.1651687622, 51.6063499451, 52.0591392517, 52.5003166199, 52.941493988, 53.3826751709, 53.8354644775, 54.2766418457, 54.7178230286, 55.1706123352, 55.6117897034, 56.0529708862, 56.4941482544, 56.946937561, 57.3997268677, 57.8409042358, 58.2820854187, 58.7232627869, 59.1644439697, 59.6056213379, 60.0468025208, 60.4995918274, 60.9407691956, 61.3935585022, 61.8347396851, 62.2875289917, 62.7287063599, 63.169883728, 63.5994529724, 64.0638504028, 64.5050354004, 64.9346008301, 65.3873901367, 65.8285675049, 66.2697525024, 66.7109298706, 67.1521072388, 67.5932846069, 68.0460739136, 68.4988632202, 68.9400405884, 69.3812255859, 69.8224029541, 70.2751922607, 70.7279815674, 71.1691589355, 71.6103363037, 72.0515213013, 72.4926986694, 72.9454879761, 73.3866653442, 73.8278427124, 74.280632019, 74.7218093872, 75.1745986938, 75.6157836914, 76.0569610596, 76.5097503662, 76.9509277344, 77.3921051025, 77.8332901001, 78.2860794067, 78.738861084, 79.1800460815, 79.6212234497, 80.0624008179, 80.503578186, 80.9447631836, 81.3859405518, 81.8387298584, 82.291519165, 82.7326965332, 83.1738739014, 83.6150588989, 84.0562362671, 84.4974136353, 84.9385910034, 85.3913803101, 85.8441696167, 86.2853469849, 86.7265319824, 87.1677093506, 87.6088867188, 88.0500640869, 88.4912490845, 88.9324264526, 89.3852157593, 89.8380050659, 90.2791824341, 90.7319717407, 91.1847610474, 91.6259384155, 92.0671157837, 92.5083007812, 92.9494781494, 93.3906555176, 93.8318328857, 94.2846221924, 94.737411499, 95.1785888672, 95.6197738647, 96.0609512329, 96.5021286011, 96.9433059692, 97.3844909668, 97.825668335, 98.2668457031, 98.7196350098, 99.1608123779, 99.6019973755, 100.043174744, 100.49596405, 100.937141418, 101.389930725, 101.842720032, 102.2838974, 102.725074768, 103.166259766, 103.607437134, 104.06022644, 104.513015747, 104.954193115, 105.395370483, 105.836547852, 106.277732849, 106.718910217, 107.160087585, 107.612876892, 108.065666199, 108.506843567, 108.948028564, 109.389205933, 109.830383301, 110.271560669, 110.712738037, 111.165527344, 111.606712341, 112.047889709, 112.500679016, 112.941856384, 113.383033752, 113.82421875, 114.277008057, 114.729797363, 115.170974731, 115.6121521, 116.053329468, 116.494506836, 116.935691833, 117.38848114, 117.841270447, 118.282447815, 118.723625183, 119.164802551, 119.605987549, 120.047164917, 120.488342285, 120.941131592, 121.393920898, 121.835098267, 122.276275635, 122.717460632, 123.158638, 123.599815369, 124.040992737, 124.493782043, 124.94657135, 125.387756348, 125.828933716, 126.270111084, 126.711288452, 127.164077759, 127.605255127, 128.046432495, 128.499221802, 128.952011108, 129.404800415, 129.845977783, 130.28717041, 130.728347778, 131.169525146, 131.610702515, 132.051879883, 132.493057251, 132.945846558, 133.398635864, 133.839813232, 134.280990601, 134.722167969, 135.174957275, 135.627746582, 136.068939209, 136.510116577, 136.951293945, 137.392471313, 137.833648682, 138.27482605, 138.716003418, 139.157180786, 139.609970093, 140.062759399, 140.503936768, 140.945129395, 141.386306763, 141.827484131, 142.268661499, 142.709838867, 143.162628174, 143.61541748, 144.056594849, 144.497772217, 144.938949585, 145.391738892, 145.83291626, 146.285705566, 146.726898193, 147.168075562, 147.60925293, 148.050430298, 148.491607666, 148.932785034, 149.373962402, 149.838363647, 150.279541016, 150.720718384, 151.161895752, 151.603088379, 152.044265747, 152.497055054, 152.94984436, 153.391021729, 153.832199097, 154.273376465, 154.714553833, 155.16734314, 155.620132446, 156.061309814, 156.502487183, 156.943664551, 157.384857178, 157.826034546, 158.278823853, 158.720001221, 159.161178589, 159.613967896, 160.055145264, 160.496322632, 160.9375, 161.378677368, 161.819854736, 162.272644043, 162.72543335, 163.166610718, 163.607803345, 164.048980713, 164.50177002, 164.954559326, 165.407348633, 165.836914062, 166.278091431, 166.719268799, 167.160446167, 167.601623535, 168.054412842, 168.507202148, 168.959991455, 169.401168823, 169.84236145, 170.27192688, 170.713104248, 171.154281616, 171.583847046, 172.025024414, 172.477813721, 172.942214966, 173.406616211, 173.859405518, 174.323806763, 174.788208008, 175.252609253, 175.728607178],
    "bpm_histogram": [0, 0, 0, 0, 0, 0, 0, 0, 0, 0, 0, 0, 0, 0, 0, 0, 0, 0, 0, 0, 0, 0, 0, 0, 0, 0, 0, 0, 0, 0, 0, 0, 0, 0, 0, 0, 0, 0, 0, 0, 0, 0, 0, 0, 0, 0, 0, 0, 0, 0, 0, 0, 0, 0, 0, 0, 0, 0, 0, 0, 0, 0, 0, 0, 0, 0, 0, 0, 0, 0, 0, 0, 0, 0, 0, 0, 0, 0, 0, 0, 0, 0, 0, 0, 0, 0, 0, 0, 0, 0, 0, 0, 0, 0, 0, 0, 0, 0, 0, 0, 0, 0, 0, 0, 0, 0, 0, 0, 0, 0, 0, 0, 0, 0, 0, 0, 0, 0, 0, 0, 0, 0, 0, 0, 0, 0, 0.00253807101399, 0, 0, 0.0177664980292, 0, 0, 0, 0.284263968468, 0, 0, 0.680203020573, 0, 0, 0, 0.0152284260839, 0, 0, 0, 0, 0, 0, 0, 0, 0, 0, 0, 0, 0, 0, 0, 0, 0, 0, 0, 0, 0, 0, 0, 0, 0, 0, 0, 0, 0, 0, 0, 0, 0, 0, 0, 0, 0, 0, 0, 0, 0, 0, 0, 0, 0, 0, 0, 0, 0, 0, 0, 0, 0, 0, 0, 0, 0, 0, 0, 0, 0, 0, 0, 0, 0, 0, 0, 0, 0, 0, 0, 0, 0, 0, 0, 0, 0, 0, 0, 0, 0, 0, 0, 0, 0, 0, 0, 0, 0, 0, 0, 0, 0, 0, 0, 0, 0, 0, 0, 0, 0, 0, 0, 0, 0, 0, 0, 0, 0]
},
"tonal": {
    "chords_changes_rate": 0.0592573098838,
    "chords_number_rate": 0.00289702392183,
    "chords_strength": {
        "mean": 0.496081352234
    },
    "hpcp_crest": {
        "mean": 11.9042272568
    },
    "hpcp_entropy": {
        "mean": 2.23737645149
    },
    "key_edma": {
        "strength": 0.689991414547,
        "key": "F#",
        "scale": "major"
    },
    "key_krumhansl": {
        "strength": 0.699007570744,
        "key": "F#",
        "scale": "major"
    },
    "key_temperley": {
        "strength": 0.70788025856,
        "key": "F#",
        "scale": "major"
    },
    "tuning_diatonic_strength": 0.64850127697,
    "tuning_equal_tempered_deviation": 0.217799052596,
    "tuning_frequency": 434.193115234,
    "tuning_nontempered_energy_ratio": 0.94600892067,
    "hpcp": {
        "mean": [0.0763480290771, 0.0608675293624, 0.0672345682979, 0.154810383916, 0.173098504543, 0.113237798214, 0.195729389787, 0.202763512731, 0.0921984985471, 0.0795923322439, 0.0785662084818, 0.0717926770449, 0.186183854938, 0.230786412954, 0.10584371537, 0.0493528656662, 0.0512657091022, 0.0490127690136, 0.0682826116681, 0.0796257779002, 0.073037430644, 0.0905823260546, 0.126176029444, 0.165366843343, 0.217775255442, 0.218065410852, 0.192006513476, 0.365509420633, 0.380137294531, 0.160207554698, 0.0790073275566, 0.061272058636, 0.074777700007, 0.128690749407, 0.138909116387, 0.0950406566262]
    },
    "chords_histogram": [34.421913147, 6.58414554596, 13.0629444122, 2.65999484062, 0, 0.158019483089, 0, 0, 0.368712127209, 1.21148276329, 1.94890701771, 0.263365805149, 0.395048737526, 0, 0, 1.36950218678, 0.632077932358, 7.53226232529, 0.263365805149, 0.579404771328, 0.921780347824, 1.47484850883, 18.2249145508, 7.9273109436],
    "thpcp": [1, 0.421446561813, 0.207838922739, 0.161184027791, 0.196712344885, 0.338537544012, 0.365418285131, 0.250016659498, 0.200843304396, 0.160119861364, 0.176869168878, 0.407248616219, 0.455357849598, 0.297886580229, 0.514891326427, 0.533395469189, 0.242540001869, 0.209377855062, 0.206678509712, 0.188859865069, 0.489780545235, 0.607113301754, 0.278435498476, 0.12982904911, 0.134861037135, 0.128934383392, 0.179626181722, 0.209465846419, 0.192134350538, 0.238288447261, 0.331922262907, 0.435018718243, 0.572885811329, 0.57364910841, 0.505097806454, 0.961519479752],
    "chords_key": "F#",
    "chords_scale": "major"
}
}