{
"metadata": {
    "version": {
        "essentia": "2.1-beta6-dev",
        "essentia_git_sha": "v2.1_beta5-1177-g1d1cc983",
        "extractor": "music 2.0"
    },
    "audio_properties": {
        "analysis": {
            "equal_loudness": 0,
            "length": 215.546661377,
            "sample_rate": 44100,
            "start_time": 0,
            "downmix": "mix"
        },
        "bit_rate": 1411200,
        "length": 215.546661377,
        "lossless": 1,
        "number_channels": 2,
        "replay_gain": -14.9455032349,
        "sample_rate": 44100,
        "codec": "pcm_s16le",
        "md5_encoded": "8912bffe85d4e14d87311db76947529d"
    },
    "tags": {
        "file_name": "02 - The Front Bottoms - Summer Shandy.wav",
        "album": ["Back on Top"],
        "albumartist": ["The Front Bottoms"],
        "artist": ["The Front Bottoms"],
        "copyright": ["© 2015 Fueled By Ramen LLC for the United States and WEA International Inc. for the world outside of the United States. A Warner Music Group Company ℗ 2015 Fueled By Ramen LLC"],
        "date": ["2015"],
        "discnumber": ["1"],
        "disctotal": ["1"],
        "genre": ["Alternative & Indie"],
        "isrc": ["USAT21502130"],
        "title": ["Summer Shandy"],
        "tracknumber": ["2"],
        "tracktotal": ["11"]
    }
},
"lowlevel": {
    "average_loudness": 0.960780799389,
    "barkbands_crest": {
        "mean": 12.0204105377
    },
    "barkbands_flatness_db": {
        "mean": 0.166459843516
    },
    "barkbands_kurtosis": {
        "mean": 15.9207220078
    },
    "barkbands_skewness": {
        "mean": 2.35836648941
    },
    "barkbands_spread": {
        "mean": 27.2331485748
    },
    "dissonance": {
        "mean": 0.469784408808
    },
    "dynamic_complexity": 3.4224615097,
    "erbbands_crest": {
        "mean": 8.4116153717
    },
    "erbbands_flatness_db": {
        "mean": 0.149442493916
    },
    "erbbands_kurtosis": {
        "mean": 1.8795838356
    },
    "erbbands_skewness": {
        "mean": -0.1018467471
    },
    "erbbands_spread": {
        "mean": 48.8354187012
    },
    "hfc": {
        "mean": 27.4096984863
    },
    "loudness_ebu128": {
        "integrated": -6.64758300781,
        "loudness_range": 2.12600183487,
        "momentary": {
            "mean": -8.74599266052
        },
        "short_term": {
            "mean": -7.83572626114
        }
    },
    "melbands_crest": {
        "mean": 19.2611122131
    },
    "melbands_flatness_db": {
        "mean": 0.238524392247
    },
    "melbands_kurtosis": {
        "mean": 34.7471389771
    },
    "melbands_skewness": {
        "mean": 4.20555210114
    },
    "melbands_spread": {
        "mean": 22.8916740417
    },
    "pitch_salience": {
        "mean": 0.418049782515
    },
    "silence_rate_20dB": {
        "mean": 1
    },
    "silence_rate_30dB": {
        "mean": 0.954437732697
    },
    "silence_rate_60dB": {
        "mean": 0.0617190860212
    },
    "spectral_centroid": {
        "mean": 1669.84204102
    },
    "spectral_complexity": {
        "mean": 22.6923732758
    },
    "spectral_decrease": {
        "mean": -1.1420514312e-08
    },
    "spectral_energy": {
        "mean": 0.0455899648368
    },
    "spectral_energyband_high": {
        "mean": 0.00160252605565
    },
    "spectral_energyband_low": {
        "mean": 0.0312695614994
    },
    "spectral_energyband_middle_high": {
        "mean": 0.00550498720258
    },
    "spectral_energyband_middle_low": {
        "mean": 0.00877367518842
    },
    "spectral_entropy": {
        "mean": 7.558198452
    },
    "spectral_flux": {
        "mean": 0.0909590795636
    },
    "spectral_kurtosis": {
        "mean": 4.70695781708
    },
    "spectral_rms": {
        "mean": 0.00614486262202
    },
    "spectral_rolloff": {
        "mean": 1542.20654297
    },
    "spectral_skewness": {
        "mean": 1.28573834896
    },
    "spectral_spread": {
        "mean": 4668134.5
    },
    "spectral_strongpeak": {
        "mean": 0.653615295887
    },
    "zerocrossingrate": {
        "mean": 0.0586561262608
    },
    "barkbands": {
        "mean": [0.000195357031771, 0.0176499914378, 0.0119619006291, 0.00249025388621, 0.00250140856951, 0.00118503090926, 0.00107777386438, 0.000690196582582, 0.000634043768514, 0.000535946455784, 0.000376062904252, 0.000499897578266, 0.000407912215451, 0.000416455324739, 0.000540256558452, 0.000515487976372, 0.000874737859704, 0.000514938030392, 0.000628444831818, 0.00052605062956, 0.000425726087997, 0.000292355660349, 0.000230202334933, 0.000262307265075, 0.000107208426925, 3.74104856746e-05, 1.09485245048e-05]
    },
    "erbbands": {
        "mean": [0.302087366581, 4.67009973526, 15.2459526062, 9.64343452454, 8.90393161774, 7.76892709732, 7.34326028824, 9.32498836517, 14.5690011978, 15.574092865, 16.467912674, 14.0019645691, 17.4922580719, 17.5066604614, 14.9314432144, 22.2117652893, 20.227935791, 24.2006855011, 22.8750534058, 29.5067214966, 36.6834373474, 44.5293540955, 31.2686538696, 23.4127941132, 36.3423538208, 25.8181610107, 20.3868904114, 14.2804307938, 10.6792259216, 7.47812700272, 6.42896127701, 6.09400701523, 3.99146556854, 1.54868364334, 0.574412941933, 0.211439743638, 0.0582447387278, 0.012342649512, 0.00185787328519, 0.000172284941073]
    },
    "gfcc": {
        "mean": [-9.74969673157, 88.1155471802, -106.11505127, 61.8947181702, -41.4918861389, 15.2303142548, -26.0633087158, 7.89671134949, -15.2411251068, -2.19287848473, -9.86380290985, -5.95115423203, -10.0312767029],
        "cov": [[24352.2929688, -1789.21789551, -3618.03515625, 143.647476196, -1681.13769531, 1417.67382812, -1166.07873535, 840.40246582, -375.802520752, 478.824798584, -260.349456787, 203.568572998, -257.057495117], [-1789.21789551, 1841.21142578, -105.897918701, -39.6909294128, 309.176818848, -254.563415527, 319.402679443, -159.813293457, 208.953140259, -196.539596558, 137.861373901, -151.734939575, 68.2168121338], [-3618.03515625, -105.897918701, 1514.22180176, 64.7770614624, 291.797729492, -185.677383423, 157.278625488, -74.7109069824, -21.5465373993, -38.2232475281, -41.885509491, -17.0398750305, -48.8513832092], [143.647476196, -39.6909294128, 64.7770614624, 508.214752197, 47.6411628723, -27.9130172729, 10.3214902878, -47.6361579895, 12.6610908508, -20.5699539185, 7.91561126709, -28.5052909851, 25.212972641], [-1681.13769531, 309.176818848, 291.797729492, 47.6411628723, 398.519012451, -74.2551269531, 166.481445312, -49.6729812622, 64.5748214722, -33.8002357483, 15.6953201294, -25.2259750366, 12.5106105804], [1417.67382812, -254.563415527, -185.677383423, -27.9130172729, -74.2551269531, 350.348449707, 0.203633904457, 115.684761047, -27.3803367615, 36.542011261, 17.156961441, 14.9778137207, -13.0127840042], [-1166.07873535, 319.402679443, 157.278625488, 10.3214902878, 166.481445312, 0.203633904457, 325.011779785, -41.2978210449, 28.5422115326, -49.6409034729, 20.07396698, -24.2439727783, 12.1100025177], [840.40246582, -159.813293457, -74.7109069824, -47.6361579895, -49.6729812622, 115.684761047, -41.2978210449, 201.559631348, 21.9188899994, 29.7265834808, 2.55041074753, 8.04958724976, -19.5405445099], [-375.802520752, 208.953140259, -21.5465373993, 12.6610908508, 64.5748214722, -27.3803367615, 28.5422115326, 21.9188899994, 135.450836182, 16.7765693665, 33.4774780273, -23.5991287231, 16.5820140839], [478.824798584, -196.539596558, -38.2232475281, -20.5699539185, -33.8002357483, 36.542011261, -49.6409034729, 29.7265834808, 16.7765693665, 114.73475647, 3.41168785095, 24.3742542267, -15.98350811], [-260.349456787, 137.861373901, -41.885509491, 7.91561126709, 15.6953201294, 17.156961441, 20.07396698, 2.55041074753, 33.4774780273, 3.41168785095, 100.199020386, 8.22591114044, 19.9361858368], [203.568572998, -151.734939575, -17.0398750305, -28.5052909851, -25.2259750366, 14.9778137207, -24.2439727783, 8.04958724976, -23.5991287231, 24.3742542267, 8.22591114044, 88.1549072266, 24.2962360382], [-257.057495117, 68.2168121338, -48.8513832092, 25.212972641, 12.5106105804, -13.0127840042, 12.1100025177, -19.5405445099, 16.5820140839, -15.98350811, 19.9361858368, 24.2962360382, 77.6814346313]],
        "icov": [[0.000187787401956, -0.000277586455923, 0.000285181973595, -0.000328565685777, 0.000331325136358, -0.000527244992554, 0.000353989715222, -0.000406849721912, 0.000443072844064, -0.000568799558096, 0.000789292273112, -0.00061510456726, 0.000630160619039], [-0.000277586455923, 0.00201937532984, -4.33700151916e-05, 0.000972679001279, -0.000913436990231, 0.00157073605806, -0.00133413868025, 0.00121485022828, -0.00218785158359, 0.00279568508267, -0.00283289444633, 0.00264469813555, -0.0011689607054], [0.000285181973595, -4.33700151916e-05, 0.00140046747401, -0.000486272911076, -0.000174857254024, -0.000185213953955, 0.000113040092401, -0.000573963159695, 0.000715412839781, -0.000424889643909, 0.000995991635136, -0.000780798261985, 0.00160392001271], [-0.000328565685777, 0.000972679001279, -0.000486272911076, 0.00284630130045, -0.00086331856437, 0.00104274239857, -0.000641597667709, 0.00130548898596, -0.00120284664445, 0.00157907151151, -0.00200566253625, 0.00255553331226, -0.00213181786239], [0.000331325136358, -0.000913436990231, -0.000174857254024, -0.00086331856437, 0.00467370543629, -0.000930677109864, -0.0006495732232, -0.000452250038506, -0.000537440588232, -0.00114412768744, 0.00182019802742, -0.00157998502254, 0.00105402595364], [-0.000527244992554, 0.00157073605806, -0.000185213953955, 0.00104274239857, -0.000930677109864, 0.00610046647489, -0.0022876788862, -0.001004681224, -0.000151448752149, 0.00134226947557, -0.00396310957149, 0.00285606761463, -0.00187096453737], [0.000353989715222, -0.00133413868025, 0.000113040092401, -0.000641597667709, -0.0006495732232, -0.0022876788862, 0.00546954199672, -0.00024989884696, 0.00105703133158, -0.000585272093304, 0.0018343423726, -0.00160259392578, 0.00111259671394], [-0.000406849721912, 0.00121485022828, -0.000573963159695, 0.00130548898596, -0.000452250038506, -0.001004681224, -0.00024989884696, 0.00827940646559, -0.00423295050859, 0.00230486318469, -0.00180357287172, 0.000844548922032, 0.000404873222578], [0.000443072844064, -0.00218785158359, 0.000715412839781, -0.00120284664445, -0.000537440588232, -0.000151448752149, 0.00105703133158, -0.00423295050859, 0.0142291868106, -0.00687125558034, 0.000298989121802, 0.00174591387622, -0.00201460439712], [-0.000568799558096, 0.00279568508267, -0.000424889643909, 0.00157907151151, -0.00114412768744, 0.00134226947557, -0.000585272093304, 0.00230486318469, -0.00687125558034, 0.0159925818443, -0.00420988630503, -0.0008072842611, 0.00205338280648], [0.000789292273112, -0.00283289444633, 0.000995991635136, -0.00200566253625, 0.00182019802742, -0.00396310957149, 0.0018343423726, -0.00180357287172, 0.000298989121802, -0.00420988630503, 0.0168518833816, -0.00597661733627, 0.00129464257043], [-0.00061510456726, 0.00264469813555, -0.000780798261985, 0.00255553331226, -0.00157998502254, 0.00285606761463, -0.00160259392578, 0.000844548922032, 0.00174591387622, -0.0008072842611, -0.00597661733627, 0.0205144230276, -0.00990442279726], [0.000630160619039, -0.0011689607054, 0.00160392001271, -0.00213181786239, 0.00105402595364, -0.00187096453737, 0.00111259671394, 0.000404873222578, -0.00201460439712, 0.00205338280648, 0.00129464257043, -0.00990442279726, 0.020748777315]]
    },
    "melbands": {
        "mean": [0.00379078066908, 0.00722233392298, 0.00170273671392, 0.000606023124419, 0.000261806126218, 0.000221199559746, 0.000225437164772, 0.000157831396791, 0.000127707899082, 8.86137859197e-05, 8.64770336193e-05, 6.99946031091e-05, 5.37559535587e-05, 5.20043431607e-05, 5.276147931e-05, 4.17393930547e-05, 4.39371979155e-05, 3.49149668182e-05, 3.1883475458e-05, 4.18304662162e-05, 4.46505473519e-05, 4.98510889884e-05, 3.61957208952e-05, 2.26534612011e-05, 1.68834212673e-05, 2.8179396395e-05, 2.09309127968e-05, 1.6028430764e-05, 1.25630540424e-05, 1.07240266516e-05, 7.68078825786e-06, 6.33942681816e-06, 4.83023086417e-06, 3.8537718865e-06, 3.60304397873e-06, 3.82889993489e-06, 3.73775151274e-06, 3.01431941807e-06, 2.00966337616e-06, 1.05298943254e-06]
    },
    "melbands128": {
        "mean": [0.000189038124518, 0.00173208804335, 0.00463444832712, 0.00891157146543, 0.00935915205628, 0.00475083710626, 0.0018701601075, 0.00111585529521, 0.00088244152721, 0.000653610914014, 0.000387854961446, 0.000256270606769, 0.000249663833529, 0.000241279034526, 0.000166909972904, 0.000260161497863, 0.000253374455497, 0.000213144317968, 0.000187430778169, 0.00021075514087, 9.21153477975e-05, 0.000140799587825, 0.000157010275871, 7.88206234574e-05, 8.82506355993e-05, 7.74279687903e-05, 0.00012663929374, 8.78831997397e-05, 4.66337878606e-05, 8.77087368281e-05, 6.17692567175e-05, 6.77273201291e-05, 6.95232229191e-05, 2.59670123341e-05, 3.9273272705e-05, 6.37178309262e-05, 7.07187718945e-05, 4.43606368208e-05, 5.28782984475e-05, 4.23201199737e-05, 2.73640507658e-05, 6.1213162553e-05, 4.91357495775e-05, 3.7270347093e-05, 1.78626287379e-05, 4.69791921205e-05, 4.01622382924e-05, 1.5567860828e-05, 3.42364146491e-05, 5.48211137357e-05, 3.74223563995e-05, 3.67754255421e-05, 3.9558235585e-05, 4.65178891318e-05, 6.28902271274e-05, 5.15579085913e-05, 3.53792529495e-05, 4.35777837993e-05, 3.76276875613e-05, 2.16013195313e-05, 2.60940942098e-05, 1.63770582731e-05, 1.80720926437e-05, 1.61336356541e-05, 1.71078409039e-05, 2.95837671729e-05, 3.81813588319e-05, 1.99350943149e-05, 1.60112977028e-05, 2.24228897423e-05, 1.68882306752e-05, 1.22985202324e-05, 1.21501470858e-05, 1.23609424918e-05, 1.38278537634e-05, 1.18628122436e-05, 9.36616015679e-06, 7.29225394025e-06, 7.34132754587e-06, 8.38344385556e-06, 6.18560761723e-06, 5.74497698835e-06, 5.82007851335e-06, 4.43825456387e-06, 4.500157047e-06, 4.00335602535e-06, 3.54340022568e-06, 3.5697257772e-06, 3.90694776797e-06, 3.17085846291e-06, 3.94910057366e-06, 4.08401319874e-06, 3.5115835999e-06, 3.98948395741e-06, 3.63322465091e-06, 3.32857189278e-06, 2.94327082884e-06, 2.55959844253e-06, 2.09616700886e-06, 1.75380114342e-06, 1.20715401408e-06, 9.72532575361e-07, 7.79463675826e-07, 7.75202749992e-07, 6.45746695227e-07, 5.30436125246e-07, 4.59164255062e-07, 3.85064851116e-07, 3.63384742741e-07, 3.20563771083e-07, 2.70241059752e-07, 2.16023650523e-07, 1.5868589287e-07, 1.28993988824e-07, 1.32310674417e-07, 1.10786707808e-07, 8.54936033079e-08, 6.56222951534e-08, 6.22139140205e-08, 5.83549280009e-08, 5.34503570293e-08, 4.52562431974e-08, 3.6064644604e-08, 2.97511739689e-08, 2.47498448402e-08, 2.14149622479e-08, 1.8974224858e-08, 2.15424282857e-08]
    },
    "mfcc": {
        "mean": [-646.459960938, 104.718650818, 7.01397418976, 45.8312759399, 15.2496366501, 14.8007545471, 6.61986494064, 10.1958370209, 2.81983089447, 6.24383926392, 0.49897351861, 5.8065495491, 0.737682044506],
        "cov": [[20460.890625, -1798.20617676, -1986.50720215, -572.618469238, -725.827575684, -284.240783691, -451.507476807, -82.6113357544, -91.7122802734, 101.132843018, -120.710342407, 236.124603271, 55.7183074951], [-1798.20617676, 1637.60302734, -82.2096939087, 103.85811615, 35.6882591248, -2.39654970169, 65.5119934082, 87.82396698, 26.7940826416, 21.7955303192, 84.7089385986, -2.4677259922, 17.3978996277], [-1986.50720215, -82.2096939087, 902.57019043, 119.214179993, 153.039474487, 29.9798583984, 88.4715576172, 15.3429231644, -2.83109045029, 13.3733329773, 0.540255784988, -18.6584014893, -29.4327659607], [-572.618469238, 103.85811615, 119.214179993, 479.382843018, 77.7348327637, 84.9707946777, -8.30993843079, -6.48481702805, 18.0986022949, -10.2453136444, -7.32901859283, -23.1373138428, 14.2100715637], [-725.827575684, 35.6882591248, 153.039474487, 77.7348327637, 272.558135986, 9.0106306076, 10.8048944473, 12.9114370346, 15.8722057343, 32.7078742981, 5.31813526154, 16.8965740204, 7.3114361763], [-284.240783691, -2.39654970169, 29.9798583984, 84.9707946777, 9.0106306076, 217.289810181, 87.9466094971, 20.8809051514, 20.3530349731, -2.45235514641, 14.1659555435, -9.03534698486, -4.5734577179], [-451.507476807, 65.5119934082, 88.4715576172, -8.30993843079, 10.8048944473, 87.9466094971, 194.231582642, 88.6166915894, 31.3659439087, 6.8217716217, 31.2416286469, -4.69338417053, -11.8537015915], [-82.6113357544, 87.82396698, 15.3429231644, -6.48481702805, 12.9114370346, 20.8809051514, 88.6166915894, 138.669143677, 42.1994171143, 17.3281574249, 13.9801778793, 8.66546821594, -3.24618625641], [-91.7122802734, 26.7940826416, -2.83109045029, 18.0986022949, 15.8722057343, 20.3530349731, 31.3659439087, 42.1994171143, 101.299880981, 32.5958099365, 17.5615367889, 4.21945571899, 6.54680490494], [101.132843018, 21.7955303192, 13.3733329773, -10.2453136444, 32.7078742981, -2.45235514641, 6.8217716217, 17.3281574249, 32.5958099365, 96.2342910767, 38.89012146, 19.3681087494, -1.85600614548], [-120.710342407, 84.7089385986, 0.540255784988, -7.32901859283, 5.31813526154, 14.1659555435, 31.2416286469, 13.9801778793, 17.5615367889, 38.89012146, 94.2392807007, 33.2065391541, -2.62372207642], [236.124603271, -2.4677259922, -18.6584014893, -23.1373138428, 16.8965740204, -9.03534698486, -4.69338417053, 8.66546821594, 4.21945571899, 19.3681087494, 33.2065391541, 78.3604812622, 24.9189491272], [55.7183074951, 17.3978996277, -29.4327659607, 14.2100715637, 7.3114361763, -4.5734577179, -11.8537015915, -3.24618625641, 6.54680490494, -1.85600614548, -2.62372207642, 24.9189491272, 74.3949966431]],
        "icov": [[8.56784463394e-05, 9.30643145693e-05, 0.000164485318237, -1.20273416542e-05, 0.000160924828378, 3.57699391316e-05, 7.06250866642e-05, -9.12083414732e-05, 9.22953840927e-05, -0.000221963447984, 0.000174409564352, -0.000279355153907, 6.11588111497e-05], [9.30643145693e-05, 0.00080281595001, 0.000295279256534, -0.000201226110221, 5.93846998527e-05, 0.000239789733314, 6.9475129294e-07, -0.000548900919966, 0.000245658884523, -0.000122343641124, -0.000648972869385, 0.000196672364837, -0.000230559016927], [0.000164485318237, 0.000295279256534, 0.0016969833523, -0.000362183054676, -0.000395122740883, 0.000377491378458, -0.000808798358776, 0.000130044019897, 0.000456359965028, -0.000575716898311, 0.000418388954131, -0.000363926723367, 0.000569284311496], [-1.20273416542e-05, -0.000201226110221, -0.000362183054676, 0.00265548774041, -0.00063146953471, -0.0013113101013, 0.00108796241693, -0.000129915715661, -0.000496411812492, 0.000571407261305, -0.000258696149103, 0.00102234585211, -0.000738939037547], [0.000160924828378, 5.93846998527e-05, -0.000395122740883, -0.00063146953471, 0.00481467880309, 0.000107743471744, 0.000124341968331, -0.000244609109359, 3.56436771654e-06, -0.00193636410404, 0.00124230165966, -0.0017927326262, -3.18612583214e-05], [3.57699391316e-05, 0.000239789733314, 0.000377491378458, -0.0013113101013, 0.000107743471744, 0.00652835192159, -0.00364360073581, 0.00127618538681, -0.000547163537703, 0.000144381148857, -0.000182257033885, -3.23684689647e-05, 0.00023899525695], [7.06250866642e-05, 6.9475129294e-07, -0.000808798358776, 0.00108796241693, 0.000124341968331, -0.00364360073581, 0.0106028662995, -0.00596137391403, -0.000198311390704, 0.00127450295258, -0.00301611283794, 0.00174652214628, -2.99082948914e-05], [-9.12083414732e-05, -0.000548900919966, 0.000130044019897, -0.000129915715661, -0.000244609109359, 0.00127618538681, -0.00596137391403, 0.0122193666175, -0.00348881189711, -0.000678203767166, 0.00204838602804, -0.00209621922113, 0.00102324318141], [9.22953840927e-05, 0.000245658884523, 0.000456359965028, -0.000496411812492, 3.56436771654e-06, -0.000547163537703, -0.000198311390704, -0.00348881189711, 0.0131086809561, -0.00406473362818, -0.000696108327247, 0.00114655029029, -0.00173259538133], [-0.000221963447984, -0.000122343641124, -0.000575716898311, 0.000571407261305, -0.00193636410404, 0.000144381148857, 0.00127450295258, -0.000678203767166, -0.00406473362818, 0.0152552109212, -0.00586737692356, -2.85131718556e-05, 0.000771505292505], [0.000174409564352, -0.000648972869385, 0.000418388954131, -0.000258696149103, 0.00124230165966, -0.000182257033885, -0.00301611283794, 0.00204838602804, -0.000696108327247, -0.00586737692356, 0.0175378769636, -0.00810420978814, 0.00295953359455], [-0.000279355153907, 0.000196672364837, -0.000363926723367, 0.00102234585211, -0.0017927326262, -3.23684689647e-05, 0.00174652214628, -0.00209621922113, 0.00114655029029, -2.85131718556e-05, -0.00810420978814, 0.0201323870569, -0.00694587407634], [6.11588111497e-05, -0.000230559016927, 0.000569284311496, -0.000738939037547, -3.18612583214e-05, 0.00023899525695, -2.99082948914e-05, 0.00102324318141, -0.00173259538133, 0.000771505292505, 0.00295953359455, -0.00694587407634, 0.0164765976369]]
    },
    "spectral_contrast_coeffs": {
        "mean": [-0.693840384483, -0.745483636856, -0.763820290565, -0.777661442757, -0.780093371868, -0.743281185627]
    },
    "spectral_contrast_valleys": {
        "mean": [-6.63174295425, -7.38678836823, -8.01373386383, -7.97476148605, -7.44474601746, -10.2891712189]
    }
},
"rhythm": {
    "beats_count": 320,
    "beats_loudness": {
        "mean": 0.0829901695251
    },
    "bpm": 90.0684051514,
    "bpm_histogram_first_peak_bpm": 91,
    "bpm_histogram_first_peak_weight": 0.450980365276,
    "bpm_histogram_second_peak_bpm": 77,
    "bpm_histogram_second_peak_spread": 0.461538493633,
    "bpm_histogram_second_peak_weight": 0.0219435729086,
    "danceability": 1.25185835361,
    "onset_rate": 2.9596991539,
    "beats_loudness_band_ratio": {
        "mean": [0.773798882961, 0.0709254220128, 0.0464911684394, 0.0320125594735, 0.0445232614875, 0.0541042760015]
    },
    "beats_position": [0.684988677502, 1.369977355, 2.03174591064, 2.69351458549, 3.36689329147, 4.02866220474, 4.69043064117, 5.36380958557, 6.03718805313, 6.6989569664, 7.36072540283, 8.03410434723, 8.70748329163, 9.38086128235, 10.0542402267, 10.7276191711, 11.3777770996, 12.0395460129, 12.7129249573, 13.3979139328, 14.0712919235, 14.7446708679, 15.4180498123, 16.0914287567, 16.7648067474, 17.4381847382, 18.1115646362, 18.784942627, 19.458322525, 20.1317005157, 20.8050785065, 21.4784584045, 22.1518363953, 22.825214386, 23.4985942841, 24.1719722748, 24.8453502655, 25.5187301636, 26.1921081543, 26.865486145, 27.5388660431, 28.2122440338, 28.8740139008, 29.5357818604, 30.2091598511, 30.8825397491, 31.5443077087, 32.2060775757, 32.8794555664, 33.5528335571, 34.2262115479, 34.8995895386, 35.572971344, 36.2463493347, 36.9197273254, 37.5931053162, 38.2664833069, 38.9398651123, 39.613243103, 40.2866210938, 40.9599990845, 41.6333770752, 42.3067550659, 42.9801368713, 43.6651229858, 44.350112915, 45.0234909058, 45.6968688965, 46.3702468872, 47.0436286926, 47.7170066833, 48.3903846741, 49.0637626648, 49.7371406555, 50.4105224609, 51.0839004517, 51.7572784424, 52.4306564331, 53.1040344238, 53.7774124146, 54.45079422, 55.1241722107, 55.7859382629, 56.4477081299, 57.1210861206, 57.7828559875, 58.4446258545, 59.1180038452, 59.7797737122, 60.4415397644, 61.1149177551, 61.7882995605, 62.4500656128, 63.1118354797, 63.7852134705, 64.4469833374, 65.1087493896, 65.7821273804, 66.4555053711, 67.1288909912, 67.7906570435, 68.4524230957, 69.1141967773, 69.7759628296, 70.4493408203, 71.122718811, 71.7844848633, 72.4462585449, 73.1196365356, 73.7814025879, 74.4431762695, 75.1165542603, 75.7783203125, 76.4400863647, 77.1134643555, 77.7868499756, 78.4486160278, 79.1103820801, 79.7837600708, 80.4571380615, 81.1189117432, 81.7806777954, 82.4540557861, 83.1158294678, 83.77759552, 84.4509735107, 85.112739563, 85.7745132446, 86.4478912354, 87.1096572876, 87.7714233398, 88.4331970215, 89.1065750122, 89.7799530029, 90.4417190552, 91.1150970459, 91.788482666, 92.4502487183, 93.1120147705, 93.7853927612, 94.458770752, 95.1205444336, 95.7823104858, 96.4556884766, 97.1174621582, 97.7792282104, 98.4526062012, 99.1027679443, 99.7761459351, 100.449523926, 101.122901917, 101.784667969, 102.44644165, 103.119819641, 103.781585693, 104.443351746, 105.105125427, 105.778503418, 106.44026947, 107.102035522, 107.763809204, 108.437187195, 109.110565186, 109.783943176, 110.445709229, 111.10748291, 111.780860901, 112.454238892, 113.116004944, 113.777778625, 114.451156616, 115.112922668, 115.774688721, 116.448066711, 117.121452332, 117.783218384, 118.444984436, 119.118362427, 119.780136108, 120.441902161, 121.115280151, 121.788658142, 122.450431824, 123.112197876, 123.785575867, 124.447341919, 125.109115601, 125.782493591, 126.455871582, 127.106025696, 127.779411316, 128.452789307, 129.126159668, 129.78793335, 130.449707031, 131.111465454, 131.773239136, 132.446624756, 133.119995117, 133.781768799, 134.44354248, 135.116912842, 135.790298462, 136.452056885, 137.113830566, 137.787200928, 138.437362671, 139.110748291, 139.784118652, 140.445892334, 141.107666016, 141.769424438, 142.43119812, 143.10458374, 143.777954102, 144.451339722, 145.113098145, 145.774871826, 146.448257446, 147.121627808, 147.783401489, 148.445159912, 149.118545532, 149.780319214, 150.442077637, 151.115463257, 151.777236938, 152.438995361, 153.112380981, 153.785751343, 154.459136963, 155.120910645, 155.782669067, 156.444442749, 157.106216431, 157.756362915, 158.418136597, 159.079910278, 159.741668701, 160.403442383, 161.053604126, 161.715377808, 162.37713623, 163.027297974, 163.700683594, 164.350830078, 165.01260376, 165.674377441, 166.324539185, 166.986297607, 167.648071289, 168.309844971, 168.971603394, 169.621765137, 170.283538818, 170.945297241, 171.607070923, 172.268844604, 172.919006348, 173.580764771, 174.242538452, 174.904312134, 175.566070557, 176.227844238, 176.88961792, 177.539764404, 178.201538086, 178.863311768, 179.513473511, 180.175231934, 180.837005615, 181.487167358, 182.148925781, 182.810699463, 183.472473145, 184.134231567, 184.796005249, 185.446166992, 186.107940674, 186.758087158, 187.41986084, 188.081634521, 188.743392944, 189.405166626, 190.066940308, 190.72869873, 191.390472412, 192.052246094, 192.702392578, 193.36416626, 194.025939941, 194.676101685, 195.337860107, 195.999633789, 196.661407471, 197.323165894, 197.973327637, 198.635101318, 199.296859741, 199.958633423, 200.620407104, 201.282180786, 201.943939209, 202.594100952, 203.267486572, 203.917633057, 204.556182861, 205.334060669, 206.123535156, 206.936233521, 207.748931885, 208.503585815, 209.258224487, 210.036102295, 210.813964844, 211.557006836, 212.300048828, 213.077911377, 213.855773926, 214.633651733],
    "bpm_histogram": [0, 0, 0, 0, 0, 0, 0, 0, 0, 0, 0, 0, 0, 0, 0, 0, 0, 0, 0, 0, 0, 0, 0, 0, 0, 0, 0, 0, 0, 0, 0, 0, 0, 0, 0, 0, 0, 0, 0, 0, 0, 0, 0, 0, 0, 0, 0, 0, 0, 0, 0, 0, 0, 0, 0, 0, 0, 0, 0, 0, 0, 0, 0, 0, 0, 0, 0, 0, 0, 0, 0, 0, 0, 0, 0.00626959232613, 0, 0.00313479616307, 0.0188087765127, 0, 0, 0.00626959232613, 0.00626959232613, 0, 0, 0, 0, 0, 0, 0.0125391846523, 0.416927903891, 0, 0.460815042257, 0.0658307224512, 0, 0.00313479616307, 0, 0, 0, 0, 0, 0, 0, 0, 0, 0, 0, 0, 0, 0, 0, 0, 0, 0, 0, 0, 0, 0, 0, 0, 0, 0, 0, 0, 0, 0, 0, 0, 0, 0, 0, 0, 0, 0, 0, 0, 0, 0, 0, 0, 0, 0, 0, 0, 0, 0, 0, 0, 0, 0, 0, 0, 0, 0, 0, 0, 0, 0, 0, 0, 0, 0, 0, 0, 0, 0, 0, 0, 0, 0, 0, 0, 0, 0, 0, 0, 0, 0, 0, 0, 0, 0, 0, 0, 0, 0, 0, 0, 0, 0, 0, 0, 0, 0, 0, 0, 0, 0, 0, 0, 0, 0, 0, 0, 0, 0, 0, 0, 0, 0, 0, 0, 0, 0, 0, 0, 0, 0, 0, 0, 0, 0, 0, 0, 0, 0, 0, 0, 0, 0, 0, 0, 0, 0, 0, 0, 0, 0, 0, 0, 0, 0, 0, 0, 0, 0, 0, 0, 0, 0, 0]
},
"tonal": {
    "chords_changes_rate": 0.0682748258114,
    "chords_number_rate": 0.00258453586139,
    "chords_strength": {
        "mean": 0.488306373358
    },
    "hpcp_crest": {
        "mean": 13.6843500137
    },
    "hpcp_entropy": {
        "mean": 1.99498093128
    },
    "key_edma": {
        "strength": 0.819831311703,
        "key": "C",
        "scale": "major"
    },
    "key_krumhansl": {
        "strength": 0.810416400433,
        "key": "C",
        "scale": "major"
    },
    "key_temperley": {
        "strength": 0.801755070686,
        "key": "G",
        "scale": "major"
    },
    "tuning_diatonic_strength": 0.650433838367,
    "tuning_equal_tempered_deviation": 0.063504345715,
    "tuning_frequency": 438.731048584,
    "tuning_nontempered_energy_ratio": 0.714989900589,
    "hpcp": {
        "mean": [0.121744945645, 0.0808210074902, 0.0466953255236, 0.0512374602258, 0.0595567151904, 0.111221924424, 0.167171895504, 0.118508987129, 0.106687419116, 0.142970070243, 0.0953718051314, 0.0511749610305, 0.0506445467472, 0.0433697588742, 0.0679509937763, 0.136648729444, 0.119279101491, 0.0630779564381, 0.0552007630467, 0.0502379573882, 0.0660719200969, 0.114027895033, 0.106123074889, 0.0604461580515, 0.0528414845467, 0.0496979169548, 0.0685294643044, 0.11398242414, 0.121976837516, 0.23300807178, 0.329071074724, 0.177136301994, 0.0526544563472, 0.044907271862, 0.0529846437275, 0.0980830788612]
    },
    "chords_histogram": [29.5929355621, 9.06741333008, 9.17510223389, 1.50764596462, 1.24919235706, 1.3999569416, 0.366142570972, 0.0430755987763, 6.84902000427, 0.323066979647, 0, 0.387680381536, 0.193840190768, 0.53844499588, 0.258453577757, 4.80292892456, 0.129226788878, 1.95993971825, 0.861511945724, 0.279991388321, 0, 6.54749107361, 14.3441743851, 10.1227655411],
    "thpcp": [1, 0.538291931152, 0.160009369254, 0.136466786265, 0.161012768745, 0.29806047678, 0.369965493679, 0.245603501797, 0.141900420189, 0.155703321099, 0.180984348059, 0.337987542152, 0.508011519909, 0.360131889582, 0.32420784235, 0.434465616941, 0.28982129693, 0.155513390899, 0.153901547194, 0.131794497371, 0.206493362784, 0.415255963802, 0.362472146749, 0.191684901714, 0.167747229338, 0.15266597271, 0.200783133507, 0.346514493227, 0.322492867708, 0.183687239885, 0.160577729344, 0.151024878025, 0.20825125277, 0.346376299858, 0.370670199394, 0.70807826519],
    "chords_key": "G",
    "chords_scale": "major"
}
}